0.882266
0.527688
1.93518
2.17749
0.656018
0.283537
0.937803
1.31632
0.869808
0.190037
0.355991
0.421197
1.54636
0.346951
0.186805
1.34109
0.709919
0.404493
0.511264
1.10962
0.429109
1.6062
1.17884
0.478323
0.531699
0.797716
0.682716
0.215881
0.575951
0.740986
1.57946
0.293969
0.807935
0.331954
1.76412
0.621001
0.295061
0.156655
0.626995
0.297045
0.433673
0.918978
0.566141
1.75313
1.03401
0.443531
0.767523
0.232067
0.291295
0.551652
1.64082
0.493958
1.49454
0.58971
0.290002
1.42131
0.324872
1.43918
2.12995
0.819138
2.10068
0.844462
0.2162
0.854819
1.10134
0.875641
0.843478
0.666282
0.429866
1.78846
0.220107
1.37598
0.55348
0.448542
0.482344
0.589036
1.32738
0.570058
0.982517
0.703081
0.349333
0.404988
1.612
0.211164
0.347343
0.451665
0.466927
0.388808
0.813795
0.202543
0.759137
0.154396
0.48001
0.700936
1.63126
0.849621
0.554177
3.04832
0.569108
0.619379
0.274994
1.42208
0.559796
1.56205
1.45256
1.5097
1.27661
0.236573
0.739538
0.147091
0.540284
0.490799
1.89323
0.975173
0.759063
0.921954
0.840372
0.739805
0.955075
0.127986
0.817771
0.960826
0.401254
0.716702
0.376333
0.366303
0.190461
0.382821
0.951773
0.855239
1.39737
1.1003
0.36307
0.49368
0.191741
0.962743
1.10022
0.450552
0.237938
0.530914
0.678611
0.500428
0.660089
1.98984
0.67449
1.88523
1.34327
1.87397
0.263325
1.131
0.33307
0.937465
1.32076
0.337272
0.800205
0.491525
0.467837
0.340392
0.290296
0.953638
1.17785
0.540484
1.01206
0.48428
1.01392
0.425716
1.64976
0.2707
1.01517
1.94052
0.297815
0.422444
0.369961
0.503689
0.479337
0.446891
0.467
0.597982
0.290069
0.854039
1.82564
0.776972
0.452895
0.207011
0.952297
0.438694
0.520671
4.2581
0.440396
0.44403
1.34942
1.93484
0.243468
0.329383
1.09496
1.26364
1.01901
1.50026
0.494377
0.0593105
0.659202
0.611842
0.859152
0.781203
0.940505
1.16903
0.466467
0.766665
0.263837
0.636993
0.980008
0.641611
0.767486
1.49518
0.716611
0.192701
1.39716
0.611771
0.68669
0.539204
0.740924
0.568098
0.368077
0.191934
0.669049
0.278874
0.235732
1.07874
1.14573
1.17442
0.517374
0.27196
0.622809
0.250916
1.65301
0.345214
0.524598
0.409289
0.71732
0.718208
1.08876
0.436677
0.760905
0.898771
0.445949
0.743703
0.774046
0.850185
0.971746
2.65392
0.804512
0.42042
1.31217
0.766655
0.258972
0.374008
0.533405
0.289573
0.289893
1.73184
0.673117
1.19364
3.17905
0.595228
0.322121
1.24942
0.518284
0.85799
0.673857
0.67963
0.728939
0.117369
0.706696
1.11344
1.0434
0.341709
0.472788
0.862779
1.05474
0.374892
0.19323
1.07256
0.294096
1.4677
0.705025
1.95844
0.61746
0.455973
0.594813
1.41082
0.578074
0.205787
0.396432
1.02034
0.362922
0.609416
0.371295
1.44304
1.2813
0.92078
0.712453
0.322046
1.11441
1.20537
0.450579
0.703528
0.577076
0.731345
0.247559
0.972858
2.41405
2.19217
1.71548
0.947447
0.513591
0.53114
0.522103
0.30668
0.718113
0.88406
0.328328
0.269965
0.173279
1.11082
0.669338
0.950304
0.613237
0.501385
1.58031
0.80759
2.1638
0.782871
1.24608
0.64719
1.03398
0.921277
0.312399
1.47644
1.02294
0.735151
0.768643
0.642866
0.755428
0.332895
0.917663
0.422605
1.09718
0.896988
0.96952
0.457892
0.446462
0.216797
0.315485
0.641875
0.323561
0.343588
1.12962
0.635827
0.212876
0.619752
0.896943
6.0766
1.66794
3.28863
0.654145
0.397985
0.694643
0.537242
0.77295
0.483953
0.356466
0.371746
0.645426
0.905126
0.989817
0.26552
0.42336
0.909572
0.732164
0.769155
0.339726
0.660385
0.936749
1.16308
0.361937
1.93363
0.27739
0.151628
1.61895
0.66669
1.3167
0.840245
1.10028
0.731581
0.689947
0.765873
2.37331
1.09072
0.387488
0.973725
0.883542
0.622069
0.533266
0.0391442
2.133
0.208266
0.261754
0.803638
0.5631
0.702911
0.49597
0.376136
1.43705
0.762239
1.17533
0.942379
0.4063
0.529095
0.642522
1.00587
1.07131
0.23219
0.658588
0.47469
1.07982
0.328653
0.761146
0.549877
0.36745
0.291703
0.248691
0.448316
0.196209
3.29412
0.664071
1.32956
0.296836
1.09467
0.81363
0.304358
0.475743
0.638484
0.88509
0.726223
0.832958
0.290634
0.855141
0.179905
0.799481
1.60264
0.763997
0.544412
0.845587
1.17633
0.762915
0.692074
0.275401
0.498216
0.997097
0.556304
0.525826
1.46033
0.5329
0.778489
0.261789
0.0973499
0.159498
0.885854
1.36809
0.736207
0.846043
0.637522
0.705463
0.649387
0.27282
0.585527
0.694652
0.172437
0.969145
0.45828
0.429446
0.507008
0.470006
0.322212
0.383544
0.775904
0.414792
0.539728
0.357384
0.414175
0.493233
1.03533
0.629898
0.60399
0.356911
0.71784
0.619311
1.0512
0.356861
0.697976
1.9924
0.421065
0.6161
0.545308
0.695072
1.29693
0.911137
0.643005
1.45091
0.544277
0.57408
0.674993
1.15978
0.226454
0.888367
0.39503
0.863486
0.248435
0.77162
1.00186
2.11478
1.68943
1.06447
0.399402
1.10611
0.845256
0.55691
1.14888
1.10653
0.80193
0.577503
0.569024
0.296471
0.407933
1.93257
0.406329
0.328263
0.506863
0.667576
0.224658
0.388348
0.558876
0.337949
0.424611
0.909744
0.814592
0.825826
0.97615
0.951235
0.761101
0.405539
2.24976
2.27769
0.782223
0.843422
1.46614
0.453051
0.18386
0.767218
0.315777
0.774686
0.850342
1.54032
0.67334
0.391383
0.884627
0.595922
0.46095
1.58084
1.91349
1.30999
0.172519
0.692291
0.398548
0.734214
2.23613
3.91671
0.214432
0.3627
0.197206
0.566698
0.10613
1.03688
1.99417
0.508045
1.04547
0.166781
0.163878
0.450617
0.998368
0.118792
0.39092
0.806694
0.130187
0.291712
0.605654
0.514305
1.78562
1.30906
0.336854
0.590927
0.523198
0.370659
2.05249
0.429292
0.355648
0.765582
0.765763
1.32447
0.820193
0.455709
1.0346
1.32121
2.20842
0.459047
0.843823
0.346781
1.14867
0.164254
0.437656
1.67308
0.553997
1.69773
0.642547
0.714301
0.300526
0.692636
0.901212
0.316405
1.16479
1.38401
1.56941
0.434476
1.18814
0.375267
0.714873
0.74327
1.964
0.89359
0.710283
0.381518
0.869869
0.307023
0.969
0.621297
0.448437
0.63488
0.382215
3.62426
1.13161
1.3826
2.33849
0.965547
0.723266
0.354238
0.543044
2.23006
0.842918
0.4318
0.952294
0.951207
0.601047
0.885371
0.958136
0.576664
0.778888
1.82554
0.623973
0.917932
1.88254
1.9467
0.664501
1.21668
0.871962
0.466856
0.362347
0.736165
1.9869
1.68703
1.55327
0.499066
0.597747
0.594264
0.364501
0.600385
0.705305
0.494614
0.741379
0.735117
0.687653
0.346433
0.648898
1.72508
0.176648
0.621236
1.39143
0.449921
0.484513
0.44982
0.477848
0.298392
0.489852
1.89533
0.842081
0.31767
0.177725
0.790416
0.165025
0.463339
0.674781
1.29352
1.00174
0.147925
0.311827
0.6287
0.368676
0.555041
1.13162
1.22889
0.750906
0.396869
2.16674
0.895144
1.15781
1.09655
0.194335
1.25664
0.319618
0.804559
0.285615
1.06049
1.22224
1.07617
0.576291
2.43423
0.607319
0.196438
0.730285
0.834259
0.819894
0.787632
0.582089
0.769894
0.200041
0.576476
1.34787
0.329442
0.306348
0.433666
0.532724
4.95837
0.485926
0.981445
0.614371
1.31992
1.30898
0.983419
0.337664
0.911619
0.694689
0.501888
1.05479
0.911666
0.328533
1.3815
0.698091
0.664692
0.552536
0.664854
1.04451
2.165
0.690193
0.377062
0.873542
0.505347
1.72364
0.805382
0.29363
0.412198
1.28296
0.294254
0.929736
0.45497
0.718338
0.975202
2.20597
1.62182
0.46244
0.888545
1.09055
0.581209
2.11412
2.04973
0.391353
0.333129
1.16462
0.950028
0.959217
1.06082
0.361728
0.60564
1.04332
0.246234
0.903141
0.798404
1.2936
0.362837
0.747507
1.50622
0.453669
1.81625
0.861207
0.344983
0.35572
0.969941
1.18507
0.411604
0.893062
0.577784
1.98616
1.58025
2.36824
1.01004
0.611368
1.32549
0.72169
0.473892
0.53911
2.08191
0.777803
0.938702
1.40582
1.63047
0.44709
0.523497
0.807576
1.07357
0.748169
0.917334
2.18935
0.651081
0.500774
0.310386
1.40352
0.522034
2.13588
1.00975
0.467527
0.487815
1.4026
1.05545
0.38716
0.859023
0.396612
1.84797
1.0374
0.285269
0.724696
0.893626
0.34896
0.411306
0.476856
0.812156
1.04671
1.04109
0.511885
0.3548
1.30984
0.968427
1.07713
0.384437
1.40501
0.353932
0.715454
0.236304
0.158256
1.41557
0.973106
0.393484
0.261147
1.02316
1.46266
0.478133
1.36964
0.124611
0.69424
0.383437
0.515093
0.142218
1.57736
0.975134
0.718943
1.12764
0.879228
0.439812
0.346017
1.53608
0.499328
0.386535
0.757979
0.848144
1.72251
0.443327
0.71811
0.516094
0.304147
0.739306
0.324861
1.58929
0.08829
0.700397
0.701008
1.14252
0.67092
0.308368
0.960224
0.819469
0.28211
0.44712
0.247578
0.390575
0.710185
0.3379
0.143041
0.451286
0.603133
1.02599
1.4888
1.51983
0.463215
0.443428
0.401326
0.823856
0.685042
1.39759
1.18793
1.10961
0.214108
0.712655
0.229727
0.669399
0.578672
0.985611
0.376953
0.133955
4.73022
0.639124
0.936365
1.94434
0.972537
0.344085
0.265372
1.29523
0.302679
0.430861
0.661535
0.392475
0.454195
1.05927
1.245
1.57466
0.735632
1.92377
1.02087
0.650846
0.151032
0.920151
0.519758
0.869047
0.760687
0.924503
0.669642
0.693839
0.99708
1.65649
0.964601
0.410369
0.615469
0.235179
0.757628
0.752082
1.12472
1.55205
1.48538
0.7898
0.529488
1.99673
0.693696
1.22427
0.658517
0.519704
0.302383
0.832386
1.85578
0.430308
0.965243
0.274571
0.93004
0.0994913
0.622889
0.535191
1.23192
1.37019
0.0287563
0.659102
1.83615
0.550605
0.4597
0.269666
0.322314
1.7886
2.49186
0.547559
0.627697
0.427344
0.556376
0.386386
1.36678
0.887114
0.497506
0.81695
0.830379
0.303411
0.343616
0.232047
1.3599
0.67145
1.24107
0.413276
0.57311
0.498053
0.287322
0.742424
0.360915
0.287176
0.837347
0.448619
0.7129
2.63971
0.549289
0.796569
0.359725
0.376469
0.499841
0.534308
1.33192
0.477025
1.64676
1.24592
1.06673
0.64358
0.318804
0.225083
1.09301
0.907632
1.33636
0.636367
0.436374
0.120172
0.978825
0.331379
0.385799
0.167325
0.851215
0.851684
0.683513
0.521017
0.394413
1.05342
1.3385
0.429555
0.895009
0.515231
0.331099
0.936963
0.296187
0.596892
0.637297
0.487656
0.796208
0.685169
0.312448
0.893169
1.4331
0.675616
0.583994
0.501955
0.233774
1.16684
0.985744
0.65777
0.679965
0.421436
0.616649
0.650445
0.838639
0.407972
1.72411
2.28341
1.58992
0.577923
0.96169
0.886075
0.469034
2.352
0.394429
1.19751
0.279404
0.618821
0.590307
0.739258
0.254926
1.40783
1.0537
1.11879
0.868526
0.507378
1.10249
0.913996
0.47983
0.373102
0.271125
0.331267
1.50097
0.638187
1.46525
0.652733
1.16732
0.259115
1.89724
0.725594
1.57208
1.57995
0.860071
0.732804
0.955371
0.301595
1.9372
0.370876
1.42049
0.351116
0.294079
1.32102
0.658099
1.61853
0.836544
0.978406
0.89675
0.417277
0.855343
1.0793
1.02095
0.746893
2.187
0.494574
0.696942
0.495414
0.903527
0.64459
0.256067
0.389359
0.579915
0.41731
1.11513
2.10855
0.506085
1.51717
0.247704
0.704476
0.607638
0.391776
0.225564
0.344571
1.06969
0.989022
0.610894
0.501526
1.71693
0.405122
0.678114
0.839129
0.554154
2.5553
0.967742
0.435862
0.582605
1.02702
0.996572
1.42653
0.681747
0.496144
0.835592
0.413987
1.00042
0.958563
0.562084
0.858088
0.541412
0.375658
0.336569
0.588829
0.903593
0.164533
0.89313
0.914349
0.330941
1.29699
0.339169
0.337449
0.547482
0.881827
2.00988
1.05326
1.39924
1.79287
0.918046
0.471718
0.270125
1.34468
0.798608
1.11624
1.57803
0.256814
0.859303
0.391326
0.614743
0.637148
0.506397
1.49084
0.425998
0.756418
1.59643
0.949018
0.445046
0.508293
0.318617
2.36477
1.08249
0.671566
0.637294
0.701651
0.804566
0.292499
0.717834
0.467599
0.348987
0.585963
0.391617
0.87185
1.43866
0.646066
0.581959
0.56027
0.51835
0.496302
0.612744
0.466186
0.359954
0.778137
1.14532
1.25762
0.660146
1.87502
0.686703
2.1033
0.782145
0.647441
1.16227
3.272
0.275004
0.695479
0.729647
0.454108
0.38584
0.801123
0.688122
1.73459
0.892409
0.56628
1.78922
2.7105
1.12035
0.463938
0.434202
0.973441
0.755667
0.406564
0.693192
0.467464
0.128309
0.510649
0.940422
0.574115
0.139018
0.290875
0.831693
0.575731
0.506447
0.241442
0.703065
0.255523
1.33198
0.619047
1.1932
0.64166
0.748272
0.785323
0.498432
0.402501
0.258309
0.135835
0.43275
2.75308
1.10427
0.811662
1.32148
1.24445
0.217313
0.799104
0.937275
0.449514
0.420182
1.52037
0.356203
0.701792
2.63264
0.602275
0.527515
1.2436
0.974172
0.330804
1.30818
0.281799
0.669289
0.666993
0.956225
1.29295
0.770237
0.440181
0.947288
1.24066
0.873055
0.222843
0.282997
0.456526
0.251206
0.659824
0.347112
0.985705
0.496971
1.2502
0.568867
0.451379
0.805817
0.484827
0.275843
1.7657
0.855967
0.511607
0.0976121
0.552483
1.02923
0.704904
1.05227
0.955548
0.84201
0.9489
0.970477
0.190132
2.73927
0.186139
0.316341
1.43036
0.334787
0.504363
0.348388
1.31189
0.444926
0.45535
0.632929
0.985379
1.13522
0.766339
0.972268
0.475554
0.464655
1.18366
0.590468
0.123298
0.683904
0.833536
0.572453
0.308144
0.487302
0.534692
0.31395
0.86957
0.692598
0.433027
0.896395
0.640468
1.28605
0.746876
0.245321
0.538115
0.709739
0.465236
0.446369
0.497802
0.364893
0.214169
0.18831
0.443068
0.411103
0.780549
0.277068
1.91807
0.179989
0.832953
0.513303
2.02815
0.510161
0.339232
0.426739
0.520938
0.75537
0.792642
0.384319
1.66031
0.751572
0.824552
0.430721
0.945071
0.390656
0.548662
0.486438
0.696389
0.410134
0.270298
0.233768
2.0131
0.165891
0.469218
0.486569
2.20807
0.2843
0.618347
0.490502
0.714615
0.538336
0.444012
0.417754
0.121868
0.638226
0.681687
0.878481
1.86769
0.784877
1.02079
0.374449
0.374616
0.86433
0.728578
0.548973
0.336015
1.01412
0.421502
0.479598
0.328459
0.154769
0.899586
0.407188
1.47456
0.38956
0.472206
0.38692
0.702556
0.526316
1.43862
1.54954
1.75281
0.589071
0.43486
0.823131
0.436449
0.527823
0.146568
0.809471
1.33164
0.460582
0.366148
0.499345
0.641532
0.694593
0.420042
1.73306
0.143098
2.34632
1.56035
0.468962
1.09768
1.80536
0.794101
0.24199
0.638083
0.44059
0.376946
0.663523
0.44704
0.311024
0.833331
0.408698
1.04783
1.03149
0.89931
0.960308
1.52213
1.6391
0.679132
1.46046
0.68897
0.64515
1.2062
1.06125
0.641632
1.22377
0.4944
1.03219
0.292212
0.423042
0.831518
0.715142
0.409159
1.00787
0.368855
1.09636
0.321153
0.575301
0.407447
0.760852
0.456442
0.423867
1.5408
1.19813
1.12098
0.211583
0.401713
0.43613
0.650442
0.561597
1.1856
1.79429
0.837829
0.909843
0.535245
0.546415
0.278887
0.243165
0.647215
0.466486
1.18233
0.782322
0.55887
1.06729
0.602802
0.249644
0.663608
0.515293
0.933572
1.26048
1.4279
0.745678
0.710487
0.89664
1.01935
1.03457
0.878282
1.08434
0.689822
0.301997
0.427997
0.430881
0.616068
0.460363
0.532504
0.863684
1.98481
0.94076
4.10521
0.958991
0.534033
0.646724
0.636018
0.370216
1.67653
1.0481
0.521315
0.875402
0.420499
0.441525
6.15463
1.38898
0.46025
0.605388
0.769787
1.01878
1.34734
2.25051
0.641311
0.910351
0.256908
0.216956
0.638155
0.49505
1.39944
1.26116
1.72902
1.13981
0.348936
0.391681
2.05578
0.425281
0.770971
0.819045
0.620637
0.453466
0.396976
1.80546
1.47657
2.54398
1.11364
0.565555
0.159685
1.20328
0.203513
0.571054
0.311684
1.04039
1.47733
1.13417
0.435204
0.249698
0.265289
0.452171
0.731792
0.604986
0.391526
0.655412
1.18588
1.47017
1.40309
0.645421
0.901297
0.719389
0.743933
0.349188
0.576561
0.214391
0.917912
0.671005
0.517209
0.95614
1.12424
0.419295
0.471095
0.318181
0.242848
0.475892
1.12785
0.739083
0.629731
0.363295
0.600947
0.312723
0.806831
0.620501
1.58552
0.286553
1.15649
0.704289
0.876594
0.631789
0.35898
1.04348
1.3942
0.896673
0.182835
0.446088
0.910595
0.534982
0.267747
0.447454
1.354
1.44372
0.303641
0.535642
0.898614
0.46296
0.489295
0.694562
0.660357
0.262079
1.25727
1.81853
2.09226
0.87269
0.477718
0.246281
0.726668
0.539918
0.738348
0.532443
0.508611
0.294993
0.330618
0.330712
1.14954
0.514181
0.73601
0.172637
1.07103
0.617425
0.593039
0.620553
0.292167
1.53613
2.02212
0.652234
0.455003
2.22838
0.529228
0.667921
0.58811
1.44367
0.568903
0.608296
0.696709
0.367021
0.325981
0.791851
0.61879
2.78811
1.02654
0.460159
0.810725
0.751733
1.61512
0.645912
0.399188
2.15818
0.729223
0.209616
0.896155
0.300431
1.12398
0.930465
1.00416
1.50274
0.797976
0.958101
0.550152
0.676882
1.54492
1.08148
0.911342
0.227221
0.914767
0.684765
0.782417
0.46828
1.6585
0.626265
1.20025
0.839331
0.659325
0.575549
0.424519
0.267709
1.58416
0.430306
0.802098
1.47259
0.15329
1.84065
1.76942
1.11777
1.5208
0.550286
0.955664
0.778142
0.509628
1.29634
0.819842
0.268843
1.22222
0.284163
0.204334
2.27228
0.825173
0.492192
1.14722
1.89354
0.667877
0.704459
0.559239
0.66568
0.934649
1.12183
0.498162
0.470139
1.30918
0.355004
0.160125
0.753775
0.741835
0.526355
1.12301
0.767191
0.278794
0.64353
0.53355
0.900526
0.740689
0.488804
0.619526
0.487046
1.07353
2.83507
0.816651
0.85281
0.456524
0.406279
1.7243
0.828668
0.408728
0.343404
0.333379
0.941325
0.0603766
1.3785
0.63466
0.417131
0.463658
0.580702
0.549009
0.67148
1.22433
0.387829
0.288003
0.19629
0.512765
1.0806
0.697496
0.247511
0.811282
0.60064
0.204603
1.33546
0.212476
0.278214
0.873375
0.949198
1.40539
1.3488
0.506472
0.745517
0.719604
0.928973
0.870658
1.75197
2.61017
0.517051
0.623444
0.929877
0.915885
0.552434
0.334486
0.633845
0.662408
0.215536
1.05299
0.716008
0.574854
0.450654
0.55412
0.76478
0.281077
0.561678
0.365447
0.396545
0.902557
0.148175
0.382095
1.55557
0.173381
0.224133
0.854386
0.495253
0.927521
0.915584
0.698291
1.37831
2.46725
1.5513
1.41273
0.824034
1.12839
0.41667
1.15827
0.606829
1.94214
0.590487
0.464425
0.724491
0.219555
2.23739
0.319897
0.669965
0.226811
0.503816
1.16242
1.70464
1.55023
1.14065
0.337301
0.399984
1.05737
0.331343
0.860306
0.618147
0.714941
0.957749
0.951448
1.17307
1.29027
0.310646
0.860429
1.27166
1.11228
1.05028
1.2593
0.329055
0.918506
0.751956
2.10127
1.04957
0.329862
0.932801
1.05055
1.18958
1.61431
0.774335
0.40021
0.503718
1.77854
0.756512
0.511682
0.430035
0.418688
0.323811
0.0837973
0.204142
1.64017
2.0455
1.84608
1.0113
1.89607
0.150313
0.266407
1.20163
0.331659
0.341028
0.49116
0.530521
0.921134
0.817889
0.355001
0.653822
0.900048
1.23535
0.656419
2.03223
1.1596
0.35178
0.716348
0.343611
2.38335
0.522172
0.480749
3.99032
0.69445
0.669875
1.28629
0.820633
0.585502
1.2329
1.37113
0.440104
0.601693
0.832578
0.379526
0.18953
1.88002
0.787004
0.252812
0.554001
0.624162
0.990942
0.849066
0.425454
0.596896
0.45654
0.619461
0.265336
0.429976
1.0219
0.757041
0.260217
1.08891
1.36182
0.424161
0.680711
0.324588
0.280227
0.855717
0.483473
0.471622
0.461764
0.771996
1.0806
1.34435
0.276967
0.625406
0.856873
0.512578
0.520388
0.168225
0.349329
0.497425
0.3227
1.19
0.370896
0.222407
0.246232
0.395989
0.527809
0.611398
0.126523
0.15852
0.41753
0.823926
0.981242
1.38726
0.573602
0.540552
0.527241
1.95826
0.112875
0.815206
2.13125
0.517057
0.327294
0.598657
1.10625
0.60708
1.84126
0.607698
0.643787
0.312953
0.471419
0.474201
0.363208
0.574555
0.229484
0.480694
1.32154
1.04397
0.243777
0.278431
0.337148
1.83681
0.805591
1.69601
2.89596
0.620724
0.994765
0.424941
0.343642
0.241318
1.09536
0.902836
0.240453
0.354675
1.85225
1.52377
0.570651
1.5605
0.616758
0.332088
0.520398
0.340946
0.940223
0.207026
0.395859
0.715611
0.449621
0.44587
1.21521
0.247365
0.174733
0.234848
0.193708
0.946674
1.72232
0.332569
0.378933
0.485668
0.426389
0.344569
0.556222
0.569399
0.406569
0.404724
0.414851
0.711198
1.3093
0.706944
0.949483
0.401318
1.42873
0.955092
0.389846
1.61942
0.415235
0.93642
0.194829
1.1728
1.03998
0.391532
0.867947
0.527809
0.783752
0.557301
0.409162
1.94113
0.410981
0.851404
0.157534
0.952937
1.78947
0.370503
0.408028
0.603296
1.46145
0.493659
0.604796
0.26562
0.883798
0.355867
0.525341
0.601923
1.11715
0.449729
0.149942
1.28488
2.40364
0.283591
0.445409
1.08277
1.40688
1.03447
0.325106
1.76671
1.4334
0.720808
0.78112
0.311275
0.304325
1.10926
0.825641
0.571234
0.101581
0.272188
0.665908
0.32733
1.08407
0.552115
0.865876
0.676746
0.200134
0.297248
1.38213
0.382563
0.336351
0.183952
1.00786
0.346715
0.622925
0.383458
0.244233
1.81493
0.636221
0.460923
0.338841
0.708413
0.170438
0.853387
1.11689
1.64252
0.276541
0.810724
1.26095
1.98662
0.89342
0.70557
0.829468
0.757361
1.12647
0.443527
1.04787
0.695311
1.26678
0.356532
0.325299
0.220036
0.302964
1.39658
0.705617
0.327981
0.392893
0.504191
0.701013
1.09029
0.767049
1.04674
1.88922
0.241695
1.48931
0.367141
0.595585
0.462907
1.69276
2.93783
0.832353
1.28198
0.645909
0.844765
0.660859
0.756418
0.822192
0.935418
1.13643
0.901251
0.965838
0.348637
0.367629
1.75334
0.29795
0.67879
0.274068
0.286232
0.750168
0.345966
1.74257
0.274238
0.280718
0.325939
0.422711
0.642145
0.326683
0.634826
0.29797
0.610639
0.305583
1.2968
0.580364
0.947613
0.384221
0.521799
0.528319
0.41413
0.268454
0.571935
1.14775
0.564803
0.609819
0.26161
0.429683
0.520441
0.585949
0.331312
0.532799
0.904946
0.632674
0.584218
1.47543
0.711871
0.657937
0.84587
1.62658
0.186671
0.50996
0.616088
0.724563
0.862945
0.771243
0.400425
0.772099
0.429776
0.401099
0.525774
0.553377
2.89065
0.599862
1.04072
2.25968
0.98178
0.752184
0.703843
0.203155
1.35791
0.268676
4.66648
0.360845
0.284633
0.568607
0.50182
0.317326
0.658481
1.2908
1.00252
1.78428
0.792431
0.81113
1.80675
1.06443
1.02869
0.451658
0.739538
1.42922
0.154074
0.994733
1.07773
0.894264
0.323682
0.311583
0.258526
0.616385
0.838078
0.834293
0.993657
0.426633
1.28349
0.547267
0.081048
0.307146
0.719055
1.06602
0.776591
1.01621
0.819185
0.685804
1.04742
1.34233
1.2872
1.08716
0.275785
0.452121
2.63123
1.10676
0.38723
0.323385
1.73192
0.714272
0.516179
0.23315
0.483739
0.507452
0.334417
0.464267
0.894634
0.262554
0.325257
0.493939
0.268479
0.618497
1.79017
1.16683
1.93631
0.670632
1.29142
0.0562092
0.603483
0.813089
0.457885
0.435999
1.12049
0.413522
0.45504
0.552661
0.810463
1.04929
0.436724
0.232661
0.338136
1.0094
0.553467
0.295739
2.66652
0.294808
0.314974
1.27622
0.315563
0.400041
0.784125
0.220674
0.567419
0.324932
0.877942
0.757858
0.97556
1.25351
0.84346
0.579812
1.40997
0.941568
0.0994009
1.69278
2.91199
0.274559
0.960771
0.492378
1.23919
0.653325
0.453409
0.854029
0.4542
0.377959
0.270356
0.693139
0.986667
0.998885
0.567727
0.922053
1.41243
1.13548
0.418892
0.534391
1.02601
0.467538
0.440082
0.414027
0.370575
0.694851
0.800441
1.99238
0.545584
0.843478
0.420188
0.737932
0.631696
1.0029
1.33269
0.714088
0.763503
0.771765
0.463207
2.34148
0.145259
0.722376
0.61874
0.262833
0.559056
1.14117
1.23438
0.522668
0.853818
0.502723
1.38244
0.259365
0.501453
0.43819
0.420991
0.93395
0.90139
0.833708
0.627593
0.313188
0.61682
0.259843
0.755554
0.654295
0.617594
0.695616
0.394359
0.653536
0.840563
2.78632
0.42232
1.66444
0.595894
0.960892
0.528944
0.901242
0.203011
0.567979
0.772875
1.00306
0.768055
0.702917
0.781158
0.98138
0.907293
1.26722
0.954693
0.364759
1.20499
0.642915
0.815376
0.49728
0.854631
0.724843
0.75627
0.535556
0.743531
0.270029
1.06063
0.738861
1.36904
0.512895
0.351715
0.324642
0.638716
0.701452
0.591732
0.200837
0.852799
0.699117
0.557135
0.636649
0.607501
0.728563
0.237429
0.592208
0.673991
0.739297
0.504164
0.376052
1.03467
0.366752
0.574498
0.290991
0.454443
0.258561
0.470678
0.450847
0.492001
0.605327
2.18775
0.746087
1.29143
0.704165
0.718612
0.389368
0.162371
0.166325
0.962833
0.864322
0.368706
0.783809
0.795708
0.853817
0.367016
1.39338
0.991287
0.653974
0.416493
0.774917
0.774332
2.09149
2.28754
1.04852
0.467579
0.464883
0.52103
2.17382
0.328919
0.59491
0.302582
0.337685
1.1553
0.850496
0.310387
0.542353
0.970376
0.70324
1.08165
1.11413
0.433452
0.793511
0.593074
0.363611
0.115145
0.333431
0.344054
1.76948
0.65444
0.392065
0.656925
0.690042
0.842215
1.35151
0.440799
0.49771
0.799565
0.738708
0.469468
1.59551
0.345339
0.289467
0.455229
1.00973
0.580811
0.375733
1.81901
0.717801
0.731394
0.113662
0.409988
0.889746
0.351537
0.869234
0.504798
0.833369
0.195771
0.443704
2.32492
0.693635
0.978407
0.812063
0.375429
0.239145
0.390695
0.396116
0.329794
0.614429
0.806641
0.204413
0.201347
0.411272
0.313116
0.650216
1.3204
0.520303
0.689622
0.259572
0.548802
0.819509
0.435242
0.278139
1.19183
0.209004
0.831165
0.199704
0.705894
1.00734
0.295159
0.28181
1.22572
0.113369
0.170627
0.494907
0.889385
0.765724
1.26581
0.272511
0.270273
0.66479
0.411937
0.748457
0.731176
0.452648
0.653013
0.924727
1.00386
0.467963
0.1122
1.05278
0.38104
0.382633
0.876392
1.41672
1.35329
0.171342
0.202086
0.888397
1.28365
1.13815
0.187909
0.707402
0.488744
2.88986
0.701913
0.226881
1.10701
0.213591
0.558179
0.63582
0.205544
1.7904
1.76017
1.50733
0.161459
1.38713
0.621954
0.291783
1.28097
1.09933
0.531996
0.251647
0.612491
0.759988
0.532544
0.517738
0.796282
0.44425
2.08815
1.62928
2.42997
0.771455
0.562083
0.703891
0.744934
1.40464
0.300966
1.03414
0.996695
1.70867
1.41456
2.22775
0.609949
0.280617
0.390273
0.397811
0.467825
0.349131
0.515306
0.989668
0.787198
0.571293
0.579084
1.64509
0.692613
1.3819
2.31982
0.520902
0.840665
0.578799
0.745378
1.09411
0.44789
0.0907948
0.85859
0.442862
1.24044
1.0782
0.590151
0.213061
0.596593
0.369046
1.42264
0.333863
1.16395
0.616362
1.0457
1.95278
0.852941
0.830039
1.40819
0.164931
0.608722
0.669198
0.847271
0.241038
0.237186
0.39159
0.464608
1.05537
0.979341
0.390237
0.823477
0.88335
1.07661
0.527684
0.666633
0.602159
0.362155
0.589901
0.885143
0.585604
0.871047
0.552931
0.459457
0.708644
1.03064
0.582218
1.68978
1.33607
2.52156
1.5295
0.303739
1.96522
2.40793
0.849116
0.269613
0.633779
0.883778
0.427733
0.885876
0.5287
1.48374
0.0889632
0.816372
1.05906
0.299049
0.442951
0.424607
0.695156
0.92529
0.933922
0.71776
0.185996
0.360614
0.760497
0.74215
0.292963
0.449602
0.359789
0.312166
0.644043
0.342602
0.393191
0.532276
0.227258
0.330064
0.932826
1.27995
1.52459
3.497
0.60448
0.224637
1.07577
0.702532
1.01323
0.998796
1.29053
0.226029
0.416882
1.20118
0.745919
0.413313
0.267462
0.379933
0.315886
1.00532
0.337399
1.43177
0.587197
0.899254
0.365205
1.39722
0.982229
0.499722
0.265813
0.61216
0.751219
0.239862
1.2621
0.631572
0.712852
0.329528
0.844538
0.182064
0.39857
0.105019
0.766135
0.219666
0.348897
0.33205
2.05578
0.694481
0.379388
0.546682
1.16538
1.33132
1.32157
0.443137
1.61757
1.3042
0.37827
1.13386
5.07959
0.69713
1.22395
0.580174
1.58542
0.310379
0.663629
0.342198
1.82625
0.266215
0.336667
0.599958
0.192454
0.960509
3.0911
4.3431
0.487159
0.693568
0.339262
0.671358
0.115379
1.67332
0.923624
1.3269
0.0975976
0.856428
0.289548
0.627026
0.998186
0.687295
0.977642
1.70554
0.607867
0.33361
1.30332
0.814445
0.424543
0.0933837
1.63612
0.709198
0.482045
0.975941
0.968649
0.577171
0.794287
0.204727
0.970256
0.497502
0.401578
0.830046
0.0725683
0.229726
0.58024
0.285795
0.558943
0.289763
0.556695
0.506218
0.397122
0.158118
1.16528
0.337962
0.4741
1.90272
0.804691
1.26981
1.88205
2.18278
0.82896
0.760948
0.594376
0.646755
0.402715
1.14251
0.941385
0.300483
0.1821
0.639029
0.501125
0.129116
0.946554
0.284126
0.705558
0.473481
1.952
1.70526
2.1498
0.922654
1.73151
0.559443
0.9041
0.427281
0.944582
1.39907
0.146154
0.451355
0.293335
0.894665
0.667797
0.216107
1.61702
1.04332
0.879829
0.637006
0.38007
0.90336
0.334096
0.56893
0.323125
0.236612
0.316424
1.40191
1.11765
0.251607
0.614845
1.0578
0.140943
0.476453
2.80209
0.29047
1.15702
0.902
0.921852
0.986538
2.21961
0.703364
0.836487
0.381067
0.865275
0.345351
1.57927
0.255795
0.521996
0.965802
0.273219
1.37749
0.249466
0.185084
0.206744
1.03168
1.27469
0.436731
0.366033
3.7731
0.250204
0.0954137
0.261087
0.67433
0.936705
0.63426
0.426969
0.751052
0.352041
0.641578
1.19197
0.579511
0.280467
0.171999
1.24473
0.559583
0.729779
0.697315
0.546907
0.323088
0.743242
0.718206
0.393035
0.170096
1.49669
0.149303
0.245189
0.540767
1.29909
2.19709
1.57846
0.655228
0.800647
1.1
0.388465
0.571785
0.368877
0.302367
0.197324
0.987984
0.881511
2.32721
0.517644
0.642885
0.794262
0.796218
0.536783
0.862778
1.48138
0.46373
0.805333
1.59852
0.991611
1.37425
2.08599
0.237464
0.288607
2.08647
0.438462
0.810089
1.15911
0.361318
0.471079
0.932927
0.674376
0.119498
0.520132
0.328748
2.10016
1.26204
3.54177
3.39978
0.562367
0.463997
0.329419
0.269448
0.656043
0.339273
0.348828
2.00191
1.03395
0.483549
0.197513
0.10459
0.477545
0.560372
0.230108
1.1172
0.54925
0.745906
0.982623
1.42626
0.861962
0.389707
1.1068
1.24747
3.74382
0.634336
0.394573
1.1668
0.50543
2.03965
3.44359
1.59779
0.903171
0.455305
0.455687
1.25737
0.309554
0.610011
1.15129
0.541355
0.478606
0.830016
0.283491
0.73251
1.25482
0.700967
1.51502
0.334702
0.874212
1.07264
0.311577
0.404405
0.794712
0.367992
0.829451
0.51469
0.95342
0.338902
1.47203
2.94704
0.403825
1.99644
1.68927
0.481338
0.731972
0.702012
0.6293
0.707487
0.578706
5.83428
0.184188
2.23902
1.28044
0.536925
0.423003
0.760233
0.273712
0.903288
0.366829
1.47862
0.53275
2.30751
0.866767
0.174228
0.511741
0.616749
0.178135
0.513938
2.01047
0.927465
0.366838
0.358105
1.90671
0.77585
0.554137
0.557778
1.20358
0.546215
0.523682
0.586582
0.35062
0.380127
1.33318
1.27954
0.654547
0.643928
0.128387
1.05029
0.584794
0.506451
0.223528
0.494392
0.165735
0.231427
0.655131
0.657351
0.806476
0.29006
0.701319
0.737325
0.671768
0.643158
0.400572
0.680392
1.01196
1.38824
0.268756
0.53063
0.899973
1.90866
0.502071
1.3829
0.359281
0.479639
0.36994
1.32026
0.532816
0.478276
1.20463
1.47518
0.394663
0.623389
0.551877
1.34706
1.00894
0.25294
0.633416
0.865996
0.424058
0.667825
0.902256
1.15122
1.04317
0.453904
0.800132
0.827147
0.286302
0.688443
0.738188
0.576173
0.705347
0.672069
1.64632
1.23038
0.42481
0.339815
0.70859
0.658447
0.428552
1.49154
0.670172
0.84249
0.496263
1.43099
0.373318
0.487258
0.910103
0.623021
0.626629
0.325834
0.487633
0.166363
0.798622
0.791631
0.953051
0.59553
0.201463
1.3621
0.778008
0.626068
1.03391
0.446954
2.7685
0.340334
0.740636
0.369829
0.70857
0.787582
0.105358
1.83765
0.439441
0.871268
0.267657
0.114856
0.456648
1.29698
1.95983
1.02658
1.49639
0.548482
0.747749
1.26876
0.307574
0.615902
0.38413
0.787855
0.803126
0.348674
0.519141
0.542388
1.46903
0.540536
0.211362
1.65639
1.16816
1.43513
0.237274
0.433474
0.201695
0.532092
0.719344
0.347667
1.60011
1.25637
1.34436
0.715737
1.66814
0.695171
0.326194
0.238084
0.820741
0.35469
0.864564
0.394576
1.15028
0.776794
0.471939
2.19484
0.744115
0.474882
0.981861
0.201741
0.693222
1.75795
0.917792
0.472944
1.60149
1.80369
0.371471
1.28997
0.176902
0.399314
1.16503
0.398457
0.894965
0.552379
0.92228
0.919259
0.600303
0.667703
1.54325
0.671933
0.552316
0.797509
0.0629714
0.717467
1.82958
0.704104
4.82395
1.15348
0.40409
0.283025
0.612543
2.07663
0.575144
1.54483
0.541056
1.50651
0.694903
0.244045
0.59061
0.774846
0.45623
0.325594
0.867507
0.16387
0.454628
0.502333
0.487752
0.0455354
0.269574
0.552622
0.566252
0.657778
1.68844
0.670115
0.828205
0.118313
0.559584
1.11529
0.900525
0.366664
0.749013
0.769335
0.330902
0.342584
0.465842
0.482096
0.391361
0.747707
1.72829
1.04928
0.32335
1.15978
0.272438
0.755966
0.35716
0.523321
0.767619
0.278326
0.369333
0.312778
0.72234
1.24087
2.09405
0.200007
1.29853
1.04197
0.511788
0.632562
0.333596
0.531317
0.935046
0.551441
0.615015
2.02295
0.72243
0.2779
1.25843
1.61235
2.62314
0.253772
0.39558
0.820322
1.55833
0.781509
0.58079
1.32968
0.234505
1.03273
1.48772
0.825409
0.150444
1.20762
0.740315
0.948702
0.736734
0.413327
0.178525
0.910372
0.790826
0.924927
1.18657
0.232038
2.16947
0.0914584
0.337125
1.40051
0.538181
0.421893
2.02387
1.62511
1.40891
1.40518
0.718478
1.10929
0.524546
0.386659
0.685178
1.1085
0.29463
0.662338
0.258124
0.683404
0.570453
1.06627
1.97158
0.82021
0.959612
0.60449
1.81327
0.904937
1.81692
0.855678
1.01112
0.621575
0.400265
1.47057
0.435203
2.51931
0.47713
0.288025
1.07619
0.502933
1.88884
1.71925
0.60451
2.20219
0.722174
3.23362
0.683781
0.593947
0.618815
0.638836
1.91186
0.750915
1.71793
0.300092
0.643825
1.10162
0.429175
1.12556
0.30823
0.489224
0.580783
0.535988
0.602157
1.7621
0.765004
0.261706
0.452975
0.453775
0.634089
0.861163
0.292184
0.342671
3.15494
0.941508
0.370939
1.18303
0.360435
0.503072
0.545708
0.730711
1.4332
0.799732
0.212059
0.351259
0.740481
0.610533
0.2391
1.44801
0.551246
1.24126
0.561834
0.380957
1.14585
0.77993
2.11092
0.412535
0.354929
0.333337
0.283982
3.14521
0.2081
0.50342
1.13958
0.466794
1.01711
1.5369
0.434888
0.718262
0.907379
0.80798
0.730481
0.447886
0.373468
2.203
1.97248
0.354259
0.785366
0.552752
0.896837
0.392022
0.639625
0.495794
1.85446
1.19834
0.541307
0.781231
0.516505
0.184098
0.568811
0.758925
0.881062
0.597349
0.50282
0.176399
0.243994
0.60275
0.227582
1.10066
0.821971
1.5725
0.390694
3.53795
0.784119
1.23958
0.845321
0.749647
0.193418
0.291719
0.868536
0.811631
0.360437
1.84405
1.2981
1.07219
0.401409
0.4429
1.53707
0.265463
0.279407
0.704328
1.70634
1.22373
1.02965
0.419555
0.909622
1.07891
0.338193
0.635861
0.71252
0.541301
1.13469
0.413075
0.493721
0.205306
0.227371
0.956018
0.235937
0.522116
1.17619
0.895602
0.677547
0.23637
0.428738
0.347867
1.41175
0.283396
0.176642
0.45216
3.04663
0.401023
1.05143
0.662982
0.652989
0.763578
1.04779
1.93792
1.20776
0.286056
0.264169
0.968525
2.24108
1.48817
0.818678
1.22431
0.6457
0.580891
0.757438
0.567154
0.911221
3.04382
0.296701
0.96996
0.898231
0.57367
1.42394
0.365543
0.461103
0.559332
0.190514
1.90351
0.672816
2.06833
0.148727
0.442011
1.38465
0.697856
0.537506
0.403349
0.673499
0.662012
0.698427
0.503829
1.35022
0.0284604
1.15025
0.547874
2.59094
1.28806
1.31021
0.940727
1.29536
0.543656
0.394486
0.548417
0.458585
1.27119
0.903354
0.549868
2.00169
0.62793
0.686407
0.176963
1.49341
2.06297
0.453955
0.990072
0.689933
2.63157
0.202378
0.179356
0.291853
0.899326
0.854085
0.796828
1.03328
0.446871
0.368348
0.492632
0.13112
0.470364
0.328734
1.32733
0.483314
0.255887
1.46159
0.478804
1.2931
1.03369
0.668879
0.608264
1.31159
1.14699
1.15005
0.520587
0.170088
0.389181
0.578186
1.29859
0.662174
1.25729
0.638235
0.515321
1.8243
0.487427
1.32005
0.255508
0.329789
0.822535
0.935017
0.899966
0.354749
0.458769
0.195091
1.20981
0.408352
0.102942
0.885873
0.594923
0.331599
0.190247
0.540286
1.20562
0.583276
0.975283
0.565662
0.754338
0.386091
3.4972
0.450738
0.482783
0.327495
0.277395
0.530276
0.129179
0.643507
3.34093
1.57823
1.63651
0.22377
1.1629
0.371003
0.520499
0.243198
0.989799
0.352639
0.842271
1.38461
0.601679
0.436285
4.86383
1.24174
1.11406
0.426145
0.972883
0.521867
0.883441
1.49917
0.271123
0.385406
0.853993
0.612187
1.24063
0.206681
0.239232
1.128
0.573494
0.452412
0.408926
0.812284
0.472875
0.277231
0.854823
1.14145
1.67224
0.802402
0.785639
4.22598
0.577944
1.53618
0.823546
0.924138
0.344964
0.373206
0.504266
0.883243
0.472509
2.46595
0.568619
1.22725
0.430862
1.66225
0.780713
0.974124
1.06166
0.662745
1.3732
1.06239
0.733017
0.461153
0.270754
1.29086
0.601649
1.85814
2.33224
0.297413
0.463721
1.59778
1.30909
0.807736
0.78673
0.428382
1.05455
0.229466
0.932918
0.465503
1.65264
0.151741
0.516018
1.34999
0.391031
0.199719
0.798734
0.480474
1.26747
0.634188
4.72281
0.950258
0.554356
0.888805
1.34624
1.00288
0.907954
0.255511
0.259618
0.651005
1.21847
0.660253
0.492585
0.438147
2.06809
0.710679
0.37797
0.394333
0.363878
0.515382
1.66422
0.29503
0.564439
0.515291
0.569334
1.01691
0.78846
1.17662
0.55462
0.252063
1.52217
0.507408
0.285215
0.682472
1.05963
1.59342
0.444719
1.49229
1.36122
1.57409
1.20163
0.668369
0.278834
0.880121
0.41926
0.80625
0.692956
0.183849
0.25872
0.751213
0.942896
0.496465
1.15331
0.532563
0.208293
0.77971
0.179357
0.638172
1.79529
0.326958
1.10982
1.56117
4.36686
0.20687
0.424212
0.47845
2.74548
0.651858
0.339508
0.894495
1.24103
0.619032
0.350306
0.234971
0.863774
1.06342
0.643661
1.34597
0.401736
0.10829
0.517814
1.79817
0.939848
0.341711
0.228597
0.766022
0.883894
0.758317
0.303297
0.701384
0.646389
0.68177
0.521586
0.674546
0.91666
0.641591
0.46027
1.00762
0.620937
0.314167
1.04109
0.40988
1.62465
1.20217
0.843387
0.642342
1.62452
1.50669
1.0351
0.808506
0.168296
0.555279
0.740018
0.358616
0.514828
2.22745
0.758164
0.166635
0.124714
0.582818
0.193382
0.182541
0.256177
0.598503
0.408398
1.29836
0.569205
1.16629
0.842198
0.764808
0.556445
0.468221
0.427185
0.937087
0.289565
0.671957
0.785655
0.620645
0.480173
0.184247
1.0467
0.521522
0.823757
0.384815
0.321092
0.844519
1.29864
0.374428
0.484361
0.378367
1.40554
1.50907
0.572245
2.03207
0.936765
0.650023
1.63106
1.14737
0.952863
0.299842
0.400233
0.987115
1.03591
0.493159
0.725733
1.71529
0.256126
0.734656
0.371079
0.530678
0.493062
1.46346
0.205767
0.289124
1.35332
0.430976
0.339431
1.21752
0.653421
0.401907
0.519015
0.64593
0.229922
1.16154
0.247693
0.43918
0.712134
0.523149
1.24779
0.60512
0.384266
0.310377
0.750822
0.897639
0.548313
0.879044
0.334941
0.23971
0.208554
1.58103
1.05693
0.583756
0.472421
1.25869
1.21801
0.676113
0.668272
1.73074
0.415152
0.62322
0.436846
0.571557
0.233828
0.670651
0.330091
0.821334
0.46693
0.340023
1.8626
2.10865
0.891194
0.847814
1.09385
1.18764
2.15003
0.440232
1.05704
1.04241
0.214033
0.697829
1.85936
0.674922
0.36373
0.718921
0.568996
0.232737
1.12174
0.419758
2.33412
0.266443
0.501078
0.683678
0.86481
0.498667
0.500817
0.364724
0.8129
0.792292
0.903306
0.519971
0.489491
0.232509
0.921342
0.130964
0.413636
0.21383
0.328712
0.377833
1.87017
0.273752
0.320348
0.588793
0.431996
1.00419
0.0830166
1.76064
0.298337
0.588133
0.605677
1.17264
1.85756
0.138424
0.619515
0.28053
0.378297
1.3734
0.832035
0.894159
0.815757
0.683819
0.639193
0.25279
0.380389
1.07473
1.3402
0.457097
1.4117
0.565369
2.24412
0.261377
0.83219
0.680413
5.48637
0.340368
0.158782
0.838247
1.06124
0.839338
0.275621
1.15213
0.90726
0.231312
0.40804
0.52105
0.580784
0.811928
0.545578
1.27613
0.59552
1.18398
0.595727
0.272111
0.353077
0.59243
0.404335
0.120558
0.43194
0.352358
0.586177
1.27313
1.61224
2.14366
0.41826
2.5137
0.760265
0.776726
1.32428
0.458299
0.765554
0.509707
0.973343
0.471528
0.402819
0.874364
1.13716
1.2342
1.06812
1.34283
1.31729
0.141617
0.605412
1.89349
1.10514
0.317776
0.294726
1.07165
0.346821
0.163167
3.17257
0.649691
0.810856
0.0874223
0.357474
0.418979
0.577842
0.373804
0.3926
0.716235
0.936815
1.24441
2.20419
0.36422
0.41053
0.708549
0.513083
0.662238
0.710409
0.654889
0.375663
0.135604
0.517595
0.391764
0.567008
0.422423
0.30027
0.157337
0.609146
1.2763
0.441176
0.169241
0.198153
0.301588
1.95665
1.54464
0.818277
0.319382
0.665099
1.76855
1.91967
1.5939
0.359109
0.569057
0.782841
1.19343
0.69476
0.44995
0.543342
0.589648
0.268044
0.614952
0.285726
0.716699
0.146784
0.403946
0.624911
0.396516
0.439557
0.26509
2.26352
0.413053
0.467626
0.943035
1.96204
1.2793
0.434805
0.892627
0.403705
0.392103
0.296691
0.602555
1.02905
0.513091
2.48746
1.24497
0.64604
0.226011
0.744341
0.502131
0.347904
3.39525
0.939322
0.295446
0.529228
1.00924
0.213608
0.90995
1.85142
0.362117
0.140555
5.84322
0.691414
0.589323
0.210505
2.91311
0.403018
0.414425
0.387453
0.431783
0.35891
0.677772
0.965627
0.712449
1.36085
0.890175
0.473132
0.467586
0.431689
0.633432
0.598339
0.927702
0.884831
2.30171
1.149
0.901558
0.378273
1.14258
0.567571
0.488026
0.444834
1.60706
0.249684
0.20862
1.24589
0.210625
1.49352
0.558298
0.479353
0.58525
1.03726
0.799758
0.538241
0.526196
1.33518
1.61258
0.706259
0.356484
0.587849
0.911993
0.865298
0.278937
1.27235
1.09882
0.415944
0.388064
0.544922
0.993194
0.249427
1.00075
0.162405
0.170114
0.545182
0.192667
0.994882
0.84422
0.305447
0.492013
1.34334
1.15371
0.901682
0.198269
0.505899
0.487159
0.311518
0.353635
1.20646
1.12844
0.127175
0.48586
1.20568
0.808895
0.518914
0.90967
0.846313
0.482019
3.69538
1.11825
0.646005
0.371503
0.489342
0.849717
2.1565
0.469952
1.91374
0.458146
0.434613
0.956566
0.525275
0.586178
0.384303
0.810142
0.61195
0.789202
0.958781
0.269943
0.347186
0.581656
0.821237
3.09806
0.354109
1.1576
0.334755
2.22682
0.6045
0.328277
0.205809
0.636236
0.557552
0.217829
0.571768
1.1438
1.10609
0.237804
0.493903
0.3297
0.624803
1.48398
0.463742
1.18799
0.08576
1.51569
0.607359
0.715659
2.58719
0.365929
0.806628
0.548657
1.45266
1.83154
0.823757
1.234
0.383817
0.822714
0.250321
0.869462
0.467634
0.452627
0.167629
0.446856
0.591641
0.17493
0.747661
0.714971
0.607057
1.24885
0.312449
0.779627
0.922123
0.448692
0.381721
0.196074
2.28197
0.349085
1.81846
0.447639
0.991227
0.750872
1.28827
0.534628
0.626446
0.522526
1.03698
0.47735
0.576341
0.906046
0.191743
0.479
0.276025
1.04608
0.362972
0.536029
0.469408
0.783497
0.30313
0.226719
1.11734
0.841791
0.835131
0.312672
0.310226
0.603365
0.131756
0.79398
0.766645
0.660717
0.982517
1.52529
1.15649
0.62909
0.773916
0.497398
0.312155
3.09627
1.08096
0.818741
0.0778372
0.81536
0.534772
0.647903
0.0748172
0.611259
0.691434
0.786574
0.643939
0.876031
0.273551
1.35738
0.369887
0.530585
0.266861
0.338478
2.86777
0.135911
0.763299
1.66372
0.358568
0.805312
0.924154
0.903069
0.46933
0.774688
0.415381
0.235865
1.1548
0.677186
0.259435
0.78031
0.409154
0.461286
0.753962
1.04209
0.557191
0.300771
0.496176
0.235897
0.654377
2.24609
2.56527
0.280783
0.409401
0.266878
0.387275
0.814083
0.608262
0.818514
0.435735
0.35156
0.544078
0.391145
0.331285
0.120091
0.274668
0.767945
0.78758
0.760138
0.828638
0.127851
0.591499
1.47876
0.969867
0.787691
0.174795
0.0959713
0.126063
1.40448
1.87221
0.193697
0.409204
0.465414
1.52681
0.499458
0.531794
0.497024
1.57724
0.837516
0.4713
1.56396
0.53388
0.425773
1.68989
1.25457
0.358133
0.445703
0.668136
1.11956
0.646085
0.222996
0.703548
0.930748
0.303252
0.682661
1.11128
0.556628
0.71073
0.873002
0.525943
0.153144
1.31489
0.19404
0.433178
0.595013
0.729553
0.562684
1.011
0.540337
0.523091
0.866201
0.41941
0.659304
1.5506
0.269245
0.983117
0.382614
1.01183
1.57454
0.808105
2.60361
1.43423
0.769434
0.974594
1.97446
0.325967
1.4708
0.743857
0.470355
0.175506
0.234325
0.573152
0.43172
0.552912
1.07441
0.318166
0.598181
0.917625
0.672869
1.1353
0.883647
0.913639
1.05921
0.370704
0.126659
0.366656
0.647959
0.78467
0.846145
2.39939
0.911526
0.406035
0.285339
0.996917
0.959415
1.53555
0.675114
0.62711
1.64321
0.535064
1.44026
2.51655
1.02253
1.64179
0.805923
0.353985
1.59307
0.574923
0.601704
0.205351
0.959691
0.532491
1.08941
1.32549
0.396543
0.207928
0.734308
0.638775
0.640009
0.238277
0.716056
0.191398
0.327011
0.536439
0.427964
0.594709
0.646894
0.158496
0.270908
0.294628
1.92543
1.81405
1.16029
1.788
0.724507
0.881857
0.643019
0.397176
0.537961
1.02838
0.603652
0.246365
0.504717
0.901561
2.30044
0.443602
0.562156
0.164669
0.428356
0.44079
0.149665
1.18002
1.64002
0.282221
0.145612
0.112619
0.711528
0.335425
0.535243
1.93653
0.211153
0.524993
0.222232
0.197575
0.495086
0.430464
2.07576
0.537129
0.393236
0.847156
0.190976
0.249842
0.777286
0.832916
1.05161
1.24967
0.990671
0.3638
0.531306
1.84934
0.965618
0.706157
1.44045
0.91811
0.768299
0.453416
0.415596
1.20281
0.767096
0.657072
1.35112
0.207512
0.5846
1.53934
0.413999
0.457711
0.941705
0.837622
0.289067
1.06481
0.325043
1.65132
0.568146
0.594217
0.345468
0.835753
0.949357
0.951081
0.570273
0.559754
0.876557
0.910726
0.7493
0.50535
0.475274
0.539391
0.156166
0.392057
0.674843
1.09396
1.61387
0.435476
2.4744
0.600483
1.51728
0.277902
0.447672
0.655564
1.30644
0.544642
0.707824
1.61861
0.544154
0.703631
0.198961
0.36603
0.593158
2.09975
0.644713
0.0371848
1.28327
0.514047
0.920546
0.340669
0.424358
0.244984
0.345258
0.235374
0.487806
0.743456
0.435351
0.291036
0.786309
0.867601
0.934729
1.88915
1.08467
2.11556
0.407924
1.3781
0.557209
0.485562
0.450031
0.637384
0.408634
1.07646
1.77605
1.16306
0.178849
0.76873
0.330254
0.364681
0.392607
0.900663
0.309585
0.52545
0.662434
0.499935
1.95905
0.488947
0.5609
0.687497
1.34706
0.664222
0.94324
0.598254
0.299685
1.10099
0.440047
0.309602
0.716383
0.56947
0.778837
0.332279
0.673094
0.281352
0.26459
0.899629
1.0179
1.43375
1.8443
0.353699
0.559302
0.317586
0.429188
0.297032
1.01556
1.44688
1.43177
0.705827
0.797177
0.95164
0.553366
0.582838
1.3191
0.355836
1.93746
0.459433
0.583267
0.216792
0.326652
0.350766
0.825268
0.688999
1.20162
0.40816
0.341457
1.23953
0.484143
2.10933
0.689403
0.567392
0.47253
0.496466
0.997293
0.399317
1.36828
0.385489
0.254063
0.865398
0.926972
0.966831
0.354058
0.260845
0.750864
0.441822
0.787788
1.13291
0.176651
0.383982
1.29538
0.641961
0.745474
3.41644
0.271337
0.571183
0.492206
0.81154
0.904121
0.815931
0.1212
0.218491
1.10953
1.69826
1.08968
0.250345
0.346478
0.58033
0.854139
0.799743
0.391467
0.586153
0.467678
0.831031
0.650377
0.618589
1.35712
0.335279
0.729001
0.724877
1.28533
1.27579
0.557724
1.05632
2.02604
0.542523
0.170456
0.402827
0.781152
0.579142
0.472355
0.480255
3.1942
0.93234
0.952714
0.483466
0.759764
1.7535
0.906145
0.319711
0.267049
0.666824
0.805276
0.539364
1.9231
0.385423
0.680033
0.513898
1.53303
0.370982
0.946269
0.568007
0.647398
0.973443
0.386311
1.20188
0.434933
0.846627
0.262832
0.167423
0.33424
0.313577
0.464001
0.708543
0.527917
0.572343
1.27078
1.34031
0.926882
0.494625
0.36276
1.24414
0.789292
0.396898
0.360496
1.99146
0.361028
0.524375
0.452031
2.00404
0.433145
0.49013
0.529733
0.851415
1.11044
0.797793
0.940867
1.76355
0.542977
0.468077
0.539026
1.24346
0.449309
0.615412
0.798852
1.45626
0.524629
0.347293
0.714258
0.439876
0.376239
1.56123
0.221099
0.510178
0.587081
0.330036
2.68931
0.657494
1.07409
0.723801
1.19602
0.873032
0.289749
0.230678
0.552874
0.771204
0.533238
0.621494
1.32021
0.452878
0.259304
0.0885832
1.19134
1.28043
0.92012
0.600371
0.230831
1.29525
0.660884
0.248287
1.05018
0.333854
0.925068
0.998771
0.337507
0.782928
1.90798
0.844268
0.781145
1.07365
0.317445
1.17015
0.42825
0.245475
1.25566
0.875972
0.823555
1.0492
1.4812
0.780889
0.487559
0.971461
1.13005
0.651171
2.54448
0.156023
0.495194
0.651081
0.680659
0.451884
0.287836
0.647696
0.079715
0.780549
1.65797
0.669742
4.00388
1.96961
0.489289
0.338715
1.20716
0.593697
0.616282
0.407752
1.36287
0.493754
0.657155
2.42186
0.698901
0.320026
0.504628
0.365254
0.13999
1.04583
0.460802
0.955223
1.46646
0.353309
0.964418
0.636978
1.42481
2.03206
0.853466
0.432668
0.4153
0.439587
0.472268
0.945483
1.30951
1.0676
0.444805
0.879796
0.354984
0.215404
0.221086
1.28962
0.290487
0.196479
0.773559
0.66147
0.650627
0.682704
0.188872
0.43584
0.159743
4.55192
1.41589
0.345194
0.140075
0.241681
0.769952
0.446075
0.709442
0.703818
0.287542
0.717233
0.966843
2.25217
0.450832
0.645086
1.01764
0.444783
0.252618
0.327713
1.23946
0.74311
0.0974167
1.69667
0.349284
1.13107
0.867251
0.8361
0.535139
1.91304
0.684488
0.210615
2.05668
0.53693
0.701213
1.15801
1.3268
0.486085
0.0791359
1.12646
0.6202
0.635464
1.62827
1.80019
1.32627
1.29506
0.220483
3.7285
0.341405
0.147076
0.898403
0.374609
0.344066
1.17478
0.498765
1.87993
1.17896
1.01308
0.439191
1.85249
0.779392
0.224751
0.557077
0.44981
1.23414
0.434988
0.762049
0.181086
0.554244
0.872382
0.473137
1.26551
0.214404
0.524211
1.00783
0.546607
0.366643
0.644025
1.25075
2.24677
0.433659
0.731028
0.230317
0.648498
0.300478
0.0626154
0.469836
1.82546
0.293723
0.477739
0.876072
0.679462
0.534139
3.46073
0.549299
1.25096
0.617335
0.215953
1.28488
0.551548
0.521122
0.463332
1.33734
0.517368
1.62143
0.803888
0.377382
0.623732
0.737852
0.384636
0.150042
0.471756
0.442451
1.6104
0.730626
0.123337
0.62289
1.01252
2.07593
0.0831835
1.23011
1.13423
1.30038
0.22899
1.93292
0.702563
0.756694
0.895017
0.388777
0.230358
0.475925
0.817098
0.443035
2.41137
0.746609
0.607473
0.894782
1.39407
0.276744
0.537032
0.320058
0.393983
0.142569
0.37954
0.194109
0.389391
0.91069
0.124553
0.870084
0.861569
0.589065
0.0646885
0.52847
0.719314
1.05763
1.15919
0.530345
0.62815
0.936647
1.13826
0.424537
0.867339
0.377203
0.811088
0.71633
0.695448
0.55113
0.745015
0.499863
0.265233
0.893619
1.62576
0.388237
0.663483
0.182176
1.54438
2.24453
0.895712
0.26963
0.460992
0.825194
0.479621
0.181068
1.69158
1.12249
0.550585
0.254226
3.18168
1.4727
0.784033
0.290135
1.32321
0.744393
0.566108
0.502843
0.752615
0.749513
0.243364
0.452011
3.21827
1.06315
0.322338
0.533238
0.614231
1.17102
0.169935
1.03341
0.997978
0.463005
0.529752
0.484656
1.37667
0.399025
0.752878
0.454232
0.956594
0.808969
1.03983
0.419451
0.720338
0.698387
0.800765
0.318971
0.246108
0.987325
0.13377
0.278473
0.807497
0.584609
0.36165
0.502356
0.720284
2.20386
2.03376
1.32224
1.02986
0.620072
0.142681
0.732559
0.684306
0.992616
0.915414
0.550954
1.38186
2.01477
1.25812
0.501331
0.550329
0.455646
0.987826
0.29206
0.503074
0.572662
1.33015
0.609147
0.89487
0.719888
1.09649
3.57262
0.151893
0.531047
0.319587
0.854728
3.81325
0.794139
0.427153
0.751207
0.279895
1.21046
0.387974
0.336313
0.798132
0.428602
0.793412
0.411176
0.779829
0.234515
1.33333
1.28489
0.682787
0.360267
0.669093
0.353095
0.847601
0.867282
1.92658
1.28738
0.294418
1.39968
0.846945
0.391318
0.608941
0.941482
0.196843
0.532183
0.580897
0.375741
1.59411
0.330533
0.277593
0.923454
0.262397
0.262182
0.608288
1.42893
0.702842
2.18309
0.569536
0.0994819
0.535374
0.826568
1.14285
0.844629
0.248543
0.258213
0.451576
0.847732
0.308402
0.42351
0.687098
1.13533
0.584811
0.328658
1.16151
0.378723
0.946043
0.674808
0.805634
1.67398
1.07148
1.01204
0.702235
1.05795
1.9605
3.14329
1.12686
0.639162
0.548565
1.4014
0.838748
0.492522
0.162362
0.364214
0.352761
0.496107
0.244655
1.11005
0.181625
2.42513
5.06675
0.554373
0.193006
0.50199
0.315895
1.06879
0.268595
0.580227
1.37237
0.595686
0.603832
0.192508
0.114177
0.257046
0.0709415
0.608359
1.34824
0.392035
0.284132
0.467517
0.450449
0.0948734
0.470267
0.447728
0.473014
1.47722
0.647477
0.715216
1.49134
0.545232
1.2027
0.610768
1.10514
0.318372
0.849958
1.29913
1.00939
0.756469
0.516794
0.812362
0.427766
0.382726
1.7507
2.48544
1.2814
1.08523
0.941949
0.659679
1.14291
0.670279
1.13803
0.566989
1.07421
1.03494
0.303297
0.257244
0.216896
0.596025
0.379958
1.62502
0.65214
0.765796
0.393289
1.72417
0.581529
0.758987
1.05449
0.924881
1.13249
0.53211
2.3808
0.864672
0.91146
0.872539
4.07666
0.865832
0.791009
0.866913
1.36743
0.888057
0.843419
3.01452
0.518029
0.563902
1.25273
0.866129
0.490441
0.550576
2.34782
0.855813
0.622965
0.744963
1.94639
0.723363
0.495427
0.611137
0.54122
0.868079
0.568611
0.258957
0.521489
0.845993
1.35881
0.671939
0.916994
0.741438
1.33789
1.86155
0.15142
0.572441
3.22875
0.391584
0.393907
0.453247
0.552982
0.77254
0.559132
1.59828
0.885434
1.07793
0.434157
0.81798
0.884374
1.00545
1.30982
0.247439
0.996005
0.756887
0.107682
0.797605
0.284764
0.131844
0.489628
0.348769
0.971954
1.09148
0.400715
0.824483
0.183812
0.70245
0.722784
0.376905
0.816167
0.386405
1.23542
0.3922
1.20865
0.481904
0.56478
0.411678
0.351293
0.245758
0.387902
0.37865
0.958393
0.779704
0.509513
0.340091
0.712195
0.347958
0.366885
0.364817
1.07626
0.725883
0.330882
0.574082
1.59439
0.295892
1.44107
6.13931
0.599234
0.54498
0.210018
0.462547
1.0655
1.15317
0.427924
0.857129
0.375853
0.342299
0.387321
0.780775
0.510948
1.00097
0.708054
0.276072
0.104275
2.37707
0.587605
0.459027
0.794324
0.471396
2.05343
1.56672
0.632214
0.488203
0.562588
1.05185
0.216943
0.924227
0.261978
0.844252
0.329266
0.709448
0.747478
0.421994
0.134793
1.0554
0.893105
0.235614
1.89955
0.767008
0.721133
0.609833
1.41968
0.422512
1.12972
0.312637
0.820908
0.561416
0.203029
0.375482
0.460779
0.893994
1.50195
0.149804
0.906638
0.377819
0.212235
1.35298
1.13358
0.668386
0.469925
1.22811
0.735582
0.261126
0.648455
0.669133
1.07096
0.668835
0.315933
3.47677
0.354988
1.30628
0.527395
0.997079
1.07178
1.22645
1.3201
0.195552
0.325845
2.23541
1.27902
0.153493
1.07715
0.903058
1.2591
1.17727
0.663155
0.404802
0.369177
0.393276
1.16284
0.840924
1.0599
0.460872
1.53171
1.03771
0.573376
0.458212
0.568564
0.445918
0.370985
0.538817
0.736092
1.00028
0.398133
0.349949
0.382304
1.34288
3.36769
0.20351
0.26327
0.423583
0.33352
0.616296
0.529538
1.67297
1.06469
0.73323
0.134426
1.39515
0.205253
0.111415
0.422887
0.99368
0.560376
0.452022
0.346163
1.9567
0.835101
0.143934
0.468452
0.898123
0.265555
0.37736
0.988261
0.474374
0.781623
0.560473
2.30719
1.81163
0.484145
0.205743
0.305804
0.186357
1.27167
0.748222
0.162465
0.491925
0.660387
0.375681
0.472393
0.423944
0.801442
3.35547
0.682989
0.648198
0.561199
0.405855
0.750863
1.83019
0.869712
0.640556
2.26459
1.97732
0.798285
0.347138
0.940434
0.207056
2.10901
0.581249
0.346975
0.801351
1.8165
1.39335
0.27173
2.28092
0.856094
0.25464
1.13326
0.433631
1.20636
0.517429
1.36007
1.0959
0.398997
0.499565
1.59629
0.683967
0.36078
0.0830421
0.127918
0.510047
0.713293
0.376067
0.700105
1.49491
1.3252
1.59527
0.697714
0.781241
0.48042
0.11557
0.701648
3.33239
0.450227
2.87574
0.265086
1.76358
0.487702
0.641821
0.845858
0.304075
0.23172
0.662149
1.37494
0.724594
1.55146
0.806284
0.328447
1.13051
0.381429
0.375966
0.689352
1.18953
1.99584
1.17693
0.783341
0.791378
0.752546
0.707021
1.3699
0.912616
0.335956
0.930032
0.402753
0.767073
0.943784
0.875314
0.372828
0.638965
0.965734
1.46108
0.771369
0.71776
0.370668
0.269806
1.01904
0.814353
0.478594
0.995273
0.346476
0.705833
0.28789
1.06884
0.774005
0.902377
0.519052
0.730151
0.317074
0.252622
0.73935
0.893214
1.5152
0.397826
0.60263
0.403476
0.712965
0.868978
0.205608
0.259051
0.985577
0.505319
0.708692
0.70309
0.618665
0.593653
0.59221
0.892762
0.493637
0.337269
1.02793
0.781216
0.3357
0.961524
1.11684
1.27438
1.46282
0.905649
0.606507
0.52043
1.30257
1.63094
0.814822
0.991458
0.438064
0.647528
0.189502
0.921968
0.168134
0.690922
0.304438
0.466648
1.63185
0.420995
1.05495
0.634737
5.0205
1.1538
0.594308
0.325928
0.436599
0.470278
1.69343
0.37757
1.39703
0.169375
0.273365
0.331699
0.313843
0.997927
1.23784
0.391064
1.09604
0.598252
0.766178
0.737557
0.672851
0.599018
0.25583
0.218997
1.89768
0.356465
0.172337
0.370642
0.979905
0.347335
1.93383
1.04252
0.583854
0.83644
0.770683
0.650949
0.599007
1.7118
0.284897
0.621913
0.470167
2.31418
0.42651
1.06386
1.06025
0.315244
0.356366
0.184308
0.424766
0.581301
0.237256
1.88657
0.365398
0.918851
1.81868
0.343153
2.43107
0.241572
0.457632
0.587105
0.261021
0.850773
0.58166
0.368418
0.154797
0.972765
0.872859
0.366549
0.74577
0.761226
1.1639
1.19358
0.773525
0.412202
0.134083
0.991262
0.863984
0.335123
0.303327
0.526722
2.14814
0.720509
0.966667
0.91476
0.380778
1.8184
0.966434
0.686268
1.45312
0.276474
0.798755
0.118456
0.249082
1.0707
0.484869
0.201037
0.349164
0.613664
0.385403
0.194195
0.774747
0.443713
1.14336
0.41536
0.503324
2.23872
0.531641
0.588495
0.265293
0.403496
0.618441
0.210725
1.5512
0.669504
0.832323
0.65464
0.76635
0.368622
1.30433
1.20006
0.918834
0.255713
0.740757
0.684984
0.860268
0.732315
0.66326
0.571399
0.526864
0.479567
1.13614
0.936593
1.27633
0.257608
0.469208
0.58972
1.23426
0.509854
0.227064
0.344872
0.229122
0.701651
0.495729
1.76419
0.66058
0.433576
0.58015
1.46115
1.23364
0.729402
1.08833
0.861283
0.913053
0.17279
0.705951
0.423494
0.431064
0.342573
0.364746
0.642963
0.54786
2.2693
0.616702
0.64145
1.68915
1.12406
0.280732
0.52937
0.280022
1.03512
0.814554
0.274748
0.681839
0.115879
0.639895
1.06483
0.277629
0.121696
0.441196
0.960345
0.957714
0.739884
0.572608
0.455571
1.74319
0.458729
0.672666
0.419994
0.774768
0.866158
0.0756829
0.831462
0.214784
0.472734
0.575779
0.556262
0.738336
0.568531
0.538486
0.708214
0.72881
0.366974
0.518389
0.238141
1.89423
0.961471
1.0471
0.766553
0.616089
0.427989
0.804292
0.930838
0.666971
0.375606
1.23509
1.67477
0.978582
0.542474
1.08737
0.753927
1.06835
0.401335
0.353187
0.209123
0.208127
0.224291
0.437259
0.489347
0.360871
0.234656
0.229453
0.865552
0.793065
0.463645
0.590756
0.198879
0.359222
0.249839
0.91064
0.444989
0.663087
0.831391
0.900421
0.67983
0.856513
0.764184
0.129416
0.423239
0.395123
0.439138
0.939556
0.545124
0.825915
1.59126
1.44146
0.635758
1.25279
1.75684
0.654882
0.63697
1.01962
0.930921
1.33672
1.25252
0.224008
0.821098
0.670568
0.854138
0.602898
1.83172
0.596716
0.846862
0.615879
1.28068
0.226344
2.05893
0.436519
0.915587
0.384667
0.39347
1.01339
0.73314
0.60781
0.226484
1.34039
0.702971
2.02916
0.638601
1.41582
1.52881
0.375778
0.353193
0.895145
0.779148
1.17305
0.13061
0.466089
0.415321
0.792775
1.13913
0.702806
0.0816128
2.12461
0.675188
0.853415
0.653001
0.19597
1.53773
2.10477
1.54992
0.711742
0.591177
0.790489
0.9068
0.619081
0.434504
0.44809
1.09637
0.181657
0.330167
0.175883
0.654197
0.37533
0.374478
0.218079
1.16735
0.283834
1.05088
0.645777
0.47886
0.349103
0.39291
1.16045
1.99015
0.0618795
0.842532
0.418595
1.64954
0.401202
0.191467
0.505862
0.585641
1.28087
0.457019
0.662568
1.09688
0.514682
3.04781
0.489507
1.08021
1.82938
0.842108
0.606238
1.54746
0.540439
1.07791
1.04809
0.78084
1.22443
0.247742
0.941117
0.588843
0.261291
0.389665
0.341862
0.684305
0.256954
0.482772
0.925716
2.09494
0.8551
0.800704
0.608826
0.3836
0.731913
0.13771
0.95104
1.02085
3.35895
1.31047
0.308842
0.386695
1.93957
1.15956
0.641634
0.785089
0.366594
0.845807
1.23294
0.902744
2.55405
0.121639
0.163858
0.930709
0.49904
0.840382
0.310628
0.489379
1.45918
0.192315
0.236664
1.86276
0.829233
0.191462
0.417287
0.826192
0.936055
0.458761
0.649836
1.7693
0.494552
0.356487
0.704099
0.283221
0.131543
0.591264
0.354476
0.647134
0.448263
3.37906
0.280435
0.410088
0.841069
0.316411
2.15521
0.709453
0.399401
0.545081
1.72976
0.51462
0.146962
1.01269
0.375429
0.502993
0.672917
0.517767
1.18417
0.2808
1.32909
0.939115
0.585416
0.778985
0.352076
0.397427
0.338711
1.04826
0.612933
2.75042
1.27899
0.668212
0.830337
1.99455
0.817239
0.507742
0.65035
0.672463
0.24506
1.04386
1.98119
0.389115
0.540742
0.329973
0.834156
0.256646
0.349584
0.43793
0.259501
0.47547
0.504312
0.676194
0.509298
0.41489
0.88545
1.04495
0.389996
1.30428
0.778894
0.794785
1.02168
1.58139
0.234393
3.14588
1.05414
0.577558
0.0792482
0.68855
0.563766
0.489544
1.39987
0.837121
1.02574
2.20849
1.47332
0.591063
0.573474
3.7484
1.0084
0.578602
0.68614
0.537087
0.87199
0.528626
0.541835
0.462144
1.51807
0.405397
1.07059
0.37807
1.12333
0.828962
0.446247
0.963638
0.325862
0.757033
0.438934
0.345277
0.519445
0.879383
0.371975
0.727488
0.274302
0.191455
0.376745
2.67427
0.659344
0.355422
0.748284
0.838507
0.746559
0.500081
0.476737
0.408578
1.10149
0.461937
0.326831
0.964511
0.288903
0.185369
1.23092
1.11919
0.548383
0.789946
0.888668
0.347734
1.04917
1.16234
0.202901
1.04801
0.325309
1.20742
0.32858
0.25156
0.871998
0.323021
0.673263
1.13885
1.38295
1.27802
0.873024
0.637319
0.922452
0.41844
2.49703
0.728204
1.20082
0.763203
2.29953
0.609755
0.796359
1.10651
0.696053
0.777159
1.33056
1.11115
0.830968
2.02939
0.882246
0.253775
0.521184
1.71302
0.311316
1.1736
0.496732
0.762224
0.313204
0.907625
1.47583
0.677388
0.661561
0.336368
0.521292
0.425823
0.835577
0.596028
0.526525
1.02707
1.11149
0.546392
0.16212
0.331419
0.459285
1.42301
0.232481
1.94655
0.323901
2.37143
0.604943
0.187452
0.394461
0.455949
1.04726
0.515027
0.826733
0.309647
1.04906
1.4362
0.62489
1.66209
0.405346
1.02265
1.45728
0.923342
0.547965
0.62674
1.40308
0.509985
1.48614
0.204746
0.736763
1.78441
0.613422
2.07501
0.480489
1.12456
0.672406
1.05472
0.511955
1.91337
0.73129
0.688166
1.24351
1.73651
3.13298
0.121588
0.84682
1.0872
0.704741
0.474891
0.629405
0.867249
1.13071
0.319703
0.461934
0.672028
0.541165
0.566667
0.207299
0.647304
1.9976
0.181151
0.122759
0.072694
0.597326
0.669346
0.554548
1.73874
0.432666
0.829993
1.04201
0.432734
0.840959
0.385972
0.693764
0.551974
0.932019
0.785654
0.204279
0.63331
0.359687
1.63222
0.23759
0.528574
1.85277
0.779936
0.100354
0.465647
1.23841
0.499565
1.14051
0.382885
1.5928
0.877104
0.680449
1.33142
0.420665
0.490621
0.42469
0.716899
0.443088
0.535508
0.661178
0.945096
0.365821
0.643436
1.07901
0.421519
0.479823
0.622679
0.257659
0.690275
0.652637
0.428507
0.312108
0.297554
0.394055
0.230931
0.255662
0.775965
0.699322
0.775555
0.809527
0.251218
0.501576
1.58275
0.661051
0.265385
0.335076
2.33025
0.958854
0.291615
0.739998
0.764137
0.420461
0.266125
0.355207
0.385168
0.791877
1.45476
0.268738
0.392511
0.605997
0.237437
0.708146
0.381488
0.408461
0.185969
0.530361
0.365226
0.554545
0.628383
0.465552
1.01374
0.698387
0.426492
0.254248
1.42967
0.518694
0.109152
0.421763
0.59401
0.43139
0.300034
0.805448
0.128348
3.08715
1.48295
0.45197
0.846707
1.68476
0.558324
0.42523
0.525818
0.810959
2.3098
0.651434
1.11805
1.40141
0.658416
0.257346
0.261374
0.633508
0.55985
0.584331
0.45863
0.77871
0.332439
0.217578
0.53133
1.89333
5.61636
0.976185
0.235322
0.296134
0.825301
0.846508
0.169261
1.22543
0.301106
0.401625
1.45453
0.610189
0.642894
0.399424
1.53812
0.288155
0.462043
0.53945
0.900302
0.225917
0.353876
0.475219
0.443527
0.848341
1.72957
0.5037
0.875283
0.906801
0.665861
0.322717
0.675031
1.25924
0.644958
0.512874
0.505048
0.996886
2.01128
2.21035
0.649714
0.413734
1.53873
0.529203
0.366158
0.900858
1.45481
0.472442
1.80899
0.77995
0.234826
0.455579
0.801336
0.491589
3.01076
0.216898
0.559917
0.370301
1.06123
0.39695
1.15846
0.736544
0.353585
2.21278
1.56756
0.385931
0.386706
2.70313
0.759407
0.640799
1.3193
0.614126
0.486109
1.37267
1.05282
0.332635
1.2276
2.21381
0.501641
0.396537
1.06991
0.363164
0.413137
0.512449
0.630242
0.510764
0.545351
0.450023
0.558053
0.572379
0.464239
0.855851
0.457253
0.189983
0.768536
0.51464
0.558801
0.576189
1.25506
0.346317
0.740304
0.974305
0.425334
0.539896
0.498774
0.487276
0.433356
0.261933
1.01528
0.285106
0.430061
0.322638
0.546059
1.16343
0.497049
3.34416
0.849943
0.121859
0.242731
0.620249
1.01248
0.517995
2.21438
1.06307
1.19801
0.302682
1.20161
0.447683
2.89472
0.3165
1.91199
0.579522
0.64761
1.40731
0.153666
1.25257
1.20908
0.724836
0.22863
0.730442
0.548778
0.473329
0.194008
0.424438
1.55569
0.548264
4.3982
0.522047
0.342736
0.563496
0.297742
0.743057
0.552934
0.315342
0.427039
0.352761
1.69664
1.28275
0.431485
1.02193
0.407585
0.262044
2.24233
0.803681
0.436963
0.342695
0.810183
0.887643
1.00637
0.58558
2.12509
0.619691
0.53962
0.258331
0.546179
0.479887
1.58975
0.774022
0.973396
0.545531
0.484889
0.289202
0.602883
0.0234298
1.14976
3.47552
0.380795
0.987397
0.314677
0.25138
0.523403
1.12847
0.774817
1.59955
0.546818
0.582572
0.586621
0.356635
0.467007
0.713306
1.15893
0.213143
0.717229
1.35143
0.203141
0.185147
0.572643
0.707752
0.236476
0.350261
0.363527
1.80197
0.396032
0.751362
0.519369
0.506515
0.54138
0.643262
0.888813
0.803253
0.425291
0.652898
1.40264
0.785288
0.776542
0.518262
1.16713
0.989384
0.842905
0.331209
1.97197
0.135261
0.902115
1.0949
0.636634
0.7228
0.726811
1.29163
0.228433
0.572058
0.841167
0.387404
0.695035
0.239657
1.12246
0.751092
0.372395
0.932697
1.17855
1.0154
0.707179
0.476785
1.11594
1.14325
1.03401
0.247838
0.906708
0.279916
0.329542
0.904738
1.17184
1.19876
0.47526
3.52198
0.336144
0.401051
0.554456
1.85776
1.48152
0.493647
0.305839
0.574953
1.091
0.72254
0.746862
0.590524
0.898592
0.671391
0.204026
0.397546
0.756421
0.246951
0.419797
0.192533
0.456488
0.855114
0.672417
0.842412
0.380611
0.115311
0.460117
1.2322
1.34242
1.08844
1.39938
1.41652
0.997868
4.59645
1.35072
0.6531
0.741687
0.936817
0.448901
0.986172
0.25155
0.473268
0.833475
1.80775
1.34792
0.678012
0.518561
0.312457
0.773639
0.734431
1.02523
0.951935
1.93319
3.77664
0.281595
1.08196
0.5577
0.808675
0.326047
0.579618
1.14325
1.24962
1.80093
0.419475
0.260151
1.61134
0.545137
0.323433
1.43597
0.377308
0.255062
0.580667
0.936124
0.54363
0.572293
1.12866
0.649019
0.540125
0.157617
0.97941
0.69547
1.32506
0.764344
0.81279
1.79313
1.36466
0.375658
1.23157
0.863979
0.907741
1.05901
1.2472
6.22912
0.460644
0.512864
0.692965
0.76187
0.840669
0.484863
1.01217
1.89283
0.0963773
1.48765
0.73296
0.383697
0.835346
1.72213
0.275524
0.160362
0.378466
1.29163
0.853414
0.220799
0.936922
1.41478
0.623333
2.09438
0.684166
1.54829
0.156119
0.184523
0.458949
0.830965
1.42178
0.59341
0.39091
0.802626
0.52674
1.29598
1.28441
1.00968
0.633339
0.645483
1.70979
1.2256
0.464484
0.782609
1.896
1.39544
1.18138
0.753755
0.914538
0.452032
0.0507623
1.17885
0.174409
0.334691
0.847184
1.35538
0.799083
0.42113
0.626293
1.16322
0.298093
0.887531
0.23676
0.48802
0.0853464
0.492672
0.279117
1.79611
0.11426
1.12879
0.261997
0.709507
0.213427
0.41135
0.326534
0.823753
0.452412
0.765084
0.248161
1.11085
0.968718
0.999558
1.03329
1.1368
0.289814
1.22539
0.925111
0.729041
0.451945
0.910463
0.103262
0.390019
1.32667
0.434153
0.904239
0.651597
0.497944
0.386349
0.498964
1.05735
0.194546
2.0756
1.67077
1.4553
0.914402
0.806048
0.590271
0.811769
0.46086
1.07672
0.658576
0.996584
0.378672
0.65787
1.16229
0.142724
0.432446
0.841112
2.59558
0.664537
0.261683
0.636258
0.544904
1.41594
0.693759
1.60453
0.599416
0.82088
0.412992
0.44541
0.446829
0.974423
0.688591
2.33302
0.257318
0.457927
0.584061
0.801636
0.67295
0.345212
0.877435
0.893181
0.756969
0.536083
0.989465
1.15288
0.613442
0.737888
0.382288
0.473121
0.915754
0.347269
0.383163
0.312641
0.463648
0.138846
0.790989
0.465237
1.57127
0.766255
0.532
0.408633
0.606341
1.15545
0.837038
1.17296
0.46015
0.597926
0.550926
0.813619
0.353479
0.823129
1.44302
0.667939
2.56846
2.60287
0.709469
0.55618
0.697676
1.15075
0.351059
0.704128
0.390576
0.337213
0.403523
0.776244
1.00315
0.630414
0.781322
0.342953
0.698871
0.94679
0.819995
1.83622
0.27572
0.584347
1.9847
0.671883
1.50268
0.562676
0.610277
0.579508
0.290205
0.94317
1.20029
0.619375
0.557637
0.354711
0.742321
1.18137
1.12822
0.733408
0.444954
0.551142
0.627107
0.534864
2.31529
0.799527
0.537741
0.691545
0.558425
0.146424
0.625369
0.588415
0.347333
1.56468
0.366776
0.381443
0.316143
0.378964
0.895307
0.858604
1.77387
0.370458
0.627375
0.872722
0.725171
2.27039
1.19239
1.47104
0.824602
1.58942
0.46377
0.919839
1.60116
0.632254
1.38255
1.14265
2.0527
0.386678
0.956194
1.01853
0.766193
0.390962
0.157221
0.674132
0.396016
0.579986
0.45395
0.449013
0.175071
0.255005
0.199806
0.543858
0.301106
1.68221
0.515388
0.673187
0.957146
0.408335
0.572927
1.96015
0.318132
0.279942
0.254845
0.573672
0.445088
0.607305
0.385025
0.253262
0.460537
0.255213
0.350232
0.181875
0.762245
0.347158
2.3176
1.0194
0.382772
0.687493
2.62366
1.09487
1.58032
0.727115
2.01769
0.524183
0.869132
0.643868
0.615555
1.50289
0.697399
1.71621
0.794197
0.384949
0.938327
0.867219
0.710897
0.817449
2.4602
0.68901
0.707667
0.723588
0.255509
0.248722
0.452212
1.33917
0.610203
0.933783
0.680299
0.597372
0.66711
0.380308
0.724789
0.198456
0.735659
0.31213
0.318785
0.883682
0.200124
0.848572
0.360816
0.619876
1.55009
0.995919
1.04279
0.151598
1.51862
0.593835
0.853455
0.812503
0.178723
0.926295
0.587771
0.786739
0.482642
1.41302
1.21509
1.41063
0.671089
0.880773
0.708063
0.355775
0.860308
0.549614
0.252261
0.872374
1.11186
0.71252
0.564726
0.232491
0.471408
0.421877
1.88047
0.151314
0.145852
0.312544
0.422863
0.62844
0.842224
0.633909
0.559468
1.83252
0.623092
1.20362
1.69406
0.786623
0.744446
1.30414
0.643067
1.21366
0.164737
0.431563
1.50549
0.424024
1.56611
0.227787
0.286293
0.997696
1.99967
0.369835
0.841798
0.736475
0.927524
1.99376
0.408258
0.416161
0.325256
0.487819
0.92844
1.44079
0.654093
1.16347
0.619881
0.339377
0.554506
1.32504
0.434748
0.678237
0.652947
1.01873
0.622618
0.387336
0.316045
0.734714
0.833772
0.947169
0.285369
0.778084
0.394971
2.67885
0.303525
0.180295
0.581883
0.153142
0.457293
0.261155
1.90822
0.488509
0.71092
1.15357
0.644104
0.953384
1.69564
0.489185
1.19132
0.271191
0.676903
0.600606
0.953652
1.95781
0.870653
1.39132
0.833954
0.522321
1.10965
0.89378
1.13296
0.727092
1.75167
0.85617
0.66501
1.71384
0.65148
0.69275
1.3484
0.143308
0.651973
0.593983
2.46481
0.881704
0.418314
1.50297
0.760517
0.742594
0.863578
1.1914
1.21176
0.587274
0.497431
0.35402
0.239504
0.507647
0.542953
0.601504
0.951853
0.499478
0.384781
1.10796
1.41164
0.978585
0.384982
1.03344
0.406843
1.20816
0.951395
0.507001
2.93344
1.8113
0.613785
0.905101
1.16741
0.698194
1.50073
0.453431
2.40394
1.05296
1.23676
0.31383
2.14401
0.554619
0.517511
0.169965
0.478704
1.87744
0.890385
0.682787
0.341516
0.591135
0.551264
0.379512
1.13585
0.440047
0.620382
0.697284
0.286996
0.996463
0.287094
1.65089
1.00401
1.18324
0.246772
0.288568
0.669695
0.95125
2.507
0.76321
2.78832
2.60993
1.03569
0.541761
2.01771
0.857568
0.698071
0.681425
0.288196
0.753504
0.343718
0.751107
0.374975
2.09707
0.584953
0.942897
0.12951
1.16062
0.373639
2.34256
1.85066
0.410989
0.672476
0.679861
1.13456
1.06127
0.459757
1.12215
0.180706
0.58153
1.22165
0.544285
0.643711
1.10763
0.463477
0.576895
0.572081
0.288494
0.683055
1.15108
1.23515
1.73084
0.207898
1.26062
0.436407
0.163172
0.365773
0.323911
0.539201
0.344645
0.716209
1.08851
1.08973
0.479687
0.600337
1.88835
0.486807
0.99869
0.952412
0.133114
0.673107
0.740293
0.279869
0.356312
0.751211
0.434712
2.6541
0.905898
0.982369
0.863907
0.481237
0.464066
0.653731
1.39812
2.20421
0.200514
0.243905
0.416373
1.0348
0.631697
0.562919
1.32301
0.669083
1.07442
1.21124
0.694256
0.895251
0.162658
1.51545
0.299265
0.463529
0.0711493
0.621656
0.352552
1.10148
0.250304
0.255865
0.309309
0.661612
0.331438
0.386719
0.60614
0.608045
1.26594
0.495888
0.135656
1.49541
4.17936
1.01862
0.226581
1.48763
0.816722
1.7143
0.120424
1.90032
0.25921
2.09068
0.728448
2.23137
0.386171
0.455588
1.40399
0.733168
1.48028
0.325649
0.701991
2.4145
1.09735
1.13918
0.971071
0.643386
0.427879
0.621057
0.783617
0.30205
0.0942124
0.291347
2.3214
0.184203
0.573744
0.570116
0.98456
0.941479
0.427369
1.46234
0.230737
0.565828
0.283038
1.58162
0.760668
2.15963
0.419549
0.364955
0.471521
3.78792
1.18298
0.494889
1.08504
0.298177
0.457715
0.90013
0.664794
1.37161
0.370694
0.306082
0.435065
1.37162
1.38278
0.98539
1.29149
1.17574
1.59679
1.25189
4.03572
0.815593
1.60496
0.641993
0.328706
1.095
0.645193
0.425741
0.571294
0.485478
0.432329
2.10451
0.865046
1.25097
0.883479
0.764211
0.626127
0.332203
1.05823
1.01388
0.191935
1.28106
0.481021
0.266292
0.755552
0.147724
0.317114
0.487446
1.13562
0.357033
0.439014
0.836483
0.239816
1.66686
1.51603
1.49166
0.798363
1.54957
1.18985
0.54018
1.15213
0.967739
0.631594
0.0507168
0.401115
1.82845
0.548101
0.523581
0.269518
0.193628
0.230454
0.593122
0.32911
0.476357
0.729433
0.340392
0.428754
0.815798
0.12414
0.700941
0.824182
1.31374
0.820586
0.862643
0.335531
0.433016
0.890173
0.527694
1.16271
1.03787
0.497076
0.412182
1.4392
0.744274
2.42503
1.20861
1.14226
0.461571
1.32302
0.362997
0.250315
0.79731
0.464507
0.861338
1.50127
0.528274
0.271965
0.628854
0.745645
1.30758
0.395856
0.719955
0.812398
0.532061
0.820519
0.681007
1.08819
0.318155
0.371718
1.50228
1.6426
1.31292
1.25931
0.560381
1.04615
0.691472
0.742275
0.319984
0.794758
1.06883
0.290472
1.18467
0.686558
1.25502
0.894266
0.356905
0.946734
1.76493
0.330491
0.392862
1.07594
0.33562
1.75838
0.497046
0.298043
0.391246
0.69175
0.967481
0.400345
0.504558
0.317819
1.52558
0.0996181
0.316062
0.501535
0.662876
0.489448
0.524085
0.243607
1.02267
0.707823
1.1279
0.742368
1.58055
0.45704
0.34359
0.846196
0.514125
0.821859
0.375789
0.153781
0.329506
0.759009
0.672131
0.592586
0.531462
1.82991
1.53819
0.220179
0.891625
0.333816
0.48191
1.80146
0.898115
0.525382
0.750487
0.856897
0.772062
0.307959
0.524632
0.385911
0.32401
1.31917
0.643503
1.12167
0.219615
0.396484
0.503869
0.52675
1.58401
0.537491
0.80006
0.378284
0.444359
0.556771
0.438048
0.817509
0.65677
0.381068
0.76169
0.668328
0.846672
0.246043
0.458117
1.09117
0.917148
0.457311
0.551451
0.477461
3.01438
0.970541
2.11182
0.726916
0.974656
0.633209
0.861671
0.404787
0.222524
1.22111
0.743247
1.1198
0.78039
0.709486
0.393157
0.512189
0.322659
0.323947
1.24427
0.552339
0.560874
0.859296
0.360696
0.347463
0.818887
3.68576
0.417182
0.622761
2.26282
0.974331
1.73753
0.915682
0.412112
0.894005
1.35723
0.840058
1.89596
0.224218
0.459278
0.271031
0.493954
1.2207
0.507752
1.54684
0.806225
0.578089
1.09546
0.467773
0.161942
2.24121
0.492388
0.966181
1.67403
0.309971
0.502987
0.827926
0.315163
0.581962
0.285543
0.422133
0.447246
2.02554
0.368831
0.223561
0.604562
0.715244
1.10574
0.372405
0.976902
0.123677
0.361187
0.391072
0.58427
0.979366
1.41084
1.37648
2.29941
1.89646
0.660361
0.390929
1.04536
0.414801
0.562821
0.304837
0.39365
0.306991
0.447128
0.349632
0.513256
0.763425
0.91029
0.686473
0.203396
0.71859
0.519973
0.697453
1.04082
1.01786
0.301949
0.289091
0.0331025
0.330935
0.552917
1.64947
0.546986
0.54381
0.210596
0.731322
0.545303
0.968873
0.660146
0.125079
0.555198
0.454799
2.13329
0.622927
0.49861
0.252948
0.677547
0.334068
1.28624
0.498932
0.287489
0.629863
0.365406
0.7756
0.767457
0.5268
0.31673
0.926356
0.308706
0.500755
0.604222
0.34304
0.71869
0.418923
0.151645
1.48853
1.50092
0.159921
1.51953
0.224789
0.212114
0.990568
1.421
2.12443
1.07699
0.783105
1.13089
0.457399
0.884172
0.734526
0.152989
0.901711
0.671717
0.314179
0.64781
3.40215
1.43302
0.311748
1.45738
1.21408
0.587042
0.366038
0.276927
0.762303
0.3111
0.242655
0.810153
0.97164
0.481262
0.748128
1.92115
0.474888
0.175892
0.697472
0.865784
0.556783
0.372139
0.484518
0.531155
0.663437
0.574048
0.564346
0.445205
0.820241
0.816899
0.474412
0.343388
0.760743
0.343803
0.372619
1.35427
1.10141
0.260836
0.911991
1.00642
1.08623
0.544665
1.007
0.247235
0.573517
0.492182
0.546991
1.37772
1.51003
1.17715
0.559535
0.301921
0.37156
0.531873
0.860802
1.36063
1.6129
0.335092
1.04572
1.20889
0.289142
0.190743
1.72244
0.873404
0.415655
0.403666
0.930945
0.671973
0.30616
0.0848923
0.715233
0.556964
0.209182
0.960567
0.446961
0.764486
0.520236
0.452876
1.3722
0.653978
0.849704
0.450627
0.414943
0.313702
1.2898
0.351955
0.275797
0.689361
0.320055
2.15493
1.01717
2.12818
0.894186
0.992686
0.372649
2.88413
0.641545
0.493894
0.443481
0.0654887
0.579804
0.696513
1.65732
0.255955
0.506604
2.2328
0.41481
0.403713
0.529708
0.381608
0.22273
0.336566
1.33305
1.84247
0.374303
0.165593
1.36403
0.253463
0.347037
0.823334
0.991378
1.44051
0.728822
0.578375
0.333274
0.157799
1.70705
0.946134
0.262654
1.05039
0.485234
0.711746
0.5279
0.95939
0.652726
0.252713
0.40104
0.487369
0.7509
0.8137
0.786215
5.09611
0.698368
0.540986
0.650819
0.706128
0.478492
1.07026
0.833046
0.867927
0.408033
0.503428
0.354757
0.353449
0.771895
0.58861
1.16507
0.779609
0.430491
0.565615
0.475939
1.31262
1.94175
0.786393
1.41908
0.222577
0.885759
0.47157
0.355816
1.19048
1.02948
0.242151
0.616672
1.08193
0.468978
1.15776
0.876129
0.612225
0.487847
0.397969
0.66138
0.522309
2.89411
0.496491
0.591131
0.465618
0.743439
0.811431
0.403367
0.802891
0.568077
0.784957
1.3969
0.471828
0.700848
0.692265
0.911146
0.290387
1.34327
0.741625
0.723353
0.917215
2.79033
0.44449
3.40457
0.921099
0.360579
0.769046
0.407613
0.772426
0.320343
0.530919
0.841153
0.159788
0.234867
0.389135
0.957788
0.745246
0.540043
0.633337
1.64216
2.19713
1.18559
1.11207
1.41048
2.50874
1.98697
0.6114
0.419064
0.468153
0.622018
1.2571
0.250379
0.949444
0.176663
1.0448
0.382517
0.592861
0.283224
1.28531
0.655429
0.376749
0.533335
0.311393
1.60661
0.709673
0.535663
0.544764
1.02879
1.12915
1.82678
4.89187
0.7082
0.553034
0.321321
0.752167
0.663191
1.12454
0.906923
0.512188
1.09552
1.05941
0.499389
1.71289
0.490149
0.537957
0.387209
0.248597
1.72345
0.578462
0.413897
0.892937
0.421799
0.84514
0.879038
0.337765
0.696015
7.77478
0.393634
1.14258
0.749897
0.424115
0.28828
0.822624
0.196069
0.902667
0.411601
0.265528
1.3907
0.59484
0.489884
0.199364
1.0119
0.597334
0.545546
0.957136
0.611184
0.759163
0.563788
0.8534
0.55801
0.656494
1.7749
0.736155
2.16961
0.841352
0.652198
0.874518
1.65052
0.499447
1.26536
0.285302
0.408892
1.16471
0.846565
0.330885
0.623376
1.15166
0.209445
0.600327
0.230368
0.73289
0.484206
0.874368
0.486704
0.317939
0.377569
0.556941
0.990458
0.797981
1.16572
0.299848
0.59179
0.732025
0.224664
0.695715
0.309685
0.473088
0.334313
1.23262
0.414844
0.805689
0.532802
0.343347
0.732871
0.57578
0.759354
0.961846
0.938497
0.369939
0.790216
0.191524
2.07137
1.98595
0.487591
0.625994
0.471875
0.628612
0.492556
0.258043
1.14095
0.647988
0.870905
0.711786
0.909554
0.458222
1.29149
1.95641
0.92812
0.0963062
0.756069
0.245206
0.86625
0.952402
0.394406
0.560279
0.816316
0.252098
0.554104
0.997506
0.173291
1.14025
0.61112
0.48376
0.570962
0.391369
0.969511
0.872475
5.40596
0.304545
0.364739
1.63977
0.430927
1.88482
0.89992
0.938275
1.26193
0.217103
0.875336
0.237503
0.814369
0.641618
0.988069
0.579845
0.401062
0.655862
0.66833
0.488071
0.880817
1.37655
1.12617
0.557558
1.23863
0.18356
0.71166
0.311918
0.814607
1.2939
0.721462
0.321538
1.22782
0.384817
1.14145
0.611036
0.835811
1.06939
1.0957
0.59869
2.41387
1.00829
1.26545
0.604792
0.740646
0.433976
1.108
0.447554
0.968008
2.0783
1.66095
0.73811
0.311703
0.236387
0.320072
0.835435
0.316174
1.1193
1.09415
0.259774
0.538776
0.826129
0.424368
0.445025
0.498654
0.698709
0.324714
0.411527
0.362998
0.464293
0.501424
0.345609
0.788905
0.276872
1.06149
0.447306
0.270412
0.63373
0.0886427
2.59379
1.38878
0.802599
0.238792
0.556882
1.36177
0.890447
0.958447
0.488362
0.209084
1.0144
1.55006
0.697632
0.450561
0.700753
2.20845
1.76422
0.773085
1.27446
0.432358
0.35546
1.90573
0.58095
0.392975
0.27912
0.871128
1.57823
3.49659
0.599067
0.658059
0.542591
0.50868
1.45181
1.01088
1.18401
0.721403
0.517542
0.232899
0.266426
0.460597
0.563175
0.722558
0.412171
0.897226
4.33604
2.25403
0.147481
0.292485
0.839875
1.3102
0.345318
1.21077
0.880047
1.39001
0.482246
0.945354
0.0961784
0.409063
1.07874
1.61128
0.224979
3.77609
0.408761
0.225091
0.747006
0.347951
0.164221
0.45616
0.1816
0.871116
0.585577
0.681746
2.17022
0.762283
0.818595
0.439288
0.69301
0.580353
0.885001
0.470138
1.16885
0.271175
0.325222
0.346349
0.199609
0.429252
0.485641
0.481293
0.473088
2.05941
0.785442
0.555116
0.903721
0.942173
0.427316
0.372439
0.241149
0.478031
0.947152
1.16923
4.72257
0.696645
1.14961
0.613663
1.24338
0.164976
0.536299
0.092469
0.123637
0.695779
1.46495
1.13338
1.50578
2.75274
1.23833
6.80803
0.592891
1.02228
0.577229
3.19051
0.525434
2.01895
0.730093
1.39106
0.539866
0.350424
0.261379
0.572635
1.64486
0.374801
0.355237
0.823476
0.374912
0.575456
0.611219
0.532187
1.16966
0.464924
0.35675
1.12287
0.581665
0.866368
0.985
0.401656
0.668516
0.684954
0.739329
0.709993
0.88622
0.457608
0.412821
1.66099
0.768096
0.637455
0.497962
1.00795
0.790713
0.151599
1.01195
0.985059
0.784403
0.438289
0.217986
0.55041
0.571778
0.990366
0.320565
0.66085
0.484582
1.88669
0.411039
0.938148
2.78387
0.251321
0.16184
0.410017
1.46599
0.386218
0.439233
0.507584
0.419147
1.69206
0.98867
0.657246
0.809522
1.84927
0.493834
0.763439
0.333409
1.42884
0.473004
1.34802
0.498374
1.99268
0.541903
1.04945
0.674314
1.53142
0.823337
0.354844
0.345391
0.382595
1.58175
0.521149
0.548851
1.01834
1.01744
0.707566
1.15382
1.13672
1.00715
0.38882
0.83665
1.2479
0.936545
1.09319
0.749098
0.19142
0.667072
1.75293
0.591369
0.858666
0.629912
0.409624
0.862267
0.425015
0.980567
0.738181
0.671752
0.166109
1.11361
1.04653
0.45161
0.516239
1.18894
0.436715
0.151167
0.424903
0.361448
0.639075
0.656514
0.74511
1.41661
0.62441
1.57115
0.686015
0.368204
1.30523
0.37512
0.649004
2.08279
0.233222
0.886453
0.822706
1.75768
0.670207
0.690588
0.492032
0.689064
1.66535
1.15406
1.43537
1.02694
0.362158
0.513208
0.182987
0.34987
1.29082
1.0931
0.780804
0.689793
0.555036
0.595856
0.784705
0.367261
0.772951
0.548653
1.01129
0.404332
0.223214
0.225915
1.2752
1.2471
1.66353
0.323145
1.10202
1.06073
0.199996
1.32555
0.953245
0.623183
0.521111
0.38244
0.966859
0.510106
1.467
0.551325
0.551495
0.611482
0.915989
0.330516
0.384246
0.498659
0.394828
0.993247
0.379779
0.573803
1.83191
0.564508
1.73995
0.61022
1.10842
1.2935
0.443259
0.402848
0.350843
0.217929
0.729297
0.492107
0.90706
0.410853
3.88286
1.12037
0.696445
0.709017
0.895404
1.7398
0.999419
0.317688
1.58775
0.930954
0.259252
0.517063
2.09882
0.729349
0.973117
0.964394
1.29316
0.841708
1.02424
0.992291
0.570215
1.57115
0.200131
0.777379
0.661965
0.696649
0.280076
1.24127
0.484507
1.18826
0.288019
0.504977
0.351987
1.2627
0.482811
1.09072
0.621996
1.12874
1.10186
0.334806
1.63449
2.21068
0.536652
1.03455
1.19762
2.05235
0.294759
0.424414
0.340435
1.09726
0.836098
1.9294
0.838947
0.282916
0.471617
0.549412
0.231118
1.3123
2.54437
0.591425
0.832879
0.995815
0.295383
0.883438
0.871456
0.600479
2.3468
0.805439
1.02156
0.474432
0.463814
1.02311
1.27823
0.414929
1.40041
0.362263
0.446273
0.431672
5.48454
0.571373
2.32713
0.33576
0.444961
2.2681
0.751756
0.464712
1.6183
0.736478
0.310373
0.262655
1.09324
0.962738
0.225498
0.981204
1.55201
1.81925
0.29306
1.11914
0.903117
0.279448
0.999575
1.61638
0.396697
0.318415
0.619576
1.14499
0.278894
0.67199
0.399241
0.255619
1.39352
0.400975
0.370862
0.165284
0.481633
0.424407
0.7789
0.273396
0.564057
0.494752
0.902914
0.513161
0.449462
0.61688
0.489477
0.611053
0.389974
1.16953
1.04223
0.182181
0.708652
0.579527
1.31459
0.348864
1.41496
1.6474
0.888018
0.247419
0.330936
1.15712
0.371259
0.455417
0.256352
0.476716
0.772461
1.00394
0.580134
0.134692
0.584021
0.367172
0.535544
0.293607
0.741684
1.01188
0.556164
0.989893
0.525371
0.618243
0.602413
0.630665
1.5722
2.81454
1.10096
0.687236
0.717014
0.502507
1.45201
0.879966
3.23525
0.587065
0.377013
0.688515
1.01324
0.687987
1.24498
1.80428
0.414612
1.00362
0.528589
0.499304
0.293853
1.26138
0.647814
0.423875
2.2927
0.754517
2.25681
0.77039
2.24168
0.806913
0.336981
0.746442
0.250499
1.84066
0.426859
0.275356
1.33481
0.266789
0.905426
1.23349
0.844619
0.43045
0.788343
0.361099
1.55324
0.940201
0.846987
1.07245
0.345743
0.693827
0.596886
1.46515
0.794319
0.134569
0.383357
0.176388
0.39154
1.5236
0.665081
1.69865
0.242958
0.411037
0.138471
0.373338
0.353669
0.583712
3.09926
1.65384
0.561603
0.499652
0.435165
0.0902532
0.561283
0.0925481
0.608519
0.393218
0.578357
0.987613
0.270637
3.29671
0.936948
0.414755
0.609976
1.59513
1.34109
0.632256
1.10645
0.708867
1.28748
0.596075
0.85452
0.169479
0.333824
0.579601
1.0456
1.37161
1.60112
1.70887
1.69753
0.984736
1.03741
0.377474
1.65831
0.551778
1.2813
0.593547
0.386163
0.26019
0.449914
0.760543
0.464394
0.94799
0.451585
1.64029
0.73283
0.933409
0.21251
0.208036
0.439012
0.478176
1.49469
1.8523
0.554446
1.16279
0.549994
0.646506
0.408502
1.15124
0.718933
0.774168
0.730978
0.197303
1.00663
0.997708
0.325232
2.5592
0.229823
0.977705
0.792145
1.40397
1.53913
1.23048
0.489742
0.890055
0.83161
0.967933
0.719875
0.499907
0.48096
0.636882
0.216781
0.390775
1.28525
0.68697
0.142379
0.861775
1.98685
0.429801
1.51639
0.375589
1.31109
0.421752
1.11737
0.912848
0.25267
1.11286
0.466164
1.19739
0.391646
1.39697
0.734647
1.03656
0.835429
4.51517
0.954012
0.157903
0.740389
0.562281
0.834992
0.229206
0.248478
1.20797
0.694922
0.536257
0.253365
0.377099
1.33262
0.953941
0.560724
0.53719
0.405044
0.578164
0.972714
0.161005
0.590623
1.09368
0.657215
2.71772
0.841607
0.195117
0.485499
1.13261
0.292208
0.407442
0.820933
0.200109
0.367603
0.70698
0.823295
0.203075
0.558188
0.391318
0.613191
0.903805
0.337601
0.265256
0.784647
0.369268
1.14739
0.852875
0.384698
0.199995
0.864555
0.189395
0.583029
0.790662
0.699204
0.715634
1.56095
0.43926
1.742
0.261676
2.26043
0.599693
0.41472
2.00211
1.18778
0.764194
0.424096
0.48381
1.22645
0.513206
0.747006
0.647581
1.55532
0.538508
2.25143
0.254781
0.501381
0.390591
0.530281
0.497656
0.783318
1.89662
1.0461
0.321181
0.514634
0.696173
0.360917
0.328214
1.02991
1.00001
0.731434
0.675314
0.312871
1.25583
0.598276
0.392492
1.18293
0.235246
1.14196
0.294963
0.920823
0.391045
0.627703
0.372765
0.925739
0.832138
0.673589
2.26694
0.168167
0.260078
0.333595
1.46057
0.590467
0.140973
1.34041
1.21309
1.68011
0.703891
0.739533
0.602224
0.888388
4.709
0.793928
0.534234
1.14486
0.578691
0.0633285
0.8373
0.381441
0.815672
0.42853
0.806431
0.102013
1.0316
1.24591
0.924417
1.68366
0.369069
0.95722
1.99857
0.384013
0.632149
1.08834
1.60051
0.384805
0.449814
0.394217
1.2444
0.663345
0.760387
1.03645
0.34999
0.959339
1.09431
0.764868
0.57553
1.29687
0.512504
0.519981
0.260152
0.514905
0.488051
1.62468
1.55751
0.446763
0.373984
0.244162
1.49832
0.939928
2.05323
1.89551
1.5325
0.715039
1.0396
0.655044
0.595509
1.23866
0.54977
0.224927
0.467041
0.732183
2.73428
0.745258
0.608292
0.52038
0.370099
1.56429
1.04329
0.963033
0.50048
0.628164
0.313438
0.364288
0.840937
0.366115
0.727773
0.931958
1.14856
0.491384
1.18686
0.430052
0.464236
0.541547
0.844456
0.617721
0.548138
1.19869
0.552708
0.112272
1.00334
0.418824
1.37993
1.49409
1.32181
0.720507
1.05282
1.42819
1.37105
0.247859
0.630889
0.478156
0.161097
0.285383
0.525887
0.269411
1.05429
0.61542
0.587426
1.6306
0.214794
0.325899
1.2329
0.774571
0.433302
0.974201
1.20822
0.957434
0.711728
1.06357
1.32694
0.49579
0.664373
0.225756
0.120323
0.592045
0.315855
0.643291
1.17726
2.06877
0.485439
0.933652
0.442869
0.792226
1.27578
1.08387
0.873022
0.46589
0.309899
0.678858
1.59218
0.495002
0.202499
0.79281
0.36546
0.279611
0.319328
0.556833
0.797171
1.47107
1.12179
1.04631
0.768223
0.928657
0.969919
0.666708
0.413981
0.58439
0.582951
0.38662
0.511364
0.445781
1.41171
0.340947
0.930091
0.959659
0.716127
0.675991
0.709208
0.360994
0.666534
0.294488
0.446637
0.949817
0.711843
0.478817
0.894454
0.257444
0.91779
0.932915
0.463393
0.447347
0.616918
0.158206
0.304735
0.590824
2.3508
0.444971
0.917963
1.96089
0.538869
1.73789
0.516635
1.197
0.549933
0.456619
1.02217
0.382114
1.23601
0.514682
2.014
0.68055
0.226779
1.83049
0.429303
1.83672
0.691825
0.784627
0.592601
0.549274
1.08506
0.512457
1.69899
2.58166
0.438936
1.00743
0.48491
4.09875
2.6089
0.755633
0.479431
1.18612
0.918876
0.843265
0.472074
0.615749
0.262087
0.553921
0.775413
0.41707
1.47786
1.06116
1.32104
1.24799
0.484473
0.75748
0.821313
0.934686
2.14456
1.87598
0.782837
0.73794
1.03398
0.271392
0.79102
0.365432
1.00915
0.370755
1.23678
0.504034
0.151145
0.549676
2.25166
0.289914
0.203599
0.577105
0.870678
0.492761
1.86661
0.761521
0.550081
0.588102
0.351001
0.181407
0.91284
2.10535
0.962027
0.320897
0.568663
0.315537
0.546042
0.547433
0.420931
1.97845
0.24146
1.25448
0.280192
0.660794
0.284649
0.251882
0.716565
1.43212
0.316335
0.223956
1.06241
0.595891
0.278286
1.21133
4.13224
0.455338
0.184883
0.386759
0.384113
0.311073
1.10166
0.380609
0.14812
0.252338
0.896736
0.435011
2.06341
0.686246
0.475367
0.659264
1.07101
1.39948
0.583266
0.770223
0.536752
0.413538
1.31583
0.857375
1.13696
0.601856
0.271109
1.00617
0.396368
0.268456
0.522068
0.380854
0.703499
1.32143
0.840219
0.735656
0.124815
0.122072
1.97997
1.38963
0.20696
0.338459
0.512319
0.450188
0.820076
1.03773
0.508542
0.274684
0.0848401
0.388116
1.62077
0.752778
0.586612
1.37059
1.0328
1.43317
1.02503
0.561385
1.13608
1.07762
0.546469
0.215529
0.591404
0.846158
0.819041
0.574818
0.664729
0.119191
0.282685
0.299962
1.81224
0.658095
1.10748
0.329177
0.201343
0.89851
0.929575
0.364773
0.670414
0.859989
0.505778
0.976953
0.508188
0.306205
0.377027
0.656704
1.46211
0.670921
0.171244
0.799972
1.53936
1.55279
0.295255
1.32507
0.252265
0.340027
0.899468
0.730263
0.267809
0.645247
0.598839
1.90208
0.600136
0.33106
1.03196
1.35215
0.188464
1.39961
1.28975
1.08665
0.335379
1.07969
1.59892
0.951519
0.414352
0.352346
0.334628
0.876838
0.324944
0.559729
1.35814
0.26699
0.195181
0.361238
0.553604
1.43405
0.296384
1.10327
0.433995
0.810081
0.283961
0.630516
0.310459
0.469947
0.847136
1.33219
1.1067
0.300732
0.239228
0.643832
0.644909
0.908808
0.25003
0.534554
5.52464
0.302959
1.99891
0.0881403
1.48078
0.492924
1.36104
0.565432
0.188429
0.933331
3.38753
1.07997
1.63822
0.866501
0.561271
0.204747
0.541105
0.59805
0.673942
0.443748
1.19364
0.617834
1.94663
0.682174
0.830655
0.376463
0.792909
0.365389
0.170205
1.26373
0.413357
0.0735585
0.432118
0.954369
0.219698
0.337591
1.04346
0.814608
1.17982
1.79139
0.629281
0.728477
0.645549
1.52045
1.81808
0.513473
0.779598
1.88361
0.416585
0.755229
0.654475
1.17406
2.25639
0.557718
0.231393
1.77392
0.281513
0.955229
4.36615
1.16872
1.71583
0.717563
0.427254
0.221672
1.25874
0.994609
0.380426
0.591525
0.78759
1.549
1.26736
0.629379
0.656498
1.04261
0.405526
1.37063
0.914805
0.752576
1.59203
0.54603
1.35238
0.20806
0.850257
1.02492
0.868361
0.535832
1.07872
0.680114
0.848126
0.572481
0.657039
0.809201
0.434398
0.485346
0.73244
0.346836
1.8107
0.276566
0.306539
0.938805
0.778006
0.207031
0.374452
0.795875
0.417862
1.60919
0.816676
0.410497
1.40767
1.07479
0.883894
3.32851
2.10819
1.75738
1.10076
1.37703
0.469208
0.381515
