0.674874
0.301102
2.04112
2.30318
0.930453
0.208012
1.08272
0.755446
0.873313
0.271291
0.332157
0.286204
0.897054
0.289425
0.778007
0.363136
1.31964
0.585063
0.567951
0.595429
1.12806
2.62772
0.90709
0.335419
0.379515
0.362586
1.20071
0.272921
1.30729
0.724152
0.996036
0.720727
0.415757
0.262978
1.6393
0.839296
0.211356
0.801343
0.478941
0.471703
0.691613
0.876433
0.554885
3.72931
0.322654
0.560503
0.880598
0.341576
0.378518
0.429784
1.04897
0.615624
2.35702
0.548515
0.410863
0.412715
0.322452
0.330483
2.76175
0.578368
1.2068
0.780489
0.503642
0.834602
1.33489
0.75821
1.189
0.630422
0.749773
1.88898
0.41215
1.18212
0.722495
0.798912
0.618527
0.612215
1.07724
0.179228
0.912614
0.783323
0.23463
0.422273
1.38788
0.322403
0.233775
0.707542
0.507969
0.399239
0.846564
1.29599
0.926879
0.319252
0.572399
0.628435
1.65776
1.04054
0.498526
2.90446
0.653908
0.479865
0.273817
0.98714
0.319723
1.41363
0.393143
0.464944
0.782832
0.416945
0.825766
0.393089
0.637099
0.596586
1.84773
0.915823
0.455887
1.06725
1.01804
0.926123
1.13257
0.811884
0.864146
1.03364
0.528466
0.271511
0.398359
0.356347
0.771667
0.312391
1.79398
0.311473
0.844848
1.21892
0.378382
1.22723
0.424636
0.953246
1.21242
0.856326
0.730705
0.483011
0.621947
0.427685
0.73914
2.59294
0.97718
3.88545
0.86932
2.23132
0.188098
1.40258
1.4985
1.14809
0.641654
0.946921
0.928901
0.445533
0.429098
0.126295
0.214142
0.876149
1.13358
0.251279
1.28106
0.455351
2.41353
1.23478
1.71475
0.25751
0.476912
1.87804
0.200608
0.313305
0.774179
0.567779
0.762844
0.620775
0.179638
1.12964
0.143145
1.13773
1.73751
0.165747
0.367817
1.48125
0.576757
0.375144
0.259097
4.24667
0.602775
0.427938
1.02365
1.87753
0.1328
1.19334
3.29997
0.665263
0.893694
0.845861
0.799136
0.217031
0.670968
0.553375
0.574589
0.499376
1.03315
0.533109
0.555494
1.0025
0.288434
0.405795
1.13424
0.334949
1.00994
0.280772
1.33938
2.00873
1.50548
0.329587
0.577289
0.796478
0.497643
0.724707
0.793331
0.290507
0.666076
0.445885
0.247857
0.679038
1.23353
1.59046
0.0864745
0.514463
0.258125
0.358343
1.58137
0.270661
0.0401014
0.654224
0.336039
1.28847
0.879708
1.10872
0.662118
0.814525
0.3591
0.247604
1.26576
0.54201
0.44243
2.29474
0.275694
0.91656
1.9309
0.908583
0.229811
0.205161
0.45575
0.534304
0.717447
1.99319
0.815005
0.756503
3.50474
0.55994
0.525605
1.17329
0.443326
0.653803
0.787556
0.303844
0.346853
0.658922
0.740312
0.475263
1.0944
0.274767
0.378687
3.03919
1.23993
0.693471
0.223351
0.714312
0.218773
1.56123
0.359962
2.38216
1.37073
0.239714
0.64238
1.21525
0.583952
0.091986
0.953072
1.04182
0.459508
1.16359
2.79281
0.559159
0.8444
0.851822
0.855229
0.312393
1.01786
0.396893
0.55878
0.923261
0.50921
0.316897
0.788589
0.876017
2.99687
0.59439
1.41402
0.841583
0.487885
0.57561
0.502079
0.234575
0.547271
0.41071
0.654706
0.317725
0.224663
0.6772
0.732639
1.10712
1.38954
0.414523
1.50019
0.689712
1.52308
0.746587
1.25777
0.754744
0.639227
0.941576
0.326563
2.50865
0.652206
0.716927
0.934878
0.245589
1.14142
0.113948
0.731263
0.441424
0.810179
0.920546
0.960768
0.632076
0.487462
0.554881
0.860694
0.320959
0.288795
0.624865
1.2729
0.613829
0.434631
1.29512
1.17448
4.50307
3.42631
4.45517
0.622523
0.534283
0.434342
0.595595
0.572382
0.311625
0.404938
0.358033
0.701889
0.865238
0.604976
0.374579
0.592006
1.00837
1.00405
1.19779
0.297895
0.644672
1.4374
1.18625
0.426763
1.94943
0.50392
0.196099
1.71306
0.802776
1.58675
1.20606
0.676171
0.532565
0.539701
0.303004
2.07813
2.55436
0.529733
1.11627
1.2017
0.352004
0.589841
0.0506898
1.95561
0.434644
0.216808
0.900815
0.599919
0.31973
0.599483
1.33617
1.63947
1.52636
1.01912
1.01339
0.541891
0.12972
1.24891
0.646016
0.756591
0.34613
0.395436
0.103749
0.619455
0.599611
1.0469
0.892257
2.71854
0.159047
0.332024
0.719963
0.855258
3.43535
0.485978
1.01892
1.28562
0.995084
0.581557
0.66596
0.377264
0.520192
0.494904
0.598568
1.36274
0.469847
1.32041
0.258229
1.0011
2.42455
0.94333
0.739467
0.684527
1.01687
0.372284
0.579594
0.463083
0.178975
1.5446
0.897793
0.51455
1.16697
0.358723
0.729847
0.731578
0.123008
0.222404
0.902054
0.530992
0.773426
1.06676
0.81605
0.772039
0.845778
0.227919
0.605829
0.868581
0.202842
0.977805
0.99276
0.696323
0.550846
0.425786
0.572887
0.440568
0.307799
0.469844
0.678908
0.361469
0.279286
0.349844
0.455304
0.598555
0.776185
0.815649
0.622166
0.90822
1.4475
0.453619
0.437655
1.77457
0.265323
0.547786
0.584322
0.721853
2.02076
1.3083
0.929461
1.74423
0.703263
0.777553
0.4171
0.602057
0.309826
2.91792
0.314834
0.980925
0.364756
0.890156
0.606647
3.31708
1.54958
0.988801
0.712156
0.693874
1.56712
0.690542
1.36354
0.488271
0.837542
0.562895
0.79592
0.268571
0.804075
2.10618
0.590558
0.420518
0.528647
0.780709
0.444923
0.225936
0.646555
0.314581
0.838127
1.09629
0.719668
0.900772
0.742631
0.630949
0.88407
0.568777
2.69172
1.87603
0.65664
0.615063
0.934491
0.716793
1.51352
0.64595
0.355781
1.05343
0.473286
1.28926
0.298809
0.886082
0.917067
0.57307
0.512813
0.564568
1.87681
3.32332
0.174937
0.666127
0.759288
0.317333
2.06117
3.35736
0.280769
0.330412
0.765585
0.824815
0.257216
0.768639
1.87155
0.42365
0.952017
0.158864
0.55664
0.298357
0.556693
0.697174
0.759404
0.780496
0.206248
0.303973
0.458779
0.592211
1.5541
2.8458
0.429184
0.798373
0.582188
0.244886
1.98405
0.676223
0.304622
0.346552
0.6889
0.165638
0.989702
0.0892105
0.906121
0.250107
2.29714
0.762126
0.951643
0.577415
0.800521
0.363709
0.640845
1.70289
0.291704
2.48908
0.465263
0.533275
0.218532
0.638928
0.864155
1.5218
0.983612
1.48666
1.61023
0.404604
1.61784
0.377076
0.21864
0.362061
2.18575
0.958926
0.559192
0.381284
0.994332
0.306953
0.755132
1.23821
1.29196
0.82004
0.433263
4.5235
0.93265
1.09739
4.12912
0.722183
1.28322
0.440461
0.940016
3.01888
0.716808
0.248884
1.1379
0.784391
0.438034
1.02003
1.11882
0.739207
0.213326
1.83161
0.683545
0.897663
2.13193
2.04659
0.770457
0.539032
0.883249
0.568349
0.319444
0.432036
2.74393
1.44776
0.850713
0.82523
0.365815
0.400463
0.417042
0.631215
0.393234
0.905756
0.944325
0.861916
0.685136
1.17577
0.612847
1.59506
0.271631
0.88435
0.551906
1.33828
0.530024
0.368397
0.593385
1.41791
0.452486
1.77003
0.523409
0.658268
0.36611
0.468461
0.198005
0.419571
0.584493
0.94521
1.1244
0.5224
0.500995
0.987832
0.366812
0.314402
1.1927
0.38244
0.70434
0.439948
2.86041
0.947048
0.658247
1.46874
0.151814
0.630678
0.28849
0.588224
0.428891
0.892769
0.609651
1.63696
0.671825
2.14783
0.651108
0.229515
0.768255
0.31008
0.81932
1.00207
0.534699
0.251046
0.472327
0.489686
0.372712
0.677572
0.364291
0.229031
1.17675
4.96187
0.550415
1.03237
0.415535
0.74868
1.75548
1.35146
0.208086
1.0378
1.00614
0.549393
0.993388
1.05052
0.200467
1.57444
0.526747
0.987873
0.728868
1.13592
1.53693
2.33803
0.668041
0.661145
0.914858
0.0328609
1.5704
0.716109
0.401313
0.70579
0.859163
0.316891
1.01557
0.355445
1.28369
0.82433
2.28438
2.2355
0.165585
1.5676
0.752856
0.484433
3.18931
2.26056
1.25533
0.352315
1.00206
0.925921
1.14211
0.706095
0.339236
0.490209
1.03174
0.819349
0.372092
0.670241
2.24851
0.41778
0.692779
0.803901
0.812685
2.22984
0.663871
0.300176
0.742312
0.327225
0.71811
0.356409
0.253251
0.505649
1.50001
2.86104
2.09955
0.788037
0.62753
0.663345
0.877795
0.319836
0.539976
1.58903
0.478603
0.819368
1.67431
1.63978
0.756322
0.807917
0.877664
0.659812
0.878544
0.856811
2.32355
1.12395
0.5567
0.232285
2.17876
0.63601
3.79168
0.876871
0.742009
0.659701
2.43234
1.13201
0.723492
0.675054
1.51887
0.153297
0.676723
0.343522
0.385931
0.942944
0.133347
0.334074
0.288242
1.72146
2.29572
0.699903
0.53091
0.593734
0.387427
1.24101
1.04267
0.382088
1.74182
0.672161
0.505555
0.211549
0.128264
0.661892
1.14562
0.530112
0.510395
1.31324
0.553528
0.460572
0.609518
0.280282
0.866198
0.519576
0.203267
0.288167
1.72797
0.639717
0.684947
0.611469
0.776751
0.679663
0.349871
1.18912
0.678823
0.725132
0.9617
0.695531
1.75471
0.410701
0.827243
0.67571
0.263769
0.894107
0.401753
0.842536
0.287925
0.713127
0.673841
1.39362
0.672099
0.398905
0.778836
0.408044
0.287095
0.262632
0.409893
0.781366
1.04144
0.589432
0.231241
0.41313
1.33307
1.19874
2.56342
1.55524
0.317232
0.418149
0.552659
0.739396
0.291717
1.06282
1.07341
0.895677
1.43485
0.314949
0.408885
0.540301
0.708551
1.27459
0.328351
0.294555
3.89698
0.899616
0.95269
1.64974
1.20227
0.354916
0.425305
0.402247
0.358926
0.61627
1.29313
0.713449
1.49503
1.11553
1.36825
1.62821
0.653557
2.34764
1.03965
0.718946
0.285095
0.593263
0.948209
0.874991
0.64941
1.13204
0.192296
0.656965
0.662205
1.87248
0.817277
0.377301
0.390196
0.291933
0.859174
1.04095
1.18787
1.97973
0.488016
0.365487
1.00911
2.0053
0.298288
0.545554
1.06143
0.460721
0.489864
0.431478
2.2035
0.189828
0.816581
0.207185
0.736346
0.301045
0.416695
0.426822
0.816519
1.23967
0.864105
1.28441
1.98109
0.595728
0.593158
0.522594
0.247782
1.82668
2.29266
1.11953
0.428841
0.607618
0.45228
0.368776
0.300028
0.891889
1.18544
0.770065
0.811291
0.765861
0.294495
0.28447
0.323017
0.515121
0.507121
0.636589
0.656201
0.429715
0.511016
0.393854
0.440319
0.398846
0.647227
1.35478
0.835249
1.78326
0.636528
0.644427
0.358365
0.45976
0.649955
0.593274
1.16071
0.629513
1.73726
1.23447
0.560837
1.33866
0.229897
0.23989
1.12869
1.0318
3.0843
0.98466
0.337615
0.254283
1.23562
0.324121
0.726494
0.245722
0.714325
0.12175
2.76176
0.207566
0.259748
0.806807
1.65161
0.235419
1.16302
0.4516
0.742688
1.11537
0.362799
0.539383
0.484911
0.219164
0.335181
0.633077
0.29752
0.141307
1.44981
0.546739
0.494228
0.498599
0.155313
0.473306
1.27619
1.28564
0.26655
0.508337
0.920914
0.455996
0.50222
0.673939
1.71847
3.29487
1.60118
0.606207
1.10758
1.20089
0.0752195
2.06536
0.938425
0.821651
1.17146
0.63778
1.18661
0.753659
0.108222
1.42804
1.13389
1.00863
0.578032
1.03826
1.06419
0.54503
0.120195
0.405437
1.43749
0.246066
0.990287
0.645083
1.61144
0.693605
2.6433
0.943618
1.88913
0.618163
1.90108
1.48894
0.786473
0.572853
0.655446
0.260406
1.76384
0.706137
0.294371
0.405857
0.274297
0.455998
0.81381
2.88769
0.824215
0.718139
0.498056
0.506956
0.581988
0.957074
0.942999
0.88181
2.5554
0.78772
0.546411
0.235799
0.94335
0.49873
0.324364
0.409919
0.435415
0.754616
0.784488
1.93983
0.569195
1.83086
0.520356
0.63364
0.671648
0.343659
0.357876
0.110661
1.06125
0.836851
0.897305
0.417369
1.65781
0.61106
0.391079
0.610447
0.550577
2.52721
0.446159
0.408042
0.505098
4.03339
0.479252
1.22504
0.193859
0.879921
1.63939
0.279466
0.976332
0.83176
1.1885
0.910766
0.818873
0.257929
1.44782
1.18867
0.966198
0.162703
0.831086
0.796766
0.627642
0.939714
0.529766
0.26427
0.627064
0.997988
2.22382
1.18214
2.04127
1.72768
0.84798
0.593504
0.512366
1.42691
3.88699
0.84942
3.5746
0.139974
0.681871
0.700161
1.10378
0.257479
0.686229
1.01369
0.730566
0.64193
1.34006
0.636824
0.291662
0.473205
0.335567
2.37545
2.80376
0.290051
0.404829
1.08997
0.803816
0.23397
0.526819
1.33616
0.328897
0.737004
0.810962
0.831283
1.29973
0.704279
0.559299
1.11192
0.557282
0.642473
0.750368
0.590374
0.197325
1.07261
1.10526
0.910794
0.987433
2.69558
0.586582
1.53394
0.59384
0.849578
0.419524
1.3728
0.263856
0.532718
0.740414
0.325215
0.422541
0.451902
0.351535
2.67071
1.11689
0.422083
3.89956
1.90408
3.17414
0.579068
0.556691
1.14962
0.899744
1.34338
0.78658
0.550115
0.245276
1.1932
0.589609
0.504258
0.331757
0.746598
0.917411
0.709709
0.612281
0.0613062
0.779285
0.611454
1.88468
0.812983
1.19087
1.13801
0.671152
0.676707
0.537567
0.687103
0.214039
0.280338
0.19315
3.88238
0.48618
0.409171
0.41104
1.03748
0.182669
1.12977
0.477608
0.621751
0.558636
1.32507
0.533709
1.44756
2.74042
0.380464
0.502878
1.6393
0.842367
0.52328
0.469779
0.290503
0.607933
0.683558
0.70116
1.2491
1.24436
0.463598
0.283646
1.68724
0.583656
1.37355
0.389101
1.04842
0.346409
0.651505
0.724519
1.02372
0.531897
0.812915
0.573447
0.294345
2.3324
1.02845
0.538627
1.53278
2.8635
0.500198
0.317285
0.530197
0.641662
0.750412
0.969717
1.11768
0.324871
0.48834
0.753958
0.510462
4.23158
1.4347
0.648822
0.441949
0.254872
0.551107
0.422224
2.45308
0.676386
1.27478
0.729282
1.132
0.700189
0.418487
0.735856
0.707472
0.688392
0.760458
0.522043
0.158023
0.629816
0.839669
0.667967
0.246862
0.620673
0.692348
0.0912183
0.351985
0.624539
0.638298
1.00612
0.621237
3.30134
1.18038
0.874168
0.734687
0.894534
0.52978
0.32979
0.554423
0.829862
0.284658
0.550645
0.674839
0.698605
0.999231
0.292854
1.93018
0.94213
3.0861
0.57646
1.8647
0.644465
0.939387
0.334416
0.596758
0.989267
1.38224
0.536373
1.2832
1.49458
0.970712
0.172728
0.870515
0.471457
0.950657
0.666274
0.521101
0.448624
0.314452
0.291403
1.59734
0.88692
0.533497
0.733242
2.31547
1.4097
0.717755
0.295178
0.601033
1.12437
0.696744
0.547826
0.221653
0.451492
0.814926
0.78081
1.7426
0.306539
1.0109
0.299473
0.36256
0.886427
1.18048
0.347073
0.791913
0.989363
0.473061
0.382983
0.475083
0.523189
1.18349
0.497895
1.49705
0.366576
0.545996
0.274974
0.596873
0.415867
1.13307
0.411219
1.9336
3.5111
0.539017
0.50343
0.402304
0.441331
0.316172
0.86699
0.139002
0.306125
0.376525
0.215497
0.73563
0.313607
0.62732
2.17236
0.617218
2.15343
1.66409
0.551816
0.996021
1.59029
0.871626
0.817614
0.163992
0.497858
0.825567
0.741528
0.878119
0.438108
0.428384
0.212832
1.08303
0.823688
0.427372
0.228663
0.122312
1.36052
0.578245
0.910479
0.747976
0.644764
1.67816
1.0906
0.450626
1.07772
0.731672
1.23249
0.177565
0.231301
0.536868
0.839703
0.155476
1.03993
0.781748
0.482975
0.81203
0.490046
0.329948
1.07469
0.516131
1.10373
1.70338
0.643242
2.25435
0.15217
0.231111
1.31853
0.52411
0.490631
1.28767
1.88983
0.651866
1.08679
0.825567
0.579052
0.235707
0.478061
0.246398
0.705057
0.594124
0.219783
0.229522
0.829789
0.584348
1.3195
0.575094
0.561866
0.918412
0.782437
1.58977
0.923273
0.658331
1.06929
2.67429
0.792095
0.91357
1.07266
0.770669
0.35576
0.416707
0.334501
0.644855
0.629831
0.68675
0.664771
1.95713
0.98274
4.60616
0.709105
0.609723
0.700835
1.3923
0.737813
1.47241
0.534996
0.581121
0.585638
0.303719
0.520852
0.664891
2.2241
0.602424
0.385364
0.871023
0.461238
1.45081
2.5669
0.801431
0.762188
0.403265
0.39339
0.724203
0.858318
3.1261
1.30232
1.66095
1.10796
0.73849
0.500017
2.11912
0.261528
0.95719
0.776259
0.747316
0.340299
0.687929
1.84766
2.26525
2.55283
0.438968
0.867583
0.123879
0.82916
0.348051
0.370379
0.444343
1.49834
1.70204
0.766707
0.654177
0.193361
0.165128
1.04424
0.297589
0.3485
0.418347
1.44194
0.418992
1.46141
2.77679
0.710346
1.46674
0.873523
0.187258
0.398839
0.955636
0.232532
1.04323
0.836934
0.475551
0.870267
0.813169
0.967437
0.787828
0.252835
0.560075
0.5622
0.366467
0.883939
0.739218
0.88665
0.424277
0.247196
0.664495
0.656383
1.56542
0.302435
0.685735
0.430323
0.815153
0.833157
0.665124
0.453687
0.281537
2.82817
0.704397
0.502599
1.81304
0.525616
0.245288
0.692184
0.47086
0.554989
0.391248
0.577182
0.945571
0.0680714
1.11716
1.16943
0.517317
0.0741666
0.811142
1.74189
0.755451
0.91602
0.754755
0.255291
0.526866
0.356172
0.246706
1.56607
0.523594
0.393695
0.275064
0.753368
0.805809
0.706004
0.349186
0.451815
0.892045
0.604738
0.684588
0.677988
0.37686
0.2384
2.12294
1.04513
0.378396
2.44543
1.14522
0.353471
0.572808
0.221642
0.985585
3.44529
0.440475
0.46634
0.396599
0.694951
0.704902
0.712867
1.14203
0.576735
0.871538
1.32961
3.98087
1.11057
0.870528
2.19034
1.13654
0.838786
0.879944
0.957448
1.29742
0.906279
1.25535
1.4761
0.666433
0.726617
0.480771
0.386021
0.251042
1.00086
1.45075
0.107443
1.11516
0.407675
0.75075
0.616255
2.14631
0.679401
2.48938
1.55177
0.392751
0.336083
0.119716
0.237994
1.25543
0.563889
0.663707
1.51027
0.0906638
1.85812
1.68523
0.630872
1.46974
0.671785
0.38126
0.194566
1.36992
2.88098
0.47848
0.374857
0.524698
0.648672
0.472762
1.69611
0.390746
0.538766
0.916481
2.52745
0.304873
0.635346
0.637006
0.431288
0.746344
1.41012
0.960207
0.115375
0.642975
0.637883
0.149491
0.80849
0.754038
0.622495
0.61902
0.724328
0.348366
0.592943
0.585878
1.11039
0.58785
0.227778
1.28704
1.35112
0.652668
0.797751
0.77964
0.733928
0.421986
0.153195
2.94726
0.546776
0.222636
0.848696
0.130283
0.825777
0.288538
0.450824
0.480425
0.973551
0.511466
0.536071
1.21029
0.771211
0.919443
0.466466
0.393576
0.527348
0.635959
0.776349
0.793824
0.488818
0.46036
0.845625
0.470154
0.888411
0.256354
1.18283
0.636967
1.28536
1.40828
0.319585
0.421493
0.847955
0.584372
1.18561
0.627381
0.920028
1.31039
0.582484
0.750391
0.680809
0.837225
0.663041
0.251688
0.406369
0.338464
0.279249
0.950393
0.440385
0.663971
0.153169
0.548359
1.56432
0.544591
0.56968
0.453044
1.21383
0.779512
0.552143
0.401808
1.56963
0.200976
0.478924
0.131637
0.784185
1.18774
0.987342
0.794841
2.25777
1.58077
2.54609
0.450371
0.802013
1.06626
0.285515
2.27155
0.324193
1.81134
1.40634
1.11936
0.791121
0.333584
2.87681
0.423351
0.688542
0.426872
0.635355
0.364428
1.25053
1.48531
0.570843
0.214644
0.956841
1.88163
0.509575
0.872131
0.57982
0.756049
1.42882
4.07169
1.11658
0.943833
0.270655
1.18936
0.229162
1.027
0.882817
0.696717
0.625264
1.05437
0.984734
2.21355
1.3301
0.38053
0.931401
0.619877
2.45611
2.44553
0.325617
0.434409
0.584649
2.15207
0.207175
0.568979
0.203913
0.577137
0.364418
0.184536
0.21279
1.56608
2.21463
2.14207
0.721758
1.95394
0.256451
0.543637
0.635626
0.72735
0.367945
0.632301
1.10064
1.17793
0.200754
0.455994
0.695035
0.889543
0.819522
0.821329
2.13152
1.26841
0.449488
0.319808
0.650263
2.83154
0.574329
0.468206
3.92269
0.494344
0.62921
1.23135
0.292902
0.693095
1.10402
1.11262
0.660254
3.49517
0.688133
0.78219
0.445102
2.03604
0.66501
0.466388
0.460198
0.660203
0.625797
0.852561
0.568147
0.746546
0.522531
0.854757
1.50098
0.775088
0.291542
0.860843
0.673494
1.06709
0.563058
1.03283
0.470048
0.229106
0.453718
0.848165
0.369347
0.588437
0.55579
0.435949
0.528027
0.553413
0.0750093
0.576933
0.450739
0.291146
1.00631
0.297757
0.436173
0.405672
0.316099
1.43296
0.681242
0.427724
0.25589
1.60853
2.44469
0.644676
0.234066
0.299043
0.611384
0.953541
0.758401
0.576538
0.317673
0.586872
0.589909
2.07205
0.465373
0.838084
1.68393
0.646373
0.403254
0.286413
2.35101
0.456238
1.82188
0.538021
0.381632
0.619265
0.497142
0.43696
0.173387
0.275047
0.448374
1.49812
1.08732
1.1515
0.396515
0.327722
0.608407
2.21799
0.262
1.63817
3.32875
0.649772
1.05071
0.567688
0.420123
0.670663
1.10889
0.787874
0.355056
0.551753
1.85632
2.75839
0.497693
1.62083
0.464303
0.282686
0.698279
0.897141
0.754932
0.62564
0.445885
0.835058
1.03853
0.31782
0.916297
0.403982
0.357856
0.364556
0.593323
0.912322
1.69157
0.363107
0.586222
0.933432
0.423145
0.224686
0.555186
0.296969
0.747333
0.980249
0.307799
0.442789
1.28448
0.947142
0.825897
0.300659
0.424866
1.20077
0.436878
3.58533
0.480135
0.846972
0.177631
0.615222
1.36914
0.571508
0.787449
0.408712
0.586845
1.78227
1.08142
4.54489
0.540996
0.78025
0.183736
0.295726
2.02148
0.672785
0.650083
0.543986
1.11096
0.56689
0.640781
0.320458
0.783584
1.36617
0.592125
0.658918
1.48288
0.349556
0.327586
0.272216
1.99046
0.306992
0.847247
1.17546
0.405414
0.451473
0.400867
2.54557
0.216893
0.420047
0.915616
0.49206
0.763381
0.979815
0.536328
0.596019
0.132898
0.216635
0.384684
0.204066
0.550635
0.422299
0.263834
0.660466
0.475898
0.215768
0.292592
0.394331
0.387032
0.839121
1.12019
0.453245
0.579335
0.556109
0.140886
1.24709
0.463954
0.370625
0.480945
0.616865
0.749103
1.27094
0.692866
2.75046
0.246255
2.17724
0.404853
1.56745
0.984047
0.962485
0.265728
1.39713
0.538592
0.0636215
1.16837
0.583565
0.413174
0.332247
0.81365
0.910564
0.352143
1.30757
1.21251
0.206995
0.398112
0.551058
0.554502
0.840121
1.21321
1.1833
0.862795
0.611056
0.552319
0.393612
0.43481
0.335939
0.464056
1.62134
0.801017
1.15693
0.727857
0.861648
0.69751
2.11415
1.23791
0.987484
0.60948
1.28466
0.424501
0.334478
0.230695
1.74293
0.0486826
1.14605
0.212965
0.367567
0.674327
0.411377
2.29125
0.667663
0.577581
0.396596
0.553883
0.558001
0.536337
1.12086
0.206151
0.960027
0.218758
1.34514
0.45209
0.90771
0.697452
0.927415
0.673228
0.50233
0.788957
0.694673
0.914901
0.596708
0.363126
0.608852
0.384195
1.31122
0.543059
0.368829
0.311636
0.446321
0.662817
0.502827
2.29312
0.711881
0.778959
0.743508
2.63552
0.742796
0.381356
0.757348
0.736385
0.986124
0.515841
0.412608
1.33866
0.620967
0.219324
0.695287
0.635589
3.63953
0.515251
1.19408
2.01984
0.829395
2.94842
0.465704
0.190038
0.438574
1.1643
4.94125
0.864323
0.363486
0.554596
0.623467
1.0446
0.403367
2.49502
1.96509
1.77091
0.590072
0.186575
1.80471
0.663344
1.08253
0.526145
0.496896
2.79295
1.49303
1.14222
1.1992
0.960248
0.495929
0.245854
0.29953
0.668937
0.593543
1.74002
1.1622
0.380446
0.35806
0.590393
0.242744
0.7874
0.691782
0.681304
0.770528
0.395274
0.967507
0.396852
0.726116
0.848652
0.339618
1.04771
0.504592
0.366513
3.46332
0.775893
0.503541
0.516396
1.26766
0.739629
0.376808
0.281045
0.482036
0.514105
0.275039
0.511255
1.01377
0.291455
0.640082
0.417869
0.527648
0.84012
2.49293
0.543543
1.81493
0.834254
0.96525
0.330195
0.462442
0.80139
0.601736
0.250001
1.0725
0.672501
0.28454
1.13833
1.68218
0.774968
0.2608
0.228084
0.302297
0.439263
0.398693
0.683
1.1835
0.111899
0.336063
0.42645
0.216542
0.55926
0.160071
0.683482
0.543
0.22961
0.646193
0.796118
0.996344
0.723522
0.527683
0.514486
0.335406
0.953106
0.282753
1.74722
4.09224
0.179116
0.941751
0.608495
0.310288
0.477875
0.20812
0.656567
0.453334
0.27589
0.376575
0.961203
2.51608
0.748575
0.764934
1.02078
0.326971
0.801936
0.567216
0.69481
1.09895
0.486827
0.712137
0.318757
0.414772
0.835178
1.42515
1.92082
0.627422
0.969456
0.218215
0.894421
0.919906
0.71964
0.944441
0.714765
0.703269
0.338657
0.396891
2.26135
0.483818
0.388859
0.966857
1.54115
0.555696
0.909603
0.51448
1.04165
2.29281
0.39452
0.645851
0.41501
0.206296
0.560698
0.348458
1.08928
1.86836
0.636235
0.878751
0.323798
0.638031
0.371988
0.610915
0.613102
0.945395
0.400069
0.456218
0.662792
0.483084
3.40976
0.267578
1.53612
1.14569
0.788407
0.515479
0.73544
0.241999
0.975939
0.790932
1.39936
0.995158
0.371766
0.552555
0.772794
0.646518
1.41405
0.956751
0.337471
0.33315
0.614279
0.339287
0.476298
0.991318
0.705037
3.31894
0.845582
0.440694
0.331621
0.532504
1.06052
1.58934
0.680907
0.603844
0.324813
0.680286
0.285103
0.528188
0.433245
1.29757
0.646534
0.634015
1.13917
0.803932
2.97306
0.288077
0.644652
0.293371
0.616509
0.558965
0.372922
1.06225
0.549376
0.471748
0.337055
0.25301
0.268026
0.483385
0.604937
0.649732
0.631938
2.27976
0.742294
0.719845
0.584689
0.444807
0.696985
0.313867
1.35953
1.38148
1.09716
0.65874
1.26158
0.744918
0.800138
0.979506
2.92916
0.677273
0.941223
0.275975
0.404492
0.833507
1.85112
2.80456
1.13099
0.434269
0.365572
0.713706
1.76262
0.362708
0.810947
0.133167
0.655917
0.562261
0.320886
0.276217
0.47248
1.1317
0.294555
0.903236
0.737295
0.795478
0.490969
0.958842
0.275363
0.071546
0.0740974
0.43499
1.638
1.04045
0.307608
0.192671
0.497866
0.973007
0.362294
0.479088
0.628591
0.815144
0.710891
0.613216
0.252115
0.292644
0.195143
0.619165
1.35017
0.736491
0.334986
1.19723
0.972376
0.580348
0.284032
0.22228
0.965699
0.606033
1.06592
0.523491
0.306958
0.298057
0.514481
2.10202
0.525019
0.549543
0.943806
0.823674
0.646591
0.232167
0.917542
0.300571
0.816848
1.36384
0.482781
0.422374
3.74017
0.500552
0.424487
1.6547
0.701927
0.386961
0.311635
0.937174
0.755598
0.235488
0.700181
1.61958
0.320951
0.260649
0.261056
0.230306
1.32852
1.13053
0.303601
0.803103
0.262297
0.343007
0.553051
0.455515
0.539429
0.927638
0.264604
0.237528
2.61332
0.372238
0.250545
0.604247
0.605176
0.3104
0.912401
0.794966
0.508034
0.286283
0.950018
0.709738
0.391311
0.692706
0.647449
0.404207
0.4431
0.221358
1.23846
1.28392
0.413028
0.446526
0.62948
0.563571
2.56467
0.488097
0.195602
0.566005
0.333046
0.287466
0.219053
0.677303
1.95469
0.980942
2.58309
0.411936
2.53053
0.39323
0.811661
0.41842
0.873849
0.969127
0.718555
0.760954
1.22005
0.133586
0.712485
0.60052
0.626211
2.2285
3.15879
2.93866
0.351605
1.13356
0.710315
1.18902
1.36587
0.454721
3.36423
1.14167
1.66423
2.36682
2.47013
0.67363
0.316986
0.454784
0.607294
0.434069
1.34148
0.439518
0.880196
1.35087
0.61811
0.719138
1.90273
1.21983
1.63839
3.8194
0.764439
1.03034
0.560117
1.46438
0.933408
0.707869
0.150643
0.84366
0.795264
1.12877
0.694417
0.37095
0.819877
0.479171
0.417245
0.72835
0.395534
1.35267
0.516189
0.393719
2.08533
0.824575
0.579371
1.16104
0.217106
0.369065
0.685155
1.00223
0.410981
0.711424
0.400019
1.39632
0.980388
1.16126
0.772703
0.794726
0.789469
2.36591
1.20687
0.332758
0.552031
0.268975
0.183507
0.787387
0.517683
0.892222
0.626096
0.657972
0.800477
1.55236
1.06551
1.20075
0.777456
2.14306
1.15414
0.388295
1.34486
4.47386
0.806168
0.419903
0.82292
0.952619
0.348723
0.687223
0.508659
1.67846
0.227152
0.830596
0.474528
0.122827
0.987002
0.393293
0.33342
0.676681
1.48786
1.10641
0.387955
0.311493
0.406066
0.292307
1.32395
0.231681
0.129842
0.469074
0.470886
0.622003
2.8779
0.556504
0.585428
0.181715
0.832958
2.58481
0.952913
4.52105
0.752802
0.810503
3.31731
0.749962
0.931335
1.38981
0.989402
0.770398
0.550957
1.22977
0.362492
0.376595
1.40694
0.340019
0.823696
0.812502
0.347684
0.84462
0.459985
0.733682
0.504406
0.47583
1.08343
3.11502
0.124794
0.354617
0.738244
3.89763
0.747987
0.711409
0.73804
0.457347
1.47106
0.527314
0.235802
0.808051
1.18013
0.370007
0.254933
0.605848
2.04716
1.08973
0.340048
0.321226
1.55229
0.804887
0.325918
0.939786
1.22547
0.656638
1.01762
0.352161
4.83989
0.291868
0.619357
0.597197
1.98626
0.262277
0.457867
0.298691
0.552069
0.239854
0.556881
0.4081
0.428787
0.694962
3.29328
4.02036
0.335241
0.642288
0.26153
0.354081
0.255288
1.51799
0.428862
0.461992
0.182409
0.758648
0.254793
0.900532
1.70403
0.548862
0.682582
1.68588
0.268445
0.219037
0.273133
0.2648
0.386349
0.549672
1.69085
0.768085
0.649654
0.880097
0.932424
0.549619
0.874352
0.385048
0.786362
0.594664
0.574858
0.616587
0.279288
0.57585
0.441682
0.222588
0.386833
0.768905
0.578068
0.500207
0.375334
0.387902
1.28749
0.686229
0.50623
2.28742
0.739179
2.71111
1.92629
2.36138
0.562229
1.02195
0.721454
1.01701
0.755925
0.35544
0.847518
0.254304
0.464598
0.55597
0.226629
0.39479
1.02155
0.420876
0.883674
0.788226
2.16207
2.47334
1.40828
0.904545
1.76531
0.462014
0.788326
0.34891
1.20041
0.296414
0.325094
0.706781
0.460765
1.03348
0.368827
0.213618
1.74429
0.795155
0.439755
0.492924
0.26127
2.24921
0.287187
0.59627
0.294738
0.22115
0.36539
1.43538
0.365419
0.514684
1.19606
1.16012
0.854176
0.352942
3.07244
0.558773
1.19882
0.882454
0.987924
0.808216
1.85996
0.341166
0.72214
0.584276
1.73615
0.700214
1.75615
0.785903
1.23935
0.887511
0.594389
0.958297
0.326225
0.473644
0.8249
1.05963
1.28501
0.729528
0.308023
3.94136
0.108897
0.171221
0.302704
0.820306
0.806175
0.524013
0.608016
0.281839
0.42102
0.723211
2.82007
0.534726
0.292593
0.928253
0.296754
0.947518
0.505763
0.428795
0.680561
0.494943
0.750132
0.38937
0.464644
0.249318
1.45919
0.0954312
0.290914
0.455073
0.805987
1.96965
2.04461
0.608891
0.547519
2.52146
0.341582
0.512067
0.590331
0.372947
0.373024
0.591571
0.48393
2.22298
0.539104
0.331467
0.563618
0.959603
0.890717
0.876322
1.54872
1.13242
0.619728
1.56104
0.33289
1.69423
1.86049
0.891231
0.212067
0.392674
0.566473
0.790447
0.751215
0.198839
0.45344
1.06186
0.398998
0.155765
0.538476
0.355756
2.24236
0.410964
0.204096
4.29851
0.449488
0.350603
0.186427
0.308193
0.551865
0.489823
0.826883
2.13577
1.33578
0.470738
0.422452
0.541116
0.364507
0.588922
0.190793
1.22018
1.11118
0.444008
0.301628
1.29766
0.973882
0.555389
0.416541
3.29843
3.65241
0.788602
0.909201
0.764134
0.240986
1.91749
4.82966
0.518586
0.695251
0.359057
0.640242
0.22802
0.304445
3.57199
0.877335
0.571722
0.367451
0.952837
1.52049
0.877144
0.786523
0.586681
1.55808
0.695831
0.752574
0.360443
0.442697
0.44488
0.44791
0.320324
0.755433
0.575858
0.989363
0.362836
1.14128
4.21455
0.798536
1.97458
1.72673
0.413809
0.301142
0.688676
0.598703
1.07588
0.629248
4.5247
0.585193
1.93307
0.846908
0.490919
0.644479
0.518243
0.751022
1.31329
0.650668
0.63595
1.24748
0.209985
1.07532
1.51526
1.06603
0.855996
0.718084
0.292985
2.60989
0.867651
0.226458
0.513852
2.02205
0.572521
0.535931
0.871088
1.48411
0.676443
0.378496
0.901207
0.39828
0.524003
0.47337
0.857102
0.832322
0.305878
0.551714
0.865753
0.425968
0.465864
0.490771
0.575252
0.208046
0.252682
0.751872
0.369264
0.652351
0.745431
0.108877
0.229756
0.189301
0.460399
0.246894
0.590507
0.349449
0.802487
0.243814
0.833918
3.75296
2.37267
0.746339
0.162304
0.872081
0.353965
0.491241
1.7073
0.637241
0.529835
0.415587
1.38503
0.326153
0.375461
0.714942
1.40926
0.61066
0.141534
0.20065
0.967057
0.629856
0.610424
0.192995
0.454327
0.863823
0.56755
1.05922
0.702207
0.341165
0.605042
0.403397
0.39164
0.468716
0.283234
1.66275
1.11485
0.391002
0.420734
3.09802
0.762648
0.218462
0.31444
0.476524
1.1473
0.719784
1.44382
0.0838639
0.61845
0.108932
0.782415
0.579439
0.404719
0.418814
0.201926
1.02343
0.95913
0.779309
0.465535
0.479433
0.635408
0.711227
1.36676
0.579183
0.640065
4.50162
0.752633
0.841864
0.251189
1.07241
0.529166
0.299541
1.77546
0.565108
0.937525
0.406005
0.203612
0.493689
1.0369
1.84936
2.44939
0.436748
0.534936
0.394213
1.05683
0.688313
0.479839
0.335895
0.170103
0.819585
0.440152
0.52527
0.597978
2.28416
3.03112
0.0804734
1.68153
3.4151
2.24365
0.340948
0.303111
0.144592
0.491321
1.23155
0.373755
1.71918
0.808403
1.43795
0.805005
1.76031
1.38614
0.817054
0.396681
0.934951
0.403077
0.296409
0.255258
1.80437
0.174033
0.511267
2.01994
0.977808
0.674688
1.07886
0.49522
0.305664
1.75502
0.518196
0.231783
2.71153
1.71505
0.548232
1.24906
0.260911
0.253446
0.96759
0.457797
0.272326
0.296494
1.0943
1.06052
0.374909
0.390872
0.146911
0.304165
0.505347
1.03507
0.371827
0.820238
2.29469
0.194077
0.773255
1.00664
0.142292
0.666952
0.388972
1.84797
0.590275
2.26399
0.620516
2.35569
0.967766
0.586561
1.28472
1.07656
0.641794
0.360501
0.55584
0.176043
0.488439
0.644214
0.344948
0.300676
0.384127
0.616775
1.0681
0.504621
1.74775
0.781442
0.640214
0.633852
0.683816
0.95018
0.956271
0.530653
0.785439
0.614266
0.65869
0.241932
0.372656
0.642365
1.51269
1.19973
2.97838
1.01467
0.732786
0.949512
0.35521
0.822466
0.559191
0.591822
0.740012
0.535558
0.691017
0.440908
1.02811
0.665242
2.22541
0.570541
2.41913
1.22317
0.723561
0.827421
0.885072
0.166921
0.772119
1.26052
1.05385
1.94219
0.781541
0.486322
1.28472
1.21436
2.88165
0.297137
0.357782
0.771772
3.18292
1.30127
0.535429
0.812375
0.873144
3.1253
0.524534
2.89293
0.460387
0.752259
0.97346
0.539303
0.134525
1.15586
0.383685
0.892928
0.911981
1.02903
1.08832
0.251762
2.53558
0.723708
0.314849
1.52552
0.845575
0.413733
1.94469
1.23203
1.00503
2.31288
1.04291
0.979952
0.672811
0.517611
0.711638
0.883946
0.158873
0.437547
0.443129
0.376417
0.765132
0.719181
2.22099
1.33108
0.988747
0.54262
1.6715
0.946946
1.76484
0.235709
1.25268
1.22019
0.344855
0.7546
0.650321
2.19568
0.734983
0.695807
1.0186
0.8103
2.10133
1.65906
0.468025
1.75369
1.37362
4.37022
0.568995
1.34928
1.31342
0.700667
1.83202
0.925109
2.5791
0.366424
0.750356
1.34234
0.646033
1.51832
0.286284
0.137309
0.704382
0.67342
1.14774
0.910391
1.04324
0.434452
0.82278
0.770153
0.895156
0.951084
0.222471
0.400746
0.331853
1.16542
0.193981
1.4851
0.474948
1.4739
0.768655
0.628025
1.24669
0.982218
0.556343
0.17318
0.877408
0.566925
0.138974
1.39102
0.559562
1.21273
0.929926
0.621205
0.64092
0.764077
2.04581
0.697365
0.378463
0.396149
0.40513
2.55083
0.337903
0.726552
0.928212
0.358402
1.07517
1.51406
0.177204
1.09561
1.13411
0.965952
0.962106
0.521444
0.313764
1.39763
1.86295
0.278863
0.170471
0.540608
1.03871
0.628711
0.380347
0.516408
0.79771
0.937351
0.263308
1.50517
0.540799
0.130403
0.458989
0.844016
0.964841
0.329352
1.07195
3.00761
0.356312
0.625401
0.549534
0.810566
0.595539
0.850696
0.310335
3.65963
0.658022
0.627434
0.746938
1.01511
0.210262
1.21088
0.660084
0.832799
0.674002
1.89219
0.677751
1.3958
0.354823
0.248878
1.22978
0.445134
0.913877
1.02319
1.34967
0.850803
0.912635
0.604875
1.20214
1.55232
0.584932
0.922026
0.373464
0.587833
0.982799
0.237558
0.144982
0.24606
0.252986
1.43366
0.134796
0.693612
1.06971
3.84294
0.616197
0.540888
0.475267
0.581524
0.436961
0.462477
0.492279
0.610226
3.06044
0.64124
0.912798
1.05558
0.74914
1.23623
0.787017
2.02878
0.619873
0.367152
1.17463
1.22707
1.35757
1.77881
0.815291
1.40341
0.383686
0.536101
0.320143
0.510483
0.90786
1.35106
1.42338
1.07988
0.722991
0.412051
0.50401
0.380081
0.881014
0.620601
0.208944
2.01065
0.472787
2.16245
0.1115
0.389205
1.50033
1.50319
0.547423
0.689417
1.3612
0.696309
0.735128
0.652086
0.188306
0.229003
0.559428
0.478306
2.58412
0.374624
2.69453
0.88508
1.23519
0.189664
0.425154
0.653754
0.620557
0.938245
1.32977
0.863279
2.02264
0.562198
1.28011
0.222291
2.54826
0.638011
0.565859
0.345196
1.08135
2.41561
0.191294
0.491672
0.641128
0.534325
0.759822
0.880314
2.52444
0.748765
0.309561
0.547267
0.483317
0.546854
0.553013
0.514534
0.548111
0.247792
0.531045
0.535343
0.482261
0.713358
0.472769
0.967534
0.822407
0.533798
0.310404
0.758149
0.0984701
0.458109
0.441419
2.36984
0.637828
1.06345
0.388625
0.908046
1.73797
0.202979
0.396419
0.899992
0.158877
0.77385
0.33095
0.904318
3.01155
0.892766
0.167565
0.599561
0.508926
0.461512
0.811743
1.22602
0.632664
0.280203
1.1055
0.783695
0.845063
0.581325
0.435017
0.54311
0.361498
3.74069
0.200706
0.443373
0.267894
0.0956195
0.601569
0.445967
1.48493
3.60609
1.68581
1.42936
0.360403
2.3409
1.46704
0.597486
0.243469
0.784917
0.410327
0.911719
1.59294
0.793795
0.461968
4.46701
0.959192
0.998293
0.773778
1.18646
0.779122
1.06099
1.3066
0.712779
0.869308
0.813009
0.437839
1.4226
0.321869
0.250577
1.17374
0.665618
0.449455
0.207903
0.618233
0.673104
0.253562
0.76971
0.626155
1.66006
1.00367
0.467957
2.53229
0.981701
2.14954
0.972567
0.884287
0.809417
0.77028
0.590122
0.478174
0.172158
2.89986
0.692574
0.501684
0.647727
3.02027
0.23403
0.702194
1.13483
1.35126
1.49484
1.11765
0.559899
0.486708
0.339384
0.710635
0.393523
1.9864
2.35199
0.46921
0.15327
1.22231
0.566898
0.860605
2.43966
0.357089
0.981048
0.229518
1.19634
0.562256
3.19655
0.505493
0.661046
0.534216
0.730703
0.205844
0.363169
0.588994
1.19094
0.804982
4.17448
1.20948
0.670216
0.669101
0.825957
0.25856
1.04928
0.364362
0.43745
0.660267
0.430282
0.521554
0.449579
0.210174
1.98721
0.674295
0.534723
0.292615
0.301897
1.17706
3.63659
0.474497
0.535544
0.661269
0.592967
1.25777
1.66727
3.29916
0.359106
0.310592
1.62559
0.415518
0.799664
0.681023
0.928996
0.535836
0.377465
3.10881
1.29149
3.84352
1.29978
0.650702
0.138502
0.921954
0.177874
0.277475
0.895556
0.296236
0.459801
0.903166
0.995037
0.617639
1.41373
0.477619
0.560927
0.259125
0.0992357
0.723439
1.5908
0.736825
0.94527
1.17856
3.01647
0.466957
1.15799
0.582044
2.42507
0.609933
0.46748
0.780193
0.489433
0.564311
0.148818
0.227082
0.703177
2.47137
0.692914
0.473836
0.382443
0.246689
0.653629
2.59096
0.935608
0.223508
0.382071
0.755405
0.860726
0.273267
0.381036
0.280255
0.750753
0.720295
0.465985
0.838601
1.01143
0.493349
0.407307
2.65072
0.535925
0.102127
0.768132
0.596344
0.990946
0.683365
0.698028
0.480855
1.65058
1.14313
0.670626
0.893187
0.27313
0.57536
1.37264
0.191046
0.310516
2.06627
3.39704
0.826797
0.108803
0.620834
0.804192
0.246909
0.182809
0.507294
0.64278
1.29348
1.20108
0.554031
0.719905
0.44448
0.718963
0.535859
0.401144
1.1683
0.749504
0.794551
3.18074
1.19058
0.652436
0.800314
0.955798
0.584713
0.896298
0.615302
0.402645
1.07135
0.64665
0.575983
0.948726
0.174921
0.280231
1.0048
0.297637
1.73721
0.534096
0.541608
1.55888
0.933614
0.806959
0.166097
0.654971
1.14272
0.911517
0.717879
0.585905
2.2813
0.216447
1.09156
0.366732
0.0815519
0.677617
0.866193
0.324568
0.165097
0.213465
0.0916715
0.20018
0.401331
0.487529
0.176761
0.58526
0.337706
0.578299
0.825317
0.425969
3.17702
0.992152
0.457679
0.866054
0.470399
0.9601
0.364897
0.716907
1.04375
0.696929
0.334933
3.01697
0.483465
0.59647
2.78427
1.01247
1.10861
0.612437
1.06099
0.408299
0.938624
0.449363
2.11803
0.741015
0.872982
0.458809
0.490372
0.296716
0.311125
0.330067
1.00018
0.353461
0.519069
2.25852
1.8574
1.12645
1.24604
0.308104
0.87599
2.08973
0.480052
1.11748
0.81029
0.276852
0.695139
4.00368
0.642163
0.26036
0.587585
0.558861
0.4084
0.614873
0.674464
2.00745
0.326561
0.613383
0.36664
0.136149
0.600532
0.577144
0.666488
0.804914
0.791086
0.947585
0.532106
0.251611
0.207996
0.980868
0.346668
0.265994
0.571123
0.377958
0.411217
2.22402
0.124184
0.443456
0.521013
0.328162
2.59629
0.32906
1.92129
2.9564
0.607682
0.964108
1.01679
2.07111
0.31732
0.522959
0.125541
0.27545
0.592419
0.972155
0.696456
1.08992
0.546146
0.505906
0.294069
0.328708
0.973992
0.62842
0.725583
2.37597
0.764528
2.82688
0.210253
1.14027
0.402055
5.09674
0.310406
0.192267
0.867242
1.14031
0.828581
0.491262
1.07301
1.05164
0.25425
0.871243
1.31937
0.634144
0.666271
0.600097
1.5336
0.627214
1.4023
0.715731
0.442951
0.265036
0.689868
0.778981
0.409353
0.714122
0.326982
0.731721
1.5955
2.98578
2.33327
0.346394
4.30892
0.544289
0.550095
0.463825
1.16706
0.436652
0.55753
0.668455
0.243024
0.0938567
1.10507
0.410311
0.446742
1.04376
0.603648
0.648384
0.502474
0.638041
1.71442
1.06048
0.113291
0.753275
0.668082
0.219272
0.237681
4.4258
0.934042
1.08455
0.256537
0.626412
0.50692
0.573923
0.2022
0.224944
0.898785
0.810733
0.481678
1.94079
0.585622
0.620548
1.15336
0.577382
0.460568
0.977779
0.681229
0.272637
0.433656
0.479738
0.561945
0.595526
0.624386
0.669868
0.750973
0.321154
0.928669
0.881353
0.396082
0.715985
0.32162
1.6917
1.58822
0.512309
0.43452
0.407708
2.75857
2.33422
2.18973
0.42181
0.644242
1.32875
1.06201
0.309736
0.965319
0.51932
0.499016
0.621457
0.744333
0.254529
0.274992
0.738525
0.587593
0.392696
0.412504
0.362082
0.273003
2.3147
0.125009
0.543729
0.623986
1.9773
0.907694
1.44843
0.865809
0.241656
0.101081
0.485874
0.651021
0.436637
0.582263
3.51974
1.62702
0.563142
0.245359
1.02095
0.679016
0.330585
2.75841
0.506756
0.523698
0.427436
0.864204
3.44381
1.25182
1.9841
0.362522
0.284864
0.825486
0.594395
0.377806
0.265214
2.85038
0.569645
0.230332
0.338451
0.550425
0.907773
1.16267
0.436475
0.613288
0.160909
1.03985
0.15849
0.707175
0.646263
0.631928
0.612194
0.675872
1.11289
1.9262
0.809941
1.25987
0.406917
0.997476
0.985114
0.420902
0.777082
1.38483
0.0681014
0.443709
3.39313
0.345343
1.58651
0.73142
0.723031
0.418398
0.487736
0.997255
0.572888
0.194985
1.32594
0.671899
0.95019
0.191147
0.452126
1.15842
0.697505
0.468525
0.523927
1.25819
0.441978
0.424319
1.03532
1.28353
0.292221
0.759016
0.172359
0.482814
0.528263
0.213183
1.1448
0.652104
0.365282
0.674466
1.50305
0.449642
0.855534
0.101892
0.0839073
0.220633
0.232053
0.480237
0.798315
1.03548
0.23646
0.556033
1.0606
0.406717
0.527826
0.842416
1.08454
0.720669
4.35152
0.971681
0.491363
0.314033
0.239453
0.866583
1.95879
2.57649
2.33277
0.64976
0.180397
0.80771
0.416655
0.516424
0.393426
1.11154
0.423675
0.63691
1.20762
0.325447
0.477118
1.22886
0.586978
4.26239
0.562834
0.669191
0.170008
2.72033
0.576036
0.308651
0.223412
0.355732
0.843305
0.389319
0.500978
0.588625
0.623282
0.429567
0.611355
1.36393
0.662157
1.38048
0.114342
0.988109
0.382027
1.70952
0.424301
0.757093
4.50458
0.387095
1.14758
0.483005
1.93512
1.7011
0.249967
1.43184
0.683305
1.02045
0.261414
0.644424
0.451162
0.281395
0.572507
1.17543
0.543318
0.27813
0.119702
0.557779
0.251411
1.28565
0.764128
0.610953
0.599082
1.12243
0.319323
0.290531
2.04963
0.497736
1.76043
0.390657
1.36994
0.917996
0.623425
0.346516
0.62308
0.782592
0.77024
0.239719
0.58872
0.958509
1.3416
0.746389
0.36458
0.834842
0.228323
0.653465
0.444349
0.296074
0.374835
0.0861096
0.519626
0.609936
0.838915
0.0713003
0.595438
1.03643
0.248584
1.15349
0.476716
0.643484
0.710545
1.40736
1.596
0.588294
0.993203
0.628582
0.630591
3.35934
1.13216
0.856109
0.470648
0.339575
1.15645
0.706279
0.505672
0.479187
0.78206
0.328295
0.367352
0.717408
0.636677
0.524384
0.296362
0.523477
0.392596
0.403151
3.07563
0.0448068
0.972003
3.34223
0.452894
0.414746
0.839148
1.26445
0.228777
0.727722
0.769206
3.52513
0.849994
0.595525
1.186
0.871758
0.347612
0.601209
0.609561
1.02343
0.677185
0.459266
0.558972
0.447198
0.962583
0.854676
3.6685
0.196942
0.265963
0.174446
0.487294
0.768003
0.632241
1.40567
0.100852
0.727234
0.656383
0.504865
0.468674
0.293567
0.400674
1.1653
0.345971
0.508109
0.279707
0.340683
0.751282
2.30521
1.2937
0.354876
0.481651
0.808827
0.307826
0.385595
1.62162
0.486592
0.485025
0.582054
1.5272
0.669614
0.500214
0.599925
1.56921
0.937391
0.703273
1.63813
0.21241
0.599023
1.42992
0.499727
1.3339
0.221093
0.821556
0.497757
1.04592
0.327219
0.430081
1.06287
0.216383
0.480621
0.70788
0.683617
0.350922
1.08151
0.7176
0.223144
3.03963
0.806585
0.630983
0.596797
0.575255
0.770315
0.639227
0.487318
0.624356
1.1033
0.22427
0.40156
1.0158
0.460643
1.32604
0.353544
1.09008
1.18207
0.836386
3.81943
1.08124
0.330964
0.845557
2.23063
0.328058
1.47122
1.14231
0.639879
0.45497
0.2955
0.652197
0.952036
0.738816
1.58251
2.34075
0.676266
0.892323
0.860546
0.571373
0.588335
0.777192
1.29436
0.737065
0.20902
0.220821
0.527397
0.554674
1.49813
3.43422
0.607054
0.520703
0.76844
0.787934
1.22547
1.68311
0.560863
0.614829
1.24789
0.334154
2.15679
3.19449
1.01802
1.20098
0.731858
0.362336
0.930422
0.677172
0.748443
0.214325
0.763433
0.771341
1.20291
1.395
1.23627
0.368284
0.813431
0.730759
0.464832
0.455121
0.693959
0.440741
0.171048
0.534662
0.424108
0.426519
0.409236
0.151778
0.218958
1.17727
1.89696
0.580774
0.674669
2.35758
0.688541
0.979886
0.57275
0.687254
0.331574
1.74985
0.673691
0.291537
0.854634
1.45272
3.80224
0.505585
0.142009
0.610626
0.467777
0.726899
0.23292
0.787296
1.46593
0.230702
0.836475
0.304872
0.513656
0.517608
0.429246
0.516173
0.497344
0.51116
0.492685
1.41502
0.706679
0.610977
2.95407
0.962415
0.533383
0.85434
0.19693
0.279777
0.0961239
0.733511
0.47297
0.421128
0.704137
0.249054
0.627669
1.92881
0.260155
0.924211
0.981164
1.05044
0.769345
0.356662
0.209384
0.655577
0.664573
0.896691
0.638917
0.4264
0.377948
0.138952
0.446651
0.555662
0.786582
0.504109
0.470579
1.28294
0.100488
1.80981
0.705153
0.214939
0.270925
0.746052
1.25305
0.7721
0.495657
1.00671
0.9714
0.816567
0.641368
0.331679
0.561131
0.745193
0.0916148
1.33927
0.387634
1.04106
1.25706
0.323831
3.0007
0.558088
2.99829
0.238097
0.446732
0.493191
0.196949
0.406594
0.465107
1.05608
0.29939
0.743154
0.0421995
0.308574
0.747281
2.67838
2.35352
0.124461
0.415416
0.664389
0.389707
0.760165
0.470526
0.369718
0.376761
0.49372
0.505098
0.529241
1.33149
0.311199
0.258053
0.837588
1.20226
2.19331
0.611642
1.91526
0.50079
0.702477
0.58438
0.277171
0.998265
0.657825
0.306077
0.629776
1.90198
0.800115
0.889766
0.276657
0.508586
0.346337
0.492049
0.486203
0.355266
0.883471
0.885166
0.742395
1.97516
0.408441
0.674596
1.38353
0.346192
1.36569
0.562891
0.317291
0.296884
1.14221
0.958233
0.353063
1.00437
0.490394
0.771158
0.452225
0.447334
0.49888
0.285251
1.58936
0.830832
1.21176
2.37339
0.27429
0.409706
0.279427
0.570604
0.559515
1.27672
0.644955
0.691554
0.432123
0.332785
0.978852
0.486741
0.70792
1.43763
0.693026
2.03975
0.220932
0.597992
0.520318
0.866962
0.406812
0.993696
0.422789
0.75942
0.746683
0.544768
2.73446
0.429065
2.14838
1.50625
0.212868
0.373364
0.717727
1.01659
0.383916
0.866061
0.562013
0.910245
0.807248
0.812878
0.984575
0.840935
0.22126
0.425464
0.577893
0.608713
0.80601
0.195065
0.389185
1.20884
0.743389
1.17808
3.60969
0.249718
0.745628
0.673067
0.866255
1.60621
2.38324
0.46013
0.372085
0.750894
1.87274
0.711652
0.135815
0.926765
1.10377
0.5787
0.855751
0.349132
0.547647
0.602121
1.11296
0.921149
1.2133
1.57326
0.588013
0.487893
0.71168
1.03023
0.819188
0.433725
0.875386
1.84807
0.571011
1.00033
0.423996
0.590216
0.78593
0.282431
1.47473
3.8242
0.894662
1.15995
0.597005
0.743965
1.7568
1.27794
0.3723
0.320524
1.48889
0.424162
0.507739
1.94956
1.30385
0.797319
0.37515
0.934648
0.33905
1.2007
0.692152
0.559319
0.980923
0.531192
0.396892
0.80834
1.11333
0.200688
0.870448
1.45007
0.633633
0.54581
0.959377
1.24561
0.909659
0.407642
0.388845
0.986863
0.691122
0.713675
0.519338
0.773463
0.0952368
0.4367
1.87289
0.505852
0.545987
0.437545
2.01099
0.427008
0.446806
1.29223
0.48931
0.934066
0.816257
1.06391
2.0445
0.457834
0.363273
0.91055
0.894254
0.444233
0.663502
0.476765
1.65376
0.589228
0.184393
0.450844
0.179946
0.171192
3.7464
0.103002
1.04004
0.510519
0.360175
2.0661
1.09484
1.38248
0.523161
1.53033
0.759559
0.39544
0.768702
0.545984
0.342081
0.825168
0.491026
0.53007
0.511209
0.153564
0.604078
1.53201
0.393966
0.853755
0.764737
0.547126
0.239679
0.833064
2.90182
0.979395
0.589249
0.666795
0.479057
0.413354
0.861961
1.91553
0.868791
0.6812
0.464377
0.427037
2.44837
0.355595
0.777941
3.90482
0.906131
0.480625
1.04559
1.04965
0.396774
0.631149
0.865479
0.799332
0.847199
1.96358
0.209509
0.594814
0.866805
0.516035
0.280244
0.832175
0.46853
1.47127
0.610578
4.16068
1.37387
4.31116
1.73934
1.0928
0.346644
1.34478
0.683404
0.303245
0.221145
0.284842
0.908178
1.0659
2.08919
0.656538
0.141335
0.367782
0.293113
0.247604
0.615708
0.277536
1.09558
2.37582
0.823162
0.33171
0.4416
1.25539
2.15627
1.09564
0.762373
0.53315
0.376671
0.625152
1.07994
1.37707
0.953106
0.536542
0.955514
0.750102
0.571127
0.311693
0.834405
0.417527
0.750075
1.26732
1.02696
0.43059
2.54817
0.208043
1.16389
0.255514
3.65533
0.473008
0.265296
1.40045
0.281934
0.779005
0.134444
0.596227
0.479406
0.249986
0.305219
1.05455
2.09713
0.539783
1.01334
1.05873
0.445584
0.572956
1.23552
0.730332
0.577513
0.175129
1.7129
0.489064
3.68829
0.79591
0.91423
0.649639
1.86204
1.42501
0.138259
3.33837
0.552172
0.913212
1.33533
0.446973
1.19735
0.329568
0.949332
0.62333
0.438304
1.62557
1.82434
1.61301
0.984438
0.336791
4.13757
0.547142
0.479566
1.21428
0.418223
0.34057
1.18528
0.941248
1.93678
0.401827
0.932125
0.546413
1.91201
1.01209
0.862482
0.351174
0.63516
0.564139
0.317791
1.58294
0.383965
0.435517
0.964123
0.261147
0.726784
0.186036
0.487862
0.680983
0.736892
0.382166
1.45388
0.426118
2.46522
0.308873
1.24853
0.398283
0.423148
0.278974
0.0833872
1.28657
1.26058
0.720148
0.235893
1.09781
0.0960438
1.25439
2.74385
0.493948
0.539785
0.749638
0.345743
0.568124
0.655974
0.590527
0.322783
2.92063
0.45684
2.01268
1.01725
1.38197
0.847839
0.357407
0.539973
0.80706
0.693025
0.717344
2.4087
0.535765
1.3452
1.35246
0.342969
1.37025
0.227971
0.264242
0.736837
1.21747
0.633816
2.06548
0.325074
0.634473
1.01276
0.727433
0.357249
0.254893
0.686141
0.692224
2.43434
0.299942
1.24277
1.06717
1.37312
0.211436
0.72623
0.362551
0.421309
0.0964163
0.421779
0.45374
0.280233
0.329896
0.638664
0.431959
0.648146
1.24884
0.265787
0.337105
0.317795
0.543892
2.46022
0.445559
0.67822
1.01491
0.579011
0.350433
0.945059
0.475203
0.706924
1.09595
1.08508
0.486788
0.582846
0.57972
0.184377
1.23124
1.696
0.355778
0.664396
0.239295
1.27295
1.95546
0.862162
0.471243
0.417332
0.39246
0.616019
0.476335
1.44574
0.529428
0.60507
0.176854
4.62436
1.34025
0.812553
0.455039
1.4173
0.416487
0.67152
0.58319
0.36839
1.08336
0.0891225
0.618315
0.364963
0.892891
0.401844
0.542202
0.805202
0.695172
0.229202
0.503971
1.15028
0.668346
0.497654
0.601839
0.320768
0.646885
0.563857
0.584304
1.16296
0.717164
0.577218
0.620158
0.743983
0.672023
1.05622
0.416606
0.743739
1.07246
0.222059
1.32677
0.231947
1.14479
1.00671
0.545555
1.00963
2.0956
3.53295
0.420074
0.530159
0.877046
0.483902
0.749639
0.52923
1.06362
0.971702
0.943501
1.90425
2.00386
1.38451
0.575414
0.0538933
0.147076
0.906948
0.500145
0.694437
0.727064
1.06067
0.414437
1.27623
0.469774
1.16868
3.07196
0.203037
0.827102
0.643431
0.617092
4.64925
0.499598
0.590837
0.588301
1.18995
0.566929
0.175166
0.254618
1.12081
0.228026
0.933969
0.566509
1.54341
0.153717
0.840796
1.79517
0.552141
0.267024
0.719395
0.429166
0.507565
0.523332
2.83405
1.20509
0.146759
1.64428
1.32885
0.636427
0.912168
0.964846
0.771732
0.527598
1.05868
0.354951
1.54784
0.339331
0.277984
0.689239
0.496419
0.746513
0.358678
1.56546
0.549466
1.97703
0.517075
0.340592
0.428376
0.676524
0.926861
0.529801
0.624262
0.429589
0.575401
0.782178
0.707107
0.580551
0.485282
0.667821
0.572718
0.344429
1.08236
0.81865
0.561278
0.262875
0.983166
1.66342
1.08328
1.66382
0.491802
0.740454
2.34115
3.89704
0.680557
0.445007
1.53595
1.87499
0.776085
0.765506
0.426052
0.20726
0.524777
0.592263
0.377887
0.486298
0.534271
3.03756
4.64494
0.254542
0.239905
0.413863
0.194167
1.05047
0.268279
0.714874
1.44699
0.24658
0.491787
0.445124
0.693269
0.384935
0.524955
0.393123
0.943078
0.329656
0.416122
0.140797
0.491517
0.224121
0.559179
0.411899
0.627072
1.49201
0.655259
0.708837
1.35028
2.27439
0.751172
0.640771
2.46997
0.96257
0.806951
0.860934
0.93747
0.440409
0.674633
0.393812
2.43386
0.570399
1.71182
2.11291
0.558191
1.1757
0.796053
0.50811
2.27007
0.76105
0.656663
0.70521
0.963091
0.753431
0.37707
0.4298
0.107678
0.331464
0.120551
1.27791
0.418905
0.511832
0.397261
1.48458
0.571462
0.974133
1.70198
0.400442
0.512702
0.300254
1.94692
1.53766
0.274539
2.81989
3.73182
0.865556
1.04961
1.4013
2.38642
0.856041
1.03405
1.50755
0.455344
0.595299
0.53599
0.858472
0.415849
0.860789
2.23573
0.951906
1.22378
0.555942
2.36257
0.217046
0.760909
0.617831
0.686772
0.79224
0.70271
0.1984
0.750132
0.703189
0.330946
1.05783
0.75254
0.863537
2.32521
1.80618
0.540769
0.539298
3.40553
0.645975
0.373681
0.345147
0.492175
0.583084
0.86153
1.65612
0.819812
1.01997
0.366133
0.52623
1.30621
1.29231
1.09095
0.150493
1.14149
0.698946
0.904775
0.546789
0.294232
0.136085
2.84917
0.524373
0.925638
0.80379
0.897023
1.31488
0.212238
0.771362
0.387727
0.8221
1.23275
0.244856
0.891181
0.723703
0.611337
0.629167
0.880548
0.290881
0.357801
0.484393
0.260851
0.990638
0.905787
1.119
0.451368
0.629379
0.469774
0.358594
0.293279
0.768003
0.730299
0.51943
0.48529
0.722114
1.56051
0.0770777
1.44162
4.30971
0.626566
0.664211
0.214938
0.577404
1.46503
0.730324
0.44384
1.00545
0.544241
0.361907
0.606518
0.341483
0.856264
0.276956
0.243861
0.271258
0.378249
2.06278
0.459409
0.452129
0.376965
0.262009
1.94734
1.47689
0.736673
0.335578
0.471265
1.19773
0.206898
1.21292
0.0763394
0.91162
0.647202
0.714267
0.665556
0.283737
0.393816
0.962325
0.885514
0.777931
1.23101
0.363188
0.479764
0.693216
1.02104
0.222023
0.724079
0.711479
1.06589
0.44885
0.274967
0.314565
0.302733
1.15452
0.956335
0.59611
1.09567
0.588562
0.112564
3.08868
0.865362
1.10746
0.639971
0.281753
0.679253
0.498071
0.523926
0.781486
2.7926
1.0217
0.366489
3.61653
0.565373
0.60459
0.492658
0.988544
0.516181
0.660079
0.483961
0.282988
0.831
2.0616
0.575975
0.239783
0.593128
0.796177
3.23738
0.985525
1.51218
0.670266
0.173099
0.395792
2.60875
0.803152
0.698964
0.612786
2.23958
0.175657
0.219625
0.420959
0.4461
0.716332
0.225591
0.969475
0.793202
1.29571
0.700963
0.162155
0.408519
1.5696
4.29711
0.530604
0.739518
0.840193
0.692279
0.689995
0.60579
1.78941
0.759332
0.724088
0.128971
1.51739
0.131508
0.512185
1.23205
1.07882
0.55738
0.30798
0.583474
2.21519
0.125407
0.174187
0.767512
0.83109
0.335561
0.565383
1.52569
0.334604
0.616865
0.316836
2.70995
1.79119
1.13638
0.34911
0.717691
0.365809
2.18958
0.894902
0.916326
0.357681
0.632735
0.339259
0.470337
0.65361
0.244813
4.59048
0.53282
0.775496
0.599657
0.492521
0.850909
1.8755
0.135268
0.699606
1.98889
1.83928
0.625449
0.335538
0.75195
0.428223
1.90557
0.621762
0.590394
0.626117
1.45223
0.77539
0.551582
2.24383
1.18449
0.331307
0.390632
0.616317
0.844875
0.222363
0.740221
0.556213
0.362942
0.602503
1.40051
2.61201
0.68345
0.139638
0.294893
0.255627
0.753055
0.668208
0.284867
1.173
1.05702
1.54294
0.70672
0.952845
0.595408
0.457896
0.778589
2.25436
0.669628
3.36814
1.37565
1.623
0.468962
1.00508
0.974679
0.442347
0.222473
0.361006
1.32466
0.615312
0.312637
0.602197
0.280104
0.401454
0.65138
0.182694
0.688233
2.62586
3.19872
0.605618
0.401694
0.904123
1.23743
0.543667
1.45641
1.35016
1.34011
1.115
0.724703
1.5741
2.90263
0.38584
0.269019
0.37913
0.484045
1.33558
0.615425
0.606715
0.425948
1.4811
0.957692
1.02038
0.663833
1.56966
0.491262
0.385684
0.336952
0.889816
0.641004
1.23379
0.795021
0.864761
0.215754
0.151872
0.558906
0.866516
1.61366
1.21982
0.557476
1.187
0.317759
2.26399
0.456507
0.411137
0.906525
0.241578
1.22065
0.878834
0.647911
0.487559
0.641161
1.10433
0.423756
0.454565
0.730438
0.297071
0.181262
0.856769
0.955323
0.889779
2.46239
1.12694
0.445093
0.535653
1.49655
1.35975
0.943307
1.04871
0.147765
0.84561
0.655104
0.655962
0.214458
0.55834
0.397623
0.446079
1.2348
0.520071
0.809858
0.239302
3.51702
1.13603
0.599045
0.428111
1.39014
0.137581
2.52527
0.408787
0.4249
0.32366
0.394928
0.659984
0.496121
1.39274
0.933538
0.485483
2.21132
0.498441
0.237412
2.36191
0.460521
1.05271
0.582197
0.301783
1.91806
0.617625
0.803187
0.332054
1.24544
0.179989
1.85886
1.04301
0.681862
0.953405
0.819142
1.07091
0.81366
1.94815
0.119738
0.53471
1.38734
0.256829
0.124116
0.995081
2.51034
0.252346
0.423286
0.843115
0.433597
0.731367
0.403099
1.92572
0.440577
0.554546
3.1086
0.603285
2.67639
0.189167
0.87716
0.347068
0.74592
0.653242
0.573633
0.717337
0.404137
1.42319
1.04291
0.595709
0.766543
0.879385
1.34731
0.736106
0.614207
0.62439
1.46567
1.29036
0.950551
0.544036
0.421736
0.423846
2.20506
1.23231
1.22236
0.634458
0.703164
1.74225
0.724906
0.427769
0.639915
0.345752
0.284567
0.261108
0.548832
0.705473
0.323135
1.2262
0.840754
0.587171
0.294916
0.508881
0.878663
0.515829
0.932513
0.574895
1.17442
3.65998
0.592332
0.621756
0.860047
0.338314
0.484537
0.289637
1.60162
1.02274
0.879275
0.943895
0.943364
0.447187
0.86046
1.67869
0.842482
0.325475
0.680628
0.962488
0.877725
0.795647
1.13651
0.524832
0.617563
0.938647
0.736668
3.11606
2.34583
0.770966
0.185249
0.549802
1.05314
0.494835
0.231275
0.337586
0.355402
0.772247
1.30054
1.84248
0.656624
0.495717
0.966022
2.17069
0.691003
0.472472
0.958976
0.750282
0.832387
0.480632
0.235292
0.325086
0.299699
0.498226
0.381245
1.13068
1.04076
0.996138
0.416248
0.820554
3.73566
0.522832
0.553796
0.782085
0.301728
0.85107
0.148821
0.148326
0.581288
0.309542
0.462415
1.56923
0.438774
0.613288
0.640598
0.36057
0.959659
0.468031
0.667043
0.601537
1.65823
0.471974
0.699213
0.47331
0.746457
0.624374
0.437243
0.839992
0.902669
0.564925
0.694955
0.52552
0.245104
0.583656
0.481359
0.660893
0.901603
1.41766
0.621071
0.332494
1.86479
0.947369
1.06619
1.09863
0.644139
0.431744
0.789366
0.803906
0.846384
0.631855
0.808082
0.718997
0.326189
0.356263
0.793752
0.992445
0.957032
0.68271
0.598478
1.4286
0.679394
0.450713
0.554184
1.07199
0.383581
0.535258
1.39858
0.741149
0.362268
0.456725
0.399186
0.279349
0.419079
0.270536
0.552237
0.494959
0.312856
0.920949
0.716843
0.810359
0.478646
0.603567
0.779415
0.820848
0.391038
0.677218
0.538036
0.120098
1.11983
1.67345
1.50495
0.761009
0.36608
2.36909
0.80897
0.268546
1.40686
0.834477
1.31408
0.385567
0.215938
0.912407
0.729259
0.763838
1.07271
2.32643
1.05577
0.880041
0.622936
0.462268
0.296749
1.88344
0.599889
1.20834
0.809407
0.496148
1.13259
0.780617
0.783408
0.180768
0.532767
1.22934
1.9944
0.724884
0.86946
0.942269
0.560558
0.29785
0.772945
0.517931
0.694851
0.216397
0.608448
0.169933
1.37116
0.89699
0.228797
0.307033
2.2427
0.657868
3.17661
0.311469
0.435691
2.55303
2.01481
1.37766
0.346662
0.377471
1.01189
0.287766
0.640349
0.355697
0.308555
0.663866
0.409615
0.604853
0.357596
0.526877
0.337247
0.745969
0.511626
0.658655
0.372281
1.46537
0.470349
0.494687
0.116755
0.724578
0.744228
1.83414
0.211484
0.790871
0.156502
2.36979
0.306297
0.817632
0.607223
1.32443
0.425316
0.72659
1.00731
1.11509
0.712149
0.935494
0.636157
1.78404
2.31881
0.653339
0.511081
1.36773
0.547706
1.26879
1.18345
0.474012
0.428993
0.612002
0.861466
1.18067
0.16978
0.419791
0.256873
0.362086
0.887704
0.526408
0.690668
3.31005
0.65411
0.573432
0.634093
0.565946
1.31237
0.440247
1.21966
1.29906
4.11603
0.503314
0.400703
0.410917
1.71199
0.369972
0.216812
1.37798
0.382304
1.10593
1.03706
0.874399
0.760242
0.12302
0.410712
0.673936
0.800096
1.23847
0.509916
0.312489
1.34169
0.630314
0.300399
1.48465
0.476321
0.237202
0.834526
0.676871
1.32289
0.490128
0.832567
1.9693
0.574818
0.335672
0.345348
0.0698442
0.344445
0.503936
0.636229
0.647704
0.411283
3.87544
0.352842
0.315717
0.278173
0.453242
2.55344
0.293045
0.280742
0.722998
1.65923
0.51945
0.237504
0.773871
1.0973
0.657161
0.49947
0.657703
0.397815
0.882081
1.01196
1.07124
0.332419
0.550719
0.247183
0.249748
0.756774
1.31187
0.353642
2.49429
0.411641
0.676421
0.899361
1.54757
0.649202
0.538162
0.593755
1.07535
0.477626
1.10871
2.65524
0.446291
0.626643
2.38283
0.905252
0.197067
0.147741
0.385238
0.237036
0.483828
0.383736
0.417749
1.38248
0.464922
0.529366
1.18882
0.529556
0.994995
0.810763
0.589238
1.16409
0.298245
0.73276
2.9358
0.660686
0.399664
0.561497
0.274196
0.471871
0.213735
1.25855
0.884568
1.36661
3.10233
0.873383
0.98746
0.718924
2.98035
0.919593
0.725499
0.449494
0.319362
0.71089
0.310381
0.418595
0.466385
2.21402
1.50786
2.88719
0.52365
1.29409
0.611001
0.533337
0.84283
0.336307
0.474441
0.284148
0.224231
0.710721
0.426779
0.379162
0.77106
0.501692
2.70425
0.293764
0.350123
0.801275
2.91621
0.596041
0.82445
0.690832
0.45251
0.424059
0.603371
0.580183
0.726934
0.563447
1.04958
0.681786
0.483889
0.979456
0.691491
0.627765
0.253547
0.704193
0.834584
0.966442
0.571051
0.316866
0.755389
0.230469
1.03726
0.69194
0.355783
0.717833
0.505772
0.787687
1.97629
1.20723
0.376635
0.74636
0.970133
0.689014
0.422068
2.29035
0.398085
1.72698
0.455866
1.90907
1.46412
0.815883
1.04455
0.725587
0.411066
1.48973
0.895497
1.04465
2.4867
1.23523
0.147053
0.441838
1.62278
0.383944
1.05197
0.583704
0.941885
0.594587
0.903979
1.47921
0.426401
0.571929
0.321205
0.47958
0.852263
1.64153
0.619935
0.470286
1.01687
0.820752
0.471296
0.318107
0.757139
1.31268
0.718891
0.390454
1.95606
0.341268
2.03148
0.6904
0.386921
0.425523
0.754231
1.17373
0.765606
0.963275
0.179355
0.590458
0.959805
0.616015
1.5795
0.191758
1.35391
1.60652
0.763871
0.468938
0.878371
0.98581
0.557497
1.54678
0.202119
0.189914
1.43544
0.162398
4.29608
0.655683
1.15507
0.715167
1.42841
0.19287
3.18419
0.819542
0.165854
1.36879
3.41201
4.16039
0.286949
3.17017
0.926506
0.836068
0.340034
0.754409
0.68138
1.00308
1.42955
1.53386
0.464492
0.574414
0.620443
0.211158
0.257493
1.86542
0.475895
0.273981
0.546862
0.701746
0.731941
0.495582
1.42687
0.499227
1.42281
0.857615
0.572326
0.986062
0.232597
0.591438
0.687312
0.98364
0.980102
0.264153
0.767051
0.304735
0.502147
0.478655
0.548041
1.94505
0.76124
0.486235
0.237982
0.436673
0.716635
1.03427
1.28735
0.397434
0.425381
0.733532
0.942612
0.80057
0.573998
0.41056
0.299153
0.321823
0.413196
0.757826
0.583159
0.413278
0.979618
0.659974
0.424104
0.300705
0.32664
0.105625
0.755831
1.27167
0.29497
0.744781
0.296962
0.498952
0.246254
0.323452
0.46579
0.616852
0.593024
0.952923
0.461619
0.491152
0.766886
0.871045
0.344119
0.548261
3.22427
0.757159
0.774017
0.941376
0.939025
1.31374
0.210599
0.108145
0.379564
1.98286
0.640019
0.190368
0.344177
0.335675
0.206325
0.463764
0.3151
0.938431
0.200898
0.478737
0.310504
1.07024
0.777531
0.605758
0.963687
0.501734
1.37543
0.727172
0.207059
0.469886
0.825939
0.678113
0.454905
0.498196
0.397924
0.629235
0.454284
3.20751
2.52849
0.788334
0.929195
2.19451
0.548245
0.676337
0.61926
0.777018
2.26278
0.803031
0.798015
0.977953
0.521363
0.333024
0.233017
0.625005
0.390251
0.490247
0.764799
0.862358
0.321687
0.341787
0.83318
1.72171
4.66666
0.832511
0.599885
0.211478
0.33258
0.132197
0.278424
1.1303
0.518584
0.392332
2.89578
0.482912
0.660174
0.85296
1.49782
0.433006
0.634515
0.917199
0.827741
0.470451
1.26196
0.160293
0.466969
0.876421
2.18344
0.679475
0.845514
0.754381
1.25911
0.826693
0.673462
0.65171
0.511219
0.845537
0.588228
1.44267
1.81295
2.00428
0.592873
0.128996
3.12297
1.05847
1.20155
0.960137
0.960018
0.542514
1.65537
0.288246
0.375826
0.514388
1.07104
0.527088
2.85836
0.233138
0.492526
0.584987
0.715732
0.54074
0.551487
0.195517
0.372967
2.03392
1.11849
0.75725
0.321051
3.51689
0.589862
0.754052
1.29394
0.64017
0.777557
0.991977
1.64622
0.154726
1.15981
2.034
1.18342
0.187395
0.649927
0.546661
0.717634
0.445854
0.498592
0.483628
0.913789
0.730597
0.657629
0.571213
1.26534
1.30673
0.607996
0.419218
0.728705
0.590596
0.579424
0.611645
1.07628
0.365454
0.535971
0.985846
0.884268
0.453492
0.741799
0.475208
0.490611
0.32698
0.93107
0.412833
2.45076
0.659745
0.596149
0.361626
0.582184
2.75624
0.779329
0.111095
0.48289
0.665782
1.19694
0.38639
2.17196
0.693089
0.64267
0.98205
2.1992
0.495198
1.93509
0.416151
2.63093
0.516845
1.05857
1.20959
0.158165
0.678995
0.880668
0.315865
0.407888
0.829223
0.7856
0.491673
0.81647
0.634278
1.59812
0.419209
4.3636
0.701106
0.785644
0.269614
0.714953
0.787921
0.556327
0.164404
0.489404
0.756211
1.72105
0.902067
0.46172
0.96863
0.387929
0.232943
2.59087
0.775245
0.535777
0.458024
0.905303
0.873475
0.543441
0.469375
1.96273
0.448506
0.693094
0.161403
0.547914
0.665263
1.5146
0.480392
0.793069
0.560579
0.373544
0.318994
0.60925
0.26197
3.34754
4.37593
0.407551
0.763141
0.486207
0.383207
2.23564
1.21784
0.276499
1.12911
0.498533
0.620473
0.787096
0.762761
0.617248
0.486455
3.40778
0.277474
1.0023
1.6206
0.127674
0.516219
0.391895
0.546524
0.803884
0.739014
0.360466
3.51276
0.463403
0.782077
0.250296
1.21727
0.496907
0.735723
0.736995
0.911242
0.249041
0.489934
1.34503
0.703223
0.378248
0.888308
0.476994
0.556922
0.789749
0.703358
1.4753
0.335267
1.4588
0.47215
3.52544
0.49044
0.695817
0.407999
0.671647
0.571676
0.818922
1.45419
0.906516
0.51426
0.860298
0.428748
0.441999
0.91677
0.311132
1.0946
0.556182
0.319451
1.35129
0.859454
0.667712
0.197866
0.788606
0.279884
0.886394
0.962379
1.06427
0.24736
0.498654
3.29706
0.243711
0.951004
0.58976
0.805023
1.51585
0.270732
0.510035
0.660755
0.647079
0.670699
0.37973
0.568794
0.582135
0.507287
0.456511
1.24947
0.919476
0.533078
0.84774
0.181545
1.28976
0.792535
0.363306
1.27152
0.47285
0.840531
0.793297
0.661956
0.438928
0.881935
0.335037
2.27448
0.713643
4.66569
0.827198
0.680864
1.01032
1.00916
0.900731
0.766855
0.5166
0.451555
0.910372
2.9734
1.1879
0.914117
0.583353
0.381987
1.12256
1.69605
2.14819
0.860602
1.72842
2.97213
0.278255
1.20864
0.533581
0.32051
0.497402
0.780066
0.415434
0.454629
1.25652
0.258011
0.548109
1.67732
0.615734
0.205475
1.59941
0.308263
0.153057
0.510494
1.02086
0.488584
0.715008
2.27509
1.06233
1.65365
0.289454
0.729779
0.515857
0.359364
0.388745
0.918028
1.67176
1.80807
0.434617
0.507994
0.559347
0.782911
1.53243
0.407466
0.813865
0.611141
1.47235
0.947426
0.729246
1.10924
1.47671
1.07313
2.02507
1.00761
3.59366
0.445735
0.562379
1.10476
1.77281
1.44914
0.233894
0.340897
3.08341
1.16699
1.007
0.258168
1.12695
0.663492
2.06106
0.463037
1.82395
0.306364
0.239843
0.604354
0.948291
1.50855
0.51827
0.661363
0.919591
0.771745
1.38896
0.900433
0.793849
0.509769
0.0821188
1.70862
1.13055
0.589606
0.769927
1.85939
1.13292
0.457795
0.294477
1.30179
0.40907
0.385789
2.57416
0.415924
0.832073
0.275083
0.925953
0.729646
0.592308
0.264836
1.42082
0.526492
1.07518
0.423627
0.762148
0.154711
0.822842
0.600983
1.74494
0.420678
1.11344
0.467136
0.614065
0.259296
0.158524
0.356682
0.459548
0.690287
1.22339
0.125689
1.10321
1.10509
0.970757
1.58309
1.13319
0.666472
0.613878
0.977945
0.462346
0.660546
1.14002
0.364618
2.88852
1.94773
0.402999
0.656709
0.698728
0.504074
0.456097
0.651228
0.770936
0.137859
2.20463
1.67607
1.3595
1.15393
0.52218
0.43975
0.783007
0.615438
0.724447
0.766664
0.66859
0.709894
3.27536
2.32745
0.457559
0.331586
0.984929
2.19662
0.748714
0.149112
0.530117
0.566004
1.38737
0.69859
1.29715
1.13971
0.421246
0.507781
0.368813
0.731264
0.656361
0.483035
1.86219
0.95927
0.418607
0.470666
0.98359
0.631153
0.631658
1.01079
1.00698
0.932768
0.50779
0.44848
1.17014
0.536025
0.486114
0.45003
0.160824
1.04921
0.36794
0.318191
0.335612
0.746475
0.295562
0.775797
0.185199
2.30366
0.915105
0.684268
0.225878
0.407109
1.60194
1.20561
0.977094
0.406456
0.6168
0.750177
1.02289
0.315517
0.57448
0.364121
0.738013
1.90469
2.26414
1.12421
0.730725
0.908735
1.13521
0.597998
1.07866
0.539114
0.151649
0.461551
0.802233
0.914897
0.496687
0.85205
0.555297
0.351024
0.374292
0.740187
1.98748
0.320196
0.345964
4.53521
0.722034
0.640725
0.448584
0.604058
0.68562
0.310678
1.02455
0.50808
0.489404
0.492948
0.636736
0.867373
0.594877
0.618789
0.466854
1.26934
0.640407
0.308031
0.526457
2.2175
0.20814
0.442101
0.925367
1.09056
0.257022
0.44248
0.472761
0.565172
2.44832
0.583302
0.704699
0.245772
1.02644
1.15871
1.9604
1.78766
0.395372
0.449643
0.789978
0.305335
2.23186
1.35953
1.62706
0.646912
1.18735
0.446776
0.743271
1.51435
0.344363
0.356444
1.00385
3.26969
0.370719
1.60385
1.09482
0.629823
0.342285
0.179939
0.239005
0.225144
0.689309
0.345035
0.318463
0.227752
0.385782
0.341848
0.692752
0.796409
2.1554
0.492534
0.704704
1.38958
0.310116
0.678105
1.74521
0.246506
0.603178
0.185627
0.525957
0.645848
0.46676
0.422895
0.0683547
0.515846
0.257907
0.786039
0.303447
0.357781
0.44132
2.93028
0.885063
0.423617
0.470931
2.40028
0.631797
0.53013
0.188259
1.99532
0.574633
1.0605
0.62197
0.287409
0.628575
0.646509
2.71875
0.710325
0.588974
0.690075
0.825911
0.539975
0.457735
2.90605
3.28408
0.820832
0.268435
0.406511
0.452353
0.723183
1.35715
0.511959
0.922097
0.414847
0.432652
0.567147
0.292521
0.99702
0.890504
0.716256
0.521462
0.382256
0.6665
0.203244
1.65766
0.66965
0.365948
2.24693
0.380744
0.75115
0.311923
1.75445
0.604325
0.824972
0.720874
0.233867
0.542562
0.475868
1.02066
0.605134
0.37097
1.05903
2.00381
0.908897
0.245523
0.632987
0.946119
0.712959
0.844828
0.286162
0.442398
2.80097
0.656801
0.691108
1.47645
0.658331
1.30234
1.75843
0.40396
0.241622
0.504569
0.489239
0.857667
1.34424
0.353593
0.44811
2.02013
1.05697
0.971828
1.52645
0.677575
0.208694
0.389966
0.388853
1.1013
0.846994
4.0721
1.99631
0.449083
2.43747
0.213049
0.159042
0.697382
2.13581
0.33154
0.717538
0.936667
1.09739
1.23351
0.627737
0.454061
0.310057
0.767653
1.06363
1.65219
0.609618
0.310642
0.483142
0.551197
0.534537
1.36588
0.466648
0.896522
0.0884313
0.813338
0.516223
0.056304
0.904504
2.7621
0.558046
0.909351
0.251676
2.65881
0.278812
1.23216
0.421646
0.0995754
0.434251
0.387663
1.49062
1.05534
1.57625
0.586444
1.01273
0.693689
0.877991
0.372712
1.28012
0.687176
1.06031
0.445002
1.16006
0.452878
0.905653
1.42398
0.672955
0.92182
0.68405
0.770211
0.759467
1.28644
1.20654
0.294736
2.00325
0.768817
0.352432
1.56646
0.562803
0.689189
3.07823
0.193717
0.572626
0.686204
0.332936
0.751537
0.883246
0.88357
1.10989
0.849153
0.848954
0.479937
2.35605
0.729027
0.692091
0.285427
0.763585
0.658314
0.571415
0.585678
0.861508
1.19049
0.604441
0.502419
0.535474
0.96644
0.22919
1.13241
0.609203
0.567362
1.21851
0.151011
3.67826
2.15418
0.429868
0.819272
0.953644
0.527725
1.17461
0.740283
1.9594
0.262458
1.3992
0.32924
2.39181
0.541095
0.643477
0.170565
0.518981
1.9987
1.05035
2.06894
0.535722
0.422001
1.14838
0.396429
0.86423
0.540959
0.560403
0.246963
0.282413
0.953042
0.531861
1.80549
0.899895
1.62518
0.558227
1.00769
0.888033
0.827787
3.69178
0.551853
3.70796
3.60184
0.255372
0.418357
3.33563
0.116465
0.937495
0.670781
1.46745
0.866661
0.393245
0.45353
0.330391
2.61406
0.520032
1.00945
0.534219
1.6637
0.512174
2.4236
2.13813
0.439503
0.495444
0.564447
2.1688
1.08352
0.524416
0.46595
0.528431
0.529173
0.530109
0.862704
0.459709
1.27449
0.408111
0.630741
0.462119
0.259002
0.696486
0.666933
0.972775
1.77079
0.44522
1.27
0.384551
0.173734
0.437202
0.435013
0.580917
0.516835
0.89824
2.15241
1.04089
0.522726
0.405949
1.90657
0.716664
0.59863
0.990435
0.176697
3.22212
1.20042
0.482059
0.789233
0.453054
0.459282
2.62195
1.42134
0.953939
1.0244
0.247697
0.610272
0.420474
2.60337
2.14552
0.198626
0.491568
0.340392
1.11982
0.709624
0.688898
0.896509
0.736639
1.15895
1.59695
0.437123
0.760382
0.226619
1.06608
0.272584
1.36444
0.121452
0.708465
0.219936
0.723164
0.711104
0.410546
0.316956
0.704971
0.715732
0.238398
0.556058
0.600528
1.02072
0.645218
0.062991
0.394136
4.73545
1.01141
0.698986
1.34173
0.614691
1.64267
0.727491
0.881316
0.451374
1.76929
0.244024
2.42916
0.380623
0.573883
0.332374
0.798254
1.47745
0.489426
0.793979
1.76825
0.463889
0.581076
3.59587
0.385959
0.508733
0.225922
0.70812
0.11123
0.422707
0.28175
2.36393
0.502759
0.650871
0.632372
0.94986
1.11448
1.30617
1.27894
0.703037
0.453854
0.128101
2.97077
0.756151
1.95793
0.628789
0.41296
0.547558
2.98669
0.954026
0.48907
0.662827
0.120884
0.362366
1.04508
0.40723
1.34519
0.437823
1.46496
0.55939
2.45944
0.193266
1.50064
1.28936
1.03565
1.69463
0.792856
3.9621
1.08433
1.59822
0.220255
0.635876
0.555205
1.20318
0.257286
1.18805
0.604038
0.405179
2.04605
0.974147
0.970728
0.819696
1.20088
0.435582
0.333517
0.647035
0.857611
0.697459
2.77953
0.595802
1.19072
1.11797
0.466707
0.55909
0.49914
1.62429
0.740957
0.600965
0.675501
0.701951
1.80963
1.54563
1.72084
0.833481
2.109
1.27809
0.72274
0.588238
0.821568
0.7354
0.251304
2.47362
2.2303
0.293426
0.565043
0.259168
0.292427
0.106042
0.396624
0.407609
0.42577
0.284261
0.33524
0.197228
0.6054
0.530922
0.627281
0.880611
0.619071
0.854197
1.25019
0.788275
1.22519
1.1864
0.721374
1.11234
1.22934
0.60099
0.167795
0.387976
0.391833
2.25027
0.817241
0.752915
0.23812
2.79913
0.246221
0.282984
0.43154
0.712959
0.902779
1.84927
0.475904
0.151759
1.12503
1.37571
1.15798
1.34788
0.559129
0.87166
0.437109
0.94488
0.804736
1.09506
0.371684
0.156769
1.10338
1.77306
0.569188
1.02167
0.689775
1.12804
0.530867
0.80595
0.482628
0.583648
0.836818
0.364383
1.12126
0.734885
0.796234
0.591635
0.932842
1.23421
0.333163
0.471827
0.304984
0.973135
0.447778
1.58106
0.633751
0.460565
0.815904
0.846411
0.712283
0.665705
0.505026
0.296875
3.21993
0.273835
0.241609
0.346875
0.862279
0.326851
0.606479
0.440887
0.656087
0.349018
1.08265
0.348606
1.61573
0.484634
0.880985
1.07592
0.385157
0.405262
0.335533
0.198918
2.41545
0.642966
0.384983
0.721033
0.396668
1.72675
2.453
0.157805
0.711645
0.383934
0.316954
2.13784
0.96361
0.498957
0.37168
0.985949
0.557442
0.191512
1.13626
0.454156
0.736984
0.812592
0.5754
0.898816
0.303989
0.499573
0.660512
0.959339
1.56301
0.655014
0.693124
0.280325
0.803852
0.547742
0.444475
0.749451
0.652462
0.806374
0.51192
0.297782
0.809032
0.635395
0.913015
0.533787
0.566787
1.37308
0.466597
0.348118
4.32568
1.24477
2.24509
1.35493
0.855686
0.599893
1.47512
0.182974
0.263353
0.585762
0.933329
1.13311
1.21893
0.675988
0.278392
0.419993
0.614228
0.202596
1.35665
0.533481
0.490898
0.598413
0.840224
0.358169
0.555201
4.4581
0.678514
0.923736
2.6427
0.560963
1.596
0.956762
0.404413
3.29878
0.301393
0.724416
2.10814
0.202894
0.534697
0.78993
0.469821
0.781023
0.565596
1.74628
0.940894
0.813813
1.2341
0.491666
0.314787
2.14918
0.201006
0.781714
1.77949
0.388863
0.14296
0.731778
0.79787
0.39941
0.21748
0.669066
0.433597
2.01488
0.350818
0.181215
1.24951
0.902761
1.24189
3.50158
0.433365
0.274621
0.238717
0.404934
0.719142
1.23459
2.97026
1.33697
3.55889
3.01771
0.357966
0.713331
1.04146
0.355724
1.22562
0.461724
0.83554
0.263559
0.432489
0.360383
0.744549
1.24579
0.939636
0.891833
0.330839
0.529804
0.463277
0.378083
0.956036
0.513205
0.479313
0.410115
0.235808
0.572804
0.970215
1.98208
0.743348
0.504787
0.292475
0.421025
0.77431
1.31553
0.66624
0.791865
0.528679
1.47727
1.98836
0.513688
0.658815
0.46582
1.01797
0.592272
0.297108
0.704558
0.517967
0.607276
1.45044
0.215527
0.680701
0.625284
0.37508
1.05424
0.167914
0.520008
0.859401
0.373208
0.567896
0.811891
0.282436
0.63009
1.43387
0.137951
0.867292
0.153408
0.386363
1.0251
1.13992
1.93968
1.16739
0.92764
0.842557
0.779554
1.10817
1.52464
0.768485
0.848162
0.553364
0.36337
2.27885
4.64712
1.66743
1.42243
1.0113
0.695344
0.210866
0.277001
0.733218
0.627353
1.50688
0.266378
1.08487
1.06152
0.879391
0.648789
1.75629
0.325371
0.483139
0.520197
0.845723
0.57978
0.157164
0.553957
0.602349
0.947217
1.24946
0.779537
0.660112
0.328346
0.705138
1.4188
0.461919
0.843265
0.529438
0.376174
1.06144
1.66122
0.550533
1.00809
2.22517
1.1403
0.742944
0.567438
0.240692
0.809349
0.487236
1.39523
1.81693
1.24264
0.404066
1.19178
0.487854
0.259845
0.15277
1.65467
0.910547
2.569
0.389036
0.88389
0.539799
0.455996
0.402996
1.27016
0.981192
0.367592
0.567737
1.26986
1.08163
0.400853
0.441569
0.149612
0.544963
0.497436
1.22787
0.296651
0.793079
0.893835
0.335471
0.255034
0.73587
0.15227
0.631707
0.894598
0.489414
0.469754
0.545946
0.198799
0.277689
0.484493
2.1493
0.430254
2.09111
1.0258
2.67037
0.814155
3.2957
0.694401
0.812124
0.603784
0.393077
0.487929
0.383588
2.08712
0.589953
0.667542
2.32531
0.415041
0.430453
0.921463
0.34484
0.202019
0.471328
1.09645
1.68711
0.305758
0.228313
1.58125
0.526396
0.455356
1.62234
0.605826
0.200625
0.492223
0.651389
0.345962
0.432264
1.47369
0.479897
0.417119
0.321442
0.597622
0.144769
1.31596
1.30184
0.492943
0.313366
0.392642
0.545295
0.397673
1.23277
0.956765
5.01099
0.122533
0.442138
0.457627
0.368341
0.272289
1.33422
0.419967
0.990124
1.04693
0.435521
0.568491
0.536096
0.460482
0.346068
0.625021
0.647773
0.473435
0.687998
0.642697
0.413701
1.6547
0.889981
0.560283
0.181173
0.652808
0.567162
0.260113
1.49456
1.13112
0.364832
0.624302
1.16816
0.563444
1.44655
0.660584
0.692589
0.155312
0.240217
0.477221
0.332683
3.99594
0.373423
0.429174
0.414404
0.401139
1.02747
0.696774
0.88579
0.732696
0.281466
0.373407
0.383973
0.993945
0.718135
1.18671
0.319318
0.779576
0.708575
0.897431
0.719373
2.16505
1.15879
3.7801
0.405606
0.472361
0.201932
0.665252
0.661834
0.232748
0.53941
0.89313
0.395313
0.829809
0.769336
0.685867
0.34744
0.691009
0.358604
1.86705
2.3924
0.339423
1.01183
0.232345
1.89129
1.95389
1.33594
0.324235
0.450403
0.401567
1.10396
1.39164
1.01111
0.365183
0.957314
0.485475
0.621195
0.621803
1.29492
1.49239
0.478705
0.518802
0.277107
1.54255
1.28752
0.453512
0.518961
1.11323
1.42806
3.86951
4.66813
0.496279
2.33889
0.357095
0.444642
0.524371
1.02555
0.919204
1.10619
0.310683
1.11722
0.714241
2.63341
0.71926
0.225635
0.729165
0.50035
2.40993
0.585481
0.288536
1.08003
1.13474
0.600943
1.10188
0.223977
0.384341
0.439773
0.242236
1.14875
0.320964
1.3314
0.553578
0.699089
0.169956
0.495424
0.679683
0.348563
1.74728
1.14106
0.157796
0.193857
0.663172
0.713963
0.502439
0.854436
1.06048
0.693712
0.628843
0.249086
0.736694
0.43865
1.72951
0.387123
2.00916
1.20253
0.318363
1.04611
1.58488
0.433882
0.349989
0.41249
0.326918
0.774726
0.926099
0.570093
0.473345
1.46674
0.673352
0.565462
0.485996
0.474843
0.434974
0.917437
1.43587
0.433566
0.689907
0.49709
1.11059
0.407783
1.97268
0.43948
0.649824
0.785899
0.457139
0.601253
0.310603
1.22213
0.705234
0.381758
0.106531
1.11048
0.64513
0.315002
0.679931
2.49649
0.987174
0.350062
0.844892
0.461993
0.898153
0.219705
2.02137
1.99373
0.534203
0.344663
0.354464
0.375773
0.688597
0.319726
0.587238
0.618224
0.316122
0.400119
0.555283
0.266054
0.438552
2.4202
0.957754
0.237059
0.890229
0.391662
0.25025
1.26497
1.04857
0.316524
0.67197
0.469854
0.568031
0.21709
0.161998
2.27949
0.681049
0.596167
0.355724
1.06374
1.07012
1.23446
3.35342
0.181932
0.0474819
1.51006
0.256967
1.79649
0.736445
0.648849
2.49624
0.232524
0.869832
0.803889
0.792619
0.659357
0.918768
0.280605
0.425673
1.10114
0.698984
0.526927
1.14134
0.718836
0.974334
0.367066
0.405903
0.185262
0.394698
0.717466
0.830828
0.444006
0.726041
0.163216
1.17288
0.843616
1.12046
0.61456
1.23782
0.921362
0.991455
1.20201
2.98982
1.03012
0.290393
0.711227
0.470135
0.226283
0.786586
0.693632
1.03192
2.14886
1.85067
0.856599
0.326377
1.30297
0.56285
0.307227
0.374663
1.16647
1.00652
0.446362
0.592664
0.979784
0.980752
0.295074
0.6534
0.667522
0.298323
0.731959
0.403385
0.741053
0.519912
0.421109
0.937579
0.444301
0.979511
0.522095
0.323345
0.856455
0.351289
3.04247
1.41555
0.915591
0.366014
1.20705
0.868966
0.664569
0.95578
0.730172
0.706236
1.08036
1.06624
1.12874
0.586188
0.369308
2.01987
1.74884
0.916471
0.53132
0.373159
0.321275
1.81426
0.743122
0.369765
0.3626
0.691022
1.77071
3.03716
0.663577
0.382974
0.249399
0.704887
0.169295
1.14404
0.863232
0.800095
0.566568
0.61563
0.254607
0.597373
0.577184
0.646142
0.717086
0.785678
4.16814
2.31392
0.279309
0.269863
0.770624
0.688731
0.615231
0.567769
0.799572
0.948606
0.649197
0.971257
0.32354
0.304891
0.864464
0.436824
0.656683
3.41649
0.835747
0.441333
1.26904
0.654344
0.413757
0.622787
0.194047
0.901828
0.918629
0.98661
2.41647
0.734606
0.751642
0.199651
0.431277
0.673759
1.19148
0.490842
0.945538
0.259
0.483492
0.68107
0.231149
0.188591
0.546556
0.660766
0.783214
1.95267
1.61276
0.660587
2.32185
0.409341
0.684663
0.49706
0.458553
0.515913
0.714132
2.80778
0.628506
0.559945
0.804618
1.02522
0.54267
0.189435
0.437934
0.690021
0.228471
0.215184
0.800764
2.50673
1.78657
4.12272
0.56408
0.411341
0.653537
0.560894
0.906523
3.6876
0.386854
1.88146
0.609943
1.13526
0.286935
1.29792
0.314402
0.253929
1.76846
0.362369
0.509068
0.891516
0.625029
0.226398
0.490921
0.93312
0.557655
0.314971
0.682661
1.26826
0.666407
0.879001
0.926025
0.338723
0.382318
0.359503
0.390875
0.828707
0.858058
0.645505
0.446291
1.22333
0.304154
0.753699
0.587135
0.636274
0.122948
1.34729
0.659628
0.0860486
2.46513
1.09063
0.361738
0.312683
0.722469
0.192211
0.617181
0.330907
0.254259
1.76614
0.425312
1.12488
1.99121
0.284481
0.281007
0.241286
1.53962
0.357288
0.281238
0.551625
0.767572
1.86767
0.465492
0.658142
0.832968
1.90008
0.695077
0.243945
0.834306
0.200144
1.05771
0.858644
0.977791
1.71981
0.562887
1.17557
1.20094
0.494298
1.26299
0.279849
0.269182
0.502734
2.15835
0.913578
0.592352
1.09588
1.2212
3.20873
0.395801
0.743521
1.0072
0.360316
0.655357
1.04538
1.05759
1.04177
0.938411
1.50835
0.653956
1.33956
0.594147
0.705969
0.371845
0.559296
0.663248
0.578077
1.07207
0.881172
0.467312
0.172574
0.383192
1.1849
0.494141
0.535365
0.544426
0.49603
0.175336
0.421159
0.675242
0.847409
0.390922
0.649351
1.44688
0.362014
0.709758
0.915352
1.31053
0.816552
0.442011
0.669232
1.89319
0.721325
1.18819
0.496243
1.78279
0.646331
0.509964
1.13465
1.34418
1.73009
1.50735
1.78763
0.81305
0.170739
0.519117
0.2113
1.00361
0.509312
1.09433
0.693761
0.334478
0.384532
0.725562
0.156229
0.184732
0.710032
0.294296
2.10638
0.255607
0.27422
0.198427
0.64689
0.402324
0.999986
0.784424
1.60139
0.892876
0.216963
0.319382
0.587712
0.674569
0.513685
0.370955
0.672119
1.95306
2.41428
0.580805
0.51938
0.878583
1.00193
0.673318
0.351271
0.67425
0.479674
1.0033
0.497027
1.11749
1.7929
0.764065
2.15544
0.581662
1.21564
1.33601
0.493841
0.484162
0.352277
0.54588
0.230546
0.14036
0.789186
0.644061
3.19992
0.967348
0.419116
0.30364
0.816377
1.87231
1.13772
0.732227
1.8959
1.05316
0.511651
0.628239
0.320533
0.516131
0.692548
0.548477
1.4034
0.602731
1.30843
1.03487
0.787707
1.54311
0.536008
0.834303
1.50241
1.56349
0.256902
0.821446
0.42474
1.56195
0.922753
0.434932
0.359989
0.912587
0.52172
1.54904
0.6217
1.22568
1.11185
0.284494
1.22831
3.34034
0.453154
0.262783
0.778309
2.18612
0.271631
0.30746
0.54659
0.507431
2.86549
1.61084
0.775039
0.635105
0.679592
0.538813
1.40147
0.390136
2.78086
0.716283
0.75101
0.650552
0.423236
0.379993
1.39612
0.906953
2.80833
0.494041
3.08068
0.247885
0.458697
0.796614
0.588005
0.621122
0.548795
0.547751
0.595369
0.818766
4.43942
0.655361
2.88672
0.737426
0.507467
2.12875
0.326711
0.100433
1.13709
1.24021
0.58298
0.789397
0.634133
1.03595
0.197029
1.17975
1.49507
3.66147
0.398462
0.665241
0.662725
0.44217
0.900388
1.41978
0.883328
1.39087
0.492945
3.32896
0.406947
0.3114
0.59579
1.36515
2.94241
0.428135
0.77718
0.417883
0.329431
0.257805
0.655669
0.294985
0.187045
0.940734
0.78917
0.400786
0.526564
0.694434
1.36628
0.548591
0.134254
0.429727
0.727282
0.440203
0.393494
0.258893
1.32584
0.358244
0.230872
1.57499
1.3751
0.2742
0.410724
0.716626
0.726319
0.582628
0.374623
0.682313
0.170173
1.19646
0.558147
0.513411
0.664905
0.62155
0.268024
0.518466
0.360469
1.04152
0.367454
0.951207
0.378706
0.632812
0.733293
1.0183
1.70059
4.33672
1.41884
0.775838
0.655898
0.519833
1.19812
0.799152
3.20782
0.505423
0.380471
0.730994
1.8907
1.11417
0.500834
2.12694
0.568146
1.05168
0.554229
0.462822
0.0831343
1.07593
0.432919
0.359473
2.31484
0.411142
2.17433
1.49661
2.08634
0.834746
0.366771
1.17499
1.05123
1.27046
0.507989
0.410302
1.59647
0.674459
0.654376
0.65185
0.937394
0.426895
0.689042
1.37995
0.373959
0.921796
0.798086
0.722237
0.748642
1.24548
0.717836
1.24621
1.05602
0.196213
0.53395
0.623251
0.42221
1.70348
0.254847
2.00831
1.39072
0.761055
0.247448
0.748382
0.6705
0.689019
2.90948
1.59265
1.23365
0.636148
0.670483
0.197343
0.546095
0.740845
0.586652
0.371714
0.476398
1.26922
0.258971
3.93779
1.30365
0.350795
0.475707
1.21784
0.795377
1.07113
0.850963
0.589016
0.55898
0.537843
0.854623
0.144087
0.313641
0.728189
0.331651
0.86023
1.73198
1.51773
1.82162
0.85874
0.946014
0.336164
1.72295
0.712495
0.995245
0.528142
0.188331
0.536046
0.515724
0.432693
0.247713
1.13486
0.645891
1.67111
0.302571
1.46859
0.471157
0.707148
0.104568
0.18966
0.834675
1.53614
0.425211
1.715
0.712847
0.204915
0.462321
0.752302
0.686211
0.49801
0.220684
0.265906
0.573229
1.03083
0.611179
0.862418
0.643833
0.732286
1.22749
0.629143
1.28864
0.710439
0.278133
1.03432
3.64842
0.389575
0.363657
0.267952
0.299856
0.331063
0.18651
0.427194
1.47096
0.63025
0.42389
0.0888161
1.93753
0.61629
0.740367
0.302875
0.595729
0.937133
1.35378
0.596681
1.36585
1.09592
0.368918
1.41344
0.235706
1.35208
1.50024
1.09768
0.872462
3.92705
0.942529
0.28299
0.570909
1.45407
0.932883
0.303422
0.777507
0.504488
1.59866
0.346254
0.271395
0.30223
2.24017
0.332602
0.652317
1.26593
0.440098
0.493722
0.689141
0.416387
0.647642
1.15363
0.827773
1.6581
1.29142
0.980757
0.578422
1.1335
0.674556
0.326681
0.375914
0.331161
0.671919
0.465293
0.768761
0.799821
0.543325
0.288618
0.393532
1.00298
0.347043
0.264782
0.0949081
0.58175
0.84575
0.767629
0.494769
0.351208
0.77216
0.408905
0.616848
0.809503
1.00773
0.545996
0.626546
0.618524
1.92371
0.189511
1.9923
0.584527
0.42248
1.78518
0.623135
0.628138
0.691597
0.549063
2.0542
0.41825
0.829859
0.620363
0.827188
0.542472
2.43934
0.492771
0.391349
1.20259
0.454041
0.611736
0.333579
1.80715
1.55911
0.277675
0.617548
0.467776
0.361873
0.976135
1.37834
0.733225
0.651074
0.535427
0.24655
0.802572
0.85834
0.561684
2.08619
0.391554
1.03529
0.355841
0.752203
0.528436
0.612496
0.582505
1.21073
0.905076
0.391345
1.78075
0.688568
0.794446
0.312157
1.25181
0.449691
1.36369
0.349911
0.630455
1.28539
0.628047
1.46917
0.488057
0.745664
5.04011
0.531716
0.625745
0.585266
0.347534
0.463392
0.794526
0.661565
0.757536
0.123247
1.30286
0.492803
1.0656
0.574369
0.789485
1.81935
0.851861
0.945481
2.11271
0.638385
1.17126
0.539935
0.815571
0.636368
0.499815
0.95993
0.455106
2.67865
0.529582
0.115473
0.538527
0.800827
1.12185
1.49995
0.819278
0.552319
0.428943
0.478483
0.172587
0.523003
0.826189
1.40437
1.5859
0.618463
0.447568
0.586832
0.672618
0.636089
1.89826
1.57266
1.69905
0.438011
0.470123
0.73331
0.58498
0.692164
0.387894
0.861733
0.697755
0.575509
3.96342
0.565969
0.620524
0.31449
0.37834
1.4112
0.644386
1.2992
0.585045
0.460491
0.429313
0.15204
0.901536
1.14517
0.418869
0.984379
1.99211
0.456214
1.2761
0.682032
0.284478
0.747421
0.818296
0.639503
0.767722
0.210696
1.20111
0.85173
0.229433
0.404988
0.738374
0.647725
1.62431
0.849593
1.37045
0.566336
0.845616
0.503904
0.748182
0.602319
0.513451
0.282548
0.543676
0.464034
1.40255
0.85236
0.552649
1.9296
0.697013
0.698654
1.25194
0.353276
0.190447
1.02349
0.644209
0.98279
0.505773
0.384454
1.63171
0.603316
0.767481
0.544149
0.71285
0.511744
0.781005
0.306772
2.45849
2.54167
0.695003
1.39123
1.18366
0.36058
2.22794
0.93267
0.928205
0.471921
0.699253
1.28089
1.31313
0.406983
0.221483
0.760156
0.733076
0.722
0.479538
0.553036
0.895843
1.17716
1.26919
1.14157
0.967133
1.0207
0.893297
0.490236
0.72635
0.356054
0.599962
0.265058
0.687307
0.373765
0.927797
0.281379
0.961985
0.181086
0.609066
1.0979
0.370447
0.750099
0.5436
0.480795
0.459691
0.991814
0.495172
0.393222
2.41767
0.367537
0.934989
3.2483
0.41584
0.532259
1.69123
0.793318
0.271776
0.673379
2.69368
0.754793
1.1418
1.79783
0.523462
1.08754
0.893259
1.36637
0.407079
0.739655
0.942261
0.751165
1.00837
0.378156
1.82183
0.665527
0.30496
1.73872
1.12248
3.21454
0.366483
0.927013
0.387772
0.603072
1.05491
0.498941
1.59855
3.63626
0.309294
0.616408
0.478891
4.38124
2.93081
0.403697
0.578138
0.789623
1.1186
0.843981
0.91364
0.469535
0.120371
0.595741
0.715271
3.359
2.29868
0.649144
1.17009
0.55083
0.659866
0.788895
1.25968
0.94208
1.90779
1.43857
0.895221
0.672921
0.906592
0.24725
0.555607
0.336052
0.924333
0.384447
1.33051
0.185701
0.156572
0.486158
2.02527
0.288027
0.772938
0.422073
0.995816
0.575628
2.07627
0.362502
0.750518
1.03996
0.881025
0.491612
1.14142
2.33724
1.20883
0.710782
0.642794
3.34937
0.548845
1.15003
0.259065
1.54458
0.704046
0.983012
0.610157
0.681543
0.658498
0.834151
0.612591
1.5704
0.651772
0.477519
0.705546
1.16693
0.528269
0.967462
3.55711
0.398217
0.278776
0.354212
0.432406
1.54449
1.11542
0.293998
0.457287
0.356632
0.743785
0.416215
1.92271
0.570958
0.228483
3.20491
0.578168
2.60311
0.633314
0.997911
0.618086
0.197253
0.330258
1.55126
0.776946
0.349048
0.326702
1.26121
0.727822
0.225233
0.480532
0.338585
0.562731
0.955186
3.34808
0.588418
0.542881
0.269712
2.68954
1.09979
0.0951749
0.408568
0.163024
0.643008
0.962768
0.840777
0.534222
0.232795
0.25926
0.616814
1.34638
0.62089
0.448972
2.15485
1.07211
2.02259
0.703023
0.217455
0.736824
1.56385
0.430291
0.430281
0.502342
0.917986
0.384927
0.71923
0.913123
0.441148
0.467549
0.20684
1.7248
0.132663
0.631076
0.343078
0.254322
1.09748
0.70102
0.332315
0.609426
0.811342
0.611123
0.827542
0.510532
0.379061
0.419327
0.435181
0.270879
0.44846
0.193306
0.993504
1.64668
1.54988
0.553407
0.422389
0.796335
0.334991
1.0342
0.93071
0.215377
0.561125
0.920687
1.81349
0.514937
0.269713
0.835144
0.481835
0.297961
0.118409
2.1071
0.909173
0.485897
0.869675
2.22708
1.22013
0.565741
0.370688
0.399027
0.535665
0.450959
1.01213
1.07706
1.31374
0.273405
0.552573
0.530445
2.17327
1.13231
0.994199
0.234524
0.898667
0.694909
0.686458
0.594099
0.179145
1.16716
0.510352
1.13607
0.174781
0.277198
0.645103
1.06981
0.661233
0.229441
0.670601
4.72138
0.322238
2.30271
0.327166
1.69252
0.549166
0.726732
0.608802
0.500066
0.156791
3.8604
0.978689
1.46257
0.772987
0.429754
0.268913
0.719271
0.732901
0.956634
0.454694
0.965006
0.802954
1.89752
0.399981
0.758478
0.813219
0.400069
0.315397
1.48771
0.979902
0.554512
0.313315
0.519276
0.892315
0.464546
0.24567
0.591845
0.910598
0.729866
2.53447
1.05521
0.302317
0.677307
0.779947
1.76611
0.657819
0.498988
1.65165
0.391002
0.52739
0.216772
0.981556
2.17974
0.537121
0.452443
2.37978
0.403253
1.00317
4.20696
0.577908
1.74444
0.814641
0.341343
0.51745
1.22724
3.34827
0.740782
0.744177
0.953237
1.86929
1.5949
0.6848
0.429437
0.795178
0.387924
3.28699
0.851076
1.01612
1.71955
0.420376
3.41888
0.601088
1.19073
1.1752
0.994674
0.479934
1.22358
0.365852
1.066
0.623218
0.695276
0.990598
0.62835
0.360414
0.561612
1.67078
2.03108
0.410081
0.814223
0.590614
0.987251
0.260154
0.3113
0.705108
0.494351
1.4683
0.891919
0.334991
0.741047
0.439113
0.445077
3.41012
2.14555
1.72596
0.704951
1.2507
0.506233
0.337626
