0.550766
0.400587
2.09305
2.53224
0.786217
0.332114
0.989936
0.542646
0.91439
0.181954
0.355432
0.732625
0.190742
0.397441
0.305012
0.783154
1.42526
0.117802
0.549798
0.706887
0.747183
2.63232
1.46099
0.382861
0.376633
0.607741
0.993948
0.127365
1.48717
1.03142
0.219455
0.657683
0.564908
0.35764
1.55483
1.38953
0.232627
0.283398
0.55031
0.179079
0.785067
1.05692
0.530127
3.76372
1.00648
0.153511
0.432075
0.299115
0.217728
0.426783
0.264985
0.467201
2.31787
0.755719
0.186675
0.747027
0.235046
0.808793
2.88605
0.434146
0.536211
0.272346
0.561376
0.920664
1.46766
0.895299
1.47437
0.800712
0.857818
1.76496
0.253664
1.40514
1.16814
0.477095
0.448321
0.578736
0.532156
0.650693
1.07041
0.654156
0.733497
0.413397
1.01557
0.432919
0.394546
0.550765
0.308003
0.486377
0.949554
1.01158
0.628751
0.221542
0.332861
0.472891
1.83881
1.1402
0.672443
2.74199
0.650045
0.628935
0.248993
0.309542
0.578142
1.85311
0.700781
0.709367
0.341172
0.334753
0.971215
0.49459
0.358659
1.27518
1.80375
0.852048
0.544446
0.78652
1.05322
0.299819
0.619112
0.362177
0.29446
0.86691
0.486765
0.776142
0.524136
0.18391
0.214522
0.385586
1.64667
0.599912
0.451886
1.26239
0.330158
1.32223
0.5257
0.800636
1.17554
0.440615
0.785765
0.392652
0.449571
0.0924137
0.574902
2.66428
1.27626
3.92941
0.212362
2.28871
0.2948
1.38272
1.7743
0.852286
0.533604
0.366018
0.878175
0.920594
0.548356
0.330216
0.383875
1.27085
1.0198
0.660993
1.26252
0.405084
2.32538
1.21664
1.87419
0.521762
0.891932
1.86143
0.501193
0.362502
0.370288
0.475385
0.601046
0.372725
0.484295
0.912986
0.266965
0.868278
1.85137
0.6749
0.609968
1.38984
1.02535
0.447595
0.631208
4.16037
0.668039
0.71505
0.449891
1.86638
0.293471
0.56726
3.52724
1.17429
0.664089
0.38451
0.4459
0.168098
0.298664
0.469389
0.429144
0.497509
0.576802
0.794336
0.376588
0.937221
0.165133
0.659492
0.875276
0.766026
0.943257
1.1245
1.49391
1.60552
1.6633
0.679055
1.04827
1.33674
0.759755
0.51851
0.68068
0.56142
0.433104
0.154831
0.568405
0.754697
1.34167
1.80289
0.518623
0.442383
0.670025
0.501922
1.84383
0.38458
0.431263
0.223544
0.762948
1.58088
0.741151
0.642615
0.398351
0.233072
0.423276
0.646185
1.44228
0.451169
0.983854
2.43508
0.680029
0.265793
1.73541
0.491877
0.475679
0.551203
0.336169
0.291071
0.382931
1.9609
0.797914
0.456954
3.36262
0.512358
0.487119
1.01417
0.409329
0.876256
0.604653
0.732868
0.712073
0.258481
0.482909
0.675996
0.435644
0.21421
0.298125
3.02803
1.79581
0.891142
0.227199
0.360936
0.50446
1.85203
0.844008
2.14886
1.57899
0.415534
0.580845
0.499759
0.516203
0.43175
0.485948
1.15076
0.415682
1.28792
2.7331
0.632762
1.16993
0.159353
0.813824
0.890088
1.18208
0.739695
0.315984
0.439723
0.234683
0.552098
1.01236
1.30856
2.98757
0.851037
1.76346
1.00095
0.446301
0.208022
0.729117
0.170929
0.836454
0.542857
0.946844
0.351451
0.552189
1.22069
0.211885
0.779381
1.20804
0.581641
1.47081
0.707376
1.32817
0.243179
1.16789
0.172475
1.0415
1.1748
0.870192
2.39849
0.558493
0.478383
0.728049
0.759397
0.899258
0.430594
0.857546
0.366948
0.764849
1.08429
0.555492
0.418936
0.19459
1.08494
0.752872
0.530644
0.284935
0.281615
1.32444
1.0376
0.193983
1.26888
1.2334
4.16997
3.42244
4.47095
0.358981
0.219229
0.482126
0.343038
0.46047
0.423233
0.584653
0.380467
0.627094
0.864869
0.989887
0.451565
0.500388
0.94886
1.20512
1.28805
0.486972
0.669827
1.72736
1.31454
0.340496
2.0969
0.386816
0.312216
2.01843
0.118634
1.83817
0.882676
1.11872
0.479767
0.533599
0.649695
2.27044
2.56483
0.789368
1.17691
1.10073
0.800383
0.619179
0.10595
1.87916
0.183317
0.199454
0.404901
0.553923
0.619676
0.608912
1.37609
1.69171
1.47928
0.934174
0.929942
0.154449
0.476664
0.997264
0.937584
1.15756
0.476202
1.14584
0.684174
0.905812
0.344891
1.17906
0.120751
2.6193
0.414491
0.189998
0.742811
0.234843
3.27013
0.565062
0.560064
1.09642
1.12014
0.903555
0.815375
0.414433
0.532319
0.851626
0.708012
1.50119
0.489905
1.26964
0.068215
0.493881
2.168
0.932301
0.367148
0.316386
1.33124
0.542053
0.639799
0.586389
0.521673
1.65177
0.906505
0.691611
0.691659
0.562117
0.382924
0.870995
0.626911
0.192888
0.572952
0.604115
0.555721
1.40555
0.371516
0.872408
0.609506
0.524583
0.510505
1.26056
0.35251
1.09121
0.561379
0.266848
0.435192
0.635551
0.281596
0.854636
0.695691
0.413485
0.116647
0.158184
0.487299
0.678359
1.00569
0.616655
0.553207
0.213192
0.423067
1.2717
1.13312
0.182505
0.785182
1.82639
0.449112
0.50217
0.818298
0.715425
1.87327
1.45814
0.539618
1.93974
0.37988
0.679774
0.620736
0.891363
0.546658
2.88196
0.473513
1.03968
0.292112
1.08846
0.943601
3.61923
1.38185
0.664457
0.083857
0.590163
1.89603
0.658893
1.33748
0.777122
0.333666
1.15689
0.223715
0.18676
0.374828
2.25612
0.346897
0.42255
0.329971
0.251876
0.384723
0.305197
0.604101
0.261279
0.691695
1.0661
0.452134
0.756442
1.06204
0.958672
0.895066
0.281089
2.89502
2.21288
0.695232
0.884949
0.453277
0.475085
1.70192
0.38632
0.199496
0.742873
0.869791
0.818213
0.613239
0.55597
0.488858
0.485473
0.380366
0.605171
1.84525
3.5644
0.125373
0.249971
0.452672
0.607717
2.06704
3.11974
0.201192
0.52859
0.699703
0.718774
0.279322
1.1088
1.78616
0.571487
1.14832
0.341837
0.136846
0.980417
0.85481
0.392556
0.631931
0.825119
0.0705277
0.362705
1.03068
0.295375
1.28468
2.89242
0.283168
0.651326
0.309277
0.505495
1.91188
0.71275
0.31525
1.01487
0.366934
0.954859
0.963828
0.567432
0.307709
1.12137
2.44717
0.69363
0.982049
0.279694
1.01555
0.136797
0.556594
1.49383
0.577333
2.74244
0.68911
0.493694
0.364758
0.462727
0.426635
1.53959
1.0861
1.28769
1.53204
0.631072
1.60673
0.513798
0.663823
0.772331
2.42076
1.22559
0.172368
0.179431
1.09518
0.284234
1.3792
1.0273
1.41213
0.437147
0.252659
4.59447
1.30209
0.356413
4.25616
1.02208
1.42297
0.476803
1.33987
2.84069
0.261345
0.403125
1.05148
0.812328
0.639196
0.757226
1.00066
0.264117
0.684849
1.86239
0.558058
0.845527
2.08145
2.02849
0.733505
0.657437
0.755103
0.904122
0.442691
0.501252
2.92563
1.71339
0.324013
0.548896
0.826547
0.579227
0.638609
0.525081
0.641271
1.40224
0.714889
0.92881
0.164248
0.848319
0.796931
1.50659
0.131038
0.747125
0.588021
1.20662
0.312546
0.481554
0.462021
1.50284
0.74408
1.87267
0.567824
0.360917
0.643423
0.824797
0.219761
0.318355
0.576462
0.286477
0.88745
0.185905
0.198388
1.32135
0.769411
0.427503
1.30179
0.929703
0.206877
0.42712
2.67092
0.386915
0.371321
1.63873
0.250798
1.18068
0.170647
0.427776
0.334344
1.32398
1.17766
1.5437
0.27097
2.41625
0.105025
0.624614
0.395748
0.582545
0.611856
0.729439
0.60651
0.647043
0.438632
0.555718
0.897135
0.185688
0.299069
0.461145
1.35647
4.86727
0.122065
0.638238
0.625275
0.607054
1.8827
1.4777
0.665052
0.360547
0.423356
0.34319
1.14334
0.851287
0.47848
1.89
0.493134
0.492364
0.164902
1.23391
1.4179
2.38569
0.488615
0.877131
1.01522
0.555279
1.73308
0.801951
0.643883
0.437508
0.420894
0.164887
1.09418
0.499165
1.11113
0.939476
2.41134
2.30162
0.530073
1.62049
0.382767
0.603124
3.1273
2.37239
1.58691
0.303728
1.01268
1.43041
1.24244
0.748427
0.287425
0.443626
0.521446
0.646947
0.834569
1.039
2.19458
0.277396
0.219957
0.384471
0.282427
2.12219
0.898116
0.267876
0.164387
0.730248
1.10699
0.256396
0.679703
0.560542
1.86383
3.06273
2.44441
1.09045
0.296624
0.536837
0.644893
0.504427
0.459346
2.07488
0.665351
0.93184
1.73143
1.75756
0.200592
0.352141
0.930289
0.687041
0.625211
0.684929
2.42147
0.985572
0.57299
0.379041
2.09541
0.65982
3.82903
1.35891
1.01368
0.298201
2.40004
1.24072
0.802917
0.894081
1.71459
0.738344
0.397724
0.300731
0.71344
0.598473
0.273384
0.451383
0.45074
1.48119
2.17412
0.818779
0.824952
0.746439
0.870129
1.11029
0.821712
0.544784
1.97137
0.786758
0.785404
0.335713
0.625187
0.494872
1.03754
0.245465
0.313006
1.46728
0.585983
0.342178
1.21756
0.58971
0.330952
0.415778
0.634552
0.331799
1.71417
0.77039
0.275238
1.12328
0.201385
0.707994
0.520314
0.744731
0.331693
0.176388
0.767269
0.329174
1.68133
0.805392
0.771948
0.152631
0.557794
1.23036
0.267202
0.261053
0.121012
1.06469
0.221286
1.30454
0.459086
0.21144
0.881853
0.671796
0.10975
0.398096
0.474182
0.851058
0.888728
0.861179
0.132076
0.535377
1.43545
1.53147
2.53886
1.35426
0.498432
0.336788
0.376151
0.742312
0.590606
0.248837
1.24045
1.02332
1.62506
0.787974
0.376289
0.435625
0.190242
1.44752
0.399137
0.0648448
3.63446
0.619038
0.7412
1.9022
0.883098
0.164002
0.19257
0.841051
0.471569
0.114246
1.32691
0.684096
1.77835
1.39214
1.5044
1.46866
0.35955
2.29296
1.12903
0.582483
0.224619
0.613917
0.295877
0.830932
0.723376
1.08086
0.752375
0.330034
0.910451
2.15252
1.01557
0.242875
0.42062
0.302135
0.321901
1.04363
1.30844
1.73479
0.687061
0.574599
0.625464
1.86594
0.763367
0.695973
0.376314
0.580235
0.480057
0.580449
2.19922
0.445935
0.338149
0.454154
0.866269
0.0546804
0.670763
0.365217
0.408786
0.870818
0.52071
1.18115
1.92497
0.566887
0.165059
0.738173
0.286132
1.62452
2.61587
1.44773
0.531578
0.249589
0.44965
0.342384
0.818305
0.393405
1.49537
0.95674
0.280331
0.636509
0.210672
0.552377
0.827793
0.716789
0.830965
0.408306
0.386548
0.415834
0.396978
0.617556
0.296389
0.429241
0.396159
1.29237
0.321629
1.89739
0.665743
0.287605
0.342774
0.386785
0.451663
0.373892
0.59077
0.607508
1.49739
0.829832
0.868642
1.24975
0.625433
0.515185
1.14835
0.530095
3.18118
0.858004
0.48838
0.595057
1.21345
0.423049
0.413041
0.218708
0.230294
0.72005
2.70924
0.613736
0.578556
1.25948
1.96355
1.10388
0.780348
0.365131
0.284828
1.34225
0.486704
0.551975
0.718949
0.459896
0.564334
0.749386
0.126674
0.681111
1.57866
0.694832
0.48437
0.671343
0.273994
0.837775
1.38446
1.55219
0.694651
0.258612
0.957183
0.70167
0.855744
0.855513
1.6195
3.16583
1.41966
0.193551
0.770903
1.16312
0.462791
2.3274
0.490243
0.584015
1.47799
0.650901
1.28644
0.1807
0.270936
1.45448
1.30179
0.978136
0.423323
0.457767
1.36041
0.954712
0.506095
0.788476
1.47568
0.514113
0.294941
0.642346
1.46393
0.462753
2.4904
0.611559
2.07576
0.292733
1.87515
1.18303
0.324392
0.430044
0.981353
0.669636
2.02135
0.434174
0.876555
0.252572
0.187023
0.75306
0.469806
2.82296
0.966124
0.805736
0.518769
0.41556
0.540584
1.28981
1.14994
0.147567
2.71234
0.478484
0.477231
0.474278
1.01107
0.768636
0.287167
0.399966
0.734537
0.404313
1.1777
2.1347
0.368902
1.92384
0.0974002
0.763209
0.570042
0.295022
0.354347
0.447884
1.12536
0.338339
0.471233
0.656706
1.55673
0.244668
0.866932
0.410046
0.421527
2.74858
0.672886
0.429038
0.581516
4.21904
0.918898
1.61412
0.71748
0.999879
1.83229
0.48818
1.0937
0.661886
1.34467
0.810162
0.960397
0.424625
1.55631
1.20254
0.907635
0.303882
0.250099
0.929963
0.215031
0.648068
0.360108
0.279759
0.489535
1.4289
2.14017
1.3552
1.89086
1.73374
0.958833
0.455815
0.159989
1.25023
4.19549
0.313221
3.58704
0.524502
0.255309
0.617607
1.02219
0.709173
0.601076
0.493593
0.16893
0.401739
1.01031
0.678082
0.461506
0.355148
0.257384
2.68967
2.9094
0.697939
0.490175
0.863968
0.2032
0.232546
0.813529
1.71106
0.417065
0.278552
0.199982
0.838917
0.977566
0.697808
0.959424
1.01919
0.700065
0.281803
0.138115
0.21164
0.462914
1.39148
1.13458
0.319489
0.876287
2.7563
0.572558
1.96993
0.162327
0.458516
0.908399
1.67699
0.548557
0.484325
0.408456
0.504409
0.212933
0.515326
0.721809
2.74203
0.55254
0.630978
4.02901
2.01378
3.11105
0.465414
0.494815
1.60795
0.536871
1.49449
0.712576
0.294792
0.191351
0.739895
0.553035
0.508068
0.167457
0.323147
1.00681
0.465061
0.246354
0.370126
0.707073
0.734335
1.95443
1.30758
1.25706
1.2224
0.695541
0.8102
0.339693
0.858371
0.529539
0.180245
0.488896
3.83967
0.859506
0.565339
0.711129
1.28351
0.177358
0.685008
0.637044
0.544243
0.798449
0.990424
0.323375
1.39456
2.56564
0.440074
0.589486
1.9608
1.19958
0.153737
0.78588
0.0990029
0.365181
0.239882
0.944099
1.53693
1.10589
0.330473
0.896787
1.56489
0.868617
1.32954
0.295198
0.762899
0.197648
0.566197
0.529111
1.18173
0.421397
1.14911
0.839531
0.344085
2.25856
1.35284
0.335119
1.27499
2.96649
0.292528
0.364725
0.406904
1.04801
0.521497
0.846151
0.560155
0.60655
0.469131
0.393319
0.222973
4.25705
1.3066
0.540581
0.693184
0.26017
0.233677
0.257295
2.41017
0.13078
1.41042
0.71728
1.2649
1.14125
0.716243
0.22691
0.304529
0.159572
0.699572
0.557637
0.111178
0.435797
0.976476
0.611676
0.280986
0.269812
0.305155
0.198364
0.647961
0.482194
0.404038
0.662961
0.267938
3.27666
1.02193
0.630033
0.100255
0.552266
0.410347
0.334293
0.49021
0.953701
0.387751
0.193172
0.901456
0.359433
0.4139
0.538959
2.03166
0.125394
3.18314
0.452396
2.04492
0.371515
0.181463
0.44896
0.285313
0.678349
1.29485
0.538596
0.916647
1.63838
0.260668
0.427243
0.770998
0.590443
1.4084
0.571775
0.443752
0.357616
0.313462
0.298611
1.89024
0.85471
0.391214
0.585745
2.48625
1.64656
0.6363
0.549299
0.393738
0.907366
0.144009
0.282602
0.240244
0.509023
0.546529
0.33241
1.82141
0.734463
0.585871
0.356962
0.512868
0.33446
1.65174
0.357679
0.702142
0.97549
0.363716
0.363032
0.0947629
0.931945
1.16241
0.76788
1.23165
0.386842
0.556037
0.751013
0.348659
0.619348
0.7673
0.746399
1.901
3.58089
0.437242
0.511196
0.370562
0.378736
0.463504
0.833461
0.947378
0.746201
0.186544
0.470133
0.302738
0.572881
0.886765
2.15774
0.44092
2.41394
1.87498
0.0900204
1.02876
1.17468
0.749998
0.25745
0.671407
0.372288
0.337044
0.539665
0.727567
0.409886
0.520013
0.474231
1.38117
1.16996
0.795358
0.93388
0.932404
1.00513
0.602
0.328812
0.347891
0.467368
1.76303
0.967203
0.618142
1.38576
0.879882
1.17364
0.336712
0.701241
0.469794
0.240491
0.760141
1.12646
0.409757
0.769889
0.864878
0.585032
0.557256
1.43613
0.393582
0.616811
1.55212
1.13191
2.26353
0.654502
0.565652
1.31861
0.543926
0.825181
1.24701
2.11369
0.352184
0.959236
0.350553
0.174771
0.282797
0.180316
0.689935
0.122034
0.543335
0.720462
0.457292
1.03765
0.386376
1.13327
0.503527
0.483932
0.556055
0.354681
1.80102
0.864025
0.359323
0.38242
2.72907
0.486564
0.653894
1.0083
0.159385
0.188132
0.448317
0.431684
0.3424
0.402432
0.447766
0.293447
1.79117
1.21577
4.58658
0.210048
0.171116
0.652125
1.48188
0.578447
1.52324
0.633975
0.784081
0.714498
0.446036
0.404429
0.761031
1.89551
0.704333
0.566303
0.469047
0.902159
1.46263
2.72068
0.178953
0.273899
0.432398
0.249924
0.653679
0.549816
3.27627
1.29472
1.53722
1.16384
0.358986
0.326536
2.29393
0.422929
1.06429
0.374977
0.335997
0.416221
0.176518
1.98634
2.10305
2.37609
0.821079
0.522632
0.37262
0.535219
0.597262
0.618072
0.388388
1.629
1.63772
1.01737
0.442228
0.26098
0.30858
0.650581
0.750907
0.648375
0.463106
1.22355
0.922054
1.19432
2.91501
0.828338
1.21741
0.541498
0.670982
0.609777
1.30654
0.51112
0.831011
0.0423935
0.678532
1.03121
0.291548
1.44198
1.08492
0.496287
0.0788782
0.388797
0.724637
0.809502
0.708901
0.142962
0.507092
0.273555
0.750134
0.535243
1.47855
0.460454
0.72317
0.50732
0.97073
0.611738
0.199342
0.645721
0.879803
2.82568
0.944544
0.366555
1.52708
0.658696
0.47041
0.820397
0.69467
0.605986
0.334971
0.313757
0.467244
0.465678
0.810737
1.23847
0.646962
0.620826
1.18586
1.55286
0.916546
1.00698
0.111294
0.264839
0.454275
0.491851
0.722628
1.55083
0.507973
0.211479
0.257371
0.587682
0.754676
0.464207
0.722169
0.242942
0.991546
0.68589
0.612885
0.386116
0.290385
0.816449
2.10192
0.381949
0.650465
2.67222
0.996572
0.582629
0.178742
0.891309
0.615327
3.52558
0.905391
0.382566
0.423061
0.312225
0.392857
0.968922
1.1138
0.293616
0.387425
1.32226
4.13693
0.650273
0.590982
2.39483
1.19511
0.205891
0.939826
0.370338
1.23285
0.556666
1.46846
1.66353
0.412936
0.385845
0.63788
0.704214
0.862503
1.21142
1.61929
0.29341
1.26072
0.850796
0.522801
0.616106
2.08131
0.634752
2.60529
1.65795
0.73636
0.693849
0.634843
0.750243
1.71051
0.414389
0.395303
1.78894
0.460046
1.88473
1.7566
0.670089
1.2748
0.427291
0.749612
0.713443
1.56263
2.92786
0.486244
0.314668
0.808704
0.280475
0.194396
1.84528
0.513867
0.807091
1.02491
2.54356
0.731852
0.325313
0.668941
0.639409
0.874803
1.36936
0.344158
0.578591
0.58054
0.296393
0.16298
0.0935454
0.994504
0.546872
0.796715
0.435749
0.206182
0.500469
0.386886
0.911503
0.721377
0.518296
1.36846
1.07189
0.478717
0.433172
1.04165
0.298125
0.664527
0.685077
3.07152
0.489357
0.743649
0.37557
0.814316
0.949724
0.714244
0.715799
0.552235
0.240447
0.262861
0.756017
1.17596
0.865501
1.14112
0.230387
0.153872
0.382452
0.265827
0.307471
0.522739
0.612699
0.523192
0.695709
0.208488
0.396765
0.315501
0.830353
0.713036
1.35631
0.983327
0.85361
0.806733
1.14195
0.453321
0.927246
1.00898
0.507087
1.91809
0.436092
0.402268
0.778416
0.457437
0.0765518
0.355221
0.615416
0.66178
0.402931
1.35605
0.4983
0.37069
0.550393
0.296987
1.86108
0.334068
0.60128
0.272888
1.45935
0.235693
0.219356
0.188002
1.43324
0.188506
0.143429
0.854453
0.349307
1.47299
0.951762
0.445955
2.36711
1.18352
2.57454
1.11
0.677978
1.19744
0.390933
2.30765
0.750162
1.83388
1.32459
1.64845
0.930401
0.192821
2.65744
0.3998
0.119136
0.288034
0.29958
0.755554
1.71614
1.64822
0.942582
0.433626
0.55399
1.79779
1.12601
1.22635
0.69647
0.342061
1.33903
4.23888
1.27191
1.39444
0.275306
1.24314
0.861162
1.17945
0.346946
1.28737
0.178489
1.2498
0.595531
2.38268
1.59161
0.282704
0.921968
0.808894
2.36951
2.37767
0.614889
0.377317
0.488132
2.15815
0.709309
0.322093
0.429273
0.837876
0.293844
0.438571
0.301127
1.59162
1.87321
2.02767
0.858164
2.03973
0.394942
0.352944
1.07424
0.637799
0.379731
0.500155
1.07968
1.4682
0.705389
0.778193
0.507789
1.07324
1.2361
0.431174
2.0596
0.926014
0.417029
0.715693
0.31172
3.22293
0.528905
0.435887
3.79049
0.50389
0.582587
1.291
0.786906
0.641532
0.44777
0.589797
0.458977
3.68325
0.368336
0.123307
0.27312
2.01201
0.264466
0.354814
0.614694
0.339221
0.734337
0.881585
0.400549
0.592415
0.271551
0.379765
1.82242
0.137709
0.758679
0.813399
0.677705
1.27921
0.662864
0.541446
0.578076
0.29479
0.131391
0.865396
0.479805
0.709747
0.728724
0.724003
0.694499
0.623246
0.152473
0.34
0.982811
0.458116
0.574466
0.048015
0.367898
0.657636
0.20594
1.76316
0.984181
0.163375
0.324526
1.79755
2.23894
0.49014
0.11722
0.279541
0.246387
0.423254
1.2244
1.16894
0.544612
0.436713
0.0930452
1.97978
0.137657
0.804624
1.97225
0.516075
0.317158
0.764793
2.20839
0.311221
1.94629
0.60676
0.672528
0.361905
0.412969
0.349048
0.385435
0.599094
0.154886
1.52446
0.913613
1.34623
0.278258
0.259863
0.284668
2.33562
0.610632
1.52303
3.26474
0.333489
0.549984
0.371661
0.501015
0.887838
0.933264
0.986308
0.584212
0.172652
2.21095
2.79944
0.652994
1.45038
0.466543
0.246314
0.106564
0.207614
0.937436
0.967073
0.301018
0.229543
1.50548
0.487745
1.25226
0.333093
0.365723
0.275832
0.147756
1.12252
1.88945
0.588102
0.441197
1.36106
0.451908
0.37871
0.568737
0.279716
0.441973
1.47316
0.336045
0.526113
1.53375
0.254014
0.98404
0.438632
0.777831
1.08116
0.399882
3.689
0.415078
1.00799
0.332264
0.945617
0.628375
0.280281
1.16008
0.580028
0.51536
1.29591
0.831134
4.75102
0.898349
0.954181
0.259325
0.754581
1.90862
0.736597
0.529206
0.539117
0.659923
0.200364
0.293122
0.543758
0.206846
1.17674
0.361374
0.444988
1.46168
0.559912
0.328696
0.779904
2.27864
0.225247
0.19197
1.21062
0.742851
0.967493
0.0845997
2.26255
0.908161
0.552422
0.535786
0.411533
0.195367
0.797298
0.475934
0.92305
0.39597
0.134861
0.592271
0.232268
0.73419
0.764943
0.765356
0.581057
0.161172
0.342508
1.04685
0.356976
0.750332
0.665588
1.46768
0.270221
0.215616
0.390361
0.178893
0.723478
0.74673
0.350173
0.332203
0.390316
0.256676
1.33968
1.11682
2.89963
0.241023
1.9829
0.773348
1.22017
0.946589
0.342627
0.74239
1.57808
1.19471
0.859003
1.18726
0.626572
0.778266
0.393787
0.510734
0.191873
0.311523
1.60516
1.39193
0.301737
0.137703
0.206362
0.570423
0.576273
0.796459
1.36086
1.53738
0.115841
0.626331
0.388275
0.64869
0.692502
0.659379
2.07035
0.475656
1.41342
0.625607
0.458933
0.60762
1.86729
0.852822
0.720527
0.532652
1.47574
0.694683
0.494037
0.384715
1.85548
0.278519
1.00878
0.287722
0.363673
0.331559
0.496015
2.31864
0.245727
0.270264
0.190406
0.550119
0.521877
0.78382
1.02434
0.311993
0.836758
0.352891
1.2838
0.772084
1.13314
0.410036
0.707331
0.711818
0.424912
0.287396
0.905131
1.17637
0.354201
0.454355
0.453049
0.219764
1.5032
0.652865
0.471392
0.710464
1.19952
0.4194
0.575722
2.17339
0.678005
0.273029
0.20804
2.64752
0.179136
0.322368
0.608709
0.277666
0.861201
0.40641
0.236837
1.02115
0.686608
0.465981
0.562307
0.641423
3.52669
0.484146
0.644885
2.34879
0.875614
3.02784
0.570484
0.317076
0.804486
1.45662
4.86152
0.165569
0.428085
0.744395
0.441653
0.557249
0.721295
2.5911
1.77335
1.65657
0.682327
0.669271
1.9272
0.678819
0.865677
0.75562
0.525317
2.83059
1.54417
1.06174
1.53302
0.312085
0.233601
0.542323
0.454641
0.281061
0.552275
1.43396
1.33924
0.695658
0.973946
0.23351
0.451912
0.322465
0.399073
0.310271
0.256031
0.769528
0.966814
0.529838
0.508699
0.286255
0.868487
1.37055
0.362248
0.389025
3.39299
0.382806
0.251922
0.478622
0.682128
0.751158
0.349329
0.501559
0.707999
0.448908
0.853594
0.641659
0.715074
0.315571
0.361158
0.83869
0.215972
0.791762
2.49721
0.82284
1.91777
0.276706
1.23369
0.101389
0.665788
0.777786
0.243964
0.796715
1.21381
0.8439
0.482651
0.645695
1.384
1.13576
0.434356
0.2333
0.236031
0.701832
0.540295
0.216834
0.549434
0.297771
0.227061
1.1141
0.297384
0.146728
0.682814
0.40622
0.385464
0.304951
0.343519
0.677843
0.96005
0.63457
0.456654
0.426706
0.894529
0.923779
0.0558762
1.63666
4.08426
0.126729
0.977525
0.26795
1.09305
0.635131
0.382537
0.314137
0.929678
0.241275
0.298986
1.05468
2.39063
1.30931
0.174798
1.08991
0.856654
1.07095
0.372525
0.955584
1.00876
0.467553
0.403457
0.419144
0.77514
1.15555
1.43483
2.12843
0.34092
0.905871
0.547045
0.755694
0.128474
1.12201
0.450408
0.563031
0.429754
0.0894581
0.485085
2.43621
0.572069
0.542702
0.996575
1.76184
0.342632
0.840385
1.02341
0.459644
2.19565
0.609702
0.50902
0.436816
0.448601
0.324775
0.271957
0.930166
1.71772
0.370853
0.606923
0.36084
0.433659
0.822751
0.873223
0.427888
0.80499
0.625325
0.440711
0.14901
0.546463
3.39643
0.546507
1.32181
1.20184
1.02255
0.640894
0.204887
0.225375
0.690771
0.692186
1.43964
0.531585
0.660967
0.46805
0.755829
0.898881
1.14738
0.564162
0.212309
0.956668
0.860232
0.636244
0.446067
0.686749
0.316462
3.46581
0.563474
0.621391
0.336613
0.813596
1.06001
1.07644
0.781898
0.86293
0.544093
0.627988
0.580502
0.55622
0.59754
1.5429
0.331414
0.56355
1.21255
0.10768
3.0215
0.26227
0.541649
0.751317
0.343166
0.153552
0.334769
1.01001
0.827694
0.636696
0.2524
0.36303
0.192407
0.324079
0.490574
0.464671
0.427713
2.34615
0.886631
0.579053
0.489153
0.56268
0.196308
0.508007
1.13887
1.57435
1.45296
0.267189
1.20928
0.262349
0.974211
1.49614
2.87443
0.964987
0.509018
0.513566
0.908878
1.03038
1.90002
3.05792
1.34416
0.402637
0.435342
0.508579
1.6796
0.316093
0.40147
0.284079
0.838222
0.684203
0.63456
0.921249
0.780003
1.08913
0.739811
0.461624
1.14956
0.384739
0.512908
0.573703
0.59761
0.212602
0.458256
0.432891
1.96217
0.727196
0.804359
0.827168
0.646301
0.502098
0.833677
0.300801
0.609165
0.729749
0.263798
0.170507
0.861102
0.547643
0.615595
0.55098
1.77826
0.506733
0.375475
1.30366
0.76716
0.726995
0.155513
0.50753
0.861506
0.465807
0.821324
0.739819
0.620659
0.230349
0.370082
2.20605
0.694202
1.20131
1.03152
0.338246
0.259955
0.361595
1.12649
0.321006
0.588826
0.363507
0.511965
0.156244
3.93943
0.520558
0.591853
1.72024
0.206324
0.546584
0.408703
0.572602
0.780137
0.43674
0.25726
1.74676
0.153192
0.629926
0.307715
0.674411
1.43626
0.623539
0.406884
0.699976
0.169963
0.451311
0.310439
0.6393
0.442014
0.523454
0.531817
0.293923
2.56339
0.419551
0.763037
0.652767
0.712663
0.570675
0.850244
1.02679
0.452106
0.28232
1.08124
0.386417
0.497135
0.878801
0.5411
0.770234
0.587667
0.15787
1.35859
1.01793
0.829818
0.164221
0.514707
0.583683
2.42189
0.794453
0.233011
1.09711
0.317847
0.432725
0.603341
0.252074
1.98194
0.399512
2.53094
0.178439
2.25003
0.524131
0.354529
0.902467
1.00553
0.552634
0.195019
0.828318
1.32923
0.384861
0.399789
0.399391
0.394342
2.30547
3.16598
2.83235
0.590523
0.638952
0.342508
0.97534
0.973643
0.947409
3.5853
1.46697
1.68684
2.26121
2.66304
0.696631
0.356688
0.381822
0.376592
0.718686
1.20035
0.631456
0.743229
1.47139
0.550568
0.242751
2.00726
0.885041
1.76834
3.82064
0.23193
1.00697
0.504833
1.67695
1.06354
0.6221
0.153162
0.315632
0.334997
1.386
0.987198
0.757471
0.572583
0.717744
0.325913
1.19599
0.424762
1.40489
0.664219
0.744122
2.0323
1.24825
0.406769
0.824723
0.179673
0.618987
0.908431
1.03962
0.645858
0.0944847
0.149681
1.37953
1.27712
0.972352
1.11402
0.666531
0.920335
2.32333
1.41703
0.651472
0.47881
0.342358
0.377114
0.824536
0.683443
0.107209
0.2008
0.492295
0.700305
1.70189
1.32289
1.46866
1.18499
2.37867
1.06049
0.277991
1.51476
4.61199
1.12741
0.374723
0.174762
0.795336
0.492975
0.366178
0.792992
1.71152
0.281636
0.621947
0.876668
0.310794
0.466554
0.395725
0.618796
0.330137
1.62509
0.775202
0.262194
0.391729
0.502912
0.785181
1.50257
0.467983
0.4404
0.210169
0.669006
0.140438
2.83201
0.433139
0.899225
0.285407
0.491234
2.53717
0.27103
4.58082
0.349739
0.482417
3.34414
0.469472
1.23131
1.48925
0.590464
0.906391
0.332914
0.725658
0.685461
0.0686485
1.35134
0.213492
0.822387
1.14799
0.181828
0.367796
0.569431
0.213184
0.468399
0.672614
1.31944
3.13516
0.151942
0.679701
0.285296
4.08503
1.14357
0.380627
0.490804
0.376657
1.47795
0.320723
0.230876
0.827246
1.36106
0.176535
0.500342
0.718251
2.25028
1.00384
0.993238
0.444418
1.63842
0.494012
0.778507
0.498834
0.568572
0.492297
0.679091
0.729157
4.68758
0.692189
0.524173
0.538533
1.92649
0.49576
0.643477
0.457711
0.614601
0.301403
0.339753
0.563782
0.407844
0.9547
3.0903
3.82551
0.542129
0.357693
0.261541
0.641037
0.352526
1.11682
0.882086
0.782957
0.582443
0.154676
0.408231
0.731708
1.23334
0.407448
0.618269
1.62285
0.799907
0.389474
0.782135
0.782565
0.367592
0.0518736
1.86702
0.22047
0.434615
0.980819
1.03018
0.462289
0.894106
0.164084
0.65364
0.589636
0.187477
0.416943
0.393918
0.0394374
0.544471
0.427898
0.743196
0.412253
0.541263
0.335742
0.783638
0.490869
1.80389
0.238099
0.315231
2.41867
0.852458
2.51249
1.87791
2.48559
0.43581
1.13533
0.440069
1.21855
0.724266
0.711177
0.973962
0.268448
0.206274
0.835042
0.436124
0.235063
0.549812
0.556109
0.717965
0.781527
2.24157
2.55849
1.66896
0.219579
1.48733
0.335222
0.920652
0.340669
0.971577
0.9347
0.523742
1.23125
0.584338
0.929107
0.751926
0.324334
1.81842
0.860355
0.534596
0.646882
0.455124
2.17988
0.484196
0.658055
0.280391
0.68546
0.192046
1.51965
0.785795
0.201309
1.17939
1.34599
0.185425
0.795116
3.02508
0.350193
1.26014
0.260242
0.464533
1.40973
1.90639
0.63271
0.702701
0.889146
1.41332
0.484094
1.68965
0.165762
1.24872
0.310929
0.877981
0.300231
0.279545
0.467437
0.618548
1.02766
1.47415
0.240667
0.220718
3.79928
0.342962
0.895342
0.527504
0.183993
0.0872804
0.741815
0.46101
0.795803
0.28537
0.493507
2.92434
0.297036
0.312903
0.721584
0.979893
0.679174
0.848067
0.785066
0.266669
0.420123
0.278725
1.07048
0.765258
0.383438
0.945169
0.340739
0.330547
0.819676
0.590436
2.27592
2.25116
0.221024
0.458976
2.58116
0.379316
0.577529
0.232614
0.272239
0.276236
0.896242
0.620524
2.44811
0.276867
0.769169
0.407184
0.839577
0.658047
0.484239
1.46955
0.907711
0.951849
1.77867
0.894641
2.04847
2.08612
0.906467
0.297879
0.737654
0.261639
0.186104
1.10125
0.39275
0.428261
1.14716
0.872278
0.363606
0.473639
0.215501
2.30669
1.07732
0.551406
4.25683
0.324796
0.393303
0.355795
0.324099
0.461063
0.366774
0.257379
2.08242
0.692578
0.834055
0.274465
0.229324
0.338883
0.591493
0.224068
1.40859
0.897819
0.527167
0.79949
1.18836
0.909338
0.355265
1.088
3.32132
3.4407
0.797472
0.123231
0.455777
0.475441
2.08501
4.88741
0.643557
0.532293
0.450837
0.0621626
0.789262
0.244938
3.78179
1.21838
0.204367
0.425222
0.0578882
1.5724
0.502806
1.23194
0.800938
1.31638
0.597092
0.246058
0.890615
0.811885
0.341978
0.596589
0.507253
0.312508
0.330444
0.696378
0.197033
0.485912
4.21155
1.01908
1.8909
1.68395
0.365808
0.698047
0.639374
0.560907
0.748286
0.314378
4.239
0.434835
2.0978
0.56591
0.757017
0.384952
0.429434
0.302642
1.10449
0.46169
0.557108
1.34754
1.24792
1.39593
1.42017
1.40845
0.664666
0.926663
0.665913
2.79424
0.911488
0.263025
0.768521
2.10513
0.357147
0.427178
0.856387
1.41869
0.721885
0.621977
0.727595
0.236926
0.357403
1.0678
0.464543
0.612078
0.637815
0.101767
0.452768
0.672584
0.749813
0.440201
0.275958
0.201292
0.528181
0.718949
0.574066
0.815984
0.764026
0.776451
0.695712
0.618658
0.595229
0.263969
0.448416
0.918775
0.508207
0.743228
1.23995
4.01399
2.34446
0.766948
0.920706
0.151192
0.840584
0.467658
1.76414
0.938829
0.474939
0.895389
0.932498
0.430317
0.551517
0.346358
1.28986
0.851994
0.549732
0.846741
0.932613
0.536214
0.827971
0.932118
0.809833
1.15149
0.367412
0.972843
0.855238
0.592071
0.456723
0.812092
0.549154
0.504608
0.822847
1.40371
0.942097
0.833787
0.360514
3.21293
0.273342
0.496566
0.854559
0.763387
0.822996
0.268124
0.950094
0.717328
0.246159
0.659804
0.304907
0.642697
0.292064
0.573278
0.558835
0.9036
1.08275
0.475329
0.587172
0.862526
0.548889
0.813714
1.2182
0.814348
0.414079
4.59747
0.772508
0.65954
0.421898
0.684259
0.666124
0.640718
1.87569
0.293322
0.367534
0.180638
0.48601
0.454937
1.36104
2.07392
2.43486
0.767
0.411286
1.06541
1.3163
0.670606
0.714421
0.134868
0.531295
0.651464
0.329495
0.544816
0.61171
2.18706
3.0033
0.27449
1.66734
3.65535
2.07313
0.357398
0.498652
0.610471
0.537464
0.750065
0.464996
1.72767
1.19103
1.54428
0.705475
1.53565
1.44404
0.280117
0.382744
0.21307
0.388138
0.663547
0.448309
1.48265
0.885361
0.391923
2.05062
1.28627
0.914347
1.19343
0.196407
0.701598
1.58552
0.768294
0.476715
2.75099
1.93417
0.352099
0.797893
0.16001
0.532225
1.26871
0.369537
0.679791
0.498051
0.806412
1.02877
0.622634
0.69712
0.885649
0.942031
0.472068
1.02857
0.112933
0.510876
2.48217
0.705968
0.421457
1.21759
0.4774
0.257943
0.529827
1.78621
0.5995
2.32417
0.282806
2.01339
0.69803
0.132611
1.49471
0.972171
0.146072
0.190517
0.704672
0.250591
0.497851
0.570534
0.934337
0.0495882
0.294317
0.420151
1.33728
0.524989
1.71238
0.364385
0.338976
0.169933
0.765279
1.28688
0.975232
0.369304
0.895751
0.423235
0.36345
0.295627
0.364921
0.469688
1.76593
1.21609
3.18089
0.378117
0.20794
0.920873
0.176979
0.642286
0.0770962
0.375492
0.536645
0.82845
0.3557
0.901424
1.08112
0.618706
2.27398
0.348322
2.40044
1.28513
0.106129
1.1357
0.447363
0.78044
0.974807
1.18723
0.40544
1.924
0.776125
0.381413
1.01209
0.523245
2.72587
0.33377
0.51859
0.229781
3.18074
1.39235
0.682339
1.09405
0.967398
3.34216
0.648224
2.85205
0.109531
1.10809
0.641686
0.863247
0.787015
0.834505
0.421385
0.955817
1.1129
0.85635
1.00281
0.38499
2.67706
0.168603
0.540108
1.40804
0.210141
0.517394
2.1663
0.720589
0.457427
2.27948
0.984131
0.685146
0.272415
0.217065
0.64599
1.26401
0.759651
0.586952
0.40511
1.06494
0.381734
1.05529
2.42079
1.05238
1.00041
0.681423
1.8564
0.846551
1.71058
0.821582
1.39174
1.23088
0.459616
0.868765
0.617053
2.51821
0.812923
0.795149
1.10168
1.36332
2.0176
1.51696
0.827876
2.18472
1.40196
4.36423
0.373437
1.14421
1.14992
0.597437
1.98487
0.312484
2.65753
0.497208
1.14088
1.6059
0.484377
1.33787
0.511549
0.519957
0.147071
0.35316
1.02075
0.170197
1.13204
0.332954
0.771707
0.453666
0.961765
0.557181
0.28902
0.474148
0.935011
1.09434
0.4214
1.51924
0.420187
1.48991
0.292674
0.335062
0.806499
0.361736
0.335694
0.310603
1.20142
0.92625
0.241613
1.50562
0.476067
0.499
0.378945
0.655071
1.08775
0.508949
2.23043
0.403311
0.773407
0.201994
0.327291
2.22547
0.464855
0.743647
1.01124
0.311572
1.21702
1.83941
0.508167
0.858871
1.15722
0.961198
0.557322
0.537344
0.425584
1.9774
2.00753
0.249413
1.04225
0.381798
0.760511
0.394472
0.675571
0.890618
0.339991
1.14189
0.512897
1.44651
0.360071
0.376654
0.853815
0.854763
0.952447
0.571311
0.773998
2.97589
0.272909
0.426224
0.960199
1.20692
0.390379
0.340439
0.449764
3.4825
0.361873
1.08536
0.839492
0.991874
0.314754
0.891903
0.630975
1.41338
1.00394
1.87281
0.682026
1.30093
0.277851
0.47363
0.704196
0.184376
0.0906309
0.598018
0.863374
1.11675
1.10716
0.446251
1.13287
1.74793
0.967123
0.682901
0.548468
0.382001
1.2089
0.457008
0.47739
0.546759
0.196648
1.58627
0.285474
0.454322
1.3978
3.99002
0.726893
0.465188
0.457123
0.341115
0.71711
0.413005
0.415333
0.503443
2.88673
0.205401
0.582635
0.91685
0.870962
1.11023
1.07857
1.95134
1.00874
0.305111
0.69693
1.08055
1.60995
1.90005
0.511316
1.18139
0.705533
0.279047
0.629784
0.548764
1.1178
1.68806
1.47381
1.26458
0.996243
0.553325
1.0894
0.274616
0.331421
0.524842
0.363411
1.96235
0.586888
2.24283
0.294557
0.346959
1.60828
0.980335
0.134337
0.683094
1.45759
0.369653
0.532177
0.541316
0.924891
0.561842
0.656591
0.264836
2.79541
0.856509
2.89108
0.128314
1.10157
0.482865
0.290279
0.448068
0.357172
1.28854
1.45919
0.514553
1.92647
0.460125
0.904998
0.189421
2.75393
1.34451
0.61152
0.759952
1.08064
2.73422
0.330794
0.276127
0.274363
1.06687
0.231701
0.351999
2.55238
0.452562
0.221139
0.344895
0.243323
0.735974
0.360714
0.836284
0.233402
0.526785
0.612724
0.579058
1.0271
0.965719
0.859468
0.819469
0.439624
0.905634
0.842746
0.693735
0.428398
0.623016
0.548665
2.38478
0.863256
0.483767
0.548641
0.525518
1.93395
0.478342
1.13934
0.59016
0.249013
1.36728
0.8797
1.25868
3.00851
0.924233
0.541376
1.13148
0.405114
0.210814
1.01021
0.837742
0.203028
0.127409
1.00612
0.43571
0.268621
1.07654
0.347895
0.445953
0.323101
3.60652
0.408962
0.486456
0.246621
0.18743
0.468991
0.392354
1.48171
3.47472
1.34479
0.900666
0.265784
2.26404
1.39448
0.312681
0.439233
0.904574
0.240891
1.06132
1.67407
0.856621
0.35754
4.28062
0.710197
1.34698
0.718261
1.45081
0.528551
1.04574
0.854404
0.764833
0.486738
0.296023
0.652662
1.57085
0.538183
0.238652
1.39946
0.631705
0.286794
0.433141
0.383667
0.348755
0.337463
0.130301
1.04393
1.57926
0.595978
0.844741
2.29687
0.814584
1.85753
0.357841
1.00723
0.943453
0.570522
0.240964
0.61417
0.510578
2.80998
0.458564
1.00112
0.666017
3.28377
0.76595
0.903589
1.0576
1.28961
1.42971
1.24606
0.461287
0.693894
0.376546
1.24817
0.537164
2.01245
2.50907
0.350601
0.511766
1.44823
0.642693
0.380292
2.34013
0.714974
1.54152
0.305582
1.25111
0.1871
3.45542
0.521353
0.47502
1.08787
0.676136
0.24887
0.269007
0.441644
0.54403
0.487852
4.01408
0.910554
0.585681
0.442956
0.418321
0.897121
1.31824
0.451653
0.423845
0.516638
0.787239
0.735777
0.693718
0.428149
2.21777
0.345016
0.511332
0.263565
0.21164
1.57637
3.94264
0.218913
0.481359
0.411737
0.359853
1.06426
1.77018
3.31074
0.423112
0.326961
1.15806
0.533261
0.397048
0.337918
1.08727
0.697163
0.485577
3.17938
0.733462
3.91021
0.780614
0.338828
0.213244
0.584508
0.454582
0.63344
0.77173
0.228647
0.211108
0.752095
0.687917
0.683141
1.71943
0.779554
0.397237
0.279652
0.413937
0.750521
1.30289
0.330062
1.37736
0.500279
2.58419
0.441349
0.680943
0.716674
2.27153
0.614503
0.895307
0.234923
0.651261
0.710938
0.526993
0.31221
0.934432
2.19355
0.147675
0.974947
0.796989
0.290108
0.702405
2.36486
0.497492
0.492354
0.512059
0.221872
0.537222
0.575345
0.311425
0.731377
1.23248
0.686862
0.457382
0.445384
0.511769
0.50886
0.446792
2.74743
0.228963
0.178221
1.05021
0.338877
0.109607
1.09
0.979464
0.555354
1.98784
0.561197
1.11572
0.683691
0.174185
0.252575
1.47131
0.24368
0.69434
2.15316
3.55498
0.450234
0.293883
0.788728
0.640359
0.22131
0.223643
0.603257
0.739154
0.712582
1.00715
1.02466
0.307778
0.539917
0.564705
0.271977
0.33793
0.835073
0.383195
0.383204
3.15312
1.48433
0.301993
0.85302
0.207732
0.655628
0.714437
0.407628
0.509897
1.32525
0.468638
0.153966
0.450965
0.530626
0.966535
0.276965
0.812437
1.77723
0.82478
0.390393
1.48495
0.260223
0.97414
0.330805
0.540605
0.853774
1.34927
0.409318
0.468747
2.35407
0.660605
1.16562
0.247254
0.462661
0.625185
1.43281
0.52772
0.207118
0.860674
0.588653
0.476706
0.805036
0.676682
0.49759
0.180392
0.70364
0.142705
0.551437
0.530264
3.23492
1.35566
0.528448
1.17106
0.515487
0.335711
0.78426
0.495537
0.942876
0.509575
0.383639
3.02027
0.183463
0.2605
2.83399
0.70498
0.99091
0.455398
0.402314
0.801016
0.535126
0.566976
2.07653
0.394092
0.513892
0.355398
0.566056
0.4902
0.600109
0.285659
0.919705
0.350621
0.814285
2.38505
1.82365
0.89635
1.38373
0.906781
1.21333
2.36009
0.343008
1.16683
0.91522
0.210942
0.385377
4.11103
0.174089
0.305898
0.42252
0.450344
0.258636
0.981754
0.839285
2.31767
0.198732
0.794091
0.597627
0.660653
0.262987
0.723143
0.654741
0.24953
0.231338
1.00277
0.66411
0.336908
0.535807
1.00668
0.128119
0.959932
1.31873
0.801759
0.412212
2.19297
0.269792
0.434429
0.608808
0.843937
2.60911
0.30246
2.16165
2.92503
0.374638
0.674373
1.24235
2.05534
0.152427
0.836753
0.295298
0.396482
0.606116
0.291262
0.336151
0.838207
0.998238
0.701701
0.38075
0.380621
1.15305
0.557583
0.224539
2.14257
0.590153
3.16051
0.302372
1.33013
0.697789
4.95703
0.250825
0.156177
0.834389
1.44128
1.04655
0.27515
1.35316
0.773762
0.333028
0.458207
1.37159
0.114327
0.62633
0.444253
1.63119
0.67191
1.62202
0.243529
0.275382
0.401813
0.261023
0.30863
0.919226
0.473655
0.432426
0.425307
1.67236
2.84386
2.39868
0.563904
4.38751
0.486245
0.420463
0.935356
0.747435
0.565088
0.868262
0.675162
0.384187
0.560959
0.937845
0.72687
0.795371
1.16848
1.16571
0.511126
0.0777015
0.58241
1.8884
1.17713
0.360394
0.417127
0.442676
0.320564
0.332328
4.43895
0.30982
1.15968
0.203969
0.456787
0.83114
0.288831
0.200945
0.276186
0.707528
1.34083
0.743133
2.19712
0.409372
0.765702
1.04766
0.382877
0.526521
0.527801
0.594395
0.417178
0.230209
0.564223
0.362795
0.329684
1.29845
0.321912
0.784982
0.671971
1.31966
0.09497
0.540501
0.940426
0.287248
1.74066
1.66682
0.443317
0.867683
0.56837
2.98304
2.39383
2.20642
0.107156
0.202174
1.16579
1.19549
0.592413
0.504833
0.439335
0.538108
0.475813
0.805167
0.804178
0.725662
0.873382
0.576537
0.615096
0.685548
0.391028
0.297661
2.32682
0.214576
0.37203
0.920017
2.22351
1.19154
1.47941
1.14785
0.430661
0.478748
0.502943
0.142056
0.916265
0.547177
3.44859
1.74897
0.638081
0.241219
0.869691
0.383525
0.193259
2.47795
0.619147
0.382838
0.702619
0.705572
3.51905
1.07983
2.10789
0.115209
0.39177
0.376899
0.488269
0.979697
0.37561
2.73617
0.30535
0.49577
0.193483
0.178748
0.254631
0.837943
0.639512
0.624062
0.982646
1.17588
0.480488
0.340172
0.198142
0.396361
0.627766
0.854881
0.810411
1.933
0.272205
1.27924
0.226881
1.21709
0.734841
0.408226
0.671618
1.0289
0.433434
0.266424
3.44681
0.517375
1.77389
0.558086
0.829331
0.625974
0.963739
0.802244
0.291666
0.812288
0.744786
0.495718
0.666027
0.513744
0.776239
1.40283
0.27153
0.300498
0.706955
1.18368
0.652131
0.453494
0.635605
1.26013
0.473153
1.01885
0.170225
0.214093
0.37413
0.224908
1.33843
0.378429
0.31243
0.733277
1.32997
1.06004
0.364717
0.401263
0.534397
0.409864
0.384112
0.306048
1.04537
0.984162
0.242891
0.289628
0.610949
0.540893
0.517964
0.195963
0.722973
0.482656
4.41623
1.10315
0.745745
0.401694
0.432356
0.481823
1.98028
2.44188
2.39472
0.754523
0.443125
0.293397
0.537433
0.679022
0.409926
1.23651
0.651154
0.341494
1.12126
0.270976
0.386493
0.950614
1.04974
4.37605
0.985289
1.03791
0.596996
3.03665
0.78552
0.338238
0.295635
0.654681
0.360417
0.172458
0.612801
0.700483
0.890321
0.44953
0.300295
1.35918
0.401198
1.22845
0.363019
0.605516
0.481305
1.61112
0.480148
0.315078
4.62807
0.325213
1.57575
0.471972
1.83625
1.64162
0.661523
1.48401
0.465805
0.60724
0.812182
1.31074
0.441242
0.495591
0.153215
0.865419
0.683912
0.112333
0.745218
0.423421
0.71848
1.21967
0.397609
0.431799
0.84888
1.38627
0.69255
0.312555
2.13498
0.650648
1.80066
0.266183
1.04126
0.497205
1.19855
0.426864
0.470758
0.74562
1.0985
0.435443
0.742836
0.898795
1.19987
0.513475
0.697552
0.785592
0.327428
0.504446
0.64447
0.750467
0.844766
0.312249
0.681648
0.37477
0.522371
0.399514
0.464651
0.607946
0.576617
1.5322
0.471916
0.467483
0.285841
0.916238
1.70512
0.76699
0.635631
0.384621
0.301651
3.20787
1.19385
0.413307
0.255342
0.57171
1.42561
0.181871
0.123697
0.54683
0.110483
0.543271
0.830096
0.353547
0.277734
0.687826
0.341749
0.315378
0.461618
0.633355
3.01577
0.311694
1.27629
3.59825
0.428546
0.561821
0.977837
1.47819
0.504468
0.27651
0.622194
3.63469
0.553917
0.998355
1.60364
0.397343
0.529775
0.391267
0.679036
1.13182
0.661481
0.193504
0.639509
0.286622
0.988593
1.49213
3.66234
0.282082
0.45239
0.812458
0.328902
0.33808
0.313759
1.46381
0.634867
0.376812
0.35381
0.857033
0.476858
0.489589
0.455103
1.14623
0.527163
0.496004
0.651196
0.360398
0.468206
2.27657
1.18179
0.574785
0.406561
0.944738
0.0859144
0.786172
1.4431
0.245424
0.464756
0.543796
1.35582
0.297192
0.229501
0.716706
1.68975
0.380664
0.4294
1.85192
0.370629
0.792506
1.03407
0.793469
1.45266
0.368951
1.07219
0.668425
1.13739
0.510609
0.52889
0.687003
0.591008
0.554874
0.754908
0.533204
0.8494
0.615836
0.434142
0.188737
2.93169
0.845793
0.223742
0.598613
0.705455
0.338976
1.07601
0.290294
0.723418
1.14426
0.710693
0.512639
0.759702
0.401016
1.54413
0.398626
1.01985
0.482966
1.07692
3.84069
0.513388
0.697441
1.03642
2.24718
0.204362
1.44493
0.811636
0.452973
0.160715
0.340962
0.652188
0.501647
0.44936
1.8033
2.10446
0.443321
0.966449
0.870092
1.01956
1.04391
1.09792
0.938863
0.689312
0.371965
0.408224
0.66284
0.468622
1.74443
3.39326
0.411735
0.2589
0.277327
1.02308
1.38588
1.88583
0.395881
0.366197
0.637294
0.583409
1.86924
3.16742
1.20399
0.462222
0.403936
0.218308
0.542254
0.609495
0.603696
0.177926
0.0997687
0.40703
1.3619
1.21326
1.42797
0.183041
1.12732
0.609628
0.79092
0.427214
0.743335
0.241486
0.532966
0.474293
0.400927
0.54255
0.48434
0.126714
0.266749
0.876795
2.01182
1.24257
1.11825
2.40128
0.751018
0.739413
0.75278
0.371761
0.426159
1.25185
0.414701
0.532749
0.340823
1.80815
3.8743
0.85628
0.65408
0.290169
0.423699
0.134191
0.132937
1.27068
1.17291
0.843236
0.690804
0.447518
0.538018
0.464079
0.51509
0.583459
0.440622
0.680192
0.433668
1.38899
0.0507549
0.779905
3.20476
1.25603
0.403398
0.680477
0.350504
0.324837
0.839227
0.94171
0.645954
0.958052
1.00238
0.409278
0.466659
1.96092
0.865339
0.765793
0.443173
0.579622
0.129935
0.843023
0.601636
0.567328
0.416755
0.556844
0.593512
0.223845
0.577497
0.915725
0.264614
0.35432
0.931335
0.447173
0.376194
1.66091
0.421974
1.87531
0.260715
0.51857
0.201376
0.727143
0.804506
1.13736
0.497439
0.757277
0.827615
0.200811
0.362896
0.581499
0.379072
0.340649
0.280967
1.12617
0.816787
1.11465
0.709721
0.394107
3.36803
0.539303
3.18667
0.558788
0.339361
0.619585
1.03035
0.481522
0.650542
0.384417
0.562504
0.685979
0.580935
0.398777
0.420327
2.44425
2.12004
0.2142
0.729498
0.236273
0.79049
0.498762
0.662199
0.232691
0.3897
0.28815
0.213366
0.485161
1.41512
0.163283
0.707164
1.02228
1.14367
2.37437
1.01625
2.01578
0.15945
1.21268
0.086253
0.712787
1.37578
0.727254
0.342215
1.08842
1.87491
0.606694
0.935416
0.819108
0.264173
0.298674
0.294382
0.497202
0.491251
0.742169
0.778524
1.31341
2.17223
0.787804
0.374244
1.16361
0.826648
1.0574
0.877203
0.579153
0.212447
1.33441
0.288872
0.312965
0.741075
0.36955
0.748271
0.131903
0.387237
0.150659
0.330715
1.60092
0.107918
0.89193
2.58087
0.39168
0.610447
0.852202
0.286987
0.882447
0.837956
1.1193
0.492167
0.855186
0.642171
1.14943
0.444026
0.505367
1.03233
0.810405
2.14314
0.462108
0.152786
0.382998
0.410278
0.205422
1.11249
0.542718
1.19311
0.35384
0.235364
2.76048
0.743293
2.27948
1.68556
0.724789
0.546734
0.611362
1.21204
0.300398
0.236409
0.863281
0.20061
1.06767
0.793023
1.10576
0.618559
0.1647
0.803555
0.326025
0.385923
1.17167
0.339083
0.508806
0.509069
0.375265
1.06612
3.64759
0.525164
1.30839
0.0536527
0.467197
1.54989
2.28334
0.292215
0.239953
0.968477
1.71364
0.575889
0.25816
0.394851
1.21459
0.430795
0.805305
0.746773
0.522581
0.444783
1.25733
0.6082
1.47828
1.80824
0.920514
0.979727
0.784176
1.32522
0.0723338
0.632404
1.17168
1.97359
0.687829
0.274579
0.320715
0.345324
0.452372
0.443777
1.62569
3.77092
0.863399
1.30229
0.496805
0.328963
1.68593
1.25097
0.398321
0.437608
1.54996
0.756827
0.802048
2.12757
1.23539
0.64184
0.438118
1.33829
0.590643
0.958534
0.478393
0.612447
0.460437
0.417246
1.01646
0.782332
0.875514
0.418224
0.73765
1.59442
0.915596
0.565917
0.220877
1.46187
0.552106
0.982869
0.763586
0.579452
0.485085
0.96276
1.04116
0.184225
0.464802
0.25124
1.83094
0.439736
0.511569
0.377013
2.1353
0.478601
0.607313
1.26327
0.494414
1.07595
0.894953
1.26321
2.02101
0.187914
0.409652
0.66109
1.1029
0.355394
0.504815
0.44018
1.37259
0.16
0.480672
0.569794
0.502347
0.795621
3.79472
0.423761
0.559865
0.708689
0.449153
2.41138
0.607626
1.51988
0.539951
1.38481
0.371772
0.251974
0.336268
0.605033
0.818074
0.769532
0.501651
0.991677
0.768871
0.346797
0.324474
1.11013
0.970028
0.915878
0.345554
0.885864
0.958877
0.299959
2.8403
0.97886
0.49557
0.826217
1.09047
0.452616
0.528291
2.01487
0.407534
0.904479
0.82326
0.114749
2.36246
0.710162
1.00683
4.02637
0.964454
0.759108
1.15464
0.396225
0.729165
0.215777
0.155302
0.330426
0.727886
2.14856
0.293454
0.801247
0.688034
0.82042
0.563339
0.59664
0.429653
1.45994
0.452328
4.36489
1.52256
4.20256
1.85212
1.58968
0.220663
0.990332
0.487911
0.633967
0.443675
0.776119
1.07397
0.981813
2.45775
0.42211
0.280591
0.4066
0.39409
0.380941
1.02644
0.719495
1.22215
2.37907
0.279423
0.718576
0.644059
1.00191
2.17523
1.01018
0.646746
0.25628
0.433391
0.550507
1.01044
1.12018
1.18806
0.288123
1.04445
0.920356
0.29734
0.450334
1.12534
0.327176
0.6746
1.46131
0.994496
0.633322
2.51386
0.529714
0.849174
0.146836
3.35107
0.687018
0.487199
1.33969
0.250596
0.56216
0.498182
0.771791
0.482365
0.255854
0.564797
1.22227
2.31129
0.364064
0.914302
1.03205
0.382057
0.911142
1.06161
1.10354
0.85749
0.547889
1.84214
0.460289
3.80477
0.183089
1.00686
0.462022
2.13718
1.61645
0.123614
3.24883
0.271836
0.772963
1.72337
0.67142
1.18519
0.19298
1.29692
0.430063
0.272989
1.60374
1.81832
1.49772
1.33722
0.48836
4.03559
0.936421
0.444739
1.42073
0.508674
0.294351
1.003
0.638266
2.04085
0.978817
1.13245
0.259419
1.98862
0.778876
0.378761
0.61261
0.459089
0.701412
0.475306
1.58175
0.423038
0.801295
0.622341
0.511685
1.15605
0.845644
0.714369
0.955278
0.993527
0.343039
1.62159
0.683742
2.60124
0.645777
1.23281
0.486995
0.493731
0.363382
0.264269
1.21623
1.56801
0.669309
0.66013
1.301
0.665063
1.57983
2.45688
0.300832
0.762865
0.528471
0.329499
1.33716
0.393467
0.613962
0.352875
2.79673
0.490311
1.83295
0.422367
1.18982
0.244938
0.732053
0.562351
0.470486
0.332502
0.962297
2.45048
0.71984
1.13709
1.38777
1.11987
1.43761
0.113806
0.954824
0.615903
1.51646
0.855009
1.99488
0.779812
0.290086
0.991172
0.314588
0.170323
0.842914
0.287935
0.287243
2.71213
0.596973
1.23371
0.994988
1.2829
0.592744
0.321256
0.264506
0.366664
0.379326
0.395658
0.159908
0.492729
1.11729
0.492105
0.772662
0.246142
1.44446
0.36177
0.408778
0.613982
0.691775
2.38831
0.415478
0.692927
0.687955
1.00218
0.379511
0.46094
0.129144
0.340029
1.46352
0.497086
0.487839
0.460388
0.232466
0.222328
1.27436
1.7626
0.541955
0.763053
0.0335694
1.46097
1.84741
1.04018
0.271969
0.814936
0.715967
0.479046
0.218922
0.991561
1.09783
0.634205
0.559007
4.78534
0.950203
0.327689
0.336397
1.09977
0.747112
0.436772
0.322277
0.544694
1.20627
0.23839
0.290273
0.257565
0.142211
0.217433
0.592051
0.782214
1.2336
0.279432
1.06877
0.837346
0.443003
0.5209
0.218612
1.05132
0.524152
0.459807
0.554353
1.22769
0.73655
0.942962
0.377124
0.58156
0.654069
0.583265
0.29726
1.01232
1.10167
0.338195
1.22684
0.659652
1.52951
1.38587
0.477936
0.667696
2.26645
3.51655
0.994765
0.751309
0.494085
0.398318
0.728819
0.432186
0.987098
0.636805
0.175158
1.89524
1.96798
1.66505
0.591788
0.577509
0.42159
1.08072
0.387297
0.463989
0.573145
0.306011
0.681142
1.3752
0.270162
1.20004
2.8309
0.198784
0.577055
0.306288
0.360243
4.69802
0.410487
0.0830835
0.425408
0.864539
1.17083
0.548036
0.581666
1.45098
0.501688
1.07963
0.477694
1.46962
0.220123
0.398219
1.67544
0.420498
0.476955
0.770736
0.405136
0.502333
0.462133
2.66381
1.0711
0.28098
1.56404
1.37417
0.893667
0.512673
0.924624
0.423828
0.453004
0.958935
0.349651
1.46037
0.165074
0.454888
0.905427
0.163785
0.37899
0.714102
1.61265
0.671733
2.06521
0.209917
0.388098
0.35125
0.405369
0.595026
0.965569
0.209222
0.325328
0.764205
0.26509
0.367618
0.552355
0.852672
1.01381
0.692719
0.546409
0.98351
0.345833
0.914993
0.731703
0.758526
1.3503
0.96153
1.79937
0.443386
0.418452
2.47977
3.83259
0.850146
0.666089
1.67792
1.8919
0.960444
0.674331
0.304693
0.406687
0.924069
0.472649
0.312139
0.812284
0.270167
2.91214
4.51388
0.410472
0.331497
0.389964
0.218902
1.39074
0.170894
0.627581
1.41551
0.726269
0.744328
0.257055
0.959549
0.207768
0.0914709
0.780777
1.16756
0.742393
0.827556
0.533398
0.348263
0.161469
0.351963
0.135578
0.496532
1.72643
0.45452
1.02694
1.12086
2.02484
0.443345
0.379434
2.41194
0.355659
0.828755
0.288547
1.10331
0.589266
0.511549
0.575635
2.27266
0.889914
1.85196
2.37873
1.04059
0.815546
0.983874
0.76379
2.15346
0.376945
0.486828
0.399476
1.19521
1.18976
0.323328
0.384315
0.230568
0.527381
0.505729
1.56664
0.564857
0.4421
0.205618
1.17123
0.73998
0.485273
1.99247
0.707377
0.726067
0.41165
2.34341
1.80983
0.637073
2.82861
3.49934
0.977081
1.45305
1.782
2.26002
0.450033
1.34263
1.96568
0.45981
0.675805
0.638879
1.07799
0.499279
0.59704
2.47407
1.10564
1.02292
0.820407
2.49986
0.260134
0.460056
0.0823665
0.477785
0.854275
0.0740176
0.274523
0.388906
0.257502
0.813786
1.01266
0.815422
0.371775
2.30022
1.51732
0.206199
0.611732
3.22817
0.327715
0.418772
0.382928
0.572019
0.449489
0.366595
1.70858
0.801161
1.17957
0.523813
0.589606
1.28657
1.3481
1.37922
0.765469
1.32808
0.272402
0.764527
0.525759
0.612271
0.327468
2.74368
0.254354
0.487908
1.04523
0.863212
1.57805
0.609562
0.434859
0.749757
0.193829
1.18905
0.47801
1.16286
0.507202
1.01126
0.699135
0.954705
0.593722
0.163068
0.571453
0.484654
0.428134
1.22793
1.49674
0.676769
0.774893
0.617287
0.33074
0.123262
0.53614
1.25264
0.846941
0.547075
0.408722
1.242
0.323949
1.15161
3.95221
0.682872
0.520834
0.317063
0.466571
1.5712
1.18666
0.48551
0.212077
0.410174
0.523772
0.238361
0.561322
0.211491
1.04873
0.66148
0.243838
0.643163
2.17972
0.234334
0.479363
0.67019
0.469624
1.98148
1.63652
0.567718
0.477269
0.712229
0.866033
0.33902
1.45435
0.243603
0.633373
0.202379
0.359824
0.774205
0.364733
0.196422
1.0046
0.852521
0.207496
1.28761
0.688825
0.811608
0.146264
0.459847
0.421039
0.748953
0.235238
0.614063
0.355047
0.176481
0.352128
0.418984
1.3033
0.145026
0.258537
1.06375
0.245307
0.230627
2.98935
0.358061
0.973737
0.455555
0.943436
0.333845
0.273906
0.511494
0.520612
2.91121
1.13023
0.476857
3.43177
0.376878
0.523633
0.676484
0.51299
0.998857
1.14805
0.698202
0.15855
0.598909
2.20731
0.990724
0.138955
0.526386
0.115196
3.19342
0.614848
1.47446
0.648044
0.642819
0.0823618
2.56132
0.383199
0.461785
0.236128
1.92127
0.813407
0.486484
0.670101
0.659383
0.906903
0.452068
0.977645
0.949966
1.43628
0.903724
0.181968
0.419424
1.39453
4.3218
0.351431
0.914343
0.390149
0.789575
0.54684
0.482251
1.85412
0.341262
0.444138
0.391713
1.30096
0.225553
0.101847
1.36566
1.17178
0.728169
0.392786
0.779836
2.20943
0.744522
0.371072
0.424915
0.71063
0.171881
0.360233
1.39204
0.275021
0.387805
0.41252
2.95029
1.75209
0.73642
0.157569
0.140541
0.268115
2.12385
0.769019
0.123208
0.556499
0.603925
0.47385
0.386622
0.641705
0.634649
4.69599
0.420611
0.676279
0.567096
0.39543
0.684572
1.76006
0.739776
0.447982
2.00537
1.73095
0.325386
0.83092
0.338712
0.205172
1.80812
0.352278
0.110182
0.368995
1.0069
1.21773
0.0768334
2.42128
1.13324
0.398663
0.70456
0.329482
1.14747
0.491596
0.413074
0.97067
0.19351
0.376327
1.61804
2.55478
0.854345
0.322496
0.2011
0.400477
0.473185
0.240512
0.858598
0.617442
0.234414
1.40956
0.337901
1.29574
0.511672
0.436538
0.680688
1.81139
0.380371
3.19222
1.47826
1.85791
0.306099
0.863636
0.7973
0.560735
0.141677
0.575452
1.39795
0.433413
0.779627
0.398435
0.30494
1.0685
0.269984
0.489964
0.446584
2.69803
3.06682
1.18326
0.752286
1.15382
1.25334
0.388781
1.34405
1.37045
1.27555
1.17894
0.628502
1.79515
2.78761
0.599411
0.382592
0.598807
0.607504
0.785622
0.404381
0.435206
0.359151
1.52835
1.08361
0.903027
0.609538
1.92101
0.197154
0.733215
0.577037
1.15553
0.333261
1.15094
0.642658
0.776343
0.302048
0.182748
0.295452
0.915287
1.68204
0.821337
0.214171
0.968593
0.757765
2.04273
0.176595
0.13042
1.00046
0.442174
1.10043
0.264716
0.362392
0.590105
0.119952
1.1026
0.478184
0.646122
1.02172
0.619057
0.30834
1.01308
1.02217
1.12809
2.40161
1.16984
0.684746
0.443938
1.23272
0.838889
1.22302
0.659718
0.51642
0.524524
0.249209
0.238577
0.223356
1.03481
0.419915
0.416559
0.546682
0.35853
1.12416
0.647511
3.19185
0.763028
0.705409
0.105633
1.47162
0.840761
2.57405
0.391069
0.715367
0.307614
0.263258
0.413843
0.433255
1.47534
1.26685
0.400851
2.21638
0.536529
0.63409
2.14468
0.669261
1.45486
0.292813
0.436621
1.92233
0.767291
0.778125
0.431139
1.33238
0.477804
1.71374
0.978457
0.494873
0.938476
0.826371
0.948968
0.658429
1.7572
0.176781
0.396138
1.42431
0.264178
0.45578
0.774715
2.38064
0.645374
0.548416
0.358013
0.399474
0.502935
0.229977
2.02916
0.289596
0.731253
3.31607
0.458709
2.6186
0.242557
0.203648
0.660387
0.292093
0.818024
0.477599
1.02241
0.14577
1.76741
0.89525
0.813116
1.05925
0.870346
1.17336
1.1759
0.426015
0.253685
1.5373
1.38457
1.07267
0.131139
0.196145
0.578696
2.3803
1.33983
1.27606
0.767672
0.519157
1.72093
0.983658
0.673435
0.577988
0.335994
0.642103
0.207208
0.125514
0.421883
0.397154
0.789215
0.661826
0.644516
0.480755
0.415251
0.617732
0.38102
1.26489
0.257783
0.933437
3.79316
0.614696
0.573379
0.511379
0.561734
0.581518
0.384724
1.59344
0.614486
0.687673
0.863234
0.879178
0.299995
0.440866
1.68217
0.885641
0.281099
0.525263
0.879885
0.389942
0.338638
0.8987
0.407612
0.331166
0.445682
0.964368
3.13544
2.19354
0.722906
0.468033
0.46496
0.419441
0.324713
0.0911867
0.215875
0.438553
0.146597
1.18351
1.69517
0.696975
0.401519
1.38511
1.98772
1.21959
0.817013
1.10226
1.00968
1.13142
0.537581
0.79257
0.599213
0.491201
0.286517
0.483469
0.835478
0.422757
1.63096
0.439637
0.636513
3.77901
0.986083
0.136042
0.654193
0.408864
1.03875
0.640283
0.537415
0.470943
0.129845
0.68401
1.45873
0.4148
0.327145
0.485179
0.723762
1.18956
0.497836
0.719053
0.428493
2.0041
0.449747
0.347232
0.442868
0.196138
0.419649
0.136028
0.701848
1.00094
0.585063
0.657258
0.532389
0.62577
0.437699
0.636448
0.241233
0.9906
1.46392
0.539443
0.106913
1.77367
0.990149
1.47296
0.5376
0.457125
0.420052
0.833532
0.932879
0.728943
0.23521
1.22257
0.999638
1.17163
0.391469
1.32549
0.596928
1.30583
0.475929
0.508282
1.67061
0.95997
0.510167
0.344032
0.780937
0.164454
0.297119
1.64211
0.512685
0.625426
0.712872
0.603598
0.183798
0.35451
0.159409
1.1788
0.402028
0.728402
1.00088
1.02495
1.1102
0.529779
0.434637
0.879488
0.282412
0.396079
0.439972
0.628886
0.391952
0.89774
1.75307
1.6861
0.824666
0.848981
2.42211
0.534274
0.617308
1.73706
1.21178
0.833562
0.765982
0.561941
1.01794
0.4622
0.281585
0.92727
2.26068
0.673137
0.325797
0.820364
0.955338
0.24415
1.80963
0.213096
1.44488
0.441143
0.47171
1.20772
0.203069
0.395091
0.215586
1.14639
1.08192
1.93535
0.519821
0.321498
0.472062
0.381459
0.152011
0.895041
0.467615
0.437175
0.138574
0.573802
0.448293
1.24451
1.16054
0.695089
0.0560611
2.21039
0.480839
3.32711
0.605559
0.386213
2.64865
2.22762
1.55716
0.49418
0.717086
1.50548
0.640197
0.334601
0.365368
0.802002
1.14293
0.859795
0.322229
0.41158
0.331828
0.698805
0.254561
0.0845247
0.562175
1.18939
1.26172
0.590386
0.275143
0.0900246
0.606161
1.13208
1.91481
0.591948
0.32338
0.865839
2.35643
0.462562
0.952033
0.461049
0.989707
0.992511
0.174093
0.860689
1.08094
0.709178
0.629997
0.271268
1.67421
2.32452
0.595687
0.527734
1.03074
0.381011
1.315
1.32572
0.885981
1.00457
0.460102
1.01633
1.03357
0.340785
0.496338
0.480105
0.840997
0.196552
0.74864
0.550142
3.21418
0.625611
0.700804
0.621947
0.689552
1.36315
0.17203
1.17111
1.37789
4.11486
0.688882
0.42503
0.170831
2.05426
0.916777
0.655991
1.20767
0.210484
1.10292
0.57247
1.03023
0.722533
0.397724
0.249178
1.19921
0.313697
1.17672
0.309827
0.691576
1.07591
0.29573
0.537377
1.72524
0.51492
0.535494
0.887413
0.361149
1.39092
0.36785
0.461745
1.89525
0.366738
0.825097
0.664602
0.261527
0.125235
0.179755
0.455067
1.08684
0.358707
3.83319
0.167132
0.4007
0.69021
0.285614
2.68104
0.787706
0.409411
0.703507
1.77628
0.194282
0.220843
1.12704
0.657652
0.321013
0.552775
0.492801
0.378123
0.885374
1.30555
0.95268
0.686578
0.790678
0.270677
0.815899
0.777878
1.4057
0.810602
2.15182
1.16232
0.545251
0.377239
1.86895
0.661647
0.334403
0.496203
1.11195
0.429805
1.16297
3.00657
0.10695
0.307142
2.17873
0.959678
0.610854
0.465691
0.665402
0.271339
0.484095
0.67562
0.522122
1.4178
0.423973
0.463733
1.27793
0.505071
0.625334
1.07072
0.422798
1.26513
0.823744
0.183868
2.70326
0.920635
0.714382
0.555546
0.777393
0.354304
0.398123
0.984607
0.223446
1.00863
2.97392
0.409681
0.779155
0.298172
2.63905
0.58515
0.646024
0.555215
0.601754
0.814306
0.512902
0.643451
0.362733
2.13958
1.54237
2.9221
0.513235
0.846061
0.416961
0.445134
1.16297
0.349784
0.7334
0.517644
0.313609
0.639686
0.544016
0.515713
0.839869
0.377342
2.58539
0.421592
0.362057
0.703168
2.83209
0.459828
0.76088
0.323584
0.570424
0.407929
0.308607
0.819984
0.706983
0.524295
1.03274
0.306468
0.887541
0.360991
0.47054
0.505319
0.613023
0.494243
0.401507
1.21373
0.826908
0.12233
0.439354
0.425735
0.602195
0.740646
0.602241
0.454692
0.254267
0.829321
1.66507
0.975257
1.07785
0.224113
0.0709984
0.714726
0.664721
2.34154
0.811856
1.46181
0.547259
2.3037
1.6924
0.634437
1.06058
0.229726
0.579386
1.44651
0.776253
0.578561
2.79396
0.761342
0.5657
0.458334
1.54443
0.312169
1.23133
0.245341
0.42062
0.323204
1.07095
1.70945
0.709348
0.372677
0.730735
0.384678
0.359772
1.92107
0.390692
0.640358
1.25482
1.17929
0.60913
0.3296
0.938515
1.44592
0.494292
0.570459
1.86731
0.135813
2.38245
0.567358
0.0450088
0.217634
0.647499
1.13342
0.211962
1.26728
0.289398
0.643636
0.391341
0.568254
1.51959
0.559818
1.08089
1.3888
0.190978
0.272282
0.60023
0.588054
0.536791
1.38648
0.188185
0.735049
0.984338
0.664376
4.44835
0.423466
1.35501
0.849463
1.34531
0.495773
3.20971
0.231078
0.646504
1.3231
3.3841
4.16904
0.497674
3.21315
0.438369
0.367353
0.260581
0.547758
0.27979
1.2056
1.3786
1.69628
0.630355
0.434006
0.827736
0.212287
0.534576
2.01255
0.14771
0.362274
0.0696736
0.64968
0.19836
0.431177
1.00617
0.80814
1.47887
1.14458
0.374592
0.735995
0.267099
0.475259
0.715817
0.614183
0.825291
0.298802
1.05219
0.284182
0.629437
0.144322
0.283424
2.09955
0.163162
0.155386
0.495361
0.802018
0.6195
1.23109
1.49482
0.726304
0.541905
0.649291
0.335322
0.481826
0.406543
0.921594
0.8208
0.299646
0.881023
0.165971
0.801967
0.13744
0.210823
0.812616
0.332499
0.869399
0.528204
0.383892
0.49697
1.36896
0.514561
0.227968
0.740424
0.363165
0.272387
0.0733208
0.737857
0.442191
0.542198
0.838492
0.125972
0.409273
0.428557
0.31737
0.219884
0.297627
3.08305
1.11793
0.706794
0.834074
0.640528
1.57076
0.217038
0.485288
0.230114
1.73282
0.494405
0.295332
0.370438
0.495371
0.827823
0.862997
0.401238
0.686954
0.192819
0.613839
0.50286
1.39163
0.429038
0.410656
0.819929
0.821152
1.47768
0.119527
0.913838
0.413075
0.332004
0.528813
0.578376
0.363205
0.513216
0.776348
0.242768
2.98467
2.72594
0.861104
0.288147
2.20164
0.21298
0.463024
0.606566
0.79169
2.42081
0.320956
0.576497
0.302173
0.530683
0.43776
0.406546
0.617307
0.629715
0.600929
0.161857
0.695888
0.141915
0.518279
0.704861
1.41419
4.43894
0.724881
0.316512
0.20207
0.583913
0.701247
0.426624
0.977678
0.918603
0.39993
3.07438
0.538763
0.405417
0.645719
1.79926
0.350591
0.4665
0.43088
1.01903
0.278967
1.15002
0.462558
0.458252
0.999333
2.0876
0.449149
0.955585
0.928893
1.17917
0.569252
0.640646
0.570796
1.15369
0.714104
0.804856
1.30091
1.69797
2.14849
0.522331
0.860173
3.2729
1.37372
1.45011
1.09818
0.409765
0.466919
1.70829
0.594174
0.32277
0.669423
1.34502
0.539911
2.5526
0.224908
0.649142
0.296625
0.611704
0.318847
1.04421
0.805419
0.231994
2.20075
0.383894
0.698322
0.381728
3.44174
0.792096
0.586675
0.862228
0.812242
0.535209
0.550951
1.71949
0.889061
1.06981
2.25966
1.59257
0.531687
0.830194
0.23116
0.708965
0.690514
0.597103
0.259314
0.472904
0.283209
0.298018
0.521542
1.29477
1.26294
0.630813
0.320974
0.261012
0.632552
0.661505
0.794573
1.10363
0.723829
0.577285
0.676318
0.389123
0.815505
0.732423
0.609553
0.425598
0.282649
1.25128
0.415545
2.28124
0.440012
0.538716
0.893272
0.0996215
2.51348
0.327629
0.358618
0.248872
0.498734
1.02675
0.413193
2.4725
0.927533
0.492621
0.401998
2.04814
0.637376
2.43673
0.433952
2.9063
0.289911
1.17318
0.727461
0.833003
0.550286
0.432218
0.752433
0.26796
0.549146
0.489042
0.316049
0.822496
0.713958
1.33207
0.717797
4.24257
0.38273
0.750695
0.786328
0.364592
0.532382
0.640457
0.241672
0.873022
0.387595
1.85086
1.3182
0.28596
1.16796
0.414131
0.430164
2.7592
0.346334
0.266636
0.267677
0.372394
0.108092
0.799434
0.312415
2.04272
0.630715
0.190573
0.173285
0.595308
0.294468
1.46135
0.532547
0.946872
0.207333
0.497236
0.412606
0.420365
0.364342
3.38616
4.38052
0.13235
0.920986
0.435259
0.472216
1.975
1.26136
0.717821
0.310183
0.453223
0.565961
0.609921
0.486818
0.416321
0.773783
3.41179
0.112234
0.922705
1.70208
0.368759
0.551055
0.580592
0.418104
0.396394
0.905357
0.653574
3.51696
0.639619
0.407803
0.486886
0.95565
0.726791
0.462492
0.742907
0.507461
0.456881
0.589485
1.25614
0.651552
0.594348
0.438614
1.00103
0.441365
0.192383
0.390612
1.02426
0.312739
1.24381
0.651941
3.71906
0.659866
0.362425
1.04661
0.8146
0.659173
0.766167
1.67971
1.04823
0.590422
1.19103
0.506664
0.219391
1.06548
1.12285
0.911254
0.692212
0.721693
1.49616
1.30712
1.00748
0.161037
0.915416
0.304084
0.810481
1.11022
1.2318
1.08738
0.310755
3.06461
0.523565
0.780053
0.718241
0.308221
1.41282
0.587413
0.378017
0.568185
1.01218
0.505742
0.55817
0.28261
0.407354
1.01199
0.204721
0.98166
0.958191
0.259111
0.607751
0.360245
1.20497
0.374868
0.649813
1.20231
0.764305
0.626356
0.540836
1.27212
0.769972
0.650217
0.75442
2.28993
0.892559
4.55463
0.400132
0.653791
1.05386
1.11629
0.410576
0.9549
0.884785
0.754945
0.48557
2.94703
0.800833
0.634403
0.474848
0.325844
1.07111
1.99864
1.94076
0.122256
1.50415
2.66226
0.259735
1.11979
0.428441
0.727788
0.184141
0.879713
1.05817
0.680524
1.53152
0.298106
0.349479
1.89259
0.547983
0.283713
1.13174
0.305591
0.596611
0.727545
0.44305
0.575223
0.424354
2.16224
0.715931
1.79275
0.589101
0.739356
0.445528
0.842987
0.55585
0.856724
1.68814
1.66597
0.343307
1.00992
0.857868
0.525559
1.75746
0.736098
0.833022
0.0659087
1.35865
0.853979
0.358528
1.37664
0.968094
1.40994
2.05668
0.22086
3.62627
0.758118
0.159961
1.17971
1.48573
1.51593
0.200094
0.469122
3.35415
1.01264
0.363077
0.749214
0.525043
0.702876
2.10796
0.765397
1.79184
0.138363
0.570354
0.412477
0.778762
1.36561
0.617912
0.533223
0.733072
0.542683
1.37055
0.393861
0.479248
0.4619
0.663552
1.79574
0.723016
0.327234
0.467504
2.01394
0.552126
0.741071
0.63841
1.1439
0.387943
0.259
2.40094
0.293396
0.482484
0.637151
0.217159
0.710017
0.41421
0.263394
1.53625
0.089146
0.397737
0.258829
0.097549
0.184547
0.358703
0.480151
1.53162
0.268007
0.762457
0.382993
1.16636
0.551321
0.773039
0.215871
0.526903
0.412923
0.97123
0.663396
1.21133
0.924072
0.969366
1.61905
1.26831
0.889938
0.594749
0.923994
0.849986
0.374694
0.804651
0.911363
2.85968
1.85717
0.224643
0.641511
0.616974
0.220037
0.745593
0.515736
0.367528
0.402197
2.28898
1.9215
1.12588
1.0247
0.524474
0.604299
0.306055
0.228306
1.09669
0.824661
0.98449
0.625106
3.3784
2.35439
0.159258
0.544013
0.766851
1.83266
0.327817
0.215807
0.679713
0.264732
1.2691
0.557052
0.871029
1.02887
0.533365
0.335502
0.34193
0.906454
0.52603
0.59472
2.25463
0.328497
0.453647
0.795223
1.13319
0.42583
0.477492
0.529447
1.15061
0.447946
0.172284
0.68087
0.910683
0.892155
0.490731
0.21739
0.451938
1.1912
0.506699
0.193156
0.592329
0.749123
0.280068
0.293012
0.743094
2.3558
0.649141
0.290528
0.705495
0.821597
1.89132
1.21228
1.32606
0.378026
0.449909
0.618286
0.874728
0.274545
0.401231
0.764502
0.572074
2.3084
1.94195
1.09498
0.258052
0.573339
0.844041
0.524291
0.581313
0.56287
0.438392
0.358682
0.686427
1.15589
0.319205
0.41752
0.343452
0.606987
1.05887
0.605209
2.12266
0.240458
0.529133
4.74397
0.360472
0.565387
0.430784
0.645867
0.735898
0.352168
0.657424
0.619147
0.841321
0.520997
0.323843
0.49115
0.623114
1.2671
0.564577
1.23754
0.468502
0.589877
0.687512
2.24986
0.977619
0.644377
0.700746
0.935595
0.10098
0.886851
0.430551
0.376512
2.39905
0.2684
0.337121
0.604397
0.471381
1.3636
1.58713
1.87515
0.448299
0.479856
0.0991447
0.843408
2.40831
1.44285
1.4939
0.345622
0.631148
0.399245
0.52366
1.61806
0.579024
0.663129
1.35607
3.27083
0.13989
1.71197
1.04237
0.485296
0.349064
0.123831
0.763562
0.49691
0.405447
0.690122
0.432139
0.173097
0.312404
0.480509
0.507757
0.490537
2.14086
0.449434
0.525447
1.67877
0.176669
0.596931
2.05907
0.564543
0.274385
0.48362
0.80753
0.47509
0.481977
0.141139
0.26069
0.682253
0.311289
0.985941
0.118893
0.712593
0.298522
2.77034
0.171808
0.410043
0.712347
2.01611
0.528056
1.10667
0.832369
2.25704
0.405659
1.42717
0.759894
0.551174
0.56225
0.449343
2.72268
0.475782
0.476122
0.980145
1.12845
0.537982
0.351852
2.8267
3.3864
0.446888
0.631514
0.615984
0.860158
0.483367
1.34864
0.554864
0.43077
0.762284
0.717752
0.557831
0.364833
1.08495
0.16918
0.949514
0.452286
0.282216
0.871652
0.577068
1.78934
0.366371
0.905515
2.34103
0.872513
0.479387
0.101714
1.52324
0.496853
1.02125
0.310664
0.196521
0.428887
0.712338
0.439577
0.528251
0.706383
1.13614
1.79665
0.885069
0.623298
0.38016
0.81155
0.295464
1.12199
0.242918
0.490767
3.05678
0.718351
0.447646
1.64951
0.356121
1.17294
1.63887
0.950782
0.207081
0.158172
0.398704
0.433336
1.4207
0.663698
0.380874
2.11955
1.24341
1.2507
1.69808
0.287913
0.618434
1.03565
0.701032
1.31133
0.378476
4.35716
2.15217
0.296319
2.14617
0.232137
0.243033
0.960137
2.2975
0.759215
0.34941
0.881749
1.28395
1.73996
0.205996
0.474685
0.257602
0.365425
0.795411
1.47273
0.712512
0.855376
0.447193
0.318348
0.17222
1.41643
0.540717
0.687105
0.70599
1.19278
0.646741
0.544462
0.378128
2.78692
0.634532
1.0154
0.260371
2.57524
0.43882
1.63797
0.30422
0.315871
0.408882
0.325986
1.68248
0.40446
1.93597
0.709478
0.725159
1.05931
0.575039
0.72168
1.03049
0.503365
1.20578
0.289667
1.39859
0.577548
0.399736
1.07197
0.309515
0.21771
0.333652
0.418603
1.24969
1.29015
0.99459
0.71651
2.18146
0.76632
0.790988
1.226
0.3745
0.262041
3.2111
0.216787
0.538097
0.346148
0.365938
0.879686
0.269992
0.337042
0.964395
0.416157
1.00464
1.00551
2.25715
0.167869
0.634817
0.559642
0.862712
0.746277
0.986444
0.623336
0.99006
1.07644
0.254121
0.646076
0.627402
0.969776
0.519165
1.12271
0.449286
1.04225
1.09362
0.498249
3.58177
2.05384
0.431546
0.25233
0.347174
0.666123
0.815342
0.696032
2.15021
0.692281
1.77228
0.487087
2.47755
0.519725
0.910049
0.338683
0.387688
1.95994
0.658338
1.82016
0.95756
0.616029
1.31997
0.354584
1.10995
0.215032
0.623859
0.816851
0.870119
0.916671
0.370177
1.96665
1.27224
1.20778
0.18663
0.770851
0.757664
1.01763
3.67068
0.485054
3.62004
3.62116
0.929174
0.537168
3.6734
0.845985
0.674204
0.558542
1.48229
1.03599
0.383175
0.781897
0.501675
2.72697
0.261116
1.03498
1.08045
1.17805
0.358369
2.73148
2.36769
0.447399
0.385529
0.529001
1.7978
1.06725
0.717515
0.900634
0.326096
0.701064
1.08713
0.523406
0.516686
1.28145
0.833628
0.408263
0.657874
0.472924
0.268158
1.07416
1.38108
1.90541
0.160721
1.34258
0.436002
0.110954
0.446835
0.166466
0.640614
0.467659
0.711008
2.13313
0.99975
0.329392
0.577639
1.86888
0.640372
0.956212
0.680637
0.404246
3.29002
1.33627
0.345283
0.486462
0.55175
0.480073
2.44909
1.16652
1.12114
0.955853
0.640291
0.903908
0.664873
2.67692
2.30757
0.291234
0.293292
0.474517
1.24868
0.290696
0.754339
0.213769
0.813649
0.984972
1.88121
1.0549
0.977436
0.133212
0.842473
0.306483
1.21781
0.55927
0.24243
0.324525
0.530927
0.19374
0.200813
0.50318
0.814557
0.344265
0.303075
0.571167
0.546011
1.29426
0.736627
0.808943
0.752575
4.68716
1.04127
0.13125
0.966067
0.516787
1.57762
0.342483
0.333203
0.486935
2.05869
0.672422
2.62157
0.0578593
0.465428
0.830357
0.448528
1.19163
0.235978
0.494987
1.28587
0.826848
0.976404
3.66727
0.67615
0.492776
0.601325
0.451771
0.280837
0.241784
0.739683
2.61683
0.338703
0.45313
0.645522
0.929015
1.03843
1.30352
1.05125
0.92689
0.579107
0.280323
3.20427
0.84983
2.18045
0.0804035
0.512788
0.355378
2.6724
1.06614
0.418037
0.717378
0.330983
0.43546
1.30656
0.826456
0.863439
0.232476
1.63968
0.307015
2.46937
0.88511
1.69607
1.38173
1.25956
1.98683
0.642859
3.80829
0.361003
1.32419
0.404761
0.809824
0.910397
1.34427
0.458899
1.21568
0.552092
0.518287
2.24395
0.831021
1.23442
0.859143
1.06813
0.564005
0.499709
0.855188
0.986567
0.395672
2.60689
0.683019
1.58748
0.477085
0.147992
0.484975
0.687604
1.63316
0.673615
0.383221
0.356538
0.257485
1.96006
1.64238
1.72416
0.444809
2.08628
1.16521
0.849215
0.377683
0.28808
0.776765
0.189488
2.3188
2.3291
0.690627
0.264504
0.212464
0.194871
0.466536
0.64763
0.804133
0.743012
0.593295
0.458262
0.439757
0.528061
0.0910755
0.397954
0.497616
1.19389
0.823265
1.03079
0.171268
1.29836
1.15924
0.156279
1.2215
1.3205
0.809048
0.408196
0.787636
0.819947
2.39637
0.424434
0.596675
0.47213
3.00857
0.426259
0.592964
1.17911
0.374175
0.945417
1.88247
0.551073
0.303543
1.28908
1.51713
0.90341
1.2412
0.488218
0.986873
0.587893
0.277222
0.477783
1.2913
0.2125
0.470484
0.386995
1.90659
0.624138
0.518767
0.284794
1.23407
0.493773
0.754536
0.566782
0.789612
0.439357
0.435742
0.953073
1.38538
0.523768
0.92172
0.324114
1.42802
0.643626
0.38911
0.269305
1.11297
0.478181
1.14794
0.298398
0.438729
0.785126
0.66358
0.688742
0.392567
0.300025
0.395495
3.49439
0.0564399
0.231312
0.386809
1.38139
0.564236
0.573869
0.663748
0.980993
0.565473
0.60573
0.621999
1.40546
0.530555
0.174604
0.811269
0.310303
0.576086
0.527066
0.186044
2.19473
0.376599
0.611529
1.00513
0.332631
1.60853
2.52857
0.259262
0.28369
0.47485
0.431197
2.36912
0.896846
0.303782
0.605571
0.758114
0.89032
0.311326
1.30738
0.114322
0.609329
0.303599
0.558092
1.11644
0.269684
0.826784
0.702838
0.335466
1.42324
0.820374
0.293175
0.415469
0.36548
0.570735
0.265197
0.247493
0.461448
0.640474
0.463955
0.450403
0.436778
0.767292
0.445015
0.611568
0.735621
1.36749
0.519522
0.415806
4.34961
1.21902
2.40698
1.30746
1.14239
0.915906
1.64241
0.401128
0.487919
0.683944
0.932991
1.01416
1.30053
0.340542
0.202437
0.568732
0.250377
0.27098
1.20252
0.667527
0.301534
0.920636
0.178969
0.331107
0.474429
4.43668
0.428789
0.528193
2.85412
0.745677
1.43028
0.516944
0.332447
3.44222
0.994805
0.934455
2.00629
0.310425
0.44366
0.145759
0.319987
0.371444
0.423285
1.81128
0.935773
0.545806
1.29853
0.757313
0.69726
2.20287
0.511219
0.870735
1.5802
0.228522
0.4847
0.749489
0.786616
0.514673
0.308165
0.712656
0.597265
2.07906
0.359077
0.6271
1.36912
0.850856
1.21909
3.64604
1.23631
0.208264
0.539641
0.54777
0.229015
1.24496
3.08471
1.41368
3.54454
3.22136
0.617358
0.211293
0.791118
0.293537
1.14732
0.905853
0.482142
0.370996
0.608814
0.755988
0.529507
1.28532
0.509059
0.374093
0.617338
0.610966
0.593644
0.579371
1.09285
0.619154
0.38365
0.1518
0.251797
0.346064
0.922448
1.7321
0.389288
0.704351
0.309546
0.598467
0.497677
1.34065
0.525428
1.01357
0.522639
1.53966
1.97293
0.743819
0.890479
0.260717
1.16032
0.348044
0.969764
0.426851
0.267502
0.565599
1.62306
0.697638
0.3882
0.691807
0.272778
0.821173
0.570258
0.234617
0.496029
0.300031
0.594254
0.286825
0.538982
0.57834
1.0143
0.401653
0.397196
0.207441
0.509017
1.10492
0.85614
2.16077
1.26785
0.747982
1.07409
0.42288
1.02567
1.80251
0.111706
0.400267
0.6388
0.29645
2.14721
4.70688
1.59503
1.50555
0.12111
0.684749
0.732193
0.393842
0.363997
0.330163
1.50218
0.306557
0.581096
0.855024
0.490501
0.676618
1.80094
0.635462
0.171671
0.708062
0.901474
0.592605
0.394539
0.330528
0.405623
0.707435
1.41872
0.205396
0.355045
0.629457
0.70458
1.33084
0.861616
0.483761
0.284961
0.499928
0.686886
1.45577
0.266879
0.991575
2.18641
1.4179
0.937133
0.920813
0.252479
0.741235
0.536047
1.61904
1.72135
0.662727
0.996004
0.866551
0.209241
0.442155
0.419371
1.23124
0.45038
2.59494
0.164696
1.2681
1.01355
0.27464
0.223727
0.677579
1.00539
0.447061
0.423715
1.50724
0.998275
0.502272
0.11002
1.01946
0.627732
0.220213
1.13352
0.0932373
0.733328
0.667329
0.340769
0.917314
0.363332
0.683112
0.357422
0.962413
0.390193
1.09728
0.34365
0.233877
0.737261
0.212866
2.28195
0.872934
2.24591
1.09371
2.50474
0.747701
3.18087
0.570981
1.28526
0.326516
0.66423
0.837064
0.671854
1.94447
0.291627
0.287506
2.49322
0.456321
0.292404
0.534041
0.197385
0.205098
0.341845
0.434559
1.96413
0.418498
0.149286
1.84689
0.963183
1.28514
1.32084
0.202819
0.898637
0.85332
0.507657
0.577938
0.0643736
1.21179
0.527629
0.292133
0.8783
0.64694
0.752584
1.72326
0.885566
0.621373
0.0778201
0.251923
0.293922
0.686876
1.15193
0.964646
4.90178
0.732685
0.498921
0.711853
0.697201
0.631563
1.01336
0.774219
0.539437
0.422446
0.438012
0.373308
0.441062
0.237362
0.51957
1.15411
0.381633
0.378687
0.750558
0.249768
0.801149
1.41497
0.952671
0.623303
0.252956
0.407778
0.393554
0.554121
1.5415
0.758223
0.286855
0.785954
1.39042
0.385445
1.75164
0.196148
0.662453
0.492894
0.459772
0.550011
0.256575
4.03615
0.43643
0.501393
0.443217
0.571724
0.60947
0.624316
0.869649
0.918017
0.668479
0.742904
0.457307
0.269071
0.814199
0.739593
0.547433
1.17008
0.451935
0.751799
0.291582
2.37742
0.912812
3.65325
0.679512
0.19562
0.653718
0.583082
0.338924
0.242403
0.436785
0.568599
0.339853
0.579318
0.547163
0.601649
0.661995
0.246551
0.589577
1.7685
2.50641
0.910148
1.02688
1.06361
2.29666
1.88941
1.0588
1.00622
0.388451
0.658902
0.323098
1.19877
0.490508
0.270832
1.25426
0.391859
0.299841
0.861344
1.47459
1.71786
0.403672
0.315364
0.361114
1.37806
1.33178
0.527142
0.273572
0.977236
1.55234
3.98124
4.53499
0.332736
2.14512
0.161901
0.99857
0.644588
1.07847
0.531576
0.94214
1.02218
1.1653
0.133373
2.66252
0.16912
0.694595
0.672698
0.159136
2.46138
0.363924
0.60274
1.27188
0.649598
0.359436
1.41837
0.376659
0.733744
0.534487
0.449139
1.31865
0.576442
1.28442
0.184979
0.768216
0.794551
0.523924
0.509515
0.373584
1.8381
0.891537
0.53003
0.16551
1.26941
0.63311
0.192323
0.936721
0.915726
0.262147
0.196303
0.847571
0.155137
0.33627
1.94653
0.728479
2.17368
1.12691
0.671358
1.00367
1.46331
0.495684
0.876899
0.476174
0.303691
1.08375
1.01022
0.758865
0.5133
1.18323
0.172086
0.184863
0.198665
0.52556
0.858876
0.406254
1.63935
0.389063
0.504486
0.458431
0.546701
0.565074
1.92049
0.200821
0.451819
0.906782
0.29078
0.340306
0.539147
0.948152
0.414727
0.575703
0.841853
0.869976
0.256019
0.341248
0.323966
2.36296
1.30905
1.01416
1.10099
0.324636
0.263687
0.188569
2.00475
1.8916
0.371398
0.611883
0.537082
0.714834
0.380298
0.140544
0.75916
0.670324
0.629596
0.810155
0.628812
0.461823
1.10683
2.44865
0.644295
0.40538
0.925132
0.368041
0.670345
1.25661
0.353334
0.599804
0.502146
0.199775
0.486736
0.973062
0.804109
2.19134
0.607233
0.384466
0.633196
0.531961
0.781109
1.46701
2.94208
0.876124
0.29282
1.06445
0.541815
1.57487
0.201187
1.1079
2.40393
0.150228
1.01159
0.817322
0.528956
0.760708
1.04419
0.558801
0.410485
0.759068
0.448775
0.351492
1.24736
0.484845
1.18013
0.63779
0.889657
1.00865
0.534595
0.815399
0.392478
1.08222
0.584439
0.305224
0.621339
0.112204
1.5749
0.780302
1.29733
1.19104
0.545162
1.60972
2.78105
0.689999
1.01104
0.424792
0.67486
0.507323
1.16167
0.621728
1.11862
2.13546
1.84465
0.341262
0.352257
1.28386
0.51834
0.660493
0.351895
1.13526
0.997645
0.400586
0.457781
0.884163
1.00657
0.382352
0.498914
0.683517
0.268921
0.568609
0.465058
0.353121
0.280209
0.302988
0.741024
0.825119
1.31849
0.408379
0.584984
0.251809
0.332715
2.87208
1.18907
0.69692
0.262692
1.51616
0.241601
1.25495
0.695817
0.413525
0.990818
1.27036
0.335274
0.894056
0.445942
0.574515
2.09817
1.87502
0.438823
0.721643
0.604522
0.746113
2.00261
0.326586
0.259573
0.245416
0.350256
1.78782
2.72312
0.652526
0.750601
0.58901
0.339203
0.938805
0.955954
1.24716
0.39655
0.631475
0.868618
0.232391
0.369677
0.490214
0.273805
0.41063
0.972999
4.08748
2.46945
0.140925
0.208667
0.7202
1.25974
0.783411
0.605947
0.862903
0.106644
0.166455
0.238995
0.0903486
0.438205
1.20645
0.698856
0.881722
3.15922
0.411988
0.446833
1.57306
0.421758
0.30487
0.723925
0.259341
0.795721
0.803647
0.762288
2.63398
0.233651
0.931879
0.556196
0.564333
0.325471
1.11615
0.375442
0.658658
0.539977
0.403664
0.15256
0.410146
0.583056
0.819239
0.408997
0.747924
2.0391
1.83239
0.445435
2.14095
0.88439
0.280637
0.830043
0.239723
0.573664
0.206822
2.8403
0.333481
0.511128
1.19466
1.31634
0.767777
0.193924
0.574925
0.0318998
0.186303
0.716011
0.362478
2.38586
1.57948
4.16693
0.642059
0.77894
0.330472
1.06714
0.719513
3.61013
0.307167
1.98847
0.61247
0.799688
0.61274
1.51948
0.161559
0.965522
1.73806
0.386555
0.453776
0.193271
0.969079
0.740202
0.462975
0.449991
0.680132
0.280547
0.808092
0.738454
0.47725
0.534057
0.312943
0.201701
0.613607
0.702032
0.567951
0.625035
0.197368
0.159284
0.270992
0.787929
0.733411
0.845582
0.450018
0.941644
0.678371
1.17701
1.03333
0.865158
2.43934
0.829132
0.925699
0.649654
0.372055
0.960906
0.337631
0.514079
0.41851
1.79424
0.924307
1.14934
2.21762
0.354829
0.593703
0.394493
1.55526
0.299121
0.31225
0.431569
0.648759
1.64599
0.975957
0.255987
0.642919
1.85365
0.300665
0.780384
0.781735
0.968376
0.873913
0.256339
0.391782
1.97904
0.567847
1.1226
1.11026
0.690091
1.13779
0.664681
0.256856
0.233088
2.20913
0.626719
0.333912
1.13562
1.50101
3.18834
1.13558
1.21533
0.801143
0.102212
0.803695
1.24342
1.33963
1.37559
0.391284
1.8046
0.147208
1.66322
0.807091
1.03633
0.463294
0.925683
0.374851
1.25433
1.31211
0.703545
0.838456
0.597934
0.738481
1.2263
0.310674
0.515875
0.879432
0.349544
0.536937
0.750213
0.230895
0.530317
0.869699
0.404889
1.25025
0.593827
0.490156
1.2502
1.03779
1.27786
0.267749
0.408839
1.90974
0.274122
0.967568
1.04035
1.86655
0.582561
0.731099
0.929836
1.28391
1.80248
1.51493
2.02164
0.402556
0.565015
0.541686
0.206044
0.224439
0.737137
0.326181
0.422692
0.538358
0.3201
0.664192
0.76055
0.493024
0.699066
0.670539
1.70692
0.495577
0.105582
0.271419
1.24814
1.0104
1.49439
0.342606
1.13337
0.636917
0.4047
1.07877
0.725491
0.692359
0.568753
0.179525
0.316662
1.68103
2.40026
0.322815
0.336689
0.48792
1.03028
0.364509
0.387106
0.195779
0.457613
1.37878
0.431392
1.35957
1.46511
0.326881
2.27964
0.403121
1.36939
1.56861
0.509692
0.350792
0.509688
0.195161
0.738132
0.666986
1.07715
0.479785
2.92877
1.29544
0.210491
0.585953
0.434243
1.97914
0.475374
0.234606
1.71277
1.15018
0.500389
0.307114
0.42733
0.492108
1.05482
0.693018
1.41432
0.636192
1.46399
0.728706
0.603869
1.15151
0.23975
0.351982
1.63819
1.53845
0.50867
0.339623
0.431291
1.74862
0.744587
0.807925
0.177328
0.619176
0.385979
1.64817
0.332546
1.27762
0.962522
0.312583
0.720324
3.28227
0.588489
0.96392
1.24092
2.39672
0.658169
0.108938
0.863841
0.880278
2.96048
1.38493
0.881149
0.334763
0.737322
0.611551
1.57935
1.08616
2.55921
1.02102
0.425332
0.422446
0.452891
0.618111
1.42987
0.43844
3.07806
0.682399
3.0098
0.503709
0.371576
0.667861
0.650223
0.288381
0.61319
0.222637
0.682842
0.553274
4.17859
0.08627
3.15049
0.35762
0.403587
2.32143
0.771982
0.510893
1.64427
1.0741
0.484156
0.879931
0.506632
1.1565
0.196857
1.21174
1.89457
3.69932
0.352113
0.460626
0.849208
0.29674
0.194408
1.07246
0.156992
1.30426
0.979004
3.47367
0.224767
0.935604
0.38823
1.2528
2.81073
0.468311
0.851353
0.495051
0.425731
0.427985
0.315053
0.23701
0.421713
1.3385
0.920177
0.554838
0.308159
0.327624
1.23274
0.483563
0.309312
0.999427
1.23087
0.32098
0.725274
0.684078
1.08745
0.507657
0.883268
1.40305
1.37617
0.5309
0.472391
1.30386
0.385352
0.482972
0.327367
0.449264
0.750406
1.3725
0.732713
0.130276
0.649657
0.351577
0.778206
0.352468
0.548885
1.16574
0.709767
1.00787
0.54164
0.664743
0.522458
0.486849
1.57068
4.37483
1.23487
0.479129
0.367108
0.536746
0.813056
0.274813
2.9586
0.660302
0.789994
0.221232
1.7457
1.43126
0.632436
2.13733
0.530106
1.11103
0.458881
1.11691
0.636041
0.808136
0.705186
0.362334
2.48057
0.484774
2.39978
1.73687
2.26777
0.750937
0.474368
1.09669
0.3768
0.778997
0.376087
0.213087
1.72356
0.233061
0.35925
1.08471
0.812384
0.457766
0.320576
1.58774
0.983165
1.00259
0.904086
0.921673
0.658972
1.39577
0.392097
0.660811
0.653464
0.329927
0.38172
0.160934
0.372261
1.73226
0.789638
2.11557
1.63267
0.520592
0.168283
0.440121
0.458405
1.00466
2.72373
1.64104
1.27375
0.296697
0.861316
0.172565
0.515705
0.0436365
0.954372
0.571524
0.620123
1.53997
0.252679
3.93315
1.47366
0.418034
0.757786
0.58745
0.647306
0.570619
0.938858
0.956719
1.08098
0.491641
0.212949
0.158661
0.421403
0.659517
1.03298
1.1258
1.67236
1.1548
1.94811
0.564663
0.737075
0.463277
1.80691
0.628962
0.160817
0.520805
0.619117
0.139845
0.530772
0.516149
0.482073
1.45864
0.940626
1.49884
0.732582
1.48375
0.143679
0.213127
0.456779
0.486446
0.379552
1.78658
0.399378
1.44592
0.851231
0.562329
0.378286
1.02111
0.325686
0.525355
0.634746
0.708309
1.06503
0.978787
0.296871
0.284079
0.976716
0.941396
1.17452
0.270467
0.975785
0.433852
0.742316
1.27489
3.91902
0.838152
0.694156
0.46894
0.721687
0.60575
0.240225
0.347785
1.33561
0.469852
0.439229
0.756097
1.9251
0.332747
0.450777
0.239413
0.637635
0.677874
0.98651
0.515411
1.24294
1.35342
0.28008
1.37712
0.497237
1.19964
1.66183
1.2416
0.857282
3.74552
0.823062
0.213062
0.992037
1.64163
0.625711
0.147798
0.659262
0.825132
1.81156
0.229543
0.265817
0.309269
1.91916
0.916334
0.217152
1.66781
0.428381
0.496632
0.312017
0.302143
0.103553
0.870738
0.573735
1.8702
1.37551
0.207083
0.467163
1.18793
0.238224
0.260585
0.792415
0.306105
0.388591
0.740733
0.534581
0.372146
0.41197
0.43462
0.549308
0.614335
0.182803
0.149222
0.773132
0.995785
0.304792
0.933188
0.418627
0.235469
0.20405
0.279789
0.562257
0.45446
0.342616
0.514228
0.529585
0.276568
1.9689
0.348315
1.92047
0.38918
0.388163
2.01544
1.10427
0.687028
0.900761
0.4037
1.76673
0.520741
0.759152
0.6418
0.30166
0.503269
2.52411
0.199016
0.782858
0.833537
0.346983
0.569201
0.637666
1.91907
1.5283
0.912419
0.457026
0.491243
0.330964
0.501072
1.7634
1.1318
0.387836
0.881725
0.398248
0.719824
0.370401
0.505775
1.85104
0.38034
1.25194
0.197223
0.876868
0.38947
0.496409
0.872614
0.646967
0.883985
0.573831
1.8572
0.942163
0.749701
0.965468
0.79647
0.706517
1.66295
0.856936
1.03236
0.945336
0.631646
1.49956
0.512179
0.877296
4.97468
0.45405
0.374816
0.898091
0.612326
0.113018
0.968659
0.240094
0.339698
0.614531
1.26887
0.458357
0.996569
1.18071
1.15687
1.8334
0.156926
0.406571
2.10683
0.554272
1.16791
0.917606
0.33354
0.359043
0.424438
1.47293
0.903177
2.65751
0.447137
0.847711
0.392394
1.04597
0.640653
1.63013
0.54026
1.15007
0.275274
0.411987
0.31379
0.516654
0.372582
0.913972
1.43926
0.31255
0.383097
0.380787
0.517185
0.632327
1.98724
1.18453
1.90819
0.827803
0.285772
0.286956
0.377727
1.20405
0.685447
0.363215
0.158047
0.657038
3.93131
0.736898
0.606778
0.934564
0.378365
0.819809
0.499788
0.959726
0.412369
0.624574
0.263251
0.489849
0.539868
1.5305
0.704391
0.760858
1.8368
0.469301
1.36145
0.398583
0.31011
0.416236
0.983184
0.833487
0.606899
0.765761
0.92939
0.277184
0.794817
0.356105
0.305634
1.06537
1.83621
0.558412
1.649
1.14028
0.504872
0.340812
0.524784
0.532811
0.196077
0.438845
0.664818
0.139892
1.06921
0.637008
0.504847
2.00624
0.215523
0.391668
0.878068
0.56092
0.801409
1.02166
1.00266
0.793869
0.169674
1.05637
1.5934
0.221657
0.184867
0.303477
0.921929
0.575024
0.786677
0.603893
2.37294
2.59748
0.33199
1.52092
1.41088
0.658002
2.2347
1.30996
1.07893
0.68466
0.203006
1.64233
0.795211
0.516067
0.253759
0.201648
0.383978
0.31763
0.292848
0.317474
0.61454
0.401064
1.5297
1.32975
0.685291
1.05169
0.565225
0.671051
0.218169
0.770863
0.216407
0.538794
0.704696
0.341792
0.271939
0.37632
0.576101
0.853562
1.01038
1.3956
0.535537
0.153478
0.827847
0.245838
0.316666
0.610022
0.494399
0.704336
2.30801
0.417432
1.00596
3.24967
0.428376
0.380513
1.30928
0.894268
0.289125
0.605346
2.92187
0.488485
1.15316
1.76356
0.278023
1.10384
1.30108
1.16399
0.541255
0.860085
1.11687
0.275468
0.432269
0.368838
2.02131
1.00271
0.222491
1.89068
0.850903
3.2625
0.588044
0.947979
0.563547
0.849975
1.2657
0.559162
1.346
3.68101
0.346968
0.82943
0.65709
4.33196
2.70564
0.543673
0.572419
0.699138
0.450234
0.746632
0.576031
0.714709
0.222317
0.911335
0.884289
3.44908
2.38226
0.922656
0.800433
0.775329
0.451066
0.697126
1.18175
0.778441
2.07421
0.968977
0.922894
0.378206
0.441915
0.521482
0.45247
0.501585
1.11916
0.399109
1.68302
0.808508
0.359235
0.49269
1.99978
0.627324
0.32712
0.654689
0.864826
0.458795
2.08441
0.567729
0.450028
0.564583
0.2594
0.941715
0.818671
2.37628
1.17173
0.757626
0.56813
3.38425
0.426767
1.04671
0.465221
1.93548
1.00941
1.21161
0.903898
0.643383
0.205025
0.458111
0.889101
1.66535
0.265846
0.189499
0.683074
1.07992
0.125105
1.22466
3.33584
0.189044
0.880249
0.828275
0.783223
1.76031
1.43739
0.806189
0.217759
0.71114
0.936869
0.253223
2.1185
0.586777
0.458171
3.26695
0.962677
2.55617
0.251051
0.829425
0.276021
0.501897
1.03782
1.83181
0.522435
0.657379
0.526738
1.45441
0.418682
0.282746
0.550171
0.476593
0.459182
0.241344
3.41808
0.407875
0.192848
0.357891
2.8367
0.579858
0.156586
0.144813
0.479696
0.46312
0.904685
0.997507
0.579871
0.308807
0.282188
0.278197
0.894909
0.340188
0.508163
2.08293
1.31533
1.88004
0.991515
0.632586
1.12381
1.6945
0.313964
0.501034
0.463722
0.52394
0.612681
0.699278
0.822822
0.237422
0.605757
0.251276
1.5112
0.5736
0.780367
0.494883
0.499959
0.822221
0.269382
0.2974
0.349508
0.904937
0.396728
0.22329
0.556897
0.249065
0.355397
0.956949
0.813444
0.805915
0.213205
1.20823
1.74675
1.55667
0.262055
1.04598
0.843626
0.56542
0.700392
0.867025
0.431002
0.801203
0.699155
2.00872
0.518909
0.449606
0.80886
0.662997
0.503558
0.882756
2.1696
1.25903
0.440461
0.785555
2.13221
1.20484
0.906716
0.53518
0.344796
0.810688
0.431794
0.566341
0.596568
1.55515
0.143411
0.387532
0.711282
2.12343
0.598965
1.00879
0.150501
0.875769
0.889212
0.497112
0.835747
0.482543
1.17401
1.06511
1.23739
0.415178
0.207589
0.726374
0.5974
0.593096
0.290092
0.708026
4.50459
0.229599
2.41048
0.167491
1.73163
0.315274
0.459575
0.436627
0.068273
1.02325
3.76849
1.28505
1.22302
1.00182
0.381731
0.4268
0.414582
0.426575
0.87783
0.690891
0.276333
0.845965
1.9747
0.714967
0.93758
0.242992
0.72551
0.480297
1.58432
1.09376
0.273267
0.245126
0.630546
0.475298
0.427441
0.519923
1.07816
1.07486
0.936568
2.28959
0.988106
0.580751
0.930969
0.425966
1.9438
0.452711
0.54571
1.34891
0.483646
0.513729
0.716542
1.18895
2.24544
0.571456
0.213076
2.36576
0.370452
0.83431
4.16231
0.792659
1.7897
0.649255
0.355034
0.284479
0.91969
3.50555
0.0827302
0.838819
0.784257
1.95027
1.70637
0.366582
1.15852
0.325624
0.085251
3.3279
0.213446
0.419001
1.50456
0.587058
3.57851
0.0927442
1.32594
1.41024
0.917352
0.292037
1.22461
0.623093
0.964756
0.626239
0.804111
1.09091
0.242207
0.520101
0.41117
1.77562
2.03367
0.306153
0.495407
0.926293
0.456584
0.0763597
0.589097
0.370925
0.901232
1.50257
1.04496
0.140334
0.545618
0.820238
0.60195
3.24374
2.21422
1.62091
0.814425
1.16916
0.585634
0.388149
