1.43896
0.589598
0.740814
0.41269
0.831292
0.137032
1.00338
0.560353
0.312404
0.507354
1.38616
0.453966
0.71082
0.120445
1.41977
0.772275
0.591672
2.38513
0.548892
0.808345
0.360103
0.449384
1.22214
0.792402
0.321708
0.711676
0.618181
0.751166
0.347157
0.237551
0.542021
0.465086
0.291655
0.104599
1.44254
0.755571
0.893773
1.53679
0.21796
0.506453
0.37778
0.945341
0.313143
1.59123
0.739498
1.57992
0.692993
0.452541
0.476567
0.61796
0.119222
1.54525
0.400755
0.276053
1.7459
1.7374
0.736606
0.551641
1.28574
1.23337
0.677311
0.355282
0.489653
1.54949
0.670259
0.967606
0.773121
0.877815
0.205949
0.286853
0.578711
0.227879
0.416761
1.8886
0.309186
0.828595
0.958143
0.977899
0.755389
0.401903
0.940678
0.479814
0.701593
1.09812
0.280297
0.228366
0.707953
1.7283
1.42996
0.759206
0.581899
0.391473
1.75702
1.37794
0.513492
0.513092
0.200749
0.4566
1.61574
0.261912
2.09456
1.33024
1.36746
1.38735
0.419686
0.663677
0.464931
0.538665
1.41477
0.350125
0.275322
0.528777
0.318886
0.208464
0.941934
0.717479
0.762268
1.02714
0.332178
0.475878
0.290278
1.00564
0.299585
0.0944403
0.474939
1.15926
0.631372
0.462371
1.03626
0.470778
0.641328
0.245452
1.05869
4.1043
0.237222
1.37933
0.729722
0.604309
0.528363
1.58257
0.572444
1.51688
1.20808
0.129456
0.528449
0.116339
0.523119
1.01519
0.721443
1.34973
1.00816
0.265997
0.489375
2.12199
0.281642
0.510131
0.683046
1.21435
1.34082
0.535375
0.738159
0.647625
1.14814
1.03565
0.180691
0.607891
0.322363
1.34431
0.764441
0.658849
0.439903
0.399499
4.41486
0.523517
0.643533
1.39768
1.17051
0.441052
0.93556
0.14766
0.414712
0.510326
0.7836
0.390994
0.24821
1.16038
0.334306
0.303207
0.557136
1.08789
0.901657
0.782013
0.809295
0.647953
0.132188
1.20002
0.341559
0.47076
0.601554
0.119922
0.629655
0.480659
1.84262
0.689221
0.635443
0.7173
0.15952
0.245999
0.641023
0.657706
1.9393
0.449704
0.656486
1.08844
1.01002
0.337181
1.14675
0.374571
0.541535
0.741762
0.904015
0.608766
1.17208
0.0659002
1.12628
0.300614
0.492165
0.620686
1.04284
2.08754
1.16782
0.529119
1.66346
0.505665
1.96051
0.282954
1.00205
0.622164
1.15732
0.672454
1.61002
0.37625
0.589054
0.408402
1.66562
0.214278
0.667774
0.495927
1.06574
0.64213
0.781469
0.30255
0.891448
1.1336
0.745582
2.8909
1.07601
3.61593
0.288376
0.572109
2.38981
0.231991
0.800308
0.874468
1.15379
1.01749
0.455374
0.804847
1.14944
0.581655
0.87861
0.373805
1.43099
2.43116
0.522831
0.990777
1.2733
1.00175
0.43404
0.958737
1.08114
0.760749
0.347371
0.748553
1.28738
0.405425
0.532266
0.516245
3.06183
0.395702
2.0094
1.47164
0.433347
0.88666
0.332338
0.265105
0.369687
0.374773
0.511805
0.457487
0.857543
0.599083
0.962661
0.94353
2.07
1.95368
0.572792
0.792099
0.617741
0.395491
0.544382
0.610688
0.492611
0.51175
1.2198
0.416103
0.575527
0.26207
0.823897
0.85952
0.191322
0.848164
0.537884
0.572003
0.522554
1.34075
0.613282
0.126928
0.588984
0.868375
1.61423
0.717757
0.579984
1.87572
0.619171
0.534822
1.75666
0.47334
0.566733
0.646305
1.81367
0.292918
0.37809
1.31951
0.503722
0.913828
0.716986
0.515533
0.848692
0.460483
0.31804
0.765843
1.01305
0.773433
1.03338
0.267931
2.77596
0.927447
0.50236
1.14035
0.166356
0.349189
0.786567
0.267472
0.692989
0.595529
1.09003
1.59409
0.680046
0.225407
1.58
0.262341
1.33561
0.471268
0.366227
0.409579
0.719056
0.607837
0.434768
0.874813
0.266965
0.548652
0.754278
0.707053
0.192849
0.0921553
0.658872
0.808529
5.5259
0.740263
0.304259
0.852044
0.381663
0.736792
0.935382
0.645992
0.165581
0.672995
0.548451
0.429576
0.627278
0.441207
0.464327
0.293946
0.564373
0.4033
0.710006
0.401089
1.90001
0.303063
0.577479
0.786666
0.712825
0.213414
1.05107
0.425716
0.324209
0.441503
0.37542
1.41893
0.452296
1.21201
0.887909
0.155856
0.846575
0.405675
0.324086
0.32929
1.55236
0.104405
0.722487
0.863852
0.712599
0.419065
0.238413
1.11426
0.466207
1.47675
0.553219
0.422631
0.213019
0.885054
0.254067
0.473017
0.443667
0.687254
0.687768
0.165293
1.196
1.18997
0.5458
0.207622
0.622178
0.346956
1.51176
0.484358
0.846956
0.549125
1.73628
0.412314
1.07602
0.569477
0.697559
0.900433
1.99519
0.708271
0.342912
1.09884
0.426714
0.925282
0.131465
0.432649
0.561499
0.202097
0.28519
0.407212
0.573383
1.78113
0.649184
0.630874
0.446264
0.671603
0.380855
0.250437
1.4592
1.74718
1.18986
0.25722
0.355284
0.185524
0.833172
0.622352
0.877637
1.26465
0.413846
0.635678
1.1185
0.250942
0.469203
1.30023
0.498536
0.480345
0.856672
0.212376
1.12826
0.524551
0.430963
0.683547
0.236279
1.14617
0.922754
0.591436
0.773285
1.40019
1.00304
0.435604
0.177275
0.235731
0.808743
1.00757
0.492851
1.10171
0.209438
0.540135
0.330233
2.28163
0.673099
0.551941
0.324841
0.851557
0.522142
0.692613
1.37181
0.502219
0.390802
0.669704
1.43059
0.399525
2.03547
0.797943
0.712654
0.38067
0.608104
0.35861
0.753157
1.27431
0.643112
0.405774
0.658367
2.36196
1.91676
0.398579
0.56698
0.593831
1.0206
0.696678
1.20562
0.4295
1.27572
0.241035
0.954882
0.383832
0.617707
0.694132
0.687032
1.12377
0.528569
0.552723
0.75026
0.97692
1.20033
0.479055
0.223427
0.674237
0.472591
1.8531
0.394579
1.35811
0.264261
0.166524
0.246774
2.00834
0.68852
0.335483
1.91815
0.721455
0.810561
1.21412
0.228803
0.872002
1.03643
0.472415
0.7408
2.0008
0.3335
0.665396
0.37141
1.03391
0.194343
1.36431
0.933185
0.516704
1.02052
0.309123
0.820479
0.510452
1.37943
1.87084
0.948526
0.992596
0.658355
1.73142
0.506303
0.92752
1.15523
0.80442
1.37785
1.80694
1.35137
0.705051
1.32149
1.33877
0.733996
1.49591
0.435302
2.81061
1.25643
0.788675
1.0691
0.90505
0.225364
0.412775
0.202323
0.802346
0.59491
1.10438
0.229271
0.568354
0.806418
0.203579
0.998368
1.39842
0.529479
1.36416
0.860804
0.105819
0.35906
0.722578
0.156228
0.469427
0.507137
0.192181
0.810511
0.752279
0.203477
0.788919
0.674237
0.954488
0.852878
0.99436
1.37556
0.978015
0.38352
0.648189
1.01384
0.343837
1.7043
1.03862
1.15841
0.682644
4.86993
0.408963
0.877843
0.405342
0.590521
0.970115
0.62599
0.29328
1.85691
0.494421
0.641082
0.387861
1.54294
0.489084
1.58172
0.928591
0.846771
1.00913
0.715888
0.123487
0.493251
0.449504
0.991143
2.37112
0.420026
1.32225
0.619442
0.608838
0.346064
0.762444
0.368076
0.854254
0.427264
1.19894
0.603431
0.282367
0.1141
1.14452
0.327725
0.500029
0.837635
1.01169
1.17957
0.875588
0.427551
0.452067
0.159106
0.294093
0.888011
1.76214
0.51727
0.298262
0.494919
0.158547
1.42691
1.49434
0.625039
0.528111
0.305317
1.03205
0.270231
0.449757
1.47904
0.360214
0.694692
1.00338
0.344077
0.44322
0.723221
0.160079
1.81803
1.57514
0.782034
1.213
0.21616
0.249025
0.676987
0.357967
0.578954
1.62455
1.16267
0.728085
0.410889
1.82982
0.516555
0.484801
0.406749
0.4716
1.34827
0.797401
0.941102
0.757215
0.896595
0.810819
0.854205
1.08262
0.189244
1.85363
0.52583
1.08985
0.464876
0.401449
2.15005
0.695143
0.403425
2.11649
0.753604
0.540442
0.402358
0.415989
0.753216
0.791679
0.401133
1.03878
0.194684
1.07502
0.896519
0.808483
0.323384
0.904242
0.532056
0.770861
1.63855
0.654497
2.2213
1.14428
0.337053
0.758221
1.55217
0.0236856
0.761766
0.658213
1.32532
0.706447
0.345444
1.30836
0.685909
0.504465
0.668586
2.51885
0.58255
0.75576
0.823287
0.901181
0.752854
0.467221
1.13506
0.860699
1.33123
1.12068
0.668691
0.399355
1.17968
0.737004
0.290639
0.44948
1.15506
0.424086
0.36461
0.438853
1.38476
0.655065
0.772273
0.753308
0.66373
0.875283
0.451944
0.245002
1.15443
1.08512
1.07634
0.230464
0.462298
1.06456
0.606579
0.597911
0.341604
0.347449
0.891315
0.437185
1.15323
0.70855
0.769311
1.89317
0.268564
0.536037
0.51377
0.677894
0.499952
1.3472
0.905728
0.161302
0.796112
0.499627
0.959503
0.835765
0.471906
0.613266
0.781256
1.05091
0.943327
1.63135
0.829603
0.66831
1.31399
0.517753
0.93045
0.645053
1.11379
0.684812
0.296106
0.862004
1.75027
1.79634
0.306725
0.668403
1.42735
0.375656
0.434202
0.540142
0.71123
0.406179
0.846288
0.448482
0.393035
1.39838
1.55967
0.676781
0.247817
1.95412
0.856025
0.734148
1.32671
2.26345
1.5006
0.628733
0.27262
0.551579
1.03337
0.843533
0.818917
0.829071
0.316131
1.5684
0.66062
0.925346
1.00269
1.21262
0.906204
0.484285
1.50816
1.15606
0.461045
1.09121
1.48346
1.11942
0.772498
0.143263
0.263829
0.463851
0.360343
0.0656176
0.45201
0.347338
1.03199
1.04438
0.488587
0.808868
0.709244
1.02942
0.691843
0.91289
1.10603
0.52318
0.732451
0.370763
0.582753
0.276006
2.13751
0.172067
1.24269
0.533568
1.01245
0.480643
0.444874
0.475915
0.699913
0.413312
1.66087
1.67651
0.46708
0.776727
1.1991
0.5556
1.06547
0.692022
1.10184
0.633134
0.477029
0.622667
0.743785
0.742099
0.546508
0.645623
0.997244
0.556008
0.637492
1.58905
0.211455
0.748669
1.04274
1.25297
0.53619
1.46992
0.986284
4.18121
2.3993
1.09621
1.82115
1.34522
0.856995
0.411317
0.728785
1.19932
1.62611
0.85255
0.560846
0.574272
0.544101
1.18791
0.212152
0.739619
1.45072
1.06405
0.939186
0.508915
3.89888
0.659367
1.83162
0.817416
0.427172
0.516189
0.386373
1.26916
0.673257
1.73407
0.212679
1.03154
0.341139
0.786807
0.0688482
0.326716
0.395039
1.17112
0.878353
0.461292
0.515065
0.332767
0.995815
1.03312
0.414294
0.521665
0.328076
1.54297
2.18679
1.19701
1.91151
0.535623
3.12913
2.29678
0.33894
0.480601
0.932458
0.31959
0.522409
1.18767
1.15694
2.19064
0.31064
1.24242
0.819939
0.728776
0.52125
0.835058
0.441948
0.939279
0.25886
1.00478
0.704173
0.590035
0.196752
0.653062
0.556572
1.13568
0.152716
0.403723
0.842297
0.247352
1.92108
1.60403
0.340628
0.208946
0.374369
1.63174
0.626894
0.358856
0.373274
0.435623
1.05232
0.195491
1.4115
0.511541
2.22027
0.419191
0.508224
0.889153
0.239807
0.567164
0.285897
0.839107
0.358275
0.0977504
0.459558
0.775096
0.223627
1.56332
1.91172
0.716933
0.537478
1.37326
0.942397
0.339227
0.85402
0.532299
0.752808
3.80492
1.03608
0.487033
1.82548
0.709591
0.957365
0.532093
0.983821
0.577703
0.834309
0.319643
0.797492
1.2292
1.46303
1.79021
0.813132
1.02242
2.45197
0.363326
0.380455
0.393718
0.308914
0.941004
0.266625
0.606689
0.843138
1.46142
1.88109
0.406002
0.893885
0.485792
0.3519
0.200605
0.689012
0.80855
0.560818
0.592396
0.358095
0.984454
0.779754
0.336179
0.626668
0.427514
0.689682
0.661005
0.784921
0.870898
1.02584
0.340627
0.832914
1.48079
0.473413
0.402405
0.748057
0.677997
0.566692
1.2442
0.373272
0.832225
1.20226
1.10896
0.777119
0.61452
0.307568
0.399976
0.428012
0.205605
0.707836
1.69263
0.722299
0.568545
0.509077
0.509924
0.212098
2.19158
0.401697
0.856666
0.694351
0.394831
1.47834
0.416906
0.478534
2.06386
0.973891
0.672905
0.450214
0.857964
0.552098
0.793092
0.45469
0.354732
0.856021
0.820145
1.28309
1.83725
0.71574
0.823594
0.28964
0.931652
0.364779
1.48811
0.413593
0.593401
0.943412
1.06687
0.662641
0.783969
0.912888
2.30014
0.8805
1.65572
0.19206
0.964237
0.758198
0.0803859
1.02951
0.236382
0.248634
0.900924
0.402025
0.392196
1.5849
0.620577
0.811448
0.294064
0.837708
0.430471
0.90218
2.07491
0.0913145
0.644632
0.834456
0.492715
1.75322
1.5306
1.01158
1.19921
0.692949
1.93771
1.27704
0.59624
0.344967
0.4145
0.676667
1.1628
1.43074
0.539962
1.95189
1.14243
0.839694
1.21796
1.59922
1.13885
0.420038
1.2252
0.87421
1.98786
0.506912
2.23485
0.725575
0.924258
0.189076
0.506448
0.407339
1.18578
0.959769
0.379042
1.29379
0.319614
1.18534
0.490048
0.148442
1.1523
0.400747
0.680553
0.33744
0.279413
0.823246
0.145552
0.494684
0.842782
0.505856
0.739528
0.271857
0.609864
0.865737
0.999604
0.866589
0.245806
1.21136
0.829703
0.488368
0.901951
4.42417
0.48363
1.74957
0.469639
0.849091
0.678913
0.774718
0.89076
0.342733
0.34337
0.609091
0.954486
0.607557
0.213845
0.575769
1.06301
0.815058
0.602543
0.446002
0.227639
1.03014
0.319115
0.533054
0.992743
0.198001
0.784371
0.255959
0.179741
0.634911
0.661109
1.75502
0.559166
0.425191
1.41112
1.15702
1.06816
0.661125
0.371174
0.657549
0.420264
1.8821
1.01739
0.150375
0.927685
0.709789
0.659357
0.462137
0.208853
0.332964
0.616277
1.14877
0.739053
1.0357
0.408875
2.80821
1.13499
0.522416
0.267538
0.566947
1.28474
0.238922
0.380238
1.17755
0.365664
0.870978
2.03838
0.620672
0.278785
2.21059
3.27175
0.643311
0.323064
1.05681
0.833888
1.60781
1.43094
0.394565
2.4864
0.32695
0.778641
0.798423
0.320134
0.489309
0.370677
3.45897
0.540581
1.57817
0.15652
1.40934
0.166268
1.14932
0.616637
0.482799
0.693601
1.77678
1.66053
0.212263
0.62063
1.28482
2.06212
0.899986
0.544786
0.128487
0.65261
0.956483
0.678855
0.977298
0.663734
0.448985
0.282678
1.92313
0.250929
0.587887
0.50659
0.822441
1.31104
0.463705
0.360974
2.50122
1.96819
0.455491
0.393129
0.178468
1.08838
0.352294
0.228643
0.780736
1.12842
0.265151
1.47157
0.515848
0.370097
1.24357
0.903299
0.191822
0.984876
0.342987
0.767918
0.758859
0.31266
2.241
1.70609
0.410547
0.551918
0.62174
0.693193
0.494251
0.626573
0.346658
0.4158
0.519149
0.393377
0.567682
0.295905
0.449551
0.495967
1.06901
2.06723
0.520791
0.924393
2.48075
1.69603
0.622546
0.62003
0.480154
2.13731
0.430442
0.924264
0.181455
0.877315
0.543493
1.3338
0.703525
0.142004
1.15346
1.12169
1.03519
0.0662782
0.39622
1.23897
0.339427
0.162162
0.430843
0.712585
1.19588
1.61823
0.515855
1.38159
0.899442
0.46301
1.36657
0.795968
0.529157
1.03522
0.263258
0.555073
0.406956
2.77544
0.369507
0.503954
1.02833
2.17042
1.39418
0.420881
0.346914
0.360784
0.877923
0.541632
1.29438
0.419079
0.37375
1.54257
0.549403
0.727506
0.497276
0.269421
0.866943
0.852312
0.384527
0.57703
0.610161
0.339901
0.527417
0.517038
0.549645
1.16576
0.516339
0.507925
0.789231
0.262391
1.30205
1.00263
0.388602
0.90838
0.741882
0.715113
0.32311
0.448712
0.240142
0.265439
1.048
1.62794
0.836083
2.07089
1.42592
0.498745
0.38884
0.614698
0.937282
0.96058
0.437501
0.586753
1.01133
1.09139
1.02158
1.1068
0.697231
0.287227
0.520747
1.43333
0.287095
0.3034
0.477349
1.35441
0.4594
1.1186
0.266975
2.30506
0.461976
0.457129
0.664338
1.30517
1.61134
0.479493
0.241391
0.83206
0.533873
1.0901
1.06777
1.33469
1.68043
0.545991
0.266013
0.48118
0.906209
1.54617
1.48485
2.86012
0.412865
0.459994
1.11596
1.05173
0.956511
0.364898
1.89797
0.328548
0.265438
1.58564
1.46604
0.374196
0.479808
1.16953
0.691613
0.513275
0.57359
0.288598
0.327487
0.340714
1.86257
0.641003
1.29152
1.39047
0.67959
2.21795
0.104065
1.92728
2.03974
0.56809
0.629607
1.65474
0.211531
0.4875
0.853188
1.94526
1.74284
0.459734
0.648205
0.397971
1.09777
1.20963
0.496619
0.561934
0.943332
1.25576
0.840383
0.290428
0.539492
0.448027
0.769379
0.235615
0.322757
0.950988
0.299725
0.327645
1.04133
1.96769
3.25897
0.400957
0.550249
0.24789
0.378407
0.563945
0.691672
0.191504
0.360396
0.412968
0.536786
0.464457
0.463358
0.415059
0.499452
0.323312
0.631423
0.684795
0.406104
0.594745
0.661469
0.147392
1.5022
0.391123
0.491473
1.90782
1.77448
0.18189
0.970745
0.202751
0.400725
0.393005
1.18958
0.546783
0.344681
3.07394
1.1689
0.240785
0.535331
1.40725
0.34259
0.823466
0.265808
0.388775
0.386738
0.486389
0.246925
1.74499
0.714111
0.209708
1.14505
0.634434
2.07159
0.537404
0.185736
0.281387
1.61587
0.432796
1.09598
0.493788
0.234007
1.20832
0.643386
0.62935
0.395753
0.542932
0.305596
1.32903
1.06339
0.563205
0.447295
0.525073
0.57177
0.734571
0.219794
0.335264
0.673878
0.748038
0.199519
2.01235
1.08862
1.77104
1.69717
0.124755
0.703216
0.886646
0.564321
0.328465
0.771957
0.734189
0.594304
0.85386
0.215604
0.761093
0.480535
1.10595
0.474033
1.11029
0.615676
3.74736
0.310367
0.459907
1.55413
0.263094
1.17927
0.369386
1.27713
1.32097
1.04281
0.233213
0.64393
0.210013
1.25017
0.528493
0.464079
0.487272
1.08189
0.240863
0.309139
1.77934
0.339349
0.443583
0.702289
2.25853
4.00883
0.649492
0.789164
0.767566
1.28993
0.676013
0.107345
0.676991
0.732786
0.415447
0.107075
1.30062
0.363793
2.0898
0.748029
0.762039
0.509709
0.731766
0.0864087
0.377276
0.848763
0.887735
1.9113
0.265843
1.28874
1.31581
1.16141
1.27472
0.367242
0.116568
0.290621
1.74891
1.8263
0.571914
0.984775
1.45689
2.1765
1.22929
0.379317
0.403723
0.182521
1.28935
0.991685
0.811884
0.71948
1.1926
0.456499
0.496824
1.06271
1.38317
2.11597
0.522861
0.516852
0.684502
2.90411
0.801062
1.00302
0.453645
0.661476
0.830982
0.786861
0.274167
0.638633
1.05946
0.708525
0.512357
0.448435
0.632357
1.37026
2.27334
0.555923
0.640315
0.38058
0.221086
0.969601
0.407641
0.430594
0.317395
0.785426
0.630459
0.394401
0.142918
0.386394
0.630212
0.535771
0.479685
0.240583
0.344175
1.08356
0.607792
0.157038
0.753152
2.46565
0.347301
0.668324
0.24548
0.760536
0.838002
1.75155
0.258283
0.520695
0.806579
0.427418
0.104129
0.804141
0.533802
0.549238
1.58902
0.511876
0.69572
0.406616
0.303531
1.72285
1.04209
2.74157
0.478673
1.08095
0.490899
0.91931
0.911522
0.466361
0.718318
0.530305
1.19975
1.30291
1.74002
0.225396
0.732837
0.565177
1.34166
0.409396
0.988047
0.372167
0.216139
0.496588
0.408943
1.08582
0.188383
0.517652
0.626898
0.61925
0.381542
1.07018
1.02894
0.686016
0.219108
0.224614
0.722622
0.173875
0.62069
0.763506
0.969364
1.12108
0.296073
0.54104
0.384579
0.743847
1.33774
1.00738
0.799335
0.706818
0.321064
1.48407
0.821724
0.191953
0.54288
2.08484
0.465005
0.476576
1.78276
1.50939
2.12478
0.580185
0.162655
1.34267
0.652518
2.54019
0.426302
0.725023
1.05753
0.583211
0.896812
4.34054
1.0226
2.12975
1.66628
1.431
0.586785
0.29466
0.471599
0.310543
1.71053
0.756934
1.37718
0.819326
0.373199
0.727219
0.971808
0.5557
1.06865
0.988452
0.916189
0.85179
1.06685
0.905581
0.380166
0.256137
0.332321
0.534215
1.03563
0.439856
0.741136
0.720373
1.22564
0.486934
0.534556
1.09757
0.396559
0.471173
1.07892
0.512957
0.629063
0.548372
0.784561
0.706337
0.727853
0.708287
0.811368
1.40593
0.289719
0.392955
0.772005
0.0901898
0.394322
0.998399
0.796362
1.04271
0.371267
0.259629
0.607705
0.885643
1.17744
0.931722
0.48932
0.535073
0.647751
0.194555
0.610651
0.847176
0.775896
0.240018
0.768265
0.615641
0.322522
0.519579
0.960547
2.18899
0.344159
1.09379
0.851075
0.940927
0.807928
0.310032
0.462337
0.585071
0.782059
1.04039
0.670823
0.211219
0.406338
1.49564
0.145076
0.517054
1.23983
0.495182
3.20204
0.965606
0.284846
0.53454
1.28232
1.47875
0.411597
1.13089
0.809463
0.832769
1.69535
0.498793
0.30049
0.516005
0.518495
0.437293
0.61058
0.211276
0.29389
0.589571
0.931149
0.310222
0.799749
0.450066
0.39408
0.279938
1.12345
0.993519
0.433042
0.397875
1.0157
0.890194
0.679377
0.256293
1.02627
0.504759
0.419114
0.305201
0.968919
0.254104
0.846181
1.04739
0.200077
0.304514
3.75455
0.962907
0.426297
0.546494
1.74138
0.916708
0.47605
0.175412
0.646919
0.91781
0.226003
0.669254
0.43425
0.887735
0.720241
0.99591
0.463449
0.80526
1.44873
0.445814
0.588476
0.759308
0.246413
0.36355
2.07229
0.56836
0.408569
0.23688
0.281871
0.722476
0.149675
5.70586
0.913212
0.376128
3.53394
0.627603
1.07014
0.640463
0.930415
0.234009
0.576529
0.37955
0.710061
1.15182
0.30232
1.31604
0.260669
0.510303
0.175718
0.323028
0.922163
1.71324
0.498339
0.572872
0.650766
0.392721
0.854853
0.902723
3.19743
1.18831
0.789842
0.418721
0.32463
0.307731
0.156494
3.83238
0.377488
0.423559
2.23309
0.283351
0.532389
0.593823
0.744905
1.88273
0.179519
0.685148
0.438219
0.445887
0.641097
0.942096
0.556368
1.07978
0.364261
0.628782
0.804435
0.503877
0.588615
1.34583
0.727265
1.18037
1.16332
0.864837
0.540386
0.301948
0.459237
0.366133
0.402582
1.70368
0.859844
0.16691
0.386041
1.70623
0.184554
0.633614
1.549
1.24489
1.46697
1.79885
2.19982
0.425653
0.447173
0.38869
0.681796
0.51721
0.733402
0.378963
0.312482
0.890549
0.838746
0.479734
0.63852
0.541903
0.417778
0.426473
1.06532
0.914409
0.955596
0.453281
0.394251
0.23862
0.264692
0.198294
0.606836
0.734469
0.34455
0.672723
0.367338
0.248558
0.304936
0.585759
0.679078
0.65882
1.01246
1.31353
0.491105
0.514
0.685929
0.723023
0.479616
0.526928
0.584113
1.40662
0.807914
0.471047
0.736242
1.42145
0.671063
0.206675
0.194938
0.478566
0.339068
0.772153
0.73614
1.89006
0.827917
0.410909
1.17498
0.236894
0.67866
1.1529
0.803772
1.38049
0.805543
2.69237
0.491342
0.138828
0.545048
0.66576
1.21271
0.275587
2.03092
0.453943
0.631503
0.235851
1.92171
0.427904
0.355604
0.359192
0.890211
0.613662
0.558904
0.664165
0.888845
2.09808
0.776025
1.87084
0.776483
0.284683
2.08377
0.13706
0.160148
0.498892
1.03688
0.638041
4.6624
1.2026
4.56673
0.466997
0.855019
0.646094
0.343015
0.406429
0.678911
0.464664
0.225992
4.05914
0.633516
0.324379
0.858586
0.421868
0.83528
1.29556
0.415012
1.01293
0.198865
0.187126
0.327917
0.550208
0.214801
3.22508
0.588197
3.7401
1.29312
0.931693
0.443999
0.547167
0.48722
0.827558
0.708713
1.13532
0.624706
0.431149
1.70652
1.59043
1.42128
0.799158
0.466448
1.08088
0.476301
0.786647
0.309746
0.415835
0.384884
0.58015
0.790116
0.764406
1.38786
0.997524
2.03132
0.361923
0.555678
0.728963
2.59345
0.604869
0.503772
0.742149
0.111845
0.539269
0.558667
0.856331
0.591439
0.76491
1.77082
0.343346
0.114533
0.944024
0.107329
0.474041
0.991247
1.09733
0.392258
1.33258
1.44102
1.00846
0.746543
1.0807
0.513769
1.07877
0.240734
3.40297
0.52036
0.794904
0.41929
0.918879
1.31261
0.788453
0.4435
0.613876
0.538239
0.293091
0.32065
2.79354
1.60941
0.523372
0.756681
0.800095
1.22938
1.32414
0.909234
0.772702
1.30096
0.64785
1.75581
0.782973
0.432629
1.06936
1.80755
0.378411
2.1882
0.273953
0.985035
0.200909
1.47585
0.418423
0.41543
0.612795
0.279577
1.37015
0.381928
0.279535
0.122499
0.75842
0.406151
1.24465
0.267526
0.632851
0.446498
1.02563
0.771462
0.463305
1.46375
0.252163
0.183331
2.45159
0.389884
0.63727
0.816024
0.901961
0.444816
0.345691
0.691988
0.421492
0.214409
0.48468
0.806552
2.04359
0.850424
0.494065
1.15896
0.42817
0.58283
0.979061
0.601287
0.824434
0.559936
0.32564
0.266167
1.70124
0.472689
0.203446
1.08966
0.239817
1.0891
0.407328
0.730171
0.108139
0.332618
0.793074
0.733625
0.28152
0.488594
0.760288
0.602458
0.680251
0.132134
1.65694
0.487282
0.181393
1.04142
0.541844
0.942335
0.260339
0.351862
0.817108
0.647698
0.54024
0.55937
0.451185
1.24483
0.208537
2.18167
0.164945
1.13877
0.406232
0.466445
0.199322
0.363511
1.57123
1.58688
1.1209
1.99766
0.338046
0.351023
1.22431
1.06563
1.05091
0.941533
1.30628
1.14067
1.32382
0.594315
1.86606
0.792328
0.362432
0.405287
0.47698
0.280827
0.349345
0.651537
0.395221
0.216457
0.684919
0.478839
0.673174
0.869422
0.744139
0.531603
0.158464
1.46335
0.348738
1.12009
1.18432
0.524623
2.42533
0.237466
0.267518
0.377584
0.813313
0.713343
0.412462
1.26408
0.719879
0.839013
1.64624
2.14952
1.75865
0.562193
0.12221
1.84221
1.07064
0.764029
0.192683
0.90861
0.368179
0.41446
0.14031
0.543916
0.710097
0.202127
0.215042
4.03817
0.676098
0.775548
0.729446
0.703906
0.424797
0.795926
0.261237
0.651853
0.687361
1.0184
0.713014
0.601772
0.947958
0.709486
1.05645
0.369832
1.27858
0.55499
0.957093
0.162047
0.388972
0.722162
0.526558
1.81695
0.999842
0.249071
1.03436
0.91826
1.61766
0.648092
1.8075
0.987871
1.2113
0.769966
0.783204
0.458974
0.452695
0.758901
0.512679
0.977979
1.96035
1.17717
0.76815
0.192031
0.673486
0.361407
0.622626
0.116633
0.344846
0.417487
1.0679
0.76066
0.720016
0.749007
0.697464
0.603234
0.666294
0.79592
0.105739
0.482824
0.195009
0.502402
0.870342
0.0757981
0.66395
1.48819
0.221328
0.234944
0.302406
1.01502
0.642222
1.29016
0.300171
1.1083
0.346557
0.20186
0.0760229
2.00883
0.914486
0.585625
0.639528
1.75416
1.32136
0.902939
0.925746
0.575257
0.427754
0.473135
1.4403
2.26526
0.499787
1.74472
0.389612
0.414011
1.01787
0.910087
0.628962
0.164478
0.880811
0.371395
0.962128
0.786748
0.71444
1.21985
2.53489
0.490591
0.31027
1.32572
0.664127
0.235733
1.00623
1.5427
0.15051
0.612634
0.704853
1.16173
0.247175
1.04359
1.46035
0.241656
0.406254
0.918949
0.383542
0.765599
1.76818
1.03098
0.345112
0.663817
0.611833
3.30096
0.870773
1.94041
0.550705
0.53404
0.54024
1.81564
0.925588
0.905485
0.696138
1.14941
1.44161
0.421711
0.613206
0.752447
0.64074
0.435366
1.83731
0.373388
0.588968
0.450566
0.224897
0.365102
0.269366
0.450136
0.383904
2.35223
0.769432
1.25389
5.80857
1.04594
0.663315
0.535884
0.1859
0.152664
0.641738
0.491256
0.352407
0.690537
0.5769
0.81688
0.620586
1.34687
0.430801
0.191894
0.284345
0.56949
0.668128
0.654516
0.635086
0.192889
0.733255
0.426173
0.884216
0.76119
0.385929
0.918723
1.99691
0.644409
0.408292
0.543582
0.962927
1.06696
0.388897
0.466564
1.06099
1.03355
0.218134
0.0981934
0.778489
0.466567
1.29089
0.371268
0.331352
0.474349
0.499271
0.207371
1.00373
0.876562
0.517142
0.269652
1.02225
0.686738
0.369238
1.19276
0.744806
0.474771
0.587411
0.259925
1.0984
1.33875
0.276501
0.327148
3.20414
0.386089
0.557572
0.396196
0.603461
1.06905
1.36814
0.340977
0.455433
0.500309
0.678616
0.383812
0.396593
0.829794
2.05858
0.908564
1.10038
0.80953
1.79579
0.715277
0.544881
2.22197
0.192194
0.497793
0.389179
0.224956
0.253052
1.39278
1.24794
0.473987
0.569053
0.439922
1.09161
1.56983
0.817996
0.756841
0.329918
0.66518
0.595333
0.41959
0.466915
0.65983
1.10587
2.13489
0.315195
2.12016
0.357293
0.42041
1.44142
0.569917
1.18631
1.56284
0.211608
1.06977
0.748195
1.12279
0.61804
0.777072
0.0932028
0.602819
0.597473
0.99268
0.589488
1.47198
0.419103
0.766711
1.13547
5.00014
0.492057
0.218946
0.400029
0.634713
0.303759
0.629939
1.44827
0.625861
0.363919
0.959952
0.381092
0.414339
0.413382
0.551218
0.75827
0.28062
0.69153
1.26691
0.895948
0.792277
1.90745
0.912991
0.0704252
0.250477
0.812159
0.396651
0.639739
0.622839
0.169995
0.935829
2.02623
0.194861
3.97546
0.370176
0.715436
0.588096
0.494706
0.665436
0.974622
1.27224
0.240868
0.330083
0.614602
0.810999
0.293686
0.880459
0.816272
0.453562
0.401856
1.00833
0.713073
0.688168
0.597484
0.749301
0.797162
0.414057
0.940386
0.468594
0.75305
0.12517
1.28066
0.419885
1.86262
1.05209
0.166617
0.682472
0.566973
0.717196
0.82198
1.26657
1.56013
0.606738
0.398324
0.251749
3.74201
0.253712
1.20109
0.743199
0.237146
0.62377
0.939829
1.23301
0.515702
0.38929
0.898216
0.399494
2.44894
0.452677
0.506617
2.15122
0.240795
0.902544
0.324004
0.39927
0.156616
0.712391
0.676647
1.12864
0.863303
0.884832
0.267067
0.358041
0.663746
1.93484
0.501509
0.471299
0.896746
1.77406
0.434735
0.791441
0.439426
0.744901
1.09972
0.396114
0.452378
0.113471
1.14965
0.638411
0.848852
0.832323
0.716035
0.482502
1.03377
0.462863
0.472038
0.548943
1.28505
0.729857
0.560988
0.685559
0.933754
0.652314
0.407522
0.178453
0.928216
0.358456
1.76995
1.62339
0.404185
2.22105
0.573058
2.2211
1.12115
0.11789
0.629256
0.54931
1.00247
0.238332
0.340128
2.22425
1.01273
1.39949
1.24947
2.49292
0.647301
0.425527
0.24089
0.176231
0.729248
0.534229
0.379349
1.90409
1.1569
0.599767
0.820702
0.404193
0.84027
1.2176
0.75108
1.80177
0.574784
0.554206
0.714583
0.698058
0.135904
1.46889
0.313373
0.646801
0.612956
1.58517
0.996485
1.9242
1.18071
1.3143
1.20183
0.296918
1.14922
0.520108
2.44563
1.59216
0.884549
0.0933113
1.06859
0.124023
0.203353
0.516128
0.555375
0.169161
0.262738
0.717603
0.886805
0.486526
0.493692
0.322431
1.35502
1.18695
0.696286
1.17376
1.27504
0.411056
0.610457
0.362004
0.990464
0.321555
0.252898
0.208475
0.819961
0.48756
0.737916
0.455068
0.363395
0.484612
1.17169
0.703124
0.592302
0.957899
1.10653
0.510658
0.955898
0.722844
0.27986
1.07662
0.839981
0.352235
1.10012
0.360922
0.182487
0.220084
0.151602
0.148275
0.464395
0.656845
0.75405
0.485018
0.928906
0.56661
0.946996
0.204281
0.698276
0.952234
0.700402
1.09652
0.543111
1.19508
1.24308
0.638978
0.502
0.406805
0.622929
0.555262
0.41858
0.882635
1.38216
0.68996
1.32745
0.870987
0.615649
0.995889
0.658689
1.52137
0.682583
0.24975
0.794087
1.67319
0.824426
0.911064
0.493084
1.55199
0.826576
0.849624
0.196781
1.49303
0.905705
0.944808
0.665355
1.00152
0.0589939
0.421062
2.36042
0.0395427
1.93876
0.25821
0.428671
0.992133
0.346238
0.465065
0.516353
1.35018
0.297724
0.577591
1.11065
0.506528
1.73983
0.989473
0.232529
0.442333
1.38107
0.783609
0.814528
0.831627
0.489736
0.871006
0.327999
0.595621
0.379658
1.33749
2.5796
0.542492
1.43452
0.218592
0.212864
1.17734
1.88926
0.597276
0.622459
0.392988
0.650042
0.942041
0.645933
0.664036
1.27649
0.850359
0.190194
0.365912
0.496216
0.306927
0.552915
3.58444
0.985115
1.2486
0.344561
0.66972
0.683111
0.393998
0.787019
0.360941
0.24343
1.2309
0.594173
0.912583
0.201566
0.519445
0.463138
0.732933
0.426371
0.916381
1.07132
0.305615
0.630593
0.298036
0.533766
0.337051
0.316642
0.378593
0.559549
1.59131
0.408613
0.560998
0.564782
0.675854
1.41163
2.97537
1.20109
2.15434
0.481211
1.98614
1.36775
0.683269
0.920715
1.54183
0.92338
0.577268
0.570918
0.363741
0.244562
0.527674
0.666393
2.14308
0.16009
1.84918
0.906439
0.526755
0.680689
0.274743
1.25951
1.38223
0.758294
0.342933
0.971475
0.624092
0.434029
0.482683
0.443418
1.25169
1.02156
1.30831
0.403535
1.14455
0.197871
0.275183
1.21798
0.223939
0.782514
0.414249
0.758669
0.26349
0.676199
0.713172
0.750613
0.621585
1.39582
0.515951
0.369049
0.521858
0.676357
0.812923
0.68072
0.783886
0.52072
0.515438
0.486813
0.666978
0.677395
0.410751
0.42289
1.00387
0.590123
0.373283
1.487
0.759078
1.03931
1.32655
1.12161
0.881886
0.878693
0.308828
0.224172
0.715139
0.531685
0.285434
0.918981
3.7743
0.690509
0.236006
1.34247
1.56337
0.392248
1.02839
1.06274
0.234812
1.42354
1.00024
0.450247
0.87038
0.655748
1.24841
0.232759
0.139377
1.01083
1.4662
0.271828
0.386129
0.724059
0.0695056
1.74757
1.17975
0.407186
0.0726596
0.410625
0.524174
0.860755
0.304765
1.16031
0.502354
2.29919
1.06909
1.33137
1.12931
0.597425
0.979621
0.598935
0.183377
0.813648
0.545521
0.672562
0.519964
0.454776
0.625581
0.46466
1.19323
0.349389
0.46541
0.911722
0.480318
0.253085
0.308285
0.985654
0.83641
0.735191
0.856311
1.02453
0.549378
0.992732
0.677423
0.201012
0.530667
0.869049
0.413407
0.964797
0.454696
0.137856
0.936236
0.816774
0.562683
0.163111
0.800068
0.39225
0.916371
0.736143
0.338214
1.51197
1.10304
1.28918
0.496258
0.894575
0.45981
0.568101
0.446547
1.22374
0.706839
1.02303
0.819375
0.295939
0.138348
1.45554
0.382861
0.487852
0.833111
1.05448
1.25786
0.565478
0.594508
0.961553
0.332022
0.740356
0.99186
0.0836829
0.563283
0.737782
0.992785
0.459561
0.457154
1.29388
0.483947
0.587262
0.806812
0.816796
0.736171
0.750903
1.54723
0.312882
0.567389
0.389069
0.765051
0.519919
0.433571
0.531589
0.753583
0.853559
0.154758
0.768694
0.285132
0.233086
1.30139
0.262898
0.691499
0.831508
0.772734
0.376825
0.952367
0.712465
1.25066
0.268939
0.894848
0.31162
1.02958
0.439462
1.26885
1.04836
1.35418
0.99858
0.460885
0.265896
0.511259
0.730696
0.603263
1.57585
0.189327
0.416022
0.331678
0.649032
0.938975
0.709336
1.4378
0.400776
0.816188
1.0713
0.742172
0.123783
0.622338
0.534693
0.484954
0.511778
2.39425
0.429978
0.788241
0.38434
0.496352
0.914359
1.22379
0.577876
0.515631
0.724744
1.35491
1.32285
0.848218
1.16442
0.329145
0.474113
1.17694
0.620037
0.688844
0.319589
1.06581
0.491915
0.733719
0.547936
0.677211
2.6437
1.64402
1.11949
0.300105
1.20242
0.79685
0.206552
0.908218
0.686586
0.760353
2.71531
0.471365
0.776243
0.698988
0.783063
1.05327
0.229391
0.18977
0.703434
0.576044
0.634167
1.22669
0.737082
1.15496
0.273622
0.944769
0.531438
0.552025
0.851595
0.49597
0.877065
2.49871
1.10176
0.223701
0.612858
1.31893
0.298311
0.714104
0.481189
0.664503
0.3827
0.474519
0.387144
0.363626
0.221433
0.860036
0.760585
0.681699
0.732093
1.20869
0.921335
1.53275
0.679534
2.60469
0.813389
1.18689
2.02602
0.315498
0.322129
0.773208
1.52973
1.9824
1.08409
1.08033
1.58033
0.828122
1.74122
0.472678
0.496441
0.460894
1.92023
1.03511
0.199836
0.840324
0.879075
0.349765
1.17845
1.02827
0.702545
1.74225
0.557566
0.306037
0.621498
0.365141
0.991668
0.773011
1.02771
0.231928
0.92098
1.17011
0.732754
1.25185
0.935213
0.273211
1.06928
0.88479
0.434999
1.04386
0.259857
1.88651
1.20668
1.13688
0.535213
0.87631
0.423117
0.316652
0.989635
1.02821
0.305036
0.690697
0.303968
0.652084
0.641644
2.05074
1.06617
0.729141
1.58409
0.493302
0.86968
1.21351
0.490699
0.631929
0.394628
0.531985
1.28078
0.117547
0.817538
0.908365
0.601765
1.13113
1.28795
0.153351
0.672148
0.60872
2.05615
0.506432
0.526368
0.219684
0.797831
0.791628
0.380765
0.863497
0.536744
0.309691
0.377225
0.881661
3.04997
0.361296
0.761962
0.764138
0.585039
0.269208
0.623869
3.14833
0.402034
0.225976
0.0498874
0.245982
0.306069
1.19609
1.09094
0.346885
0.519187
0.275716
1.03028
1.28412
1.65367
0.0838658
0.524977
2.38909
0.974002
0.296805
0.357246
0.360844
0.346333
0.430495
1.04318
0.150069
0.517886
0.458857
0.41845
0.514555
1.8192
1.95211
0.414677
0.454348
0.430173
1.43652
1.38784
0.905831
1.32164
0.915605
0.271333
0.719169
0.624694
1.27264
1.78187
0.167391
0.641615
0.415384
0.390601
0.203767
1.06497
0.807083
0.800165
2.16475
1.11701
0.506044
0.310295
2.01126
0.598602
0.81978
0.245368
1.39227
0.506117
1.33546
0.734273
0.693699
0.26743
0.716023
0.510941
0.350608
0.606931
1.49191
0.708044
1.5961
0.712132
0.457791
1.87043
0.422122
0.187928
0.7053
0.317876
0.467174
1.12276
0.341514
0.909359
1.04557
1.50442
0.258711
0.651353
0.351619
0.280064
1.67363
2.12532
0.269756
0.573153
0.615466
0.926379
0.0650442
0.180447
0.783532
0.386894
0.502309
0.883591
0.302402
0.738466
0.389798
1.78015
0.483329
0.537873
0.258981
0.52982
0.895917
0.18138
0.284136
0.347616
0.85795
0.428007
1.08533
0.402714
0.568374
1.32047
0.490387
0.752714
0.18424
0.469752
0.666606
1.33089
0.85621
1.38201
1.0577
0.177409
0.594565
0.54917
0.647198
0.410986
0.240508
1.34682
0.757396
1.07255
2.86093
1.25825
0.653419
0.230385
1.25657
0.945291
0.924338
0.59109
0.40046
1.06169
0.949719
0.524385
2.67187
0.53797
0.506188
0.536796
0.722977
0.840043
0.443379
0.459389
0.463049
0.454599
0.799458
0.991127
0.697507
0.449424
1.13598
0.225493
0.747613
0.204708
0.836492
0.462132
0.399045
0.282088
0.37338
2.53286
1.45877
0.162993
0.513056
0.411876
0.370665
0.817031
1.60729
0.903176
1.57241
1.3832
0.610163
0.551378
1.13576
0.779063
1.42699
0.492155
0.964117
0.129915
0.313453
0.374822
0.281009
0.421024
1.0754
0.509048
0.123665
0.430893
0.880073
0.439575
1.61087
2.1286
0.354259
0.921185
1.31947
0.221117
0.539962
0.684443
0.990518
0.921714
0.774775
0.683792
0.141664
1.53762
1.10928
0.364661
0.523242
0.892839
0.715684
0.510921
0.700023
1.97372
1.5447
1.49222
0.692504
0.587561
0.489047
0.672898
2.67991
0.758099
0.83078
0.232165
1.69354
0.546207
0.340046
0.951421
2.04676
0.593197
1.5206
0.330855
0.433621
0.99274
0.935542
0.936273
0.694142
0.296996
0.558438
1.35769
0.266861
0.146643
0.354978
0.601145
0.35914
0.169752
0.263232
0.590184
1.11507
0.350678
0.347946
0.989153
0.570491
1.56205
0.470718
0.227427
0.291714
0.64432
0.994839
0.861751
1.14345
0.364898
0.278632
0.7171
0.896193
0.198477
0.828997
0.540614
0.572664
0.581901
0.847388
0.876262
4.50514
0.840942
0.187042
1.42627
0.670861
0.290613
1.1445
0.613663
1.84911
1.11796
0.145996
2.02609
0.68333
1.00903
0.701043
0.509818
1.07891
0.933197
1.25521
0.648423
1.13935
0.719381
0.467262
1.61005
1.12894
0.665419
0.577338
0.333852
1.60231
0.826261
0.694969
0.422985
0.270238
0.919776
1.4302
0.707647
0.70448
0.219789
0.437486
1.37659
0.167636
0.530787
0.285513
0.882375
2.38429
0.53248
1.23123
1.77588
1.22495
1.36642
1.33724
0.469808
0.101721
0.580274
1.07527
1.33339
0.142169
0.754121
0.844656
0.458056
0.455974
1.01878
0.493742
0.406552
1.65459
1.11194
0.624866
1.37972
0.637649
0.223127
0.163068
1.66103
1.38564
0.676076
0.348877
0.454811
0.867803
0.510792
0.607126
0.707972
0.301323
2.01295
0.138367
0.798744
0.272181
0.852175
2.33681
0.333263
0.28444
1.30836
0.325026
0.405015
0.39169
1.79437
1.40595
1.09729
0.625306
0.669755
0.750409
0.292025
1.85578
0.220901
0.830195
1.23856
0.60943
0.526381
0.69758
0.431632
1.04572
0.11604
0.648931
0.634923
0.648089
1.28185
0.195677
0.49509
0.500645
0.582106
0.800443
0.526819
1.65058
0.280562
0.143007
1.71144
0.661203
0.650098
0.347009
0.871822
0.677387
0.122346
0.970866
0.481274
0.367687
0.947634
0.859032
2.1319
0.765884
0.383685
1.19075
0.506786
0.280504
3.47338
0.516622
1.95827
1.47686
0.332705
0.814154
0.321618
0.37422
0.810016
0.574165
0.395968
0.659095
0.847441
0.798116
0.27269
0.729431
0.237106
0.73106
0.690368
0.604989
1.1331
0.379875
0.779376
0.392019
0.436646
1.05521
0.865694
0.20336
0.681053
0.72146
2.09638
1.28605
0.852157
0.941611
1.14657
1.89466
0.985872
2.12106
0.628943
1.00009
0.486201
1.15807
0.267939
0.414575
1.40208
1.20654
1.66201
1.43111
0.417478
0.264865
0.591375
1.46795
1.48984
1.90129
0.563971
1.29287
1.09094
0.567845
0.476222
0.929573
0.585726
1.22929
0.427839
0.503398
1.97465
0.369792
0.697578
0.278953
0.501875
1.50312
0.232195
0.529781
0.25002
0.657901
0.941581
0.168717
0.355195
1.42555
1.0504
0.510998
1.35421
1.23383
0.396478
0.888694
0.218744
0.720472
0.321736
0.475975
0.766573
0.256435
0.535843
0.588115
0.952025
0.660937
0.593275
0.386309
0.360952
0.268405
0.735757
0.513104
0.346499
0.843536
0.269978
0.44865
0.786747
0.256796
0.618162
0.337077
2.1139
1.17771
0.949518
2.35334
0.222506
1.20602
0.733761
0.185141
0.972217
0.379086
0.889496
0.517578
1.13662
0.164954
0.597762
0.638914
0.147823
0.294365
2.33081
0.719429
0.394029
0.933491
0.684805
0.947555
4.19409
0.240007
0.642284
0.439883
0.39714
0.259643
0.759431
1.84272
0.405554
0.31436
0.6424
1.0954
1.28146
0.794069
0.765253
0.659901
0.535807
0.294944
0.705545
0.38047
0.49194
0.665152
0.768747
0.382589
0.642505
1.64911
0.769483
1.40597
0.516258
1.333
0.435849
0.358975
1.24073
0.340928
0.491878
0.126999
0.788665
0.448925
0.21504
0.626507
1.42422
0.464107
0.546688
0.914508
1.07181
0.453596
1.19524
1.09555
0.418986
0.255545
0.79966
0.635304
0.308225
0.925417
0.60382
0.38839
3.55587
1.17213
0.140963
1.21547
0.267635
0.686884
0.584341
0.442883
0.29666
0.436101
0.986662
0.315957
0.336206
1.13045
2.74754
0.713067
2.65598
0.467794
0.908637
0.965738
0.415402
1.41926
0.233052
0.652143
0.243177
0.527237
0.89156
0.896488
0.761113
2.19898
0.065222
0.46736
0.58665
0.488445
0.42823
0.658262
0.922638
0.410462
0.95803
0.580882
0.40079
0.391354
0.323904
0.239858
0.491254
0.827775
0.533526
0.732509
1.01851
1.24064
0.189227
0.153328
0.218031
0.386077
0.262953
0.734594
0.440767
1.72319
1.39043
1.2117
0.736707
0.370758
1.99042
1.26186
0.640441
0.785072
0.65437
0.572678
0.185759
1.06178
0.306211
1.96712
0.198539
0.398064
0.587065
0.423499
0.750865
0.247871
0.476861
0.796399
0.151724
1.16635
0.816868
0.396027
0.566452
1.22921
0.280521
0.756639
0.666281
0.581452
0.362801
0.691138
0.268373
0.239935
1.11142
0.547316
1.36611
0.595781
1.46737
0.647118
1.11822
0.427526
0.632298
0.376679
0.185982
1.34158
0.904862
0.611488
1.17046
0.490152
0.471587
0.678007
1.63549
0.442848
1.0721
0.466633
0.825529
1.11517
1.04317
0.634343
0.296942
0.328229
0.539953
0.618677
0.394465
0.946237
0.890169
0.892518
0.268857
0.353946
0.507106
0.489388
0.235924
0.636972
0.408892
0.326942
0.355111
0.468266
0.273508
0.737335
0.525273
0.662521
0.808283
0.646392
0.963688
0.496112
0.620088
1.73587
0.355833
1.03452
0.677668
0.256256
0.880417
0.734289
1.3858
0.451167
0.730952
1.54522
0.461422
0.501896
0.586583
0.408191
0.802023
0.726493
1.9204
0.891472
0.183929
1.0746
0.405565
0.39914
1.67878
0.689469
0.447036
0.201736
0.581532
0.470986
0.729822
0.394277
3.75731
1.72775
0.621692
0.42595
0.60522
1.44442
1.58862
1.10207
0.317278
1.37304
0.419422
0.586135
0.478152
0.905665
0.348612
0.559734
0.525857
1.00898
0.399017
0.514812
0.255486
0.658579
0.449269
1.21589
0.235181
1.21116
0.380796
0.39344
0.435735
1.18028
0.609025
0.239508
1.70139
1.00654
0.769495
1.33848
0.339411
0.513873
0.538208
0.66068
0.152437
0.836688
0.208849
1.45891
0.523491
0.334476
0.510667
0.859013
2.27268
0.897073
0.340347
0.66104
0.803614
0.818994
1.07558
0.351165
0.433597
0.469161
0.394604
0.640405
0.53141
1.4282
0.4361
0.384723
0.998939
2.07782
2.17836
0.760347
0.206111
0.614289
0.315181
0.552546
1.33451
0.46674
0.575045
0.221156
0.50521
0.442923
0.886469
0.577368
0.592347
0.397275
0.863503
1.03878
0.795543
1.38451
3.75306
0.345976
0.371006
0.464387
0.905749
0.518672
0.594112
0.672251
0.402643
0.514381
0.835186
0.732132
0.441878
0.954443
0.595569
4.73979
0.0883804
2.00737
0.974418
0.631217
0.387129
1.00361
1.0941
1.5174
0.261885
0.75646
0.500349
0.497418
1.21526
0.799277
0.540206
0.606625
0.287549
0.606391
0.966316
1.68709
0.478629
0.392778
0.371821
0.962901
0.702672
0.228779
4.31647
3.67788
0.989545
0.957981
1.42295
0.585435
0.634787
0.961285
0.593602
0.906378
0.190517
0.760901
1.21316
0.604775
0.359063
0.581735
0.312318
0.554725
0.725463
0.748611
0.409775
0.608829
0.465476
1.63061
0.991162
0.273754
0.596123
0.0678359
0.264962
1.01299
0.248015
0.242124
0.68958
0.648565
0.585378
0.19637
0.463389
0.808456
0.24918
0.264562
0.604098
0.979793
0.215378
0.904559
0.155518
0.211092
2.05551
1.41378
1.24512
0.409643
0.475523
1.94441
1.24918
0.306434
0.728748
1.60776
0.387744
0.832934
0.322719
0.517819
0.82558
0.864827
0.802005
2.00976
0.418624
0.253443
0.63823
0.429537
0.984713
0.741006
1.02284
1.13067
1.16128
0.533352
1.09711
0.207598
0.567344
0.823886
1.06248
0.288479
0.0866619
1.04549
0.15541
0.599225
0.461564
0.733681
0.32046
0.521414
0.1693
0.759562
1.43006
0.367469
1.95169
0.668692
0.511278
0.353043
0.753643
0.702836
1.49863
1.07071
0.760209
0.841706
1.1454
0.54259
1.84232
0.641594
0.468425
0.571267
0.698438
1.88835
0.313961
0.72623
0.876426
0.886849
0.330835
0.633099
1.00419
0.539424
0.934265
0.519905
0.318825
0.910658
3.4665
0.548345
1.33914
1.18399
1.31767
1.47143
0.691214
2.85217
1.06905
1.62672
1.15215
0.667666
1.29473
0.431909
0.228433
0.35088
0.968865
0.239156
0.647953
0.648742
0.234865
0.604142
0.407653
1.05555
1.66774
0.865203
0.191079
0.331887
1.11566
2.60668
0.747662
0.518947
0.875778
0.408442
0.249508
0.707042
0.417469
0.403264
0.740432
0.544762
0.466673
0.957016
0.26497
0.922736
0.84683
1.48553
0.608549
0.603544
0.73057
0.740735
0.195833
0.966839
1.39637
0.222789
1.13086
0.892907
2.40428
0.461662
0.919296
1.06418
1.46109
0.809028
0.407954
0.386839
0.302202
0.94183
1.03442
0.888006
0.466087
0.258659
0.647975
0.550015
0.716735
0.644296
0.863504
0.648717
0.465393
1.68831
0.504048
0.616393
0.721561
0.780983
1.93652
0.948158
0.525379
0.834682
1.88648
2.66894
1.19896
0.802195
0.541961
1.20126
0.575288
0.339482
0.617232
0.111723
0.291581
1.8937
1.06621
0.65862
0.763066
1.31376
0.325036
0.451128
0.234093
0.435063
0.267125
0.44469
0.362749
0.848444
0.680506
1.77443
1.50272
0.68943
1.30038
0.865148
1.91093
0.734613
0.417888
1.49901
1.38729
0.737613
0.852363
0.349737
2.01726
0.494959
1.20604
0.131602
1.22312
0.197695
1.21883
0.65152
1.0051
1.95451
0.125714
1.78949
1.02177
0.956731
0.29967
0.195381
0.792342
0.499519
0.879742
0.543486
0.67271
0.385016
0.594208
0.465131
0.772723
1.3057
0.799717
1.26413
0.398012
0.753338
1.56418
1.24762
0.282028
1.51373
0.140553
0.231384
0.846809
0.63278
1.96768
1.77842
1.04242
0.35707
0.695241
1.1697
0.626116
0.271239
0.932578
1.60056
1.90296
0.597703
1.01882
0.259765
0.228096
1.05923
0.519679
0.593083
0.242579
0.858436
0.394684
0.191684
0.204992
0.546345
1.449
0.948434
0.345592
0.795311
0.0678288
0.756317
1.72229
1.59348
0.481092
1.25648
0.407976
0.755232
0.872718
1.37649
0.22233
0.986576
0.170517
0.134035
1.14215
0.305852
0.524486
0.578651
0.746467
0.176214
0.868207
1.27525
1.51523
0.38042
0.750915
0.895336
0.534059
1.11812
0.494298
0.395009
1.14503
0.266413
0.289572
1.17275
0.886385
0.269344
0.748528
0.428216
0.67827
0.801496
0.453175
1.11239
0.762006
1.18027
0.72807
0.348685
0.644915
1.00935
1.38438
0.614044
0.288375
0.331466
0.123137
0.429294
1.1289
1.73249
1.39932
0.283417
0.256569
1.08282
1.61694
0.506236
0.351243
1.09595
4.00296
1.18553
0.558465
0.281851
0.972312
1.09673
1.63471
0.61
1.45984
0.632554
0.94119
1.07509
0.276972
4.28256
1.01092
0.628579
0.738568
0.444297
0.617652
0.226662
0.449879
0.850213
0.496846
1.98739
0.324314
0.74822
0.436338
0.402845
0.496332
0.442547
1.53154
0.761349
0.39025
0.867484
0.923548
0.280971
1.76929
0.944642
1.87255
0.689364
1.35144
1.04086
1.03995
1.81187
0.708669
1.6717
0.284146
2.00062
1.11009
0.708593
1.43979
0.780987
0.655066
0.393361
0.714546
1.73566
0.652806
0.80658
0.862623
1.0206
1.40927
1.08856
0.548881
1.25614
0.310515
0.269479
3.65682
0.332926
0.107208
1.32339
0.337229
0.389269
1.7015
1.38559
0.30278
1.00178
1.14287
0.388372
0.443462
2.06021
0.728498
1.96844
0.584439
0.624095
0.272291
0.817661
0.366777
0.691928
0.283161
0.373851
0.304965
0.741155
2.30276
0.720677
0.243251
0.337797
1.42885
0.533485
0.4122
0.941185
1.27382
1.00562
1.20205
0.277996
0.311072
2.07099
0.407304
0.975338
0.978459
0.549174
0.807046
0.362333
0.109373
0.516579
0.413841
0.2592
0.62609
0.816508
2.37722
0.502006
1.55102
0.57109
0.480576
0.477224
1.14448
0.584994
0.328115
0.554271
1.25904
0.655677
0.730291
1.18595
2.48515
0.363241
0.519071
0.438366
1.46753
0.925227
0.334897
0.715834
1.33105
0.660335
1.13031
0.251597
1.05125
0.674778
0.50303
0.549532
0.808026
1.44832
0.328772
0.175665
0.409713
0.768619
0.736562
0.122362
0.500708
0.258676
0.859071
0.880467
1.16992
0.860268
0.515152
0.260024
1.07591
0.640828
0.663017
1.16506
1.34804
0.860928
0.547163
0.224838
0.842359
0.2669
0.252754
1.60256
1.31319
0.537914
0.22828
1.10874
0.26323
0.97115
0.629101
1.13677
1.0405
1.30842
0.534886
0.527005
0.623864
0.41834
1.52168
0.941691
1.65978
0.197511
0.557315
0.526114
1.43265
0.25487
0.747582
1.05533
1.46892
0.378436
0.129736
0.541573
0.816651
1.14883
4.16128
1.37129
0.214893
0.198957
0.53744
0.309917
0.879027
0.324454
1.02528
0.639017
0.274446
0.347925
1.1773
0.581155
0.45923
0.977938
0.52708
1.61107
0.17048
0.527891
0.595445
0.593921
0.537836
0.687272
0.405923
0.364949
1.70395
1.01985
0.357853
1.1343
0.760586
0.307722
0.564597
0.20122
0.383873
0.1875
1.28779
2.17955
1.26221
0.723312
0.251988
0.361185
0.204663
0.0292794
0.662018
0.319055
0.491973
0.493715
2.33436
0.355068
0.872687
0.318909
0.509627
0.150174
0.948224
0.285394
0.802682
0.51564
0.607296
1.53988
0.958246
0.786412
0.466022
0.23715
0.937186
0.651217
0.71329
0.486191
0.420574
0.489933
0.519945
0.686677
0.622189
2.27489
1.38334
1.0074
0.720444
0.10875
0.496807
0.613467
0.720566
0.885499
1.05016
3.69394
0.583043
0.511688
0.928302
0.565842
0.360305
0.647027
0.972956
1.12693
1.28975
0.476874
0.7175
1.76777
0.740189
0.250249
0.931553
0.318106
0.512575
4.58716
0.704732
0.493447
1.0181
0.891295
1.18069
0.32336
0.677652
1.16598
2.10181
0.617316
0.636802
0.409268
0.455225
0.350789
0.217738
0.510578
0.370219
0.611052
0.297351
0.481884
0.837682
0.39571
0.260328
0.738058
0.612488
1.04029
1.53576
0.286481
2.62422
1.02109
0.491257
0.769159
9.9466
0.524087
0.347942
0.363887
1.61077
1.00196
0.4198
0.573443
1.07074
0.458913
0.136952
0.719258
1.01634
1.24757
0.973083
3.52656
0.281308
0.480572
0.242302
0.766512
0.816756
1.00105
0.70669
0.200298
1.57948
0.494348
0.368533
0.784516
0.177985
0.425711
1.59581
1.15452
0.65673
0.401358
0.736375
0.263107
0.824146
0.928979
2.38665
1.64332
0.591067
0.514428
1.10766
0.447307
0.987143
0.164077
0.585718
0.690266
0.870931
0.478546
0.412545
0.643535
0.52237
0.719454
0.130524
0.392562
0.91702
1.15945
0.610386
0.266205
0.53854
0.586967
0.346751
0.171908
0.483837
0.790721
0.73804
0.279795
0.844721
0.707819
0.396286
1.55368
0.639313
0.84635
1.26093
2.52276
1.6183
0.928671
0.48023
2.24444
0.576733
0.195709
0.242666
0.892023
1.08656
1.12797
1.37406
1.34124
0.405898
1.08843
0.85621
0.735261
0.802425
1.96735
0.744478
0.176758
0.232419
0.307379
4.55918
0.409124
0.610374
1.08225
0.697499
0.547688
1.46542
0.388141
0.108574
0.274139
0.92685
0.74349
0.266102
1.15822
0.690837
0.418362
1.8407
2.44352
0.163604
0.847881
1.44858
0.75714
0.19938
0.850161
0.650248
1.23177
0.789151
0.230192
0.228348
0.444017
0.654601
0.557382
0.427294
0.625708
3.33264
0.334944
0.355989
1.64332
1.54529
1.48989
0.481677
0.849494
1.29883
0.546096
0.389742
0.726088
0.605959
0.824145
1.2143
1.67876
0.354473
0.819713
0.613967
0.228028
1.14856
0.294626
1.24023
0.27337
1.17315
0.98669
0.689233
0.837776
0.687247
0.328879
0.156637
0.905229
0.22522
1.01653
1.18776
0.529783
0.655078
0.908132
0.567826
0.506465
1.28122
2.1125
0.468631
1.19128
1.40508
1.12205
1.9869
0.274925
0.394019
0.6856
0.472026
0.943313
1.1301
0.440004
1.42911
0.243961
0.684657
0.772277
0.642541
1.01532
0.369415
1.31036
1.16697
1.2309
1.1119
0.374479
1.19838
1.16717
0.120662
1.41099
0.764185
0.447674
0.340097
1.15379
0.635703
0.209364
0.700511
2.14056
1.89208
1.30234
0.548548
0.509313
0.168788
0.990266
3.64554
0.20849
0.755339
1.79745
0.727994
0.715721
0.422868
3.07553
2.47961
0.386588
0.935184
1.64737
0.919374
1.39277
0.202286
0.855339
0.490732
5.38576
3.16657
0.159007
0.284967
0.833666
0.508125
0.883937
1.31452
1.70601
0.199574
0.62592
0.852249
0.468329
0.313604
0.262869
0.893364
1.16096
0.622798
0.109225
0.381635
0.573092
0.802583
0.199383
1.02242
0.814799
0.511641
0.313967
0.816203
1.65006
0.758147
0.406276
0.546634
0.118901
0.74575
1.46792
1.22321
0.593477
1.17877
0.38371
0.293088
0.147233
0.472588
0.590949
0.890134
0.809421
0.989996
0.373531
0.364156
0.379725
1.02149
0.414276
1.13666
0.87771
0.606164
0.527949
0.3159
0.377677
0.320648
1.70833
2.84507
1.39665
1.68115
0.501108
0.460582
0.690496
0.986051
0.32542
0.601652
0.496306
0.757171
0.409412
0.339511
0.619086
0.578282
0.420494
0.403129
0.52975
0.746458
0.361784
1.45677
0.11761
0.53727
0.759049
0.570488
0.313271
0.293886
0.741728
1.06694
0.949159
0.226105
0.755809
2.01651
1.06892
0.57641
2.48337
0.988142
0.581111
0.494874
0.678107
0.0302585
0.519599
0.871014
1.00945
0.686308
0.414887
0.622753
1.23577
0.852032
0.50513
0.570775
0.457505
0.759068
1.16998
0.275912
1.33304
1.58576
0.614643
0.255618
0.367795
0.16642
0.114947
0.742997
0.402196
0.450572
0.582447
2.25948
0.933169
0.183819
0.597261
0.782949
0.386748
1.54609
0.763884
0.927946
0.85002
0.709231
0.624834
1.78927
1.01517
0.137358
1.03572
0.260288
0.560734
0.227785
1.52745
1.03165
0.312562
1.04702
0.484406
1.37002
0.576726
0.608026
1.08771
1.09039
0.691551
0.379379
1.10334
1.13206
2.1224
0.356991
1.35601
0.61358
0.418029
1.55606
0.705006
1.01154
0.175087
1.74554
2.02064
0.529603
0.283655
0.493834
0.848973
0.527595
1.20451
0.59195
1.5656
0.82358
0.950503
0.202186
0.505427
0.323097
3.02071
0.471523
0.259009
0.822446
0.217863
5.08939
1.25379
0.46832
0.369835
0.687756
0.91792
2.18921
0.549926
1.03993
0.456978
0.3199
0.684169
0.606946
0.710573
0.804938
0.99236
0.934886
0.451141
0.416748
1.97512
0.360548
0.208827
0.869737
0.952223
0.293495
1.00936
1.39971
1.01158
0.816148
3.45186
0.450088
0.651039
1.24897
0.240365
0.959762
0.410923
1.18449
4.67442
0.357682
0.643942
0.750208
0.380428
2.76082
0.23808
1.79698
0.312564
0.532287
1.28522
0.560793
0.950189
0.886651
0.258404
0.677786
0.624277
2.1025
1.0805
1.20038
0.408941
1.10428
0.314737
1.12264
0.434469
0.995088
0.40478
0.737189
0.965511
1.72349
0.315825
0.432889
0.421093
1.17069
0.335782
0.999505
0.641394
0.66003
0.277662
0.592601
0.394299
0.154162
0.132683
0.626183
0.865477
0.852877
0.227248
0.953882
0.868358
0.0434466
0.67063
0.931912
0.620852
2.28155
0.418996
1.51197
1.09959
0.586674
0.501111
0.231805
0.903643
0.578803
0.654806
0.812243
0.449248
1.06484
1.26628
0.255546
0.493106
0.814865
0.768075
0.316352
0.375091
1.27271
0.0523953
0.137742
0.443969
0.587225
0.28677
1.9141
0.529467
1.03796
1.0376
0.639854
0.540904
1.27066
0.328692
0.847154
0.375833
1.93714
0.581683
2.26147
1.73659
0.278458
0.26639
0.68848
0.621822
1.25185
0.967591
0.602752
1.10229
1.84657
0.833262
0.937969
0.360529
0.518757
0.984752
1.00768
0.426297
0.133146
0.686339
0.507763
0.829188
0.983287
0.335178
0.759095
1.24348
0.805857
0.558831
0.936527
0.35687
0.533573
2.11286
0.722888
0.0777386
1.22703
0.280869
0.601101
0.535083
0.639702
0.9161
0.46899
2.4991
1.06629
1.26624
0.460291
0.369798
0.24945
0.225315
0.577607
0.839394
1.2641
1.91242
0.404495
0.5838
0.523953
2.2434
0.516174
0.999594
0.285982
1.16208
0.323607
0.410334
0.220294
0.596728
0.287119
0.341928
0.848944
0.422568
1.62419
0.667428
0.988609
0.430665
1.31015
0.557444
0.143946
1.1396
0.970629
3.70216
2.54201
0.620796
1.26177
0.747294
0.165434
0.595645
0.140031
0.903888
0.486902
0.100926
2.3203
0.386274
0.463504
0.886971
0.426729
1.21243
0.17395
0.373121
0.399574
0.814688
2.1002
0.638725
0.996152
0.817974
0.680988
0.623673
0.621206
0.845496
0.193586
1.27273
1.1385
0.386952
0.41732
1.59093
1.37013
0.42046
0.128335
1.22622
0.329526
1.12586
0.363546
0.644759
0.746224
0.455684
0.281866
0.655858
0.153747
1.00461
0.480357
0.693207
0.393871
0.444171
0.950913
0.307857
0.421873
2.24686
2.35941
1.4898
0.520029
0.703197
0.547148
0.222628
1.58148
0.355938
0.313153
0.177902
0.789976
0.432107
0.541039
0.401655
1.47221
0.357939
0.159974
2.01886
0.597175
1.67659
0.399971
1.07387
0.651741
0.48703
0.674356
0.839791
0.7009
2.37315
0.283534
0.12094
1.49078
0.211102
1.58992
0.266503
0.739678
0.295886
0.558647
0.303845
0.333954
0.830609
0.618054
0.621808
0.502096
0.226993
0.667723
0.64155
0.250473
0.223655
1.00114
0.552644
0.320191
0.837696
0.282697
0.607211
0.295003
0.655355
0.420806
1.38342
1.07265
0.717383
0.308774
0.592162
0.768436
0.429805
0.624782
1.69145
1.03749
0.434996
0.751134
1.29007
0.317359
0.613557
3.00264
0.499117
0.171321
0.057236
0.748109
0.302115
1.04795
0.583568
0.826351
3.40713
0.432205
0.291241
2.1124
0.668251
0.756876
0.627714
0.699536
0.591824
0.186515
0.831386
1.43588
0.598448
0.430766
0.536526
0.750369
0.505606
0.59319
1.69825
1.30283
0.311124
0.657628
0.437131
0.410274
0.506837
1.90521
0.929233
0.683072
0.376536
0.641441
0.948143
0.511878
0.475931
0.900386
0.325704
0.51716
1.27389
0.441627
0.312979
0.724734
0.296695
0.388438
0.203152
1.21283
0.979776
1.5358
1.28527
0.261999
0.527893
1.42082
0.724361
0.876432
0.667491
1.08609
0.989865
1.19646
0.455928
0.930086
0.510718
0.510547
1.91227
0.86455
0.664562
0.361759
1.28065
0.417329
0.974538
1.33618
0.578825
2.90849
0.812015
2.19683
0.376012
0.670518
1.34507
0.598315
1.59495
0.786123
0.600182
1.58507
0.661584
0.374712
0.519546
0.344472
0.860545
1.69291
0.27527
0.339498
0.499009
0.383387
0.745733
0.230793
0.475376
0.711008
1.05421
0.517098
2.05957
1.03459
0.380938
0.843524
1.6386
0.290108
0.834551
1.30524
0.284078
0.201701
0.551553
1.07715
0.913946
0.243817
0.456765
0.383525
1.1778
0.58056
1.14634
0.183091
0.977023
0.614034
1.43485
0.673367
0.105926
1.70879
1.1062
0.53687
0.550363
0.787799
0.821711
0.339589
0.25474
1.08407
2.22963
0.734592
0.235401
0.262233
0.629792
0.808551
0.297862
0.528351
0.42468
2.51281
1.82629
0.889347
0.752478
0.0460747
1.72379
1.28226
0.642219
0.922443
0.618774
1.46638
0.383016
0.553108
0.623685
0.636957
0.301525
0.372506
0.204009
5.08857
0.314143
0.596777
4.01529
1.57945
0.645589
0.738908
0.536131
1.28424
0.979167
4.60678
1.64697
0.722315
0.10618
0.418356
0.635253
1.14401
0.548282
0.914425
0.702483
0.364417
0.246515
0.666245
1.19666
0.203011
0.30299
2.14352
0.795613
0.267955
0.601986
0.870817
0.576759
1.25095
0.11314
0.23855
0.2293
0.698378
0.628662
1.59708
2.98478
0.748715
1.15223
0.302341
3.19733
0.590946
1.23983
0.515756
0.416956
1.58537
1.85434
0.840993
0.688771
1.22928
0.970313
0.889222
1.00332
0.328099
0.545765
0.490524
1.3852
0.683215
0.522094
0.303923
0.666531
0.406941
0.241394
0.700232
1.06481
0.621288
1.19301
1.20216
0.343677
0.562257
2.05401
0.358536
0.803208
0.931916
1.11484
0.177858
0.161335
1.1596
0.453213
0.697063
1.53508
0.785695
1.4949
0.642246
0.825688
0.694297
0.61669
0.511941
0.283821
0.469058
0.164726
0.542305
0.846186
1.30838
0.727695
0.604894
2.05928
0.817453
0.823437
0.424243
0.954981
0.549007
0.829577
0.511917
0.80575
0.752988
0.870013
0.351957
0.244271
1.14205
0.293884
0.492849
1.48209
1.13997
0.574003
0.738603
0.135281
1.03886
0.681594
2.74925
0.292512
1.34438
1.93482
1.91153
0.529343
0.808135
1.00162
1.38062
0.328032
0.865296
0.403632
0.704826
0.402479
1.87672
0.678559
0.787254
0.263311
0.41459
0.647833
0.614629
0.585012
0.676383
1.07399
0.952131
0.487279
0.0976813
0.69684
0.759643
1.68173
1.89173
1.28263
0.354852
1.32845
0.963386
0.805287
0.123047
4.76648
0.480856
1.75417
0.568494
0.924034
0.254702
1.24653
0.269199
0.685615
1.44315
0.3681
0.690857
1.37779
0.464142
0.768219
0.553195
0.368479
1.95886
0.537542
0.564365
1.4618
1.2472
2.72882
0.207911
0.591441
0.47316
0.883793
0.649181
1.53528
0.52901
0.444473
0.889965
0.393161
0.410961
0.369846
0.590869
0.662606
0.860981
0.428889
0.782018
0.660726
0.189372
0.893712
0.684596
0.612831
1.27446
0.322326
1.1795
0.607401
0.89447
0.031492
0.800963
0.18488
0.420348
0.364
1.44919
0.608052
1.29417
0.222586
0.33822
1.3644
1.74047
0.926137
0.774896
1.12311
1.05078
0.161652
0.90182
0.229961
1.08893
0.774196
0.544691
0.319853
0.569938
0.597546
0.284006
0.0975228
0.792624
1.10207
0.248518
0.613683
0.321156
0.372757
0.288622
0.853976
0.636021
0.371639
0.338222
0.917098
0.533664
1.36397
0.862464
0.161369
0.196561
1.4533
1.1321
0.479679
0.35878
0.108413
0.671224
0.421622
0.926782
0.716102
0.686096
1.08745
0.979525
1.30902
1.23027
0.357835
0.441904
0.7219
0.904747
0.639156
2.08046
1.40376
0.859436
0.276783
0.488
0.399018
2.32566
0.266195
0.712975
0.64954
0.864665
0.669395
1.13701
0.286658
1.8196
0.420999
2.01285
0.338393
0.172692
0.936642
0.108226
0.803316
0.684495
0.121546
0.127616
0.374402
0.57678
0.593352
0.386225
1.69264
0.0740468
0.314365
0.550124
0.839032
0.848401
0.100435
0.28169
0.88297
0.812555
0.849569
0.277509
1.52834
1.1088
1.47408
0.70589
0.849788
0.674729
1.08453
0.219459
2.19968
0.606216
0.773381
0.752301
0.828412
0.687094
0.624123
0.651674
1.65014
2.6979
1.17301
1.50302
0.395359
0.371395
1.07255
1.03646
0.86759
0.594109
0.207099
1.48363
0.677797
2.3112
0.682866
0.539425
0.616913
0.395083
1.26096
0.654137
1.2501
1.27275
1.26827
0.583909
0.867718
1.29986
0.169704
1.10896
2.54624
0.24511
0.516164
0.158301
0.307713
0.852036
0.774941
1.41555
0.624719
1.13514
0.313659
2.1604
0.622873
0.512629
0.675108
0.581039
0.58024
0.582788
0.462429
0.379085
1.48034
0.149882
0.75403
0.200753
1.37147
0.72859
0.276084
0.379045
0.183782
1.57816
0.495643
0.374364
0.858191
0.603294
0.217279
0.786344
0.244726
0.578521
0.305882
0.848798
0.55243
1.62283
0.504813
1.70103
0.852097
2.37553
1.26951
0.847502
0.534364
0.86858
0.139804
0.421392
1.1536
0.537131
0.755101
0.931297
1.92939
0.668181
0.904756
0.482248
0.594972
0.331311
1.5143
0.371157
0.72804
0.583679
0.690835
0.389826
0.672558
5.18778
0.831779
1.1787
0.328224
0.916154
0.932416
1.21647
0.337814
0.299753
1.33294
1.13322
0.150356
1.50725
0.743388
1.3059
0.871606
0.695184
0.403759
0.322773
1.03877
1.00719
1.00487
0.280557
0.458472
0.826183
0.604408
0.721406
0.546583
1.31445
0.524281
0.554764
0.365929
0.686539
0.223891
0.669011
0.251254
0.178007
1.07796
0.592648
0.181542
0.249022
1.6008
0.529115
1.0446
0.346405
1.44834
0.505409
0.458735
0.762185
1.46802
0.534299
0.355245
0.575888
1.66096
0.412814
0.681022
1.0644
0.772995
0.455277
0.304468
0.674099
0.381128
0.264391
0.691888
0.68947
0.701447
1.63676
0.804402
0.798363
1.12514
0.322724
0.579829
1.17096
0.773615
0.519967
0.216301
0.425996
0.703637
1.34299
0.163272
0.738222
0.862869
0.150365
1.59758
0.173402
0.867917
0.665937
0.636409
0.740301
0.329971
1.4597
1.19691
0.343808
0.899487
0.26152
0.248743
1.23056
2.02892
0.621394
0.293685
0.378554
0.811053
0.96866
0.627196
0.573119
0.921434
0.939277
1.42592
0.209712
1.71179
1.05246
0.934611
0.83664
1.01844
0.495467
1.06483
0.386228
2.25103
0.515133
0.339163
0.519708
1.66554
0.301246
0.23901
0.668601
1.98817
0.943082
0.655993
3.81382
0.317606
0.554565
0.863305
0.14661
0.768502
3.33744
0.438557
0.46027
0.497177
0.512242
0.587025
0.851184
0.848784
0.229572
1.07915
0.319455
0.661257
0.629462
0.694915
0.328472
0.362119
0.722963
1.34274
0.568365
1.15429
0.691636
0.42546
0.382991
1.21793
1.43138
0.709943
2.58925
0.5876
0.832691
0.882615
0.406276
0.483711
0.438011
0.7576
1.50386
0.454256
0.953968
1.60749
0.470737
0.579376
0.226561
0.336799
0.351744
0.761055
0.661313
0.591742
1.06244
0.518468
1.14107
0.33948
0.194625
0.122276
0.748988
0.791556
1.08229
0.920245
1.39626
0.299022
1.35438
0.493652
0.788768
0.66555
0.191817
0.972515
3.725
0.180222
0.346305
0.869217
0.409386
0.357441
1.33466
0.223976
0.465709
0.271058
0.425659
0.318932
0.666812
1.26402
0.973258
0.634706
1.41063
0.163736
1.41781
0.233035
0.633416
0.401852
0.894663
0.562022
0.793605
0.590419
0.962458
0.195277
1.31805
0.461573
0.440595
0.746653
0.763676
1.38495
0.732256
1.23711
1.30733
0.564859
0.611913
3.06728
2.92887
1.16769
0.349637
0.306928
0.898543
0.630025
0.594746
1.23564
0.246444
0.399288
0.433
0.494597
0.836083
0.715227
0.834954
0.746779
1.30163
0.435065
0.420029
1.43879
0.402985
0.142395
2.24804
0.465861
1.18881
0.294721
0.570142
1.3014
0.302767
0.80909
0.716691
0.291226
2.11239
0.414334
0.250678
1.24398
1.51063
0.903063
0.959735
0.734205
0.892155
0.721404
0.497958
0.66308
0.781973
0.248433
0.752608
1.328
0.783433
0.0891126
0.848113
0.763235
1.15676
0.290352
0.715423
0.327987
1.02685
0.593984
0.646533
1.17865
0.464804
0.931027
0.972863
3.71363
1.1077
0.300032
0.472221
0.783692
1.11199
0.184038
0.589372
0.476812
0.806986
0.289264
2.43572
0.742648
0.402048
0.574992
0.277833
0.495685
0.363644
0.476739
0.857984
0.729507
1.35031
1.1426
0.181452
0.554624
0.878351
0.784605
0.457734
0.793139
0.430498
1.20804
0.709894
0.590598
0.0969558
0.993524
1.01966
4.19467
0.644347
0.285365
1.33493
1.93461
1.03951
0.462305
0.290543
0.307828
0.41124
1.61238
0.494986
1.0135
0.887127
0.763277
3.27813
2.12924
0.58893
1.72669
0.447576
0.222048
0.536341
0.69186
0.675298
1.97476
0.747048
0.599894
0.776789
0.967701
0.71334
0.512496
0.976513
0.481068
1.85509
0.405011
0.905343
0.52221
0.181311
0.816101
0.189049
1.92106
0.509448
0.399196
0.715828
1.32334
1.58908
0.759262
0.458901
0.326518
0.553627
0.267263
0.39135
0.881545
0.317172
1.06668
0.0395003
1.19612
3.3588
0.327165
1.18453
1.74211
0.636086
0.40383
0.431632
0.768417
0.352441
0.272756
0.443054
0.444067
0.976109
3.97922
0.460793
1.33102
1.27249
0.321453
0.517012
0.74081
1.42763
0.652365
0.745325
2.26532
1.1227
0.562353
0.579938
0.568163
0.537396
1.08593
1.17608
0.730537
0.699479
0.775574
0.812468
0.368458
0.169378
0.979266
0.536743
1.45288
0.710036
0.267174
0.419902
0.5836
1.31646
0.797397
0.468264
0.714606
0.520749
0.544224
1.2094
0.529887
0.678187
1.2083
0.191133
0.460823
0.376438
0.872826
0.638364
0.654568
0.345615
1.12254
0.73893
1.37349
0.586119
0.16902
0.834269
0.197155
0.499857
0.963538
0.586473
0.749065
0.611615
0.867473
0.491236
0.397862
0.423377
0.43343
0.745794
0.971409
0.677707
0.618154
2.35989
1.35618
0.137064
0.322663
0.673085
0.701341
1.65047
0.374579
2.16976
0.516152
1.38917
0.654109
1.63505
0.392271
0.881221
0.427755
1.32579
1.25338
1.16289
0.447607
0.290421
0.532585
0.103349
0.856393
0.564912
0.735113
0.915827
0.577129
0.534061
1.22957
0.823081
0.179406
0.345464
0.617408
0.818232
1.82128
1.24584
0.694662
0.580932
0.842289
4.48153
0.284958
1.60869
1.08119
0.523813
1.03177
0.645153
1.1329
1.28195
0.18955
1.04884
0.685742
0.281198
0.341359
0.418939
0.555332
0.446338
0.323734
0.412199
0.293323
0.531664
0.326918
0.274008
0.108004
0.13956
0.462114
0.405244
0.347062
0.173158
1.07871
0.253676
0.19868
0.485119
0.853108
0.260471
0.455984
1.81125
1.45162
0.392945
0.682854
0.591418
0.800094
0.671079
1.17147
0.492149
0.656697
0.601104
0.297375
1.22556
0.855425
1.14033
1.43042
0.737438
0.157583
1.04545
0.485592
1.04598
3.10324
2.16042
0.779625
4.2153
0.209575
0.340818
0.640556
0.54126
0.459547
0.517162
0.471397
1.9121
0.582537
1.133
1.15402
0.344842
1.05278
0.193962
0.267122
0.935064
1.89287
0.820621
1.8794
0.709765
0.318102
0.692489
0.468813
0.687813
0.768158
0.681312
1.56881
0.565251
0.361086
1.46058
1.58796
0.954394
0.587226
0.471137
1.10096
1.02649
0.258298
0.616034
0.637414
0.588563
0.323862
1.79459
0.882142
1.60693
0.256064
0.621516
0.435828
0.586641
0.723194
0.948146
1.08929
2.44249
0.884793
1.13344
0.679775
0.590919
0.466349
1.00777
0.500116
2.82151
0.541148
2.14351
0.328862
0.763413
0.619653
0.770298
1.00701
1.00704
0.882162
1.17699
1.22568
0.359302
0.544968
1.69796
1.12263
0.485922
0.635247
0.414285
0.37121
0.708887
0.952711
1.15208
0.578073
0.782063
0.548475
0.632042
1.20519
0.928253
1.38051
0.18438
0.373452
0.364221
0.550438
0.37167
1.00635
0.19367
3.44648
0.659092
0.892383
1.02845
0.299791
0.554589
1.66655
0.477511
1.82138
0.26134
1.70446
1.72886
0.809652
0.102721
0.33822
0.290229
0.869818
0.317414
0.50998
0.50851
0.515051
0.899974
0.690221
0.522876
1.05261
0.406161
0.390691
0.524207
0.360195
1.51354
0.475226
1.19999
1.11072
1.01436
0.351779
0.982219
1.10701
1.10563
0.911615
0.570182
0.153331
0.640994
0.195394
1.32984
1.09146
1.42777
0.385211
1.08054
0.173944
1.38481
0.73765
0.494023
0.31586
0.66111
0.369621
1.01394
0.491837
0.890935
0.571333
0.237988
0.709047
0.53682
0.346303
0.440796
1.16657
0.133319
0.741126
0.206865
0.331475
0.3199
0.0804673
4.79881
0.558984
1.02974
0.411336
0.145206
0.658902
0.972854
0.279283
0.598929
0.573923
1.17085
1.01326
0.527709
0.369778
0.536522
0.482016
0.341759
1.26271
0.395411
1.12114
1.35467
0.310275
0.854655
0.515122
0.502443
0.575017
0.38058
0.359844
0.508321
1.26919
0.389271
0.399949
0.520748
0.287853
1.0283
1.08126
0.924534
0.234771
0.477508
1.30802
0.757367
0.247761
0.983891
0.437634
0.150643
0.266782
1.50452
0.483126
0.518075
0.229916
1.12542
0.627959
0.965879
1.02301
0.470936
0.940184
0.598521
1.35767
0.852069
2.22181
0.550372
0.568244
1.69001
0.968702
0.545723
0.71842
0.875995
0.499643
0.298297
0.70391
0.287517
0.64023
0.654524
3.57354
0.280453
1.01407
0.835865
2.93699
0.488281
0.474157
0.363185
0.221636
0.651429
0.417054
0.692136
0.953556
0.819423
1.36605
1.18983
1.01067
0.791195
0.580325
0.575257
0.750779
0.453684
0.970896
0.385077
0.458249
0.474312
0.989842
0.804403
0.496181
0.975008
0.279716
1.36126
1.62672
0.679315
0.864073
0.870273
0.655518
0.711312
1.1677
0.502356
0.571561
2.53391
1.40462
1.15382
0.399998
0.449325
0.287648
0.369184
0.370722
0.543448
0.590783
0.593218
0.23929
1.38857
0.278116
0.670457
0.977837
2.10688
0.809122
0.623307
2.06569
0.620109
0.335146
0.456081
0.672808
0.557458
0.354937
5.45902
0.542225
0.920712
0.438596
1.77286
0.461628
0.417796
0.368158
1.00428
0.843809
0.834253
2.29538
1.04359
0.293776
1.33363
0.179128
0.408094
2.00195
0.254669
0.270493
0.404182
1.05502
1.10752
0.530701
1.35526
0.913969
0.553494
0.726932
0.481107
0.68446
1.22778
0.753392
0.929807
0.141359
0.719457
0.346047
0.721721
0.677291
0.639838
1.04769
0.254639
0.121359
0.831015
1.15465
0.867728
0.749621
0.726156
0.916014
0.369166
0.414571
0.886103
1.36109
0.393697
1.08802
0.893644
1.6769
0.715102
0.213475
0.652527
0.445657
0.790165
0.421731
1.21585
0.22629
0.333594
0.229285
0.311733
0.670361
0.767079
0.365702
0.587113
0.652388
0.265535
0.570118
0.60353
1.25633
0.27166
0.400937
1.02899
1.05442
0.732348
0.778524
0.388279
0.118749
0.247405
0.632136
0.386459
0.518857
2.3658
0.263134
0.320553
0.170731
0.663453
0.121679
1.10678
0.532696
0.133559
0.939031
0.288393
0.419134
0.458617
1.98754
1.09269
0.122783
0.843691
0.235591
0.696356
0.313018
0.272511
0.323525
1.88775
0.7516
0.595238
0.811474
0.359012
1.05293
0.587564
1.37952
2.18454
0.691227
0.808068
0.527741
0.96759
0.178056
0.417646
0.64967
2.08343
0.63973
1.25429
0.772772
0.651395
0.967918
0.315468
0.696583
3.36969
1.16394
0.665729
1.49986
0.500384
0.292323
0.203479
0.30959
0.602171
0.678593
0.765838
0.572379
1.09169
0.182143
0.720445
0.681242
0.790829
1.47428
0.596744
0.55809
0.500417
0.540258
0.394122
0.235098
0.977859
0.520042
0.222664
1.58462
0.276547
0.944364
0.376171
0.557155
1.18111
0.362784
0.387831
1.79353
1.28175
0.692188
0.633036
0.675981
0.635988
0.517795
1.66566
0.243307
0.60453
0.408025
0.735741
0.625368
0.385491
0.452074
1.76668
0.237251
0.828764
0.288074
0.949344
0.734705
0.708762
0.738615
0.712271
0.504942
0.661032
0.75095
0.834246
0.626045
1.43648
1.19436
0.520148
1.5747
0.197075
1.22771
0.415707
1.21273
0.793194
0.93716
0.420562
1.36911
0.279498
0.669279
0.481792
0.267574
0.187736
1.44852
0.109287
0.478457
0.607548
0.220133
0.443839
0.487622
0.783693
1.91839
1.08084
0.962399
0.577422
1.52661
0.516756
0.714932
1.19922
0.243767
0.33745
0.516225
1.25259
0.917649
0.40482
1.23317
0.927909
0.126033
0.192297
0.510009
1.01616
0.906648
1.10195
1.17909
0.833655
2.66223
0.825497
1.08171
0.504211
0.916195
0.366451
0.686338
0.448219
1.13837
0.662715
1.02423
0.286953
0.86369
0.659402
0.684419
0.609332
0.749938
0.456649
0.867909
0.248994
0.47426
0.9579
1.10006
0.537657
0.725845
0.205047
0.563265
0.461008
0.82349
0.281438
0.246583
0.475758
1.13837
1.61077
0.201916
0.647763
1.12321
0.314232
1.96644
2.78798
1.13646
0.774048
4.38869
0.388758
0.320697
0.474955
0.484553
0.525724
0.677446
1.03555
0.430249
2.20908
1.04597
0.982235
2.42127
0.730206
1.63065
0.402035
0.932497
1.0789
0.540325
0.97471
0.777124
0.26387
1.19844
1.1754
0.290112
0.616126
1.15158
0.521105
0.587862
0.620552
0.154635
0.186422
0.309839
0.21253
0.627102
1.86304
0.825701
2.40172
0.547339
0.379194
0.6111
1.14085
0.634818
2.36764
0.719573
0.541206
0.263057
0.91846
1.46808
0.914597
0.333889
1.15556
0.33049
1.43755
1.54061
0.334604
0.296659
0.770817
0.210119
1.72769
1.04268
1.75525
0.73068
0.409281
0.22757
0.629279
1.22817
0.897765
0.275456
0.29942
0.55643
0.10888
0.95025
0.237435
0.21103
0.953266
1.33947
0.64462
0.451384
0.432068
1.54739
0.520958
1.3325
0.165247
1.33937
0.669445
0.423877
0.604763
0.329256
0.950586
0.563885
1.89907
0.813598
0.553625
0.636886
0.57551
0.384706
1.33363
0.200186
0.384747
0.225511
2.14042
0.989108
0.807912
0.714332
0.858214
1.41772
0.597627
0.226092
0.0977707
0.795845
0.213308
0.274394
0.689803
2.18258
0.785194
0.966772
0.299467
0.525958
1.24965
0.359765
0.540461
0.792514
0.26006
0.545388
1.41528
0.952571
1.77486
1.24232
0.228487
1.00537
0.487691
0.495969
0.755261
0.488896
1.06594
1.02076
0.208654
0.382347
1.50118
0.692524
0.647129
1.26457
0.965016
1.09153
0.350975
0.660789
3.89365
0.674795
0.0791707
0.554025
0.701431
0.678072
0.437325
1.39249
1.23174
3.6919
0.35787
1.81504
1.78364
0.839501
0.701953
1.50345
0.683484
0.573383
0.450523
0.459802
0.708493
0.321144
1.25669
1.48344
0.816354
0.517289
1.40204
1.55704
0.542665
0.40044
0.332842
1.04251
0.848633
0.390732
2.47593
0.817289
1.43118
1.72884
0.963327
0.506432
0.594682
0.631353
0.446795
0.589056
1.31524
0.79209
0.410138
0.919366
0.696375
0.346344
0.927665
0.758183
0.399349
0.269718
0.251842
0.638426
1.37147
0.987346
0.360113
0.307202
0.554711
0.748198
0.305693
2.06649
1.32409
1.18884
0.420466
0.25832
0.827035
0.930045
0.87858
0.321003
0.876172
0.85489
0.347374
1.31681
0.246412
2.11533
0.62991
0.788005
1.18827
0.598968
0.281849
0.630104
0.459129
0.968816
0.783539
0.905061
0.561058
0.110983
1.72132
0.386029
0.784779
0.102413
0.306627
1.4062
0.738376
0.565043
1.78007
0.431378
0.385436
0.421223
1.34068
0.682493
1.5751
0.802376
0.672343
0.624514
0.380863
3.45723
1.04545
3.18701
0.744487
0.989759
2.61952
1.07331
4.12641
1.53997
0.720537
0.703044
0.246609
0.90173
0.530578
0.23025
0.992669
1.42752
0.591188
0.679871
0.705896
2.0602
0.410959
0.8623
0.813086
0.465507
1.38527
0.193758
0.608741
1.26844
0.172587
1.7051
0.606555
1.85337
0.733268
1.33416
2.0343
0.470714
1.32082
0.698519
0.679501
0.978408
0.256714
0.494354
0.420224
0.866397
0.60184
0.896892
1.1972
0.762601
0.559924
0.524197
0.473409
0.687735
0.193451
0.862974
0.498131
0.276462
2.78873
0.325069
0.577346
0.645561
0.446453
1.19779
0.727429
2.01915
0.324312
1.90136
0.680945
0.384933
0.968152
0.554929
0.340095
1.31316
2.11843
0.817171
0.545272
0.683964
1.47538
0.657811
0.685202
1.43249
1.05728
0.781966
1.31099
0.541106
0.979122
0.544525
0.691441
0.799471
0.262507
0.448214
0.422483
0.519318
1.19826
0.424338
0.666026
0.595343
0.564412
1.12426
0.793229
0.827618
0.410793
0.693929
2.71152
0.420688
1.48993
0.58317
1.36621
0.464106
1.80586
0.423176
0.241052
0.925805
0.34494
0.692022
0.725709
1.14286
0.654889
1.1774
2.38763
0.723321
0.458671
0.452579
0.253306
0.481828
0.316212
1.04681
0.143899
0.242452
0.176688
0.323291
1.57472
0.305012
0.797231
0.222623
0.73456
0.537739
1.2371
0.677257
0.795696
2.06105
2.658
0.883071
1.03211
0.446276
0.790148
0.733582
0.701686
0.994649
1.09218
1.47382
0.278565
1.45259
0.411844
1.43308
0.182342
0.327935
0.127637
0.688349
0.601541
1.00537
0.353963
0.558963
0.663781
1.3504
0.719341
0.447537
0.729796
0.388967
0.530082
0.686403
0.125708
1.31299
1.44607
3.69072
0.714147
1.09618
0.721109
0.786219
1.16732
0.423377
0.37903
0.492887
2.25442
0.992943
0.586687
0.267145
0.66268
0.522529
0.175349
0.985114
5.63082
0.62495
0.890968
1.33854
0.366616
0.373916
0.366005
0.734014
3.46195
0.715176
0.153268
2.41666
1.0033
0.962456
0.707485
1.04815
1.29475
0.39763
0.444406
0.726563
1.17499
0.747326
2.05183
0.57534
0.425692
0.378346
1.69408
0.452291
1.00839
0.668349
1.87159
0.208807
0.489406
0.201087
0.620183
0.436738
0.45314
0.706653
0.910069
0.638029
0.173933
0.691157
2.30999
0.982709
1.4432
0.533506
0.825727
1.3156
0.335579
0.249274
0.0999659
0.556901
0.279899
0.514693
0.23318
0.426984
0.718173
0.108435
0.376965
0.285478
0.675324
1.69707
0.436693
1.3423
2.03567
0.875262
2.07863
1.07929
0.576691
0.556363
0.610977
0.38481
0.813324
0.487439
1.35817
0.258392
0.328308
0.374183
0.230439
1.05284
0.244176
0.169115
2.15187
0.32242
0.486547
0.572272
0.195184
0.355684
1.22171
0.291422
0.159922
1.10087
1.64733
1.3884
0.408664
1.80954
0.617923
0.155366
0.249676
0.269359
0.61596
1.10346
0.929634
0.682461
0.763081
0.367927
0.799888
0.918214
0.239202
0.136789
0.445563
0.413075
1.15162
0.515574
0.51326
0.615089
0.813931
0.534777
0.297936
0.269271
0.639265
0.890793
0.47164
1.34636
0.940771
1.28187
0.623658
0.438607
0.306737
0.359704
0.708506
1.10683
1.06313
1.02462
0.351855
1.39146
0.788622
0.293656
0.373853
0.543096
0.324471
0.627767
0.533627
1.32952
1.06125
1.10301
0.864604
0.138469
1.64154
2.0749
0.276746
0.213241
0.43926
0.635814
2.00794
0.431187
0.775214
0.712897
0.675147
0.534538
0.75744
0.757947
0.622409
0.351497
1.02911
0.710087
0.72778
1.26229
0.783855
0.787829
0.817834
0.767446
0.45231
0.42057
0.948962
0.210926
1.12889
0.443553
1.18477
0.532655
0.815694
0.245615
0.453054
0.393923
1.06576
1.26684
1.14702
0.645275
0.564985
0.321219
0.215137
1.3004
1.75272
0.359767
1.48545
1.01948
0.575344
0.782456
0.602169
0.170629
0.301266
1.34249
1.25083
0.0981843
0.973743
0.967748
0.196319
0.907813
0.682665
0.338739
0.901272
1.79513
0.662077
0.423282
0.379186
0.48799
0.110969
0.63725
0.283636
0.116728
0.797926
0.262503
0.807215
0.669637
1.47842
0.219643
0.373375
1.63412
0.277177
1.11528
0.243492
0.0748242
0.44252
0.780608
1.42321
0.641111
0.659689
0.85772
0.584519
0.610221
0.689684
0.593037
0.152801
0.312729
0.383299
1.02731
0.627909
0.752861
0.583479
0.578172
0.36701
0.495729
1.14478
1.11969
0.454755
0.625138
0.78974
0.630697
0.570964
0.496465
1.10783
0.394233
0.395799
0.971893
0.0854182
1.30645
1.92101
0.355903
0.144935
1.05842
1.12616
0.415819
0.657759
1.13622
0.629912
0.693072
0.574647
0.363086
0.34095
1.51667
1.88235
0.289395
0.55579
0.811062
0.538384
1.20481
0.261465
1.72107
0.475649
1.01405
0.439434
0.176219
0.460734
0.125103
0.135442
0.414058
0.497432
0.263628
1.25339
0.654826
0.431003
1.19614
1.74903
1.18233
0.207501
0.876432
0.234675
1.38325
0.572434
0.402772
0.229575
0.356481
1.32643
1.27564
0.138595
0.396036
0.625892
0.361895
1.2114
0.516367
1.07111
0.732685
0.926163
0.662
0.928199
0.698937
0.414611
0.286557
0.824544
0.330823
0.18725
0.487372
1.8698
0.345871
1.2935
1.06214
0.579058
0.561363
0.381641
0.737215
0.438896
0.676496
0.414785
1.09276
0.208328
0.51188
0.310377
0.393058
0.632489
1.81729
0.522084
0.501586
0.836921
0.616934
0.379611
0.710256
2.47335
0.968091
0.299103
0.336487
0.801954
0.653472
1.03163
0.868587
0.351426
1.18687
0.856757
0.221687
0.21568
0.892023
0.15376
0.620139
0.973729
0.11573
0.337495
1.13041
0.173368
0.812709
2.13563
1.01789
0.556172
0.287802
1.81931
0.455498
1.02776
0.649869
1.22917
0.478642
0.251753
0.525899
0.39564
1.12761
0.793289
0.122171
0.419748
0.737103
0.718281
0.928147
0.900395
0.948092
0.323768
1.44221
0.348512
1.4411
0.977951
0.524556
0.470976
0.173762
0.265138
1.38692
1.03645
0.597874
1.06493
1.10859
1.14319
0.931131
0.254003
0.531626
1.25011
0.830005
0.2294
1.40078
2.14876
0.715164
1.28734
0.625372
2.1551
0.142654
0.390482
0.426681
1.49736
0.20702
1.16146
0.601965
0.0928536
0.826048
0.461732
0.384261
0.640586
0.343943
0.512739
1.09468
0.791376
0.810203
0.824789
0.349428
0.287253
0.484228
1.01562
0.582994
0.686642
2.02541
1.79003
2.09063
1.68938
0.741746
0.724852
0.436571
0.326137
0.277688
0.710062
0.7263
0.644379
0.237651
0.371114
0.476443
0.818963
0.992296
0.550312
0.609464
0.210934
1.05272
2.01041
0.716647
0.544763
1.91175
0.296635
0.444094
0.875803
1.16772
0.64791
0.185648
0.464231
1.02307
0.684348
0.398346
3.24839
0.689264
0.467401
0.584133
0.157574
1.17768
0.584804
0.493286
0.580489
0.51769
0.566231
0.854792
0.607603
0.802558
1.06027
0.685889
0.179893
0.754252
1.01475
0.619116
0.623472
0.117228
0.310779
0.605305
1.89362
1.29251
1.44758
0.956102
0.778151
0.256401
0.531625
0.691218
0.569067
0.410807
0.416088
0.442876
0.099985
0.392427
1.84752
0.305357
0.743356
0.630369
1.64232
0.63412
0.175531
1.13827
0.436216
0.381031
0.87811
1.58694
0.537891
1.52124
0.645244
0.189422
0.722079
0.430313
0.208405
0.454071
1.09029
0.223978
0.937357
0.80858
0.695485
2.35439
1.08787
0.585136
0.465714
0.504485
0.359086
0.712195
0.721732
0.581084
0.471682
1.69786
0.696991
0.166242
2.38298
0.524131
1.00268
2.80557
1.21751
1.44834
0.39552
1.2476
0.609743
0.584286
0.53929
0.303942
0.960767
1.46821
0.494926
0.270552
1.36993
0.684936
1.56729
0.450883
0.55108
2.52223
1.01728
0.276043
0.38425
0.273458
0.572466
0.29757
2.12328
1.2203
0.757911
0.529215
0.158274
2.24604
1.22844
1.20461
5.41363
0.459082
0.428028
0.331346
0.962172
0.681206
2.56909
0.887856
0.909297
0.318379
1.56886
0.644936
0.691846
1.09247
0.459065
1.02641
0.321606
1.64914
0.409117
0.555974
0.359152
0.527463
1.29975
0.328034
0.785534
1.37606
0.649516
0.394173
2.44295
0.971471
0.414692
0.287327
3.27021
1.91647
1.09107
0.808937
0.403177
0.626842
0.669549
0.542521
0.747297
0.690498
2.23734
2.42477
0.10496
0.312885
0.846727
2.23228
0.984397
0.689166
0.67559
0.265597
0.43311
1.17598
0.402256
0.198692
2.36624
0.796361
0.561956
0.783664
0.731011
1.23099
0.323533
0.614553
0.386009
0.441196
0.170809
0.715731
0.407235
0.585286
1.6217
0.322442
0.785214
0.221379
1.09862
0.708815
1.8122
1.35003
0.589847
0.436279
0.549955
1.39598
0.648325
0.710986
0.611562
1.70641
0.58384
1.18381
0.390629
0.334052
0.269812
1.05546
0.605045
0.242825
1.69009
1.04502
0.994395
1.25574
0.715638
0.449336
0.518621
2.6618
0.272146
0.452851
0.596784
0.598626
0.457039
1.69395
2.42561
0.952542
0.487972
0.480756
0.370335
1.36082
0.795949
0.558321
1.21228
0.954059
0.634614
0.372084
2.24035
0.131015
0.573999
2.01699
0.361192
0.805395
0.984915
0.631468
0.332889
0.288782
0.991259
0.461251
1.22903
0.695762
0.555923
0.390209
0.990924
1.11287
0.640581
0.907111
2.32035
1.29827
0.613154
1.50865
0.41911
2.49994
0.53866
0.341092
0.642397
0.361631
0.409623
0.310079
1.49271
0.715267
0.883849
0.176395
0.433634
0.359031
0.944433
0.182322
2.05176
0.417303
0.517871
0.221525
0.822725
0.854531
0.78188
0.866455
0.386065
1.03978
0.228939
1.0709
0.458383
0.198716
0.405396
1.75049
0.988416
0.44298
0.344122
1.35785
0.475541
0.200323
0.494666
1.03705
1.26524
0.697795
0.340304
0.66724
0.419472
0.445519
0.850339
1.94514
0.613579
0.163937
0.336138
1.18987
1.17011
0.784066
0.566598
0.381879
0.325828
0.678914
0.461161
0.707807
1.36402
0.215395
0.740689
0.871248
0.650811
1.67796
0.396464
1.88568
0.774539
0.772584
0.660612
0.786616
0.232134
0.563049
0.783098
0.28295
0.378969
1.3759
0.176973
0.94588
0.327032
3.88494
0.768328
0.560779
0.309672
0.500697
0.665717
0.279136
0.210694
0.698371
1.11332
1.64124
0.54068
1.04586
0.681129
0.912213
0.486373
0.363814
0.795307
2.90677
0.77488
1.02356
0.704274
0.618698
0.981094
0.787546
0.859312
0.376584
0.849864
1.11097
0.856713
0.968132
0.407731
0.50837
0.843041
0.383136
0.508941
0.56983
0.527613
0.875663
1.1296
0.702038
1.37861
0.557025
0.958556
0.924239
0.157833
0.206941
0.725414
0.469564
1.22131
0.997425
0.313261
0.610482
0.55756
0.379581
0.0568723
2.05839
0.389257
0.706121
0.59061
0.491226
0.61635
0.474383
0.708602
0.622185
0.59864
1.047
0.484382
1.87148
0.778216
1.20157
0.60358
1.05836
1.04889
0.931069
1.16977
1.1324
0.324319
0.804407
0.417466
0.279668
0.568825
1.87756
0.520295
0.896595
0.691567
0.756204
2.14226
0.380128
0.581227
1.09291
1.23967
0.434664
0.714929
0.389248
0.532362
0.806745
1.13087
0.691455
0.472632
1.10947
0.771956
0.240321
0.131025
0.762666
2.05265
1.45686
0.846888
0.432917
0.31624
0.447714
0.215537
0.479448
0.849305
0.771049
0.214289
0.766484
0.558427
0.959951
0.321033
1.56036
0.268628
0.134814
0.599919
0.255824
5.02016
0.373278
1.19664
0.497805
0.974852
0.224775
0.637531
1.5205
0.974252
2.60245
0.403289
0.644469
1.35171
0.194752
0.814018
0.502672
0.520669
0.14647
0.220173
0.731279
0.698752
0.330816
0.366335
0.249301
1.06095
1.26577
0.317786
0.727941
1.11962
0.380527
0.732605
0.422722
0.0888821
0.782157
0.370659
1.56748
0.666624
0.390645
1.15722
0.749234
0.896966
0.839096
0.503035
2.05736
0.744032
0.261006
0.890521
0.542501
0.953253
0.894486
0.392001
0.6638
1.12163
0.682923
0.280977
1.12249
1.21809
0.494455
1.24489
0.375573
0.116994
0.37669
0.625638
0.345566
0.225689
0.250317
0.249779
0.4599
1.25074
1.98464
0.782232
0.398127
0.423783
0.868193
0.843211
0.574138
1.44674
0.548699
0.176077
0.886055
0.495392
0.50023
0.456656
0.252292
2.18977
0.450719
2.36265
0.36368
0.338815
0.964358
0.639069
0.173306
0.180408
0.503978
1.48659
1.46414
0.640962
3.20923
0.498328
4.0519
0.530755
0.827101
0.299865
0.156555
0.362596
0.935652
0.439699
0.646963
0.431033
0.362733
0.957009
1.24863
0.696318
1.67606
0.475774
1.88467
1.77757
1.28069
0.416621
0.192058
0.810711
1.08045
0.61359
0.694237
0.638062
0.592107
2.37191
1.22778
1.54135
1.85477
0.240375
1.26862
0.452807
0.612836
1.06996
0.420481
1.96741
0.370571
0.886697
0.218211
1.08267
1.53048
1.44953
0.325808
0.649709
0.404654
0.738727
1.12309
1.20171
1.31865
0.650141
0.713937
1.20437
1.50413
0.492819
0.999948
0.867994
0.200465
1.104
0.599819
1.07947
0.834453
0.886517
1.0853
0.381703
0.537878
0.461708
0.373519
0.377096
0.928872
0.748449
4.09439
0.645471
0.395025
0.680853
0.208799
2.08647
1.67355
1.6358
0.216387
0.809647
0.309801
0.341851
1.15417
0.804893
0.745156
0.869499
0.204504
0.464672
1.08433
0.340481
0.905383
1.21064
0.0992992
0.349344
0.651424
0.363846
0.831502
1.16185
1.21782
0.703423
0.840587
0.581419
0.386652
0.692255
0.396135
0.728814
0.316428
0.90239
0.389278
1.2134
0.60786
0.945113
0.569731
0.90672
1.92959
1.33028
0.699812
1.01612
0.477059
1.54485
1.37826
2.20403
0.262691
1.92202
0.52215
0.351378
0.190481
0.928336
0.230757
0.881561
0.731266
0.369117
0.148632
1.92841
0.564866
0.0832655
0.550357
0.337643
0.211914
0.59412
0.781759
0.267506
1.3346
0.394105
0.441483
0.662045
0.434
0.249538
0.947553
0.60469
0.354716
0.209291
0.972606
0.862297
0.636537
0.411778
0.365662
1.01445
0.64348
0.483548
0.633981
0.695872
3.39362
1.68054
0.154732
0.331845
0.437523
0.595822
1.43289
0.405611
1.1886
0.732804
0.83684
0.354164
0.447392
0.606731
0.313359
1.93426
0.524783
1.64914
0.401233
0.998874
1.00008
2.10903
0.836813
0.722013
1.77042
0.932116
1.06604
0.417772
0.226749
0.398042
1.78044
0.827804
0.802247
1.24887
0.584089
0.636598
1.97393
0.150285
0.354789
0.890326
0.855281
0.437349
1.14738
0.853923
0.787263
0.246578
0.257644
0.444485
0.899739
0.125052
0.184977
0.495694
0.471334
0.514058
0.302308
0.626097
0.139792
0.982478
1.64096
0.519522
0.515658
0.412046
1.38715
0.442311
1.23575
0.176013
0.67606
0.43112
0.37411
0.867966
0.249266
1.64572
0.820658
1.11398
0.511347
0.514031
0.299238
0.983318
1.90509
0.692609
0.413637
2.18195
0.343179
0.526637
0.79171
0.987727
0.193249
0.3447
0.867719
0.492709
3.61203
0.977289
0.385862
0.70729
0.262999
1.60816
0.38066
2.03806
0.694958
0.436339
0.84445
0.784872
0.932863
0.0643207
0.446018
0.700409
0.262931
0.485248
0.133865
0.566026
0.312414
0.741287
1.37034
0.408133
0.940803
0.483238
1.17774
1.13326
0.552014
0.704798
0.410491
1.21635
0.682672
0.294782
0.316123
1.51009
1.73673
0.474899
0.324689
0.36429
0.331801
0.466792
0.753468
0.808623
1.73165
0.721309
1.04693
1.05406
0.901709
0.282339
0.959281
0.669673
0.807357
0.80773
0.466842
1.35299
0.0844747
0.509034
0.103331
0.59149
1.27387
0.462787
1.58404
1.71842
0.915545
1.19907
0.43135
0.428622
0.396859
0.910274
0.429136
1.04813
0.32799
0.401072
0.49472
2.10822
0.400599
0.0803101
0.549103
0.633597
0.284108
0.205926
0.95933
1.52448
0.905784
0.677099
0.924516
1.39119
0.445233
0.72775
0.694117
0.968041
0.270494
1.17152
0.737324
0.669425
0.436689
0.55853
0.680947
0.663761
0.162947
0.952071
0.936485
0.455171
1.20191
0.245533
0.585635
0.419231
0.239472
0.914094
0.749368
0.134346
0.59989
0.715917
0.557791
1.08036
0.418326
0.264543
0.283842
0.317804
1.6066
0.403183
0.24089
0.42405
0.467277
0.629891
0.939223
0.830724
0.545302
0.722051
1.07262
0.36429
0.325373
0.627113
1.00282
0.85685
1.02567
1.79802
0.617842
0.28266
0.875898
0.599696
0.811695
2.28623
0.527746
4.23628
0.553169
0.5522
0.695364
1.73379
0.603816
1.45566
0.15175
1.00702
0.237634
0.374107
1.77238
2.07186
0.948147
0.568714
1.73166
0.919172
0.419449
1.14953
0.888027
0.446022
0.365995
1.66203
0.53248
0.994164
0.36708
0.620728
0.364629
0.837087
0.748081
1.08224
0.770102
1.57622
0.65537
0.960284
0.547977
0.64621
0.273884
0.402712
0.503022
1.15557
0.142513
0.478398
0.46504
0.79041
0.37145
0.276154
2.22518
0.436339
0.754656
1.09791
0.388056
0.374104
0.949004
0.302399
0.71182
0.98501
0.325241
0.274482
0.62793
1.13139
0.41252
0.775284
0.744662
0.159774
1.52604
0.365342
0.516828
0.858954
0.186551
0.704044
0.731409
0.525963
0.464481
0.495334
0.712058
0.440387
0.143427
3.06891
0.481786
0.564631
1.45863
0.566893
4.33156
0.489742
0.604836
0.197914
0.490203
0.500801
0.588342
1.33346
1.45686
0.467874
0.28871
1.33373
0.616252
0.84988
0.636123
2.05626
0.903451
1.2685
0.192573
1.92961
1.91116
0.953991
0.889895
1.26462
0.451649
0.399314
0.435948
0.759511
1.09562
1.24632
0.454631
0.629469
2.10884
0.708107
0.567539
0.448569
1.75131
0.575196
0.307474
0.626729
0.270424
0.981422
2.1005
0.469888
1.51178
1.22449
0.596674
1.47846
0.751372
0.331236
2.02089
0.572388
0.871575
0.526892
0.613077
1.26229
0.547808
1.49053
0.56657
1.0787
0.50166
0.990004
0.35349
0.391038
0.537328
0.579943
0.601383
0.308585
0.600182
0.881558
0.530121
0.742365
1.24156
0.76586
1.93013
0.851073
0.446788
1.19241
0.564418
1.7158
0.945428
0.696667
0.51074
2.08571
0.640932
0.406663
0.402544
0.811264
0.475886
1.82031
0.359223
1.17963
0.78166
0.301589
0.94615
0.468438
0.322067
0.609822
0.200144
0.355629
0.544677
1.09619
1.00025
0.790621
0.473834
0.480349
0.678349
0.177754
0.535762
1.98041
0.519463
0.492791
2.12988
0.275338
1.56324
0.548466
0.219376
0.944582
0.364489
0.471826
1.04697
0.43117
0.686405
0.46742
0.27585
0.65249
0.642907
1.07308
0.430908
0.178903
1.27916
0.944915
1.31399
1.66104
0.572087
0.972798
0.148736
1.15554
0.557481
2.0268
0.800641
1.26259
0.38541
0.845097
0.92904
0.463025
0.535577
0.387461
0.627956
0.632243
0.380704
0.244068
0.202009
0.331909
3.86865
1.90684
1.39103
1.03021
0.399756
0.680238
0.56695
0.471499
0.53168
0.623013
1.21366
2.96301
0.890056
0.160643
1.02961
0.385577
0.311804
0.558378
0.35017
1.03801
0.737293
0.335861
0.462269
0.416945
0.765854
0.683746
1.21864
0.873017
0.903655
2.64982
0.644288
0.652177
2.34017
0.404553
0.39975
0.340495
1.88252
0.367835
0.850417
0.75302
0.712187
0.544705
1.13481
0.434056
0.315838
0.995596
1.49277
0.310546
0.77359
0.100228
0.817245
1.54657
0.586502
0.421
1.23103
0.683421
0.373623
0.522795
0.653278
0.740955
0.631523
0.712696
0.958492
1.95465
0.477717
0.723489
1.37334
1.33005
0.372353
