3.01485
0.553525
0.576267
0.426199
0.779116
0.339319
1.01207
0.970774
0.303363
0.57613
0.83032
0.427138
0.735254
0.595941
0.973129
0.762072
0.410512
3.0778
0.375422
0.763653
0.545109
0.536254
0.731593
0.524377
0.509835
0.13162
0.490921
0.500958
1.00625
0.229406
0.193321
0.478635
0.295132
0.161466
0.72518
0.612044
0.703915
1.798
0.123058
0.385216
0.588126
0.468009
0.299917
1.01959
0.86348
1.24968
1.064
0.209082
1.01099
0.307867
0.681129
1.14278
0.668943
0.375605
0.831342
1.38644
0.2205
0.732712
2.96969
0.97118
0.474401
0.307239
0.5954
1.80336
0.450224
0.917411
0.853037
0.832522
0.717986
0.486821
0.567355
0.192338
0.435105
1.45762
0.421992
0.623456
0.972708
0.951479
0.542042
0.295842
0.585933
0.502134
0.335715
1.52871
0.575109
0.201738
0.612034
0.275519
1.0446
0.592268
0.236332
0.439223
3.00885
0.79959
0.323365
0.793187
0.245347
0.437107
1.29272
0.364091
3.30007
0.478305
1.22564
0.865814
0.366903
0.250365
0.483738
0.52675
1.29802
0.602501
0.0885324
0.35997
0.274878
0.162986
0.876804
1.41733
0.605539
2.6016
0.195366
0.635074
0.686374
1.01777
0.281235
0.0982866
0.440717
1.35882
0.87622
1.00259
0.363451
0.651942
0.93342
0.302588
1.25972
4.75802
0.654924
1.20431
0.512792
0.295276
0.526809
1.39032
0.476015
1.07632
1.14091
0.160888
2.90647
0.307306
0.446849
0.945317
0.171729
1.1516
0.711043
0.819805
0.504497
0.773232
0.837388
0.493595
0.583115
0.684269
1.78603
0.618782
0.625004
0.208021
1.09579
0.881919
0.338174
1.29716
0.304947
0.39623
0.720251
0.275294
0.513722
0.497273
4.30372
0.317383
0.567006
0.860543
1.51761
0.614135
0.866671
0.257498
0.165204
0.444759
0.814455
0.272585
0.677921
0.925117
0.530128
0.302583
0.583269
1.07275
0.988458
0.282163
0.453718
0.314948
0.139838
1.96466
0.43497
0.675843
0.329188
0.243216
0.737365
0.607693
0.832224
0.128237
0.517364
0.625417
0.285155
0.578121
0.286766
0.419505
1.71652
0.722179
0.174146
1.54159
1.68353
0.492582
0.798398
0.743247
0.98361
0.984837
1.14475
0.435069
1.28177
0.163233
2.00077
0.417577
0.433486
0.515314
1.25532
1.26369
0.329733
0.29443
0.493318
0.672825
1.39245
0.667486
0.888257
0.419497
1.11495
0.410317
1.71208
0.347562
0.296543
0.544474
0.333188
0.957767
0.292868
1.28225
1.31142
0.498502
0.899769
0.507337
2.329
0.928256
0.316735
1.29916
1.1746
3.57236
0.60257
0.511143
1.07469
0.617611
0.598553
0.662585
1.03108
0.982674
0.465685
1.1333
1.73487
0.240302
0.584649
0.337693
1.3286
0.28352
0.626284
1.02369
1.1148
0.941644
0.361235
0.94726
1.09242
0.613094
0.805674
0.407738
1.15076
0.661294
0.487407
0.489117
3.46609
0.358149
1.27803
1.11868
0.398516
0.583894
0.356442
0.226027
0.557919
0.383385
0.52949
0.632225
0.878097
0.46747
1.05231
0.725726
0.490182
1.15088
0.533738
0.573918
0.472328
0.596464
1.04861
0.600269
0.591216
0.526989
1.19369
2.7283
0.459211
0.400497
1.96678
0.689395
0.457929
0.66338
0.382394
0.414079
0.532482
1.22369
0.371877
0.313706
0.516319
0.608102
0.405324
0.898401
0.943711
1.18413
0.390804
0.534058
0.681642
0.372676
0.472583
0.834041
1.94833
0.505973
0.0990713
0.644066
0.461977
0.705671
0.575065
0.423683
0.547783
0.541162
0.192569
0.805655
3.0442
2.0327
0.688044
0.365381
3.72322
0.470834
0.433075
0.96344
0.772088
0.639978
0.839971
0.220419
0.647628
1.03167
1.96176
1.49647
0.573217
0.184908
1.19511
0.634057
0.535017
0.381557
0.263407
0.566135
0.264246
0.767918
0.391198
0.68465
0.332028
0.712552
0.805409
0.26918
0.533297
0.320095
0.270468
0.762447
5.06163
0.615791
0.34838
0.698241
0.389902
0.336385
0.908832
0.269698
0.523836
0.174637
0.927614
0.444585
0.640057
0.412087
0.424314
0.304684
0.375085
0.352613
0.497632
0.469865
1.33117
0.159361
0.452602
0.287589
2.18437
0.244386
0.829016
0.465755
0.225918
0.498885
0.55716
1.9474
0.384277
2.38557
0.391556
0.137012
0.977108
0.4113
0.612015
0.313792
1.17747
0.547811
0.503636
0.243001
0.203065
0.434347
0.683313
1.63576
0.468201
1.17256
0.631523
0.59486
0.215079
0.941189
0.626132
0.540209
0.46256
0.150947
0.921859
0.470394
0.612263
1.00296
0.730646
0.39219
0.229641
0.278247
0.239888
0.415122
0.290588
0.536612
2.2188
0.415214
0.783485
0.547206
2.45054
0.767516
0.599799
0.0991277
0.415736
0.919546
0.589733
0.79788
0.190934
0.56469
2.06088
0.479689
0.132513
0.461414
0.277602
1.47797
0.614086
0.472771
0.531247
0.443139
0.608265
0.225768
0.986338
0.65554
0.983034
0.728296
0.768422
0.162764
0.818807
0.818444
1.24832
0.967292
0.868116
0.770145
1.36607
0.173733
0.30244
1.03306
0.552148
0.789023
0.822574
0.333642
1.09732
0.50299
0.390552
0.727313
0.232668
1.03196
0.858106
0.624668
1.17637
1.02645
1.28629
1.0446
0.611672
0.52
1.03581
0.964891
0.520716
0.603066
0.236999
0.609297
0.156103
0.857325
0.415818
0.492505
1.28716
0.746065
0.486866
0.302846
0.971273
0.624519
0.454665
0.92929
0.880164
0.280456
1.1573
0.964569
0.832955
0.425769
0.353115
0.439345
0.563765
0.661149
0.467268
0.2891
0.865836
2.9913
0.414304
0.467218
0.313564
0.542328
0.967087
0.340685
1.17879
0.552516
1.34498
0.116732
0.405758
0.315883
0.393574
0.781114
0.520807
0.66691
0.477318
0.734378
0.619946
1.25143
1.08224
0.308573
0.36443
0.308698
0.396566
0.671072
0.641288
1.02237
0.447384
0.40411
0.0983451
0.375222
0.660912
0.495633
3.10173
0.570316
2.25616
1.2258
0.156419
0.758122
1.09694
0.649901
0.722253
0.697912
0.639905
0.99493
0.364672
1.14871
0.740946
0.858487
0.887043
0.408061
0.949738
0.317155
0.671348
0.437019
1.13976
0.780251
0.803996
0.817683
0.756625
2.45204
0.433322
0.45072
0.906601
0.778963
0.571388
1.20245
1.46241
0.503035
1.23967
1.53414
0.258973
0.784891
0.487931
2.36044
1.85185
0.591458
0.995329
1.15517
0.288294
1.37643
0.262341
0.733538
0.46336
1.12849
0.746789
0.222213
0.623761
0.195724
0.947368
0.676947
0.483621
1.27879
0.901505
0.179451
0.612064
0.783598
0.344324
0.373322
0.639516
0.729929
0.728667
0.74695
0.636822
0.833314
0.217618
0.961869
0.827835
2.46916
1.03303
0.677098
0.481205
0.818046
0.866862
0.348388
0.208806
1.29283
1.47829
0.242808
4.34379
0.63788
0.900186
0.496094
0.400681
0.865031
0.605637
0.335312
1.0012
0.338768
0.155379
0.647466
1.15907
0.381707
2.164
1.05909
1.10217
2.10589
0.711268
0.127961
0.724177
0.624154
1.063
3.35544
0.494705
1.00574
0.916646
0.425822
0.371
0.863214
0.329344
0.711248
0.377017
1.18957
0.438354
0.32791
0.205963
0.799471
0.621421
0.675607
0.845166
0.99139
2.4834
0.796625
0.483674
0.357192
0.234122
0.612577
0.897911
0.968315
0.481832
0.394476
0.503011
0.31958
0.839094
2.36857
0.454771
0.356953
0.0477783
1.66436
0.397274
0.612083
2.02851
0.704369
0.308827
0.996728
0.324417
0.557081
0.160824
0.216982
0.638938
1.11585
0.709262
1.22469
0.177233
0.832543
0.527155
0.118918
0.461501
0.920295
1.353
0.264266
0.488742
1.23887
0.546208
1.34596
0.416951
0.35768
0.528183
0.854731
0.897135
0.377488
0.700749
0.652452
0.440186
0.617773
0.213465
2.71931
0.475914
0.746934
0.523011
0.516674
1.23121
0.680437
0.385014
0.258979
0.242475
0.456048
0.382984
0.330335
0.8855
0.980357
0.358418
1.17131
0.389054
0.981221
1.00327
0.752903
0.0760786
0.895409
0.503476
0.325151
0.555775
0.342316
0.981892
0.93908
0.357866
0.773087
0.670492
0.63732
0.403666
0.607683
2.1204
0.269884
0.653824
0.301104
0.34554
0.346696
0.549144
2.74734
0.525205
0.287338
0.738482
0.784055
0.723925
0.53399
0.882881
1.00065
1.38652
1.43741
0.296655
0.61105
0.959103
0.421568
0.525029
0.502017
1.31345
0.741029
0.490108
0.308697
2.83753
0.418937
0.699005
0.947105
0.788839
0.828813
0.804717
0.168019
1.71406
1.23261
1.26448
0.3256
0.612922
1.05323
0.473854
0.530449
0.202184
0.0779934
0.729031
0.26853
0.485468
0.599103
0.719386
0.457753
0.624368
0.52739
0.544493
0.488571
0.444979
1.31317
0.788046
0.739448
0.568089
0.630705
1.04293
0.633929
0.542223
0.62897
0.472347
0.969123
0.942637
1.22742
0.574997
0.291361
1.06261
0.590053
0.699033
1.26849
2.36211
0.379605
0.468581
0.339355
1.21612
0.108877
0.26686
0.552728
1.17718
0.266137
0.590877
0.63675
0.478179
0.706412
0.789193
0.449007
0.388964
0.742743
2.97997
0.176093
0.426765
0.737679
0.847233
0.318102
1.04559
1.39765
0.759995
0.66705
0.981254
0.758055
0.998161
2.10615
0.34535
0.526149
0.469391
0.110862
0.696825
0.818705
0.890006
1.04818
0.864492
0.511575
0.960956
1.34887
0.456576
1.0012
1.45507
1.20646
0.359756
0.182598
0.279629
0.481787
0.497623
0.726831
0.590754
0.352062
1.50483
1.89128
0.547741
0.652797
0.88813
0.979156
0.510484
0.868318
1.14754
0.530228
0.849909
0.377019
0.542935
0.652318
0.861682
0.266799
1.62983
0.435783
1.22752
0.740423
0.407367
0.346354
0.80728
1.76433
1.11846
0.511274
0.381028
0.210476
1.24694
0.499068
1.10511
0.621155
0.939022
0.505386
0.64335
0.304711
0.444292
0.343245
0.810375
0.470244
0.894147
0.533296
0.336307
1.60365
0.19039
0.251555
1.17123
1.24304
0.525685
1.6277
1.20262
4.74531
1.28297
1.07847
0.229212
0.373318
0.679622
0.583136
0.556761
1.1146
0.343271
1.98932
0.760251
0.154413
0.533777
1.05433
0.396722
0.817396
1.10821
1.84936
0.88061
0.731428
4.12846
0.654503
2.80242
0.537588
0.460803
0.598889
0.403844
1.29035
0.366241
0.171403
0.303755
0.92624
0.566496
0.722248
0.671264
0.354081
0.357877
1.17039
0.706724
0.54997
0.594745
0.235476
0.90578
0.983713
0.272762
0.469185
0.416149
1.22287
1.1957
1.60343
1.24834
0.5128
3.90845
0.451357
0.317165
0.517706
0.665921
0.387565
0.408896
0.845924
1.19661
0.629861
0.309999
1.06503
0.65398
0.355954
0.602697
0.76919
0.443312
0.806095
0.597121
0.962681
0.710828
0.448844
0.329557
0.513743
0.286334
0.217656
0.791627
0.42316
1.44793
0.251166
0.932558
1.31025
0.723656
0.720859
0.359294
1.1466
0.362958
0.618448
0.461899
0.495486
2.23884
1.03525
0.923987
0.691834
0.759666
0.569982
0.100026
1.2464
0.179837
0.617587
0.690432
0.74563
0.214892
0.347415
0.591971
1.1184
0.244041
0.656026
0.628862
0.864677
0.632305
1.27265
0.836653
0.436969
0.862136
0.611554
0.437945
4.3392
1.08107
0.634472
3.33735
1.11039
0.921798
0.509206
0.854335
0.921902
0.605074
0.897534
0.238849
0.801418
0.994834
2.67757
0.79896
0.904779
3.68968
0.188924
0.559358
0.435631
0.313026
0.263289
0.74256
0.494277
0.71637
0.851956
0.921804
0.414772
1.04391
0.560005
0.413006
0.650925
0.639132
0.331102
0.499103
0.604157
0.554962
0.533709
0.412193
0.578029
0.608054
0.662967
0.247904
0.33003
0.648009
0.767159
0.903299
0.586023
0.779192
1.23063
0.743326
0.380054
0.385986
0.239366
0.356835
2.92919
0.94972
0.603446
0.797128
1.1274
0.606633
0.642631
0.419413
0.392566
0.551186
0.535602
0.41904
0.991583
0.487253
0.475874
0.43243
0.45229
0.659356
1.13135
0.308297
0.839616
1.10094
0.256117
0.704691
0.251818
0.312463
1.24487
0.730558
0.495361
0.427664
0.489525
0.524355
0.571828
0.3146
0.382132
1.54874
0.828049
1.02612
2.00484
0.383464
0.803717
0.197402
1.46361
0.636999
1.59699
0.200323
0.522928
0.835233
0.980213
2.44417
0.128522
1.5645
3.26569
1.00779
0.914801
0.322718
0.666564
0.972473
0.836296
0.798519
0.641439
0.263196
3.01759
0.389409
0.242038
1.13037
0.574826
0.787511
0.633569
0.692066
0.276463
0.73818
0.871342
0.211127
0.718096
0.386665
0.653648
1.11544
0.890602
0.891676
1.34831
0.561735
2.78671
0.889969
0.700811
0.459835
0.354427
0.283584
0.992333
1.29747
0.396346
1.28762
2.04171
0.713707
1.19918
1.40328
1.22455
0.859496
1.55354
0.568257
0.233714
0.435699
3.22367
0.334097
0.946243
0.329973
0.525443
0.285388
1.09943
1.56355
0.377076
2.24629
0.559075
0.861911
0.506395
0.693817
0.851555
0.0992857
0.560395
0.315163
1.12454
1.2674
0.289356
0.377379
0.443301
0.671698
0.274666
0.599777
0.507735
0.789805
1.02175
0.707528
0.179785
2.06467
3.17103
0.59417
0.540704
4.42039
0.482672
1.31587
0.573163
0.543325
0.535679
0.465848
1.23408
0.0994271
0.652478
0.545195
1.19045
0.558576
0.244726
0.476574
1.12396
0.703252
0.424489
0.435308
0.481452
0.965185
0.219297
0.613793
0.937355
0.161049
0.933487
0.19442
0.0977093
0.382548
0.642586
1.48485
0.306836
0.447548
0.984314
0.943033
0.573006
0.0577387
0.246954
1.49761
0.505096
0.638884
0.984354
0.241655
0.830596
0.378119
0.354662
0.190715
0.527027
2.53503
0.374136
1.51145
0.716443
1.0562
0.636587
3.92974
1.66116
0.542093
0.625537
0.362021
0.753272
0.301029
0.682758
1.25386
0.674981
0.859009
1.06915
0.183546
0.55251
1.00261
3.91213
0.61661
0.573422
0.921547
0.251202
0.709888
1.25142
0.583248
2.05017
0.263096
0.640031
0.788174
0.345416
0.528964
0.744178
4.31228
0.57093
1.82338
0.673755
0.905841
0.250955
1.31079
0.340722
0.525468
0.529076
0.281492
0.305733
0.133762
0.521254
1.14803
3.33013
0.82054
0.387313
0.314455
0.638412
1.43275
0.517839
0.907848
0.400926
0.905472
1.11264
1.29654
0.290354
1.00039
0.489416
0.165701
0.766983
0.489739
0.324396
0.223181
0.439196
0.422624
0.177861
0.472248
1.01167
0.46771
0.384522
0.21661
0.9143
0.173892
1.97516
0.623562
0.602226
0.514788
0.829845
0.806802
0.724869
0.23081
1.47205
0.673099
0.519701
0.342348
1.70044
0.341739
0.686578
0.689349
0.397587
0.499861
0.626323
0.289884
0.621026
0.475387
0.613365
0.95889
0.648504
0.821532
0.551257
1.03583
1.32476
0.507072
1.09757
3.15254
0.575837
0.883002
0.310037
0.415206
3.57044
0.391493
1.43741
0.345637
0.657013
0.479423
1.23625
0.531927
0.182039
1.02551
0.86746
0.600124
0.647102
0.626696
1.39068
0.301341
0.626335
0.404586
0.43732
1.07181
2.38932
0.420945
0.452256
1.17423
0.238622
0.316086
0.49017
0.430721
0.964432
0.150537
0.603153
0.456419
3.33118
0.554392
0.188312
1.09123
0.756353
0.966278
0.415141
0.319148
0.0846393
2.07638
0.319313
1.11974
0.172641
0.500092
0.955954
0.136783
0.714786
0.307444
0.723922
0.843294
1.09835
0.744233
0.129495
0.309809
0.396676
0.597166
0.462598
0.521282
1.04782
0.565614
0.645967
2.33355
0.185793
1.55597
1.24081
0.45765
0.893373
0.60795
1.27814
0.340446
0.316418
0.779327
0.108218
1.07209
0.682656
0.849384
2.10804
1.09889
0.700217
0.296939
0.508043
0.881576
0.986456
1.03343
0.519683
1.39023
1.46433
1.02376
0.785271
0.483683
0.216251
0.42917
0.293413
0.608177
0.326465
0.397493
1.70392
0.644997
1.07515
0.535663
3.21166
0.322917
0.59592
0.652876
0.499575
1.58338
0.502765
0.382626
0.713805
0.764105
0.525
0.99055
0.485473
1.28236
0.542613
0.123659
0.0951745
0.955022
1.0689
1.07308
3.62237
0.351449
0.506762
1.05078
0.658419
0.898936
0.411443
1.46555
0.566039
0.2698
1.29072
1.17348
0.50269
0.638409
0.899364
0.251789
0.674282
0.510281
0.218917
0.240558
0.978491
0.856505
0.377475
1.1089
0.81206
0.359745
0.441724
0.216198
0.958761
1.33502
0.462474
0.900205
0.405748
1.23623
0.608119
0.955595
2.55368
1.02076
0.603797
0.267413
0.676643
1.93095
0.782948
0.284512
0.41759
0.940502
0.829422
1.78363
0.602518
0.322388
0.480777
0.20014
0.479073
0.335316
0.889762
0.316724
0.279534
1.0257
0.370337
4.25604
0.195715
0.598794
0.426247
0.687102
0.285704
0.748708
0.246928
0.591694
0.774459
0.350362
0.581534
0.819864
0.292962
0.500262
0.282519
0.114951
0.880159
0.419485
0.363572
0.559599
1.16366
1.05652
0.366698
0.678852
0.856174
0.450228
0.187815
0.979956
0.196961
0.379945
0.531644
1.37676
0.602177
0.166933
3.45502
1.11835
0.17497
0.550171
1.06957
0.702659
0.5758
0.350977
0.739153
0.214447
0.16704
0.265945
1.15401
0.721482
0.553261
1.078
0.368745
2.64741
0.673489
0.323102
0.352828
2.82731
0.412898
0.743978
0.394622
0.387134
0.920283
0.699411
0.615429
0.194399
0.295558
0.298164
1.57453
1.1937
0.379837
0.360599
0.523634
0.561772
0.302108
0.078606
0.39483
0.494185
0.694546
0.199448
2.81287
1.03188
0.771051
1.26168
0.630603
0.819489
1.09154
0.637718
0.213589
0.735102
0.845074
2.4602
0.417932
0.16892
0.287032
0.656479
1.04648
0.809718
1.07518
0.81124
3.90601
0.192474
0.538188
0.835612
0.181201
1.12809
0.576485
1.16286
1.15457
1.33548
0.372234
0.484752
0.322962
1.16853
1.57041
0.455083
0.184602
0.959842
0.203164
0.511004
1.49337
0.354404
0.696244
0.432237
0.696354
4.24606
0.612886
0.644101
0.851776
1.71742
0.479726
0.191256
0.554877
0.210617
0.46699
0.172162
1.14018
0.361716
0.947517
0.741377
0.914996
0.474093
0.387417
0.515685
0.641897
0.877926
0.890496
1.06924
0.23664
1.12462
1.2223
2.47212
1.14045
0.326902
0.692335
0.167211
1.03865
0.327238
0.451542
0.945148
1.05619
2.13171
1.05539
0.618968
0.547444
0.518454
1.05331
1.08456
0.864646
0.443489
0.999715
0.4109
0.563327
0.969508
1.42338
0.999174
0.457187
0.234467
0.189932
0.839571
0.625971
1.14515
0.58523
0.415746
0.494661
0.8004
0.176314
0.466316
1.06394
0.215972
0.515944
0.311206
0.862932
2.24188
1.35102
0.504518
0.413584
0.614443
0.671184
0.699527
0.435834
0.569087
0.493618
0.327884
0.519837
0.770354
0.257266
0.368127
0.593819
0.446077
0.660505
0.25365
0.137836
0.536364
0.326345
0.567776
0.670701
3.57575
0.426461
0.81549
0.282399
0.314994
0.867674
0.640002
0.304384
0.270646
0.423673
0.640309
0.326086
1.88407
0.226828
0.946457
1.29347
0.351922
0.424348
0.285146
0.0848195
1.0555
0.773707
2.90043
0.571772
2.21022
0.387027
0.381195
0.711967
0.259589
0.913465
0.588623
1.0973
1.16167
2.67301
0.220869
0.448856
0.588286
0.986678
0.281977
0.934037
0.421563
0.436903
0.595328
0.322856
0.857292
0.445709
0.52795
0.52409
0.38537
0.597988
1.07293
1.11316
1.06267
0.183646
0.172971
0.404403
0.115095
0.305773
0.566368
0.743669
1.20589
0.505823
0.498319
0.69526
0.502522
1.14399
0.984417
0.615178
0.740263
0.646427
0.341948
0.748354
0.119391
0.638591
0.84757
0.93023
2.40014
1.22857
1.05042
0.55948
0.787139
0.796474
2.23561
0.315211
3.23304
0.691033
0.570822
0.975016
0.315153
1.4062
4.77218
0.571412
0.125827
1.82073
0.699963
0.540322
0.187694
0.455044
0.838977
0.963124
0.958133
0.511264
0.912636
0.663897
1.15179
0.933069
0.605429
1.00832
0.892428
0.656572
0.419303
1.04961
0.913534
0.28458
0.201664
0.63738
0.405419
1.49964
0.149139
0.32763
0.596703
1.03794
0.474346
0.644136
2.20241
0.491036
0.531331
1.37864
0.601019
0.502717
0.422439
0.893147
0.238854
0.580303
0.942148
0.742152
0.87459
0.437498
0.620334
0.60551
0.303381
0.375082
0.810726
0.842579
0.683112
1.40844
0.0896353
0.514776
0.671909
1.62996
0.911853
0.610112
0.439611
0.490182
0.251217
0.480033
2.78855
0.807471
0.167614
0.534491
0.322058
0.144818
0.514184
0.988666
0.560242
0.333137
2.66761
0.301881
0.942483
1.12614
0.407823
0.33185
0.289908
0.68448
1.02747
0.53887
0.440001
0.555389
0.724164
0.227646
0.487928
1.07501
0.444785
3.63339
0.942156
0.199422
0.504489
1.04712
0.714922
0.620988
1.21391
0.679968
1.14007
1.63438
0.223749
0.226574
0.550444
0.695491
0.785182
0.586208
0.104975
0.654299
0.391708
0.91419
0.649289
1.25163
0.556175
0.420067
0.410748
1.97868
0.981598
0.366931
0.570843
0.934696
1.04171
0.333887
0.532358
0.836408
0.508504
1.2788
0.338535
0.904968
0.514833
0.528605
1.0476
0.232331
0.073882
3.52488
1.27829
0.564405
0.702021
0.624788
1.64667
0.555967
0.636087
0.217639
2.69503
0.304851
0.201395
0.294008
0.37959
0.672907
0.792274
0.428639
0.715528
0.343285
0.534936
0.480979
0.744429
0.191715
0.320104
1.08171
0.625128
0.669386
0.135088
0.228376
0.787518
0.249992
5.39005
1.18949
0.308164
1.28514
0.321152
1.4181
0.517149
0.544421
0.146841
0.455539
0.354688
1.06782
0.890284
0.260887
1.25107
0.403156
0.538456
0.76275
0.665651
0.929777
0.715338
0.778243
0.915264
0.37926
0.404094
0.506984
0.752266
3.74883
0.828946
0.607852
0.515074
0.629163
0.118149
0.187033
4.03518
0.280745
0.372209
0.518014
0.639297
0.469656
0.547516
0.851423
1.06084
0.598602
0.243797
0.576779
0.14211
0.234834
0.911357
0.71327
1.00003
0.337474
0.796106
2.27896
0.421822
0.489669
1.26954
0.263305
0.833817
0.61391
0.81187
0.393004
0.733817
0.568837
0.142524
0.583869
0.382725
1.04953
0.556603
0.41177
0.659248
0.221394
0.617724
1.20299
1.07607
1.3524
1.33839
0.722596
0.362203
0.340375
0.375592
0.711403
0.187714
0.13937
0.561623
0.516892
1.07604
0.937415
0.683186
0.334003
0.548674
0.301443
0.0990165
0.926732
0.965765
0.907534
0.806687
0.747266
0.759239
0.63507
0.721828
0.686016
0.269189
0.328956
2.52549
0.362435
0.313528
0.572375
0.514039
0.188835
0.408974
1.23383
1.25558
0.677179
0.526606
0.470679
0.351397
0.520634
0.574893
0.479683
1.03507
0.424049
0.405159
0.434731
1.87513
0.294878
0.6719
0.280359
1.33205
0.476357
1.09466
0.671788
2.73441
0.301092
0.431892
1.40343
0.70874
0.348617
0.945015
0.42118
1.29749
0.787974
0.579582
0.723912
0.245413
0.654922
0.362867
1.07187
0.363759
1.41062
0.528694
0.429842
0.96373
2.1111
0.390044
0.477538
0.615782
0.984012
1.02864
0.482825
0.209628
0.641657
0.843951
0.429462
0.586513
0.870713
0.205521
0.775743
0.280491
0.216963
1.12406
0.748075
0.524792
5.03532
0.642113
4.70505
0.446215
0.368113
0.63173
0.229465
0.502948
0.417768
0.463068
0.20616
4.56697
0.650461
0.746985
0.869983
0.56208
1.47666
1.04775
0.512451
0.894151
0.118631
0.148166
0.751211
0.387053
0.257938
3.92923
0.482602
0.524328
1.7335
0.801599
0.515758
0.426816
0.781543
0.867375
0.204152
1.27748
0.348785
0.590545
0.189396
1.07576
1.70226
0.863781
0.484932
1.11741
0.539541
0.661229
0.306244
0.647771
0.35268
0.509183
1.01254
0.517138
0.88672
0.738673
0.692316
0.0932667
0.398887
0.276125
1.14341
0.442968
0.508236
0.818809
0.16533
0.478955
0.474143
0.187687
0.506219
0.897981
1.37017
0.342939
0.301258
0.859959
0.110944
0.423626
0.913194
0.738502
0.673724
1.14946
0.710554
0.719216
0.535083
0.707492
0.62541
0.791811
0.27244
3.91077
0.677072
1.21644
0.441019
0.95805
1.96425
0.624158
0.367231
0.752049
0.482092
0.242441
0.322991
0.463733
0.177983
0.443912
0.469411
0.303075
0.851131
0.936235
0.661527
0.215372
0.802179
0.50019
0.76088
0.787557
2.84724
0.929528
0.895145
0.280199
0.831753
0.243643
0.732666
0.248118
1.29914
0.506246
0.252642
0.399877
0.610183
1.13308
0.634906
0.601822
0.269741
0.716399
0.280672
1.41362
0.237499
1.44138
0.463482
0.980379
1.09008
0.365563
1.09153
0.749037
0.209807
3.44448
0.391873
0.458419
1.00486
0.372008
0.93007
0.309172
0.48673
0.590673
0.237234
0.560683
1.02835
0.513017
0.671285
0.428535
1.12933
0.488726
1.13261
0.868816
0.470748
0.311769
0.433347
0.660792
0.499815
0.880089
0.559995
0.295023
0.874963
1.30223
1.06229
0.71286
0.163389
0.293494
0.723666
0.829609
0.58029
0.257466
0.436033
0.556016
1.17197
0.225763
0.155964
0.107276
0.404159
0.6265
1.29646
0.532462
0.497375
0.480293
0.300385
0.923049
1.18845
0.246847
0.492464
0.612154
1.52704
0.590426
0.524482
0.236391
1.30474
0.473568
0.671988
0.165096
0.32426
1.18522
0.383777
0.658004
0.531266
0.192422
0.232766
0.962961
1.06408
0.924449
0.834226
1.01343
1.82124
0.920869
0.531059
0.938771
0.648416
0.391894
0.564296
0.519433
0.352467
0.529422
0.40773
0.118009
0.369917
0.553282
0.194019
0.840228
1.25329
0.674948
2.34653
0.265389
1.16451
0.52441
1.06724
1.82136
0.285917
0.680289
0.158824
0.372785
0.347318
0.805942
0.287839
0.327107
1.14024
0.209858
0.936071
1.14307
1.18798
2.64271
0.510057
0.351579
0.131837
0.981834
0.243541
0.370315
0.588145
0.64279
0.539866
0.221625
0.465213
0.379897
0.917329
0.274198
4.00002
0.263442
1.00773
0.611223
0.211665
0.121426
0.705615
0.314905
0.461855
0.696835
1.35819
0.610779
0.433636
0.910417
0.655966
0.45438
0.561533
1.183
0.519594
0.79968
0.32846
0.332073
0.684634
0.84374
0.183276
0.906057
0.268973
0.991709
0.761485
0.994279
0.549241
1.4611
0.895798
1.24156
0.713321
0.58899
0.498168
0.753914
1.0963
0.632405
0.52854
1.43744
1.28873
0.722222
0.17332
0.65556
0.305654
0.473571
0.220142
0.505337
0.271374
0.746808
0.404751
0.254535
1.31885
0.427852
0.479833
0.625459
0.619214
0.262596
0.660547
0.329726
0.476102
0.747825
0.277244
0.714832
0.765336
0.219441
0.193644
0.57902
0.784135
0.470256
1.48439
0.630585
0.734207
0.406438
0.258187
0.200855
1.15825
1.19795
0.466209
0.239639
1.35947
1.31547
0.434084
0.862993
0.676654
0.613316
1.11737
1.31761
1.7358
0.415848
0.416167
0.405272
0.341614
1.3506
0.882866
0.435222
0.559152
0.965712
0.594985
0.927949
0.697921
0.37665
3.01312
3.69307
0.840397
0.250772
1.22165
0.231912
0.625335
0.890806
0.986936
0.289042
0.522843
0.5556
0.784638
0.506426
1.06613
1.30947
0.463881
0.56892
0.996252
0.404409
1.28173
1.57214
0.833866
0.6746
0.663732
0.562832
4.26077
0.456167
0.892957
0.628432
0.424336
0.512741
1.25576
0.803497
0.945087
0.241536
1.02558
0.755702
0.435985
0.240134
0.554379
0.270087
0.443778
1.26052
0.701235
0.167775
0.51746
0.389135
0.0850671
0.721368
1.49441
0.344181
0.909674
0.704639
0.954603
2.37627
1.03689
1.0168
0.633238
2.47048
0.249642
0.355384
0.537315
0.288581
0.355087
0.362663
0.738922
0.529209
1.194
0.482083
0.218871
0.553036
0.634555
0.558925
0.353392
0.360774
0.620889
0.260663
0.512922
0.903165
0.749001
0.245744
0.863901
1.23414
0.284276
0.456197
0.755864
1.24819
1.17311
0.824577
0.415153
1.10391
0.988226
0.496888
0.0865135
0.824311
0.11837
1.56701
0.431658
0.28593
0.573773
0.641702
0.351499
2.14819
0.896454
0.847613
0.736723
1.013
0.590383
0.435876
1.40863
0.907216
0.564641
0.49337
0.226422
1.10163
0.922359
0.516351
0.167203
3.88085
0.242617
0.566215
0.660972
0.360826
1.01316
0.998331
0.615033
0.501111
0.406978
1.33909
0.157368
0.381662
1.06234
1.11138
0.811855
0.73883
0.716147
1.06313
0.378576
0.834089
1.16477
0.723205
2.4863
0.422131
0.73563
0.128312
0.472586
1.07401
0.50666
1.37603
0.512398
0.922407
0.926453
0.295522
0.922198
0.228918
0.38314
0.371914
0.634243
0.447346
0.528201
2.05916
1.7316
0.623847
0.545647
0.237815
0.418434
0.506421
0.190909
1.03759
0.954397
0.156263
0.163525
0.378477
0.867609
0.370499
0.412979
0.290064
1.39127
0.131015
0.860739
0.565602
1.34428
0.465867
0.915075
0.93089
5.08373
0.124845
0.583843
0.569937
0.625217
0.210886
1.27289
0.526066
0.366546
0.278517
0.413958
0.562401
0.334265
0.551068
0.40261
0.684841
0.251377
0.602431
1.14651
1.11663
0.231747
1.16375
0.655817
0.153901
0.187695
0.653206
0.612481
0.374535
0.209526
0.185943
1.05029
0.741201
0.803574
3.66191
0.691021
0.691064
0.394704
0.579576
0.419973
0.975104
1.19593
0.657252
0.560903
0.420657
0.579362
0.205522
0.628615
0.785668
0.543157
0.768947
0.707813
0.588877
0.769675
0.540116
0.86103
0.778321
0.560549
1.54345
0.513235
0.424635
0.419964
1.48938
0.316226
0.370646
1.20162
0.250187
0.342634
0.79232
0.681337
0.455232
1.06195
1.24522
2.48589
0.373699
0.256376
3.764
0.221426
1.21199
0.963063
0.318019
0.479988
0.9167
0.792535
0.646606
0.655251
0.718462
0.228309
2.9168
0.411512
0.594318
0.89358
0.741351
0.953495
0.536128
0.668707
0.178622
0.486315
0.337302
1.18399
0.625556
0.95621
0.698284
0.35202
0.400675
1.39156
0.680799
0.338919
0.782274
1.45448
0.647556
0.377019
0.80848
0.697914
1.10916
0.277104
0.60396
0.233863
0.509855
0.256698
0.967761
0.425705
0.665185
0.43906
0.911065
0.566442
0.396571
0.433521
1.52741
0.58978
0.788727
0.41457
0.843231
0.22384
0.396933
0.209399
2.12259
0.616094
1.11106
1.21392
0.439032
1.52021
0.399331
0.590233
2.58625
0.78212
0.467639
0.627276
0.980804
0.215314
0.0776928
0.752621
1.08402
1.03241
1.12302
1.00239
0.201056
0.609868
0.206868
0.30058
0.626896
0.474656
0.396149
1.28258
1.04312
0.618982
0.479488
0.279325
0.477636
1.50051
0.200259
1.17718
0.573767
0.845955
0.497085
0.348219
0.39813
1.35104
0.441417
0.589704
0.38152
2.99905
0.477162
1.30217
1.3949
1.27181
1.26883
0.992167
1.03315
0.601267
0.840373
0.618737
0.773947
0.0268751
1.01728
0.709005
0.273302
0.296586
0.644273
0.274443
0.345303
0.773622
0.675555
0.398367
0.405385
0.604615
0.858814
1.22636
0.77148
1.01449
1.90424
0.443242
0.37607
0.430652
0.931493
0.317363
0.239378
0.580463
0.706646
0.499584
0.935757
0.367181
0.269577
0.310361
0.99639
0.802231
0.908492
0.613492
1.01333
0.321935
0.896239
0.709223
0.459177
0.87767
0.30399
0.36125
1.15708
0.779516
0.159921
0.728587
0.257268
0.187281
0.627411
1.18045
0.716169
0.438322
0.914376
0.403287
2.42175
0.387735
0.504687
0.512742
0.211543
0.818361
0.501234
0.883714
0.956601
0.436353
0.498425
0.306977
0.369365
0.346216
0.783814
0.908693
0.515109
0.570726
0.851764
0.833005
1.40107
2.14397
0.377962
0.747618
2.18992
0.233096
0.813893
0.307116
0.716095
0.801997
0.72239
0.972924
0.745369
0.844386
0.224678
1.23387
1.23582
0.797765
0.872413
0.979821
0.274226
0.622973
1.10945
0.766278
0.731336
0.765937
0.454982
1.55063
0.591655
0.418419
0.383364
1.04986
0.196458
0.537416
1.104
0.507473
1.01101
0.924428
0.701465
0.476425
1.4091
0.166152
1.13661
0.994116
0.233177
0.733926
0.684118
0.486474
0.535512
0.302074
3.449
0.336406
2.02209
0.200258
0.435916
1.00053
0.864044
0.346218
0.354477
0.499463
0.450479
0.926472
0.457673
0.63518
0.538067
0.260996
0.300335
0.917881
0.456951
0.28544
0.432227
4.56635
1.21275
0.577528
0.352259
0.618216
0.848362
0.466794
0.491907
0.758991
0.25143
0.986183
0.301373
1.11051
0.0872229
0.531831
0.326277
0.673453
0.511526
0.342731
0.689593
0.283973
0.386742
0.670338
0.630488
0.227425
0.656034
0.302821
0.506682
1.38886
0.360173
0.789139
0.491797
0.772838
0.982804
3.45481
1.10236
0.718931
0.654734
0.389491
1.37356
0.128562
1.71802
1.20798
0.788802
0.169268
0.695746
0.562509
0.102307
0.517217
0.67863
0.463925
0.0983018
1.61335
0.9931
0.430028
0.298407
0.503684
1.06414
1.21982
0.368832
0.354343
0.93652
0.224247
0.258222
0.81359
1.38173
1.06125
0.737637
1.17309
0.403303
0.914443
0.612711
0.707616
1.14762
0.385115
0.63128
0.65989
0.331594
0.699344
0.654681
0.256256
1.14285
0.596272
1.89215
0.559603
0.604254
0.263776
1.38038
0.430013
0.372543
0.0819863
0.288403
0.534952
2.6749
0.510811
0.551972
0.428184
0.612883
1.11868
0.342315
0.350292
1.08556
0.74905
0.98065
1.19898
0.775001
0.629716
0.710523
0.361165
0.468808
0.482887
0.828491
0.204605
1.38087
1.19541
0.813498
0.300824
0.771025
1.51222
0.61043
0.973748
0.75817
0.510969
0.994389
0.685563
0.628665
0.928135
0.533152
1.97148
0.582634
0.260326
1.39012
1.11093
0.260253
0.627355
0.577203
0.26793
0.735779
0.549804
0.565329
1.61506
0.381854
0.356588
0.709769
0.353338
0.68374
0.367339
3.21589
0.978073
0.995091
0.97833
0.411181
0.94538
0.424933
0.272002
0.131495
0.481393
0.514594
0.718125
0.60378
0.490815
0.386757
1.06964
0.587933
0.456776
1.04573
0.461245
0.126014
0.599806
1.26758
0.795993
0.726962
0.760245
0.949334
0.392962
1.18655
0.591577
0.700661
0.937402
1.02032
0.387296
0.861671
0.489028
0.124395
0.800391
0.529034
0.774241
0.539524
0.721647
0.394526
0.923514
0.185971
0.497702
1.01413
1.13868
0.616117
0.39737
0.294425
0.762958
0.558082
0.299404
0.875666
0.161429
0.942126
0.606115
0.356772
0.306346
0.752325
0.269615
0.515405
0.357899
1.09783
2.40813
0.783246
0.457128
0.353164
0.279372
0.253289
1.5398
0.756685
0.72743
0.296005
1.11681
0.531252
0.615409
1.44208
0.333997
0.611938
1.49063
1.01726
0.676927
0.747116
1.1562
0.428263
0.588267
0.361384
1.26674
0.331449
0.389941
0.602646
0.263776
2.52617
0.801813
0.167115
0.61489
0.679865
0.862309
0.722559
0.746519
0.83568
0.72226
0.471914
1.06026
0.562253
0.80495
0.231155
0.954726
0.475518
1.09035
0.780088
1.15693
0.376565
1.31016
0.92665
0.454296
0.484793
0.417808
0.24764
0.364704
0.69961
0.187977
0.416626
0.0988536
0.324633
0.910958
0.758594
1.06849
0.61565
1.27141
1.06947
0.668727
0.585335
0.69995
0.322744
0.468851
0.640525
0.460237
0.311503
0.560362
0.567797
0.583618
0.908278
1.12112
0.505532
0.493992
0.879392
1.25669
1.06686
0.839308
0.749087
0.304517
0.628665
1.37015
1.0454
0.210088
0.649236
0.650148
0.389376
0.336091
0.674314
0.689544
3.48962
0.567164
2.16935
0.54707
1.28285
0.665551
0.332182
1.25682
0.348121
0.374807
3.20503
0.301399
0.629927
0.694542
0.525059
0.994768
0.253852
0.278514
0.802684
0.659702
0.308376
1.19529
0.626369
1.10738
0.300797
0.796139
0.454049
0.632446
1.37811
1.22205
0.211425
3.25952
0.987256
0.367183
0.448617
1.1254
0.236326
1.31715
0.841873
0.470562
0.667338
0.404681
0.534852
0.68256
0.257671
0.681725
0.607657
0.475735
0.531778
2.31535
0.896236
1.25422
0.480288
1.56576
0.799198
0.859951
1.34581
0.765149
0.220433
0.443301
0.584029
1.09382
1.07028
0.961335
1.34626
1.36607
1.55514
0.837047
0.816718
0.463797
2.50635
0.878518
0.128315
0.614704
0.835282
0.256846
1.09132
0.956486
0.633574
1.11267
0.549095
0.258966
0.5375
0.453391
0.968031
0.701269
0.918041
0.178834
1.04479
1.16462
0.281498
0.664672
1.24439
0.883178
0.65147
0.89933
0.255528
1.04384
0.366977
1.09322
0.954093
0.659046
0.4466
0.446383
0.257687
0.686433
0.979551
0.737599
0.648206
0.694839
0.111247
0.650892
0.498155
3.20164
1.0595
0.662608
0.332972
0.486032
2.71399
0.686581
0.478681
0.49591
0.529178
0.6053
1.2279
0.299537
1.3125
2.59707
0.436783
1.97971
1.23874
0.610953
0.517195
1.57211
0.302891
0.335006
0.446119
0.7419
0.391063
0.638748
0.596591
1.49604
0.768261
0.583679
0.345666
0.770533
3.87385
0.437357
0.58232
1.58809
0.398361
0.473902
0.507648
4.11187
0.602802
0.0795369
0.322539
0.640838
0.607542
0.831521
0.975931
0.333399
0.296468
0.332888
1.08074
1.20406
1.27218
0.321718
0.492739
3.39965
1.23365
0.195812
0.52309
0.570876
0.3803
0.240028
0.981165
0.280532
0.551772
0.477645
0.658422
0.537018
1.59605
0.766794
0.283656
0.851615
0.393668
1.9157
1.23045
0.947749
2.45921
0.954401
0.267133
2.20535
0.177506
0.936764
1.57949
0.160769
0.644113
0.585496
0.312602
0.289714
0.539131
2.10646
0.68557
0.336607
0.823145
0.90458
0.31755
1.11574
0.585477
0.519603
0.227991
1.59896
0.393265
0.925135
1.56722
0.860159
0.268979
0.778152
0.626353
0.336144
0.444727
2.22977
0.774055
0.912559
0.309872
0.506026
3.58236
0.258358
0.43294
0.577594
0.558536
0.655201
1.36336
0.600091
0.907276
1.13831
1.30464
0.158293
0.599433
0.634102
0.670622
1.93367
0.854231
0.315062
0.527924
0.510295
0.644702
0.771826
0.110602
0.790088
0.330272
0.601537
0.778452
0.404543
0.912108
0.22413
1.02083
0.487532
0.709171
0.117558
0.310651
0.838241
0.264711
0.736749
0.333347
0.752233
0.496075
1.3067
0.444449
0.497338
1.40453
0.179864
0.632548
0.148773
0.829873
0.229383
1.04103
0.708433
0.94518
0.507732
0.462399
2.50101
0.637182
0.39423
0.422357
0.451546
0.927943
0.538504
1.10001
3.48093
1.05422
0.403123
0.19925
1.31853
0.734232
0.860952
0.541544
1.53017
0.908556
0.9007
0.379926
0.281266
0.534718
0.471354
0.661732
0.788696
0.830994
1.22434
0.388083
0.309058
0.223174
0.832301
0.967758
1.22877
0.4641
0.965318
0.193743
0.725264
0.224762
0.152147
2.37406
0.285752
0.255547
0.590913
1.39633
2.32239
0.767254
0.460577
0.394831
0.520523
0.320881
1.63476
0.576492
0.665463
1.45871
0.448267
0.536183
2.74061
0.640872
1.33948
0.596354
0.987
0.255417
0.37129
0.238517
0.251308
0.424632
0.964501
0.536185
0.174637
0.690006
0.876947
0.467431
0.682593
3.54751
0.593829
1.0213
1.03562
0.292039
0.587769
0.716333
0.886483
0.837244
0.459772
0.691648
0.158517
0.785706
0.657125
0.393138
0.490046
0.727988
0.360453
0.818075
0.396867
0.96469
2.95215
1.41673
0.412943
0.391417
0.94785
0.487661
0.843543
0.650097
1.9231
0.33914
1.19006
0.876852
0.511125
0.724678
1.27612
0.407858
2.05717
0.377346
0.427543
0.568276
0.867996
0.80293
0.37033
0.691761
0.559773
0.871033
0.310099
0.752303
0.504896
0.508692
0.257153
0.624488
0.425403
0.715441
0.896619
0.367502
0.427293
0.889957
0.326251
1.61818
0.47362
0.335219
0.675254
1.11634
0.977442
1.05988
1.18479
0.569167
0.162243
1.51849
0.783647
0.337743
1.00143
0.540289
0.458094
0.29544
0.569526
0.798498
4.70978
1.11963
0.394492
1.20143
0.318347
0.213824
0.95452
0.286877
0.716087
1.02554
0.212455
0.478097
0.200185
0.734883
0.966041
0.752083
1.36409
0.498834
1.28225
0.341561
0.753952
0.312204
0.591666
0.4752
1.01915
0.452463
0.787746
0.654952
1.58188
0.247485
0.51729
0.543534
0.159019
1.0433
1.36001
0.592492
0.625231
0.284066
0.478431
0.952923
0.733013
0.30396
0.325819
0.61878
0.791249
0.545219
0.729291
0.620587
1.14754
1.05772
1.31847
0.21273
0.269025
0.5719
2.99884
1.05179
0.107129
0.499638
0.524776
0.481355
0.531317
0.934031
0.653581
0.421552
0.523811
1.08427
0.529608
1.21513
0.483708
0.171622
0.618415
1.61702
2.9738
0.198017
0.391426
0.536975
0.496095
0.563268
0.56873
0.85467
0.332881
0.814887
0.170261
0.407224
0.212662
0.696143
3.22008
0.198538
0.110889
1.03729
0.657332
0.322445
0.293086
1.39015
0.735559
1.35808
0.63636
0.566242
0.71422
0.530626
0.0932712
0.198976
0.457005
1.05659
0.301164
0.459991
0.529246
0.592611
1.17944
0.222312
0.241884
0.340191
0.220353
1.26487
0.731225
0.71339
0.462416
0.20861
0.313605
0.475863
0.939787
0.894463
0.280413
0.118257
0.406064
0.444872
0.499923
0.961204
0.607591
0.597946
0.0990402
0.450908
0.427706
0.923661
0.24849
1.19894
0.413708
0.353015
1.10692
0.371382
0.203508
3.71939
0.597714
1.09272
1.42173
0.674373
1.19613
0.44025
0.209785
0.902657
0.984219
0.213272
0.618334
0.363861
0.998964
0.621874
0.47216
0.767959
0.51256
0.893021
0.753413
1.17763
0.297932
0.747488
0.428738
0.406907
1.97394
0.968181
0.272678
0.327742
0.274321
1.64587
1.32774
1.28616
0.785538
2.38343
3.13664
0.877571
0.695062
0.450766
0.962644
0.544056
1.02147
0.452615
0.564562
1.23527
1.1112
0.349538
0.848905
0.54723
0.682817
0.526319
1.05738
1.82048
1.11753
0.450445
1.35987
0.822801
0.555833
0.435628
0.875051
0.649637
0.94445
0.35024
1.01587
0.833709
0.626151
0.564602
0.362836
0.481023
1.13733
0.262906
0.262394
0.429796
0.320178
0.677741
0.172596
0.611076
1.38358
0.72814
0.266592
0.5121
1.11858
0.439569
0.895029
0.688279
1.25043
0.331414
0.378314
0.493713
0.712025
0.805713
0.524332
0.827825
0.450788
0.865658
0.467317
0.500937
2.3286
0.0948552
0.594472
1.3533
0.770579
0.65295
0.888977
0.428403
0.219905
0.763727
0.355376
1.24011
0.710477
0.57226
0.160455
0.211808
0.482346
0.611097
0.243927
1.03351
0.444258
0.885416
0.66812
1.07237
0.372857
0.365162
0.414924
0.248357
0.136984
1.27705
0.154187
0.24117
0.794733
0.486618
0.800714
4.38516
0.551108
0.617705
1.28102
0.712081
0.289706
0.765549
1.56144
0.312279
0.617531
1.08138
0.722448
1.52521
1.08244
0.23662
0.714622
0.390257
0.196259
0.381283
0.617003
0.489388
0.380328
0.388557
0.573119
0.44238
2.0323
0.255329
2.83196
0.461037
0.945848
0.65543
0.492658
0.869123
0.486991
0.484977
0.276578
0.290541
0.867336
0.589837
0.778731
0.821111
0.580183
0.559151
0.994642
1.13732
0.572363
0.37912
0.926389
0.470367
0.38958
0.387015
0.513628
0.241992
0.787742
0.585034
0.607609
0.915148
0.696031
0.245736
1.90941
0.409691
0.56593
0.536358
0.453301
0.227953
0.831147
0.863239
0.284686
0.588844
1.08034
0.482743
0.359225
3.68829
0.449363
1.0621
0.568745
0.675533
1.21689
0.40237
0.249844
0.37042
1.30563
0.592138
0.793735
0.526451
0.659344
0.507584
0.212406
0.5989
0.472045
0.41957
0.372772
1.10952
0.308144
0.410117
0.485324
0.529455
0.448147
0.240476
0.244843
0.669493
0.582965
0.46454
0.458117
0.956754
0.69727
0.596545
0.833191
0.751071
0.361359
0.641896
0.0663285
0.499575
0.513203
2.27752
0.966247
0.672683
0.0719388
0.307314
0.962423
0.202638
0.856962
0.234821
0.379751
0.165103
0.823459
0.716946
1.14207
0.395454
0.53095
1.10989
2.56155
0.741948
0.263484
0.364997
0.625362
0.271996
1.05715
0.686059
0.42348
0.679615
0.588815
0.705268
0.8342
0.548236
0.499096
0.67013
0.791947
0.2792
0.214652
1.10896
0.332667
1.13399
0.530674
0.895382
0.465458
1.07175
0.598285
1.00311
0.195792
0.575301
0.935127
0.811
0.396897
0.660177
0.442404
0.633293
0.530431
1.54414
0.516287
0.83693
0.473535
0.484098
1.28702
0.921798
0.550167
0.2883
0.309211
0.272046
0.657316
0.305422
0.902246
0.940248
0.648267
0.248508
0.560415
0.382744
0.636644
0.46105
0.511815
0.600713
0.476738
0.632206
0.404782
0.143972
0.16625
0.414176
1.01562
0.773803
0.573645
0.875542
0.496301
0.26218
1.01921
0.754551
0.938019
0.521697
0.3969
0.438464
0.451269
0.91686
0.466081
1.07979
0.947391
0.447742
0.830549
0.335153
0.480906
0.544436
0.744919
1.11864
0.842541
0.310189
1.05955
0.583981
0.609147
1.52512
0.207557
0.518944
0.319979
0.332262
0.565054
0.322566
0.352694
3.90062
2.94679
0.471866
0.534169
0.661871
0.569731
1.99979
0.703053
0.573635
0.177084
2.43126
0.484093
0.408555
0.984539
0.365233
1.07699
0.692183
0.796495
0.0898114
0.589228
0.35076
0.449642
0.666868
1.31009
0.582229
1.03215
0.386748
0.292031
0.299496
1.12313
0.850686
0.108925
1.07022
0.980128
0.685792
1.14258
0.29817
0.526467
0.59729
0.460661
0.504336
0.967126
0.250795
0.784525
0.525838
0.708733
0.388086
0.767518
1.18195
1.19702
0.358277
0.761831
0.182342
0.705671
0.955337
0.632214
0.311774
0.593728
0.779429
0.467923
0.193696
1.33084
0.462778
0.266881
1.11553
0.735556
1.20674
0.341573
0.248427
0.591787
0.137853
0.577252
1.17008
0.666092
0.593128
0.622529
0.53005
0.52564
0.855939
0.858803
0.447503
0.610547
0.710381
0.945276
0.745301
0.42236
3.85883
0.238801
0.499399
0.494136
0.71281
0.457266
0.603602
0.220216
0.578806
0.481318
2.62575
0.268518
0.503514
0.989115
0.410066
4.11596
0.243313
0.919565
0.845287
2.29781
0.198501
1.05803
1.40714
1.32324
0.285244
0.295096
0.82035
0.550509
0.659062
0.705673
0.603975
0.656033
0.311819
0.553683
0.370475
0.346875
0.516148
0.460896
0.271234
1.48234
0.777693
0.387981
4.30464
3.80747
0.902461
0.735974
0.377256
0.501555
0.955052
1.06085
0.370785
1.32952
0.719381
0.562607
0.872248
0.673771
0.306762
0.728629
0.299782
0.507685
0.473425
0.798851
0.728799
0.937858
0.504393
1.28685
2.3813
0.605817
0.529992
0.780739
0.265054
0.814722
0.457471
0.213021
0.300113
0.758722
0.73289
0.30293
0.568879
0.10121
0.550304
0.193859
0.700962
0.665864
0.141703
0.839651
0.692521
0.106399
0.716409
0.856305
1.57998
0.541854
0.631957
0.834748
1.26102
0.326495
0.595315
0.665129
1.73446
2.43983
0.705678
0.452462
0.121053
0.565621
0.690368
1.11796
0.53958
0.662194
0.478259
0.439912
0.934881
0.764381
1.08377
1.08419
0.86117
0.518007
1.15422
0.758315
0.172079
0.709267
0.624842
0.52642
0.310917
0.989615
0.210062
0.438183
2.15884
1.05022
0.243993
0.34575
0.202688
0.722973
1.16647
0.76226
3.43528
0.369515
0.604667
0.536285
0.28357
0.466589
1.25859
0.951555
0.287735
0.749644
1.0403
0.453677
0.88918
0.692418
0.447098
0.581376
0.195891
1.07269
0.307048
0.656546
0.893166
1.18273
0.584973
0.504226
0.988885
0.445507
1.48398
0.55597
0.173573
0.975704
3.93615
1.41763
0.630441
1.0863
0.86297
2.85594
0.793948
3.27601
1.11991
0.539071
1.15978
0.478095
0.512799
0.570796
0.632901
0.555005
1.17585
0.644318
0.933647
0.236715
0.67175
0.452182
0.35208
1.05507
0.915514
0.496575
0.965708
0.718368
0.87294
2.64258
0.305452
0.787631
0.876151
0.587401
0.448037
0.861645
0.256929
0.408296
0.341071
0.691322
0.504278
0.828975
0.364208
1.27941
0.789893
0.782524
0.407845
0.487036
0.343645
0.555929
0.893335
1.17468
1.12455
0.215396
1.12701
1.50441
0.628464
1.11843
1.06393
0.958288
1.20395
0.73535
0.462703
0.480616
0.355267
1.26119
1.02088
0.938153
0.497806
0.163944
0.500722
0.283571
0.436718
0.441976
0.793237
0.60679
0.430281
0.958379
0.706352
0.511573
0.213754
0.909468
1.48253
0.882237
0.414362
0.598322
1.15774
2.92023
0.943564
0.579389
0.599478
1.00352
0.703691
0.668548
0.596955
0.305151
0.116084
0.324439
1.10117
0.844379
0.718263
1.36622
0.530953
0.657975
0.233941
0.485373
0.280811
0.450455
0.227519
0.755294
0.557806
0.547828
1.67604
0.871882
1.10217
0.85165
0.368359
0.267845
0.34004
0.913365
1.03066
0.30064
0.678126
0.403369
0.525588
0.481736
1.09181
0.412763
0.657693
0.148234
0.986126
0.55816
0.963982
1.25233
0.277373
0.763577
0.881364
1.07933
0.199959
0.7264
0.699863
0.402141
2.48012
0.376387
0.30612
0.3487
0.490841
0.766357
0.583769
2.66679
0.57846
1.04632
0.263508
1.10568
2.17579
1.64225
0.764928
0.971839
0.783688
0.133766
0.817685
0.711904
1.55941
1.32213
1.12023
0.313822
0.537978
0.832622
0.530418
0.328005
1.10258
1.78009
1.10597
0.405052
1.28594
0.216776
0.236856
1.0955
1.77318
0.465899
0.586985
0.825588
0.339054
0.256974
0.293476
0.528279
2.33103
0.818185
0.438621
0.771963
0.497373
0.338929
0.536554
1.15602
0.453549
0.645261
0.479246
0.353753
0.995362
0.431627
0.271601
1.01843
0.272992
0.357977
1.17319
0.34267
0.306792
0.744574
0.185129
0.26381
0.897908
1.1729
0.760513
0.428815
0.247759
2.26329
0.746913
0.950822
0.438731
0.584383
1.18779
0.29176
0.296674
0.997341
0.789882
0.295702
1.11659
0.653528
0.563487
0.746196
0.514828
0.939492
0.847095
0.692897
0.494003
0.271234
0.276563
0.956415
2.03057
0.417354
0.410757
0.235336
0.0934825
0.433915
1.00861
1.17974
1.43578
0.186793
0.186894
1.261
2.37857
0.511767
0.494141
1.06066
3.9366
0.409575
0.338156
0.700115
0.972613
0.249946
1.77122
0.172512
3.04514
0.242059
0.795759
1.01599
0.69778
3.9282
2.05899
0.692927
0.487763
1.09041
1.13938
0.28564
0.572479
0.781657
0.54747
0.803782
0.748021
0.29724
0.38717
0.296054
0.667064
0.333471
1.07584
0.585497
0.466493
0.897598
0.518143
0.32588
0.363902
0.800921
1.61013
0.349152
1.07448
0.671426
1.48907
0.38038
0.619532
3.07809
0.316532
0.659097
0.920825
0.733268
1.20974
0.47008
0.443821
0.597147
0.814004
1.3222
1.42474
0.992534
0.613937
0.815154
2.01808
0.965299
0.62774
0.911286
0.321097
0.515309
4.16597
0.397487
0.320074
2.57509
0.286383
0.284041
1.38946
1.16036
0.156912
1.4413
1.04684
2.25211
0.461571
3.25155
0.995506
1.47129
0.324149
0.685716
1.14067
0.185228
0.189587
0.546835
1.29449
0.583396
0.240233
0.546091
3.11563
0.208966
2.69803
0.336561
0.842542
0.609921
2.16224
1.05209
1.31547
0.464454
0.642397
0.333109
0.253537
0.143725
0.56289
0.478526
1.00577
1.01467
0.639881
0.284238
0.486412
0.388995
0.400905
0.390895
0.483639
1.20341
0.515754
0.491195
1.11538
0.548676
0.332889
0.484057
0.943523
0.820881
0.651607
0.281942
0.659352
0.642721
0.786259
0.823648
3.12236
0.36053
0.513076
0.277144
2.01602
0.754128
0.500297
0.997802
1.18924
0.835021
1.66162
0.206307
0.739994
1.01359
0.525338
0.483894
1.1653
0.669802
0.386118
0.267931
0.119165
0.5051
0.214603
0.290851
0.515854
0.357204
0.654893
0.53208
1.01502
0.551252
0.420393
0.800108
1.11711
0.356796
1.64943
1.01959
0.626024
0.581413
0.381239
0.769245
0.388278
0.65979
0.187077
1.3054
0.930774
0.625868
0.284583
0.838148
0.47427
0.614481
0.727411
0.902476
1.0697
1.13676
0.490797
0.475852
0.532124
0.387632
1.43371
0.690561
0.94089
2.53333
0.336653
0.431843
1.17471
0.545992
0.800785
0.685217
0.718099
0.783503
0.273997
0.313235
0.850779
0.882146
4.57578
1.36528
0.34021
0.184822
0.478052
0.206988
1.10588
0.578127
0.215124
0.950032
2.61464
0.382564
0.826467
0.766758
0.176151
1.35803
1.04932
1.20441
0.267662
0.507899
0.437737
0.781148
0.452393
0.301851
0.341824
0.548095
0.971934
0.903418
0.380275
0.780137
0.887717
0.163403
0.353826
0.171566
0.502865
0.28962
0.815317
0.798829
1.23006
0.581846
0.757307
0.333205
0.310769
0.286118
0.575665
0.345252
0.529821
0.55089
0.985863
0.42208
0.718423
0.51548
0.366088
0.286488
0.928994
0.355655
0.790955
1.1564
0.25882
1.2365
0.81886
0.547822
0.491353
2.44374
0.856093
0.273387
0.536859
0.477587
0.388634
0.393252
0.441455
0.511478
0.346251
0.717834
0.389448
0.971313
0.475779
0.377181
0.727962
0.495076
0.382489
0.639985
0.94117
3.68019
0.249722
0.82405
1.16954
0.855733
0.350967
0.309398
2.8957
3.30603
1.01145
0.468077
0.781633
0.925439
0.298321
0.709106
0.907546
0.346289
0.432849
4.9669
0.654833
0.492959
2.24377
0.677396
1.27855
0.425321
0.689201
0.957042
0.922466
0.487758
0.390306
0.354011
0.194446
0.313402
0.17378
0.547713
0.463392
0.608426
0.467285
0.44979
0.868339
0.4128
0.783384
0.489148
0.363222
1.15361
0.304648
0.209185
0.787001
1.05992
0.378473
1.65189
3.88024
0.503771
0.399451
0.240827
1.47351
2.00689
0.570001
0.415377
0.954823
0.657281
0.782686
0.627999
0.624523
1.0573
0.877008
4.0298
0.306684
0.617718
0.267546
0.614416
0.773104
0.839468
0.634448
0.225384
1.36432
0.436899
0.384255
0.626647
0.332756
0.648559
0.760532
0.718048
0.333875
0.31594
0.470095
0.168141
0.237008
2.5785
2.89833
1.15825
0.811017
0.279652
1.24479
0.530428
1.02546
0.26102
0.339541
0.602869
0.774487
0.386669
0.322937
0.479174
0.379912
0.31525
0.160942
0.684556
0.923429
0.73884
1.43088
0.392534
0.512247
0.529691
0.228303
0.246657
0.382395
0.752432
0.634423
0.371483
0.376364
1.04313
0.370822
1.20052
0.507488
0.705873
1.10085
0.92668
1.19699
0.58882
0.785207
3.51829
0.392436
0.480776
0.175284
0.832746
0.889258
1.21846
0.424828
1.366
0.271669
1.00794
0.46565
0.819699
0.138883
0.488221
0.698025
0.36589
0.304817
0.33793
4.62454
0.284149
0.575019
1.01378
0.628097
0.484252
1.87269
0.801746
0.112816
0.34327
1.3798
0.247966
0.248061
1.27592
0.981437
1.51423
3.14401
0.893962
0.46997
0.560532
1.98613
0.327536
0.270564
1.03173
2.46365
1.14688
1.07066
0.636705
0.288662
0.451124
0.747086
0.593166
0.382615
0.596719
2.91048
0.344717
0.389324
1.14049
1.24857
1.40868
0.862147
0.651263
1.0642
0.467166
0.68837
0.600761
1.52831
0.583015
1.18822
1.38606
1.39881
0.244419
0.869181
0.234881
0.921898
0.738686
0.607142
0.204674
1.09664
0.979675
0.144983
1.3607
0.700145
0.205466
0.224586
0.340369
0.0714746
1.19345
1.61918
0.510376
0.326582
0.821125
0.326876
0.795476
0.765647
1.01683
0.375665
0.872781
1.02053
0.904232
0.919119
1.064
0.366404
0.616976
0.112504
0.960727
1.18429
0.398116
1.04282
0.642234
0.52093
0.67208
0.546451
0.887658
0.982752
1.27917
1.11654
1.82097
1.23787
0.327131
1.26751
0.981598
0.30587
1.54461
0.767064
0.281982
0.410789
0.831067
0.970409
0.280265
0.508963
0.966216
0.960738
1.09071
0.622564
0.59147
0.374574
0.900403
4.37248
0.582375
0.386544
1.706
0.664473
0.757542
0.347126
1.58521
0.690336
0.310856
0.820559
0.597445
0.89101
1.51839
0.706327
0.836594
0.569292
5.1894
4.26106
0.574284
0.679259
0.909588
0.483164
1.08904
2.14737
0.892991
0.222848
0.577109
0.320761
0.466319
0.627875
0.254378
1.04741
0.890999
1.3114
0.297776
0.590364
0.530248
0.915745
0.254172
0.989518
0.106461
0.430877
0.70224
1.11547
1.25084
0.715036
0.686371
0.547763
0.78231
0.129196
1.72683
0.646999
0.421818
1.22698
0.395327
0.235496
0.278288
0.521639
0.513461
0.772653
0.668987
0.955282
0.649876
0.294223
0.608308
0.778894
0.345137
0.241319
0.777061
0.619704
0.679112
0.311393
0.725927
0.326764
1.49792
0.640124
1.18842
0.585689
0.523024
0.444237
0.420512
0.921648
0.250696
0.249723
2.22875
0.915688
0.462161
0.62243
0.424436
0.375446
0.347514
0.527222
0.540397
0.516136
0.265892
1.80958
0.223788
0.451637
0.346184
0.417389
0.421454
0.135172
0.309581
1.0187
0.905129
0.228821
0.232837
1.5456
0.624386
0.80097
1.183
2.16195
0.605762
0.471767
0.796616
0.313039
0.58535
0.94845
1.39908
0.826744
0.376745
0.520943
0.457561
0.83812
0.667353
0.511523
0.495329
0.813516
1.15432
0.322546
0.749835
0.204211
0.462449
0.120876
0.300271
0.165047
0.169586
0.350885
0.499397
0.596598
0.644506
0.247071
0.488394
0.695249
0.325225
0.629061
0.566083
0.541274
0.474815
0.865681
0.739939
0.130294
0.788356
0.766994
0.636715
0.689067
0.646314
0.191542
0.425698
0.684775
1.657
1.06891
0.119318
1.30328
1.09725
1.14548
0.538813
1.36145
2.15841
0.53875
0.800289
0.549417
1.22136
1.01599
0.179377
0.218292
1.67193
0.257948
0.267371
0.916852
0.629381
2.25176
0.341712
1.15085
0.529927
0.44219
0.515077
0.593756
0.577595
0.625993
1.09874
0.407224
1.1805
0.573598
0.709173
0.358438
0.447587
0.401689
3.99219
0.506886
0.092452
0.184792
0.0994917
5.12096
0.962028
0.814051
0.499202
0.134687
1.21114
0.87758
0.585991
0.97157
0.682884
0.316996
0.245068
0.360519
0.388995
0.140956
0.977906
0.44244
0.313861
0.332596
0.637208
0.587359
0.282386
0.682252
0.94314
0.574328
0.915612
1.05425
0.949138
1.13521
0.969215
0.727838
0.443587
1.12139
0.200768
0.94487
0.392601
1.13466
4.42022
0.601468
0.494507
0.620132
0.577175
3.56609
0.719591
0.654306
0.323576
0.37652
0.681868
0.486892
0.949283
0.91346
0.204592
0.70233
0.228636
2.82243
0.537567
2.4281
0.492246
0.634657
0.32606
1.21818
0.462296
0.966064
0.664464
0.453101
0.862067
0.396251
0.338458
0.266805
0.699882
1.14325
0.510001
0.940369
0.53708
0.511018
0.335597
0.998387
0.362709
0.313976
0.704524
0.182421
0.78811
0.700692
0.249874
1.11291
0.844019
0.337165
0.573997
1.14309
0.41982
2.15961
0.569712
3.13436
0.879827
0.212092
0.548948
0.260283
0.849542
0.431078
0.282902
0.593816
0.486053
0.93149
1.07579
1.76565
0.468955
0.763669
0.547499
0.535256
0.609909
1.03208
0.286151
0.170476
0.564747
0.589531
0.704243
1.06215
0.289013
1.02797
0.823177
0.4735
1.36798
1.035
0.609088
0.651573
0.382971
0.460774
0.478865
0.536156
0.86171
0.240508
0.289924
0.519069
0.522717
1.04569
0.783318
0.368161
0.364934
0.389667
0.656989
1.03394
0.385625
0.305374
0.514724
2.22459
0.403043
0.712151
0.624041
0.435822
0.544072
0.783994
0.245155
0.584266
0.54498
0.903456
0.374422
0.855312
0.391697
0.521579
0.801652
0.206783
0.33911
1.14419
0.57729
0.412243
0.221446
0.53051
0.88409
0.550973
0.530376
1.08735
0.891774
0.382139
0.16956
0.452151
0.20115
0.384926
0.614934
1.12683
0.685805
1.00646
0.450039
0.812234
3.66177
0.516252
1.10297
0.340937
1.50417
0.406808
0.538733
0.200847
2.32011
1.07145
1.13917
0.846335
0.592753
1.65114
0.432578
0.929905
0.59284
2.70826
0.427248
0.377199
0.973251
0.578766
1.03583
0.646562
0.340426
1.47771
0.967942
0.577639
0.556235
0.273516
0.851932
0.486202
0.286611
3.55665
0.241186
0.504595
0.354147
0.23644
1.3666
0.304442
0.392731
0.709711
0.666322
1.21475
0.686794
1.34636
0.815135
0.504129
0.458959
0.959748
0.691412
0.271679
1.09411
0.153496
0.373107
0.5437
0.44636
1.44365
0.51104
0.404897
0.933173
0.344407
0.997083
0.344861
0.460873
0.35833
0.47888
0.26563
1.00153
0.874331
0.944256
0.548098
0.882138
0.0998984
0.115589
1.05863
0.278084
0.577165
0.922535
0.262583
1.25784
0.535094
0.977806
0.498526
0.548694
1.03571
0.335181
0.670989
0.212588
0.822843
0.518486
0.541345
0.381707
2.48217
0.214365
0.237202
0.84558
0.39084
0.607802
0.584044
1.32277
0.584393
0.409663
0.694026
0.38947
0.44935
0.512907
0.664147
0.167323
1.23159
0.218393
0.66592
0.258243
0.58408
0.214031
0.490759
0.264003
0.417604
0.783135
0.266368
0.420848
0.563591
0.225882
0.380615
0.711751
0.247995
0.245614
0.9712
0.32235
0.41262
0.471991
0.241893
0.818539
0.405649
0.627508
0.536216
1.36574
2.08301
0.0916822
0.589652
0.457294
0.723951
0.427024
0.477474
0.811289
0.917404
0.341332
0.483764
0.611076
0.252563
0.537764
3.81411
0.556369
0.70541
0.336784
0.601083
0.365373
1.07343
0.779788
0.78031
0.841824
0.613822
0.265796
0.480749
0.394936
0.285455
0.249164
0.494802
0.309177
0.531888
0.221935
0.714667
0.736518
0.548107
0.68335
0.60141
0.609388
0.625934
1.30246
1.11168
0.0743396
0.585375
0.588945
0.328702
0.362825
0.769209
0.750522
0.345298
0.461793
0.679633
0.902579
0.473108
1.47177
1.081
0.367737
0.3494
1.06897
0.507386
0.334062
1.07046
0.40288
0.309973
0.18628
1.23854
0.833592
2.20423
1.20593
0.198372
0.499935
1.76216
0.391596
0.743665
0.348238
1.79968
0.877641
1.19622
0.356518
0.889653
0.554945
0.484413
0.691543
0.826608
0.51359
0.611312
1.59105
0.656552
0.859313
1.08296
0.429562
3.7064
0.907641
3.3734
0.411385
0.291872
1.21798
0.46783
1.73631
0.524808
0.513712
2.23444
0.518193
0.142955
0.516656
0.311413
0.529343
0.891502
0.393241
0.779897
0.881724
0.336363
0.267395
0.104246
2.6105
0.619109
1.07958
0.57426
0.608981
0.914546
0.623075
0.31159
1.12048
0.520511
0.721599
1.09493
0.344183
0.415699
0.454903
1.0272
0.77049
0.132182
0.584819
0.279972
0.924893
0.367707
0.671799
0.373647
0.906093
0.51473
1.28661
0.536456
0.412127
1.29911
0.493988
0.547787
0.571459
0.651541
0.434459
0.126643
0.19901
0.844156
2.26083
0.888952
0.421959
0.632101
0.614743
0.710027
0.162442
0.425347
0.387595
0.985717
1.25797
1.24982
0.525369
0.307952
2.22755
0.861268
0.440837
0.762256
1.25722
0.475387
0.591293
0.575236
0.447603
0.595088
0.256599
0.350719
0.343733
4.76746
0.70368
0.431652
4.32105
1.64148
0.226837
0.839172
0.336653
2.30894
0.734267
4.4947
1.74396
0.779291
1.1914
0.527444
0.471486
0.615193
0.544431
0.551434
0.301267
0.533275
0.578896
0.711383
2.45804
0.749463
0.213633
1.62923
0.591845
0.320909
0.786768
0.855804
0.402221
1.12944
0.74259
0.275114
0.237026
0.410175
0.448182
1.42724
0.583537
0.736952
0.927397
0.323903
3.53294
0.350843
0.429293
0.274593
0.277326
0.741783
1.38783
0.482567
0.33978
1.2563
1.81706
0.787401
0.884763
0.13441
0.420322
0.556064
0.562629
0.546488
0.458155
0.413757
0.65337
0.371886
0.121541
0.511978
1.02886
0.500406
1.56322
1.11685
0.239586
0.455387
1.18117
0.3631
0.426594
0.561982
0.995174
0.731379
0.314731
1.04403
0.387159
0.823173
1.04011
0.750868
0.583006
0.821006
0.631538
0.903952
0.332828
0.497938
0.422971
0.58531
0.264657
0.397458
0.587026
1.20967
1.37361
0.627474
0.425246
0.758413
1.19154
0.442628
0.765678
0.542654
0.705713
0.154447
0.441931
1.1687
1.23383
0.320586
0.181277
0.946488
0.628304
0.337171
0.856423
1.01449
0.588893
1.15443
0.30806
0.790446
0.164009
3.3359
0.739588
1.1039
0.755301
0.739793
0.567234
0.137153
1.01171
0.961655
0.326564
0.414344
0.769042
0.487066
0.396399
0.963851
0.162977
0.883219
0.317884
0.703863
0.423896
0.436461
0.382862
0.942756
0.648579
0.876402
0.532509
0.658422
0.436344
0.764026
0.811701
0.689993
1.07765
0.307264
1.16075
0.914558
0.428835
0.689863
4.69855
0.443698
0.757619
0.676424
0.92601
0.257053
1.4346
0.610273
0.122484
1.81871
0.366523
0.672611
0.390922
0.813413
0.741667
0.920934
0.732319
0.349318
0.702094
0.440496
0.941087
0.968429
1.60074
0.666314
0.788319
0.562168
1.79842
0.413602
1.19761
0.545925
0.528954
0.990748
0.575735
0.616766
0.702771
0.657084
0.533064
1.40976
0.205548
0.753513
0.466606
0.467537
0.912596
0.885053
0.327263
0.41098
0.355163
1.28457
0.171395
1.37429
0.36386
0.217715
0.229778
0.336427
0.635058
1.17249
0.48467
1.1959
0.295486
0.203025
0.898167
0.834827
0.94107
0.772032
1.01796
1.70122
0.216523
1.05682
0.710932
1.04036
0.767463
0.462633
0.65778
0.51634
0.658634
0.178744
0.304908
0.792193
0.783754
0.149117
0.379563
0.67592
0.913091
0.574128
0.74504
0.501938
0.386693
0.299932
1.21176
0.557475
1.03743
0.807971
0.337226
0.665154
1.01726
0.511887
0.650751
0.435496
0.330996
0.520741
0.208856
0.846538
0.762879
0.498142
0.944077
1.08809
1.3253
1.1313
0.26543
0.517366
0.687173
0.466638
1.37546
0.98607
0.790842
0.303804
0.0932973
0.237442
0.82105
0.84938
0.626328
0.901202
0.600551
0.675256
0.719787
1.14755
0.661047
0.914676
0.469131
1.04057
0.738488
0.761921
0.719727
0.159742
0.354366
0.641384
0.32562
0.125312
0.295122
0.358837
0.452448
0.222127
1.15838
0.139806
0.544041
0.523044
0.865849
0.634375
0.325134
0.409882
0.852729
0.472507
0.842949
0.618948
0.755017
0.988277
1.15099
0.345897
0.689621
0.387723
0.477536
0.366611
1.30175
0.590359
0.999573
0.74561
0.594307
0.870354
0.0464023
0.354244
1.22906
3.96728
0.876885
1.1475
0.425707
0.348576
3.04048
1.11517
0.893245
0.557412
0.186235
0.546226
0.708148
0.580165
0.436316
0.54672
0.446428
0.60518
1.11555
0.397144
0.401071
1.19391
1.2273
1.46371
0.672473
0.5007
0.699408
1.64854
0.8393
0.743964
0.510466
0.588331
0.359912
0.159347
0.712945
1.7956
0.8047
1.16302
0.135793
0.418076
0.523816
0.770385
0.577712
0.516626
0.482271
0.618706
0.421346
0.320731
0.307059
0.375994
0.761507
0.413445
0.93801
0.777862
0.26404
0.596745
0.739021
0.85376
0.621074
0.815589
0.657255
2.75488
0.200188
0.420225
0.582332
0.612018
0.677799
0.761331
0.336987
0.93951
2.31169
1.30503
0.373583
1.02162
1.10437
0.777212
0.521562
1.09593
0.316995
0.356579
0.310077
0.603431
0.146897
1.66737
0.810935
0.394476
0.896898
0.411136
0.437205
1.08286
1.179
1.28894
1.21111
0.522608
0.456586
0.350585
0.555026
2.32003
0.472682
1.05377
0.594799
0.747326
1.7302
1.11675
0.374065
0.361403
0.937885
0.713288
0.275896
0.949015
0.385468
1.25864
0.459132
0.534927
0.317246
2.35423
0.988697
0.962887
0.849448
0.104074
2.82007
0.869439
2.54088
0.861804
0.594182
0.973755
0.290465
0.574561
0.738414
0.430199
0.187467
0.451085
0.287032
0.701449
0.830055
0.468753
0.892968
0.208221
1.19427
0.479618
1.14558
0.827323
0.670761
0.463835
0.445118
0.946479
1.06817
0.30817
0.513121
0.613658
0.813219
0.327839
0.289369
1.45607
0.34075
0.37477
0.254806
0.684249
0.563256
0.100694
0.88215
0.597936
0.361624
1.96291
0.929713
0.719689
0.414634
0.174919
0.282413
1.62404
0.361611
0.534705
0.525628
0.575247
0.228574
1.11559
0.243337
0.459592
0.9181
1.00946
1.26337
0.198186
2.30677
0.360438
0.469844
0.256094
0.389747
0.863533
0.975063
0.676635
0.689877
0.412521
0.361318
1.88903
1.1038
0.686363
0.649884
2.58638
0.247327
1.2838
0.347318
0.570414
0.993158
0.983909
0.729201
0.206298
0.935495
0.800848
0.875344
0.721759
0.863448
1.20242
1.10734
0.387573
0.713892
0.529936
0.449621
0.520811
2.83327
0.131915
0.687063
0.31476
0.43996
0.836737
0.697816
3.35165
0.114248
0.406681
0.487525
0.716577
0.779608
3.33021
0.358395
0.570799
0.653618
0.15719
2.1255
0.807729
0.31897
0.265542
0.798011
0.69465
0.629141
0.420726
0.0850701
0.221353
0.399227
0.405128
1.17076
0.545181
1.12907
0.656046
0.517076
0.598706
1.24363
2.15859
0.601426
2.04225
0.501476
0.744624
0.835218
0.438695
0.442035
0.46724
0.495083
1.37107
0.394676
2.2585
1.01795
0.331429
0.285514
0.199721
0.755826
0.354691
0.804846
0.162702
0.472099
2.05822
0.643045
0.709243
0.3378
0.249334
0.326889
0.741555
1.06571
1.22432
0.769261
1.3473
0.158075
1.01022
0.423289
0.865181
0.83548
0.239312
0.926001
3.59555
0.172927
0.300407
0.520507
0.459924
0.579009
1.06776
0.70522
0.510933
0.187251
0.857577
0.4151
0.525969
1.0791
0.81509
0.372102
0.782923
0.202548
1.21034
0.325956
0.462461
0.20487
0.803195
0.489416
0.149586
0.581605
0.504236
0.682538
0.820459
0.456461
0.729116
0.581037
0.53359
1.66141
0.581493
0.514282
2.19072
0.478506
0.186766
4.07119
2.05199
0.806945
0.293649
0.661693
0.903095
0.657562
0.599449
0.646401
0.222313
0.425705
0.60487
0.759873
0.824702
0.230311
0.646249
1.08339
1.10465
0.238868
0.607159
2.89154
0.333571
0.407014
1.04059
0.793964
1.14991
0.444179
0.640762
0.628606
0.285312
1.00979
0.216363
0.236716
0.857081
0.548721
0.688845
0.875181
1.2846
0.7558
1.20934
0.839236
0.511777
0.810017
0.486582
0.298806
0.30534
0.635024
0.660385
1.50765
0.695776
0.0921192
1.27884
0.989188
1.14366
0.18439
0.259183
0.694388
0.778784
0.460394
1.08134
1.15791
0.448027
2.88994
0.83254
3.89742
1.08547
0.752911
0.13921
0.734175
0.772236
0.119184
0.432907
0.312151
0.716691
0.331504
1.49546
0.436053
0.22605
0.508463
0.470644
2.37971
0.343162
0.593589
0.412366
0.4763
1.43069
1.16454
0.293624
0.498934
0.932572
0.86822
0.692309
0.873308
1.24585
1.39218
0.290012
0.573295
0.483797
0.904129
1.1458
3.92599
0.238021
0.369544
0.91908
0.396302
1.0218
0.627637
0.209455
1.1561
0.198595
0.972029
0.549342
2.12823
0.781695
0.244693
3.88846
0.180518
0.246664
0.435976
0.382986
0.57472
0.566554
0.711948
0.510181
1.23756
0.654638
0.369862
0.53912
1.07551
0.195778
0.3585
0.940663
0.678605
3.04767
0.591075
0.976436
0.499865
0.241152
0.9307
0.213447
0.447877
0.054164
0.19356
0.501422
1.09418
0.558994
0.749175
0.500904
0.312645
0.759507
0.182817
0.584168
0.844158
0.187279
1.13653
0.779955
1.2911
4.21386
0.420466
1.04587
2.76297
0.196055
0.454988
1.54489
0.593891
0.723129
0.597347
0.123275
0.58669
1.159
4.26224
0.841465
0.796553
1.06199
0.0905188
1.79448
0.555393
0.970663
0.288147
0.379352
3.01296
1.04486
0.449841
0.415973
0.502276
0.398111
0.807186
1.30556
0.687895
1.48472
0.338949
0.631545
0.347494
0.338387
0.9117
0.227807
1.68482
0.550155
0.287369
0.652718
0.248984
0.907641
0.782378
0.707491
0.202059
0.208612
0.442097
1.22917
0.0818538
0.332037
0.779631
2.22711
0.510129
1.2929
0.825383
0.533215
0.289696
0.238926
1.10272
0.737757
2.00114
0.150155
0.33225
0.880093
0.649969
0.737541
0.861169
0.852671
2.02839
0.124815
0.822583
0.563113
0.436232
0.525323
0.251476
2.20416
0.682647
0.529928
0.715404
0.275459
1.73712
0.24695
0.283606
0.34321
0.22801
1.2028
0.446751
0.849671
0.578498
1.25765
0.628776
0.22124
0.410953
0.635147
0.313928
1.12074
2.36497
1.06541
0.526324
0.496996
0.583034
0.12185
0.694878
0.484484
0.520666
0.465841
0.823722
0.433847
1.17924
1.3895
0.750073
0.601469
0.559516
0.839703
0.434734
0.809249
0.292207
0.619176
0.488396
4.7776
2.63845
0.169948
1.5967
0.568752
0.495764
0.894779
1.57602
1.07977
0.16745
0.50719
0.616134
0.259597
0.254409
0.313299
0.308645
0.452228
0.125617
0.422375
0.246091
0.486263
0.345882
0.70478
0.558722
0.152401
0.419801
0.640091
0.15804
0.742096
0.967186
1.49696
0.229935
2.28112
0.671693
0.643546
0.528823
1.25403
1.13948
0.172586
0.597603
0.445061
0.599236
0.41919
0.381094
0.57487
0.42015
0.334523
0.659158
1.01581
0.674331
1.02054
1.8
0.482677
0.191909
0.959773
0.215114
0.411874
4.1779
3.67383
0.834773
4.61413
0.179684
0.567951
0.471032
0.563586
0.631432
0.817293
0.865138
1.20687
0.821462
1.00561
0.669818
0.126192
0.713877
0.220731
0.158369
1.27789
1.10443
0.302985
1.05272
0.244982
0.656907
0.318493
0.713248
0.670127
0.713306
0.326551
1.80373
0.561252
0.331423
1.89106
1.21238
0.870338
0.614726
0.436458
2.31397
0.957132
0.280749
0.36085
0.377438
0.526412
0.613624
0.537586
0.829108
1.23821
0.198496
0.18526
0.704422
0.520934
0.361544
0.626063
1.01288
0.23979
0.605231
0.975164
0.389745
0.393285
0.612397
1.87517
0.527261
3.5079
0.269512
0.727797
0.297118
0.698907
0.558329
0.774496
0.895498
0.792247
0.592638
1.021
0.982636
0.623769
0.798266
0.48901
1.12699
0.581649
0.739248
0.382909
0.450701
0.30667
0.679683
1.03161
0.554735
0.678359
0.503817
0.481747
1.07239
1.46507
0.937927
0.728702
0.584223
0.544299
0.815597
0.394243
0.967872
0.484067
3.16595
0.775384
0.717285
1.0424
0.173301
0.566294
0.57894
0.492848
1.0237
0.213856
1.14846
0.652944
0.569545
0.671493
0.351896
0.291929
0.952003
0.607502
0.517196
0.641573
0.391369
0.768035
0.31838
0.430812
1.95694
0.552441
0.339573
0.566879
0.156177
0.632514
0.608075
0.235205
0.912874
1.03362
0.407116
0.929114
0.863974
1.03339
0.763823
0.507298
0.175292
0.322716
0.245771
1.76974
1.12781
1.22945
0.388551
1.2139
0.0633203
1.24607
0.570755
0.738494
3
0.429625
0.483969
1.31886
0.481682
2.00183
0.472447
0.201311
0.322577
0.358333
0.656057
0.524917
1.5837
0.548011
0.746818
0.273125
0.335343
0.685031
0.491019
4.93964
0.473881
0.955465
0.414284
0.186643
0.550045
2.57398
0.407922
0.654041
0.323306
0.952317
0.870909
0.292255
0.438085
0.573312
0.377138
0.442092
1.14146
0.788837
1.05473
0.988824
0.647998
0.630092
0.512484
0.471849
0.357723
0.354408
0.414127
0.189064
1.1085
0.68825
0.345922
0.605451
0.638091
0.820851
0.770485
0.738423
0.287646
0.187493
0.986069
0.566826
0.648746
0.607563
0.817781
0.290571
0.30056
1.64019
0.371804
0.442954
0.527711
0.876236
0.471235
1.06546
0.498268
0.524084
0.8505
0.433989
1.35778
1.43656
0.5767
0.560861
0.473898
0.27612
0.869334
0.299768
0.48924
0.828589
0.435166
0.929574
0.662367
0.670772
0.24802
0.371858
3.42616
0.368155
1.0175
0.806322
3.98644
0.677599
0.410036
0.383513
0.189434
0.457588
0.580401
0.640844
0.952774
0.366729
1.07765
1.34612
1.05362
0.69995
0.465956
0.792496
0.493074
0.446086
0.962535
0.573951
0.519699
0.695089
0.785129
0.485946
0.504907
0.86753
0.305822
1.43861
1.69841
0.395316
0.836399
0.134645
0.572521
0.417928
0.929384
0.829405
0.759592
3.60044
0.798117
0.987057
0.443173
0.702288
0.390739
0.213063
0.687146
0.285713
0.539391
0.409686
0.374854
0.613898
0.761564
0.331111
0.506537
1.76314
0.370931
0.367504
3.00359
0.681719
0.547288
0.31179
0.793664
0.658798
0.580872
4.49272
0.604255
1.08649
0.488411
3.44548
0.441158
0.627588
0.344121
0.997873
0.362496
0.485609
3.13012
1.07183
0.626302
1.50396
0.238305
0.329761
3.30521
0.261617
0.682145
0.477936
2.95214
1.25204
0.580035
1.22385
0.927275
0.9508
0.668949
0.582479
0.555192
0.966416
0.768404
0.907322
0.286945
0.618419
0.675795
0.873279
0.38169
0.379799
0.729392
0.730844
0.203185
0.582992
0.995409
0.926983
0.673548
0.241747
0.798858
0.528913
0.419433
1.01051
1.53022
0.368459
0.728684
0.52122
1.66957
2.32274
0.198406
0.721938
0.50587
0.700301
0.332647
0.997963
0.274239
0.68589
0.413943
0.164195
0.533217
0.640793
0.199551
0.406595
0.560953
0.203206
0.522907
0.72165
0.965014
0.357995
0.500594
1.01724
0.981365
0.304959
1.10024
0.372589
0.114896
0.676658
0.415632
0.63561
1.15593
0.831922
0.238569
0.315633
0.494804
0.39318
0.221499
0.757553
0.923501
0.592427
0.752049
0.193832
0.47049
0.460788
0.24546
0.787466
0.164187
0.650043
0.588452
0.533743
0.290647
0.145847
0.367102
1.02348
0.30248
0.749649
0.305773
0.568838
0.980984
0.804547
1.34166
1.22389
0.418471
0.714545
0.957347
0.89973
0.128289
0.553125
0.160987
2.69244
0.513776
1.16124
0.522385
0.590785
1.04831
0.578084
0.455572
0.544529
0.257654
0.576444
0.268904
0.673718
0.108549
0.157824
0.7582
0.444587
0.627604
0.678879
0.419421
0.499101
0.0689714
0.300283
0.416573
0.642722
1.1955
0.817834
0.902805
0.963946
0.291637
0.349977
0.671971
0.659524
0.207946
0.262804
1.22278
0.387672
0.825618
0.396119
0.48446
1.128
0.136508
0.539354
1.43728
1.12041
0.516575
0.679612
0.444035
0.603375
0.59529
1.09396
0.792545
0.579224
0.80879
0.723373
0.338598
0.494169
0.489959
1.82366
0.126006
0.145976
0.45072
0.649717
0.197263
0.758901
0.487608
0.531109
0.571338
0.417976
0.217893
0.409449
1.40082
0.752758
1.3627
0.431244
1.50454
0.663882
0.936541
0.620396
1.12007
0.669457
0.882211
0.593328
0.820241
0.438521
0.690922
1.11665
0.265434
0.138984
1.36874
0.055984
1.66052
0.471357
0.216675
0.772251
1.38042
0.604284
3.36787
0.849303
0.690269
0.22804
1.72084
0.467393
0.625766
1.39992
0.383961
0.753797
2.40061
1.31335
1.00551
0.326387
0.679335
0.786143
0.263035
0.24688
0.456304
0.776219
0.862344
2.72145
0.604822
0.510988
0.620011
0.685086
1.05304
0.500345
1.30403
0.542943
0.610334
0.455049
1.05546
0.153974
0.905083
0.368987
0.894924
0.218936
1.14773
0.735508
0.508753
0.446919
0.386202
0.153455
0.348129
1.18663
0.979128
0.364521
0.244305
0.345126
0.257065
0.379638
1.04483
0.202702
0.216284
0.392666
1.04511
1.26138
0.27232
1.39672
0.988941
0.164899
0.320812
2.7972
0.989539
1.08835
4.8959
0.149703
0.112234
0.0275041
0.612399
0.287973
0.20957
0.593187
1.14621
0.354734
1.0525
1.11441
0.460782
1.21793
1.71212
0.375795
2.11466
1.00187
0.506793
0.90964
0.358604
0.693765
0.811827
1.11872
0.276009
0.534365
1.96354
0.606987
0.314375
0.767221
0.272625
0.236007
0.67492
0.199701
0.473456
1.3998
0.319534
0.640874
2.48012
0.573449
0.691784
1.33577
0.348352
0.527331
0.523276
0.31224
0.126857
0.863221
0.951959
0.571825
0.232556
0.975365
0.534517
0.908688
1.87039
0.0801098
0.525036
0.738111
0.618128
1.5232
0.976092
0.310593
0.80633
0.43107
0.516542
0.37835
0.894412
0.834231
0.422208
0.27169
0.520702
0.43318
1.27943
0.340492
0.688445
2.34904
1.00852
0.294788
0.437783
0.619536
1.063
2.14385
1.38734
0.236624
1.24361
0.403101
2.4375
0.771437
0.669133
0.320032
0.391961
1.30297
0.655063
0.492604
0.397161
0.624421
0.405187
1.23549
0.195111
0.628884
0.165538
0.65559
0.786602
0.885052
0.658982
0.781544
0.88891
0.448676
0.486147
0.357823
0.331794
0.230663
0.269812
0.933195
3.59101
0.867405
0.752081
0.555199
0.431608
0.72913
0.194774
0.432108
0.773359
0.701805
1.09558
0.979826
0.512098
0.965913
0.563774
0.279084
2.58795
2.46406
0.450972
0.667288
0.4653
1.08427
1.18657
0.16104
0.639871
2.06096
0.308298
0.385622
0.650867
0.959215
1.11468
0.171184
1.1785
4.36217
0.212992
0.188735
0.342165
0.59489
0.275095
0.374283
0.934549
0.317979
3.87823
0.360309
1.09449
1.04695
0.661041
0.595387
1.08407
0.91442
0.543688
0.816341
0.50655
0.201284
0.178779
1.2037
0.989751
0.381286
0.357462
0.7445
0.868431
0.682611
0.457013
0.255237
0.902808
1.30894
0.38975
0.127734
0.289006
2.43895
1.90766
0.962971
0.37076
0.337795
0.270618
0.328713
0.453098
0.292151
0.713792
0.585049
2.43989
0.905542
0.595949
0.674309
0.755262
0.487466
0.334106
0.324567
0.665079
0.509778
1.01025
0.463772
0.541816
0.633849
0.282138
0.273872
0.797414
1.56123
1.39259
0.578586
0.358158
0.679465
0.850283
0.772097
0.15776
0.793563
0.843399
0.372789
0.951313
0.262578
0.827597
0.181337
0.69835
1.1108
1.42002
0.252618
0.728297
1.697
0.892274
0.469548
1.26912
0.4622
0.294754
0.22211
0.570312
1.62083
0.374385
0.464225
1.25231
0.480706
0.67176
1.52689
0.632206
0.584169
0.692403
0.68408
0.203927
1.06546
0.867127
0.454946
0.356836
2.39146
3.72669
1.52575
0.688033
0.150953
0.754309
3.52011
1.12084
4.51833
0.453847
0.73457
0.560095
0.189911
0.963349
0.794868
0.339021
0.932654
2.95411
0.686837
0.169994
0.521906
1.20557
0.703994
0.687607
0.653853
0.62425
0.262814
0.144704
0.430798
1.18707
0.337354
0.934252
0.374983
0.469846
0.643547
0.908299
3.01272
0.717823
1.42986
0.623658
0.320501
0.970805
0.207499
0.566376
0.25625
0.861607
0.670997
0.759779
0.998208
0.838375
0.393046
0.484838
0.459328
0.520955
0.242004
0.848013
0.764984
0.200211
3.52608
0.367116
0.429506
0.606456
0.559942
0.562422
0.376499
0.689953
0.0669741
0.96973
0.332878
0.314798
0.702398
0.336351
0.273811
1.18033
1.53064
0.314894
0.37685
0.485425
0.29629
0.687038
0.442571
0.627547
1.07197
0.642614
0.85225
0.744801
0.963031
0.422358
0.574616
0.331322
0.529972
0.4709
0.442626
0.599062
1.16717
0.352586
0.752335
0.495152
0.583146
1.06042
0.162514
0.442869
0.627062
0.396969
1.2518
0.516433
0.860574
0.532028
1.08931
0.609312
1.17604
2.40611
0.14503
1.57405
0.426576
0.656651
0.308158
0.660428
0.470156
1.34248
0.195212
0.843585
0.491112
0.568987
0.233234
0.611046
0.544052
1.1028
0.192443
0.47527
0.571445
0.817646
1.7037
0.232024
0.225002
0.0968722
0.745938
0.517789
0.934826
0.789132
0.559793
0.211231
3.49521
0.746741
1.03262
0.591819
0.62162
0.686094
0.257332
0.987422
1.45835
1.27445
0.781981
1.3493
1.68604
0.605132
0.0557997
0.319974
0.347974
0.445288
0.652521
0.80378
0.406723
0.518883
0.389069
1.12501
0.904017
0.39942
0.350944
0.701279
0.596047
0.356341
0.461072
1.14723
0.451846
4.23618
0.563353
0.959532
0.419097
0.69852
0.864064
0.5053
0.169649
0.60421
0.873892
1.07165
0.459357
0.688853
0.711878
0.482427
0.281781
1.09858
5.32765
0.595813
0.171192
1.18206
0.472488
0.37972
0.31728
0.693639
0.503819
1.01439
0.366242
0.993753
0.751746
0.937245
0.819808
0.884532
1.10996
0.430009
0.457583
0.678764
1.22169
0.594391
3.02058
1.61743
0.58309
0.173443
0.497879
0.456009
0.975269
0.739623
1.37106
0.242998
0.500157
0.272576
0.68612
0.556609
0.459568
0.488513
0.438472
0.403893
0.123333
0.344416
0.625661
0.883437
0.668836
0.499794
0.190861
1.06904
0.51068
0.344669
0.20432
0.451011
0.36802
0.824487
0.604884
0.454338
0.713865
0.735565
0.297538
0.673503
0.397446
0.581276
0.338445
0.410232
0.884858
1.04685
1.10247
0.0675114
0.320519
0.248638
0.529503
0.396328
0.465666
0.536808
0.953949
0.677482
0.33082
0.354779
0.153785
0.951313
0.479738
0.141715
0.612336
0.22216
0.463203
0.486012
0.269897
0.596194
2.05554
1.71945
0.26185
1.10543
0.503043
0.547946
0.481427
0.616631
0.533626
0.357539
0.197033
0.600492
0.410978
0.739055
0.738067
0.479826
0.619772
0.339052
0.785129
0.478773
0.205507
0.213259
0.586237
0.287135
1.12011
0.502581
0.553111
0.477817
1.65812
0.493907
0.383277
0.186975
0.804689
0.756189
0.416019
0.427219
1.02425
1.04109
0.518937
0.685278
0.297801
0.997797
1.01522
1.1075
0.931747
1.74106
0.39965
1.52109
0.669117
0.544126
0.321522
0.436388
0.375874
0.74414
0.560604
0.995151
0.933888
0.901323
0.95919
0.763384
1.00116
0.208874
0.0470942
0.266668
0.715256
0.300813
0.478203
0.57474
1.086
0.228309
0.705166
0.173125
0.671934
1.42105
0.36329
0.220911
2.32236
2.05475
1.43659
0.989236
0.360447
0.78195
0.805778
1.08638
0.717364
0.648154
0.810189
0.229747
0.332092
0.665651
0.428918
0.595868
0.508372
1.11675
0.130186
0.292246
0.668225
0.904361
0.774858
0.739511
0.490455
0.798343
0.187176
0.635236
1.63722
0.409776
0.994534
0.782467
0.549068
0.228261
0.743062
0.346325
0.21639
1.14084
1.4272
0.328181
0.976704
0.975589
0.153639
0.842137
0.666915
0.326352
0.748994
1.3788
0.519352
0.703725
0.339938
0.224046
0.196584
0.452003
0.602449
0.706379
0.596708
0.560008
0.1012
0.870754
1.33961
0.236733
0.507479
0.826505
0.427366
0.556639
0.432072
0.258966
0.382381
2.08661
0.989903
0.397973
1.0109
0.743186
0.416324
0.353508
0.306423
0.474748
0.148693
0.104409
0.550729
1.10272
0.312367
0.439325
0.180753
1.53558
0.712246
0.549984
1.07664
1.06606
0.582753
0.609077
0.207319
0.734399
0.388274
0.541929
1.80081
0.451534
0.290481
2.63494
0.258609
0.925949
2.9294
0.209494
0.227928
1.10516
0.91759
0.560877
0.412576
0.567675
0.355903
0.392987
0.389106
0.368157
0.39488
0.264206
0.789245
0.539781
0.559805
0.677836
0.540592
1.18558
0.662305
1.47576
0.552586
0.616776
0.723701
0.694812
0.650975
0.220814
0.734512
0.126685
0.433235
0.204702
1.31367
0.779221
0.557383
2.06408
1.6081
0.727406
0.688916
0.940082
0.247796
2.85252
0.499361
0.353827
0.0535693
0.39322
0.766418
1.8701
0.0652749
0.305555
0.787706
0.657511
1.35066
0.478474
1.01417
0.363322
1.43575
0.380032
0.857254
0.616525
0.284043
0.437094
0.33485
0.266495
0.25754
0.550973
0.767094
0.0873299
1.93882
0.994296
0.395961
0.417718
0.23379
0.534059
0.47198
2.57003
0.577695
1.55157
0.241587
0.519479
0.111639
0.359049
0.287883
1.27981
0.588612
0.455858
0.780892
2.77105
0.368646
0.164764
2.85693
0.81607
0.364779
0.226842
0.757018
0.586463
1.15132
0.450048
0.387367
0.821849
0.744673
1.01807
0.347696
1.31329
0.330834
0.375466
1.01128
0.149466
0.0778354
1.28897
0.0955965
0.559243
0.398005
1.24638
0.617308
0.665554
0.644253
0.694903
0.985319
0.595355
1.0013
0.368171
0.436902
0.838704
1.59824
1.1885
0.28517
0.508761
0.403204
0.364414
0.713844
0.885557
0.901014
0.749008
0.149298
1.30034
0.354069
0.94484
0.744722
0.507971
0.472214
0.635876
0.33604
0.815158
0.77611
0.508503
1.1245
0.560313
0.718026
0.964475
0.285373
0.486373
1.26079
0.466165
0.673432
0.473916
0.547338
0.267056
1.33827
0.76596
2.27568
0.229658
0.508054
0.498288
0.862198
0.240727
0.406731
0.405251
0.1061
0.680042
0.668117
0.363045
0.349528
0.714101
0.609121
0.615099
0.752881
0.843221
0.858262
0.49343
0.789607
0.454199
0.111079
0.928711
0.303787
2.87032
0.400243
0.576886
1.05773
0.715554
0.32089
0.482921
0.742822
0.249555
0.153581
0.781727
0.36623
0.208624
0.544786
0.492762
0.283198
1.86658
0.298311
0.36178
0.222811
0.986494
0.658507
0.435589
0.646074
2.57706
0.120875
0.563021
0.843678
0.652716
0.392862
0.172072
0.420297
0.763843
0.610009
0.345463
3.91353
0.66125
0.327673
0.531549
0.822571
1.55054
0.415391
0.225045
0.994458
1.50303
0.431474
0.605201
0.693259
0.481679
1.52877
0.203079
0.245947
0.523378
0.721924
0.522365
0.427514
0.940421
0.643041
0.489521
1.76602
0.982475
1.21999
1.23451
0.176673
0.677302
0.582494
0.333333
0.528416
0.662708
0.217793
0.48335
0.263778
0.535586
1.16029
0.467037
0.517299
1.97371
1.75683
0.360623
0.251014
0.828713
0.427994
0.571475
0.77352
1.31032
0.324662
1.27759
0.614484
0.763438
0.645565
0.492087
0.410148
0.310827
1.00355
0.227437
0.932087
0.547522
0.642042
3.82828
0.947978
0.736037
0.494823
0.557221
0.440941
0.599243
0.739765
0.609589
0.786307
1.15821
0.574537
0.372532
0.974934
0.474306
0.938446
3.98502
1.08723
1.10453
0.412362
1.173
0.625627
0.382467
0.605069
0.293356
0.548149
0.946216
1.14651
0.410835
1.02486
0.600389
0.429254
0.748997
0.533515
0.631644
1.08648
0.218132
0.545084
0.634495
0.545144
0.358117
1.16255
0.984729
0.203028
0.32872
0.393493
0.687538
0.612739
1.41726
5.14085
0.35352
0.586497
0.181195
0.614387
1.06781
2.88956
0.928062
0.795376
0.768468
1.18838
0.757263
0.698664
1.05443
0.656183
0.8754
0.309249
1.2038
1.59229
0.482291
0.188065
1.39926
0.560895
0.357937
0.79273
1.22349
0.506113
0.759377
3.16027
0.846473
0.479397
0.632844
4.16214
1.54355
1.14823
0.855418
0.462891
0.867051
0.454403
0.458121
1.09186
0.813313
3.29978
0.593679
0.150984
0.369313
0.476301
1.60188
1.61342
1.13712
0.567634
0.36286
0.603725
1.04593
0.674976
0.24698
0.846822
0.796397
0.379373
2.18955
0.673605
1.42767
0.679389
0.575489
0.526828
0.550562
0.221344
0.262567
0.450939
0.358507
1.3337
0.171786
0.645152
0.211049
0.91694
0.939656
0.279051
1.87736
0.462192
0.43919
0.434832
1.38213
1.04769
0.0600014
0.81731
1.52306
0.335131
0.958695
0.326469
0.276489
0.775072
0.551542
0.56495
0.145384
0.666947
0.790359
0.953052
1.16603
0.12944
0.436213
0.335564
2.89307
0.361463
0.511626
0.468226
0.87541
0.455986
1.13432
0.607733
0.892341
0.481212
0.550232
0.240076
0.709652
0.635771
0.822926
1.01996
0.653958
1.21801
0.230228
0.609459
0.255183
0.476962
1.3346
0.314075
0.585105
0.740301
0.151369
0.773352
0.241027
0.262236
0.594593
1.11126
0.987115
0.28528
0.377033
1.08664
0.903381
0.387853
0.65679
2.98892
1.46844
2.15829
1.34294
0.580074
1.64411
0.303823
0.329693
0.31475
1.175
0.75844
0.30748
1.10083
0.260404
0.671889
0.230283
0.400104
0.335793
1.00967
0.492845
0.476323
0.184679
0.407622
0.706359
0.568844
0.822627
0.398517
0.749597
0.455394
1.98687
0.440312
0.619304
0.348869
0.383383
0.543865
1.251
0.805488
0.498552
0.23653
0.854781
0.761063
0.312516
0.596038
0.919155
0.888112
0.571655
0.397368
0.425859
0.56873
0.52485
0.319591
1.29342
0.579701
0.372453
0.455865
0.886347
1.11911
0.566091
0.423005
0.319307
0.315816
0.616584
0.413928
0.0991004
1.49307
0.222942
2.58937
1.23568
0.487847
1.92766
0.501985
1.06721
0.770507
0.855638
0.414633
0.954714
0.733383
0.449359
0.993627
0.672569
0.353553
1.03925
0.283183
0.461955
0.597476
3.93049
0.734001
0.860914
0.291724
0.429949
0.530509
0.14681
0.176523
0.422057
0.929415
0.428498
0.615276
0.71501
0.307676
0.803566
0.689213
0.281408
0.203925
3.2646
0.180848
0.967824
0.298958
1.13707
0.725904
0.529339
0.62234
0.390748
0.588035
0.592768
0.683717
0.948085
0.599254
0.565432
0.799627
0.387012
0.455134
0.63536
1.11525
0.85282
1.09427
0.771497
0.271188
0.478279
1.07338
1.87469
0.189348
0.270625
0.658864
0.487049
0.916049
1.1143
0.16356
0.771913
0.500286
0.553641
0.763849
1.47142
0.182945
0.834231
0.345749
0.597633
0.441794
0.478622
0.268912
0.571711
0.536647
0.335648
0.50484
0.740149
0.716836
1.14874
0.243748
1.00546
2.49649
0.442753
0.266377
0.993533
0.53793
1.32215
0.361084
0.568804
0.253839
0.924753
0.154477
0.796232
0.612245
0.277503
1.06328
0.601746
0.397632
0.950495
0.941837
0.88877
0.560158
0.397259
0.580385
0.704578
0.947512
0.734396
0.530392
1.13212
0.684747
0.77096
0.280065
0.534241
0.889711
1.18989
0.398345
0.546714
0.213512
0.326333
0.38629
0.5535
0.825883
0.607416
0.325631
0.720405
0.533606
1.09077
0.355954
1.88798
0.2244
0.276005
0.513243
0.457964
5.21179
0.412882
0.899425
0.923389
0.740861
0.967874
0.583879
1.73243
0.747329
0.576549
0.388553
0.79732
1.36225
0.642547
0.481655
0.51336
0.739871
0.338845
0.272774
0.465523
0.428164
0.271924
0.465696
0.287088
1.05558
1.66734
0.197487
1.40506
1.05661
0.172278
0.55002
0.418265
0.26903
0.266082
0.139685
1.29813
0.433647
0.487211
1.02064
0.157828
0.973608
0.551151
0.421546
1.02044
0.357064
0.464935
0.393438
0.575577
0.97352
0.41784
0.440962
0.638726
1.20396
0.560684
0.249636
0.652374
1.20346
0.821724
1.06475
0.353439
0.171095
0.403553
0.659754
0.45874
0.644575
0.285421
0.161481
0.583692
1.06571
1.41696
0.641165
0.644826
0.695806
1.75093
0.751261
0.357298
0.880902
0.594986
0.65425
0.885083
0.667073
0.567981
0.454924
0.620414
0.0872539
0.412372
2.97354
0.623237
0.55967
0.530653
0.529277
0.314718
0.218399
0.410702
3.0148
1.85611
0.366493
3.71981
0.445644
4.03983
0.476599
0.477363
0.834882
0.269147
0.228033
1.66653
0.437843
1.00995
0.456161
0.490854
2.96595
0.345305
0.840735
1.12396
0.558551
2.66028
0.870383
0.866993
0.310082
0.585253
0.636865
0.625922
0.45354
0.649522
0.389418
0.661917
3.31452
1.16448
0.965552
1.78154
0.279422
1.17868
0.7722
0.518124
1.23406
0.550581
0.171755
0.353784
0.799731
0.21411
0.680028
1.32458
1.31878
0.2136
0.253466
0.389406
0.5902
0.946845
0.979081
0.803415
0.631666
0.422272
1.0309
0.413681
0.820303
0.831582
0.462959
0.662121
0.880959
0.488902
1.05316
0.577758
0.669647
1.58021
0.492593
0.612618
0.525787
0.365703
0.382001
0.937386
0.360044
3.93021
0.169004
0.586809
0.369845
0.414925
0.0819254
1.55155
0.691746
1.01884
0.764126
0.242661
0.257297
1.17754
1.08005
0.76304
0.71614
0.311972
0.824449
1.45978
0.624077
2.40373
1.4723
0.240715
0.306575
0.486228
0.377771
1.29178
1.25491
0.484271
0.568194
0.751203
0.10891
0.134135
0.822206
0.369438
0.510382
0.343335
1.3559
0.2252
0.786474
0.399121
0.90513
0.580886
0.857731
1.06233
1.15045
0.243641
0.845097
0.51143
1.13089
2.11076
0.638697
0.245062
1.53702
0.484209
1.02636
0.103751
0.845195
0.275534
1.44722
0.190998
0.626552
0.284439
0.465875
0.764271
0.234669
0.341587
0.244014
0.106745
0.518
0.223751
0.215251
0.789014
0.415341
0.433218
0.938466
0.567417
0.315623
1.01753
0.591639
0.260804
0.610179
0.903746
0.520232
0.64703
0.127237
0.479454
0.863991
0.451869
0.360685
0.692417
0.671363
4.3465
2.93507
0.209208
0.870349
0.368891
0.579485
0.23968
1.15764
0.964359
0.70256
0.165759
0.652887
0.527857
0.557423
0.164849
1.36302
0.411199
1.53186
0.605851
0.831364
0.941473
1.02832
1.75242
0.455044
1.84556
2.24694
1.18609
0.938819
0.200537
0.334013
0.871253
0.4682
0.277529
1.12915
0.446835
0.560542
1.64109
0.16207
1.48709
0.589328
0.682726
0.365367
1.11984
1.18618
0.509465
0.316088
0.705736
0.505196
0.871663
0.200885
0.342385
0.554613
0.928933
0.412134
0.591387
0.378608
0.758832
0.668702
0.333064
0.564909
0.508132
0.420315
3.05474
0.731594
0.492963
0.678845
0.375232
0.170609
0.512938
0.905342
0.396549
0.503082
2.41709
0.815376
0.313463
0.51721
0.455171
2.67411
3.43797
0.841713
0.509549
1.2529
0.654445
0.581848
0.613599
0.505954
0.29384
0.351079
1.30498
0.563667
4.0761
0.900628
0.647519
0.701867
0.139584
1.58875
0.555062
2.53994
0.965422
0.496556
1.26697
0.765149
0.907971
0.508793
0.458233
0.237918
0.579074
0.233324
0.329721
0.472304
0.570455
0.132034
1.9368
0.430962
0.599412
0.682911
0.687725
1.10167
0.264307
0.774184
0.719592
1.17219
0.775688
0.126134
0.36339
0.478405
0.113876
0.81616
0.760161
0.236961
1.03744
0.248037
0.462885
0.531968
1.46218
0.352637
0.986606
1.18708
0.28831
0.671062
0.997231
0.843693
1.09259
0.611493
0.335878
1.05484
0.821758
0.183941
0.26981
0.347222
1.01128
0.296518
1.12614
1.84504
0.831148
1.20959
0.599724
0.438846
0.658965
1.00153
0.0691471
1.33158
0.382706
0.571139
0.379645
0.219503
0.366638
0.661925
0.433581
0.372433
0.444801
0.726266
1.02232
0.847056
0.763224
0.778456
1.05539
0.403822
0.513229
0.633868
0.110849
0.923298
0.485168
0.565962
1.27184
0.536387
0.564818
0.66076
0.30305
0.697843
0.686216
0.540002
0.810516
1.21493
1.22415
0.364275
2.58209
0.43534
0.164164
1.40635
0.329155
0.644977
0.549617
0.494342
0.481143
1.04129
0.636887
0.598128
0.313702
0.548804
1.05894
0.309882
0.183871
0.386691
0.457729
0.701491
1.38682
0.211928
0.449575
0.685626
0.453902
0.717458
0.578053
2.31697
1.34117
0.58021
0.771112
0.15791
0.756627
0.403965
0.799787
0.173441
0.966292
0.56706
0.468816
0.351826
1.27883
0.35636
0.291451
1.39825
0.274786
1.07597
0.219751
2.54053
0.217129
0.494544
0.849238
0.587178
0.360875
0.340651
1.50063
0.742997
0.246754
0.915904
0.76242
0.642719
0.389455
0.36556
0.561082
1.67544
0.318892
0.870656
0.586551
0.382181
1.30697
0.84207
0.496517
0.42348
0.419891
1.05948
0.601582
1.16899
0.320167
0.591068
1.55458
1.06937
0.354798
0.306198
0.427863
0.348841
0.393063
0.691214
0.74198
0.409523
0.0811743
1.09266
0.624814
0.357968
1.77856
0.381417
1.07189
0.365712
0.0728545
1.23368
0.5019
1.23923
0.530394
1.09637
0.38817
2.98008
1.03427
0.742832
0.591005
0.631234
0.253543
0.408629
0.329409
0.484502
0.654836
0.29076
0.293794
0.489009
0.130373
3.46802
0.361966
0.224449
1.31737
0.469392
4.14844
0.410961
0.674239
0.180536
0.531703
0.252782
0.369515
1.04347
1.09056
0.380173
0.206077
0.980702
0.395208
0.673393
0.609058
0.951632
0.716446
1.17396
0.247673
1.08164
0.401028
0.478797
0.940333
3.07953
0.350917
0.397974
0.435417
0.29418
0.761922
0.965779
0.341034
0.348811
0.32308
0.303102
1.00861
0.580295
3.74685
1.43612
0.362398
0.55317
0.520247
0.933779
0.906909
0.503569
1.54926
1.24528
0.0776329
0.521904
0.260851
0.550516
2.84369
0.46666
0.562507
0.531534
0.528947
1.84085
0.781471
1.17447
0.429273
1.03166
0.612888
0.982025
0.126616
0.581919
0.876004
0.587493
0.426119
1.25672
0.57769
0.693572
1.03952
0.564521
1.32352
0.592471
0.645956
0.819851
0.507165
1.11136
0.627173
0.309565
0.895462
0.400617
0.501268
0.661617
0.429481
1.80476
0.398752
0.60162
0.109411
0.725354
0.377206
0.819674
0.828133
0.637749
0.790231
0.379537
0.295771
0.575193
0.229604
0.584163
0.489802
1.55214
0.884938
0.875161
0.569283
0.306207
0.590161
0.716163
0.572528
1.11984
0.389728
0.622854
0.722184
0.196313
0.797002
0.437371
0.243291
0.903507
0.141611
0.312036
1.98359
0.640914
0.617746
0.111067
0.79374
0.403407
0.310717
1.1003
0.686301
0.328296
0.741532
1.91695
2.06698
1.47542
1.19205
0.23428
0.396665
1.18608
0.320676
3.06224
0.398226
0.860277
0.256334
0.842921
0.944394
0.748505
0.337057
0.285927
0.254966
0.40158
0.445192
0.365867
0.226889
0.445992
0.930153
1.03952
2.44257
1.10289
0.488084
0.733102
0.624986
0.497612
0.507349
0.739411
0.614183
3.73427
0.841681
0.353571
0.84417
0.47134
0.298044
0.432039
0.281215
0.938374
0.520211
0.562687
0.460302
0.458932
0.76202
0.380162
1.038
1.43784
0.450848
0.44707
0.383752
0.654276
2.79235
0.370705
0.127049
0.335303
0.47624
0.731145
0.876955
0.15753
0.44327
0.439026
1.18429
1.61048
0.0955459
0.917673
1.2773
0.705362
0.448457
0.321243
0.733109
1.34996
0.536273
0.453252
0.798558
0.369129
0.529985
0.300129
0.616131
1.04162
0.377558
0.697457
0.910936
1.57132
0.416156
0.119056
0.647587
1.0403
0.329811
