0.010000 	 0.000000 	 0.000000	0.000000
0.020000 	 0.000035 	 0.000035	0.000000
0.030000 	 0.000552 	 0.000551	0.000001
0.040000 	 0.002782 	 0.002779	0.000003
0.050000 	 0.008744 	 0.008735	0.000009
0.060000 	 0.021196 	 0.021174	0.000022
0.070000 	 0.043573 	 0.043527	0.000046
0.080000 	 0.079904 	 0.079819	0.000085
0.090000 	 0.134724 	 0.134579	0.000145
0.100000 	 0.212971 	 0.212739	0.000232
0.110000 	 0.319879 	 0.319527	0.000353
0.120000 	 0.460869 	 0.460352	0.000516
0.130000 	 0.641432 	 0.640702	0.000730
0.140000 	 0.867029 	 0.866024	0.001005
0.150000 	 1.142983 	 1.141632	0.001351
0.160000 	 1.474382 	 1.472603	0.001779
0.170000 	 1.865997 	 1.863697	0.002300
0.180000 	 2.322204 	 2.319276	0.002929
0.190000 	 2.846922 	 2.843246	0.003677
0.200000 	 3.443561 	 3.439002	0.004559
0.210000 	 4.114984 	 4.109394	0.005591
0.220000 	 4.863482 	 4.856696	0.006786
0.230000 	 5.690760 	 5.682597	0.008163
0.240000 	 6.597934 	 6.588197	0.009738
0.250000 	 7.585541 	 7.574013	0.011528
0.260000 	 8.653552 	 8.640000	0.013552
0.270000 	 9.801399 	 9.785571	0.015828
0.280000 	 11.028006 	 11.009630	0.018376
0.290000 	 12.331827 	 12.310610	0.021217
0.300000 	 13.710882 	 13.686512	0.024370
0.310000 	 15.162805 	 15.134948	0.027857
0.320000 	 16.684886 	 16.653186	0.031701
0.330000 	 18.274117 	 18.238195	0.035922
0.340000 	 19.927238 	 19.886694	0.040544
0.350000 	 21.640781 	 21.595191	0.045590
0.360000 	 23.411113 	 23.360029	0.051084
0.370000 	 25.234477 	 25.177427	0.057050
0.380000 	 27.107031 	 27.043518	0.063513
0.390000 	 29.024880 	 28.954384	0.070497
0.400000 	 30.984115 	 30.906088	0.078027
0.410000 	 32.980836 	 32.894706	0.086131
0.420000 	 35.011183 	 34.916350	0.094832
0.430000 	 37.071356 	 36.967197	0.104159
0.440000 	 39.157638 	 39.043501	0.114136
0.450000 	 41.266412 	 41.141619	0.124792
0.460000 	 43.394173 	 43.258020	0.136153
0.470000 	 45.537546 	 45.389299	0.148247
0.480000 	 47.693288 	 47.532188	0.161100
0.490000 	 49.858301 	 49.683560	0.174741
0.500000 	 52.029636 	 51.840438	0.189197
0.510000 	 54.204497 	 54.000000	0.204497
0.520000 	 56.380242 	 56.159574	0.220668
0.530000 	 58.554386 	 58.316648	0.237738
0.540000 	 60.724595 	 60.468860	0.255736
0.550000 	 62.888693 	 62.614004	0.274689
0.560000 	 65.044651 	 64.750026	0.294626
0.570000 	 67.190589 	 66.875015	0.315574
0.580000 	 69.324769 	 68.987206	0.337563
0.590000 	 71.445593 	 71.084973	0.360620
0.600000 	 73.551595 	 73.166822	0.384772
0.610000 	 75.641438 	 75.231389	0.410049
0.620000 	 77.713910 	 77.277433	0.436477
0.630000 	 79.767914 	 79.303830	0.464085
0.640000 	 81.802465 	 81.309567	0.492899
0.650000 	 83.816685 	 83.293738	0.522947
0.660000 	 85.809794 	 85.255538	0.554255
0.670000 	 87.781108 	 87.194256	0.586852
0.680000 	 89.730032 	 89.109269	0.620763
0.690000 	 91.656054 	 91.000039	0.656015
0.700000 	 93.558741 	 92.866107	0.692633
0.710000 	 95.437730 	 94.707085	0.730644
0.720000 	 97.292730 	 96.522656	0.770073
0.730000 	 99.123510 	 98.312564	0.810946
0.740000 	 100.929900 	 100.076615	0.853285
0.750000 	 102.711783 	 101.814666	0.897118
0.760000 	 104.469093 	 103.526627	0.942466
0.770000 	 106.201810 	 105.212455	0.989355
0.780000 	 107.909956 	 106.872149	1.037806
0.790000 	 109.593591 	 108.505748	1.087844
0.800000 	 111.252814 	 110.113325	1.139490
0.810000 	 112.887754 	 111.694988	1.192766
0.820000 	 114.498569 	 113.250875	1.247694
0.830000 	 116.085445 	 114.781150	1.304295
0.840000 	 117.648592 	 116.286003	1.362589
0.850000 	 119.188241 	 117.765645	1.422596
0.860000 	 120.704643 	 119.220307	1.484337
0.870000 	 122.198067 	 120.650238	1.547829
0.880000 	 123.668795 	 122.055704	1.613091
0.890000 	 125.117125 	 123.436984	1.680142
0.900000 	 126.543366 	 124.794368	1.748998
0.910000 	 127.947837 	 126.128159	1.819677
0.920000 	 129.330864 	 127.438669	1.892195
0.930000 	 130.692785 	 128.726217	1.966568
0.940000 	 132.033938 	 129.991129	2.042810
0.950000 	 133.354672 	 131.233736	2.120936
0.960000 	 134.655335 	 132.454374	2.200961
0.970000 	 135.936282 	 133.653383	2.282898
0.980000 	 137.197866 	 134.831106	2.366760
0.990000 	 138.440445 	 135.987886	2.452558
1.000000 	 139.664374 	 137.124069	2.540305
1.010000 	 140.870012 	 138.240000	2.630012
1.020000 	 142.057713 	 139.336024	2.721689
1.030000 	 143.227832 	 140.412486	2.815345
1.040000 	 144.380721 	 141.469729	2.910991
1.050000 	 145.516731 	 142.508095	3.008635
1.060000 	 146.636208 	 143.527923	3.108285
1.070000 	 147.739497 	 144.529549	3.209948
1.080000 	 148.826939 	 145.513308	3.313632
1.090000 	 149.898871 	 146.479530	3.419341
1.100000 	 150.955625 	 147.428542	3.527083
1.110000 	 151.997530 	 148.360668	3.636862
1.120000 	 153.024910 	 149.276228	3.748682
1.130000 	 154.038084 	 150.175537	3.862548
1.140000 	 155.037368 	 151.058906	3.978462
1.150000 	 156.023070 	 151.926643	4.096427
1.160000 	 156.995495 	 152.779050	4.216446
1.170000 	 157.954944 	 153.616425	4.338519
1.180000 	 158.901709 	 154.439061	4.462648
1.190000 	 159.836080 	 155.247247	4.588833
1.200000 	 160.758340 	 156.041267	4.717073
1.210000 	 161.668768 	 156.821400	4.847368
1.220000 	 162.567637 	 157.587920	4.979717
1.230000 	 163.455214 	 158.341096	5.114117
1.240000 	 164.331761 	 159.081194	5.250567
1.250000 	 165.197534 	 159.808472	5.389062
1.260000 	 166.052787 	 160.523187	5.529600
1.270000 	 166.897763 	 161.225587	5.672176
1.280000 	 167.732705 	 161.915919	5.816786
1.290000 	 168.557848 	 162.594423	5.963425
1.300000 	 169.373423 	 163.261336	6.112087
1.310000 	 170.179653 	 163.916888	6.262765
1.320000 	 170.976761 	 164.561307	6.415454
1.330000 	 171.764960 	 165.194814	6.570146
1.340000 	 172.544462 	 165.817628	6.726834
1.350000 	 173.315471 	 166.429962	6.885509
1.360000 	 174.078188 	 167.032025	7.046163
1.370000 	 174.832809 	 167.624022	7.208787
1.380000 	 175.579525 	 168.206153	7.373372
1.390000 	 176.318522 	 168.778614	7.539908
1.400000 	 177.049982 	 169.341598	7.708384
1.410000 	 177.774083 	 169.895293	7.878791
1.420000 	 178.490998 	 170.439883	8.051115
1.430000 	 179.200896 	 170.975549	8.225348
1.440000 	 179.903942 	 171.502466	8.401476
1.450000 	 180.600295 	 172.020808	8.579486
1.460000 	 181.290112 	 172.530744	8.759368
1.470000 	 181.973546 	 173.032440	8.941107
1.480000 	 182.650746 	 173.526056	9.124690
1.490000 	 183.321856 	 174.011752	9.310104
1.500000 	 183.987017 	 174.489683	9.497334
1.510000 	 184.646367 	 174.960000	9.686367
1.520000 	 185.300039 	 175.422852	9.877187
1.530000 	 185.948163 	 175.878384	10.069779
1.540000 	 186.590867 	 176.326738	10.264129
1.550000 	 187.228274 	 176.768053	10.460221
1.560000 	 187.860504 	 177.202465	10.658039
1.570000 	 188.487674 	 177.630107	10.857567
1.580000 	 189.109898 	 178.051110	11.058788
1.590000 	 189.727286 	 178.465601	11.261686
1.600000 	 190.339948 	 178.873704	11.466244
1.610000 	 190.947986 	 179.275541	11.672445
1.620000 	 191.551504 	 179.671232	11.880272
1.630000 	 192.150601 	 180.060894	12.089707
1.640000 	 192.745372 	 180.444640	12.300733
1.650000 	 193.335913 	 180.822582	12.513331
1.660000 	 193.922314 	 181.194830	12.727484
1.670000 	 194.504664 	 181.561490	12.943173
1.680000 	 195.083049 	 181.922668	13.160381
1.690000 	 195.657553 	 182.278466	13.379087
1.700000 	 196.228257 	 182.628984	13.599274
1.710000 	 196.795242 	 182.974319	13.820922
1.720000 	 197.358582 	 183.314569	14.044013
1.730000 	 197.918355 	 183.649827	14.268528
1.740000 	 198.474631 	 183.980185	14.494446
1.750000 	 199.027482 	 184.305732	14.721750
1.760000 	 199.576976 	 184.626557	14.950418
1.770000 	 200.123180 	 184.942747	15.180433
1.780000 	 200.666158 	 185.254385	15.411773
1.790000 	 201.205974 	 185.561554	15.644420
1.800000 	 201.742688 	 185.864335	15.878353
1.810000 	 202.276360 	 186.162807	16.113553
1.820000 	 202.807047 	 186.457047	16.350000
1.830000 	 203.334804 	 186.747131	16.587673
1.840000 	 203.859687 	 187.033134	16.826553
1.850000 	 204.381747 	 187.315128	17.066619
1.860000 	 204.901036 	 187.593184	17.307852
1.870000 	 205.417603 	 187.867373	17.550230
1.880000 	 205.931497 	 188.137761	17.793735
1.890000 	 206.442764 	 188.404417	18.038346
1.900000 	 206.951448 	 188.667405	18.284043
1.910000 	 207.457596 	 188.926790	18.530806
1.920000 	 207.961247 	 189.182634	18.778613
1.930000 	 208.462445 	 189.434999	19.027446
1.940000 	 208.961229 	 189.683945	19.277285
1.950000 	 209.457638 	 189.929531	19.528108
1.960000 	 209.951710 	 190.171814	19.779896
1.970000 	 210.443481 	 190.410852	20.032629
1.980000 	 210.932987 	 190.646700	20.286287
1.990000 	 211.420262 	 190.879412	20.540850
2.000000 	 211.905340 	 191.109041	20.796298
2.010000 	 212.388252 	 191.335640	21.052612
2.020000 	 212.869030 	 191.559260	21.309770
2.030000 	 213.347704 	 191.779950	21.567754
2.040000 	 213.824304 	 191.997760	21.826544
2.050000 	 214.298859 	 192.212738	22.086121
2.060000 	 214.771395 	 192.424931	22.346464
2.070000 	 215.241940 	 192.634385	22.607555
2.080000 	 215.710520 	 192.841146	22.869374
2.090000 	 216.177159 	 193.045258	23.131901
2.100000 	 216.641882 	 193.246764	23.395118
2.110000 	 217.104713 	 193.445707	23.659006
2.120000 	 217.565675 	 193.642130	23.923545
2.130000 	 218.024789 	 193.836072	24.188717
2.140000 	 218.482077 	 194.027575	24.454503
2.150000 	 218.937560 	 194.216677	24.720883
2.160000 	 219.391258 	 194.403417	24.987841
2.170000 	 219.843191 	 194.587834	25.255357
2.180000 	 220.293377 	 194.769965	25.523412
2.190000 	 220.741834 	 194.949845	25.791989
2.200000 	 221.188581 	 195.127511	26.061070
2.210000 	 221.633634 	 195.302998	26.330636
2.220000 	 222.077011 	 195.476340	26.600671
2.230000 	 222.518726 	 195.647571	26.871155
2.240000 	 222.958796 	 195.816725	27.142072
2.250000 	 223.397236 	 195.983833	27.413403
2.260000 	 223.834060 	 196.148927	27.685133
2.270000 	 224.269283 	 196.312040	27.957243
2.280000 	 224.702918 	 196.473201	28.229717
2.290000 	 225.134978 	 196.632441	28.502537
2.300000 	 225.565477 	 196.789789	28.775688
2.310000 	 225.994426 	 196.945275	29.049152
2.320000 	 226.421839 	 197.098926	29.322912
2.330000 	 226.847725 	 197.250772	29.596953
2.340000 	 227.272098 	 197.400838	29.871259
2.350000 	 227.694966 	 197.549153	30.145813
2.360000 	 228.116343 	 197.695743	30.420600
2.370000 	 228.536237 	 197.840633	30.695604
2.380000 	 228.954658 	 197.983849	30.970809
2.390000 	 229.371616 	 198.125417	31.246199
2.400000 	 229.787121 	 198.265360	31.521761
2.410000 	 230.201181 	 198.403703	31.797478
2.420000 	 230.613806 	 198.540470	32.073336
2.430000 	 231.025003 	 198.675684	32.349320
2.440000 	 231.434782 	 198.809367	32.625415
2.450000 	 231.843149 	 198.941543	32.901606
2.460000 	 232.250114 	 199.072233	33.177881
2.470000 	 232.655682 	 199.201459	33.454223
2.480000 	 233.059862 	 199.329242	33.730620
2.490000 	 233.462661 	 199.455603	34.007058
2.500000 	 233.864085 	 199.580563	34.283522
2.510000 	 234.264142 	 199.704142	34.560000
2.520000 	 234.662837 	 199.826359	34.836478
2.530000 	 235.060178 	 199.947235	35.112942
2.540000 	 235.456169 	 200.066788	35.389381
2.550000 	 235.850817 	 200.185037	35.665780
2.560000 	 236.244128 	 200.302001	35.942128
2.570000 	 236.636108 	 200.417697	36.218411
2.580000 	 237.026761 	 200.532144	36.494617
2.590000 	 237.416094 	 200.645359	36.770735
2.600000 	 237.804111 	 200.757360	37.046751
2.610000 	 238.190817 	 200.868163	37.322654
2.620000 	 238.576218 	 200.977785	37.598433
2.630000 	 238.960317 	 201.086242	37.874075
2.640000 	 239.343121 	 201.193551	38.149570
2.650000 	 239.724632 	 201.299727	38.424905
2.660000 	 240.104856 	 201.404786	38.700070
2.670000 	 240.483798 	 201.508744	38.975054
2.680000 	 240.861460 	 201.611614	39.249846
2.690000 	 241.237848 	 201.713413	39.524435
2.700000 	 241.612965 	 201.814155	39.798811
2.710000 	 241.986816 	 201.913853	40.072963
2.720000 	 242.359403 	 202.012522	40.346881
2.730000 	 242.730732 	 202.110177	40.620555
2.740000 	 243.100805 	 202.206829	40.893976
2.750000 	 243.469627 	 202.302494	41.167133
2.760000 	 243.837200 	 202.397184	41.440016
2.770000 	 244.203529 	 202.490912	41.712617
2.780000 	 244.568617 	 202.583691	41.984926
2.790000 	 244.932466 	 202.675533	42.256934
2.800000 	 245.295081 	 202.766450	42.528631
2.810000 	 245.656465 	 202.856456	42.800009
2.820000 	 246.016621 	 202.945561	43.071060
2.830000 	 246.375551 	 203.033778	43.341774
2.840000 	 246.733260 	 203.121118	43.612142
2.850000 	 247.089750 	 203.207592	43.882158
2.860000 	 247.445024 	 203.293212	44.151812
2.870000 	 247.799086 	 203.377989	44.421096
2.880000 	 248.151937 	 203.461934	44.690003
2.890000 	 248.503582 	 203.545057	44.958525
2.900000 	 248.854022 	 203.627368	45.226654
2.910000 	 249.203262 	 203.708879	45.494383
2.920000 	 249.551302 	 203.789599	45.761703
2.930000 	 249.898148 	 203.869538	46.028609
2.940000 	 250.243800 	 203.948707	46.295093
2.950000 	 250.588262 	 204.027114	46.561148
2.960000 	 250.931537 	 204.104771	46.826766
2.970000 	 251.273627 	 204.181685	47.091942
2.980000 	 251.614535 	 204.257866	47.356669
2.990000 	 251.954263 	 204.333324	47.620940
3.000000 	 252.292815 	 204.408067	47.884749
3.010000 	 252.630193 	 204.482104	48.148089
3.020000 	 252.966399 	 204.555444	48.410955
3.030000 	 253.301437 	 204.628096	48.673341
3.040000 	 253.635308 	 204.700067	48.935240
3.050000 	 253.968015 	 204.771367	49.196648
3.060000 	 254.299561 	 204.842004	49.457557
3.070000 	 254.629949 	 204.911985	49.717964
3.080000 	 254.959181 	 204.981319	49.977862
3.090000 	 255.287259 	 205.050013	50.237245
3.100000 	 255.614186 	 205.118076	50.496110
3.110000 	 255.939965 	 205.185514	50.754451
3.120000 	 256.264598 	 205.252336	51.012263
3.130000 	 256.588088 	 205.318548	51.269540
3.140000 	 256.910437 	 205.384158	51.526279
3.150000 	 257.231648 	 205.449173	51.782475
3.160000 	 257.551724 	 205.513601	52.038123
3.170000 	 257.870666 	 205.577448	52.293218
3.180000 	 258.188478 	 205.640721	52.547757
3.190000 	 258.505162 	 205.703427	52.801735
3.200000 	 258.820720 	 205.765572	53.055148
3.210000 	 259.135155 	 205.827163	53.307992
3.220000 	 259.448470 	 205.888207	53.560264
3.230000 	 259.760668 	 205.948710	53.811958
3.240000 	 260.071750 	 206.008678	54.063072
3.250000 	 260.381719 	 206.068117	54.313602
3.260000 	 260.690578 	 206.127034	54.563544
3.270000 	 260.998330 	 206.185435	54.812896
3.280000 	 261.304977 	 206.243325	55.061652
3.290000 	 261.610521 	 206.300710	55.309811
3.300000 	 261.914966 	 206.357597	55.557370
3.310000 	 262.218314 	 206.413990	55.804324
3.320000 	 262.520567 	 206.469896	56.050671
3.330000 	 262.821728 	 206.525320	56.296408
3.340000 	 263.121800 	 206.580267	56.541533
3.350000 	 263.420785 	 206.634743	56.786041
3.360000 	 263.718686 	 206.688754	57.029932
3.370000 	 264.015506 	 206.742303	57.273202
3.380000 	 264.311246 	 206.795398	57.515849
3.390000 	 264.605911 	 206.848042	57.757870
3.400000 	 264.899503 	 206.900240	57.999263
3.410000 	 265.192023 	 206.951998	58.240025
3.420000 	 265.483476 	 207.003321	58.480155
3.430000 	 265.773863 	 207.054213	58.719651
3.440000 	 266.063188 	 207.104679	58.958509
3.450000 	 266.351453 	 207.154723	59.196729
3.460000 	 266.638660 	 207.204352	59.434309
3.470000 	 266.924813 	 207.253568	59.671245
3.480000 	 267.209914 	 207.302376	59.907538
3.490000 	 267.493966 	 207.350781	60.143185
3.500000 	 267.776972 	 207.398788	60.378184
3.510000 	 268.058935 	 207.446400	60.612535
3.520000 	 268.339856 	 207.493622	60.846234
3.530000 	 268.619740 	 207.540458	61.079282
3.540000 	 268.898589 	 207.586912	61.311676
3.550000 	 269.176405 	 207.632988	61.543416
3.560000 	 269.453191 	 207.678691	61.774500
3.570000 	 269.728951 	 207.724024	62.004927
3.580000 	 270.003687 	 207.768992	62.234695
3.590000 	 270.277401 	 207.813597	62.463804
3.600000 	 270.550098 	 207.857844	62.692253
3.610000 	 270.821779 	 207.901738	62.920041
3.620000 	 271.092447 	 207.945280	63.147167
3.630000 	 271.362106 	 207.988476	63.373630
3.640000 	 271.630757 	 208.031328	63.599429
3.650000 	 271.898405 	 208.073841	63.824564
3.660000 	 272.165052 	 208.116018	64.049033
3.670000 	 272.430700 	 208.157863	64.272837
3.680000 	 272.695353 	 208.199378	64.495975
3.690000 	 272.959013 	 208.240567	64.718446
3.700000 	 273.221684 	 208.281434	64.940250
3.710000 	 273.483369 	 208.321983	65.161386
3.720000 	 273.744069 	 208.362215	65.381854
3.730000 	 274.003789 	 208.402135	65.601654
3.740000 	 274.262531 	 208.441745	65.820785
3.750000 	 274.520298 	 208.481050	66.039248
3.760000 	 274.777093 	 208.520051	66.257041
3.770000 	 275.032918 	 208.558753	66.474166
3.780000 	 275.287778 	 208.597157	66.690621
3.790000 	 275.541675 	 208.635268	66.906407
3.800000 	 275.794611 	 208.673087	67.121524
3.810000 	 276.046590 	 208.710619	67.335971
3.820000 	 276.297615 	 208.747865	67.549750
3.830000 	 276.547689 	 208.784830	67.762859
3.840000 	 276.796815 	 208.821514	67.975300
3.850000 	 277.044995 	 208.857923	68.187072
3.860000 	 277.292232 	 208.894057	68.398176
3.870000 	 277.538531 	 208.929920	68.608611
3.880000 	 277.783893 	 208.965514	68.818379
3.890000 	 278.028322 	 209.000843	69.027479
3.900000 	 278.271820 	 209.035908	69.235912
3.910000 	 278.514391 	 209.070713	69.443679
3.920000 	 278.756038 	 209.105259	69.650779
3.930000 	 278.996764 	 209.139550	69.857213
3.940000 	 279.236571 	 209.173588	70.062983
3.950000 	 279.475463 	 209.207376	70.268087
3.960000 	 279.713443 	 209.240915	70.472528
3.970000 	 279.950513 	 209.274208	70.676305
3.980000 	 280.186677 	 209.307258	70.879419
3.990000 	 280.421938 	 209.340067	71.081871
4.000000 	 280.656299 	 209.372637	71.283662
4.010000 	 280.889763 	 209.404970	71.484792
4.020000 	 281.122332 	 209.437070	71.685262
4.030000 	 281.354011 	 209.468937	71.885073
4.040000 	 281.584801 	 209.500575	72.084226
4.050000 	 281.814707 	 209.531985	72.282721
4.060000 	 282.043730 	 209.563170	72.480560
4.070000 	 282.271874 	 209.594132	72.677743
4.080000 	 282.499143 	 209.624872	72.874271
4.090000 	 282.725538 	 209.655393	73.070145
4.100000 	 282.951064 	 209.685698	73.265367
4.110000 	 283.175723 	 209.715787	73.459936
4.120000 	 283.399518 	 209.745663	73.653855
4.130000 	 283.622452 	 209.775329	73.847124
4.140000 	 283.844529 	 209.804785	74.039744
4.150000 	 284.065750 	 209.834034	74.231716
4.160000 	 284.286121 	 209.863079	74.423042
4.170000 	 284.505642 	 209.891920	74.613722
4.180000 	 284.724318 	 209.920559	74.803758
4.190000 	 284.942151 	 209.948999	74.993151
4.200000 	 285.159144 	 209.977242	75.181902
4.210000 	 285.375301 	 210.005289	75.370012
4.220000 	 285.590624 	 210.033141	75.557483
4.230000 	 285.805117 	 210.060801	75.744316
4.240000 	 286.018782 	 210.088271	75.930511
4.250000 	 286.231623 	 210.115552	76.116071
4.260000 	 286.443642 	 210.142646	76.300996
4.270000 	 286.654843 	 210.169554	76.485288
4.280000 	 286.865228 	 210.196279	76.668949
4.290000 	 287.074800 	 210.222822	76.851979
4.300000 	 287.283563 	 210.249184	77.034379
4.310000 	 287.491520 	 210.275367	77.216152
4.320000 	 287.698673 	 210.301374	77.397299
4.330000 	 287.905025 	 210.327204	77.577821
4.340000 	 288.110580 	 210.352861	77.757719
4.350000 	 288.315340 	 210.378345	77.936995
4.360000 	 288.519309 	 210.403658	78.115651
4.370000 	 288.722489 	 210.428802	78.293687
4.380000 	 288.924883 	 210.453777	78.471105
4.390000 	 289.126494 	 210.478587	78.647908
4.400000 	 289.327326 	 210.503231	78.824095
4.410000 	 289.527381 	 210.527712	78.999669
4.420000 	 289.726662 	 210.552030	79.174632
4.430000 	 289.925172 	 210.576188	79.348984
4.440000 	 290.122915 	 210.600187	79.522728
4.450000 	 290.319892 	 210.624027	79.695865
4.460000 	 290.516107 	 210.647711	79.868396
4.470000 	 290.711563 	 210.671240	80.040322
4.480000 	 290.906263 	 210.694615	80.211647
4.490000 	 291.100209 	 210.717838	80.382371
4.500000 	 291.293405 	 210.740910	80.552495
4.510000 	 291.485853 	 210.763831	80.722022
4.520000 	 291.677557 	 210.786604	80.890953
4.530000 	 291.868519 	 210.809230	81.059289
4.540000 	 292.058742 	 210.831709	81.227033
4.550000 	 292.248229 	 210.854044	81.394185
4.560000 	 292.436983 	 210.876235	81.560748
4.570000 	 292.625007 	 210.898284	81.726724
4.580000 	 292.812304 	 210.920191	81.892113
4.590000 	 292.998876 	 210.941959	82.056917
4.600000 	 293.184727 	 210.963588	82.221139
4.610000 	 293.369858 	 210.985079	82.384779
4.620000 	 293.554274 	 211.006434	82.547840
4.630000 	 293.737977 	 211.027654	82.710323
4.640000 	 293.920969 	 211.048739	82.872230
4.650000 	 294.103254 	 211.069691	83.033562
4.660000 	 294.284834 	 211.090512	83.194322
4.670000 	 294.465712 	 211.111201	83.354511
4.680000 	 294.645891 	 211.131761	83.514131
4.690000 	 294.825375 	 211.152192	83.673183
4.700000 	 295.004164 	 211.172495	83.831669
4.710000 	 295.182263 	 211.192672	83.989591
4.720000 	 295.359674 	 211.212724	84.146950
4.730000 	 295.536400 	 211.232651	84.303749
4.740000 	 295.712443 	 211.252454	84.459989
4.750000 	 295.887807 	 211.272135	84.615672
4.760000 	 296.062494 	 211.291695	84.770799
4.770000 	 296.236507 	 211.311134	84.925373
4.780000 	 296.409848 	 211.330453	85.079395
4.790000 	 296.582520 	 211.349654	85.232866
4.800000 	 296.754527 	 211.368738	85.385789
4.810000 	 296.925870 	 211.387705	85.538165
4.820000 	 297.096553 	 211.406556	85.689997
4.830000 	 297.266578 	 211.425293	85.841285
4.840000 	 297.435947 	 211.443916	85.992032
4.850000 	 297.604665 	 211.462426	86.142239
4.860000 	 297.772732 	 211.480824	86.291908
4.870000 	 297.940152 	 211.499111	86.441041
4.880000 	 298.106927 	 211.517287	86.589640
4.890000 	 298.273061 	 211.535355	86.737706
4.900000 	 298.438555 	 211.553314	86.885241
4.910000 	 298.603413 	 211.571165	87.032247
4.920000 	 298.767636 	 211.588910	87.178726
4.930000 	 298.931229 	 211.606549	87.324680
4.940000 	 299.094192 	 211.624083	87.470109
4.950000 	 299.256529 	 211.641512	87.615017
4.960000 	 299.418243 	 211.658838	87.759404
4.970000 	 299.579335 	 211.676062	87.903273
4.980000 	 299.739809 	 211.693184	88.046626
4.990000 	 299.899668 	 211.710205	88.189463
5.000000 	 300.058913 	 211.727125	88.331787
5.010000 	 300.217547 	 211.743947	88.473600
5.020000 	 300.375573 	 211.760669	88.614903
5.030000 	 300.532993 	 211.777294	88.755699
5.040000 	 300.689810 	 211.793822	88.895988
5.050000 	 300.846026 	 211.810253	89.035773
5.060000 	 301.001644 	 211.826589	89.175055
5.070000 	 301.156666 	 211.842829	89.313837
5.080000 	 301.311096 	 211.858976	89.452120
5.090000 	 301.464934 	 211.875029	89.589905
5.100000 	 301.618185 	 211.890990	89.727195
5.110000 	 301.770849 	 211.906858	89.863991
5.120000 	 301.922930 	 211.922635	90.000295
5.130000 	 302.074431 	 211.938322	90.136109
5.140000 	 302.225353 	 211.953918	90.271435
5.150000 	 302.375699 	 211.969426	90.406273
5.160000 	 302.525471 	 211.984844	90.540627
5.170000 	 302.674673 	 212.000175	90.674497
5.180000 	 302.823305 	 212.015419	90.807886
5.190000 	 302.971371 	 212.030576	90.940795
5.200000 	 303.118874 	 212.045647	91.073226
5.210000 	 303.265814 	 212.060633	91.205181
5.220000 	 303.412196 	 212.075535	91.336661
5.230000 	 303.558021 	 212.090352	91.467668
5.240000 	 303.703291 	 212.105086	91.598205
5.250000 	 303.848009 	 212.119737	91.728271
5.260000 	 303.992177 	 212.134306	91.857871
5.270000 	 304.135798 	 212.148794	91.987004
5.280000 	 304.278873 	 212.163200	92.115673
5.290000 	 304.421406 	 212.177527	92.243879
5.300000 	 304.563398 	 212.191773	92.371625
5.310000 	 304.704852 	 212.205941	92.498911
5.320000 	 304.845770 	 212.220030	92.625741
5.330000 	 304.986154 	 212.234040	92.752114
5.340000 	 305.126007 	 212.247974	92.878033
5.350000 	 305.265331 	 212.261830	93.003501
5.360000 	 305.404128 	 212.275611	93.128517
5.370000 	 305.542400 	 212.289315	93.253085
5.380000 	 305.680150 	 212.302945	93.377205
5.390000 	 305.817379 	 212.316500	93.500880
5.400000 	 305.954091 	 212.329980	93.624110
5.410000 	 306.090287 	 212.343388	93.746899
5.420000 	 306.225969 	 212.356722	93.869247
5.430000 	 306.361140 	 212.369983	93.991156
5.440000 	 306.495801 	 212.383173	94.112628
5.450000 	 306.629956 	 212.396291	94.233664
5.460000 	 306.763605 	 212.409339	94.354267
5.470000 	 306.896752 	 212.422315	94.474437
5.480000 	 307.029399 	 212.435222	94.594176
5.490000 	 307.161547 	 212.448060	94.713487
5.500000 	 307.293199 	 212.460828	94.832370
5.510000 	 307.424356 	 212.473529	94.950828
5.520000 	 307.555022 	 212.486161	95.068861
5.530000 	 307.685197 	 212.498726	95.186472
5.540000 	 307.814885 	 212.511223	95.303662
5.550000 	 307.944087 	 212.523654	95.420433
5.560000 	 308.072805 	 212.536020	95.536786
5.570000 	 308.201042 	 212.548319	95.652723
5.580000 	 308.328799 	 212.560554	95.768246
5.590000 	 308.456079 	 212.572723	95.883356
5.600000 	 308.582883 	 212.584829	95.998054
5.610000 	 308.709214 	 212.596871	96.112343
5.620000 	 308.835074 	 212.608849	96.226224
5.630000 	 308.960464 	 212.620765	96.339699
5.640000 	 309.085387 	 212.632618	96.452769
5.650000 	 309.209844 	 212.644409	96.565435
5.660000 	 309.333838 	 212.656138	96.677700
5.670000 	 309.457371 	 212.667807	96.789564
5.680000 	 309.580445 	 212.679414	96.901030
5.690000 	 309.703061 	 212.690962	97.012099
5.700000 	 309.825221 	 212.702449	97.122772
5.710000 	 309.946929 	 212.713877	97.233051
5.720000 	 310.068184 	 212.725246	97.342938
5.730000 	 310.188990 	 212.736556	97.452434
5.740000 	 310.309349 	 212.747808	97.561541
5.750000 	 310.429262 	 212.759002	97.670259
5.760000 	 310.548731 	 212.770139	97.778592
5.770000 	 310.667758 	 212.781218	97.886539
5.780000 	 310.786345 	 212.792241	97.994104
5.790000 	 310.904494 	 212.803208	98.101286
5.800000 	 311.022207 	 212.814118	98.208088
5.810000 	 311.139485 	 212.824973	98.314512
5.820000 	 311.256331 	 212.835773	98.420558
5.830000 	 311.372746 	 212.846518	98.526228
5.840000 	 311.488733 	 212.857209	98.631524
5.850000 	 311.604293 	 212.867845	98.736447
5.860000 	 311.719427 	 212.878428	98.840999
5.870000 	 311.834138 	 212.888958	98.945181
5.880000 	 311.948428 	 212.899434	99.048994
5.890000 	 312.062299 	 212.909858	99.152441
5.900000 	 312.175751 	 212.920230	99.255521
5.910000 	 312.288787 	 212.930549	99.358238
5.920000 	 312.401409 	 212.940817	99.460592
5.930000 	 312.513619 	 212.951034	99.562585
5.940000 	 312.625418 	 212.961200	99.664218
5.950000 	 312.736808 	 212.971315	99.765493
5.960000 	 312.847791 	 212.981380	99.866411
5.970000 	 312.958368 	 212.991395	99.966973
5.980000 	 313.068542 	 213.001361	100.067182
5.990000 	 313.178314 	 213.011277	100.167037
6.000000 	 313.287686 	 213.021144	100.266541
6.010000 	 313.396659 	 213.030963	100.365696
6.020000 	 313.505235 	 213.040734	100.464502
6.030000 	 313.613417 	 213.050456	100.562961
6.040000 	 313.721205 	 213.060131	100.661074
6.050000 	 313.828601 	 213.069758	100.758843
6.060000 	 313.935607 	 213.079339	100.856269
6.070000 	 314.042225 	 213.088872	100.953353
6.080000 	 314.148456 	 213.098359	101.050097
6.090000 	 314.254303 	 213.107800	101.146502
6.100000 	 314.359766 	 213.117196	101.242570
6.110000 	 314.464847 	 213.126545	101.338302
6.120000 	 314.569548 	 213.135850	101.433698
6.130000 	 314.673871 	 213.145109	101.528762
6.140000 	 314.777817 	 213.154324	101.623493
6.150000 	 314.881387 	 213.163494	101.717893
6.160000 	 314.984584 	 213.172620	101.811964
6.170000 	 315.087409 	 213.181703	101.905707
6.180000 	 315.189864 	 213.190742	101.999123
6.190000 	 315.291950 	 213.199737	102.092213
6.200000 	 315.393669 	 213.208690	102.184979
6.210000 	 315.495022 	 213.217600	102.277422
6.220000 	 315.596011 	 213.226467	102.369544
6.230000 	 315.696637 	 213.235292	102.461345
6.240000 	 315.796903 	 213.244075	102.552827
6.250000 	 315.896809 	 213.252817	102.643992
6.260000 	 315.996357 	 213.261517	102.734839
6.270000 	 316.095549 	 213.270177	102.825372
6.280000 	 316.194386 	 213.278795	102.915591
6.290000 	 316.292869 	 213.287372	103.005497
6.300000 	 316.391001 	 213.295910	103.095091
6.310000 	 316.488783 	 213.304407	103.184376
6.320000 	 316.586215 	 213.312864	103.273351
6.330000 	 316.683301 	 213.321282	103.362019
6.340000 	 316.780040 	 213.329660	103.450380
6.350000 	 316.876435 	 213.337999	103.538436
6.360000 	 316.972488 	 213.346300	103.626188
6.370000 	 317.068199 	 213.354561	103.713638
6.380000 	 317.163570 	 213.362784	103.800785
6.390000 	 317.258602 	 213.370970	103.887633
6.400000 	 317.353297 	 213.379117	103.974181
6.410000 	 317.447657 	 213.387226	104.060431
6.420000 	 317.541683 	 213.395298	104.146384
6.430000 	 317.635375 	 213.403333	104.232042
6.440000 	 317.728737 	 213.411331	104.317406
6.450000 	 317.821768 	 213.419292	104.402477
6.460000 	 317.914471 	 213.427216	104.487255
6.470000 	 318.006847 	 213.435104	104.571743
6.480000 	 318.098897 	 213.442956	104.655941
6.490000 	 318.190622 	 213.450772	104.739850
6.500000 	 318.282025 	 213.458553	104.823472
6.510000 	 318.373106 	 213.466298	104.906808
6.520000 	 318.463867 	 213.474007	104.989859
6.530000 	 318.554309 	 213.481682	105.072627
6.540000 	 318.644433 	 213.489322	105.155111
6.550000 	 318.734241 	 213.496927	105.237314
6.560000 	 318.823734 	 213.504498	105.319236
6.570000 	 318.912914 	 213.512034	105.400879
6.580000 	 319.001781 	 213.519537	105.482244
6.590000 	 319.090338 	 213.527006	105.563332
6.600000 	 319.178585 	 213.534441	105.644144
6.610000 	 319.266524 	 213.541843	105.724681
6.620000 	 319.354156 	 213.549212	105.804944
6.630000 	 319.441483 	 213.556548	105.884935
6.640000 	 319.528505 	 213.563850	105.964654
6.650000 	 319.615224 	 213.571121	106.044103
6.660000 	 319.701641 	 213.578359	106.123282
6.670000 	 319.787758 	 213.585564	106.202193
6.680000 	 319.873575 	 213.592738	106.280837
6.690000 	 319.959095 	 213.599880	106.359215
6.700000 	 320.044317 	 213.606990	106.437327
6.710000 	 320.129245 	 213.614069	106.515176
6.720000 	 320.213878 	 213.621116	106.592762
6.730000 	 320.298218 	 213.628133	106.670085
6.740000 	 320.382267 	 213.635118	106.747148
6.750000 	 320.466025 	 213.642073	106.823952
6.760000 	 320.549493 	 213.648997	106.900496
6.770000 	 320.632674 	 213.655891	106.976783
6.780000 	 320.715568 	 213.662755	107.052813
6.790000 	 320.798176 	 213.669588	107.128588
6.800000 	 320.880499 	 213.676392	107.204108
6.810000 	 320.962540 	 213.683166	107.279374
6.820000 	 321.044298 	 213.689911	107.354388
6.830000 	 321.125776 	 213.696626	107.429150
6.840000 	 321.206974 	 213.703312	107.503662
6.850000 	 321.287893 	 213.709969	107.577924
6.860000 	 321.368535 	 213.716597	107.651938
6.870000 	 321.448901 	 213.723197	107.725704
6.880000 	 321.528991 	 213.729768	107.799223
6.890000 	 321.608808 	 213.736311	107.872497
6.900000 	 321.688352 	 213.742825	107.945527
6.910000 	 321.767625 	 213.749312	108.018313
6.920000 	 321.846627 	 213.755771	108.090856
6.930000 	 321.925360 	 213.762202	108.163158
6.940000 	 322.003824 	 213.768605	108.235219
6.950000 	 322.082022 	 213.774982	108.307040
6.960000 	 322.159953 	 213.781331	108.378623
6.970000 	 322.237620 	 213.787652	108.449967
6.980000 	 322.315023 	 213.793947	108.521075
6.990000 	 322.392163 	 213.800216	108.591947
7.000000 	 322.469042 	 213.806457	108.662584
7.010000 	 322.545660 	 213.812672	108.732987
7.020000 	 322.622019 	 213.818861	108.803157
7.030000 	 322.698119 	 213.825024	108.873095
7.040000 	 322.773962 	 213.831160	108.942802
7.050000 	 322.849549 	 213.837271	109.012278
7.060000 	 322.924881 	 213.843356	109.081525
7.070000 	 322.999959 	 213.849416	109.150544
7.080000 	 323.074784 	 213.855450	109.219334
7.090000 	 323.149357 	 213.861459	109.287899
7.100000 	 323.223680 	 213.867442	109.356237
7.110000 	 323.297752 	 213.873401	109.424351
7.120000 	 323.371575 	 213.879334	109.492241
7.130000 	 323.445151 	 213.885243	109.559908
7.140000 	 323.518480 	 213.891128	109.627352
7.150000 	 323.591563 	 213.896988	109.694575
7.160000 	 323.664401 	 213.902823	109.761578
7.170000 	 323.736996 	 213.908635	109.828362
7.180000 	 323.809348 	 213.914422	109.894926
7.190000 	 323.881459 	 213.920185	109.961273
7.200000 	 323.953328 	 213.925925	110.027403
7.210000 	 324.024958 	 213.931641	110.093317
7.220000 	 324.096349 	 213.937333	110.159016
7.230000 	 324.167503 	 213.943002	110.224501
7.240000 	 324.238419 	 213.948648	110.289771
7.250000 	 324.309100 	 213.954270	110.354830
7.260000 	 324.379546 	 213.959870	110.419676
7.270000 	 324.449758 	 213.965446	110.484312
7.280000 	 324.519738 	 213.971000	110.548737
7.290000 	 324.589485 	 213.976531	110.612954
7.300000 	 324.659001 	 213.982040	110.676961
7.310000 	 324.728287 	 213.987526	110.740761
7.320000 	 324.797345 	 213.992990	110.804355
7.330000 	 324.866174 	 213.998432	110.867742
7.340000 	 324.934775 	 214.003851	110.930924
7.350000 	 325.003151 	 214.009249	110.993902
7.360000 	 325.071301 	 214.014625	111.056676
7.370000 	 325.139227 	 214.019979	111.119247
7.380000 	 325.206929 	 214.025312	111.181617
7.390000 	 325.274408 	 214.030623	111.243785
7.400000 	 325.341666 	 214.035913	111.305753
7.410000 	 325.408703 	 214.041182	111.367521
7.420000 	 325.475520 	 214.046429	111.429091
7.430000 	 325.542118 	 214.051656	111.490463
7.440000 	 325.608498 	 214.056861	111.551637
7.450000 	 325.674661 	 214.062046	111.612615
7.460000 	 325.740607 	 214.067210	111.673397
7.470000 	 325.806338 	 214.072354	111.733984
7.480000 	 325.871855 	 214.077477	111.794378
7.490000 	 325.937157 	 214.082580	111.854577
7.500000 	 326.002247 	 214.087662	111.914585
7.510000 	 326.067125 	 214.092725	111.974400
7.520000 	 326.131791 	 214.097767	112.034024
7.530000 	 326.196247 	 214.102789	112.093458
7.540000 	 326.260494 	 214.107792	112.152702
7.550000 	 326.324533 	 214.112775	112.211758
7.560000 	 326.388363 	 214.117738	112.270625
7.570000 	 326.451987 	 214.122682	112.329305
7.580000 	 326.515405 	 214.127606	112.387798
7.590000 	 326.578617 	 214.132511	112.446106
7.600000 	 326.641625 	 214.137397	112.504228
7.610000 	 326.704429 	 214.142264	112.562166
7.620000 	 326.767031 	 214.147111	112.619920
7.630000 	 326.829431 	 214.151940	112.677490
7.640000 	 326.891629 	 214.156750	112.734879
7.650000 	 326.953628 	 214.161542	112.792086
7.660000 	 327.015426 	 214.166314	112.849112
7.670000 	 327.077026 	 214.171068	112.905958
7.680000 	 327.138428 	 214.175804	112.962624
7.690000 	 327.199633 	 214.180521	113.019112
7.700000 	 327.260642 	 214.185221	113.075422
7.710000 	 327.321455 	 214.189902	113.131554
7.720000 	 327.382074 	 214.194565	113.187509
7.730000 	 327.442498 	 214.199210	113.243289
7.740000 	 327.502729 	 214.203837	113.298893
7.750000 	 327.562768 	 214.208446	113.354322
7.760000 	 327.622615 	 214.213038	113.409578
7.770000 	 327.682271 	 214.217612	113.464660
7.780000 	 327.741738 	 214.222168	113.519569
7.790000 	 327.801014 	 214.226707	113.574307
7.800000 	 327.860102 	 214.231229	113.628873
7.810000 	 327.919003 	 214.235734	113.683269
7.820000 	 327.977716 	 214.240221	113.737494
7.830000 	 328.036242 	 214.244692	113.791551
7.840000 	 328.094584 	 214.249145	113.845438
7.850000 	 328.152740 	 214.253582	113.899158
7.860000 	 328.210712 	 214.258001	113.952710
7.870000 	 328.268500 	 214.262404	114.006096
7.880000 	 328.326106 	 214.266791	114.059316
7.890000 	 328.383530 	 214.271161	114.112370
7.900000 	 328.440773 	 214.275514	114.165259
7.910000 	 328.497835 	 214.279851	114.217984
7.920000 	 328.554718 	 214.284171	114.270546
7.930000 	 328.611421 	 214.288476	114.322945
7.940000 	 328.667946 	 214.292764	114.375182
7.950000 	 328.724293 	 214.297036	114.427256
7.960000 	 328.780463 	 214.301292	114.479170
7.970000 	 328.836457 	 214.305533	114.530924
7.980000 	 328.892275 	 214.309757	114.582518
7.990000 	 328.947918 	 214.313966	114.633952
8.000000 	 329.003387 	 214.318159	114.685228
8.010000 	 329.058683 	 214.322336	114.736346
8.020000 	 329.113805 	 214.326498	114.787307
8.030000 	 329.168756 	 214.330645	114.838111
8.040000 	 329.223535 	 214.334776	114.888759
8.050000 	 329.278143 	 214.338892	114.939251
8.060000 	 329.332581 	 214.342993	114.989589
8.070000 	 329.386850 	 214.347078	115.039772
8.080000 	 329.440949 	 214.351149	115.089801
8.090000 	 329.494881 	 214.355204	115.139677
8.100000 	 329.548645 	 214.359245	115.189400
8.110000 	 329.602242 	 214.363270	115.238972
8.120000 	 329.655673 	 214.367281	115.288392
8.130000 	 329.708939 	 214.371277	115.337661
8.140000 	 329.762039 	 214.375259	115.386780
8.150000 	 329.814975 	 214.379226	115.435749
8.160000 	 329.867748 	 214.383179	115.484569
8.170000 	 329.920358 	 214.387117	115.533241
8.180000 	 329.972805 	 214.391041	115.581764
8.190000 	 330.025091 	 214.394950	115.630140
8.200000 	 330.077215 	 214.398846	115.678370
8.210000 	 330.129179 	 214.402727	115.726452
8.220000 	 330.180983 	 214.406594	115.774389
8.230000 	 330.232628 	 214.410447	115.822181
8.240000 	 330.284115 	 214.414286	115.869829
8.250000 	 330.335443 	 214.418112	115.917332
8.260000 	 330.386614 	 214.421923	115.964691
8.270000 	 330.437628 	 214.425721	116.011908
8.280000 	 330.488487 	 214.429505	116.058982
8.290000 	 330.539189 	 214.433276	116.105914
8.300000 	 330.589737 	 214.437033	116.152704
8.310000 	 330.640130 	 214.440776	116.199354
8.320000 	 330.690369 	 214.444506	116.245863
8.330000 	 330.740456 	 214.448223	116.292233
8.340000 	 330.790389 	 214.451926	116.338463
8.350000 	 330.840171 	 214.455617	116.384555
8.360000 	 330.889802 	 214.459294	116.430508
8.370000 	 330.939281 	 214.462958	116.476323
8.380000 	 330.988610 	 214.466609	116.522002
8.390000 	 331.037790 	 214.470247	116.567543
8.400000 	 331.086820 	 214.473872	116.612949
8.410000 	 331.135702 	 214.477484	116.658218
8.420000 	 331.184436 	 214.481084	116.703353
8.430000 	 331.233023 	 214.484670	116.748353
8.440000 	 331.281463 	 214.488244	116.793219
8.450000 	 331.329757 	 214.491806	116.837951
8.460000 	 331.377904 	 214.495355	116.882550
8.470000 	 331.425907 	 214.498891	116.927016
8.480000 	 331.473765 	 214.502415	116.971350
8.490000 	 331.521479 	 214.505927	117.015553
8.500000 	 331.569050 	 214.509426	117.059624
8.510000 	 331.616478 	 214.512913	117.103564
8.520000 	 331.663763 	 214.516388	117.147375
8.530000 	 331.710906 	 214.519851	117.191056
8.540000 	 331.757908 	 214.523301	117.234607
8.550000 	 331.804770 	 214.526740	117.278030
8.560000 	 331.851491 	 214.530167	117.321324
8.570000 	 331.898072 	 214.533581	117.364491
8.580000 	 331.944514 	 214.536984	117.407530
8.590000 	 331.990818 	 214.540375	117.450443
8.600000 	 332.036983 	 214.543754	117.493229
8.610000 	 332.083011 	 214.547122	117.535889
8.620000 	 332.128902 	 214.550478	117.578424
8.630000 	 332.174656 	 214.553822	117.620834
8.640000 	 332.220274 	 214.557155	117.663119
8.650000 	 332.265757 	 214.560476	117.705280
8.660000 	 332.311104 	 214.563786	117.747318
8.670000 	 332.356317 	 214.567084	117.789233
8.680000 	 332.401396 	 214.570372	117.831025
8.690000 	 332.446342 	 214.573647	117.872694
8.700000 	 332.491154 	 214.576912	117.914242
8.710000 	 332.535834 	 214.580166	117.955669
8.720000 	 332.580382 	 214.583408	117.996974
8.730000 	 332.624799 	 214.586639	118.038159
8.740000 	 332.669084 	 214.589859	118.079225
8.750000 	 332.713239 	 214.593069	118.120170
8.760000 	 332.757264 	 214.596267	118.160997
8.770000 	 332.801159 	 214.599454	118.201705
8.780000 	 332.844925 	 214.602631	118.242294
8.790000 	 332.888563 	 214.605797	118.282766
8.800000 	 332.932073 	 214.608952	118.323121
8.810000 	 332.975454 	 214.612096	118.363358
8.820000 	 333.018709 	 214.615230	118.403479
8.830000 	 333.061837 	 214.618353	118.443484
8.840000 	 333.104839 	 214.621466	118.483373
8.850000 	 333.147715 	 214.624568	118.523147
8.860000 	 333.190466 	 214.627660	118.562806
8.870000 	 333.233093 	 214.630741	118.602351
8.880000 	 333.275594 	 214.633812	118.641782
8.890000 	 333.317972 	 214.636873	118.681099
8.900000 	 333.360227 	 214.639923	118.720303
8.910000 	 333.402358 	 214.642964	118.759395
8.920000 	 333.444367 	 214.645994	118.798374
8.930000 	 333.486254 	 214.649014	118.837241
8.940000 	 333.528020 	 214.652024	118.875996
8.950000 	 333.569664 	 214.655023	118.914641
8.960000 	 333.611188 	 214.658013	118.953174
8.970000 	 333.652591 	 214.660993	118.991598
8.980000 	 333.693874 	 214.663963	119.029911
8.990000 	 333.735038 	 214.666923	119.068115
9.000000 	 333.776084 	 214.669874	119.106210
9.010000 	 333.817010 	 214.672814	119.144196
9.020000 	 333.857819 	 214.675745	119.182074
9.030000 	 333.898510 	 214.678666	119.219844
9.040000 	 333.939084 	 214.681578	119.257506
9.050000 	 333.979541 	 214.684480	119.295061
9.060000 	 334.019882 	 214.687372	119.332510
9.070000 	 334.060107 	 214.690255	119.369852
9.080000 	 334.100216 	 214.693128	119.407088
9.090000 	 334.140211 	 214.695992	119.444218
9.100000 	 334.180090 	 214.698847	119.481244
9.110000 	 334.219856 	 214.701692	119.518164
9.120000 	 334.259508 	 214.704528	119.554980
9.130000 	 334.299046 	 214.707354	119.591692
9.140000 	 334.338471 	 214.710172	119.628300
9.150000 	 334.377784 	 214.712980	119.664804
9.160000 	 334.416985 	 214.715779	119.701206
9.170000 	 334.456074 	 214.718569	119.737505
9.180000 	 334.495052 	 214.721350	119.773702
9.190000 	 334.533918 	 214.724122	119.809796
9.200000 	 334.572675 	 214.726885	119.845790
9.210000 	 334.611321 	 214.729639	119.881682
9.220000 	 334.649857 	 214.732384	119.917473
9.230000 	 334.688284 	 214.735120	119.953164
9.240000 	 334.726602 	 214.737847	119.988755
9.250000 	 334.764812 	 214.740566	120.024246
9.260000 	 334.802913 	 214.743275	120.059638
9.270000 	 334.840907 	 214.745976	120.094931
9.280000 	 334.878794 	 214.748669	120.130125
9.290000 	 334.916573 	 214.751352	120.165221
9.300000 	 334.954246 	 214.754028	120.200218
9.310000 	 334.991813 	 214.756694	120.235119
9.320000 	 335.029274 	 214.759352	120.269922
9.330000 	 335.066629 	 214.762001	120.304628
9.340000 	 335.103879 	 214.764642	120.339237
9.350000 	 335.141025 	 214.767275	120.373750
9.360000 	 335.178066 	 214.769899	120.408167
9.370000 	 335.215004 	 214.772515	120.442489
9.380000 	 335.251838 	 214.775122	120.476716
9.390000 	 335.288569 	 214.777722	120.510847
9.400000 	 335.325197 	 214.780313	120.544884
9.410000 	 335.361722 	 214.782895	120.578827
9.420000 	 335.398146 	 214.785470	120.612676
9.430000 	 335.434468 	 214.788036	120.646431
9.440000 	 335.470688 	 214.790595	120.680093
9.450000 	 335.506807 	 214.793145	120.713663
9.460000 	 335.542826 	 214.795687	120.747139
9.470000 	 335.578745 	 214.798221	120.780524
9.480000 	 335.614564 	 214.800747	120.813816
9.490000 	 335.650283 	 214.803265	120.847017
9.500000 	 335.685903 	 214.805776	120.880127
9.510000 	 335.721424 	 214.808278	120.913146
9.520000 	 335.756846 	 214.810773	120.946074
9.530000 	 335.792171 	 214.813259	120.978911
9.540000 	 335.827398 	 214.815738	121.011659
9.550000 	 335.862527 	 214.818210	121.044317
9.560000 	 335.897559 	 214.820673	121.076886
9.570000 	 335.932494 	 214.823129	121.109365
9.580000 	 335.967333 	 214.825577	121.141756
9.590000 	 336.002076 	 214.828018	121.174059
9.600000 	 336.036724 	 214.830451	121.206273
9.610000 	 336.071275 	 214.832876	121.238399
9.620000 	 336.105732 	 214.835294	121.270438
9.630000 	 336.140094 	 214.837704	121.302390
9.640000 	 336.174362 	 214.840107	121.334255
9.650000 	 336.208536 	 214.842503	121.366033
9.660000 	 336.242616 	 214.844891	121.397725
9.670000 	 336.276602 	 214.847272	121.429330
9.680000 	 336.310496 	 214.849645	121.460851
9.690000 	 336.344296 	 214.852011	121.492285
9.700000 	 336.378005 	 214.854370	121.523635
9.710000 	 336.411621 	 214.856721	121.554900
9.720000 	 336.445146 	 214.859066	121.586080
9.730000 	 336.478579 	 214.861403	121.617176
9.740000 	 336.511921 	 214.863733	121.648188
9.750000 	 336.545172 	 214.866056	121.679116
9.760000 	 336.578332 	 214.868371	121.709961
9.770000 	 336.611403 	 214.870680	121.740723
9.780000 	 336.644384 	 214.872982	121.771402
9.790000 	 336.677275 	 214.875276	121.801999
9.800000 	 336.710077 	 214.877564	121.832513
9.810000 	 336.742790 	 214.879844	121.862945
9.820000 	 336.775414 	 214.882118	121.893296
9.830000 	 336.807950 	 214.884385	121.923565
9.840000 	 336.840398 	 214.886645	121.953754
9.850000 	 336.872759 	 214.888898	121.983861
9.860000 	 336.905032 	 214.891144	122.013888
9.870000 	 336.937218 	 214.893383	122.043835
9.880000 	 336.969317 	 214.895616	122.073701
9.890000 	 337.001330 	 214.897842	122.103488
9.900000 	 337.033256 	 214.900061	122.133195
9.910000 	 337.065097 	 214.902273	122.162824
9.920000 	 337.096852 	 214.904479	122.192373
9.930000 	 337.128522 	 214.906679	122.221844
9.940000 	 337.160107 	 214.908871	122.251236
9.950000 	 337.191607 	 214.911057	122.280550
9.960000 	 337.223023 	 214.913237	122.309786
9.970000 	 337.254355 	 214.915410	122.338945
9.980000 	 337.285603 	 214.917576	122.368027
9.990000 	 337.316767 	 214.919736	122.397031
10.000000 	 337.347848 	 214.921889	122.425959
10.010000 	 337.378846 	 214.924037	122.454810
10.020000 	 337.409762 	 214.926177	122.483584
10.030000 	 337.440595 	 214.928312	122.512283
10.040000 	 337.471346 	 214.930440	122.540906
10.050000 	 337.502015 	 214.932561	122.569454
10.060000 	 337.532603 	 214.934676	122.597926
10.070000 	 337.563109 	 214.936786	122.626323
10.080000 	 337.593534 	 214.938888	122.654646
10.090000 	 337.623879 	 214.940985	122.682894
10.100000 	 337.654143 	 214.943075	122.711068
10.110000 	 337.684327 	 214.945160	122.739168
10.120000 	 337.714432 	 214.947238	122.767194
10.130000 	 337.744456 	 214.949310	122.795147
10.140000 	 337.774402 	 214.951375	122.823026
10.150000 	 337.804268 	 214.953435	122.850833
10.160000 	 337.834055 	 214.955489	122.878566
10.170000 	 337.863764 	 214.957537	122.906228
10.180000 	 337.893395 	 214.959578	122.933816
10.190000 	 337.922947 	 214.961614	122.961333
10.200000 	 337.952422 	 214.963644	122.988779
10.210000 	 337.981820 	 214.965667	123.016152
10.220000 	 338.011140 	 214.967685	123.043455
10.230000 	 338.040383 	 214.969697	123.070686
10.240000 	 338.069550 	 214.971703	123.097846
10.250000 	 338.098640 	 214.973704	123.124936
10.260000 	 338.127654 	 214.975698	123.151956
10.270000 	 338.156592 	 214.977687	123.178905
10.280000 	 338.185454 	 214.979669	123.205785
10.290000 	 338.214241 	 214.981647	123.232595
10.300000 	 338.242953 	 214.983618	123.259335
10.310000 	 338.271590 	 214.985584	123.286006
10.320000 	 338.300152 	 214.987543	123.312609
10.330000 	 338.328640 	 214.989498	123.339142
10.340000 	 338.357054 	 214.991446	123.365608
10.350000 	 338.385394 	 214.993389	123.392005
10.360000 	 338.413660 	 214.995327	123.418333
10.370000 	 338.441853 	 214.997259	123.444594
10.380000 	 338.469973 	 214.999185	123.470788
10.390000 	 338.498020 	 215.001106	123.496914
10.400000 	 338.525994 	 215.003021	123.522973
10.410000 	 338.553895 	 215.004931	123.548965
10.420000 	 338.581725 	 215.006835	123.574890
10.430000 	 338.609483 	 215.008734	123.600749
10.440000 	 338.637169 	 215.010627	123.626542
10.450000 	 338.664783 	 215.012515	123.652268
10.460000 	 338.692326 	 215.014397	123.677929
10.470000 	 338.719799 	 215.016275	123.703524
10.480000 	 338.747200 	 215.018146	123.729054
10.490000 	 338.774531 	 215.020013	123.754518
10.500000 	 338.801792 	 215.021874	123.779918
10.510000 	 338.828983 	 215.023730	123.805253
10.520000 	 338.856104 	 215.025581	123.830523
10.530000 	 338.883155 	 215.027426	123.855729
10.540000 	 338.910137 	 215.029266	123.880871
10.550000 	 338.937050 	 215.031101	123.905949
10.560000 	 338.963894 	 215.032931	123.930963
10.570000 	 338.990669 	 215.034755	123.955914
10.580000 	 339.017376 	 215.036575	123.980801
10.590000 	 339.044015 	 215.038389	124.005626
10.600000 	 339.070585 	 215.040198	124.030387
10.610000 	 339.097088 	 215.042002	124.055086
10.620000 	 339.123524 	 215.043801	124.079723
10.630000 	 339.149892 	 215.045595	124.104297
10.640000 	 339.176193 	 215.047384	124.128809
10.650000 	 339.202427 	 215.049168	124.153259
10.660000 	 339.228595 	 215.050947	124.177648
10.670000 	 339.254696 	 215.052721	124.201975
10.680000 	 339.280731 	 215.054490	124.226241
10.690000 	 339.306699 	 215.056254	124.250446
10.700000 	 339.332603 	 215.058013	124.274590
10.710000 	 339.358440 	 215.059767	124.298673
10.720000 	 339.384212 	 215.061516	124.322696
10.730000 	 339.409919 	 215.063261	124.346659
10.740000 	 339.435562 	 215.065000	124.370561
10.750000 	 339.461139 	 215.066735	124.394404
10.760000 	 339.486652 	 215.068465	124.418187
10.770000 	 339.512101 	 215.070190	124.441911
10.780000 	 339.537485 	 215.071910	124.465575
10.790000 	 339.562806 	 215.073626	124.489180
10.800000 	 339.588063 	 215.075336	124.512726
10.810000 	 339.613256 	 215.077042	124.536214
10.820000 	 339.638387 	 215.078744	124.559643
10.830000 	 339.663454 	 215.080440	124.583014
10.840000 	 339.688459 	 215.082132	124.606326
10.850000 	 339.713400 	 215.083820	124.629581
10.860000 	 339.738280 	 215.085502	124.652777
10.870000 	 339.763097 	 215.087180	124.675917
10.880000 	 339.787852 	 215.088854	124.698998
10.890000 	 339.812546 	 215.090523	124.722023
10.900000 	 339.837177 	 215.092187	124.744990
10.910000 	 339.861748 	 215.093847	124.767901
10.920000 	 339.886257 	 215.095502	124.790755
10.930000 	 339.910705 	 215.097153	124.813552
10.940000 	 339.935092 	 215.098799	124.836293
10.950000 	 339.959418 	 215.100440	124.858978
10.960000 	 339.983684 	 215.102077	124.881607
10.970000 	 340.007890 	 215.103710	124.904180
10.980000 	 340.032036 	 215.105338	124.926698
10.990000 	 340.056122 	 215.106962	124.949160
11.000000 	 340.080148 	 215.108582	124.971567
11.010000 	 340.104115 	 215.110197	124.993919
11.020000 	 340.128023 	 215.111807	125.016216
11.030000 	 340.151871 	 215.113414	125.038458
11.040000 	 340.175661 	 215.115015	125.060645
11.050000 	 340.199392 	 215.116613	125.082779
11.060000 	 340.223064 	 215.118206	125.104858
11.070000 	 340.246678 	 215.119795	125.126883
11.080000 	 340.270234 	 215.121380	125.148854
11.090000 	 340.293732 	 215.122960	125.170771
11.100000 	 340.317172 	 215.124537	125.192635
11.110000 	 340.340554 	 215.126108	125.214446
11.120000 	 340.363879 	 215.127676	125.236203
11.130000 	 340.387147 	 215.129240	125.257907
11.140000 	 340.410358 	 215.130799	125.279559
11.150000 	 340.433511 	 215.132354	125.301157
11.160000 	 340.456609 	 215.133905	125.322704
11.170000 	 340.479649 	 215.135452	125.344198
11.180000 	 340.502634 	 215.136994	125.365639
11.190000 	 340.525562 	 215.138533	125.387029
11.200000 	 340.548434 	 215.140067	125.408367
11.210000 	 340.571251 	 215.141598	125.429653
11.220000 	 340.594011 	 215.143124	125.450887
11.230000 	 340.616717 	 215.144646	125.472071
11.240000 	 340.639367 	 215.146164	125.493203
11.250000 	 340.661962 	 215.147678	125.514283
11.260000 	 340.684502 	 215.149188	125.535313
11.270000 	 340.706987 	 215.150695	125.556293
11.280000 	 340.729418 	 215.152197	125.577221
11.290000 	 340.751794 	 215.153695	125.598100
11.300000 	 340.774117 	 215.155189	125.618928
11.310000 	 340.796385 	 215.156679	125.639706
11.320000 	 340.818599 	 215.158165	125.660433
11.330000 	 340.840759 	 215.159648	125.681112
11.340000 	 340.862866 	 215.161126	125.701740
11.350000 	 340.884920 	 215.162601	125.722319
11.360000 	 340.906920 	 215.164071	125.742849
11.370000 	 340.928867 	 215.165538	125.763329
11.380000 	 340.950762 	 215.167001	125.783761
11.390000 	 340.972603 	 215.168460	125.804143
11.400000 	 340.994392 	 215.169915	125.824477
11.410000 	 341.016129 	 215.171367	125.844762
11.420000 	 341.037814 	 215.172815	125.864999
11.430000 	 341.059446 	 215.174258	125.885188
11.440000 	 341.081027 	 215.175698	125.905328
11.450000 	 341.102555 	 215.177135	125.925421
11.460000 	 341.124033 	 215.178567	125.945465
11.470000 	 341.145458 	 215.179996	125.965462
11.480000 	 341.166833 	 215.181421	125.985411
11.490000 	 341.188156 	 215.182843	126.005314
11.500000 	 341.209429 	 215.184261	126.025168
11.510000 	 341.230651 	 215.185675	126.044976
11.520000 	 341.251822 	 215.187085	126.064737
11.530000 	 341.272942 	 215.188492	126.084451
11.540000 	 341.294013 	 215.189895	126.104118
11.550000 	 341.315033 	 215.191294	126.123739
11.560000 	 341.336003 	 215.192690	126.143313
11.570000 	 341.356923 	 215.194082	126.162841
11.580000 	 341.377794 	 215.195471	126.182323
11.590000 	 341.398615 	 215.196856	126.201759
11.600000 	 341.419387 	 215.198237	126.221149
11.610000 	 341.440109 	 215.199615	126.240494
11.620000 	 341.460783 	 215.200990	126.259793
11.630000 	 341.481407 	 215.202361	126.279047
11.640000 	 341.501983 	 215.203728	126.298255
11.650000 	 341.522510 	 215.205092	126.317418
11.660000 	 341.542988 	 215.206452	126.336537
11.670000 	 341.563419 	 215.207809	126.355610
11.680000 	 341.583801 	 215.209162	126.374639
11.690000 	 341.604135 	 215.210512	126.393623
11.700000 	 341.624421 	 215.211858	126.412563
11.710000 	 341.644659 	 215.213201	126.431458
11.720000 	 341.664850 	 215.214541	126.450309
11.730000 	 341.684994 	 215.215877	126.469117
11.740000 	 341.705090 	 215.217210	126.487880
11.750000 	 341.725139 	 215.218539	126.506599
11.760000 	 341.745141 	 215.219865	126.525275
11.770000 	 341.765096 	 215.221188	126.543908
11.780000 	 341.785004 	 215.222507	126.562497
11.790000 	 341.804866 	 215.223823	126.581043
11.800000 	 341.824681 	 215.225136	126.599545
11.810000 	 341.844450 	 215.226445	126.618005
11.820000 	 341.864173 	 215.227751	126.636422
11.830000 	 341.883849 	 215.229053	126.654796
11.840000 	 341.903480 	 215.230353	126.673128
11.850000 	 341.923065 	 215.231649	126.691417
11.860000 	 341.942605 	 215.232942	126.709663
11.870000 	 341.962099 	 215.234231	126.727868
11.880000 	 341.981548 	 215.235517	126.746031
11.890000 	 342.000951 	 215.236800	126.764151
11.900000 	 342.020310 	 215.238080	126.782230
11.910000 	 342.039624 	 215.239357	126.800267
11.920000 	 342.058892 	 215.240630	126.818262
11.930000 	 342.078117 	 215.241900	126.836216
11.940000 	 342.097296 	 215.243168	126.854129
11.950000 	 342.116431 	 215.244431	126.872000
11.960000 	 342.135523 	 215.245692	126.889830
11.970000 	 342.154569 	 215.246950	126.907620
11.980000 	 342.173572 	 215.248204	126.925368
11.990000 	 342.192531 	 215.249455	126.943076
12.000000 	 342.211447 	 215.250704	126.960743
12.010000 	 342.230319 	 215.251949	126.978370
12.020000 	 342.249147 	 215.253191	126.995956
12.030000 	 342.267932 	 215.254429	127.013503
12.040000 	 342.286674 	 215.255665	127.031009
12.050000 	 342.305373 	 215.256898	127.048475
12.060000 	 342.324028 	 215.258128	127.065901
12.070000 	 342.342642 	 215.259354	127.083287
12.080000 	 342.361212 	 215.260578	127.100634
12.090000 	 342.379740 	 215.261798	127.117941
12.100000 	 342.398225 	 215.263016	127.135209
12.110000 	 342.416668 	 215.264231	127.152438
12.120000 	 342.435069 	 215.265442	127.169627
12.130000 	 342.453428 	 215.266651	127.186777
12.140000 	 342.471745 	 215.267856	127.203889
12.150000 	 342.490020 	 215.269059	127.220961
12.160000 	 342.508253 	 215.270258	127.237995
12.170000 	 342.526445 	 215.271455	127.254990
12.180000 	 342.544596 	 215.272649	127.271947
12.190000 	 342.562705 	 215.273840	127.288865
12.200000 	 342.580773 	 215.275028	127.305746
12.210000 	 342.598800 	 215.276213	127.322587
12.220000 	 342.616786 	 215.277395	127.339391
12.230000 	 342.634731 	 215.278574	127.356157
12.240000 	 342.652636 	 215.279750	127.372886
12.250000 	 342.670500 	 215.280924	127.389576
12.260000 	 342.688323 	 215.282094	127.406229
12.270000 	 342.706107 	 215.283262	127.422845
12.280000 	 342.723850 	 215.284427	127.439423
12.290000 	 342.741552 	 215.285589	127.455963
12.300000 	 342.759215 	 215.286748	127.472467
12.310000 	 342.776838 	 215.287905	127.488934
12.320000 	 342.794422 	 215.289058	127.505363
12.330000 	 342.811965 	 215.290209	127.521756
12.340000 	 342.829470 	 215.291357	127.538112
12.350000 	 342.846934 	 215.292502	127.554432
12.360000 	 342.864360 	 215.293645	127.570715
12.370000 	 342.881746 	 215.294785	127.586961
12.380000 	 342.899093 	 215.295922	127.603172
12.390000 	 342.916402 	 215.297056	127.619346
12.400000 	 342.933671 	 215.298187	127.635484
12.410000 	 342.950902 	 215.299316	127.651586
12.420000 	 342.968094 	 215.300442	127.667652
12.430000 	 342.985248 	 215.301565	127.683683
12.440000 	 343.002363 	 215.302686	127.699678
12.450000 	 343.019441 	 215.303804	127.715637
12.460000 	 343.036480 	 215.304919	127.731560
12.470000 	 343.053481 	 215.306032	127.747449
12.480000 	 343.070444 	 215.307142	127.763302
12.490000 	 343.087369 	 215.308249	127.779120
12.500000 	 343.104256 	 215.309353	127.794903
12.510000 	 343.121106 	 215.310455	127.810651
12.520000 	 343.137919 	 215.311555	127.826364
12.530000 	 343.154694 	 215.312651	127.842042
12.540000 	 343.171432 	 215.313745	127.857686
12.550000 	 343.188132 	 215.314837	127.873295
12.560000 	 343.204796 	 215.315926	127.888870
12.570000 	 343.221422 	 215.317012	127.904410
12.580000 	 343.238012 	 215.318096	127.919917
12.590000 	 343.254565 	 215.319177	127.935389
12.600000 	 343.271082 	 215.320255	127.950826
12.610000 	 343.287562 	 215.321331	127.966230
12.620000 	 343.304005 	 215.322405	127.981601
12.630000 	 343.320413 	 215.323476	127.996937
12.640000 	 343.336784 	 215.324544	128.012240
12.650000 	 343.353119 	 215.325610	128.027509
12.660000 	 343.369418 	 215.326673	128.042744
12.670000 	 343.385681 	 215.327734	128.057947
12.680000 	 343.401908 	 215.328792	128.073116
12.690000 	 343.418099 	 215.329848	128.088251
12.700000 	 343.434255 	 215.330901	128.103354
12.710000 	 343.450376 	 215.331952	128.118424
12.720000 	 343.466461 	 215.333001	128.133460
12.730000 	 343.482511 	 215.334047	128.148464
12.740000 	 343.498526 	 215.335090	128.163436
12.750000 	 343.514505 	 215.336131	128.178374
12.760000 	 343.530450 	 215.337170	128.193280
12.770000 	 343.546360 	 215.338206	128.208154
12.780000 	 343.562235 	 215.339239	128.222995
12.790000 	 343.578075 	 215.340271	128.237804
12.800000 	 343.593881 	 215.341300	128.252581
12.810000 	 343.609652 	 215.342326	128.267326
12.820000 	 343.625389 	 215.343350	128.282039
12.830000 	 343.641092 	 215.344372	128.296720
12.840000 	 343.656760 	 215.345391	128.311369
12.850000 	 343.672394 	 215.346408	128.325986
12.860000 	 343.687995 	 215.347423	128.340572
12.870000 	 343.703561 	 215.348435	128.355126
12.880000 	 343.719094 	 215.349445	128.369649
12.890000 	 343.734593 	 215.350452	128.384141
12.900000 	 343.750058 	 215.351457	128.398601
12.910000 	 343.765490 	 215.352460	128.413030
12.920000 	 343.780888 	 215.353461	128.427428
12.930000 	 343.796254 	 215.354459	128.441795
12.940000 	 343.811585 	 215.355455	128.456131
12.950000 	 343.826884 	 215.356448	128.470436
12.960000 	 343.842150 	 215.357440	128.484710
12.970000 	 343.857383 	 215.358429	128.498954
12.980000 	 343.872583 	 215.359415	128.513167
12.990000 	 343.887750 	 215.360400	128.527350
13.000000 	 343.902884 	 215.361382	128.541502
13.010000 	 343.917986 	 215.362362	128.555624
13.020000 	 343.933055 	 215.363340	128.569716
13.030000 	 343.948093 	 215.364315	128.583777
13.040000 	 343.963097 	 215.365288	128.597809
13.050000 	 343.978070 	 215.366259	128.611811
13.060000 	 343.993010 	 215.367228	128.625782
13.070000 	 344.007919 	 215.368195	128.639724
13.080000 	 344.022795 	 215.369159	128.653636
13.090000 	 344.037640 	 215.370121	128.667519
13.100000 	 344.052452 	 215.371081	128.681371
13.110000 	 344.067233 	 215.372039	128.695195
13.120000 	 344.081983 	 215.372994	128.708989
13.130000 	 344.096701 	 215.373947	128.722754
13.140000 	 344.111388 	 215.374899	128.736489
13.150000 	 344.126043 	 215.375848	128.750195
13.160000 	 344.140667 	 215.376795	128.763873
13.170000 	 344.155260 	 215.377739	128.777521
13.180000 	 344.169822 	 215.378682	128.791140
13.190000 	 344.184353 	 215.379622	128.804731
13.200000 	 344.198853 	 215.380561	128.818292
13.210000 	 344.213322 	 215.381497	128.831825
13.220000 	 344.227761 	 215.382431	128.845330
13.230000 	 344.242168 	 215.383363	128.858806
13.240000 	 344.256546 	 215.384293	128.872253
13.250000 	 344.270893 	 215.385220	128.885672
13.260000 	 344.285209 	 215.386146	128.899063
13.270000 	 344.299495 	 215.387070	128.912426
13.280000 	 344.313751 	 215.387991	128.925760
13.290000 	 344.327977 	 215.388910	128.939067
13.300000 	 344.342173 	 215.389828	128.952345
13.310000 	 344.356339 	 215.390743	128.965596
13.320000 	 344.370475 	 215.391656	128.978819
13.330000 	 344.384581 	 215.392567	128.992014
13.340000 	 344.398658 	 215.393476	129.005181
13.350000 	 344.412704 	 215.394384	129.018321
13.360000 	 344.426722 	 215.395289	129.031433
13.370000 	 344.440710 	 215.396192	129.044518
13.380000 	 344.454668 	 215.397093	129.057575
13.390000 	 344.468597 	 215.397992	129.070606
13.400000 	 344.482497 	 215.398889	129.083609
13.410000 	 344.496368 	 215.399784	129.096584
13.420000 	 344.510210 	 215.400677	129.109533
13.430000 	 344.524022 	 215.401568	129.122455
13.440000 	 344.537806 	 215.402457	129.135350
13.450000 	 344.551561 	 215.403344	129.148218
13.460000 	 344.565288 	 215.404229	129.161059
13.470000 	 344.578985 	 215.405112	129.173873
13.480000 	 344.592654 	 215.405993	129.186661
13.490000 	 344.606295 	 215.406872	129.199423
13.500000 	 344.619907 	 215.407749	129.212157
13.510000 	 344.633490 	 215.408625	129.224866
13.520000 	 344.647046 	 215.409498	129.237548
13.530000 	 344.660573 	 215.410369	129.250204
13.540000 	 344.674072 	 215.411239	129.262833
13.550000 	 344.687543 	 215.412106	129.275437
13.560000 	 344.700986 	 215.412972	129.288014
13.570000 	 344.714401 	 215.413836	129.300566
13.580000 	 344.727789 	 215.414698	129.313091
13.590000 	 344.741148 	 215.415557	129.325591
13.600000 	 344.754480 	 215.416416	129.338065
13.610000 	 344.767785 	 215.417272	129.350513
13.620000 	 344.781062 	 215.418126	129.362936
13.630000 	 344.794311 	 215.418978	129.375333
13.640000 	 344.807533 	 215.419829	129.387704
13.650000 	 344.820728 	 215.420678	129.400050
13.660000 	 344.833895 	 215.421524	129.412371
13.670000 	 344.847036 	 215.422369	129.424666
13.680000 	 344.860149 	 215.423212	129.436936
13.690000 	 344.873235 	 215.424054	129.449181
13.700000 	 344.886295 	 215.424893	129.461401
13.710000 	 344.899327 	 215.425731	129.473596
13.720000 	 344.912333 	 215.426566	129.485766
13.730000 	 344.925312 	 215.427400	129.497911
13.740000 	 344.938264 	 215.428233	129.510032
13.750000 	 344.951190 	 215.429063	129.522127
13.760000 	 344.964089 	 215.429891	129.534198
13.770000 	 344.976962 	 215.430718	129.546244
13.780000 	 344.989809 	 215.431543	129.558266
13.790000 	 345.002629 	 215.432366	129.570263
13.800000 	 345.015423 	 215.433187	129.582235
13.810000 	 345.028191 	 215.434007	129.594184
13.820000 	 345.040932 	 215.434825	129.606108
13.830000 	 345.053648 	 215.435641	129.618007
13.840000 	 345.066338 	 215.436455	129.629883
13.850000 	 345.079002 	 215.437268	129.641734
13.860000 	 345.091640 	 215.438078	129.653562
13.870000 	 345.104253 	 215.438887	129.665365
13.880000 	 345.116839 	 215.439694	129.677145
13.890000 	 345.129401 	 215.440500	129.688901
13.900000 	 345.141936 	 215.441304	129.700633
13.910000 	 345.154447 	 215.442106	129.712341
13.920000 	 345.166931 	 215.442906	129.724025
13.930000 	 345.179391 	 215.443705	129.735686
13.940000 	 345.191825 	 215.444502	129.747324
13.950000 	 345.204234 	 215.445297	129.758938
13.960000 	 345.216618 	 215.446090	129.770528
13.970000 	 345.228977 	 215.446882	129.782095
13.980000 	 345.241311 	 215.447672	129.793639
13.990000 	 345.253620 	 215.448460	129.805160
14.000000 	 345.265904 	 215.449247	129.816657
14.010000 	 345.278164 	 215.450032	129.828132
14.020000 	 345.290398 	 215.450815	129.839583
14.030000 	 345.302608 	 215.451597	129.851011
14.040000 	 345.314794 	 215.452377	129.862417
14.050000 	 345.326955 	 215.453155	129.873799
14.060000 	 345.339091 	 215.453932	129.885159
14.070000 	 345.351203 	 215.454707	129.896496
14.080000 	 345.363291 	 215.455480	129.907810
14.090000 	 345.375354 	 215.456252	129.919102
14.100000 	 345.387393 	 215.457022	129.930371
14.110000 	 345.399409 	 215.457791	129.941618
14.120000 	 345.411400 	 215.458558	129.952842
14.130000 	 345.423367 	 215.459323	129.964044
14.140000 	 345.435310 	 215.460086	129.975223
14.150000 	 345.447229 	 215.460848	129.986380
14.160000 	 345.459124 	 215.461609	129.997515
14.170000 	 345.470996 	 215.462367	130.008628
14.180000 	 345.482844 	 215.463125	130.019719
14.190000 	 345.494668 	 215.463880	130.030788
14.200000 	 345.506468 	 215.464634	130.041834
14.210000 	 345.518246 	 215.465386	130.052859
14.220000 	 345.529999 	 215.466137	130.063862
14.230000 	 345.541729 	 215.466886	130.074843
14.240000 	 345.553436 	 215.467634	130.085802
14.250000 	 345.565120 	 215.468380	130.096740
14.260000 	 345.576781 	 215.469125	130.107656
14.270000 	 345.588418 	 215.469868	130.118550
14.280000 	 345.600032 	 215.470609	130.129423
14.290000 	 345.611623 	 215.471349	130.140275
14.300000 	 345.623192 	 215.472087	130.151105
14.310000 	 345.634737 	 215.472824	130.161913
14.320000 	 345.646259 	 215.473559	130.172701
14.330000 	 345.657759 	 215.474293	130.183467
14.340000 	 345.669236 	 215.475025	130.194211
14.350000 	 345.680690 	 215.475755	130.204935
14.360000 	 345.692122 	 215.476484	130.215638
14.370000 	 345.703531 	 215.477212	130.226319
14.380000 	 345.714918 	 215.477938	130.236980
14.390000 	 345.726282 	 215.478663	130.247620
14.400000 	 345.737624 	 215.479386	130.258238
14.410000 	 345.748943 	 215.480107	130.268836
14.420000 	 345.760241 	 215.480827	130.279413
14.430000 	 345.771516 	 215.481546	130.289970
14.440000 	 345.782768 	 215.482263	130.300506
14.450000 	 345.793999 	 215.482978	130.311021
14.460000 	 345.805208 	 215.483692	130.321516
14.470000 	 345.816395 	 215.484405	130.331990
14.480000 	 345.827560 	 215.485116	130.342444
14.490000 	 345.838702 	 215.485826	130.352877
14.500000 	 345.849824 	 215.486534	130.363290
14.510000 	 345.860923 	 215.487241	130.373683
14.520000 	 345.872001 	 215.487946	130.384055
14.530000 	 345.883057 	 215.488650	130.394407
14.540000 	 345.894091 	 215.489352	130.404739
14.550000 	 345.905104 	 215.490053	130.415051
14.560000 	 345.916096 	 215.490752	130.425343
14.570000 	 345.927066 	 215.491450	130.435615
14.580000 	 345.938014 	 215.492147	130.445867
14.590000 	 345.948942 	 215.492842	130.456100
14.600000 	 345.959848 	 215.493536	130.466312
14.610000 	 345.970733 	 215.494228	130.476505
14.620000 	 345.981597 	 215.494919	130.486677
14.630000 	 345.992439 	 215.495609	130.496831
14.640000 	 346.003261 	 215.496297	130.506964
14.650000 	 346.014061 	 215.496983	130.517078
14.660000 	 346.024841 	 215.497669	130.527172
14.670000 	 346.035600 	 215.498353	130.537247
14.680000 	 346.046338 	 215.499035	130.547303
14.690000 	 346.057055 	 215.499716	130.557339
14.700000 	 346.067752 	 215.500396	130.567356
14.710000 	 346.078428 	 215.501074	130.577353
14.720000 	 346.089083 	 215.501751	130.587332
14.730000 	 346.099717 	 215.502427	130.597291
14.740000 	 346.110331 	 215.503101	130.607231
14.750000 	 346.120925 	 215.503774	130.617151
14.760000 	 346.131498 	 215.504445	130.627053
14.770000 	 346.142051 	 215.505115	130.636936
14.780000 	 346.152584 	 215.505784	130.646800
14.790000 	 346.163096 	 215.506451	130.656645
14.800000 	 346.173588 	 215.507118	130.666471
14.810000 	 346.184060 	 215.507782	130.676278
14.820000 	 346.194512 	 215.508446	130.686067
14.830000 	 346.204944 	 215.509108	130.695837
14.840000 	 346.215356 	 215.509768	130.705588
14.850000 	 346.225748 	 215.510428	130.715320
14.860000 	 346.236120 	 215.511086	130.725034
14.870000 	 346.246472 	 215.511742	130.734730
14.880000 	 346.256804 	 215.512398	130.744407
14.890000 	 346.267117 	 215.513052	130.754065
14.900000 	 346.277410 	 215.513704	130.763705
14.910000 	 346.287683 	 215.514356	130.773327
14.920000 	 346.297937 	 215.515006	130.782931
14.930000 	 346.308171 	 215.515655	130.792516
14.940000 	 346.318385 	 215.516302	130.802083
14.950000 	 346.328580 	 215.516949	130.811632
14.960000 	 346.338756 	 215.517593	130.821163
14.970000 	 346.348912 	 215.518237	130.830675
14.980000 	 346.359049 	 215.518879	130.840170
14.990000 	 346.369167 	 215.519521	130.849647
15.000000 	 346.379266 	 215.520160	130.859105
15.010000 	 346.389345 	 215.520799	130.868546
