0.010000 	 0.000000 	 0.000000	0.000000
0.020000 	 2.416801 	 2.397602	0.019199
0.030000 	 9.638495 	 9.561707	0.076788
0.040000 	 21.579556 	 21.406818	0.172738
0.050000 	 38.099419 	 37.792416	0.307003
0.060000 	 59.005382 	 58.525862	0.479520
0.070000 	 84.056528 	 83.366322	0.690206
0.080000 	 112.968551 	 112.029592	0.938959
0.090000 	 145.419326 	 144.193667	1.225660
0.100000 	 181.055057 	 179.504885	1.550173
0.110000 	 219.496811 	 217.584469	1.912341
0.120000 	 260.347269 	 258.035275	2.311994
0.130000 	 303.197500 	 300.448561	2.748939
0.140000 	 347.633588 	 344.410619	3.222969
0.150000 	 393.242964 	 389.509106	3.733858
0.160000 	 439.620303 	 435.338939	4.281364
0.170000 	 486.372882 	 481.507655	4.865227
0.180000 	 533.125304 	 527.640132	5.485171
0.190000 	 579.523548 	 573.382644	6.140904
0.200000 	 625.238296 	 618.406180	6.832116
0.210000 	 669.967537 	 662.409054	7.558483
0.220000 	 713.438460 	 705.118796	8.319664
0.230000 	 755.408662 	 746.293361	9.115301
0.240000 	 795.666734 	 785.721708	9.945026
0.250000 	 834.032252 	 823.223802	10.808449
0.260000 	 870.355276 	 858.650103	11.705172
0.270000 	 904.515395 	 891.880616	12.634779
0.280000 	 936.420413 	 922.823572	13.596841
0.290000 	 966.004734 	 951.413819	14.590915
0.300000 	 993.227524 	 977.610979	15.616546
0.310000 	 1018.070712 	 1001.397448	16.673264
0.320000 	 1040.536882 	 1022.776293	17.760590
0.330000 	 1060.647126 	 1041.769098	18.878028
0.340000 	 1078.438884 	 1058.413809	20.025076
0.350000 	 1093.963829 	 1072.762614	21.201215
0.360000 	 1107.285810 	 1084.879891	22.405918
0.370000 	 1118.478900 	 1094.840251	23.638649
0.380000 	 1127.625551 	 1102.726693	24.898858
0.390000 	 1134.814876 	 1108.628888	26.185988
0.400000 	 1140.141075 	 1112.641603	27.499472
0.410000 	 1143.701995 	 1114.863262	28.838733
0.420000 	 1145.597840 	 1115.394652	30.203188
0.430000 	 1145.930022 	 1114.337778	31.592243
0.440000 	 1144.800143 	 1111.794843	33.005299
0.450000 	 1142.309122 	 1107.867374	34.441749
0.460000 	 1138.556436 	 1102.655459	35.900977
0.470000 	 1133.639482 	 1096.257118	37.382364
0.480000 	 1127.653045 	 1088.767762	38.885283
0.490000 	 1120.688868 	 1080.279765	40.409103
0.500000 	 1112.835307 	 1070.882119	41.953187
0.510000 	 1104.177066 	 1060.660172	43.516894
0.520000 	 1094.795008 	 1049.695431	45.099578
0.530000 	 1084.766026 	 1038.065436	46.700589
0.540000 	 1074.162962 	 1025.843685	48.319277
0.550000 	 1063.054585 	 1013.099600	49.954985
0.560000 	 1051.505600 	 999.898545	51.607055
0.570000 	 1039.576698 	 986.301869	53.274828
0.580000 	 1027.324625 	 972.366981	54.957644
0.590000 	 1014.802284 	 958.147446	56.654838
0.600000 	 1002.058851 	 943.693102	58.365749
0.610000 	 989.139903 	 929.050190	60.089712
0.620000 	 976.087561 	 914.261496	61.826065
0.630000 	 962.940644 	 899.366500	63.574144
0.640000 	 949.734815 	 884.401528	65.333287
0.650000 	 936.502749 	 869.399916	67.102833
0.660000 	 923.274285 	 854.392161	68.882124
0.670000 	 910.076584 	 839.406083	70.670501
0.680000 	 896.934292 	 824.466982	72.467310
0.690000 	 883.869685 	 809.597786	74.271899
0.700000 	 870.902824 	 794.819206	76.083618
0.710000 	 858.051698 	 780.149877	77.901821
0.720000 	 845.332362 	 765.606495	79.725867
0.730000 	 832.759073 	 751.203955	81.555118
0.740000 	 820.344418 	 736.955477	83.388941
0.750000 	 808.099432 	 722.872727	85.226705
0.760000 	 796.033719 	 708.965931	87.067788
0.770000 	 784.155560 	 695.243989	88.911571
0.780000 	 772.472015 	 681.714575	90.757440
0.790000 	 760.989023 	 668.384233	92.604790
0.800000 	 749.711491 	 655.258473	94.453018
0.810000 	 738.643385 	 642.341854	96.301531
0.820000 	 727.787804 	 629.638064	98.149740
0.830000 	 717.147063 	 617.149999	99.997064
0.840000 	 706.722756 	 604.879827	101.842930
0.850000 	 696.515828 	 592.829058	103.686770
0.860000 	 686.526632 	 580.998605	105.528026
0.870000 	 676.754985 	 569.388838	107.366147
0.880000 	 667.200226 	 557.999637	109.200588
0.890000 	 657.861257 	 546.830441	111.030816
0.900000 	 648.736596 	 535.880294	112.856302
0.910000 	 639.824412 	 525.147883	114.676529
0.920000 	 631.122566 	 514.631580	116.490986
0.930000 	 622.628648 	 504.329475	118.299173
0.940000 	 614.340007 	 494.239409	120.100598
0.950000 	 606.253780 	 484.359004	121.894776
0.960000 	 598.366925 	 474.685689	123.681236
0.970000 	 590.676239 	 465.216727	125.459511
0.980000 	 583.178385 	 455.949238	127.229148
0.990000 	 575.869914 	 446.880215	128.989699
1.000000 	 568.747280 	 438.006551	130.740729
1.010000 	 561.806863 	 429.325052	132.481811
1.020000 	 555.044979 	 420.832450	134.212528
1.030000 	 548.457900 	 412.525426	135.932474
1.040000 	 542.041863 	 404.400612	137.641251
1.050000 	 535.793085 	 396.454613	139.338472
1.060000 	 529.707771 	 388.684012	141.023759
1.070000 	 523.782126 	 381.085381	142.696745
1.080000 	 518.012360 	 373.655288	144.357072
1.090000 	 512.394702 	 366.390310	146.004392
1.100000 	 506.925401 	 359.287033	147.638368
1.110000 	 501.600736 	 352.342064	149.258672
1.120000 	 496.417020 	 345.552033	150.864987
1.130000 	 491.370604 	 338.913600	152.457004
1.140000 	 486.457883 	 332.423458	154.034426
1.150000 	 481.675301 	 326.078337	155.596964
1.160000 	 477.019349 	 319.875007	157.144342
1.170000 	 472.486574 	 313.810285	158.676289
1.180000 	 468.073578 	 307.881029	160.192549
1.190000 	 463.777021 	 302.084149	161.692872
1.200000 	 459.593621 	 296.416603	163.177019
1.210000 	 455.520161 	 290.875400	164.644760
1.220000 	 451.553481 	 285.457604	166.095877
1.230000 	 447.690488 	 280.160331	167.530157
1.240000 	 443.928151 	 274.980750	168.947401
1.250000 	 440.263503 	 269.916087	170.347416
1.260000 	 436.693642 	 264.963622	171.730021
1.270000 	 433.215731 	 260.120690	173.095041
1.280000 	 429.826996 	 255.384684	174.442312
1.290000 	 426.524728 	 250.753049	175.771679
1.300000 	 423.306283 	 246.223288	177.082995
1.310000 	 420.169078 	 241.792955	178.376123
1.320000 	 417.110596 	 237.459663	179.650934
1.330000 	 414.128381 	 233.221075	180.907306
1.340000 	 411.220039 	 229.074910	182.145128
1.350000 	 408.383235 	 225.018939	183.364296
1.360000 	 405.615698 	 221.050984	184.564714
1.370000 	 402.915214 	 217.168919	185.746295
1.380000 	 400.279627 	 213.370669	186.908958
1.390000 	 397.706841 	 209.654209	188.052632
1.400000 	 395.194814 	 206.017561	189.177253
1.410000 	 392.741560 	 202.458796	190.282764
1.420000 	 390.345149 	 198.976034	191.369115
1.430000 	 388.003704 	 195.567439	192.436265
1.440000 	 385.715400 	 192.231221	193.484180
1.450000 	 383.478464 	 188.965634	194.512830
1.460000 	 381.291172 	 185.768976	195.522196
1.470000 	 379.151852 	 182.639589	196.512263
1.480000 	 377.058878 	 179.575854	197.483024
1.490000 	 375.010672 	 176.576195	198.434477
1.500000 	 373.005702 	 173.639074	199.366628
1.510000 	 371.042483 	 170.762994	200.279490
1.520000 	 369.119572 	 167.946494	201.173078
1.530000 	 367.235568 	 165.188151	202.047417
1.540000 	 365.389115 	 162.486580	202.902536
1.550000 	 363.578898 	 159.840428	203.738469
1.560000 	 361.803638 	 157.248379	204.555259
1.570000 	 360.062100 	 154.709151	205.352949
1.580000 	 358.353084 	 152.221492	206.131592
1.590000 	 356.675428 	 149.784185	206.891243
1.600000 	 355.028007 	 147.396043	207.631963
1.610000 	 353.409730 	 145.055910	208.353820
1.620000 	 351.819541 	 142.762659	209.056882
1.630000 	 350.256418 	 140.515192	209.741225
1.640000 	 348.719370 	 138.312440	210.406930
1.650000 	 347.207439 	 136.153360	211.054079
1.660000 	 345.719698 	 134.036937	211.682762
1.670000 	 344.255250 	 131.962181	212.293069
1.680000 	 342.813226 	 129.928128	212.885097
1.690000 	 341.392786 	 127.933840	213.458946
1.700000 	 339.993119 	 125.978400	214.014719
1.710000 	 338.613440 	 124.060917	214.552523
1.720000 	 337.252989 	 122.180521	215.072468
1.730000 	 335.911033 	 120.336365	215.574668
1.740000 	 334.586863 	 118.527624	216.059239
1.750000 	 333.279795 	 116.753493	216.526302
1.760000 	 331.989167 	 115.013188	216.975978
1.770000 	 330.714340 	 113.305946	217.408394
1.780000 	 329.454698 	 111.631021	217.823677
1.790000 	 328.209645 	 109.987687	218.221958
1.800000 	 326.978608 	 108.375237	218.603371
1.810000 	 325.761030 	 106.792980	218.968050
1.820000 	 324.556379 	 105.240245	219.316134
1.830000 	 323.364138 	 103.716376	219.647762
1.840000 	 322.183809 	 102.220734	219.963076
1.850000 	 321.014914 	 100.752695	220.262219
1.860000 	 319.856991 	 99.311653	220.545339
1.870000 	 318.709594 	 97.897014	220.812581
1.880000 	 317.572295 	 96.508201	221.064094
1.890000 	 316.444681 	 95.144651	221.300030
1.900000 	 315.326355 	 93.805814	221.520540
1.910000 	 314.216933 	 92.491155	221.725778
1.920000 	 313.116048 	 91.200151	221.915897
1.930000 	 312.023346 	 89.932292	222.091053
1.940000 	 310.938486 	 88.687081	222.251404
1.950000 	 309.861141 	 87.464034	222.397107
1.960000 	 308.790997 	 86.262676	222.528321
1.970000 	 307.727751 	 85.082547	222.645204
1.980000 	 306.671113 	 83.923195	222.747918
1.990000 	 305.620805 	 82.784182	222.836623
2.000000 	 304.576559 	 81.665079	222.911480
2.010000 	 303.538119 	 80.565467	222.972652
2.020000 	 302.505239 	 79.484938	223.020302
2.030000 	 301.477684 	 78.423093	223.054591
2.040000 	 300.455226 	 77.379543	223.075683
2.050000 	 299.437651 	 76.353909	223.083742
2.060000 	 298.424751 	 75.345820	223.078930
2.070000 	 297.416327 	 74.354914	223.061413
2.080000 	 296.412191 	 73.380838	223.031353
2.090000 	 295.412161 	 72.423247	222.988914
2.100000 	 294.416065 	 71.481804	222.934261
2.110000 	 293.423736 	 70.556180	222.867556
2.120000 	 292.435017 	 69.646055	222.788962
2.130000 	 291.449759 	 68.751114	222.698644
2.140000 	 290.467817 	 67.871052	222.596764
2.150000 	 289.489055 	 67.005570	222.483485
2.160000 	 288.513343 	 66.154374	222.358969
2.170000 	 287.540557 	 65.317180	222.223377
2.180000 	 286.570580 	 64.493709	222.076871
2.190000 	 285.603301 	 63.683689	221.919612
2.200000 	 284.638613 	 62.886853	221.751760
2.210000 	 283.676416 	 62.102941	221.573475
2.220000 	 282.716615 	 61.331700	221.384915
2.230000 	 281.759120 	 60.572881	221.186240
2.240000 	 280.803847 	 59.826241	220.977606
2.250000 	 279.850714 	 59.091543	220.759172
2.260000 	 278.899647 	 58.368555	220.531092
2.270000 	 277.950573 	 57.657051	220.293522
2.280000 	 277.003427 	 56.956810	220.046618
2.290000 	 276.058145 	 56.267614	219.790531
2.300000 	 275.114668 	 55.589252	219.525416
2.310000 	 274.172941 	 54.921517	219.251424
2.320000 	 273.232912 	 54.264207	218.968705
2.330000 	 272.294534 	 53.617123	218.677411
2.340000 	 271.357761 	 52.980073	218.377688
2.350000 	 270.422554 	 52.352867	218.069687
2.360000 	 269.488872 	 51.735319	217.753552
2.370000 	 268.556681 	 51.127250	217.429431
2.380000 	 267.625948 	 50.528481	217.097468
2.390000 	 266.696645 	 49.938839	216.757805
2.400000 	 265.768743 	 49.358156	216.410587
2.410000 	 264.842218 	 48.786265	216.055953
2.420000 	 263.917048 	 48.223003	215.694045
2.430000 	 262.993213 	 47.668213	215.325000
2.440000 	 262.070697 	 47.121739	214.948958
2.450000 	 261.149482 	 46.583428	214.566054
2.460000 	 260.229557 	 46.053133	214.176424
2.470000 	 259.310909 	 45.530707	213.780202
2.480000 	 258.393529 	 45.016008	213.377521
2.490000 	 257.477410 	 44.508897	212.968513
2.500000 	 256.562544 	 44.009237	212.553307
2.510000 	 255.648928 	 43.516894	212.132034
2.520000 	 254.736559 	 43.031737	211.704822
2.530000 	 253.825435 	 42.553639	211.271796
2.540000 	 252.915556 	 42.082474	210.833082
2.550000 	 252.006923 	 41.618118	210.388805
2.560000 	 251.099539 	 41.160453	209.939086
2.570000 	 250.193407 	 40.709359	209.484048
2.580000 	 249.288533 	 40.264722	209.023811
2.590000 	 248.384922 	 39.826428	208.558494
2.600000 	 247.482581 	 39.394367	208.088214
2.610000 	 246.581518 	 38.968430	207.613087
2.620000 	 245.681741 	 38.548512	207.133229
2.630000 	 244.783262 	 38.134508	206.648754
2.640000 	 243.886088 	 37.726316	206.159772
2.650000 	 242.990233 	 37.323836	205.666397
2.660000 	 242.095708 	 36.926971	205.168737
2.670000 	 241.202525 	 36.535624	204.666901
2.680000 	 240.310698 	 36.149702	204.160996
2.690000 	 239.420241 	 35.769113	203.651128
2.700000 	 238.531167 	 35.393765	203.137402
2.710000 	 237.643491 	 35.023571	202.619920
2.720000 	 236.757230 	 34.658444	202.098785
2.730000 	 235.872398 	 34.298300	201.574098
2.740000 	 234.989011 	 33.943053	201.045958
2.750000 	 234.107087 	 33.592624	200.514462
2.760000 	 233.226641 	 33.246932	199.979709
2.770000 	 232.347691 	 32.905898	199.441793
2.780000 	 231.470255 	 32.569446	198.900809
2.790000 	 230.594349 	 32.237499	198.356851
2.800000 	 229.719993 	 31.909984	197.810009
2.810000 	 228.847202 	 31.586828	197.260374
2.820000 	 227.975997 	 31.267961	196.708036
2.830000 	 227.106395 	 30.953312	196.153083
2.840000 	 226.238414 	 30.642812	195.595602
2.850000 	 225.372073 	 30.336395	195.035678
2.860000 	 224.507391 	 30.033994	194.473396
2.870000 	 223.644385 	 29.735546	193.908840
2.880000 	 222.783076 	 29.440986	193.342090
2.890000 	 221.923481 	 29.150252	192.773229
2.900000 	 221.065619 	 28.863283	192.202336
2.910000 	 220.209509 	 28.580020	191.629489
2.920000 	 219.355170 	 28.300403	191.054766
2.930000 	 218.502619 	 28.024376	190.478243
2.940000 	 217.651876 	 27.751880	189.899996
2.950000 	 216.802958 	 27.482861	189.320097
2.960000 	 215.955885 	 27.217264	188.738620
2.970000 	 215.110674 	 26.955036	188.155637
2.980000 	 214.267343 	 26.696124	187.571219
2.990000 	 213.425911 	 26.440477	186.985434
3.000000 	 212.586394 	 26.188043	186.398351
3.010000 	 211.748812 	 25.938774	185.810038
3.020000 	 210.913181 	 25.692620	185.220561
3.030000 	 210.079518 	 25.449533	184.629985
3.040000 	 209.247841 	 25.209467	184.038374
3.050000 	 208.418167 	 24.972376	183.445791
3.060000 	 207.590512 	 24.738213	182.852299
3.070000 	 206.764894 	 24.506935	182.257959
3.080000 	 205.941327 	 24.278497	181.662830
3.090000 	 205.119830 	 24.052857	181.066972
3.100000 	 204.300416 	 23.829973	180.470443
3.110000 	 203.483103 	 23.609803	179.873300
3.120000 	 202.667905 	 23.392306	179.275599
3.130000 	 201.854838 	 23.177443	178.677395
3.140000 	 201.043917 	 22.965174	178.078743
3.150000 	 200.235156 	 22.755460	177.479696
3.160000 	 199.428570 	 22.548265	176.880306
3.170000 	 198.624174 	 22.343549	176.280624
3.180000 	 197.821980 	 22.141278	175.680702
3.190000 	 197.022003 	 21.941415	175.080589
3.200000 	 196.224257 	 21.743924	174.480333
3.210000 	 195.428754 	 21.548771	173.879983
3.220000 	 194.635507 	 21.355922	173.279586
3.230000 	 193.844530 	 21.165343	172.679187
3.240000 	 193.055833 	 20.977001	172.078832
3.250000 	 192.269431 	 20.790864	171.478566
3.260000 	 191.485333 	 20.606901	170.878432
3.270000 	 190.703553 	 20.425079	170.278473
3.280000 	 189.924100 	 20.245369	169.678731
3.290000 	 189.146987 	 20.067739	169.079248
3.300000 	 188.372224 	 19.892161	168.480063
3.310000 	 187.599821 	 19.718604	167.881217
3.320000 	 186.829788 	 19.547041	167.282748
3.330000 	 186.062136 	 19.377442	166.684694
3.340000 	 185.296874 	 19.209781	166.087093
3.350000 	 184.534012 	 19.044030	165.489982
3.360000 	 183.773558 	 18.880162	164.893396
3.370000 	 183.015522 	 18.718150	164.297371
3.380000 	 182.259911 	 18.557970	163.701941
3.390000 	 181.506734 	 18.399594	163.107140
3.400000 	 180.756000 	 18.242999	162.513002
3.410000 	 180.007716 	 18.088158	161.919557
3.420000 	 179.261889 	 17.935049	161.326839
3.430000 	 178.518526 	 17.783648	160.734878
3.440000 	 177.777635 	 17.633930	160.143705
3.450000 	 177.039222 	 17.485872	159.553350
3.460000 	 176.303294 	 17.339452	158.963841
3.470000 	 175.569856 	 17.194648	158.375208
3.480000 	 174.838915 	 17.051438	157.787477
3.490000 	 174.110476 	 16.909799	157.200678
3.500000 	 173.384545 	 16.769710	156.614835
3.510000 	 172.661127 	 16.631151	156.029975
3.520000 	 171.940226 	 16.494102	155.446125
3.530000 	 171.221848 	 16.358540	154.863307
3.540000 	 170.505996 	 16.224448	154.281548
3.550000 	 169.792675 	 16.091804	153.700871
3.560000 	 169.081889 	 15.960590	153.121299
3.570000 	 168.373641 	 15.830786	152.542855
3.580000 	 167.667935 	 15.702375	151.965560
3.590000 	 166.964774 	 15.575337	151.389438
3.600000 	 166.264161 	 15.449654	150.814508
3.610000 	 165.566099 	 15.325308	150.240791
3.620000 	 164.870591 	 15.202283	149.668308
3.630000 	 164.177637 	 15.080559	149.097078
3.640000 	 163.487242 	 14.960122	148.527120
3.650000 	 162.799406 	 14.840953	147.958453
3.660000 	 162.114131 	 14.723036	147.391095
3.670000 	 161.431419 	 14.606355	146.825064
3.680000 	 160.751271 	 14.490894	146.260377
3.690000 	 160.073687 	 14.376636	145.697051
3.700000 	 159.398670 	 14.263568	145.135102
3.710000 	 158.726218 	 14.151673	144.574545
3.720000 	 158.056333 	 14.040936	144.015398
3.730000 	 157.389016 	 13.931342	143.457673
3.740000 	 156.724265 	 13.822877	142.901387
3.750000 	 156.062081 	 13.715527	142.346554
3.760000 	 155.402463 	 13.609277	141.793186
3.770000 	 154.745411 	 13.504113	141.241298
3.780000 	 154.090925 	 13.400022	140.690903
3.790000 	 153.439003 	 13.296990	140.142013
3.800000 	 152.789644 	 13.195003	139.594641
3.810000 	 152.142847 	 13.094049	139.048798
3.820000 	 151.498611 	 12.994115	138.504496
3.830000 	 150.856933 	 12.895187	137.961746
3.840000 	 150.217813 	 12.797254	137.420559
3.850000 	 149.581249 	 12.700303	136.880945
3.860000 	 148.947237 	 12.604322	136.342915
3.870000 	 148.315777 	 12.509299	135.806478
3.880000 	 147.686865 	 12.415221	135.271644
3.890000 	 147.060499 	 12.322078	134.738421
3.900000 	 146.436677 	 12.229857	134.206819
3.910000 	 145.815395 	 12.138548	133.676847
3.920000 	 145.196651 	 12.048140	133.148511
3.930000 	 144.580441 	 11.958621	132.621821
3.940000 	 143.966763 	 11.869980	132.096783
3.950000 	 143.355612 	 11.782207	131.573405
3.960000 	 142.746986 	 11.695291	131.051695
3.970000 	 142.140880 	 11.609223	130.531658
3.980000 	 141.537292 	 11.523991	130.013301
3.990000 	 140.936216 	 11.439586	129.496630
4.000000 	 140.337649 	 11.355998	128.981651
4.010000 	 139.741587 	 11.273216	128.468371
4.020000 	 139.148025 	 11.191232	127.956793
4.030000 	 138.556960 	 11.110036	127.446924
4.040000 	 137.968385 	 11.029618	126.938768
4.050000 	 137.382298 	 10.949969	126.432329
4.060000 	 136.798693 	 10.871080	125.927613
4.070000 	 136.217565 	 10.792943	125.424623
4.080000 	 135.638910 	 10.715547	124.923363
4.090000 	 135.062722 	 10.638885	124.423837
4.100000 	 134.488996 	 10.562948	123.926048
4.110000 	 133.917728 	 10.487728	123.430000
4.120000 	 133.348910 	 10.413215	122.935695
4.130000 	 132.782539 	 10.339402	122.443137
4.140000 	 132.218609 	 10.266281	121.952327
4.150000 	 131.657113 	 10.193844	121.463270
4.160000 	 131.098047 	 10.122082	120.975965
4.170000 	 130.541404 	 10.050987	120.490417
4.180000 	 129.987179 	 9.980554	120.006625
4.190000 	 129.435365 	 9.910772	119.524593
4.200000 	 128.885957 	 9.841636	119.044322
4.210000 	 128.338949 	 9.773137	118.565812
4.220000 	 127.794333 	 9.705269	118.089065
4.230000 	 127.252105 	 9.638024	117.614081
4.240000 	 126.712257 	 9.571395	117.140863
4.250000 	 126.174784 	 9.505375	116.669409
4.260000 	 125.639678 	 9.439957	116.199721
4.270000 	 125.106934 	 9.375135	115.731799
4.280000 	 124.576544 	 9.310901	115.265642
4.290000 	 124.048502 	 9.247250	114.801252
4.300000 	 123.522801 	 9.184174	114.338627
4.310000 	 122.999435 	 9.121667	113.877768
4.320000 	 122.478396 	 9.059723	113.418673
4.330000 	 121.959677 	 8.998335	112.961342
4.340000 	 121.443272 	 8.937497	112.505775
4.350000 	 120.929174 	 8.877204	112.051971
4.360000 	 120.417376 	 8.817448	111.599927
4.370000 	 119.907869 	 8.758225	111.149645
4.380000 	 119.400648 	 8.699528	110.701121
4.390000 	 118.895705 	 8.641351	110.254354
4.400000 	 118.393033 	 8.583689	109.809344
4.410000 	 117.892624 	 8.526536	109.366088
4.420000 	 117.394472 	 8.469887	108.924585
4.430000 	 116.898568 	 8.413735	108.484833
4.440000 	 116.404905 	 8.358076	108.046829
4.450000 	 115.913476 	 8.302905	107.610572
4.460000 	 115.424274 	 8.248215	107.176059
4.470000 	 114.937290 	 8.194002	106.743288
4.480000 	 114.452518 	 8.140260	106.312257
4.490000 	 113.969949 	 8.086985	105.882963
4.500000 	 113.489576 	 8.034172	105.455404
4.510000 	 113.011391 	 7.981815	105.029577
4.520000 	 112.535387 	 7.929909	104.605478
4.530000 	 112.061556 	 7.878450	104.183106
4.540000 	 111.589890 	 7.827433	103.762457
4.550000 	 111.120382 	 7.776854	103.343528
4.560000 	 110.653023 	 7.726707	102.926316
4.570000 	 110.187806 	 7.676988	102.510818
4.580000 	 109.724722 	 7.627692	102.097030
4.590000 	 109.263765 	 7.578816	101.684949
4.600000 	 108.804926 	 7.530354	101.274572
4.610000 	 108.348197 	 7.482302	100.865895
4.620000 	 107.893571 	 7.434657	100.458914
4.630000 	 107.441039 	 7.387413	100.053627
4.640000 	 106.990594 	 7.340566	99.650028
4.650000 	 106.542227 	 7.294113	99.248114
4.660000 	 106.095931 	 7.248049	98.847882
4.670000 	 105.651697 	 7.202370	98.449327
4.680000 	 105.209518 	 7.157072	98.052446
4.690000 	 104.769385 	 7.112152	97.657233
4.700000 	 104.331291 	 7.067604	97.263687
4.710000 	 103.895228 	 7.023427	96.871801
4.720000 	 103.461187 	 6.979615	96.481572
4.730000 	 103.029160 	 6.936165	96.092995
4.740000 	 102.599140 	 6.893073	95.706067
4.750000 	 102.171118 	 6.850335	95.320783
4.760000 	 101.745087 	 6.807949	94.937138
4.770000 	 101.321037 	 6.765910	94.555128
4.780000 	 100.898962 	 6.724214	94.174748
4.790000 	 100.478853 	 6.682859	93.795994
4.800000 	 100.060703 	 6.641841	93.418862
4.810000 	 99.644502 	 6.601156	93.043345
4.820000 	 99.230243 	 6.560802	92.669441
4.830000 	 98.817918 	 6.520774	92.297144
4.840000 	 98.407519 	 6.481069	91.926449
4.850000 	 97.999037 	 6.441685	91.557352
4.860000 	 97.592466 	 6.402618	91.189848
4.870000 	 97.187796 	 6.363865	90.823931
4.880000 	 96.785019 	 6.325422	90.459597
4.890000 	 96.384128 	 6.287287	90.096841
4.900000 	 95.985115 	 6.249457	89.735658
4.910000 	 95.587971 	 6.211928	89.376043
4.920000 	 95.192689 	 6.174698	89.017991
4.930000 	 94.799260 	 6.137763	88.661497
4.940000 	 94.407677 	 6.101122	88.306555
4.950000 	 94.017931 	 6.064769	87.953162
4.960000 	 93.630015 	 6.028704	87.601310
4.970000 	 93.243920 	 5.992923	87.250996
4.980000 	 92.859639 	 5.957424	86.902215
4.990000 	 92.477163 	 5.922203	86.554960
5.000000 	 92.096485 	 5.887258	86.209227
5.010000 	 91.717596 	 5.852586	85.865010
5.020000 	 91.340490 	 5.818185	85.522305
5.030000 	 90.965157 	 5.784052	85.181106
5.040000 	 90.591591 	 5.750184	84.841407
5.050000 	 90.219782 	 5.716579	84.503204
5.060000 	 89.849724 	 5.683234	84.166490
5.070000 	 89.481408 	 5.650147	83.831261
5.080000 	 89.114827 	 5.617315	83.497512
5.090000 	 88.749972 	 5.584736	83.165236
5.100000 	 88.386837 	 5.552408	82.834429
5.110000 	 88.025412 	 5.520327	82.505085
5.120000 	 87.665691 	 5.488492	82.177199
5.130000 	 87.307666 	 5.456901	81.850765
5.140000 	 86.951328 	 5.425550	81.525778
5.150000 	 86.596671 	 5.394439	81.202232
5.160000 	 86.243686 	 5.363563	80.880122
5.170000 	 85.892365 	 5.332922	80.559443
5.180000 	 85.542702 	 5.302513	80.240189
5.190000 	 85.194689 	 5.272334	79.922355
5.200000 	 84.848317 	 5.242382	79.605934
5.210000 	 84.503579 	 5.212657	79.290923
5.220000 	 84.160468 	 5.183154	78.977314
5.230000 	 83.818976 	 5.153873	78.665103
5.240000 	 83.479096 	 5.124811	78.354285
5.250000 	 83.140820 	 5.095966	78.044853
5.260000 	 82.804140 	 5.067337	77.736802
5.270000 	 82.469049 	 5.038921	77.430128
5.280000 	 82.135539 	 5.010716	77.124823
5.290000 	 81.803604 	 4.982721	76.820883
5.300000 	 81.473235 	 4.954932	76.518303
5.310000 	 81.144426 	 4.927350	76.217076
5.320000 	 80.817168 	 4.899971	75.917198
5.330000 	 80.491455 	 4.872793	75.618662
5.340000 	 80.167280 	 4.845816	75.321464
5.350000 	 79.844634 	 4.819036	75.025598
5.360000 	 79.523511 	 4.792453	74.731058
5.370000 	 79.203903 	 4.766064	74.437839
5.380000 	 78.885803 	 4.739868	74.145935
5.390000 	 78.569204 	 4.713863	73.855341
5.400000 	 78.254099 	 4.688047	73.566052
5.410000 	 77.940480 	 4.662418	73.278062
5.420000 	 77.628341 	 4.636975	72.991365
5.430000 	 77.317674 	 4.611717	72.705957
5.440000 	 77.008472 	 4.586641	72.421831
5.450000 	 76.700728 	 4.561745	72.138983
5.460000 	 76.394436 	 4.537029	71.857407
5.470000 	 76.089587 	 4.512491	71.577097
5.480000 	 75.786176 	 4.488128	71.298048
5.490000 	 75.484194 	 4.463940	71.020254
5.500000 	 75.183636 	 4.439925	70.743711
5.510000 	 74.884494 	 4.416081	70.468413
5.520000 	 74.586761 	 4.392407	70.194354
5.530000 	 74.290431 	 4.368902	69.921529
5.540000 	 73.995496 	 4.345563	69.649934
5.550000 	 73.701950 	 4.322389	69.379561
5.560000 	 73.409786 	 4.299380	69.110407
5.570000 	 73.118998 	 4.276533	68.842465
5.580000 	 72.829578 	 4.253847	68.575731
5.590000 	 72.541519 	 4.231320	68.310199
5.600000 	 72.254816 	 4.208952	68.045864
5.610000 	 71.969461 	 4.186741	67.782720
5.620000 	 71.685448 	 4.164685	67.520763
5.630000 	 71.402770 	 4.142783	67.259986
5.640000 	 71.121420 	 4.121034	67.000386
5.650000 	 70.841393 	 4.099437	66.741956
5.660000 	 70.562681 	 4.077990	66.484692
5.670000 	 70.285279 	 4.056691	66.228587
5.680000 	 70.009178 	 4.035541	65.973638
5.690000 	 69.734374 	 4.014536	65.719838
5.700000 	 69.460859 	 3.993677	65.467183
5.710000 	 69.188628 	 3.972961	65.215667
5.720000 	 68.917674 	 3.952388	64.965286
5.730000 	 68.647990 	 3.931956	64.716034
5.740000 	 68.379570 	 3.911664	64.467906
5.750000 	 68.112408 	 3.891512	64.220897
5.760000 	 67.846498 	 3.871497	63.975001
5.770000 	 67.581833 	 3.851618	63.730215
5.780000 	 67.318408 	 3.831875	63.486532
5.790000 	 67.056215 	 3.812267	63.243949
5.800000 	 66.795250 	 3.792791	63.002458
5.810000 	 66.535505 	 3.773448	62.762057
5.820000 	 66.276974 	 3.754235	62.522739
5.830000 	 66.019652 	 3.735152	62.284500
5.840000 	 65.763533 	 3.716198	62.047335
5.850000 	 65.508610 	 3.697372	61.811238
5.860000 	 65.254878 	 3.678672	61.576206
5.870000 	 65.002330 	 3.660097	61.342232
5.880000 	 64.750960 	 3.641647	61.109313
5.890000 	 64.500763 	 3.623321	60.877442
5.900000 	 64.251733 	 3.605117	60.646616
5.910000 	 64.003864 	 3.587034	60.416830
5.920000 	 63.757150 	 3.569072	60.188078
5.930000 	 63.511584 	 3.551229	59.960356
5.940000 	 63.267163 	 3.533504	59.733659
5.950000 	 63.023879 	 3.515897	59.507982
5.960000 	 62.781727 	 3.498406	59.283321
5.970000 	 62.540701 	 3.481031	59.059670
5.980000 	 62.300795 	 3.463770	58.837025
5.990000 	 62.062005 	 3.446623	58.615382
6.000000 	 61.824323 	 3.429588	58.394735
6.010000 	 61.587746 	 3.412666	58.175080
6.020000 	 61.352266 	 3.395854	57.956412
6.030000 	 61.117879 	 3.379152	57.738727
6.040000 	 60.884579 	 3.362559	57.522020
6.050000 	 60.652360 	 3.346074	57.306286
6.060000 	 60.421217 	 3.329696	57.091521
6.070000 	 60.191145 	 3.313425	56.877720
6.080000 	 59.962138 	 3.297260	56.664878
6.090000 	 59.734191 	 3.281199	56.452992
6.100000 	 59.507298 	 3.265242	56.242056
6.110000 	 59.281454 	 3.249387	56.032066
6.120000 	 59.056653 	 3.233636	55.823018
6.130000 	 58.832891 	 3.217985	55.614906
6.140000 	 58.610163 	 3.202435	55.407728
6.150000 	 58.388462 	 3.186985	55.201477
6.160000 	 58.167784 	 3.171634	54.996150
6.170000 	 57.948123 	 3.156380	54.791742
6.180000 	 57.729474 	 3.141225	54.588250
6.190000 	 57.511833 	 3.126166	54.385667
6.200000 	 57.295194 	 3.111202	54.183991
6.210000 	 57.079551 	 3.096334	53.983217
6.220000 	 56.864901 	 3.081560	53.783341
6.230000 	 56.651237 	 3.066880	53.584357
6.240000 	 56.438556 	 3.052293	53.386263
6.250000 	 56.226851 	 3.037797	53.189053
6.260000 	 56.016118 	 3.023393	52.992724
6.270000 	 55.806351 	 3.009080	52.797271
6.280000 	 55.597547 	 2.994857	52.602690
6.290000 	 55.389700 	 2.980723	52.408977
6.300000 	 55.182805 	 2.966677	52.216128
6.310000 	 54.976858 	 2.952720	52.024138
6.320000 	 54.771853 	 2.938849	51.833004
6.330000 	 54.567786 	 2.925065	51.642720
6.340000 	 54.364651 	 2.911367	51.453284
6.350000 	 54.162445 	 2.897754	51.264691
6.360000 	 53.961163 	 2.884226	51.076937
6.370000 	 53.760799 	 2.870782	50.890018
6.380000 	 53.561350 	 2.857420	50.703929
6.390000 	 53.362810 	 2.844142	50.518668
6.400000 	 53.165174 	 2.830945	50.334229
6.410000 	 52.968439 	 2.817829	50.150610
6.420000 	 52.772600 	 2.804794	49.967805
6.430000 	 52.577651 	 2.791840	49.785812
6.440000 	 52.383590 	 2.778964	49.604625
6.450000 	 52.190410 	 2.766168	49.424242
6.460000 	 51.998107 	 2.753450	49.244658
6.470000 	 51.806678 	 2.740809	49.065869
6.480000 	 51.616118 	 2.728246	48.887872
6.490000 	 51.426421 	 2.715759	48.710662
6.500000 	 51.237584 	 2.703348	48.534237
6.510000 	 51.049603 	 2.691012	48.358591
6.520000 	 50.862473 	 2.678751	48.183722
6.530000 	 50.676189 	 2.666564	48.009625
6.540000 	 50.490748 	 2.654451	47.836297
6.550000 	 50.306145 	 2.642411	47.663734
6.560000 	 50.122376 	 2.630443	47.491933
6.570000 	 49.939436 	 2.618548	47.320889
6.580000 	 49.757322 	 2.606724	47.150598
6.590000 	 49.576029 	 2.594970	46.981059
6.600000 	 49.395553 	 2.583288	46.812265
6.610000 	 49.215890 	 2.571675	46.644215
6.620000 	 49.037035 	 2.560131	46.476904
6.630000 	 48.858985 	 2.548656	46.310329
6.640000 	 48.681735 	 2.537249	46.144486
6.650000 	 48.505282 	 2.525911	45.979371
6.660000 	 48.329621 	 2.514639	45.814982
6.670000 	 48.154749 	 2.503435	45.651314
6.680000 	 47.980661 	 2.492296	45.488364
6.690000 	 47.807353 	 2.481224	45.326129
6.700000 	 47.634821 	 2.470217	45.164605
6.710000 	 47.463062 	 2.459274	45.003788
6.720000 	 47.292072 	 2.448396	44.843675
6.730000 	 47.121845 	 2.437582	44.684263
6.740000 	 46.952380 	 2.426832	44.525548
6.750000 	 46.783672 	 2.416144	44.367527
6.760000 	 46.615716 	 2.405519	44.210197
6.770000 	 46.448510 	 2.394956	44.053553
6.780000 	 46.282049 	 2.384455	43.897594
6.790000 	 46.116329 	 2.374015	43.742314
6.800000 	 45.951347 	 2.363635	43.587712
6.810000 	 45.787100 	 2.353316	43.433784
6.820000 	 45.623582 	 2.343056	43.280526
6.830000 	 45.460792 	 2.332857	43.127935
6.840000 	 45.298724 	 2.322716	42.976008
6.850000 	 45.137376 	 2.312633	42.824742
6.860000 	 44.976743 	 2.302609	42.674134
6.870000 	 44.816822 	 2.292642	42.524180
6.880000 	 44.657610 	 2.282733	42.374876
6.890000 	 44.499102 	 2.272881	42.226221
6.900000 	 44.341296 	 2.263085	42.078211
6.910000 	 44.184187 	 2.253345	41.930842
6.920000 	 44.027772 	 2.243661	41.784111
6.930000 	 43.872048 	 2.234032	41.638016
6.940000 	 43.717012 	 2.224458	41.492553
6.950000 	 43.562659 	 2.214939	41.347720
6.960000 	 43.408986 	 2.205474	41.203512
6.970000 	 43.255990 	 2.196062	41.059928
6.980000 	 43.103667 	 2.186704	40.916963
6.990000 	 42.952014 	 2.177399	40.774615
7.000000 	 42.801028 	 2.168146	40.632882
7.010000 	 42.650705 	 2.158946	40.491759
7.020000 	 42.501042 	 2.149797	40.351245
7.030000 	 42.352035 	 2.140700	40.211335
7.040000 	 42.203682 	 2.131655	40.072027
7.050000 	 42.055979 	 2.122660	39.933319
7.060000 	 41.908922 	 2.113715	39.795207
7.070000 	 41.762508 	 2.104820	39.657688
7.080000 	 41.616735 	 2.095976	39.520759
7.090000 	 41.471599 	 2.087180	39.384419
7.100000 	 41.327096 	 2.078434	39.248662
7.110000 	 41.183224 	 2.069736	39.113488
7.120000 	 41.039979 	 2.061087	38.978892
7.130000 	 40.897359 	 2.052486	38.844873
7.140000 	 40.755359 	 2.043932	38.711427
7.150000 	 40.613977 	 2.035426	38.578552
7.160000 	 40.473211 	 2.026967	38.446244
7.170000 	 40.333056 	 2.018554	38.314502
7.180000 	 40.193509 	 2.010188	38.183321
7.190000 	 40.054569 	 2.001868	38.052701
7.200000 	 39.916230 	 1.993594	37.922637
7.210000 	 39.778492 	 1.985365	37.793127
7.220000 	 39.641350 	 1.977181	37.664168
7.230000 	 39.504801 	 1.969042	37.535759
7.240000 	 39.368843 	 1.960948	37.407895
7.250000 	 39.233473 	 1.952898	37.280575
7.260000 	 39.098687 	 1.944892	37.153795
7.270000 	 38.964483 	 1.936929	37.027554
7.280000 	 38.830858 	 1.929010	36.901848
7.290000 	 38.697809 	 1.921134	36.776675
7.300000 	 38.565333 	 1.913300	36.652033
7.310000 	 38.433427 	 1.905509	36.527918
7.320000 	 38.302089 	 1.897760	36.404328
7.330000 	 38.171315 	 1.890053	36.281261
7.340000 	 38.041102 	 1.882388	36.158714
7.350000 	 37.911449 	 1.874764	36.036685
7.360000 	 37.782352 	 1.867181	35.915171
7.370000 	 37.653808 	 1.859639	35.794169
7.380000 	 37.525814 	 1.852137	35.673678
7.390000 	 37.398369 	 1.844675	35.553694
7.400000 	 37.271468 	 1.837253	35.434215
7.410000 	 37.145110 	 1.829871	35.315239
7.420000 	 37.019292 	 1.822529	35.196763
7.430000 	 36.894011 	 1.815226	35.078785
7.440000 	 36.769264 	 1.807961	34.961303
7.450000 	 36.645049 	 1.800735	34.844313
7.460000 	 36.521363 	 1.793548	34.727815
7.470000 	 36.398203 	 1.786398	34.611804
7.480000 	 36.275567 	 1.779287	34.496280
7.490000 	 36.153452 	 1.772213	34.381239
7.500000 	 36.031856 	 1.765177	34.266679
7.510000 	 35.910776 	 1.758177	34.152599
7.520000 	 35.790210 	 1.751215	34.038995
7.530000 	 35.670154 	 1.744289	33.925865
7.540000 	 35.550607 	 1.737400	33.813207
7.550000 	 35.431566 	 1.730546	33.701019
7.560000 	 35.313028 	 1.723729	33.589299
7.570000 	 35.194991 	 1.716948	33.478044
7.580000 	 35.077453 	 1.710201	33.367251
7.590000 	 34.960410 	 1.703491	33.256920
7.600000 	 34.843861 	 1.696815	33.147047
7.610000 	 34.727804 	 1.690173	33.037630
7.620000 	 34.612235 	 1.683567	32.928668
7.630000 	 34.497152 	 1.676995	32.820157
7.640000 	 34.382553 	 1.670456	32.712097
7.650000 	 34.268436 	 1.663952	32.604484
7.660000 	 34.154798 	 1.657482	32.497316
7.670000 	 34.041636 	 1.651044	32.390592
7.680000 	 33.928949 	 1.644641	32.284309
7.690000 	 33.816734 	 1.638270	32.178465
7.700000 	 33.704989 	 1.631932	32.073058
7.710000 	 33.593712 	 1.625626	31.968086
7.720000 	 33.482899 	 1.619353	31.863546
7.730000 	 33.372550 	 1.613112	31.759438
7.740000 	 33.262661 	 1.606903	31.655758
7.750000 	 33.153230 	 1.600726	31.552505
7.760000 	 33.044256 	 1.594580	31.449676
7.770000 	 32.935736 	 1.588466	31.347270
7.780000 	 32.827667 	 1.582383	31.245284
7.790000 	 32.720047 	 1.576331	31.143717
7.800000 	 32.612875 	 1.570309	31.042566
7.810000 	 32.506149 	 1.564318	30.941830
7.820000 	 32.399865 	 1.558358	30.841507
7.830000 	 32.294021 	 1.552428	30.741594
7.840000 	 32.188617 	 1.546528	30.642089
7.850000 	 32.083649 	 1.540657	30.542991
7.860000 	 31.979115 	 1.534816	30.444298
7.870000 	 31.875013 	 1.529005	30.346008
7.880000 	 31.771342 	 1.523223	30.248119
7.890000 	 31.668098 	 1.517470	30.150628
7.900000 	 31.565281 	 1.511746	30.053535
7.910000 	 31.462887 	 1.506050	29.956837
7.920000 	 31.360916 	 1.500383	29.860532
7.930000 	 31.259364 	 1.494745	29.764619
7.940000 	 31.158229 	 1.489134	29.669095
7.950000 	 31.057511 	 1.483552	29.573959
7.960000 	 30.957206 	 1.477997	29.479209
7.970000 	 30.857313 	 1.472470	29.384843
7.980000 	 30.757830 	 1.466971	29.290859
7.990000 	 30.658754 	 1.461499	29.197255
8.000000 	 30.560084 	 1.456054	29.104030
8.010000 	 30.461818 	 1.450636	29.011182
8.020000 	 30.363954 	 1.445245	28.918709
8.030000 	 30.266489 	 1.439880	28.826609
8.040000 	 30.169423 	 1.434542	28.734881
8.050000 	 30.072753 	 1.429230	28.643522
8.060000 	 29.976476 	 1.423944	28.552532
8.070000 	 29.880592 	 1.418685	28.461908
8.080000 	 29.785099 	 1.413451	28.371648
8.090000 	 29.689994 	 1.408243	28.281751
8.100000 	 29.595275 	 1.403060	28.192215
8.110000 	 29.500941 	 1.397903	28.103038
8.120000 	 29.406990 	 1.392771	28.014220
8.130000 	 29.313421 	 1.387664	27.925757
8.140000 	 29.220230 	 1.382582	27.837648
8.150000 	 29.127417 	 1.377524	27.749893
8.160000 	 29.034979 	 1.372491	27.662488
8.170000 	 28.942916 	 1.367483	27.575433
8.180000 	 28.851224 	 1.362499	27.488725
8.190000 	 28.759902 	 1.357539	27.402363
8.200000 	 28.668949 	 1.352603	27.316346
8.210000 	 28.578363 	 1.347691	27.230672
8.220000 	 28.488142 	 1.342803	27.145339
8.230000 	 28.398284 	 1.337938	27.060346
8.240000 	 28.308787 	 1.333097	26.975690
8.250000 	 28.219650 	 1.328279	26.891371
8.260000 	 28.130871 	 1.323484	26.807387
8.270000 	 28.042449 	 1.318712	26.723737
8.280000 	 27.954381 	 1.313963	26.640418
8.290000 	 27.866666 	 1.309237	26.557429
8.300000 	 27.779303 	 1.304533	26.474769
8.310000 	 27.692288 	 1.299852	26.392436
8.320000 	 27.605622 	 1.295194	26.310429
8.330000 	 27.519303 	 1.290557	26.228746
8.340000 	 27.433328 	 1.285942	26.147385
8.350000 	 27.347695 	 1.281350	26.066346
8.360000 	 27.262405 	 1.276779	25.985626
8.370000 	 27.177454 	 1.272230	25.905224
8.380000 	 27.092841 	 1.267702	25.825139
8.390000 	 27.008565 	 1.263196	25.745369
8.400000 	 26.924624 	 1.258711	25.665912
8.410000 	 26.841016 	 1.254248	25.586768
8.420000 	 26.757740 	 1.249805	25.507935
8.430000 	 26.674794 	 1.245384	25.429411
8.440000 	 26.592177 	 1.240983	25.351194
8.450000 	 26.509887 	 1.236602	25.273285
8.460000 	 26.427923 	 1.232243	25.195680
8.470000 	 26.346283 	 1.227904	25.118379
8.480000 	 26.264965 	 1.223585	25.041380
8.490000 	 26.183968 	 1.219286	24.964682
8.500000 	 26.103291 	 1.215008	24.888284
8.510000 	 26.022932 	 1.210749	24.812183
8.520000 	 25.942890 	 1.206510	24.736380
8.530000 	 25.863162 	 1.202291	24.660871
8.540000 	 25.783748 	 1.198092	24.585657
8.550000 	 25.704647 	 1.193912	24.510735
8.560000 	 25.625855 	 1.189751	24.436104
8.570000 	 25.547373 	 1.185610	24.361763
8.580000 	 25.469199 	 1.181488	24.287711
8.590000 	 25.391331 	 1.177385	24.213946
8.600000 	 25.313768 	 1.173301	24.140467
8.610000 	 25.236509 	 1.169236	24.067273
8.620000 	 25.159551 	 1.165189	23.994362
8.630000 	 25.082894 	 1.161161	23.921733
8.640000 	 25.006537 	 1.157152	23.849384
8.650000 	 24.930477 	 1.153161	23.777316
8.660000 	 24.854713 	 1.149189	23.705525
8.670000 	 24.779245 	 1.145234	23.634011
8.680000 	 24.704070 	 1.141298	23.562773
8.690000 	 24.629188 	 1.137379	23.491809
8.700000 	 24.554597 	 1.133479	23.421118
8.710000 	 24.480295 	 1.129596	23.350699
8.720000 	 24.406282 	 1.125731	23.280550
8.730000 	 24.332555 	 1.121884	23.210671
8.740000 	 24.259114 	 1.118054	23.141060
8.750000 	 24.185958 	 1.114242	23.071716
8.760000 	 24.113084 	 1.110446	23.002638
8.770000 	 24.040492 	 1.106668	22.933824
8.780000 	 23.968181 	 1.102908	22.865273
8.790000 	 23.896148 	 1.099164	22.796985
8.800000 	 23.824394 	 1.095437	22.728957
8.810000 	 23.752916 	 1.091726	22.661189
8.820000 	 23.681713 	 1.088033	22.593680
8.830000 	 23.610784 	 1.084356	22.526428
8.840000 	 23.540128 	 1.080696	22.459432
8.850000 	 23.469743 	 1.077052	22.392691
8.860000 	 23.399628 	 1.073424	22.326204
8.870000 	 23.329783 	 1.069813	22.259970
8.880000 	 23.260205 	 1.066218	22.193987
8.890000 	 23.190894 	 1.062639	22.128255
8.900000 	 23.121848 	 1.059076	22.062772
8.910000 	 23.053066 	 1.055528	21.997537
8.920000 	 22.984547 	 1.051997	21.932550
8.930000 	 22.916289 	 1.048481	21.867808
8.940000 	 22.848292 	 1.044981	21.803311
8.950000 	 22.780554 	 1.041497	21.739058
8.960000 	 22.713075 	 1.038027	21.675047
8.970000 	 22.645852 	 1.034574	21.611278
8.980000 	 22.578885 	 1.031135	21.547750
8.990000 	 22.512173 	 1.027712	21.484461
9.000000 	 22.445714 	 1.024304	21.421410
9.010000 	 22.379507 	 1.020911	21.358596
9.020000 	 22.313551 	 1.017533	21.296019
9.030000 	 22.247846 	 1.014170	21.233676
9.040000 	 22.182389 	 1.010821	21.171568
9.050000 	 22.117180 	 1.007487	21.109692
9.060000 	 22.052217 	 1.004168	21.048049
9.070000 	 21.987500 	 1.000864	20.986637
9.080000 	 21.923027 	 0.997573	20.925454
9.090000 	 21.858798 	 0.994298	20.864500
9.100000 	 21.794811 	 0.991036	20.803774
9.110000 	 21.731064 	 0.987789	20.743275
9.120000 	 21.667558 	 0.984556	20.683002
9.130000 	 21.604291 	 0.981337	20.622953
9.140000 	 21.541261 	 0.978132	20.563129
9.150000 	 21.478468 	 0.974941	20.503527
9.160000 	 21.415911 	 0.971764	20.444147
9.170000 	 21.353588 	 0.968600	20.384987
9.180000 	 21.291499 	 0.965451	20.326048
9.190000 	 21.229642 	 0.962315	20.267327
9.200000 	 21.168017 	 0.959192	20.208825
9.210000 	 21.106622 	 0.956083	20.150539
9.220000 	 21.045457 	 0.952987	20.092469
9.230000 	 20.984519 	 0.949905	20.034614
9.240000 	 20.923810 	 0.946836	19.976974
9.250000 	 20.863326 	 0.943780	19.919546
9.260000 	 20.803068 	 0.940737	19.862331
9.270000 	 20.743034 	 0.937708	19.805326
9.280000 	 20.683223 	 0.934691	19.748532
9.290000 	 20.623635 	 0.931687	19.691948
9.300000 	 20.564267 	 0.928696	19.635571
9.310000 	 20.505121 	 0.925718	19.579403
9.320000 	 20.446193 	 0.922752	19.523441
9.330000 	 20.387484 	 0.919799	19.467684
9.340000 	 20.328992 	 0.916859	19.412133
9.350000 	 20.270716 	 0.913931	19.356785
9.360000 	 20.212656 	 0.911016	19.301640
9.370000 	 20.154811 	 0.908113	19.246698
9.380000 	 20.097178 	 0.905222	19.191956
9.390000 	 20.039759 	 0.902344	19.137415
9.400000 	 19.982551 	 0.899478	19.083073
9.410000 	 19.925554 	 0.896624	19.028930
9.420000 	 19.868766 	 0.893781	18.974985
9.430000 	 19.812188 	 0.890951	18.921236
9.440000 	 19.755817 	 0.888133	18.867684
9.450000 	 19.699653 	 0.885327	18.814326
9.460000 	 19.643695 	 0.882532	18.761163
9.470000 	 19.587943 	 0.879749	18.708193
9.480000 	 19.532394 	 0.876978	18.655416
9.490000 	 19.477049 	 0.874219	18.602830
9.500000 	 19.421906 	 0.871471	18.550436
9.510000 	 19.366965 	 0.868734	18.498231
9.520000 	 19.312225 	 0.866009	18.446216
9.530000 	 19.257684 	 0.863296	18.394389
9.540000 	 19.203343 	 0.860593	18.342749
9.550000 	 19.149199 	 0.857902	18.291297
9.560000 	 19.095253 	 0.855222	18.240030
9.570000 	 19.041502 	 0.852554	18.188949
9.580000 	 18.987948 	 0.849896	18.138052
9.590000 	 18.934587 	 0.847249	18.087338
9.600000 	 18.881421 	 0.844614	18.036807
9.610000 	 18.828447 	 0.841989	17.986458
9.620000 	 18.775666 	 0.839375	17.936291
9.630000 	 18.723075 	 0.836772	17.886304
9.640000 	 18.670675 	 0.834179	17.836496
9.650000 	 18.618465 	 0.831598	17.786867
9.660000 	 18.566443 	 0.829027	17.737416
9.670000 	 18.514609 	 0.826466	17.688143
9.680000 	 18.462962 	 0.823916	17.639046
9.690000 	 18.411501 	 0.821377	17.590125
9.700000 	 18.360226 	 0.818847	17.541379
9.710000 	 18.309135 	 0.816329	17.492807
9.720000 	 18.258229 	 0.813820	17.444408
9.730000 	 18.207505 	 0.811322	17.396183
9.740000 	 18.156963 	 0.808834	17.348129
9.750000 	 18.106603 	 0.806356	17.300247
9.760000 	 18.056424 	 0.803889	17.252535
9.770000 	 18.006424 	 0.801431	17.204993
9.780000 	 17.956604 	 0.798983	17.157620
9.790000 	 17.906962 	 0.796545	17.110416
9.800000 	 17.857497 	 0.794118	17.063379
9.810000 	 17.808209 	 0.791700	17.016509
9.820000 	 17.759097 	 0.789291	16.969806
9.830000 	 17.710161 	 0.786893	16.923268
9.840000 	 17.661398 	 0.784504	16.876894
9.850000 	 17.612810 	 0.782125	16.830685
9.860000 	 17.564395 	 0.779756	16.784639
9.870000 	 17.516152 	 0.777396	16.738756
9.880000 	 17.468080 	 0.775045	16.693035
9.890000 	 17.420179 	 0.772704	16.647475
9.900000 	 17.372448 	 0.770373	16.602076
9.910000 	 17.324887 	 0.768050	16.556836
9.920000 	 17.277494 	 0.765738	16.511757
9.930000 	 17.230269 	 0.763434	16.466835
9.940000 	 17.183211 	 0.761139	16.422072
9.950000 	 17.136320 	 0.758854	16.377465
9.960000 	 17.089594 	 0.756578	16.333016
9.970000 	 17.043033 	 0.754311	16.288722
9.980000 	 16.996637 	 0.752053	16.244584
9.990000 	 16.950404 	 0.749804	16.200600
10.000000 	 16.904334 	 0.747564	16.156770
10.010000 	 16.858426 	 0.745333	16.113093
10.020000 	 16.812680 	 0.743111	16.069570
10.030000 	 16.767095 	 0.740897	16.026198
10.040000 	 16.721670 	 0.738692	15.982977
10.050000 	 16.676404 	 0.736497	15.939907
10.060000 	 16.631297 	 0.734309	15.896988
10.070000 	 16.586348 	 0.732131	15.854217
10.080000 	 16.541557 	 0.729961	15.811596
10.090000 	 16.496922 	 0.727799	15.769123
10.100000 	 16.452443 	 0.725646	15.726797
10.110000 	 16.408120 	 0.723502	15.684619
10.120000 	 16.363952 	 0.721366	15.642586
10.130000 	 16.319938 	 0.719238	15.600700
10.140000 	 16.276077 	 0.717119	15.558958
10.150000 	 16.232369 	 0.715008	15.517362
10.160000 	 16.188814 	 0.712905	15.475909
10.170000 	 16.145410 	 0.710810	15.434599
10.180000 	 16.102156 	 0.708724	15.393432
10.190000 	 16.059053 	 0.706646	15.352407
10.200000 	 16.016100 	 0.704576	15.311524
10.210000 	 15.973296 	 0.702514	15.270782
10.220000 	 15.930640 	 0.700460	15.230180
10.230000 	 15.888132 	 0.698414	15.189718
10.240000 	 15.845771 	 0.696376	15.149395
10.250000 	 15.803556 	 0.694346	15.109210
10.260000 	 15.761488 	 0.692324	15.069164
10.270000 	 15.719564 	 0.690309	15.029255
10.280000 	 15.677786 	 0.688303	14.989483
10.290000 	 15.636151 	 0.686304	14.949847
10.300000 	 15.594660 	 0.684313	14.910348
10.310000 	 15.553312 	 0.682329	14.870983
10.320000 	 15.512106 	 0.680354	14.831753
10.330000 	 15.471042 	 0.678385	14.792657
10.340000 	 15.430119 	 0.676425	14.753694
10.350000 	 15.389337 	 0.674472	14.714865
10.360000 	 15.348694 	 0.672526	14.676168
10.370000 	 15.308191 	 0.670588	14.637602
10.380000 	 15.267826 	 0.668658	14.599168
10.390000 	 15.227600 	 0.666734	14.560865
10.400000 	 15.187511 	 0.664819	14.522693
10.410000 	 15.147559 	 0.662910	14.484649
10.420000 	 15.107744 	 0.661009	14.446735
10.430000 	 15.068065 	 0.659115	14.408950
10.440000 	 15.028521 	 0.657228	14.371293
10.450000 	 14.989112 	 0.655348	14.333763
10.460000 	 14.949837 	 0.653476	14.296361
10.470000 	 14.910695 	 0.651611	14.259085
10.480000 	 14.871687 	 0.649752	14.221935
10.490000 	 14.832812 	 0.647901	14.184910
10.500000 	 14.794068 	 0.646057	14.148011
10.510000 	 14.755456 	 0.644220	14.111236
10.520000 	 14.716975 	 0.642390	14.074585
10.530000 	 14.678624 	 0.640566	14.038058
10.540000 	 14.640403 	 0.638750	14.001653
10.550000 	 14.602312 	 0.636940	13.965371
10.560000 	 14.564349 	 0.635138	13.929211
10.570000 	 14.526514 	 0.633342	13.893172
10.580000 	 14.488807 	 0.631553	13.857255
10.590000 	 14.451228 	 0.629770	13.821458
10.600000 	 14.413775 	 0.627994	13.785781
10.610000 	 14.376448 	 0.626225	13.750223
10.620000 	 14.339247 	 0.624463	13.714784
10.630000 	 14.302171 	 0.622707	13.679464
10.640000 	 14.265220 	 0.620958	13.644262
10.650000 	 14.228393 	 0.619215	13.609178
10.660000 	 14.191689 	 0.617479	13.574210
10.670000 	 14.155109 	 0.615749	13.539360
10.680000 	 14.118651 	 0.614026	13.504625
10.690000 	 14.082315 	 0.612309	13.470006
10.700000 	 14.046101 	 0.610598	13.435503
10.710000 	 14.010008 	 0.608894	13.401114
10.720000 	 13.974036 	 0.607196	13.366839
10.730000 	 13.938183 	 0.605505	13.332679
10.740000 	 13.902451 	 0.603819	13.298631
10.750000 	 13.866837 	 0.602140	13.264697
10.760000 	 13.831342 	 0.600468	13.230875
10.770000 	 13.795966 	 0.598801	13.197165
10.780000 	 13.760707 	 0.597141	13.163566
10.790000 	 13.725565 	 0.595486	13.130079
10.800000 	 13.690540 	 0.593838	13.096702
10.810000 	 13.655632 	 0.592196	13.063436
10.820000 	 13.620839 	 0.590560	13.030279
10.830000 	 13.586162 	 0.588930	12.997232
10.840000 	 13.551599 	 0.587306	12.964294
10.850000 	 13.517151 	 0.585687	12.931464
10.860000 	 13.482817 	 0.584075	12.898742
10.870000 	 13.448596 	 0.582469	12.866128
10.880000 	 13.414489 	 0.580868	12.833620
10.890000 	 13.380494 	 0.579274	12.801220
10.900000 	 13.346611 	 0.577685	12.768926
10.910000 	 13.312840 	 0.576102	12.736738
10.920000 	 13.279180 	 0.574525	12.704655
10.930000 	 13.245631 	 0.572954	12.672677
10.940000 	 13.212192 	 0.571388	12.640804
10.950000 	 13.178863 	 0.569828	12.609036
10.960000 	 13.145644 	 0.568274	12.577371
10.970000 	 13.112534 	 0.566725	12.545809
10.980000 	 13.079532 	 0.565182	12.514350
10.990000 	 13.046639 	 0.563644	12.482994
11.000000 	 13.013853 	 0.562112	12.451740
11.010000 	 12.981174 	 0.560586	12.420588
11.020000 	 12.948603 	 0.559065	12.389537
11.030000 	 12.916137 	 0.557550	12.358588
11.040000 	 12.883778 	 0.556040	12.327738
11.050000 	 12.851525 	 0.554535	12.296989
11.060000 	 12.819376 	 0.553036	12.266340
11.070000 	 12.787333 	 0.551543	12.235790
11.080000 	 12.755394 	 0.550054	12.205339
11.090000 	 12.723558 	 0.548572	12.174987
11.100000 	 12.691826 	 0.547094	12.144732
11.110000 	 12.660198 	 0.545622	12.114576
11.120000 	 12.628672 	 0.544155	12.084517
11.130000 	 12.597248 	 0.542693	12.054555
11.140000 	 12.565926 	 0.541236	12.024690
11.150000 	 12.534706 	 0.539785	11.994921
11.160000 	 12.503587 	 0.538339	11.965248
11.170000 	 12.472568 	 0.536898	11.935671
11.180000 	 12.441650 	 0.535462	11.906188
11.190000 	 12.410832 	 0.534031	11.876801
11.200000 	 12.380113 	 0.532605	11.847508
11.210000 	 12.349493 	 0.531185	11.818309
11.220000 	 12.318972 	 0.529769	11.789203
11.230000 	 12.288550 	 0.528358	11.760191
11.240000 	 12.258225 	 0.526953	11.731272
11.250000 	 12.227998 	 0.525552	11.702445
11.260000 	 12.197868 	 0.524157	11.673711
11.270000 	 12.167835 	 0.522766	11.645069
11.280000 	 12.137898 	 0.521380	11.616518
11.290000 	 12.108057 	 0.519999	11.588058
11.300000 	 12.078312 	 0.518623	11.559689
11.310000 	 12.048662 	 0.517252	11.531410
11.320000 	 12.019108 	 0.515886	11.503222
11.330000 	 11.989647 	 0.514524	11.475123
11.340000 	 11.960281 	 0.513167	11.447114
11.350000 	 11.931009 	 0.511815	11.419193
11.360000 	 11.901830 	 0.510468	11.391362
11.370000 	 11.872744 	 0.509126	11.363619
11.380000 	 11.843751 	 0.507788	11.335964
11.390000 	 11.814851 	 0.506455	11.308396
11.400000 	 11.786042 	 0.505126	11.280916
11.410000 	 11.757325 	 0.503802	11.253523
11.420000 	 11.728699 	 0.502483	11.226216
11.430000 	 11.700164 	 0.501168	11.198996
11.440000 	 11.671720 	 0.499858	11.171862
11.450000 	 11.643366 	 0.498553	11.144813
11.460000 	 11.615102 	 0.497252	11.117850
11.470000 	 11.586928 	 0.495955	11.090972
11.480000 	 11.558842 	 0.494663	11.064179
11.490000 	 11.530846 	 0.493376	11.037470
11.500000 	 11.502938 	 0.492093	11.010845
11.510000 	 11.475118 	 0.490814	10.984303
11.520000 	 11.447386 	 0.489540	10.957845
11.530000 	 11.419741 	 0.488270	10.931471
11.540000 	 11.392184 	 0.487005	10.905179
11.550000 	 11.364713 	 0.485744	10.878969
11.560000 	 11.337329 	 0.484487	10.852841
11.570000 	 11.310031 	 0.483235	10.826796
11.580000 	 11.282818 	 0.481987	10.800831
11.590000 	 11.255692 	 0.480743	10.774948
11.600000 	 11.228650 	 0.479504	10.749146
11.610000 	 11.201693 	 0.478269	10.723425
11.620000 	 11.174821 	 0.477038	10.697783
11.630000 	 11.148033 	 0.475811	10.672222
11.640000 	 11.121329 	 0.474588	10.646740
11.650000 	 11.094708 	 0.473370	10.621338
11.660000 	 11.068170 	 0.472156	10.596015
11.670000 	 11.041716 	 0.470946	10.570770
11.680000 	 11.015344 	 0.469740	10.545604
11.690000 	 10.989054 	 0.468538	10.520516
11.700000 	 10.962846 	 0.467340	10.495506
11.710000 	 10.936720 	 0.466147	10.470573
11.720000 	 10.910675 	 0.464957	10.445718
11.730000 	 10.884711 	 0.463772	10.420940
11.740000 	 10.858828 	 0.462590	10.396238
11.750000 	 10.833025 	 0.461413	10.371613
11.760000 	 10.807303 	 0.460239	10.347064
11.770000 	 10.781660 	 0.459069	10.322591
11.780000 	 10.756097 	 0.457904	10.298193
11.790000 	 10.730613 	 0.456742	10.273870
11.800000 	 10.705207 	 0.455584	10.249623
11.810000 	 10.679881 	 0.454431	10.225450
11.820000 	 10.654632 	 0.453281	10.201351
11.830000 	 10.629462 	 0.452135	10.177327
11.840000 	 10.604369 	 0.450992	10.153377
11.850000 	 10.579354 	 0.449854	10.129500
11.860000 	 10.554416 	 0.448720	10.105696
11.870000 	 10.529554 	 0.447589	10.081966
11.880000 	 10.504770 	 0.446462	10.058308
11.890000 	 10.480061 	 0.445339	10.034722
11.900000 	 10.455428 	 0.444219	10.011209
11.910000 	 10.430871 	 0.443104	9.987768
11.920000 	 10.406390 	 0.441992	9.964398
11.930000 	 10.381984 	 0.440883	9.941100
11.940000 	 10.357652 	 0.439779	9.917873
11.950000 	 10.333395 	 0.438678	9.894717
11.960000 	 10.309212 	 0.437581	9.871631
11.970000 	 10.285103 	 0.436487	9.848616
11.980000 	 10.261068 	 0.435398	9.825671
11.990000 	 10.237107 	 0.434311	9.802795
12.000000 	 10.213218 	 0.433229	9.779989
12.010000 	 10.189403 	 0.432150	9.757253
12.020000 	 10.165660 	 0.431074	9.734585
12.030000 	 10.141989 	 0.430002	9.711987
12.040000 	 10.118390 	 0.428934	9.689456
12.050000 	 10.094864 	 0.427869	9.666995
12.060000 	 10.071408 	 0.426808	9.644601
12.070000 	 10.048025 	 0.425750	9.622275
12.080000 	 10.024712 	 0.424696	9.600016
12.090000 	 10.001469 	 0.423645	9.577825
12.100000 	 9.978298 	 0.422598	9.555700
12.110000 	 9.955196 	 0.421554	9.533643
12.120000 	 9.932165 	 0.420513	9.511652
12.130000 	 9.909203 	 0.419476	9.489727
12.140000 	 9.886310 	 0.418442	9.467868
12.150000 	 9.863487 	 0.417412	9.446075
12.160000 	 9.840733 	 0.416385	9.424348
12.170000 	 9.818047 	 0.415362	9.402686
12.180000 	 9.795430 	 0.414341	9.381089
12.190000 	 9.772881 	 0.413325	9.359556
12.200000 	 9.750400 	 0.412311	9.338089
12.210000 	 9.727987 	 0.411301	9.316686
12.220000 	 9.705641 	 0.410294	9.295347
12.230000 	 9.683362 	 0.409290	9.274071
12.240000 	 9.661150 	 0.408290	9.252860
12.250000 	 9.639004 	 0.407293	9.231712
12.260000 	 9.616926 	 0.406299	9.210627
12.270000 	 9.594913 	 0.405308	9.189605
12.280000 	 9.572966 	 0.404321	9.168645
12.290000 	 9.551085 	 0.403337	9.147748
12.300000 	 9.529270 	 0.402356	9.126914
12.310000 	 9.507519 	 0.401378	9.106141
12.320000 	 9.485834 	 0.400403	9.085431
12.330000 	 9.464213 	 0.399431	9.064782
12.340000 	 9.442657 	 0.398463	9.044194
12.350000 	 9.421165 	 0.397498	9.023667
12.360000 	 9.399737 	 0.396536	9.003202
12.370000 	 9.378373 	 0.395577	8.982797
12.380000 	 9.357073 	 0.394621	8.962452
12.390000 	 9.335836 	 0.393668	8.942168
12.400000 	 9.314662 	 0.392718	8.921944
12.410000 	 9.293550 	 0.391771	8.901779
12.420000 	 9.272502 	 0.390827	8.881675
12.430000 	 9.251516 	 0.389887	8.861629
12.440000 	 9.230592 	 0.388949	8.841643
12.450000 	 9.209730 	 0.388014	8.821716
12.460000 	 9.188930 	 0.387082	8.801847
12.470000 	 9.168191 	 0.386154	8.782037
12.480000 	 9.147514 	 0.385228	8.762286
12.490000 	 9.126897 	 0.384305	8.742592
12.500000 	 9.106342 	 0.383385	8.722957
12.510000 	 9.085847 	 0.382468	8.703379
12.520000 	 9.065413 	 0.381554	8.683858
12.530000 	 9.045038 	 0.380643	8.664395
12.540000 	 9.024724 	 0.379735	8.644989
12.550000 	 9.004470 	 0.378830	8.625640
12.560000 	 8.984275 	 0.377927	8.606347
12.570000 	 8.964139 	 0.377028	8.587111
12.580000 	 8.944062 	 0.376131	8.567932
12.590000 	 8.924045 	 0.375237	8.548808
12.600000 	 8.904086 	 0.374346	8.529740
12.610000 	 8.884185 	 0.373458	8.510728
12.620000 	 8.864343 	 0.372572	8.491771
12.630000 	 8.844559 	 0.371689	8.472870
12.640000 	 8.824833 	 0.370810	8.454023
12.650000 	 8.805164 	 0.369932	8.435232
12.660000 	 8.785553 	 0.369058	8.416495
12.670000 	 8.765999 	 0.368187	8.397812
12.680000 	 8.746502 	 0.367318	8.379184
12.690000 	 8.727062 	 0.366452	8.360610
12.700000 	 8.707678 	 0.365588	8.342090
12.710000 	 8.688351 	 0.364727	8.323624
12.720000 	 8.669080 	 0.363870	8.305211
12.730000 	 8.649865 	 0.363014	8.286851
12.740000 	 8.630706 	 0.362162	8.268545
12.750000 	 8.611603 	 0.361312	8.250291
12.760000 	 8.592555 	 0.360464	8.232091
12.770000 	 8.573562 	 0.359620	8.213942
12.780000 	 8.554624 	 0.358778	8.195847
12.790000 	 8.535741 	 0.357938	8.177803
12.800000 	 8.516913 	 0.357101	8.159811
12.810000 	 8.498139 	 0.356267	8.141872
12.820000 	 8.479419 	 0.355436	8.123984
12.830000 	 8.460754 	 0.354607	8.106147
12.840000 	 8.442142 	 0.353780	8.088362
12.850000 	 8.423584 	 0.352956	8.070628
12.860000 	 8.405079 	 0.352135	8.052944
12.870000 	 8.386628 	 0.351316	8.035312
12.880000 	 8.368230 	 0.350500	8.017730
12.890000 	 8.349885 	 0.349686	8.000198
12.900000 	 8.331592 	 0.348875	7.982717
12.910000 	 8.313352 	 0.348067	7.965286
12.920000 	 8.295164 	 0.347260	7.947904
12.930000 	 8.277029 	 0.346457	7.930572
12.940000 	 8.258945 	 0.345655	7.913290
12.950000 	 8.240914 	 0.344857	7.896057
12.960000 	 8.222934 	 0.344060	7.878873
12.970000 	 8.205005 	 0.343266	7.861739
12.980000 	 8.187128 	 0.342475	7.844653
12.990000 	 8.169302 	 0.341686	7.827615
13.000000 	 8.151526 	 0.340900	7.810627
13.010000 	 8.133801 	 0.340115	7.793686
13.020000 	 8.116127 	 0.339334	7.776794
13.030000 	 8.098504 	 0.338554	7.759949
13.040000 	 8.080930 	 0.337777	7.743153
13.050000 	 8.063407 	 0.337003	7.726404
13.060000 	 8.045933 	 0.336230	7.709702
13.070000 	 8.028509 	 0.335461	7.693048
13.080000 	 8.011134 	 0.334693	7.676441
13.090000 	 7.993809 	 0.333928	7.659881
13.100000 	 7.976533 	 0.333165	7.643368
13.110000 	 7.959306 	 0.332404	7.626902
13.120000 	 7.942128 	 0.331646	7.610482
13.130000 	 7.924998 	 0.330890	7.594108
13.140000 	 7.907917 	 0.330137	7.577780
13.150000 	 7.890884 	 0.329385	7.561499
13.160000 	 7.873899 	 0.328636	7.545263
13.170000 	 7.856963 	 0.327889	7.529073
13.180000 	 7.840074 	 0.327145	7.512929
13.190000 	 7.823232 	 0.326403	7.496830
13.200000 	 7.806439 	 0.325663	7.480776
13.210000 	 7.789692 	 0.324925	7.464767
13.220000 	 7.772993 	 0.324189	7.448803
13.230000 	 7.756340 	 0.323456	7.432884
13.240000 	 7.739735 	 0.322725	7.417010
13.250000 	 7.723176 	 0.321996	7.401180
13.260000 	 7.706663 	 0.321269	7.385394
13.270000 	 7.690197 	 0.320544	7.369653
13.280000 	 7.673777 	 0.319822	7.353955
13.290000 	 7.657403 	 0.319102	7.338301
13.300000 	 7.641075 	 0.318384	7.322691
13.310000 	 7.624792 	 0.317668	7.307125
13.320000 	 7.608556 	 0.316954	7.291602
13.330000 	 7.592364 	 0.316242	7.276122
13.340000 	 7.576218 	 0.315533	7.260685
13.350000 	 7.560117 	 0.314825	7.245291
13.360000 	 7.544060 	 0.314120	7.229940
13.370000 	 7.528049 	 0.313417	7.214632
13.380000 	 7.512082 	 0.312716	7.199366
13.390000 	 7.496160 	 0.312017	7.184143
13.400000 	 7.480281 	 0.311320	7.168962
13.410000 	 7.464447 	 0.310625	7.153823
13.420000 	 7.448657 	 0.309932	7.138725
13.430000 	 7.432911 	 0.309241	7.123670
13.440000 	 7.417209 	 0.308553	7.108656
13.450000 	 7.401550 	 0.307866	7.093684
13.460000 	 7.385934 	 0.307181	7.078753
13.470000 	 7.370362 	 0.306499	7.063863
13.480000 	 7.354833 	 0.305818	7.049015
13.490000 	 7.339347 	 0.305140	7.034207
13.500000 	 7.323904 	 0.304463	7.019440
13.510000 	 7.308503 	 0.303789	7.004714
13.520000 	 7.293145 	 0.303116	6.990029
13.530000 	 7.277829 	 0.302446	6.975383
13.540000 	 7.262556 	 0.301777	6.960779
13.550000 	 7.247324 	 0.301110	6.946214
13.560000 	 7.232135 	 0.300446	6.931689
13.570000 	 7.216987 	 0.299783	6.917204
13.580000 	 7.201881 	 0.299122	6.902759
13.590000 	 7.186816 	 0.298463	6.888353
13.600000 	 7.171793 	 0.297807	6.873987
13.610000 	 7.156811 	 0.297152	6.859660
13.620000 	 7.141871 	 0.296499	6.845372
13.630000 	 7.126971 	 0.295847	6.831124
13.640000 	 7.112112 	 0.295198	6.816914
13.650000 	 7.097294 	 0.294551	6.802743
13.660000 	 7.082516 	 0.293905	6.788611
13.670000 	 7.067779 	 0.293262	6.774517
13.680000 	 7.053082 	 0.292620	6.760462
13.690000 	 7.038425 	 0.291980	6.746445
13.700000 	 7.023808 	 0.291342	6.732466
13.710000 	 7.009231 	 0.290706	6.718525
13.720000 	 6.994694 	 0.290072	6.704622
13.730000 	 6.980196 	 0.289440	6.690757
13.740000 	 6.965738 	 0.288809	6.676929
13.750000 	 6.951319 	 0.288180	6.663139
13.760000 	 6.936940 	 0.287553	6.649386
13.770000 	 6.922599 	 0.286928	6.635671
13.780000 	 6.908298 	 0.286305	6.621993
13.790000 	 6.894035 	 0.285683	6.608352
13.800000 	 6.879811 	 0.285064	6.594747
13.810000 	 6.865625 	 0.284446	6.581180
13.820000 	 6.851478 	 0.283830	6.567649
13.830000 	 6.837370 	 0.283215	6.554154
13.840000 	 6.823299 	 0.282603	6.540696
13.850000 	 6.809267 	 0.281992	6.527275
13.860000 	 6.795272 	 0.281383	6.513889
13.870000 	 6.781315 	 0.280776	6.500540
13.880000 	 6.767396 	 0.280170	6.487226
13.890000 	 6.753515 	 0.279566	6.473948
13.900000 	 6.739671 	 0.278964	6.460706
13.910000 	 6.725864 	 0.278364	6.447500
13.920000 	 6.712094 	 0.277765	6.434329
13.930000 	 6.698361 	 0.277168	6.421193
13.940000 	 6.684666 	 0.276573	6.408093
13.950000 	 6.671007 	 0.275980	6.395027
13.960000 	 6.657385 	 0.275388	6.381997
13.970000 	 6.643799 	 0.274798	6.369001
13.980000 	 6.630250 	 0.274209	6.356041
13.990000 	 6.616737 	 0.273622	6.343114
14.000000 	 6.603260 	 0.273037	6.330223
14.010000 	 6.589820 	 0.272454	6.317366
14.020000 	 6.576415 	 0.271872	6.304543
14.030000 	 6.563046 	 0.271292	6.291754
14.040000 	 6.549713 	 0.270714	6.279000
14.050000 	 6.536416 	 0.270137	6.266279
14.060000 	 6.523154 	 0.269562	6.253592
14.070000 	 6.509927 	 0.268988	6.240939
14.080000 	 6.496736 	 0.268416	6.228320
14.090000 	 6.483580 	 0.267846	6.215734
14.100000 	 6.470459 	 0.267277	6.203181
14.110000 	 6.457372 	 0.266710	6.190662
14.120000 	 6.444321 	 0.266145	6.178176
14.130000 	 6.431304 	 0.265581	6.165724
14.140000 	 6.418322 	 0.265018	6.153304
14.150000 	 6.405374 	 0.264458	6.140917
14.160000 	 6.392461 	 0.263899	6.128562
14.170000 	 6.379582 	 0.263341	6.116241
14.180000 	 6.366737 	 0.262785	6.103952
14.190000 	 6.353926 	 0.262231	6.091695
14.200000 	 6.341149 	 0.261678	6.079471
14.210000 	 6.328405 	 0.261126	6.067279
14.220000 	 6.315696 	 0.260577	6.055119
14.230000 	 6.303020 	 0.260029	6.042991
14.240000 	 6.290377 	 0.259482	6.030895
14.250000 	 6.277768 	 0.258937	6.018831
14.260000 	 6.265192 	 0.258393	6.006799
14.270000 	 6.252649 	 0.257851	5.994798
14.280000 	 6.240139 	 0.257310	5.982829
14.290000 	 6.227662 	 0.256771	5.970891
14.300000 	 6.215218 	 0.256234	5.958984
14.310000 	 6.202807 	 0.255698	5.947109
14.320000 	 6.190428 	 0.255163	5.935265
14.330000 	 6.178082 	 0.254630	5.923452
14.340000 	 6.165768 	 0.254098	5.911669
14.350000 	 6.153486 	 0.253568	5.899918
14.360000 	 6.141237 	 0.253039	5.888197
14.370000 	 6.129019 	 0.252512	5.876507
14.380000 	 6.116834 	 0.251987	5.864847
14.390000 	 6.104680 	 0.251462	5.853218
14.400000 	 6.092558 	 0.250939	5.841619
14.410000 	 6.080468 	 0.250418	5.830050
14.420000 	 6.068410 	 0.249898	5.818512
14.430000 	 6.056383 	 0.249380	5.807003
14.440000 	 6.044387 	 0.248863	5.795525
14.450000 	 6.032423 	 0.248347	5.784076
14.460000 	 6.020489 	 0.247833	5.772657
14.470000 	 6.008587 	 0.247320	5.761267
14.480000 	 5.996716 	 0.246808	5.749907
14.490000 	 5.984875 	 0.246299	5.738577
14.500000 	 5.973066 	 0.245790	5.727276
14.510000 	 5.961287 	 0.245283	5.716004
14.520000 	 5.949538 	 0.244777	5.704761
14.530000 	 5.937820 	 0.244273	5.693548
14.540000 	 5.926133 	 0.243770	5.682363
14.550000 	 5.914476 	 0.243268	5.671208
14.560000 	 5.902848 	 0.242768	5.660081
14.570000 	 5.891251 	 0.242269	5.648983
14.580000 	 5.879684 	 0.241771	5.637913
14.590000 	 5.868147 	 0.241275	5.626872
14.600000 	 5.856640 	 0.240780	5.615859
14.610000 	 5.845162 	 0.240287	5.604875
14.620000 	 5.833714 	 0.239795	5.593919
14.630000 	 5.822295 	 0.239304	5.582991
14.640000 	 5.810906 	 0.238815	5.572092
14.650000 	 5.799546 	 0.238327	5.561220
14.660000 	 5.788216 	 0.237840	5.550376
14.670000 	 5.776914 	 0.237354	5.539560
14.680000 	 5.765642 	 0.236870	5.528772
14.690000 	 5.754398 	 0.236387	5.518011
14.700000 	 5.743184 	 0.235906	5.507278
14.710000 	 5.731998 	 0.235426	5.496572
14.720000 	 5.720841 	 0.234947	5.485894
14.730000 	 5.709712 	 0.234469	5.475243
14.740000 	 5.698612 	 0.233993	5.464619
14.750000 	 5.687540 	 0.233518	5.454022
14.760000 	 5.676497 	 0.233044	5.443453
14.770000 	 5.665482 	 0.232572	5.432910
14.780000 	 5.654495 	 0.232101	5.422394
14.790000 	 5.643536 	 0.231631	5.411905
14.800000 	 5.632605 	 0.231162	5.401443
14.810000 	 5.621702 	 0.230695	5.391007
14.820000 	 5.610827 	 0.230229	5.380598
14.830000 	 5.599979 	 0.229764	5.370215
14.840000 	 5.589159 	 0.229300	5.359859
14.850000 	 5.578367 	 0.228838	5.349529
14.860000 	 5.567602 	 0.228377	5.339225
14.870000 	 5.556864 	 0.227917	5.328947
14.880000 	 5.546153 	 0.227458	5.318695
14.890000 	 5.535470 	 0.227001	5.308469
14.900000 	 5.524814 	 0.226545	5.298269
14.910000 	 5.514185 	 0.226090	5.288095
14.920000 	 5.503583 	 0.225636	5.277947
14.930000 	 5.493007 	 0.225183	5.267824
14.940000 	 5.482459 	 0.224732	5.257727
14.950000 	 5.471937 	 0.224282	5.247655
14.960000 	 5.461442 	 0.223833	5.237609
14.970000 	 5.450973 	 0.223385	5.227588
14.980000 	 5.440530 	 0.222939	5.217592
14.990000 	 5.430114 	 0.222493	5.207621
15.000000 	 5.419724 	 0.222049	5.197675
15.010000 	 5.409361 	 0.221606	5.187755
