0.624488
0.48054
0.791242
3.3501
0.916432
0.382169
0.68775
0.884962
1.07734
0.406246
1.1179
0.347212
0.793023
0.548688
0.74644
0.3147
0.727425
1.87578
0.513782
0.146411
2.16575
1.63397
0.336796
0.503147
0.188279
2.04174
2.30102
1.46157
0.507861
1.34741
0.85189
0.480913
0.266694
0.442378
1.09418
0.454174
0.258516
1.84296
0.81039
0.323608
0.520404
0.761374
1.30193
0.488458
0.674115
0.367587
0.704221
1.93173
2.32953
0.351864
0.897589
1.01188
0.6381
0.610328
1.10397
0.879385
0.877681
0.0787726
1.76364
1.23052
0.978844
0.568474
0.161424
3.30533
0.309681
1.03521
0.569594
0.497001
0.796296
1.31524
0.323911
0.988651
0.433114
0.631459
0.282696
1.0978
0.446269
0.915238
0.188642
0.648399
0.459665
1.08638
0.24443
1.56779
0.0705845
0.230027
0.557136
0.498384
0.209512
0.864565
0.554314
1.11047
1.94885
0.365637
0.307732
0.416706
0.164981
1.54776
0.589009
0.434528
0.423373
0.446454
0.417203
0.347661
0.550247
0.609558
0.564626
0.454041
0.458272
0.422102
0.861933
0.899891
1.83285
0.70547
0.443513
0.41465
1.99481
2.0893
1.06383
0.581732
4.11985
0.498119
0.675956
2.15824
1.50391
0.463371
0.905835
0.62306
0.537086
2.28442
0.664531
1.35656
0.378229
0.658104
0.4283
3.10351
0.481274
0.546117
1.88082
0.996654
0.517465
1.29456
1.03123
1.30584
0.482597
0.650548
0.337386
0.598156
1.4174
0.163471
0.128827
0.452477
1.11952
2.60612
0.202327
0.424206
0.337648
0.574434
0.329145
0.974419
0.553099
0.67573
0.3848
0.445909
0.390268
0.530318
0.255286
1.34749
2.594
0.463163
0.599743
1.03918
0.321466
0.864939
1.17315
0.781921
0.538325
0.678568
0.21757
0.863836
0.52092
2.84365
1.13338
0.211598
0.6598
0.817418
1.42349
0.920712
1.92311
0.285354
0.331418
0.261094
0.947646
0.718341
1.48549
0.502234
0.864725
0.253269
0.55103
0.464938
0.870203
1.01624
0.660152
0.628538
0.420806
0.296936
0.665168
0.655099
0.400097
0.249856
0.702387
0.228946
0.343613
0.560815
0.366549
0.348328
0.842845
0.791403
1.11106
1.71593
0.929736
0.270689
0.703997
0.28187
0.477171
0.477332
0.534375
0.908875
0.120145
3.33849
0.542772
0.557767
1.33511
0.410106
0.938259
2.22339
0.576764
2.5227
0.736355
0.596894
0.174921
0.9821
0.41973
0.581185
1.14531
0.873903
0.841914
0.468231
2.00959
1.82562
0.654319
0.515907
0.795291
0.981764
0.728981
0.437667
1.71654
0.609309
0.795733
0.988059
0.444895
0.905568
0.650824
0.108572
0.708116
0.873869
0.395841
1.79482
0.340423
0.618373
0.723107
0.544949
0.279745
1.70515
0.651343
0.5288
0.49349
0.223668
0.25917
0.764614
0.441977
1.4715
0.422802
0.431427
0.482494
1.85419
1.69551
0.596407
1.21746
0.836384
0.371939
1.78675
0.832379
2.14936
0.942816
0.816337
0.98765
0.581616
0.618
1.32516
0.719469
0.382135
0.602968
0.672563
1.0977
0.867665
0.714745
0.474646
0.491776
0.242231
0.7225
0.953717
0.549262
0.377438
0.771803
0.193879
0.74326
1.90087
0.986391
0.465221
0.346477
0.635561
1.23063
0.356935
1.54589
0.809983
1.23264
2.22988
0.860427
0.270746
0.324562
1.01729
0.220058
0.359798
0.875811
0.528773
0.264101
0.424976
0.616924
2.51174
0.931227
0.548058
0.399279
0.590091
0.335874
0.559927
0.543123
1.37721
0.204841
0.2756
0.87059
0.231033
1.3011
0.22344
0.212272
0.782183
1.41601
0.364721
0.823978
0.637024
0.722035
1.63076
1.03494
0.303064
0.778313
0.560412
0.850823
0.370736
0.760859
0.32849
0.476861
1.65434
1.0372
0.671684
0.12659
0.981031
0.304559
0.477686
0.927963
0.418232
0.228663
1.24241
0.573839
0.366242
1.06572
0.31156
0.664893
1.64541
0.408156
1.19654
0.276403
1.32831
0.274602
0.248675
0.641481
0.475692
3.41849
1.23442
0.692867
0.270272
0.624172
0.954749
2.94758
0.956255
1.70661
0.522814
0.482225
0.0938089
0.341987
0.199576
0.842646
0.754591
1.52604
0.597584
1.15916
1.03862
2.90818
1.54062
0.217372
0.900635
2.18742
0.36974
0.46699
0.550914
0.766656
0.475249
3.25879
1.13484
0.962715
1.17792
0.320993
0.553396
0.195106
0.40956
1.30168
0.839089
0.647662
0.518814
1.39178
0.579425
1.36442
0.444542
1.55359
4.35967
0.86482
0.714302
1.2912
0.375974
1.00134
0.818413
0.373576
0.629979
0.490527
0.459534
1.83947
0.295533
0.376828
0.568304
1.71266
0.359336
0.773658
0.635664
1.22682
0.31234
0.546095
0.623997
0.827527
0.740042
1.82886
0.640154
2.43274
0.873858
0.586133
1.42043
0.222851
0.338139
2.26556
0.817247
1.30317
0.593458
0.436896
0.743813
1.67378
0.148845
0.64772
0.617656
1.12678
0.448421
0.957673
1.16787
1.41593
0.836065
0.431656
0.694827
1.37682
0.815598
0.894164
0.599807
2.67411
0.602404
0.516767
0.292195
0.378917
0.281063
0.388363
0.447842
0.504891
0.724508
0.616851
0.305856
0.614704
0.329714
0.764836
1.89592
0.923921
0.41255
0.19348
1.57821
1.14618
0.451508
1.15801
0.537695
1.25825
1.22112
0.986487
1.66689
0.580099
0.426621
0.221477
1.46519
0.25385
0.248161
0.289744
0.83245
0.173582
1.18503
0.631717
1.00075
1.08808
0.775537
0.629449
0.436195
1.83379
0.444595
1.72714
2.25315
0.729148
1.07209
0.590478
2.15702
0.364209
1.56463
0.345847
0.569494
0.509942
0.390036
0.60061
0.671808
0.429856
0.919423
0.470097
0.295404
0.851004
1.14472
1.5385
0.386014
0.447059
0.403204
1.12021
1.93209
2.00854
0.692566
0.347942
0.404562
0.820273
0.709467
2.43116
0.364423
0.561678
0.652562
0.653432
0.279577
0.693143
1.33628
1.28722
0.946175
1.67514
0.612419
0.480473
0.709156
0.673378
0.239183
0.51256
0.411108
1.06657
0.514208
1.03333
0.439287
0.232174
0.435856
0.125304
0.381554
0.967054
2.34878
0.515854
0.270764
0.28437
1.72877
2.45387
0.623915
2.46865
0.414572
0.274649
0.899702
0.770992
0.971377
0.256048
3.63605
0.202316
0.425469
0.312665
0.293248
0.348282
0.580164
0.0899198
0.357448
0.281015
0.627004
0.578719
0.197586
0.350089
0.601813
1.94793
0.535003
1.09364
0.536655
1.81001
0.282547
1.12892
0.673253
0.442113
0.759163
2.51086
0.579545
1.64254
1.03609
0.664783
3.89988
0.35796
1.85146
0.460463
0.91182
0.375177
0.338992
0.452448
1.11347
0.640999
0.462475
1.11616
0.409835
1.02106
0.273528
1.19042
0.338127
0.50843
0.325931
0.335957
0.413021
0.418882
0.418836
1.34354
1.60348
2.22487
1.13034
1.01053
0.524826
2.03522
0.367982
3.47824
0.565718
0.551557
1.24151
0.547144
0.905774
0.231001
0.255963
1.00029
0.465611
0.206005
0.372837
0.3804
0.721651
0.144043
1.16561
0.450248
0.521271
0.621549
0.590908
0.503532
3.00851
0.440828
1.06774
0.80326
0.315827
0.855505
1.81622
0.456536
0.575541
0.626984
0.631522
1.45947
0.461125
0.43232
0.511511
0.376898
0.581946
0.478804
0.408201
0.766929
0.566564
0.393811
0.235863
0.11787
1.50128
4.46259
1.08103
0.477991
0.904329
1.45494
0.249609
0.772519
0.760796
1.04744
0.3331
0.179415
0.90223
0.360936
0.742045
1.71719
0.929838
0.388549
1.18153
2.69531
1.86999
0.514275
1.37265
0.492105
1.13474
0.33251
0.203589
0.404169
2.47825
0.390303
1.18994
0.660884
4.09967
1.73335
1.48305
0.750588
0.580766
0.15435
0.360518
0.541039
0.459791
0.750199
0.404432
0.694471
0.965414
0.679244
1.55659
0.434894
0.378706
0.537212
1.28819
1.72123
0.681157
0.267221
0.192296
1.15732
0.491995
1.44598
1.11815
1.21366
0.668054
0.915476
0.371737
2.70177
0.430205
0.624316
0.669949
0.336233
0.301494
1.00074
0.793884
0.43774
0.46513
0.300582
0.699339
0.715415
0.768993
1.184
0.396875
0.561052
0.401834
1.15797
0.370744
0.760248
1.19613
1.20895
0.430172
0.51065
0.471741
0.607378
0.9378
0.873042
0.255921
0.262633
0.849758
0.808114
0.925784
0.651741
0.244319
0.626256
1.02967
0.357834
0.238314
0.591558
0.965293
1.24727
0.938577
0.451023
0.128019
1.02932
0.384026
0.341076
0.865316
0.351314
0.590997
0.735798
1.80344
1.48091
2.25269
0.379616
0.389673
0.369204
0.688552
0.828276
0.46001
1.20493
0.550607
0.587619
1.40233
0.734255
3.43937
0.365753
0.896767
0.310239
0.593239
0.540233
0.898484
0.904893
0.968244
1.15322
0.641089
0.826423
0.241788
0.403088
0.465422
1.7935
1.21372
1.0049
1.83265
0.537728
2.07156
0.377283
1.23036
0.466308
0.241012
0.718895
0.483699
0.520119
0.582999
0.265223
4.13865
0.364366
0.224258
0.469182
0.207882
0.322149
0.824795
0.648793
1.31342
0.149716
0.931073
0.966638
0.742939
1.39943
1.44172
0.408453
1.11155
1.33826
0.402814
0.535492
0.430614
0.400885
0.692956
0.470944
1.63681
0.971168
3.08142
0.920453
0.613072
0.849178
0.43039
0.433813
0.802539
1.01698
0.499268
0.724257
0.89333
0.591789
0.729855
0.307964
0.463743
0.885571
0.743206
0.680403
1.11301
1.9978
0.628398
1.86871
1.74018
1.74068
0.580994
0.417452
1.24552
0.33045
2.76293
0.414418
0.315757
0.726836
0.388178
3.6593
0.901678
1.39558
0.602011
0.637171
1.28967
0.432108
0.297202
0.902842
0.517193
0.717877
0.583021
0.441743
0.229242
0.547907
1.7803
0.255338
0.303221
1.05834
2.06213
0.676744
0.746338
2.05877
0.600728
0.537012
0.590362
0.474472
0.195073
0.788474
1.16909
0.844531
1.16452
1.49528
0.582586
1.95718
0.855711
0.794712
0.179635
0.443013
0.125752
0.25306
0.633632
0.472281
0.74592
0.353938
0.760963
0.410678
0.634131
0.426536
0.670722
0.201512
0.350302
0.938432
0.696078
1.32259
1.21168
0.385232
0.283196
0.987954
0.383915
0.612377
2.10729
0.138377
0.451299
0.171958
0.207324
1.2057
0.269243
0.890347
1.49731
0.695046
0.437427
0.709623
0.678389
0.0811456
1.69121
0.493663
0.476072
1.12864
0.329682
0.600771
0.745143
0.770693
0.696541
1.34229
2.69347
0.778948
0.283548
0.274531
0.0586147
0.508871
2.90426
0.219423
0.458108
0.884768
0.452916
0.554674
1.8748
0.336697
1.70336
0.666295
0.432192
0.282272
0.531624
0.494516
0.755507
0.122526
0.362927
3.22348
0.214923
0.422416
0.159043
1.06099
1.60275
0.393209
1.03051
0.306764
0.807466
1.09964
0.417785
0.751961
1.45689
0.166508
0.549925
0.605653
1.35643
0.261743
0.935305
0.617942
0.153895
0.766337
1.07273
1.52077
0.924161
0.236271
1.03198
0.71777
1.47726
0.894734
0.608953
0.560628
1.1848
1.68718
2.15947
0.322997
1.23319
0.21101
0.397091
1.30191
0.703568
0.753127
0.527212
0.394014
0.216162
0.51802
0.663242
0.483654
0.77881
0.0693769
1.83194
0.177823
0.64319
1.7747
1.54125
0.144883
1.6529
0.685859
0.590927
0.143497
0.472547
1.0243
0.469477
0.375336
1.23802
0.331425
1.72462
1.16445
0.260262
0.769234
0.376329
0.997609
0.990132
1.70254
1.57498
0.760648
0.937918
0.753495
1.34996
1.09668
0.628995
1.35397
2.43923
0.458571
4.37417
1.10598
0.395296
0.613974
0.235785
1.82914
0.254142
0.148074
1.00146
0.763934
0.311396
0.268112
0.790694
1.47173
0.282225
0.984133
0.837211
0.970178
1.12838
0.378578
0.334974
0.333235
0.461172
0.38537
2.33178
1.13563
0.726879
0.78234
0.840351
1.79077
0.713618
4.24117
0.468773
0.5584
1.11023
0.35568
0.2841
1.05364
0.888149
0.88412
0.383447
0.544546
0.310543
1.09704
2.96351
0.991978
0.217371
0.214909
0.646928
0.571495
0.753108
0.439747
0.601493
0.581512
0.435799
0.3606
0.532513
0.226724
0.0759422
0.729121
0.535779
0.522726
0.524643
0.662442
0.423304
0.737654
0.862079
1.34253
0.224253
0.527911
0.23813
1.3468
0.47162
0.807442
0.129201
0.452918
0.538235
0.354679
0.806245
0.779687
2.7966
1.89522
0.965488
0.850785
0.635637
1.07207
0.638234
0.457865
0.366873
0.741128
1.96361
0.561883
0.902439
0.405566
0.285545
0.952043
0.296646
0.672809
0.543579
4.50074
0.401221
3.61373
0.344525
0.129737
0.488178
0.491299
0.576404
0.245854
0.454044
0.786383
0.877878
0.628124
0.702103
0.398175
0.511209
0.174939
0.180727
2.32144
1.12645
0.914958
0.472128
0.875706
0.51245
1.12829
1.14033
0.173075
0.30067
0.227943
0.924247
0.115456
0.744221
0.961288
0.697259
1.73429
0.36447
1.1219
0.370993
3.15592
0.577705
0.477127
2.04469
0.795097
0.332045
0.584302
0.355725
0.360699
0.792744
3.00751
2.13762
2.35388
2.10941
0.60295
1.01615
0.581516
0.208264
0.775336
1.38916
1.99749
2.05498
0.533166
1.34785
0.663222
1.24505
1.60759
0.635962
0.981535
0.359005
1.28876
3.54093
1.17689
0.866225
0.965171
3.83244
0.527735
0.328042
1.00005
0.404278
1.11378
3.70409
0.816911
1.20962
1.828
0.392798
0.689878
1.00804
4.41112
0.670179
0.202143
0.78591
0.853615
1.62578
0.494878
0.582946
1.28256
0.924099
2.21521
1.94695
0.597798
1.04351
0.371145
0.178574
0.622212
0.92215
0.672407
0.450944
0.71915
0.724952
1.44197
0.501261
0.213476
0.648598
0.815131
1.26534
0.686111
0.704188
0.421988
0.612593
0.725002
2.13916
1.1286
0.793071
0.442208
1.42667
0.434184
2.26347
0.729461
0.936711
0.668571
0.965865
1.21042
1.01012
2.36746
0.343648
0.683233
0.533963
1.24128
0.400402
0.67949
1.6697
0.357313
0.585756
0.409318
0.437334
0.902099
0.979606
0.284489
0.583794
0.685657
0.272016
0.964529
0.468605
0.187451
0.342368
0.202172
0.380113
3.8658
0.0739416
0.41261
0.748361
0.32012
1.63392
4.61298
0.655728
0.246458
2.73071
1.61516
0.47888
0.595276
0.830677
1.73599
0.393425
0.852671
0.849483
0.435679
0.703279
0.846309
1.07795
0.89941
0.622929
1.00671
0.556057
0.752038
1.01657
0.519221
0.77923
0.21658
0.540221
0.493679
1.24469
0.954011
0.073933
0.474781
0.666486
0.5542
0.696281
0.577237
0.595988
0.792942
0.702678
0.326217
0.568214
1.84223
1.01671
0.861777
0.218035
0.83553
0.59901
0.190623
0.288115
0.354832
0.246972
0.44055
0.466167
0.515391
0.251431
1.99599
2.54493
0.618797
0.613342
0.599447
0.565844
0.648257
0.475412
2.03965
0.548293
0.286777
1.97117
0.692387
0.763904
0.41462
0.477877
0.0669968
0.775268
0.734635
0.373654
1.55693
0.343628
0.417117
0.205724
0.432788
1.63947
0.614749
0.609034
0.528731
0.156003
0.546345
0.57197
1.61556
1.18897
1.72654
0.358648
1.00053
0.614866
0.903806
0.393492
0.914004
0.431107
0.592209
0.899016
0.19476
0.133317
1.1906
0.34893
2.96958
1.28609
0.672981
0.582778
0.574502
3.69165
1.81436
0.228335
1.20933
0.265498
0.65516
1.05392
0.203335
0.646971
0.331219
0.333966
0.589797
0.941756
0.408007
0.372991
0.839317
0.450841
0.348396
0.760531
0.485224
1.78117
0.589334
0.825948
1.09758
1.64646
0.281184
0.984229
0.219095
0.543166
0.924249
0.313062
0.648723
1.03834
0.588151
0.401134
0.537336
0.47834
0.255403
0.77726
0.605219
0.596023
1.7516
0.852565
3.75768
0.427061
0.656463
0.645464
0.742486
0.160001
0.323761
0.811244
0.746093
0.200355
0.61726
0.363372
0.480483
1.72551
0.231967
0.418068
1.28757
2.15033
0.974532
0.575256
0.433527
0.439416
0.319051
0.466638
0.619766
0.575894
3.62428
0.325344
0.257667
0.306546
0.569553
0.808895
0.628128
0.838662
1.11979
0.305682
0.728723
0.585534
0.681528
0.766681
2.19252
0.595334
1.27924
0.503991
1.46116
1.34764
1.28599
1.76679
0.414786
0.427683
0.980187
0.56706
0.286362
0.408461
0.725509
0.390804
0.408637
1.04764
1.12171
0.79912
1.31152
0.374276
0.78552
0.291306
0.14505
0.576012
0.120338
0.5183
0.447404
0.316196
0.591782
0.721097
0.300514
0.325484
3.27553
0.944062
1.19893
0.425367
0.304481
0.680348
0.405533
0.376563
0.275799
1.67973
0.384295
0.805447
0.604553
0.391611
0.727448
0.635274
0.233838
0.117884
0.277645
3.44597
0.678132
0.264668
1.52124
2.43548
1.09848
0.865253
0.245269
0.296938
3.80919
0.94273
0.713606
0.767928
0.426733
0.292054
0.408192
0.947492
0.429436
0.77152
0.273889
0.541133
0.214099
0.438951
0.665522
0.272237
0.22754
1.39758
0.699468
0.59443
0.457467
0.836689
0.530963
0.238032
2.6639
1.03969
0.495503
0.698979
0.722405
0.390282
0.38725
0.683621
2.59858
0.30303
0.687449
0.488292
1.69118
0.860922
0.440523
0.0654922
0.902766
0.449228
0.537429
0.422338
0.190443
0.562646
0.278413
1.44447
0.507565
0.06087
0.482831
0.737485
0.455859
0.405543
1.37108
0.258521
0.516002
0.547455
0.774696
0.144084
0.471454
0.439122
0.130013
0.880212
0.285361
0.994976
0.634033
0.250455
0.367967
1.04155
0.772979
0.662945
0.173062
1.02923
1.42866
0.729949
0.452759
0.257458
0.944603
0.60787
0.427442
0.67036
0.443181
0.613088
0.57305
0.369303
0.319807
0.470434
3.67579
0.600696
0.376176
0.942022
0.124703
0.42734
0.448801
1.02596
0.36931
0.841622
1.55804
0.520286
0.427252
0.212363
0.553243
0.42047
0.731019
0.586543
0.426706
0.594351
1.5443
3.78185
0.428362
1.03173
0.176336
0.207057
0.696106
0.542155
1.07982
0.706001
0.499982
0.50596
0.346625
0.686422
0.728509
1.00829
0.343065
0.20257
0.769373
0.310101
1.06615
0.336336
0.928392
0.70838
0.388183
0.362771
0.412625
0.398863
0.534415
1.64067
0.770839
1.27192
0.418948
0.887081
1.34587
1.84522
0.617487
0.664469
0.209107
0.768529
0.520942
1.03813
0.271182
0.390615
0.251168
0.811486
1.14237
0.876615
0.598833
0.930784
0.296633
0.245889
0.625531
1.22154
0.39581
0.235878
0.693494
1.05558
0.686344
4.42068
0.172282
1.28319
0.352292
0.470668
0.435783
0.644698
0.341236
2.61926
0.643034
0.917457
0.808544
1.07345
0.811899
0.599752
0.358744
2.54816
0.584329
1.13907
0.220471
0.670466
1.57212
2.00008
1.15458
1.37402
4.3422
0.649852
0.886178
0.223413
1.40498
1.60528
0.86139
0.874626
0.563367
0.724301
0.191823
0.130712
0.657663
0.687415
1.21428
1.9305
0.410789
0.655994
0.66029
0.437419
0.0808223
0.173827
0.944728
0.971365
0.921393
0.260783
0.210638
1.00236
0.268571
0.288892
2.77284
1.029
1.11624
1.22695
0.833584
0.319815
0.174339
0.875532
0.493004
0.300536
1.27521
0.162492
0.273617
0.476599
0.179182
0.903914
0.278695
1.83869
0.247913
0.755714
0.630907
1.71003
1.21173
0.91543
2.12619
0.293064
0.84191
0.842218
1.24882
0.262284
4.23822
1.35135
0.684401
0.422222
0.857622
2.03504
0.69536
0.158137
0.318894
0.661533
1.99201
2.15101
0.806042
0.898734
0.865986
2.71356
0.543207
0.262206
1.44637
0.68689
0.357055
1.39706
3.09169
0.326417
0.241093
0.207868
0.594248
0.802324
1.91536
1.18849
0.252958
0.672491
0.186914
0.680669
1.14389
0.693622
0.156652
0.451969
0.256144
0.636142
1.371
0.947207
2.17709
2.3759
0.417122
0.143535
3.76255
1.54877
2.10072
0.307327
0.655124
0.399519
0.344455
0.323722
0.554519
0.201584
0.908984
0.235458
0.550833
0.773731
0.594145
0.620586
0.246994
3.01753
0.199467
3.14022
1.8152
0.419817
0.426187
0.344247
0.382765
0.460686
0.781459
0.278217
0.921661
0.4952
2.09112
0.659361
0.707185
0.397326
1.04613
1.54976
0.828969
0.539007
1.02131
2.0781
1.87969
0.260541
0.339884
0.479118
0.43841
1.61078
0.263514
0.656575
0.52041
0.348001
1.1108
0.892082
0.485144
0.198234
0.542419
0.33576
0.575733
0.392067
0.635155
1.16465
0.420396
0.480323
0.526976
0.483629
2.02532
0.531722
0.378575
0.762397
3.77821
3.74161
0.287967
0.686734
0.282324
1.04301
0.902575
0.601977
0.786869
2.08164
0.320491
1.28715
0.735066
0.949102
0.474872
1.86769
0.392149
0.650873
2.28282
0.55014
0.203438
0.335825
0.452683
1.69993
1.48959
0.286287
0.609644
0.63695
0.465872
0.827063
1.8906
0.973477
0.176834
0.812626
0.598473
0.297796
0.643367
0.487421
0.164454
2.52746
0.577693
0.28719
1.24338
1.39167
0.703224
0.497768
0.641534
0.728955
0.465134
1.19861
1.02814
0.251464
0.623791
0.89089
1.1878
3.56744
1.82935
0.374725
0.206142
0.592895
1.07231
1.01856
0.492733
0.569082
0.345554
0.712649
0.132204
0.764383
3.47292
0.915803
0.41739
2.22223
0.857495
1.18762
0.218754
1.87452
2.20517
0.251738
0.838691
0.696108
1.14676
2.03178
1.03475
0.945195
0.676876
0.411951
0.396156
0.409482
0.681263
0.276576
1.17088
0.863456
2.61711
2.96292
1.81271
1.63324
0.352479
1.69518
0.91934
0.857294
1.3823
0.570753
0.621888
0.858197
1.45702
0.416607
0.252078
2.99857
0.277324
0.509612
1.39859
2.66019
0.44991
0.281543
1.11524
0.421923
2.3948
1.14402
0.710521
0.216532
0.899326
0.30843
0.295145
0.0496438
0.591668
0.517901
0.522913
0.696933
0.276598
0.266238
0.846049
0.66211
1.61638
0.796326
0.687324
0.184083
0.714581
1.65522
1.38228
0.497989
1.66865
0.111693
0.748905
0.580836
0.515916
0.258905
0.808223
0.526579
0.199859
0.885801
0.557875
0.330859
0.36498
0.225976
0.94019
1.33366
0.923209
1.2956
0.510135
0.134821
1.38437
0.94156
0.921502
0.425385
0.299384
2.40913
0.148703
0.751241
0.940905
0.553501
0.378463
0.845536
0.918886
0.392639
0.57326
0.892054
1.70024
1.13484
0.394026
0.541024
0.854074
0.0801097
0.847909
0.743671
0.242735
0.0680577
0.598656
0.988855
0.586194
0.469569
0.758264
0.13909
0.627576
0.925609
2.55044
3.89948
0.509633
0.472203
0.398509
0.31381
1.76881
1.07776
2.15239
0.466497
0.900486
0.663335
0.517683
0.454117
1.30879
0.443021
1.17358
0.836345
1.09748
1.28013
0.308372
0.457494
0.815215
2.08658
0.65887
0.650789
0.441399
0.753239
1.28534
0.948335
1.10425
0.509343
0.409329
0.804727
0.49991
1.21787
0.629546
0.8451
0.292148
0.370103
2.62286
0.292869
0.540553
1.61844
2.08682
0.427857
0.323544
0.435428
0.484144
0.543186
1.36861
1.54666
0.653079
0.268933
0.24332
0.992173
0.60263
1.5316
1.53622
0.858471
0.55293
0.808029
0.360181
0.620053
0.30174
0.535509
0.268491
4.0229
1.13816
0.682185
0.989273
0.863706
0.795122
0.744639
0.493779
0.49494
1.01212
0.465069
0.753886
0.452448
0.766399
0.549401
0.642989
0.572053
1.79007
0.207146
0.0650521
1.86756
1.6597
0.93904
0.407377
0.709113
0.481541
1.05616
0.414
0.564213
0.561048
0.865387
0.226479
0.466354
0.3585
0.25737
0.82317
0.106814
0.562381
0.791831
0.749913
0.420366
4.33023
0.592976
1.24801
1.2061
1.67309
0.47378
1.67957
0.492854
0.298937
0.562042
1.54249
1.05194
0.438574
0.676146
0.61814
0.282766
0.397944
0.358417
0.384411
1.97626
0.352274
1.80284
1.27541
0.653945
0.693104
1.02881
0.973681
1.27168
0.927606
0.369465
1.04627
0.541026
0.321194
0.310472
0.237882
0.356678
0.41866
0.92456
0.365038
0.958557
0.534232
1.50994
0.403652
0.22995
2.17411
0.873967
1.72977
2.64553
0.649708
0.484316
0.525409
0.38618
0.946846
1.5939
0.253575
0.553855
0.825827
0.130335
0.474815
0.333486
0.400256
0.296963
1.34374
2.43906
0.134256
1.17414
1.50087
0.639021
0.874767
0.773172
0.344369
0.741333
1.0705
0.962054
0.396647
0.506539
4.31229
0.129852
1.06514
2.86287
0.75958
0.413957
3.07578
0.0449262
0.300764
0.0675035
2.7076
0.174011
0.638627
0.191976
1.19918
0.614118
0.61517
0.270103
0.406765
1.87427
0.707847
0.335259
0.783736
0.589259
0.893208
0.885204
0.654201
0.191457
2.66178
0.580656
0.357864
0.546889
0.97678
0.525015
0.356383
1.13398
0.193602
0.156725
0.488527
1.3141
3.04241
0.428236
0.489346
2.73722
0.362245
0.384899
2.13414
0.890321
0.766786
0.721123
1.67813
0.446119
1.69681
0.828886
0.252346
1.16929
0.513442
0.331703
0.889926
0.608169
0.435942
0.654854
0.410379
0.416572
0.586415
1.27223
2.69987
1.15591
0.365872
0.452703
0.922276
0.248546
0.485324
0.548901
0.282498
2.03743
1.0759
0.641127
0.357506
0.779014
0.144757
0.290812
1.05206
0.765367
0.607655
0.808606
1.2138
0.492436
0.933826
0.67302
0.672173
1.09844
0.463598
0.756232
2.27332
1.60648
2.45606
0.873758
2.24769
1.79252
0.844663
0.90992
1.02141
0.732419
0.395496
1.72835
0.704083
0.398247
0.791773
0.21758
0.457369
0.409117
0.478025
1.79257
2.10165
0.738944
0.599548
0.207101
0.795814
0.31901
0.88669
0.522318
0.139433
0.614509
0.727517
0.998482
0.241243
0.609827
0.547026
0.789801
1.2867
0.721765
1.11432
0.663022
0.546167
0.500765
0.76076
0.484477
0.442803
0.406335
0.594495
0.41593
1.71254
4.61141
0.743773
2.73006
0.828881
1.85062
0.539862
0.864762
0.93282
1.6054
0.657063
0.209287
0.413041
0.310096
2.51081
0.598215
0.342592
0.273334
1.85819
1.30543
0.271194
0.554601
0.615418
0.632398
0.0744749
0.436429
0.198245
0.738603
0.40109
0.264267
0.767814
2.86017
0.89287
0.813418
0.688126
0.537859
0.226287
0.536582
0.103919
0.457486
1.21299
0.316652
1.16314
0.695875
0.396185
1.47888
0.737116
0.240312
0.039672
0.518131
0.459579
0.345404
0.935447
0.740304
0.221692
0.352902
0.454253
0.532986
1.24503
0.722106
0.821433
0.17107
0.923435
0.349193
0.431414
1.70347
0.714451
0.661344
0.236851
2.20832
1.28749
1.47418
4.32358
0.330403
1.09187
0.432138
0.38068
0.984811
0.957256
0.506757
0.629359
0.611824
1.03578
0.58975
0.410494
2.26953
0.507157
2.41927
0.481273
0.67377
0.154102
0.0648533
0.995455
3.00874
0.632061
0.220242
0.201528
0.450688
0.253227
0.858647
1.04203
0.321463
1.00925
0.451813
0.814369
0.3975
0.892694
0.926147
0.177974
1.49906
0.86721
0.534969
1.36566
0.337386
0.561795
0.777917
0.73995
0.651107
0.303725
0.442438
1.08535
0.63442
1.44363
0.826001
0.434919
0.136158
0.481696
0.158916
0.800763
0.843773
0.671149
0.952894
0.778108
0.561498
2.60435
3.20141
1.12072
0.558207
0.46697
1.01441
0.32954
0.8259
0.144179
0.425122
1.75114
0.220074
0.446201
0.377616
3.10493
0.169594
0.228982
0.590525
0.947509
0.432828
0.62263
0.751206
1.87385
1.93772
3.12303
0.373686
0.861139
1.09707
0.470613
0.642053
1.30699
2.20751
1.15958
0.544909
0.429615
0.193176
0.270981
0.476201
0.680013
1.32972
0.42842
1.03736
1.05137
1.19757
0.475438
0.352631
0.696793
1.63639
4.56477
2.6562
1.46912
0.805542
2.22038
1.65201
0.474924
0.324977
0.664585
0.450789
0.986122
0.962184
0.361221
0.534987
0.275096
0.132255
1.04387
0.393543
0.33251
0.314125
0.488204
0.700012
0.340108
0.271321
0.996955
0.504641
1.14514
0.178963
0.692779
0.679896
0.722561
0.60434
0.821461
1.37699
3.556
2.10984
1.59955
0.431449
0.440655
0.51738
0.515346
2.77943
0.898749
0.589786
1.20217
0.3465
1.16424
0.695362
0.738195
1.49131
0.611002
0.329185
0.82754
0.44915
0.831809
0.415532
1.03724
0.731688
0.986471
0.300182
0.354818
0.0960615
1.63471
0.517733
0.53447
0.560844
0.236375
0.535585
0.336633
1.03082
2.38134
0.236995
0.587659
0.820505
1.20087
0.371374
0.254236
1.34806
0.555157
0.566102
1.28043
0.093096
0.704106
0.139595
0.969112
0.220091
1.1169
0.944525
0.843353
0.293152
0.724635
0.677988
0.236462
1.18656
0.78821
0.565205
0.965382
2.84994
1.25485
0.671345
0.696207
2.94637
0.556952
0.223135
0.84813
0.262118
0.990811
0.79805
0.320545
0.643117
0.482583
0.863922
0.721403
0.426177
0.122565
0.566927
0.682365
0.621226
0.584707
0.568664
1.41614
0.502197
1.1895
0.702123
0.519972
0.680055
1.41489
0.285169
0.485687
0.460071
0.354974
0.406433
1.56407
1.04668
1.05205
0.443798
0.705261
0.38534
0.780236
0.362415
1.51511
0.279086
0.458266
0.726493
0.122426
0.212516
0.885547
0.281987
0.946906
0.634184
0.13749
0.358006
0.387737
0.705709
0.385766
0.236713
0.541139
0.724886
1.86316
1.72002
0.264182
0.184921
0.662855
0.833527
1.20988
0.429752
0.290178
1.59203
0.956343
0.372229
0.482754
0.176951
0.754514
0.538548
0.185209
0.256463
2.0049
3.53405
2.86279
1.34506
0.852408
0.792987
0.505615
0.97665
0.367493
1.15467
0.235781
0.5793
0.532679
0.338262
2.05181
0.627646
0.711045
0.619932
0.189683
0.410539
0.375464
0.684214
0.827095
1.27218
1.11197
0.878542
0.564444
1.25559
0.143785
0.817819
0.655125
0.448602
0.246034
0.145376
1.26046
0.559459
2.65918
1.31431
0.616346
0.649278
0.853409
2.38298
2.55564
1.10627
0.96279
0.347321
0.85028
0.303827
0.958355
0.716834
3.40727
0.773734
0.544674
0.717965
0.479624
1.88883
1.54409
1.21316
1.73853
0.183454
1.15446
0.3987
0.573221
0.292296
0.348435
1.0521
0.693776
0.372713
1.23915
0.63971
1.01428
0.345406
2.15936
0.497691
0.600473
1.63591
0.570605
1.06354
0.526762
0.833692
1.02952
0.969672
1.1587
0.266123
1.29171
0.683111
0.73414
0.59268
0.426291
0.270405
0.547952
0.336916
0.150979
0.533521
0.594078
0.392184
0.132406
2.00285
0.721229
0.262769
1.01469
0.59383
1.40006
0.360899
0.594529
1.45114
0.207193
0.887999
0.504454
0.23471
0.330835
1.51251
0.581984
0.669995
2.00153
0.40629
2.32027
0.15824
0.837976
0.261829
1.69629
0.26113
0.308036
1.58626
1.39238
0.496774
1.20817
0.260792
3.13044
0.249647
0.203126
0.749993
0.722511
1.61987
0.656101
0.0936697
0.103037
0.32931
0.829369
0.224623
0.306179
0.538394
0.844695
0.291448
0.84944
0.651242
1.21683
0.296705
0.454205
1.03133
0.828609
0.783813
0.963554
0.788372
2.2646
0.417966
1.66328
1.51851
1.76586
0.693608
0.632199
0.638757
0.916137
0.500478
0.280848
0.52735
0.316097
1.58383
0.238295
0.198809
1.19177
0.391319
0.442181
2.67752
0.35334
0.449903
0.899204
0.660326
1.95189
1.28699
1.75047
0.564059
3.54896
0.112583
0.588904
0.888284
0.165226
0.670313
1.46714
0.591226
0.707006
0.978078
0.26007
1.70174
0.566053
1.70776
0.780414
0.402362
0.226419
0.453809
0.307882
0.642656
1.38784
0.668086
1.55236
1.3294
0.607896
0.420167
0.791992
3.23401
1.14175
4.17857
0.762912
0.458646
0.249003
0.469434
0.824362
0.410046
0.419938
0.34268
0.603509
0.289865
0.685885
0.583407
0.219594
0.504196
0.324405
0.958783
0.790679
0.751487
0.254556
0.37405
0.30999
0.597059
0.832867
0.886575
4.5306
0.448335
0.960057
0.634166
1.96093
1.38181
1.52857
0.678544
0.525149
0.375782
0.461893
0.659976
4.97506
1.03298
0.481246
0.764698
0.545664
0.807534
2.24514
0.110999
0.29116
0.172155
0.921172
0.4383
0.828566
0.254509
0.663289
0.444928
2.44103
2.75272
0.471787
0.458611
0.618411
1.14329
0.673753
0.476902
0.307314
0.59547
0.210029
0.193785
0.686418
0.38003
0.584714
0.352346
1.09171
1.28848
1.23093
0.370613
0.412538
1.20609
4.76256
2.08215
0.142446
0.742868
0.296623
0.863762
0.502992
0.404886
0.199858
0.304953
1.64926
1.20812
0.909315
0.447899
0.403081
0.660704
0.513431
0.906449
0.348714
0.402399
0.528866
0.512311
1.95326
0.371343
0.668927
3.6849
0.931902
0.34212
1.22529
1.85693
1.34024
1.16125
1.18271
0.340537
0.73781
0.291176
1.93273
0.582958
0.872095
0.820851
0.732467
0.641121
0.902384
0.375464
0.525094
2.0123
0.650311
0.874555
0.330792
0.876044
0.339489
0.993904
1.32743
1.3042
0.123216
0.127715
1.05222
0.554176
0.625102
0.796889
0.667696
0.399678
0.509374
0.358303
0.446651
0.669654
0.712394
0.58129
0.134401
0.3689
0.504256
0.67755
0.99454
0.239829
0.442336
0.296922
0.257956
1.79124
1.88522
1.20028
0.733948
0.97881
0.802508
0.636057
0.707969
0.673054
2.5139
0.557873
0.81028
0.68196
1.79706
0.409026
1.26449
4.91225
1.43984
0.832928
0.415837
1.53902
0.426263
0.38885
1.03312
0.537656
0.669333
0.307232
0.191302
0.958577
0.634404
0.749372
0.780844
0.226315
1.65999
0.735852
0.809803
0.984289
0.639814
0.273544
0.394144
0.535347
0.251611
0.89764
0.267269
0.328528
0.347181
0.303065
0.436045
2.7468
2.21692
0.88418
0.252806
0.527433
4.02673
0.807934
0.293739
0.227715
1.22652
0.412969
0.954124
0.470602
0.169778
0.458907
0.115176
0.183612
0.386694
0.470742
0.107749
0.617248
0.251253
2.26308
2.23797
0.347491
0.203958
1.08581
0.242005
3.79592
0.228013
1.46361
0.894952
1.53969
1.22102
0.222115
0.593051
0.763679
0.443608
0.680511
0.192759
0.910852
2.45751
0.612564
1.01077
0.386126
0.515316
3.96813
2.46612
0.875503
0.235532
1.11761
0.626726
0.531702
0.41078
0.21662
0.188772
0.321229
0.578246
0.499941
0.437846
2.22833
0.354159
1.2605
0.841801
0.437512
0.206951
2.02985
1.54995
0.342455
0.435643
0.583249
0.437848
0.769248
0.331794
1.54914
0.911423
0.494024
1.26642
3.39437
0.666304
0.162728
0.360449
0.620482
1.86824
0.48227
0.438799
0.930805
2.65363
2.06527
0.489527
0.860794
1.99593
0.464972
0.36801
1.22825
1.04489
0.73461
0.514671
0.437075
0.901523
3.74137
1.21375
0.409899
0.6256
0.98485
1.76978
0.405933
0.931375
0.758639
1.12928
0.528097
0.253687
0.618471
0.888743
0.677704
0.566483
0.529791
0.356141
0.221428
1.5619
0.212702
0.656129
0.699149
2.59304
1.18511
0.330731
0.666317
0.582795
0.604906
1.08846
0.519577
0.194
0.50014
1.04106
0.526483
0.916349
0.81591
1.31926
0.183153
0.163706
0.69085
0.228517
0.935338
0.481936
1.09845
0.321847
0.484526
0.671865
0.119301
0.504783
1.67881
0.507968
0.30429
1.26078
0.623436
0.379017
0.417738
0.561675
0.842685
1.76038
0.4656
0.411375
2.04541
0.900667
0.353527
0.917351
0.331173
3.2794
1.03623
0.44576
1.12258
0.411006
0.697571
0.357776
0.461165
2.69207
1.38484
0.363418
0.162921
2.29695
1.90834
0.766396
0.240732
4.26642
0.156253
0.618819
0.608195
0.621909
1.40689
1.37424
0.767407
1.23894
1.11339
0.67532
0.344415
0.124011
0.157541
0.688675
0.558214
0.226984
0.38413
0.166679
0.636152
0.454699
2.64572
0.311693
2.25355
0.749681
0.552765
0.36191
0.188915
0.962561
1.3555
0.381112
2.64153
0.28248
1.40679
0.221784
0.836128
1.28972
0.263851
0.422404
0.419752
0.864515
1.31785
3.28028
0.24143
0.461196
0.224124
0.335871
0.393287
0.400728
0.772649
0.614313
0.555186
0.745804
0.397085
0.303808
1.92528
0.760276
0.392614
1.41414
0.820953
0.181027
1.17264
0.565149
0.467528
0.884179
0.151627
0.182191
0.141912
0.81913
0.447747
0.121735
0.438293
0.68107
0.540311
0.803081
0.600962
0.565952
0.369624
0.626398
0.735779
1.27627
0.821547
0.358138
0.145212
2.13863
0.575369
0.287119
0.399343
2.10156
0.173137
0.64567
0.369137
0.341366
1.23017
0.280006
0.464017
0.178488
1.69972
0.865927
0.710591
1.31294
0.603422
0.463735
0.623185
0.731332
2.55387
0.939385
1.11508
3.29181
1.82977
1.30918
0.44262
0.702551
1.79797
1.18752
1.37295
1.0376
0.43373
2.49129
0.41685
0.771983
0.100307
0.575611
0.223859
2.71325
1.54159
0.236996
0.424092
0.718087
0.542669
1.28669
1.02218
0.98402
1.49802
1.85299
0.765505
0.288292
2.07172
0.956637
0.631016
1.30776
0.879519
0.686896
1.25602
0.289287
1.06555
0.721241
1.7515
0.320123
0.734027
0.297908
0.800377
0.398753
0.294313
0.683454
0.200946
0.474553
0.652688
0.450728
0.205316
0.823034
3.17039
3.44788
0.396307
1.04622
0.822682
0.349283
0.344955
0.630995
0.168755
0.904031
1.39677
1.57992
0.551895
0.429204
0.394778
0.480505
0.445435
3.89806
1.10392
0.431481
0.284947
2.20659
0.486883
0.461735
2.4079
0.987591
1.0029
0.2577
0.115628
1.28261
0.416745
0.129054
0.170121
0.952696
0.359584
1.31952
1.04646
0.303405
0.663285
0.483556
1.13888
0.257417
0.447042
0.481776
1.53022
1.02374
0.579489
0.290571
0.609853
0.40278
0.563091
1.40361
0.411442
0.713989
0.485647
0.663322
1.45594
0.761338
0.386929
1.80268
0.319151
4.01523
0.196753
1.49607
0.289189
1.52702
0.536633
0.279689
0.559459
0.201836
1.20566
2.20078
0.475732
0.199693
0.488366
0.523575
2.02692
0.285173
0.855394
1.60693
0.0592881
0.321852
0.518145
0.665331
0.343391
0.438676
0.34651
0.486425
0.595042
2.23747
0.266214
1.04006
0.342768
0.685412
1.72553
0.558482
0.17781
0.610929
0.356506
1.57245
0.155441
0.50273
0.161296
1.42997
1.35201
0.509401
0.174604
1.11
0.756814
1.76112
0.373519
1.18911
0.347834
0.146633
0.685433
0.199991
1.12367
0.605248
1.2707
0.39906
0.0963209
0.150611
0.717242
0.6829
0.231541
0.619869
0.921835
0.360036
0.64278
1.21628
1.24543
0.589904
2.1641
0.150651
0.858054
1.5925
0.58924
0.2817
0.669424
0.245632
0.861843
0.473525
0.925745
2.57602
0.839696
1.41849
0.149375
0.470879
0.759512
0.861321
0.446395
0.516076
0.284111
1.75518
0.387189
0.549204
2.71395
0.632196
0.65681
1.03166
0.27539
0.719672
0.139729
0.57585
0.434691
0.765753
0.747613
1.43117
1.52999
0.637544
0.395897
0.471848
0.292769
0.649589
1.10511
0.376718
2.17014
0.738882
0.645766
0.738137
1.29488
0.733213
0.456866
0.181101
0.441523
0.716916
0.811261
0.420966
0.597235
2.33997
0.947161
0.750415
0.154483
1.99736
1.19691
1.03916
0.638818
0.558767
0.888394
0.620024
0.162084
0.426662
0.33628
0.280087
0.570993
1.9623
1.21627
0.656096
0.33051
0.220813
0.310052
0.122571
0.664964
0.773297
2.93611
0.924425
0.499392
0.679462
0.897103
0.827599
1.57334
0.524618
1.47743
0.939573
0.669242
2.21053
0.869453
0.551661
0.520266
0.63916
0.297399
1.91799
0.815639
0.376326
1.40875
0.29477
0.466396
0.639449
0.456203
0.294493
0.39593
0.891736
0.365599
0.89672
0.171285
0.421264
0.603861
0.900553
0.357874
0.742095
0.549662
0.786569
0.250997
0.758246
0.445467
0.66347
0.182558
0.678045
0.97079
0.753923
0.944796
0.198937
0.225837
0.673033
0.867818
0.224066
0.34215
0.477607
0.881608
0.856208
0.72694
0.968443
1.07978
1.39611
0.733157
0.197684
1.54988
1.21743
0.52257
0.471297
0.721605
1.00676
3.19085
0.39285
0.564259
0.351049
0.443077
0.385591
2.52409
0.3735
0.446092
0.607075
0.978702
0.718524
0.315292
0.587886
2.4327
0.634179
0.218811
0.215845
1.86387
0.522015
3.70628
0.717455
0.320741
1.27762
0.8111
1.30455
0.589582
0.739996
1.85741
0.699197
0.615715
0.89785
0.897566
0.745058
0.425898
0.751806
0.793917
0.848276
0.246148
0.565474
0.47202
1.06318
0.568483
0.36268
0.333737
0.172834
0.632622
0.526371
0.434464
0.874187
0.919898
2.02907
0.37984
0.757882
1.09707
0.543353
1.05587
0.60386
0.777884
1.26555
2.2424
0.80784
0.146705
1.92934
0.200763
0.458272
1.26317
0.30609
0.200479
0.670615
0.58789
0.585097
0.197213
0.200565
0.315167
0.36613
2.67198
4.8473
1.07616
1.762
2.26655
0.19121
0.28645
0.627117
1.02859
0.838833
1.30538
0.352298
0.228674
4.08508
0.373579
1.45331
1.62774
0.818579
0.161171
0.353842
0.879051
1.20945
0.808982
0.374088
0.627322
0.663205
1.84839
1.82478
0.659487
0.472662
0.492565
0.494496
0.57038
0.482228
1.61382
0.39578
0.811891
0.752121
1.23138
1.81491
1.06588
1.02659
0.695582
0.604663
0.410876
0.618121
0.822898
0.163289
0.575702
0.69505
2.3754
0.179598
0.632928
1.03765
0.262507
0.520122
0.358978
0.700608
2.05924
0.478775
1.4386
0.580755
0.404915
1.86367
0.422327
1.52582
0.556836
0.260362
1.06217
1.27728
1.66316
0.634
1.88299
0.989383
0.71872
2.25563
1.32898
1.8031
0.19119
0.19355
0.52229
0.952498
1.00344
0.786644
0.499723
0.743806
0.814159
1.45113
0.719059
0.297199
1.78741
1.09692
0.583355
0.107537
0.385745
0.681469
1.63733
1.37916
0.409105
0.582891
0.508521
1.34001
0.639247
1.08216
0.707417
0.718669
0.437883
4.07263
0.795947
0.491636
0.543775
1.31377
1.56172
0.259483
1.7631
1.13665
1.09205
0.544717
1.43696
0.45028
0.329555
0.455678
0.860198
2.12067
0.602683
0.812587
0.280386
1.0509
2.38921
0.30723
0.562179
2.14088
0.732856
0.979031
1.5967
0.477153
0.474232
0.337975
0.753859
0.561296
0.574368
2.27516
1.46884
0.597559
0.418753
1.27644
0.675091
0.378298
0.643422
1.3832
0.366417
0.351715
0.492492
0.428888
2.02549
0.321448
0.228725
0.107444
0.638397
0.128319
0.0970325
0.986006
0.177644
2.06895
0.613116
0.355513
0.776052
0.488022
0.57672
0.457754
0.388205
1.04796
0.280144
0.672493
1.50056
0.563738
0.260088
0.913967
1.82117
0.352965
0.49959
1.78371
0.786803
0.981924
0.236407
0.565846
0.252831
0.50787
2.57452
0.615737
0.761373
1.9174
1.04754
0.175002
0.65755
0.389318
0.908619
1.15664
0.52928
0.157031
1.41496
0.576968
1.24328
0.161577
0.342382
0.790793
2.04037
0.198698
0.587784
0.928627
0.685259
1.52197
0.822284
0.144101
1.39253
1.10052
0.050909
0.756015
3.45956
0.831242
0.419615
0.48922
0.649145
0.424156
1.84151
0.54353
0.431546
0.365475
0.726671
0.993561
0.347685
0.389617
0.235588
1.14056
0.558886
0.561994
1.04992
0.657935
1.30206
0.736
0.32641
0.268042
0.720875
0.980268
0.373152
0.137108
0.588755
0.567311
0.654777
0.676255
0.375926
2.43767
0.230145
1.70571
1.00062
0.839446
0.557093
0.760659
1.20932
0.545491
1.40163
0.73611
0.738255
0.486927
1.70151
0.384002
1.36662
0.45563
0.32652
0.855358
0.394168
1.05236
0.263602
0.675766
0.677994
0.554744
0.300753
1.07213
1.02259
0.250569
1.52912
0.16841
0.408019
1.14886
0.805395
0.973441
2.06468
1.80241
0.915769
0.397556
0.307276
0.819174
0.605279
1.01226
0.700991
0.533344
0.460875
1.76377
1.11943
0.70545
1.21104
0.28273
1.67258
0.664406
0.755729
0.264469
0.642009
1.54392
0.581266
1.12766
1.07127
0.746377
0.728515
0.935646
0.60444
0.372241
0.199802
0.146306
1.06366
1.07561
0.477142
0.381356
1.8725
2.37582
0.698145
0.742293
0.626362
0.421959
0.342944
0.347967
0.896305
0.369022
0.626723
0.135704
0.923818
0.843331
1.23856
1.00504
0.456615
0.751095
1.07849
3.52174
0.412555
0.487688
0.818368
0.420432
0.73439
1.29156
0.75935
1.92879
0.677265
1.23147
0.63718
0.638699
1.51358
0.907648
0.274694
0.443923
0.631005
0.388951
0.561658
0.424995
0.608014
0.326917
1.01565
0.932551
0.22257
0.265333
0.410713
0.381044
0.70963
1.69696
0.410249
0.376896
0.222391
0.448506
1.34567
0.826564
0.593759
0.974301
1.03744
1.49368
0.593093
2.82332
0.228123
0.397161
1.31439
0.420965
1.1289
0.879036
1.65712
0.521345
0.188551
0.614742
1.60385
1.44438
1.27513
0.284975
0.667324
0.807961
0.761225
0.823326
0.668292
0.72106
0.710876
0.442363
0.464595
0.393184
0.569698
1.56919
1.21176
0.227785
0.488535
0.0981297
1.48729
0.578117
0.905328
0.901324
0.307884
0.512213
1.34297
1.06143
0.528863
1.85984
0.640817
0.868691
0.208231
0.207715
0.440851
0.690533
0.654287
0.524779
1.49348
0.667732
0.62036
0.280052
0.56177
1.10701
1.67915
0.360785
0.541201
0.723296
0.498713
1.10639
1.29886
0.873504
0.396943
0.612277
0.536439
0.22474
0.408856
0.227921
0.55114
2.01419
0.688462
1.65882
0.652868
0.401461
2.54149
0.682359
2.0086
0.533708
0.991296
1.23363
0.821242
1.44647
1.53922
0.603485
1.06188
0.569945
0.762719
1.24138
0.474858
0.496625
0.361068
1.54001
0.41814
0.163598
0.948078
0.679783
0.462803
2.13176
0.273476
1.23981
0.451587
0.564166
0.267794
2.37966
0.499642
0.357392
1.59953
2.18469
0.815491
0.373279
0.93408
0.613547
0.485897
1.23804
0.119297
3.41327
0.237063
0.526865
0.955343
0.330123
0.605634
0.151804
0.428266
1.9759
1.22241
3.18364
0.881412
0.375579
1.33712
1.56772
0.363368
0.420698
1.64339
1.82744
0.17129
0.610679
1.09544
0.358969
0.454347
0.516728
0.436743
1.03848
0.440371
0.372404
1.57243
0.74716
0.55645
0.306568
1.94814
0.544688
0.953899
0.779959
1.22013
2.69112
0.369315
0.425818
0.271552
0.53955
0.696863
0.685866
0.843806
0.662445
0.473071
0.219569
1.27773
0.596085
1.01885
0.968435
0.517224
0.321294
0.378731
0.515565
4.90438
0.364861
1.20036
0.203384
0.502918
0.628452
0.500908
1.6799
1.21899
2.44573
0.347498
0.886549
0.320412
1.14051
1.05979
0.409413
1.34049
0.985775
1.11729
1.11661
0.360365
0.250357
0.262987
0.488162
0.425593
1.35044
0.834393
0.867575
0.34588
1.22677
0.119466
0.712337
0.926104
1.41347
0.443433
0.445167
0.725701
0.198911
0.51657
0.324127
0.543028
0.0332934
0.41826
0.489041
0.75868
1.07735
1.83777
0.222331
1.38423
1.31956
0.551902
1.62902
0.307463
2.00768
0.661884
2.8916
0.454226
0.788544
0.116955
2.91995
0.579953
1.15791
3.15489
0.485311
0.330313
0.418885
1.11738
0.98924
0.522108
0.625769
0.330136
0.932843
0.51177
0.691139
0.328344
2.999
1.74526
0.449536
0.22585
0.318985
0.681772
0.968888
0.1982
0.374852
0.71357
0.383584
0.635368
0.309633
2.83543
0.197714
0.898664
1.1016
0.395971
0.38363
0.418841
0.496099
0.834295
0.569655
0.298976
0.627245
0.842542
0.319694
0.743596
0.830706
0.856298
0.383551
0.639974
0.615698
1.56994
0.424471
0.425474
2.56898
1.69406
1.05723
0.387123
1.03695
0.360152
2.68653
0.638399
0.808981
0.661148
0.189001
0.202544
1.64563
2.69582
0.207017
0.265349
0.480272
0.62478
0.232214
0.278349
0.207658
2.20137
0.746037
0.348782
1.20445
0.612696
0.460501
0.818772
1.32234
0.621166
0.801871
0.467782
1.45876
1.50093
0.770119
0.248921
0.193238
1.26138
0.608748
0.599451
0.23201
0.885975
1.03885
1.36588
0.9715
0.915035
0.334181
0.981192
0.461983
1.31394
0.590404
0.534511
0.893392
0.350605
1.09576
0.364355
0.636486
0.538871
0.313726
0.830274
0.743692
1.75451
0.392684
0.297211
0.508891
0.867525
2.79514
0.490622
1.44139
0.341996
0.700276
1.11364
3.44344
0.690065
1.65058
0.0995431
1.16253
0.864973
0.980569
0.582264
0.85944
0.59377
0.648172
1.1907
0.40591
0.283696
0.300363
0.293378
0.858436
0.7368
1.61174
0.633373
0.715245
0.541459
0.910313
0.67062
0.47954
0.256
0.133617
0.120917
0.736355
0.387395
4.78046
1.61582
0.933197
1.23876
0.795672
0.294061
0.595819
0.381465
0.558266
2.87084
0.440119
0.71854
0.212056
0.447817
0.578861
0.38872
0.647672
1.20928
0.199285
0.939953
0.285704
0.773598
0.316962
1.43859
0.520206
0.751868
2.06387
0.511108
0.378286
0.64852
0.429831
1.13069
0.329891
0.539504
1.15509
1.36956
0.86999
1.49623
1.02203
0.849629
0.912818
3.62873
0.726591
0.344503
0.415478
0.326263
0.826799
0.321972
0.248247
0.265505
0.382773
0.188216
0.300405
0.72784
0.514212
0.647625
0.71855
0.637947
0.660044
0.233069
0.987729
0.317856
0.922258
0.265884
0.754152
2.9122
0.568059
0.633389
0.290866
0.974652
0.787738
0.881985
0.384411
1.03721
0.662821
1.59229
0.531344
0.890822
0.254915
0.854075
1.58906
1.01696
0.466572
0.403746
0.663393
0.119579
0.479213
0.367712
0.236315
0.864252
0.46951
0.233556
1.23343
0.427573
0.984075
0.311614
0.317025
0.721667
3.22675
1.20359
0.531341
0.811683
0.764253
0.212459
0.42896
1.20495
0.904702
0.545891
0.532833
0.320837
0.34804
0.328029
0.997154
0.953154
0.877914
0.78909
0.648107
3.10807
0.562645
0.269905
0.473977
1.09685
0.491164
0.365714
0.638512
0.223981
3.34819
1.67303
0.455743
0.990836
0.768926
0.679896
0.938492
0.555716
0.102983
0.40747
0.250512
1.39532
2.89752
1.1153
0.326376
0.761638
0.435097
0.573737
0.492837
3.34273
0.335124
0.194584
0.373185
0.398518
0.472385
0.865535
0.646349
0.276602
1.26123
1.63067
2.56183
0.009414
2.33868
1.65727
0.461195
0.29329
0.145754
0.406229
0.34778
0.4673
0.840691
0.516992
2.38032
1.57127
0.511477
0.361734
1.09256
0.738323
1.40883
0.762587
0.372847
1.77964
0.981837
1.07267
0.647708
0.54088
0.376092
0.401495
0.638067
3.59337
1.09046
3.65508
0.739946
0.541748
0.848483
1.00238
0.870651
0.430048
0.730855
0.042463
0.44648
1.29507
0.643387
0.326452
0.370921
0.770535
0.544272
1.02338
0.35034
0.384121
0.495953
0.448763
0.454147
0.109176
1.02588
0.340666
0.512732
0.811987
0.660281
0.60126
1.58303
0.53417
0.347781
0.713548
0.894972
0.353682
2.52835
1.30971
0.967582
1.10927
1.46554
1.0371
0.285755
4.1482
3.53341
1.81027
0.1682
1.15371
0.741748
0.313664
0.675846
0.888312
0.075825
0.217701
0.365282
1.09509
0.684697
0.504243
0.657255
1.49059
0.43512
0.37967
0.366959
1.29844
0.630785
0.473517
0.279453
0.547078
0.117222
0.223919
3.39305
0.269874
0.35512
0.64864
0.638702
0.816293
0.47777
0.651043
0.806764
0.170944
0.256547
0.809361
0.0931946
0.631082
1.10702
0.611699
1.20393
0.147629
1.39165
1.24673
1.01879
0.916466
0.925798
0.505833
1.28794
0.297998
0.216003
2.14841
0.362907
0.153277
0.337675
1.17384
0.665963
1.55201
2.0853
0.84609
0.128336
0.465923
0.177548
0.987969
0.238692
0.256732
0.599063
0.313839
0.0907044
0.722287
2.09995
0.58033
0.293885
0.15134
0.71209
3.16125
0.533966
1.03389
0.597775
0.596172
1.16146
0.951041
0.780786
0.909276
1.61185
0.363126
0.587597
1.6056
0.518998
0.525337
0.403018
0.677513
0.468808
2.19281
0.3678
2.71531
0.836384
0.473598
3.35303
0.135267
0.872388
0.437679
1.33342
0.488281
0.63276
3.55278
0.588576
1.0604
0.558861
1.65768
0.498725
0.402565
0.490918
0.592026
0.56451
0.344592
0.760082
0.801616
0.412809
0.332335
0.263201
0.344753
0.420147
0.664163
2.44707
0.273726
0.896261
1.46467
1.3575
3.03002
0.233237
2.66664
0.488527
0.593883
0.531836
0.394459
0.102581
0.434275
0.652306
0.551372
3.67173
0.419996
0.271304
0.857553
1.42876
1.38115
1.33175
0.539898
1.12092
0.381971
0.448823
0.651338
0.340961
4.71139
0.554274
0.912791
0.431861
0.150311
1.35105
0.353742
0.452388
0.5701
1.53243
0.649956
0.936592
1.20436
0.136882
0.729962
0.217614
0.438522
0.229313
0.160085
0.935321
0.56098
1.22281
1.66703
1.61726
0.500985
1.4054
0.880391
0.616167
1.12755
0.606086
0.874537
0.103263
0.230806
0.567373
0.228878
0.257295
0.207554
1.33099
0.965359
0.416839
1.00703
0.593449
0.691197
0.594226
0.327433
1.7983
0.399511
1.07881
0.254369
1.70509
1.18055
0.331526
1.0166
1.15596
2.08827
0.250128
0.4045
0.77258
0.430837
1.65806
0.305466
0.364798
1.35894
0.387339
0.472292
0.258172
0.305279
0.923642
1.35119
2.77968
0.534341
0.209537
3.16769
1.83811
0.587541
2.2604
1.62175
1.10323
0.495086
1.22781
0.286034
0.12421
2.09382
0.231624
2.66076
0.403205
3.22111
0.329024
2.5065
0.398889
1.05833
0.441758
0.739197
0.567921
0.382521
1.2348
0.69955
0.537927
0.73553
1.55866
0.964471
1.50923
0.652701
0.507809
1.34478
1.13618
0.806298
0.641303
0.148728
3.5202
0.424609
0.18876
0.481994
0.830985
0.555588
0.785678
0.5051
0.519072
0.927221
0.763223
0.528897
0.495027
0.3255
0.696844
0.535215
0.416976
0.563005
0.384961
0.212854
0.540753
0.700838
1.39017
0.510991
2.18403
0.370575
0.472231
1.94383
3.24502
1.41785
0.444928
0.270548
0.411377
0.805955
0.856647
0.572232
1.33611
0.37863
1.08417
4.13831
0.656474
1.27613
0.118496
0.475214
1.22093
0.663806
0.359859
0.248401
0.424216
0.688301
1.49498
0.975249
0.542474
0.498383
1.09009
0.239223
2.83756
1.45055
1.00441
0.458718
0.587979
1.08236
0.215119
0.491201
0.969703
0.430024
0.843122
0.63415
1.25446
2.35462
0.418667
1.57207
0.256236
0.688171
0.281321
0.474372
0.190284
0.739611
0.731781
0.783513
0.508335
0.493821
0.301115
0.301397
1.45178
1.56509
1.42973
0.354436
1.13476
0.492555
1.18919
0.981006
2.3418
2.09603
0.275991
0.680601
0.545806
0.389326
0.825178
0.769588
0.687442
0.318697
0.103183
2.82804
0.689376
1.05689
0.900133
0.540586
0.955932
1.651
4.6471
2.614
1.84305
0.700895
1.55891
0.545424
0.557645
0.507735
1.20604
3.29856
0.331502
1.26049
0.529449
0.394188
1.4769
0.707024
0.707404
0.950399
0.6081
0.48828
1.74803
1.10492
1.18177
0.589882
0.127688
0.238783
0.45712
0.56727
0.638142
0.141107
2.42506
0.65004
0.546791
1.49634
1.17967
2.29848
0.775493
0.21844
0.656695
0.609181
0.498709
0.967532
0.313847
0.11907
1.06771
1.37322
0.251571
0.577487
1.25674
4.12324
0.670685
0.928299
0.23406
0.963074
0.81887
0.735016
0.382116
0.705574
1.38299
0.316221
0.305566
0.840595
0.485153
1.18399
0.506598
0.511893
0.411958
1.23355
0.59885
2.00341
0.590564
0.801969
0.562923
0.939476
0.806296
2.5186
0.242796
0.513742
0.353264
0.991322
0.564181
0.957764
0.575121
2.16938
0.617822
0.178744
0.472755
0.294414
1.20392
0.56035
1.55585
0.80234
0.244241
0.444923
1.64879
1.00277
0.274533
0.347933
0.5828
0.147855
0.697061
0.323528
1.00817
1.16399
0.246849
0.149794
0.358591
0.968636
0.586123
0.668405
0.267018
2.09893
0.303186
0.723771
1.19214
1.02083
0.956564
1.52681
0.790081
0.390483
0.351544
2.69315
1.52643
0.187588
0.743812
0.560684
0.218588
0.296908
0.735126
0.326139
0.943821
1.58825
0.25842
0.566635
1.03067
0.564475
0.169346
0.9864
0.273464
0.762012
0.880986
0.922816
0.858916
4.86033
0.624269
0.610997
0.528055
1.47806
0.280755
1.10145
0.418311
0.401027
0.45931
0.658064
0.758021
0.875073
0.414841
0.680091
0.318684
0.100057
3.61028
0.537081
0.175083
0.0586754
1.00569
0.794827
0.346181
0.864663
0.358344
1.16836
0.681543
0.30158
0.584321
0.864909
0.221114
0.252633
0.490209
0.479329
0.16977
0.226864
1.0432
0.262246
0.589078
0.370566
0.826799
0.346955
0.179322
0.947288
0.494995
0.198382
0.113621
0.0813033
0.495075
0.269275
0.539662
1.39487
0.560574
1.91144
0.383197
0.797148
0.693495
0.317005
1.03749
0.433793
1.72598
0.618751
0.230279
0.753303
0.9529
0.743557
1.39084
0.486208
0.512771
0.963359
0.416612
1.27671
0.301393
0.632381
0.743232
0.745207
0.174814
1.13386
0.8028
2.12553
1.11628
0.326666
0.227046
0.750024
0.437836
0.58504
0.427819
0.268631
0.433968
0.873532
1.2328
0.220876
1.12189
2.48872
0.151598
0.938595
0.56733
1.25405
0.976377
0.610224
1.18675
0.349815
1.21393
0.22801
0.552528
0.337435
0.367897
0.469348
3.83309
0.405154
0.782773
0.398504
0.623176
1.23283
1.09866
0.253257
0.922907
0.931078
2.25092
0.439556
0.503364
0.952381
0.531234
1.57467
0.191979
1.25409
0.753961
0.413231
0.689574
0.337853
0.364569
0.840764
0.346501
0.398148
0.180128
1.63082
0.636692
0.60732
0.71919
0.378548
0.312259
0.459653
0.785319
1.14862
0.357918
0.996065
1.56241
0.517067
0.184908
3.5254
0.960272
0.276202
0.229323
0.520544
0.446158
0.469737
0.919144
0.401434
0.292189
0.814249
0.181515
1.07415
0.520219
0.613729
1.14713
0.246699
1.88214
0.331831
0.331288
1.52007
0.411572
1.29254
0.859145
1.31125
0.22763
0.460602
0.994982
1.52018
0.386442
1.08931
0.464127
0.199944
0.582478
0.675198
0.575503
0.794567
0.534167
0.362126
0.956908
2.1045
1.17245
0.779737
0.718498
1.02649
0.640071
0.187303
0.467463
0.406084
0.597457
1.11957
0.458613
1.23173
0.633468
0.328161
0.61681
0.740021
0.603044
0.451084
1.97748
1.50643
2.02732
0.273566
1.01271
0.995761
0.789197
2.64163
0.496429
0.546698
0.515629
1.09127
0.197776
0.363314
0.324185
1.46282
1.0732
1.78598
0.191134
0.392096
0.187896
1.13292
0.631539
0.257788
0.266254
1.8566
0.578622
0.275971
2.85411
1.07072
0.636284
0.693966
0.503317
0.341364
0.561133
0.696136
2.67737
0.717061
0.247068
0.306034
0.541731
0.239376
0.450782
0.129382
0.682228
0.8049
0.839415
0.520069
1.27314
1.25347
0.336214
0.343601
0.460499
0.885027
0.762488
2.13419
0.40098
0.318719
0.463043
1.13166
0.248197
1.80498
0.751987
0.534188
0.380945
1.36423
0.743215
0.997263
1.24997
0.31645
0.329189
0.769317
0.621601
0.357707
0.811495
0.355411
1.2722
1.0214
0.342231
0.432629
0.593397
0.495646
0.311602
1.28441
0.949266
1.5755
1.55526
1.03471
0.381199
0.590707
1.59699
1.16626
2.77843
0.645485
0.664328
0.118806
1.27513
0.550013
0.777227
0.323226
0.557495
1.25378
0.74746
0.58391
0.301983
0.702682
0.905326
1.41063
0.435661
4.71857
0.559513
0.480179
0.51984
0.528588
0.857835
3.78526
1.67668
2.51708
0.474237
0.661157
1.25794
0.994286
0.984974
0.313344
0.756012
0.665476
0.368278
0.399832
1.24077
0.99845
0.515045
0.272347
0.509635
1.64272
0.848071
0.279479
0.818224
0.431416
0.685266
2.08288
0.328771
0.570897
0.536022
0.475542
0.413445
0.480443
0.283274
0.506018
1.97061
0.41243
1.8008
0.573483
2.27916
0.540682
1.63552
2.39524
0.765026
0.67372
1.0867
2.19641
0.498658
1.39823
0.576116
0.484234
3.15467
0.861204
0.485482
1.04081
0.446954
0.231736
0.850467
0.529819
0.184646
2.33384
1.03926
0.225005
0.936726
0.552788
0.311291
0.3195
0.361699
1.82557
0.326052
0.647972
0.887217
1.55493
0.38854
0.216431
1.26555
1.42013
0.444125
0.816778
0.673012
0.878182
0.932173
0.563655
1.6729
0.763789
0.334688
0.598397
0.455109
0.371868
0.296143
2.17149
0.730289
2.33202
0.0834441
1.02448
1.73961
0.426946
0.386316
0.829693
1.7764
0.641864
1.98202
0.571457
0.502764
0.634485
0.453315
1.41295
1.17339
1.10234
1.69291
0.529453
0.165847
0.706718
0.460311
0.320595
0.839958
1.09933
0.480741
0.513965
0.0860306
0.250996
0.393016
0.538265
1.06552
0.98535
1.84427
0.607458
0.229625
0.30705
0.332175
0.434413
0.46504
0.257327
1.33428
0.477657
0.530308
0.364431
1.33987
0.378702
0.951438
1.17131
1.37019
1.26863
0.909345
0.37017
0.10293
1.68335
0.667564
1.0101
0.744928
0.480615
0.767647
1.05206
1.01144
2.77443
1.53088
0.92983
1.10496
2.40562
1.15292
0.20194
0.514709
0.780078
0.645672
1.58584
2.42886
2.05583
0.583299
0.736651
1.29193
0.1526
0.428975
0.285683
0.984371
1.06843
1.06825
0.962702
0.493365
1.97182
0.164819
0.449528
0.858945
0.301373
0.626506
0.634918
1.29308
0.943347
0.696979
0.331126
1.21232
0.507069
1.58496
0.506531
0.162206
0.187097
0.332553
0.544908
0.572841
0.556526
1.33215
0.51907
1.2456
0.366496
0.948212
0.723478
1.16525
0.53825
0.664571
1.6982
0.460835
0.970188
1.08015
0.280346
1.43543
0.845987
3.01617
0.52163
1.30746
0.209165
1.26845
0.341739
1.44048
0.518824
3.68458
0.172077
1.72962
0.699639
0.395601
0.86312
2.22315
1.08762
0.357527
0.214687
0.507191
2.68533
1.38373
0.282277
1.48076
1.96799
0.280339
1.6419
0.334434
0.688491
0.378621
0.028327
0.576955
0.676402
0.27923
0.501616
0.72308
0.557786
1.70785
0.668234
0.842626
0.695781
1.1075
0.235039
0.882857
1.77529
0.320935
0.546904
1.15769
1.44457
0.761459
0.748217
1.44168
0.495742
1.67406
1.97132
0.71654
1.87446
1.0652
1.11886
0.637886
3.02737
2.31197
2.32362
0.765363
1.63079
3.5987
0.298066
0.305005
0.662848
0.79057
0.28813
0.895573
0.508871
4.03394
0.473106
0.912034
1.97677
0.98334
0.197023
0.807901
0.210735
1.31547
0.531997
0.389156
0.610212
1.96404
0.744978
0.682419
1.08774
2.06456
0.801402
0.441029
0.277353
0.67314
1.30516
0.213965
0.503122
1.78664
0.350429
0.439834
1.55812
0.621056
0.682889
0.400534
1.00563
1.76692
0.428039
0.213988
0.557539
0.935288
1.2969
0.994611
0.830824
1.02697
0.62209
1.10417
0.880526
0.517863
1.3831
0.672641
2.21824
0.192273
0.115972
0.923122
0.486662
0.869565
2.35258
1.48414
0.936756
0.117907
3.28224
0.647631
1.07072
0.134085
0.841763
0.247711
0.568047
0.383465
0.644666
0.445096
1.13972
4.0959
1.3748
0.390779
0.493174
1.13559
0.398117
0.58992
1.13784
0.433833
0.495589
3.16441
0.351573
0.486576
0.256137
0.165227
0.757192
1.19478
0.0721031
1.11279
0.599384
1.11472
0.869341
4.85979
0.653225
0.372032
1.72245
0.802384
1.17329
0.374692
0.478966
3.67406
0.425266
0.762715
1.11736
1.71376
0.506925
0.387167
0.494293
0.64314
1.17606
1.32133
1.00056
0.957232
1.34465
0.842063
0.361395
0.741605
0.381076
0.763187
0.972888
1.10963
0.36137
0.609375
1.25621
0.855786
1.21079
1.26769
0.915841
0.536841
1.96118
0.141418
1.0293
0.503933
0.960634
0.470704
0.543385
0.466299
1.33444
3.0329
2.9153
0.690802
1.56113
1.65371
1.46604
0.69723
0.491015
0.409623
1.20649
0.110259
1.19706
0.667479
2.01093
1.44993
0.728656
0.319613
0.685084
0.301664
0.326321
0.0565328
1.09133
1.35861
1.05302
1.60673
0.49183
0.996406
0.166465
0.508454
0.2013
0.343593
2.21918
0.367103
0.39263
0.221948
1.75541
0.24567
1.02941
0.550973
0.283673
0.59121
1.66358
0.919521
0.191096
0.201856
0.911735
3.43893
0.216682
3.56201
0.29623
0.870451
0.832124
0.44197
2.22275
0.808287
1.74265
0.447035
0.321012
0.346005
1.3241
0.912173
1.79058
0.387273
2.23703
0.73467
0.475554
0.462124
2.09398
2.49465
0.66254
0.352411
1.20807
0.615247
0.536054
0.706319
0.453012
0.496898
1.33192
1.02625
0.348051
0.401304
0.355398
1.47242
2.28192
0.913734
0.242677
1.41772
0.704629
0.849501
0.404017
0.82756
0.672267
0.442688
0.539346
2.72625
0.333551
0.541901
0.389147
0.440297
1.05848
0.805802
0.888306
0.563666
2.63838
0.395968
0.386846
1.87864
2.66284
1.15904
1.38665
0.920792
1.30073
0.511354
0.197816
0.619101
0.647743
0.676203
1.86511
0.653304
0.535658
0.925499
0.522436
0.75277
0.944513
0.439855
0.859355
0.626536
2.10382
0.635607
1.66448
0.460895
0.239533
0.48232
2.65721
0.752581
0.877412
0.90307
2.119
0.201395
0.803085
1.41306
0.544512
0.234641
0.841269
0.651524
0.637172
0.572838
0.754597
0.270201
0.481679
0.39013
0.490379
0.15843
0.407025
1.06168
1.05501
0.64202
0.94905
0.797797
2.0287
0.173277
0.396476
0.278108
0.378192
0.217283
0.391337
1.26278
1.82924
1.07205
0.687148
0.406437
0.578635
2.38707
0.263694
0.560499
0.275428
0.111412
0.483274
0.237699
0.640339
0.0784483
0.575836
0.413313
0.390717
0.954329
0.86756
0.682497
0.552764
0.949998
1.30652
0.313091
0.865893
0.422772
0.253046
0.799445
0.148584
1.7572
0.452391
0.903162
2.16885
0.485078
0.278013
0.765691
0.515125
0.437208
0.361687
1.05655
0.941429
3.4483
0.753639
0.67752
0.555681
0.787166
0.315526
0.58146
2.94458
3.01438
0.384932
0.64529
0.488524
0.656738
0.23444
0.678284
0.645729
2.89909
0.376664
0.965406
0.105299
0.582445
1.99386
1.24984
0.632939
0.733917
0.40935
2.08479
1.41388
0.848502
0.28958
0.344859
0.209455
0.519187
0.528108
0.584717
0.749058
0.859168
0.345463
1.781
2.72586
1.71103
0.340169
1.06773
2.69113
0.138699
0.198191
0.681256
0.572884
1.32898
0.780853
0.37048
0.774541
0.493537
0.55066
0.788245
0.391448
0.104074
0.581657
1.17235
0.667241
0.118513
1.13949
0.748319
1.47494
0.795733
0.337793
0.611588
3.46348
0.45053
0.380293
0.383022
1.95999
0.260805
0.757029
0.609213
0.829993
1.70018
1.14499
0.398
0.708872
1.78098
1.17677
1.34214
1.21929
0.427196
0.812121
0.412
0.478673
0.712845
0.448697
0.782014
0.486382
0.543804
0.445762
0.586864
1.16489
0.721105
1.04381
0.951816
2.3848
0.43222
2.33058
1.09572
2.08544
1.17908
0.85441
0.486469
1.82396
0.657747
0.512038
0.741368
2.59523
1.7635
0.367883
2.65527
0.292464
0.609108
0.691182
0.185534
0.625578
0.479661
0.26489
0.690498
0.385388
0.505953
0.650898
0.457846
0.440801
0.647538
0.377295
0.515784
0.608732
0.635844
2.01894
0.739644
0.351023
0.343576
0.269634
1.14975
0.798873
0.228931
0.441153
0.465277
0.484872
0.771089
4.53964
1.17756
0.35243
0.825391
0.429309
0.722686
0.878449
0.512691
0.794151
0.325931
0.11098
0.630285
0.388464
0.1579
0.349195
0.696048
1.31517
0.697738
0.56645
0.0612751
0.463834
0.546968
0.468975
0.390692
0.52896
0.578703
0.194968
0.291055
0.713179
0.621076
0.344526
1.93479
0.611351
0.473258
0.275362
0.422077
0.825112
1.01284
1.32022
2.22352
0.569586
0.530296
0.496707
0.328566
0.183491
0.873535
0.347076
0.474563
0.294877
1.41051
3.5232
1.27348
1.79706
1.9987
0.911445
0.256152
0.568154
0.554352
0.681832
0.319411
0.281185
0.863151
0.275489
0.415197
0.113026
0.322632
0.972769
0.108635
1.06697
0.357729
0.513929
1.68926
0.523638
0.300721
0.396057
0.735294
0.800413
0.505685
0.307735
0.836106
4.48465
0.682905
2.38955
0.359909
1.05369
0.40204
0.625582
1.77058
1.70961
0.295503
1.03193
0.569607
0.483117
0.3847
0.642486
0.687485
0.972796
0.38133
0.621812
0.328784
0.885272
1.26039
1.11361
0.240201
0.692064
0.523209
0.712424
0.3655
0.354057
0.507044
0.578248
1.89715
0.45201
0.449736
0.476406
1.08303
0.412642
0.279448
0.51543
0.814581
0.609188
0.283859
0.66708
0.114365
0.484108
1.66089
0.50143
1.65878
0.312428
1.34996
1.51624
2.66354
0.82385
0.629942
0.871086
0.750373
0.373762
1.41531
0.91526
0.312453
0.244099
0.575764
0.525241
0.307917
1.15974
0.646562
0.609639
0.858852
0.326184
0.485582
0.338058
0.708772
0.675644
0.37918
2.40826
0.200266
1.26166
0.841863
0.74518
2.95891
0.477682
0.841522
1.21447
0.252452
1.2581
1.37534
0.599535
0.673485
0.969078
2.90891
0.307455
1.18993
0.485067
0.609019
0.422793
0.355274
0.720816
0.582858
2.85372
0.374153
1.44811
0.598092
0.794564
0.400523
0.224996
0.47026
0.69459
0.331594
0.918478
2.22032
1.46671
0.284905
0.821863
0.535756
1.82414
0.797723
0.638087
0.476175
0.542368
0.872294
0.399322
0.895258
1.28984
0.512443
1.25941
1.03036
0.817802
0.837395
0.381058
0.732953
0.232934
0.399859
0.553714
1.06525
0.783857
0.42736
1.32246
0.806786
1.53453
0.27784
0.557057
0.467726
0.788727
0.847408
0.330761
0.272262
0.23537
1.87366
1.38653
0.359125
1.36075
1.24297
0.669172
1.40783
1.15398
0.512596
0.462401
0.735085
0.619028
0.451509
0.420134
0.310285
0.190431
0.716633
0.416381
1.36198
2.25158
1.33212
1.43909
1.26715
0.135025
0.140387
0.796365
0.222865
0.865056
0.612306
0.259746
0.693767
0.615405
0.523546
0.268461
0.43853
0.607662
0.822941
0.307234
1.1286
0.356592
1.21702
0.16856
0.863929
0.728382
1.42969
0.690989
0.81376
0.634454
0.688167
0.611724
3.45492
1.23261
0.682669
0.55577
0.695018
0.993323
0.327878
1.04324
0.516019
0.263555
1.25494
1.80613
0.207425
0.532294
0.110705
1.41782
0.296948
0.134336
0.301072
0.751315
0.357863
1.09012
0.416531
0.494608
0.301452
1.22641
0.503986
0.535192
0.87844
0.366143
0.368391
0.503779
1.53793
0.640596
2.81574
0.846755
1.10916
0.219506
0.685714
0.241291
1.08878
0.252973
0.972955
0.324328
1.63618
0.737
0.387312
0.787392
0.943572
0.468779
1.46623
0.688976
0.488386
1.86785
2.30547
0.570241
0.371414
0.443928
0.663337
0.552445
0.277806
0.373085
0.272866
1.82673
0.567096
0.88798
1.01599
1.37038
2.6273
0.349178
1.66452
0.33897
1.71351
1.62947
0.528346
2.62513
0.669657
0.50009
0.844286
0.250307
0.370749
0.808071
0.316886
0.255286
0.463676
0.65226
0.52307
1.35277
1.11805
0.714875
0.499501
0.317177
0.259195
0.38851
4.38613
0.393092
0.566156
1.25372
0.35683
1.47041
0.712305
0.732494
0.885476
0.55507
1.06184
0.779352
0.853057
0.627075
0.407716
0.374425
0.451761
1.5492
1.63451
0.472147
0.249719
0.516921
3.97907
1.23117
0.379271
2.87788
0.711021
1.53338
0.371638
2.38096
0.236008
1.08568
0.396101
0.686193
0.69365
0.442172
0.660921
1.00676
0.510175
0.309974
0.893867
0.837529
0.689835
0.145113
0.350916
2.0225
0.762042
0.842828
0.785211
0.481841
0.451737
1.05689
1.21354
0.227275
0.538103
0.576439
0.253914
0.356692
0.366934
0.499373
0.520887
1.03428
0.226551
1.30852
1.44617
0.853917
1.29947
0.425468
0.637958
0.710046
1.22222
0.182995
4.99467
0.394063
0.875594
1.05098
0.97423
2.7438
0.745438
1.26421
0.785724
0.826091
1.17886
1.00115
0.180081
0.323866
1.23989
0.456577
0.742245
0.755721
0.822419
0.490391
0.474066
0.657467
0.555051
0.501629
0.323468
0.370224
0.506437
0.486767
0.510202
0.472871
1.66473
0.389553
1.00795
0.560998
0.908499
2.13054
0.796557
0.963341
0.739809
0.541772
0.15482
1.21819
0.437184
1.18805
0.738006
0.411574
1.41088
0.99018
0.320062
0.922971
0.266593
0.772725
0.338656
1.32301
1.07646
1.5165
0.471672
0.454654
1.60508
0.955725
1.49897
0.830744
1.72491
1.13413
0.34535
0.371537
1.14493
1.44261
0.245175
0.817247
1.27756
0.235892
0.871296
0.634201
0.805444
0.457233
0.158694
1.82468
0.345739
0.811718
0.58898
0.467219
1.42957
0.659268
0.303468
0.494352
0.769022
0.589283
2.6786
0.697118
0.380133
0.186031
0.711093
1.05675
0.630582
0.946664
0.45096
0.796863
0.605237
0.639464
0.781433
0.581612
0.790672
0.451176
0.142582
0.118455
0.365215
0.958591
0.672511
0.795121
0.125483
1.34152
1.27383
0.555009
0.955117
0.366816
1.11115
0.883561
0.487755
0.154255
1.01534
1.37979
0.784446
0.689182
1.47545
1.58785
1.17379
0.439925
0.624665
0.590464
1.00738
1.27964
0.321873
0.435292
0.499661
0.390272
0.359386
0.891265
1.00518
0.73766
0.422012
0.72018
2.0543
0.410783
0.686865
0.260947
0.316256
0.774984
0.539514
0.487721
0.69455
0.273867
0.496287
0.434107
0.503206
0.79748
1.86058
0.625517
0.717929
1.06413
0.254252
1.32539
1.47849
0.366688
0.190842
0.984677
1.35239
0.968171
0.307211
0.244549
0.717225
4.18361
0.244462
0.467248
0.97325
1.19237
0.217629
0.706323
4.07128
0.222182
1.48906
1.30338
0.71754
0.730085
1.24404
0.345216
0.816853
0.649119
0.677079
0.106743
0.772837
0.463583
0.221266
0.310888
0.416683
0.265114
0.602496
1.88993
0.729647
0.277115
0.713049
0.517132
0.388693
2.14723
3.31883
0.822789
2.4728
2.38495
1.75523
0.237244
1.14825
0.151116
1.08141
0.786196
0.979802
0.93361
0.38685
0.771794
0.490933
0.294697
0.268826
0.178557
1.0936
1.50993
1.02117
1.11163
0.540574
1.06155
2.89394
0.778331
0.441976
0.393802
1.52242
1.82583
1.37205
0.340864
0.345219
1.56375
1.00679
0.456471
0.487566
3.21739
1.00227
2.36377
0.830557
0.33481
0.653537
0.413509
0.387843
0.759422
1.41212
0.79006
1.08405
0.388171
2.08443
0.0804586
0.587992
0.332147
0.740322
2.22559
1.25286
0.0877087
1.51814
1.99899
1.67434
1.41186
0.47161
0.831858
2.02605
1.51126
0.468859
0.960787
0.703124
0.927541
0.719002
0.448515
1.74987
0.557396
0.529488
1.89275
0.230086
0.260878
0.282856
0.545411
0.799508
0.6265
2.72471
0.359978
1.10566
0.44251
0.555064
1.07218
4.52072
0.427222
0.50179
0.443354
3.82807
0.415566
0.377687
0.992757
0.418054
0.364659
0.337304
2.10638
0.756704
0.581075
0.348696
1.41015
2.73405
0.271846
1.72867
0.570782
1.18524
0.200032
0.507146
0.271139
0.138355
0.54937
1.00572
1.00631
0.48887
1.40602
1.2234
0.31348
2.83343
0.415998
0.611831
0.416943
0.44463
2.20599
0.67978
0.805539
0.636056
0.988327
0.540484
0.0868138
0.328156
0.36767
1.05592
0.359138
0.493421
1.46788
0.461484
0.489302
1.08331
0.439138
0.285708
0.445053
0.405008
0.623174
2.00026
0.237913
0.756028
0.379547
0.870301
1.25846
1.23726
0.3257
3.01683
0.229556
0.702357
0.515975
0.858722
0.42169
0.37727
0.520368
0.710193
1.55342
1.52871
0.718889
2.9778
0.554536
0.799021
1.24277
0.796784
2.53372
0.45119
1.00195
0.556353
1.15764
0.924171
1.13492
0.727144
0.733387
1.02602
0.662797
0.444833
0.0678611
0.319233
0.636669
3.52031
0.249931
1.5785
0.408091
0.287463
0.5952
0.763795
1.92719
0.705628
2.52747
2.03712
0.879833
1.35601
0.417797
0.786044
0.499343
0.507805
1.43861
0.897814
0.749668
0.687674
0.351173
0.838325
1.35873
0.577081
0.775409
0.474874
3.3367
0.71839
0.45074
0.626299
0.307024
0.652098
0.412491
0.898732
1.25781
0.973373
1.29871
0.402689
0.487382
1.65771
1.77995
0.895354
0.294189
0.349457
0.534479
0.64506
0.517864
0.448573
0.473019
0.314374
0.701143
0.860512
0.195953
0.954954
0.903153
3.27382
1.70969
0.728645
0.836163
1.01071
0.898133
0.520487
1.04166
1.55773
0.453977
1.0537
0.26283
0.406955
0.670933
0.377613
0.457367
0.764769
0.616369
1.11517
0.563734
0.967875
0.556876
1.05351
0.572996
0.576908
0.363045
0.701414
0.609339
1.11929
1.3643
1.79303
1.25581
0.551489
2.96182
1.25744
1.54253
0.349988
1.04237
2.15454
0.504269
1.30646
0.336739
1.13697
1.39473
4.20809
0.507073
0.668156
0.716432
0.885956
0.938887
0.565577
0.501867
1.85609
0.456328
0.331469
0.574244
1.43236
0.315158
0.274423
0.373501
3.50003
1.19891
1.91553
0.303151
0.45334
0.395984
0.185143
1.37772
0.524094
0.214622
0.654386
1.29664
0.549378
0.577192
0.253609
1.03327
0.474394
0.357273
0.486547
0.375228
0.439378
1.27528
1.03322
1.5056
0.749833
0.626499
0.338491
0.454254
1.28057
2.35267
0.962664
1.65647
0.287219
1.16275
1.10477
0.685207
1.55774
0.652114
1.16
0.621517
0.546546
0.471861
0.311316
1.43745
0.670044
0.525505
0.454554
0.595649
0.712685
2.18354
0.295165
1.05689
0.193813
0.271682
0.310608
0.521783
0.572545
0.430459
0.864318
0.48682
0.231915
0.519018
0.62981
0.946741
1.06495
0.44699
0.391625
1.01209
0.814128
0.493466
0.921773
0.46886
0.805545
0.73675
0.395083
1.42714
0.47965
1.04404
1.00106
0.804278
0.730112
2.96043
0.828981
0.820609
0.525689
0.542625
0.780814
1.66363
0.367441
0.761471
0.667505
3.78021
0.524662
1.23702
1.02908
0.318628
0.853152
2.14872
0.555461
1.16039
2.5208
0.356281
1.29011
0.318193
0.327659
0.51889
0.473252
0.512646
0.659891
0.514573
0.427853
0.69183
1.20204
1.50958
2.44224
0.866937
1.74286
0.604807
0.280416
0.345763
1.30192
1.03878
0.612699
0.83382
0.883637
1.71997
0.711327
0.48537
0.645609
1.18265
1.12838
2.13971
0.649337
0.730619
0.743914
0.844079
0.432105
0.352707
0.545217
1.65299
0.608564
0.676077
2.65479
1.56046
0.267782
0.293535
1.04904
0.311441
2.30131
0.955469
1.11857
0.651656
0.222703
0.527956
0.322623
0.72849
2.25184
0.431131
0.746206
3.37296
0.506227
0.0939638
0.325145
0.292555
0.501571
1.18116
3.34426
0.271282
0.677669
2.00307
0.475809
0.142499
0.330315
0.0459844
0.72868
1.7306
0.303595
0.180809
1.62708
0.759423
0.254085
0.297574
0.726458
0.22818
0.278876
1.05622
0.274142
0.330188
0.905277
0.87676
0.629258
0.91985
1.01061
0.569798
0.27598
0.49731
0.42945
0.547586
1.39086
1.13753
0.244324
0.382168
1.20516
0.0821758
0.377959
0.618176
0.54519
0.56034
0.323919
0.628377
0.623462
1.05518
0.871792
0.428775
2.17757
0.488799
1.3181
2.94858
0.424698
0.539782
1.15717
2.89221
0.378048
0.512901
0.516601
1.1112
0.820625
1.19988
0.371803
0.295389
1.01398
0.409323
3.94359
0.551198
0.52149
0.236877
1.57415
0.571356
0.867799
0.640679
0.0932697
0.149579
0.541388
0.940915
0.582021
0.527144
0.311734
1.9854
0.980037
1.13314
0.199218
0.505716
0.345855
1.14093
0.931294
0.305113
0.464865
0.437604
0.388188
0.350762
1.54446
2.09022
1.37456
1.13787
0.29974
0.340473
0.204686
0.67718
0.832696
1.0213
0.115674
0.434577
1.64413
0.515492
0.308239
0.524152
0.810006
0.707148
0.540896
0.168602
2.13118
0.113378
0.236259
0.803566
0.847926
0.790569
0.580365
0.345198
1.13531
1.45144
0.164344
0.558165
0.376208
0.820924
0.722181
0.299765
0.595761
1.19031
0.720309
2.46835
0.586331
0.539865
0.471607
0.598425
1.93892
1.32336
0.121289
0.555494
0.952072
0.436362
0.789802
0.559658
0.454206
0.31828
0.250701
0.632819
2.15652
0.52902
0.576461
0.557913
0.503591
0.631853
0.240068
0.664185
0.189505
1.54817
1.09712
0.53497
0.285626
1.03749
1.39481
0.667341
0.584554
1.64247
0.116225
0.301698
0.346635
0.4186
0.353449
1.01218
0.130196
1.08998
0.643546
2.24964
0.431944
1.31149
0.631429
0.113535
0.253046
0.449895
0.128836
0.418834
0.843073
0.932922
1.61899
1.24192
0.503072
0.652361
0.330834
0.803262
0.4929
0.161628
1.72526
0.356685
1.62188
0.18927
0.389624
0.302193
1.38679
1.29885
0.862646
0.860749
0.357672
0.409656
0.528964
0.735665
0.294198
4.89538
0.551825
1.23712
0.411692
0.397586
1.0356
0.29624
0.302087
0.167469
1.41616
0.215849
1.5727
1.45833
1.05472
0.747532
0.417532
0.253883
0.368359
3.45627
0.808653
0.885385
0.243774
1.0179
0.236197
0.624219
0.667817
0.358906
0.529132
0.479324
0.669263
0.538594
1.82999
0.97324
0.437493
0.558729
0.454114
0.99479
1.32901
1.12362
0.602339
1.91675
0.648821
0.455357
1.08803
0.801204
0.490051
0.213974
1.12709
0.554885
0.593771
0.832127
1.43986
0.51135
1.40334
4.50163
0.600861
0.638914
1.83147
0.621641
0.579655
0.449137
1.81827
0.55943
0.654228
0.690506
0.473148
0.607206
0.681974
0.715502
0.332433
0.15177
1.32105
0.769808
2.50406
0.506068
1.4254
0.152789
0.441618
1.68956
0.948124
0.541451
1.24123
0.377794
0.112872
0.665587
0.371285
0.140738
1.92231
1.4997
0.466848
0.864101
0.490868
1.36335
0.157647
1.52468
0.334648
0.429294
0.681879
0.709555
1.63846
0.791979
0.279798
0.311941
0.440939
1.09745
0.353461
0.335895
1.79469
0.565524
0.319466
1.29275
0.0920648
0.498311
0.373881
1.19642
1.60321
0.637682
0.871464
0.586033
0.93272
1.1408
1.32026
0.574238
0.406157
1.00841
0.42778
0.9936
0.703492
0.829868
0.334485
0.452766
0.110662
0.302259
0.457918
0.707597
2.77312
2.00054
0.723128
0.303174
0.895964
0.665552
0.816019
0.394025
3.97146
1.62227
0.262852
0.116255
1.2907
1.59273
0.363162
3.87946
0.317254
2.23592
0.607717
0.357401
0.924633
0.300613
0.769129
0.101634
1.82203
0.982439
1.75443
0.505931
4.33709
0.191671
0.477119
0.0529396
0.730396
0.423724
0.21474
1.32198
0.899078
0.417201
2.94526
0.518644
1.78069
0.757387
0.596081
0.0940811
0.695585
0.537967
0.622505
0.784544
0.80757
0.598519
0.422129
0.904389
1.03263
1.03593
0.429658
0.464846
1.03765
0.446005
0.420653
1.95227
0.962814
3.98719
0.34883
0.3974
0.698062
0.606353
0.770505
0.594349
1.15688
0.508597
1.18066
0.407984
0.27448
0.453726
1.42351
2.79551
1.99207
0.326897
0.244126
0.669278
0.902326
0.1883
1.64158
1.24174
0.214115
0.66825
0.605261
0.486165
1.84506
0.68087
0.287212
0.980272
0.475816
0.520447
1.49938
0.529279
0.496835
0.473727
0.566415
0.394266
4.89423
1.56924
0.505745
0.517412
2.16405
0.769238
0.403955
1.1389
0.17892
1.50953
0.47762
1.56276
0.496568
1.01707
0.453614
0.275339
0.860853
0.773881
0.410856
1.00204
0.395859
0.353905
0.437888
0.346571
3.05685
1.36859
0.396332
0.448661
0.794186
0.320738
0.183613
0.466155
0.658609
0.439298
1.2072
0.573796
1.95381
0.708495
0.204637
0.343687
0.749007
0.145874
0.675356
0.555535
0.311205
3.65341
0.530027
0.690804
2.26433
1.25898
0.382628
0.321017
1.40039
0.786756
0.240284
0.769529
0.910594
0.330863
0.568034
0.282152
1.35697
1.15373
0.580584
0.555025
0.776073
2.04345
0.525954
0.165118
2.13787
1.0491
0.127475
2.30181
0.564277
1.16076
0.547711
0.388724
0.529799
0.921041
2.65352
0.816656
0.134715
0.78785
1.09527
0.418829
0.862383
0.973184
0.730701
0.68244
0.321732
1.0286
0.376076
0.882826
0.431126
0.573486
2.17436
0.41048
0.422231
2.23692
0.153092
0.468444
0.572081
1.38793
0.879545
0.719983
0.139898
0.0909698
0.931804
1.10355
0.953454
0.685391
0.508579
2.86263
0.230567
0.510181
0.519404
0.365353
0.6532
0.374482
0.367978
0.342288
0.60507
0.72707
1.00446
0.871591
0.999738
1.05931
0.254842
0.603864
1.04205
3.05865
0.907417
0.770297
0.442886
0.178272
0.353276
1.61497
2.02393
0.542661
1.70007
0.379524
0.874956
0.256777
0.48094
0.486241
0.884219
0.894877
0.625466
1.88186
0.414634
0.747529
0.858269
0.916395
0.208757
0.424505
0.56532
0.931035
0.259507
0.308955
0.638826
0.833941
1.39776
0.495484
2.23013
0.744696
0.632505
0.979594
0.540252
0.397594
0.328751
0.474294
0.349859
0.721194
0.665224
0.382429
0.467299
0.268317
0.154219
0.636615
0.416022
1.23457
0.994661
0.643759
0.556162
0.403877
3.29563
0.945499
0.567439
1.34943
4.89892
0.481829
0.564528
0.330648
0.856127
0.312909
0.450698
0.268027
0.574331
0.891746
2.7124
0.675881
0.446321
0.548098
1.58399
1.47052
1.45645
0.666835
1.82144
2.72181
0.535224
0.882317
0.223259
0.38504
0.404672
1.32598
0.784779
0.384043
0.432595
0.945597
0.826083
0.293878
0.550323
1.97543
3.18519
0.733953
2.83779
1.257
0.731528
1.05807
2.25696
0.483953
0.345409
0.773989
0.330738
0.347245
0.708341
0.734914
1.13243
0.445683
0.593261
2.24088
1.07822
0.433373
0.668942
1.71167
0.597801
0.191877
0.909311
2.35152
0.532783
0.514671
0.654116
0.302478
0.435736
1.91071
0.427406
0.461722
4.17955
0.758376
1.09466
0.202033
3.68361
0.450046
0.920367
1.58053
0.411027
1.06712
0.576936
0.704294
2.32868
2.51405
0.361322
0.680539
0.603217
0.363626
0.751645
0.233019
0.249234
0.5822
0.759678
0.51034
0.967281
1.10707
0.736755
0.447788
0.554623
0.747564
0.208354
0.151303
0.429414
1.03757
0.707325
0.338592
0.362542
0.870828
0.318137
0.464358
0.190667
0.849256
0.543355
0.342705
1.38199
0.550102
0.643109
0.518605
0.412647
1.88652
0.817337
0.173891
1.80271
0.79172
3.44394
0.902365
1.39422
1.29169
0.208026
1.41582
2.38598
0.534654
2.81034
0.826538
0.408713
0.988047
0.419841
0.843219
0.356965
0.54732
1.99005
0.672948
1.53963
0.738189
0.746851
0.897347
1.03953
1.25171
0.431268
1.02816
0.580769
0.802304
0.342297
0.747659
0.251098
0.869012
0.199691
0.533401
1.23882
0.369104
1.55372
0.852071
1.68688
1.26083
0.51251
1.62004
0.718556
3.68742
0.350946
0.51174
1.20769
0.976678
0.357982
0.510138
0.991446
0.324593
1.21418
1.46289
0.21846
1.00144
1.73563
2.45467
1.95153
1.41996
0.330957
0.0478178
0.361049
0.584103
2.37404
0.726358
0.425993
0.184016
0.22692
2.05784
0.589648
1.86253
1.35272
0.256824
0.701474
0.950532
1.32295
0.280854
0.686939
1.29058
0.435093
0.46601
0.658501
0.445834
0.586727
0.379658
0.586007
0.254137
0.786049
0.411473
0.453244
1.95593
1.14015
2.59589
0.462551
0.391985
0.971522
1.05455
0.517286
3.32661
0.355286
0.69848
0.522275
0.524468
0.714377
0.089295
3.33436
0.380839
0.419406
1.06147
0.128698
0.800367
0.433469
0.80521
1.59662
0.993283
0.149614
0.390876
0.398826
0.279929
0.768163
0.564269
0.323074
0.641855
0.287076
0.628282
0.93465
1.47788
2.16312
1.02416
1.28429
1.18727
0.537494
0.946009
0.115996
1.22032
1.00829
1.73058
1.26893
1.1229
4.37766
0.484107
1.34382
0.73987
0.614951
1.69523
1.01121
0.66204
1.31987
0.618892
0.945477
0.592023
0.469727
1.37419
0.575864
0.687627
0.334269
0.301118
1.20759
0.415325
0.17011
0.330378
0.299003
1.15056
0.213651
1.50328
0.39371
1.33217
0.23939
0.938022
0.110795
0.993386
0.293328
3.02529
1.00832
0.845102
1.99852
0.511353
0.891829
0.459377
1.69775
0.417815
0.68133
0.46318
0.390202
0.371127
0.835509
0.967292
0.496284
0.591073
0.611824
1.57127
0.457106
0.377618
3.65246
0.205362
0.464273
0.968414
1.15871
1.11984
0.318033
0.50873
0.392245
0.372143
0.935122
0.422566
0.564915
0.43738
0.288883
0.675654
0.701245
0.351318
0.266751
0.872237
0.778068
1.60062
1.7752
0.64267
0.332216
1.48502
0.243214
0.797734
2.91076
0.424851
2.45507
0.956047
1.18298
1.59196
0.721794
2.40659
0.533954
0.353281
0.27739
0.504419
1.9384
0.268191
1.30774
0.393657
2.09143
1.00026
0.287398
0.418744
0.493995
0.508737
0.196256
0.525742
2.24091
0.376006
1.87337
0.475339
0.309448
1.23316
0.985024
0.247999
1.05496
1.7766
0.203585
0.201872
0.495601
0.500898
0.525775
0.226832
0.453671
0.890133
0.394774
0.570716
0.597525
0.283377
1.27452
0.319035
0.595885
3.76668
1.88181
0.961558
0.343236
1.44237
0.957157
0.433691
0.656637
0.423397
0.610185
0.679188
0.753537
0.437037
0.367302
1.58753
0.302636
0.748454
0.798345
1.92801
0.521777
1.00738
0.532062
1.27365
0.919854
0.235904
1.1012
0.303155
0.983841
0.641347
0.505173
0.678349
1.39514
0.890503
0.963581
1.34582
0.597746
0.793527
1.18663
0.580184
0.639541
0.769991
0.464174
0.464976
0.191218
0.489301
0.4813
0.805642
1.68818
0.106439
0.954434
1.26829
2.30813
0.759481
0.374974
1.06907
1.09346
1.03713
0.680983
0.548126
1.16869
0.29491
0.607273
2.32338
0.676715
0.636902
0.410665
0.97585
3.8402
0.420996
0.0794602
0.805998
1.2437
0.432267
1.70386
2.63269
0.298978
2.32049
0.788615
0.162742
0.896751
1.89974
0.696121
1.90955
0.232481
1.01609
0.263453
3.35942
0.201376
0.467662
0.28012
0.457297
0.796909
0.541086
0.655621
0.912168
0.93937
0.241437
1.22264
0.401014
0.265677
0.22199
1.21886
0.178049
0.320185
2.6843
0.223862
0.391694
0.535452
0.670729
0.569122
0.367274
0.629327
0.122815
0.729118
0.821001
0.512672
0.317664
0.617601
1.34404
0.34275
0.281741
0.286559
0.855919
1.17694
0.402429
0.366338
0.772548
0.537413
1.29776
1.12272
0.825543
0.613936
1.89939
0.699855
0.420362
3.26168
0.296568
0.354152
1.40858
1.36191
0.21548
0.345214
0.541727
0.635312
1.42235
1.86938
0.655643
0.659921
0.119788
0.681255
3.55553
0.168237
0.517969
0.412721
0.792222
1.34898
0.430523
2.03931
0.250939
0.641717
0.452345
0.142612
1.31457
2.10979
0.299142
1.72759
0.401765
0.613753
0.226086
0.934693
0.25909
0.571567
2.79645
0.498259
0.972255
0.65349
0.291105
1.11019
1.21107
3.87028
0.463692
0.200616
1.37727
1.01647
0.659024
1.0521
0.337087
0.298244
0.949137
0.444188
0.677846
0.712416
1.34058
1.47841
0.701223
1.059
0.439348
0.291031
0.253932
0.598793
0.457523
1.71877
0.91719
0.579047
0.482259
0.250549
0.333135
0.372246
0.497743
0.348581
0.562462
1.16894
0.613196
0.403954
0.475873
0.593856
1.56854
1.06199
0.681988
0.269672
0.8428
0.944869
2.68094
0.143209
0.160612
0.794311
0.678106
0.852105
2.77918
0.822495
0.400673
0.47846
1.28071
0.564591
0.532915
0.409725
1.08656
0.24696
0.57764
0.740364
1.04617
0.796174
1.32524
0.559209
0.474944
0.628211
0.321283
0.74281
0.714761
0.78109
0.502232
1.27694
2.26857
0.38007
0.827756
0.397793
0.445534
3.15113
0.980724
0.849434
0.249706
0.760219
0.379877
0.647174
0.73645
4.83228
1.19443
0.54036
0.600922
0.477448
0.350619
0.948555
0.550499
0.532424
0.424812
0.662515
1.04388
0.398493
0.641011
0.481969
0.202318
0.236029
0.436475
0.131716
3.75358
0.668674
0.967141
1.36288
0.372734
1.62262
0.581201
1.33883
1.7375
0.479482
0.640633
0.226978
0.24699
1.14853
0.415594
0.449621
1.36189
1.27917
0.215796
0.807823
2.07599
0.514771
0.335011
0.582509
1.84121
0.624118
0.627013
0.325542
0.647179
0.16955
0.23972
0.778983
0.19027
2.57288
1.15425
0.82962
0.416416
0.433488
1.07834
0.83187
1.06964
0.866664
1.9145
0.334495
2.05543
1.38782
0.358328
0.821894
3.701
0.602969
1.1764
0.991899
1.28803
0.859579
0.286972
0.192798
0.515549
0.36219
0.300609
0.302253
1.2398
0.515677
1.37707
0.235276
1.12917
0.783947
0.298919
0.585351
0.969087
0.294781
1.25195
0.377141
0.692394
0.401171
0.890541
1.6622
2.87687
1.03573
0.8573
0.604682
1.99201
0.393606
0.198061
0.754339
1.1116
0.548137
0.644674
0.524241
0.748035
0.606778
1.35553
1.46093
0.631103
0.212709
0.225884
0.645215
0.460601
0.296513
0.404303
1.6022
0.479629
0.46111
0.298242
0.757361
0.361497
1.75263
1.96247
0.63409
1.41778
1.15301
0.25237
1.50098
1.41426
0.499387
0.692113
1.11349
0.402271
0.539114
0.487053
0.322054
0.529689
4.26353
0.550608
0.726441
0.565525
2.31352
0.307967
1.30808
0.507405
0.729733
1.50565
0.844261
0.193615
1.45687
0.17507
0.220613
1.10762
0.910324
0.580112
1.27039
0.19585
1.96174
0.829708
0.513878
0.749071
0.614506
0.410995
1.00007
0.539459
0.5124
2.06466
0.495677
0.595616
0.874
0.119592
0.571361
1.11696
0.181159
0.527051
2.64842
0.980131
1.82881
0.4366
0.410967
0.611889
1.11526
4.04567
0.241542
0.774784
0.440478
1.01671
1.00283
0.247391
0.342425
1.15755
0.471375
0.314025
0.505078
0.0998127
0.0974005
0.835866
0.248919
0.407994
0.35255
0.540888
0.175655
0.663717
0.642146
1.37791
0.272755
0.338055
1.19651
2.75178
0.436058
0.790748
0.347347
0.623016
2.0432
0.261173
0.515418
0.21268
0.614849
0.336861
0.337025
0.44635
1.01
1.11285
1.62374
0.148885
0.515588
0.298456
1.33978
1.14002
0.566911
0.215548
0.430697
1.88631
0.414269
0.338331
1.2865
0.638895
0.588746
0.348182
0.240263
0.154311
2.14131
0.315925
0.306797
0.742411
1.48193
0.438111
0.705871
0.590041
0.283144
0.916825
0.302198
1.23923
1.94102
0.699934
0.729512
0.28314
1.40428
0.421788
0.86875
0.746133
0.146658
0.644068
0.248411
2.30912
0.230187
2.08791
0.496366
0.678311
0.392912
0.179596
0.279099
0.451051
0.285313
0.285081
1.04146
1.76391
0.593263
3.89923
2.02727
0.2452
0.496959
0.494725
0.538022
1.01471
1.08442
0.473119
0.0419149
0.832583
0.278163
0.553413
0.259643
0.207867
0.191738
1.03586
0.974068
0.465542
0.571627
0.772482
0.838975
1.62001
0.951549
0.325681
0.233767
0.610955
0.474221
1.91645
0.685578
0.344519
1.14963
0.306424
0.362899
0.690785
2.22146
0.456319
0.26795
1.23257
0.872608
0.438843
0.583162
0.674226
1.06736
0.824123
0.645689
0.469514
1.38286
0.514251
0.67244
0.264673
0.531943
0.347872
0.967041
0.32128
0.802848
0.468167
0.80914
0.974588
0.730058
1.26952
1.7969
1.60751
0.21226
0.222302
0.472135
1.45386
1.12088
0.679593
0.722314
0.345981
0.634753
0.260357
0.897992
1.44902
0.384606
0.340035
0.590557
0.308173
1.02185
0.775421
0.508916
0.758717
0.35013
3.14748
1.32377
0.661537
4.7968
1.14695
0.415046
2.80607
0.499711
0.635664
0.597971
0.54375
0.252535
0.286412
0.288739
1.53458
0.834242
2.27084
2.20298
1.04551
0.481966
1.02484
0.699045
0.387542
0.517109
4.91982
2.394
1.17987
0.523591
0.444205
1.88287
0.0769144
0.783712
0.361212
0.555323
1.07297
0.388746
0.0755482
0.685353
0.741251
0.545248
0.352334
0.076956
0.851733
1.16606
0.339416
0.296051
1.91515
0.481308
0.613954
0.57991
0.687801
0.110593
0.425515
0.253714
0.824634
0.618298
0.930736
1.25883
0.695112
0.52071
0.641658
0.584461
0.553577
0.998332
0.567824
0.156533
0.365344
0.680073
0.502416
0.705222
0.344644
0.541823
0.7656
0.835912
1.97983
0.609142
0.286414
1.60708
1.02347
0.756291
0.329763
0.861414
0.584731
0.353121
1.23594
0.373334
0.251733
0.613302
1.40966
1.50892
0.347859
0.484901
0.411475
0.576782
0.781089
0.495889
0.254777
0.292847
0.328306
0.908119
0.546879
0.324158
0.425759
0.51703
1.13288
0.8969
0.78902
0.58615
1.60136
0.63225
1.36348
0.729246
0.512226
0.35765
1.43528
0.827383
0.289276
2.64641
1.53261
0.490097
0.82185
0.862215
0.481713
0.537798
0.402331
0.227717
0.477289
1.56808
0.283673
0.480813
0.526364
0.326478
0.674308
0.474236
0.501691
0.308743
1.29993
1.48236
0.207894
0.371087
0.46809
0.197386
0.32438
0.490358
1.05972
1.07147
0.219993
0.372668
1.31336
1.98927
0.253177
0.634255
0.270546
0.741438
0.220269
2.26281
0.532633
3.37264
0.466776
0.31008
0.735433
1.27355
0.268455
1.08362
0.583072
1.74296
0.342705
0.567109
0.55858
0.251603
0.638976
1.89159
0.549743
0.538451
0.311681
0.497034
0.308701
0.841658
0.308508
0.167265
2.46158
0.364284
2.95917
0.309278
0.580315
0.338535
1.25516
0.164154
0.297668
0.939745
1.52996
0.809924
0.438506
0.823418
0.875551
0.438927
0.364177
0.976001
0.527109
0.620533
0.52316
2.17439
0.208445
0.4091
0.893656
3.62005
0.362838
0.66463
0.358864
0.258972
0.327123
0.384149
1.54206
0.364653
0.572688
1.03149
0.0992312
0.716695
0.426234
0.2239
0.599415
0.924049
0.553649
0.427582
0.367729
0.386993
0.2348
0.436778
0.119622
0.152607
2.06972
0.692429
1.79926
1.01236
0.33336
0.207147
0.605965
0.854267
0.178396
0.35689
0.19185
0.493743
0.243185
0.913236
0.606975
1.36805
0.747724
1.20299
1.15963
0.330142
0.127705
0.720864
0.882167
0.582995
1.18996
0.806075
0.802729
1.05573
1.41244
0.838177
0.842126
1.40314
1.19735
0.322586
0.302512
0.612627
0.609446
0.0653401
0.643374
1.15505
0.854687
0.855074
0.694475
0.362726
0.690397
1.45426
0.261457
0.84595
0.811577
1.81309
0.658329
0.285003
0.238834
0.424186
1.98081
0.268953
0.380663
0.281483
0.342364
2.84023
0.0880287
0.584799
0.476083
0.107936
0.782203
0.163626
0.869468
0.996274
0.364262
1.75632
0.0970254
0.739745
3.05814
1.75286
0.431664
0.235918
0.352142
0.227908
1.05437
1.7409
0.725032
1.61911
0.934667
0.711043
1.6895
0.436932
0.332699
0.587347
0.633949
1.46465
1.57245
0.922051
0.787205
0.425108
0.255666
1.5353
0.265564
0.485871
0.269855
1.12902
1.08762
0.798743
0.179636
1.82529
0.208627
0.898254
0.919263
0.603399
0.340842
0.88195
1.29333
3.82621
0.39781
1.09215
0.0800881
1.12678
0.240872
0.720222
0.97968
0.771387
0.864927
0.631439
0.724467
0.72507
0.792978
0.403961
0.450093
0.171532
0.76231
0.846318
0.330954
1.33491
0.770148
0.232676
1.46689
0.248113
0.729124
3.07115
0.322804
1.6727
1.42836
0.892962
0.802035
0.983843
0.28431
3.07619
1.24192
0.214991
2.97678
0.294425
0.989655
3.57512
0.614953
0.454785
1.00809
0.749911
0.559067
0.527126
0.874988
0.344451
0.519345
0.462766
2.66708
0.582292
1.1802
1.02386
0.609858
0.65345
0.64435
0.20377
0.410777
0.835605
0.137274
1.09799
0.311205
1.98446
0.393172
1.08249
0.716064
0.391382
1.69007
1.01527
0.78489
1.26825
1.37745
1.76271
0.61656
1.26209
1.22675
1.00012
0.260637
0.532586
0.678401
1.04943
0.132751
0.268747
0.212352
0.29699
0.541658
0.789024
0.612972
1.55204
0.266098
0.922527
0.225003
0.228641
0.547869
1.20941
0.99804
0.540471
0.291849
0.913911
1.83101
0.228964
0.830933
0.18859
0.837778
1.40656
1.13604
0.583415
0.490822
0.520505
0.193388
0.518644
0.56119
0.278621
0.51057
0.660892
2.65101
0.376545
1.03324
3.67945
1.53236
3.8748
0.35225
2.16244
0.426457
0.205583
0.23353
0.494733
1.07343
0.223211
3.1933
1.34909
0.310379
1.43686
0.569946
0.140554
0.273545
1.02247
0.349656
0.216119
1.78444
0.453422
1.28213
1.19727
0.232677
0.389202
0.462206
0.87259
1.92415
0.702618
0.751949
1.65111
1.00935
0.688025
0.637023
0.43423
0.42423
4.54616
0.496434
0.365933
0.468075
0.427572
1.17338
1.09673
0.308295
0.404027
0.228263
0.525211
1.17222
0.502857
0.747055
1.56561
0.320117
0.276926
0.796093
0.347581
0.595887
1.60407
1.09302
0.33585
0.489089
0.774019
1.24237
0.423382
0.108068
0.785671
0.961471
0.731109
0.997327
0.353297
0.74295
0.655462
0.368017
0.546108
0.475318
0.185636
0.836403
0.65415
0.657982
0.574722
0.394305
0.366864
2.80526
0.700441
3.31683
0.222544
0.454935
1.07574
0.487635
1.14386
0.559013
0.783406
0.286002
0.703157
1.77409
0.617436
1.31669
0.461549
0.462974
1.05122
0.261043
0.431223
0.819462
0.48154
0.817815
0.344216
1.04259
1.11747
0.486501
0.402037
0.621292
0.493457
1.94955
0.362601
0.593914
0.26695
0.565413
0.684783
0.788749
0.312128
0.709672
0.507278
0.191305
0.4844
0.815212
2.29158
1.63097
0.808125
0.438767
0.814004
1.99996
0.54683
1.48604
0.612157
1.49295
4.28105
0.474709
0.956029
0.421107
1.40131
0.331318
0.415677
0.529874
0.389383
0.207016
0.490156
0.773289
