2.80124
11.3259
3.60793
2.81229
12.7337
3.46614
4.89458
9.96348
0.698404
0.719484
0.948722
1.58182
0.772198
0.744771
1.27104
2.75608
3.00179
0.48176
6.37221
4.02061
3.65361
2.37607
6.39961
4.44777
4.34859
2.15072
7.91294
3.52207
3.30461
2.87735
3.85464
4.47087
1.50333
2.54024
1.99532
1.37022
1.12668
2.30644
1.42921
3.49901
3.23858
1.21025
6.11617
5.17328
2.0903
9.84538
3.43117
3.00859
2.39118
2.33755
14.7386
1.09663
1.37013
2.5022
1.87211
6.22536
4.66515
8.65442
1.87072
2.45438
3.08066
11.7112
3.25932
4.48007
2.60068
4.59639
6.01308
4.88997
0.634642
0.304692
12.7687
1.65554
2.26474
12.6505
1.69598
1.70278
4.68763
4.95284
1.40843
3.06908
3.31393
2.21861
0.944453
2.49617
2.79707
1.00687
7.21017
9.82717
3.93271
1.13369
10.8777
0.565927
1.15035
1.12996
2.98443
7.0426
14.8648
2.13376
0.685286
2.75949
1.16775
1.59401
3.6113
3.91205
3.23345
9.84718
4.9373
3.76852
3.73729
1.11885
1.84086
9.69957
3.65607
2.02834
2.49088
3.98076
3.6164
3.24283
3.52679
9.63929
1.74464
1.2423
5.89278
6.82403
10.1922
7.46171
4.60848
4.36664
12.139
2.85832
3.96097
0.626358
3.11891
5.40276
3.60401
4.4008
3.88768
5.65852
2.5823
1.51814
1.80546
5.5379
1.51101
2.57057
1.4042
3.1859
7.33945
2.73018
1.09087
4.36354
5.00988
0.893932
4.8737
2.95908
5.49776
0.863229
7.47009
8.40226
1.35371
7.49285
7.12724
6.23553
0.703831
1.32037
2.46468
13.0344
0.580157
8.71642
1.98533
2.39952
5.45694
4.77869
2.11863
3.4403
1.84852
5.82285
2.7368
8.34789
3.36723
3.93191
0.98902
3.50308
7.30349
4.10253
2.01485
3.36061
1.46715
3.48471
5.30611
5.18548
4.08673
1.79177
1.84935
2.0944
2.46387
2.2742
1.15293
2.23272
2.9042
5.14313
1.62018
1.55881
4.85739
2.1112
3.46339
2.23394
1.58965
1.52699
2.54895
1.20758
2.97569
3.4492
3.24112
2.52343
5.91242
1.64264
2.41635
3.15187
10.8785
2.61827
4.46757
4.11774
5.19477
0.443961
3.04272
2.71608
2.6144
13.4627
4.1137
1.74305
3.69217
3.32125
13.4363
3.43545
9.27278
9.75502
7.31253
0.375979
4.2896
7.36789
0.477564
4.22742
1.30262
3.58948
3.43331
12.1056
2.12984
1.0698
2.58742
2.9672
2.34269
4.55986
4.76098
1.54543
4.53348
0.887654
3.68715
3.19277
2.98085
6.45676
5.64184
12.2457
1.02011
14.2943
1.61475
2.29544
1.69894
7.59802
4.86255
6.4204
3.26381
2.19481
4.80218
2.79754
1.67272
3.18073
3.58071
0.992681
6.6824
3.51799
2.28869
1.09422
1.50451
7.39377
1.25937
0.903251
2.9304
6.25787
10.7896
9.67206
4.60007
3.00373
3.95879
4.28454
4.72602
11.2957
4.01169
5.62797
2.94344
2.76028
1.85383
7.46603
3.3956
3.86459
0.938673
7.50646
1.38812
4.09295
2.16079
7.43826
3.33225
0.905538
4.96103
5.87182
5.94569
0.520387
10.8174
1.44051
3.90197
2.38259
0.681508
9.5488
8.06041
5.4762
4.14983
1.29156
4.18317
6.50821
2.05931
3.50884
3.35186
6.38975
10.7553
2.93051
2.16215
10.7151
1.1318
3.01258
5.2976
2.13102
2.28987
6.56143
1.01992
9.07171
1.58423
1.84355
1.57892
3.36181
2.1761
1.21995
2.01077
3.85378
3.11005
1.14235
0.572382
8.15145
11.5399
8.62253
6.71118
3.14785
5.92583
1.23207
0.597315
4.06956
3.53559
3.06438
4.5031
3.94085
3.16103
4.1386
3.72184
3.96428
3.01074
0.535801
14.7204
1.92897
3.92555
2.2691
0.658658
5.98001
4.41913
6.35867
1.34714
1.70632
9.42442
0.342687
3.23982
1.68682
0.899455
2.37353
2.36573
1.1529
2.98251
4.618
1.60857
3.00478
4.33418
2.88272
4.48796
1.77602
2.67579
8.88229
2.52856
7.49062
2.32386
4.86257
2.38997
4.88417
5.33129
6.47595
6.10174
4.45861
3.02124
1.00811
0.958739
2.57181
1.71233
5.98939
6.01674
5.04564
2.43122
7.15472
1.16483
2.69278
0.768946
2.14877
11.6158
3.74894
5.36196
3.89325
2.96247
2.22888
3.73276
1.78569
2.09118
2.3752
9.27287
2.93103
4.56129
0.42049
0.794077
1.02904
3.20361
3.2598
0.831963
4.90141
0.674816
12.1386
5.14347
0.304873
0.367951
2.03295
3.79212
4.98289
5.8872
1.82687
4.60585
8.4708
3.88168
1.87535
4.07515
2.90392
2.53914
3.77339
2.07377
3.65398
2.73966
1.65726
11.9427
3.03604
1.64014
4.58595
1.3974
4.30317
4.09501
2.34774
4.98765
2.9902
0.933677
14.8741
3.99713
2.66123
9.56239
7.09315
5.14495
1.66987
11.9506
3.71737
3.78741
2.98414
2.31595
1.40549
12.0969
1.25185
0.363662
9.99397
4.53941
0.983148
5.14116
14.8046
5.96815
0.785416
2.54493
2.10596
2.62231
5.443
1.90861
0.724637
2.01898
2.6504
1.17612
1.05403
2.14362
3.54641
2.16902
8.27785
3.97475
0.623333
3.26509
2.67373
1.50532
1.96624
1.26655
7.60589
1.45756
0.47287
0.610088
3.49108
7.58958
8.0546
4.29484
5.98247
2.50242
2.73624
1.14101
1.61206
2.76584
1.41559
1.38662
0.153502
3.33806
3.90996
1.49231
4.69886
6.76965
6.58829
1.10819
2.59058
4.08045
9.60247
3.49934
1.27503
4.03808
4.86952
5.88619
8.71311
2.74792
0.541982
7.04997
1.61341
2.00985
1.10696
4.37259
4.68096
2.67698
4.53022
2.13505
7.19945
1.00819
3.95987
1.22005
3.44783
12.93
0.908701
5.16513
14.5948
9.99328
2.2939
5.08507
3.26473
2.76089
0.468405
4.5515
2.6484
1.9728
7.23974
3.26765
4.35548
4.85021
5.16646
3.52808
2.34786
1.15425
3.3732
2.39927
4.01491
3.9454
0.242467
9.53673
6.0007
2.12959
3.16548
9.35184
1.3566
3.3954
0.654481
3.79972
1.92139
5.33875
2.55179
2.28623
5.34825
6.7137
4.08417
3.82313
5.12719
1.69326
4.51327
4.29472
2.71456
3.6733
11.1996
5.47088
14.3635
1.47896
2.27954
1.36235
2.44572
2.30034
7.88205
8.36108
1.49132
1.86778
1.23594
4.3917
3.11283
5.9111
2.86956
1.70256
5.97215
0.767878
9.32853
0.839725
6.30452
0.352307
8.08302
0.574971
1.3847
2.33432
0.506406
8.66475
11.3979
1.57973
1.33126
1.1642
7.94433
2.20046
3.47999
5.91088
2.38554
1.01823
1.85158
2.99892
5.88231
1.06123
0.680702
1.38482
7.28127
4.25382
6.48124
1.96388
0.934986
5.02159
9.94652
2.48769
2.93785
1.69079
4.72622
1.98996
4.25159
4.2924
3.0201
4.1296
10.1906
1.82622
3.50694
1.63378
1.76362
4.15415
3.33497
2.71239
6.58053
9.83291
1.50504
3.00558
2.54683
0.358736
7.03025
4.13671
4.57807
0.448172
10.1446
3.24792
2.38393
3.58295
3.75539
4.52639
7.72545
0.823746
9.0591
5.17486
12.2199
0.226339
5.95479
9.58783
0.656114
1.54073
6.35159
4.27929
4.74034
5.97414
3.60272
3.44528
4.1219
2.56886
4.38718
7.90124
1.68558
3.92341
2.02622
11.4444
5.559
2.00157
1.22305
2.38717
3.47449
0.842621
3.47081
1.16867
0.739226
10.0415
2.47414
2.69815
4.27987
4.76534
2.00772
13.1547
3.35109
5.88416
4.75081
4.3927
7.98006
4.47721
3.7745
6.23383
2.41381
1.38621
3.60583
0.764492
2.32486
7.62278
5.22689
3.52927
1.51515
3.9218
2.74649
9.83356
3.29756
7.45643
4.36802
13.7923
4.7434
3.55658
2.91288
4.02024
3.43991
7.7626
5.84145
8.67563
4.40071
2.38786
0.578989
6.37928
2.3329
0.404683
1.58702
1.74637
3.39562
4.72545
1.96964
8.10857
5.20487
5.52019
2.4459
5.92717
4.27658
3.73299
0.954664
1.58665
1.37423
1.49172
5.44833
4.44934
3.33932
1.72578
1.87334
1.05168
3.9262
5.59284
1.43982
9.93031
4.05396
2.7544
2.13323
5.55205
2.94634
1.58462
0.511911
3.31909
2.71532
1.56819
3.91769
1.24037
1.82559
1.48579
1.3421
3.56895
1.01904
13.5211
8.02641
2.49585
3.93701
2.09295
2.37803
2.90351
5.52773
2.77552
1.80973
2.22012
0.515672
2.71614
8.82585
2.37808
13.1401
2.80995
5.4186
4.20345
2.42758
1.15933
4.30967
4.81039
3.27842
2.20519
2.08196
2.90761
1.06447
3.45636
0.572153
7.71407
2.85124
2.09018
2.94068
3.0323
3.61277
3.20143
2.85632
15.1123
2.67363
3.74958
3.34631
8.36961
2.60314
3.32063
4.08117
4.38779
1.75356
4.88178
3.48468
1.39559
2.60265
0.764628
1.18461
1.86563
3.45748
3.10781
2.9529
7.58408
1.08746
0.964735
12.833
2.8692
4.19447
1.50824
5.01559
6.99756
5.25028
1.15652
6.03973
2.19242
2.47451
4.18165
1.29742
3.9751
13.2522
0.664733
1.7849
1.82146
1.60151
3.241
2.39711
1.69768
0.236136
7.17365
1.00929
1.32752
1.11798
0.385233
2.21199
4.7517
2.46537
2.48229
4.62324
0.502719
10.152
3.02982
3.60475
3.84786
3.13994
2.76421
2.4617
2.36897
3.36238
2.84388
14.7416
2.4194
3.02076
1.27926
2.43026
0.597388
2.33571
6.59571
5.70887
2.46468
4.02961
2.12064
2.86168
5.2508
6.68886
0.7585
3.38193
2.70217
3.08551
2.73709
1.59478
3.77053
3.52939
2.33338
3.80612
4.45303
5.13622
4.55542
2.2656
6.36619
4.14682
10.0339
9.49396
2.07137
1.4781
2.91199
0.471759
1.2196
2.35208
1.48236
2.47908
3.45366
0.505011
1.47735
1.30188
4.2718
3.18561
3.66922
0.321778
0.927628
5.80183
5.25812
10.8133
4.55306
4.10971
8.52466
3.20059
1.89938
9.8652
2.41545
4.43152
4.77195
2.8952
12.9855
5.16197
7.55422
2.10753
3.32478
4.66887
7.5007
4.64529
9.20421
6.2567
5.02093
3.06255
0.516698
2.39822
1.42943
2.5948
6.46964
6.19942
2.52221
3.04843
1.61659
5.17642
6.12485
2.38105
3.15219
3.19793
2.2227
1.71249
1.43792
0.78769
4.75451
3.90007
7.09376
2.57947
3.0654
10.4771
6.58599
3.78186
2.05238
1.5215
1.34603
2.30539
1.75601
3.44496
2.05086
2.05471
3.60836
0.269051
2.78041
1.28558
5.5581
2.01599
5.17864
4.98902
3.74717
0.317916
0.779633
3.34758
0.762028
1.60767
6.41468
11.7041
3.02547
0.630346
0.55463
4.90845
3.99227
0.409803
4.69747
7.52077
2.5792
1.34849
2.082
1.41703
6.11068
3.7632
0.702757
2.69564
2.4715
3.16133
4.13363
0.427387
2.52832
4.46551
1.57667
2.5596
4.40622
0.519797
1.23541
4.47967
4.91808
4.504
1.19433
3.82354
8.7309
2.44583
5.19443
2.76404
0.137859
1.69195
0.525985
3.19709
10.3423
1.67589
2.66333
3.84846
5.50859
0.992758
7.99725
3.4148
7.1225
3.66855
4.10123
1.45583
1.69926
2.62
1.63775
5.21901
0.732262
2.52989
3.42229
9.88024
1.63486
0.398674
0.353787
2.41582
2.25327
7.87709
3.05712
4.86622
8.2275
3.20154
4.54468
4.79546
2.76106
7.56567
3.21516
4.83801
1.00397
2.2692
1.78068
1.1865
1.24777
4.23694
3.8319
5.40517
2.30645
1.6722
11.4187
3.34182
4.07617
4.1846
7.26069
4.29517
0.769838
0.439714
3.12342
2.72174
5.96379
2.71982
2.78727
4.55616
1.43554
12.5902
3.27122
4.83072
2.28377
6.61596
2.51484
8.43032
3.16159
0.877271
2.41883
4.41168
8.45177
4.18659
5.91619
6.35332
4.06563
5.99624
3.74469
5.29778
3.90494
3.93877
1.44272
1.12537
2.85259
1.52603
2.81857
1.11256
2.3312
11.6275
14.3264
3.49825
6.82045
2.31968
1.86663
1.02265
1.10339
2.03269
3.10928
6.57167
4.3242
0.691237
5.20837
5.07318
1.1433
0.283447
4.60259
5.88408
3.83059
2.60107
9.90967
5.26121
4.10915
2.22401
2.46156
5.05169
0.993614
3.47036
11.0346
0.96951
3.90071
2.84475
0.70569
1.86634
4.53526
14.6923
0.982571
1.56205
4.94146
2.8404
2.01234
1.40127
1.01872
4.60938
5.03113
6.38666
2.04929
1.1872
3.00494
8.025
1.94389
4.48012
6.49269
0.952129
1.5441
2.02075
2.28079
8.79922
0.841562
6.07797
9.89236
7.88044
6.68512
8.47544
4.2473
6.03611
0.76359
0.501041
5.585
3.23065
2.21466
4.05667
2.91329
4.34233
2.96404
1.2154
4.05839
4.94721
13.4564
4.71478
3.75073
2.13618
5.31668
5.73013
5.17973
1.64286
4.36058
1.03609
1.18208
3.04004
0.549225
2.61208
6.50017
4.11226
2.97617
4.16708
2.90905
4.55918
4.19466
3.36132
5.25128
2.92404
12.9884
3.91849
3.01219
6.54877
0.663966
1.82834
1.43661
5.95406
2.49937
2.04604
6.94751
4.75853
2.51555
3.80237
1.68748
2.86719
5.17148
6.5276
4.89464
4.84907
3.83861
2.58924
3.02832
1.22624
2.36813
3.85675
5.97446
4.17153
1.59094
3.52618
5.04582
1.46081
1.92484
14.9481
3.15481
13.3375
6.01866
8.87937
2.14001
6.73981
3.94052
4.34184
8.39662
3.42267
3.07336
1.1585
3.83444
5.05296
2.30161
3.00541
3.22153
0.963444
3.99041
1.0699
2.94082
0.835488
8.22295
2.92769
4.73716
1.25816
3.89277
0.46981
4.35995
8.72441
2.70668
0.958318
0.981356
4.84051
2.78421
7.83738
9.87704
12.4018
8.19463
4.06119
3.91921
6.92776
3.18071
1.26807
11.325
3.03656
5.82637
5.55145
4.85359
2.35353
2.34908
0.803051
1.82734
0.411778
0.722346
4.96828
3.12997
2.46965
2.16051
5.95755
2.42785
1.6988
1.06027
3.49182
1.43455
2.15623
2.4087
2.78404
4.52297
1.82486
3.71542
2.31829
3.96735
7.1323
3.2741
5.1251
7.86843
2.4282
7.06711
5.45972
2.47594
2.25247
4.5563
2.73509
1.34717
4.48101
5.75062
5.71819
0.599056
0.708121
2.01514
1.73427
7.51458
1.92426
1.17215
3.36647
3.49981
13.5807
2.12932
1.59153
8.5258
6.64285
3.18375
1.20267
2.82123
6.53285
1.76778
2.97497
1.72398
3.22359
1.68278
2.97535
2.65302
11.3373
3.39869
0.493684
2.90108
4.70647
2.78887
0.948811
0.461032
3.88714
3.42205
4.70521
1.94204
0.595569
0.808668
3.24039
2.71693
4.15844
0.962981
1.47948
3.10804
1.81194
2.23407
1.32515
9.87037
2.88865
3.7316
7.01436
2.78668
5.40325
0.543259
1.03396
6.08511
2.02068
3.56185
3.86265
5.68038
3.74979
6.70235
3.5622
3.45791
3.19767
1.77032
5.19152
1.16363
13.3657
0.311031
3.48095
6.53256
4.28215
2.67894
11.734
2.86816
2.44617
4.22222
1.10345
3.85051
10.8106
4.21693
7.70566
6.70278
7.12609
5.37811
2.43029
3.07221
5.30513
1.93687
1.53754
2.39678
1.51796
1.68836
4.57402
1.48237
3.60676
1.5178
2.3119
2.20522
4.0112
5.75739
4.60959
3.61637
1.92384
2.10583
2.80081
2.25098
2.85458
1.33649
0.461788
5.27407
2.46828
3.56707
3.12962
1.76278
6.54587
1.95573
8.64035
10.3926
4.22755
3.70093
8.38612
4.17616
2.2767
2.81434
2.51115
4.37407
1.99823
3.0173
1.64825
2.09083
0.358103
4.82612
1.08631
8.93895
2.08503
1.31172
9.28975
4.35494
10.6793
5.0211
2.04474
4.87025
5.82811
6.99086
5.23374
1.88047
3.4744
7.52168
12.754
1.16956
4.78386
4.32299
2.48437
7.38834
2.87132
5.65861
0.650126
2.83473
7.08077
5.02963
4.33785
2.79055
3.14192
2.18039
4.11265
1.52326
6.07743
0.822385
1.63429
3.12249
0.305027
4.92999
13.0287
2.62783
2.46204
3.46927
3.94127
12.8172
0.456669
4.10066
5.99416
2.89595
2.68898
3.46949
8.4427
2.33122
0.830587
2.09073
3.68684
1.55381
1.50383
13.2568
13.4074
1.78141
4.25207
2.46335
4.22346
2.27469
2.80569
2.74829
3.79401
0.951003
8.8877
3.61566
2.99307
0.451901
1.51348
2.04448
14.0559
1.62883
0.315273
4.0473
5.82082
3.86718
2.46845
1.4727
1.49663
3.16628
2.93411
6.85951
1.11875
3.32154
2.64147
2.68119
0.739004
1.11062
1.88836
0.454082
2.20808
0.587295
5.8355
0.789559
2.58369
1.69205
2.44874
6.9342
6.58742
9.33147
4.92297
1.45129
3.99124
1.16897
2.52102
6.86138
4.38517
2.55991
3.341
6.61416
4.68613
1.37289
9.85277
2.15105
1.32133
1.29286
1.4955
10.191
2.82795
6.51525
10.629
4.86221
4.18079
2.44744
8.92887
0.5158
5.60341
2.09227
2.22222
2.55517
5.21996
0.422203
1.08866
4.92819
2.08126
1.89959
12.8886
11.7504
5.67874
2.76608
5.84829
3.85949
6.03787
0.36766
5.43559
5.3484
1.98267
4.91365
1.54572
9.59956
1.14795
4.29828
1.90803
11.2291
4.33404
0.958369
0.903302
4.8015
1.59223
2.35607
0.858415
3.29714
4.45014
10.2051
0.722116
2.32599
3.84927
0.94679
13.612
4.79032
4.04683
1.04692
0.620651
4.69224
3.78888
8.44714
2.04921
0.87979
2.66058
1.48373
2.25465
4.52268
0.762273
2.0812
4.51072
1.13127
1.14398
0.664894
4.04892
11.8315
2.80545
2.45483
5.48977
4.55711
5.85845
4.01172
1.36546
2.41509
3.60845
2.06474
1.63558
2.21651
1.38668
2.89041
11.0597
3.63975
2.5341
2.36199
1.90875
0.471253
1.71461
5.10595
3.86272
5.97579
3.99406
1.72433
0.752117
7.12042
3.18726
1.65239
1.42075
1.67516
3.79113
1.51017
10.1532
0.933822
1.78834
5.51441
0.720106
0.915158
0.806898
1.05423
1.55068
10.094
3.27126
8.64835
2.66207
6.79097
4.79606
2.41654
1.08753
3.4633
3.57651
4.28277
5.69493
3.9756
0.916246
0.811227
2.24107
7.57096
9.4245
0.760729
5.87527
2.6526
5.48072
1.46054
9.84776
6.40279
2.4407
0.870246
3.62986
0.985159
4.56964
3.79217
0.963072
2.98046
7.1304
9.91667
4.98089
7.39619
6.59078
3.32998
6.22166
5.40317
5.19197
7.21194
3.00857
2.75195
5.10546
2.61605
5.7156
6.55386
0.837184
1.98422
8.23093
1.0245
0.955954
0.799957
12.292
2.66927
11.7817
5.25412
2.20787
10.5045
1.37606
1.37987
1.50723
2.14975
2.92077
0.749837
3.43319
14.6278
4.35637
1.62103
2.51141
5.0812
3.91559
0.760489
4.5877
12.9201
2.26948
3.95191
5.52368
6.79309
8.50223
0.307023
9.60161
2.00857
2.54138
3.83192
3.09769
4.35875
6.38496
5.61935
5.24239
2.27785
6.02562
1.64012
2.52281
11.7112
3.5018
0.503229
3.31506
3.19633
6.29182
5.37007
1.47971
2.33666
2.85801
13.3597
3.2767
0.628775
2.8506
8.89373
0.657174
2.68664
0.603534
0.819311
1.5219
2.63653
10.7818
2.04855
3.61869
1.80201
1.85861
1.29321
2.43922
1.41576
2.76086
0.813623
2.96466
4.04852
3.58959
6.16318
1.29832
1.01718
3.17838
2.06945
1.1005
3.13407
5.47442
3.16205
4.12067
8.42871
4.62186
4.24363
2.42779
1.60653
3.94212
2.62173
6.26195
2.53609
4.26525
3.01387
7.91764
2.2784
1.97492
1.75454
2.20817
3.12602
2.05082
3.49572
5.53978
2.11408
1.40563
3.84225
1.90903
8.34547
1.54252
0.556478
4.35251
0.691964
0.504784
1.76196
5.20808
1.61287
3.34116
1.10799
4.15894
4.27669
2.99784
0.831395
3.94572
8.62892
3.77339
0.678455
7.26787
2.73184
0.95676
3.83561
1.12607
11.6236
1.67915
0.994073
2.79586
2.68425
2.30311
1.88008
5.0645
4.70578
0.899302
5.93544
5.4588
5.13334
9.19255
2.13058
2.66486
1.89836
1.92922
3.96112
1.52565
2.14952
1.97138
3.8278
12.8706
6.97577
10.449
2.45022
6.67896
2.52853
2.08679
0.414177
11.1831
3.57104
1.13779
3.52727
3.46863
3.69033
3.01377
3.06926
2.49419
1.45293
2.03351
5.59619
4.64602
4.48
6.54438
0.433377
6.60904
1.22178
0.838039
0.810302
0.107692
0.513859
2.30017
2.75729
8.72053
2.32657
3.32924
4.99761
2.19602
6.51214
3.06682
9.52973
6.95156
10.0539
2.55386
3.33268
1.9949
3.00558
2.87068
4.88147
2.87567
9.36331
5.90171
3.16974
1.45634
0.650549
9.97135
2.99488
9.00911
1.69319
1.0676
2.53137
3.20048
4.84341
1.15614
1.46713
0.803994
3.22231
6.64501
2.19601
2.1522
11.5987
3.31516
8.52061
3.83195
4.99923
3.17622
1.5148
5.8788
0.782927
2.79296
9.77501
3.25911
8.12128
3.58936
0.767472
3.50465
2.04054
5.55815
7.821
1.91118
1.49594
0.598418
6.39163
5.44284
2.82003
3.54461
9.94632
2.91417
6.28459
1.52777
1.05308
1.75308
1.28134
2.83024
1.10536
0.884585
3.317
3.12434
4.46403
2.55586
5.63534
4.71958
8.42763
0.492522
2.06441
2.91139
1.12247
0.842067
3.37184
3.08242
3.39752
2.05413
2.09066
0.895688
2.31033
8.10807
3.21815
4.01981
3.91912
1.8208
2.3262
2.55869
4.16752
2.40209
1.75351
5.0209
5.31837
3.22531
7.87599
2.24982
0.712321
1.46706
2.00121
2.98809
7.93867
0.588364
1.6861
1.34315
8.10028
0.593689
4.4176
0.713412
3.25524
4.28871
0.341597
2.14117
0.66234
2.0376
4.69615
3.16287
5.47457
0.960895
3.70156
1.68732
0.550348
9.13819
3.10621
9.43677
8.38939
2.31702
2.2226
11.0379
2.24767
2.61389
5.59649
1.44149
1.57223
1.23351
4.7767
1.92116
13.4377
2.55647
3.66938
1.78913
5.40675
9.61911
3.09699
6.24657
0.609576
4.26066
15.6
1.42629
4.07512
1.55291
0.295212
3.05119
5.0758
8.79233
6.17168
7.05159
2.22628
1.47678
3.16829
2.19197
3.72624
0.242489
3.08649
11.8554
0.892396
2.35799
4.78954
3.09386
1.48229
2.34039
1.31332
7.62203
3.34342
7.64543
3.33778
2.77099
4.28426
1.35245
0.628378
1.99375
3.14183
1.30196
3.64902
5.96059
2.63796
2.35009
3.7409
2.12825
7.23447
0.856627
3.1157
3.93277
1.89988
5.07247
2.64737
2.98623
3.31677
2.55237
2.74347
2.33349
4.73714
2.50802
2.82812
10.3216
2.4396
4.1953
2.98362
2.10726
2.45401
0.246949
3.25935
9.76238
4.47116
2.77716
6.82334
4.88898
5.1695
2.15172
13.2933
10.7764
1.01299
1.00068
0.606686
1.19833
1.832
0.655884
7.97966
3.74073
4.89744
3.48169
11.4529
7.27221
3.07352
5.18758
2.74252
2.41112
0.393011
7.37487
2.9367
7.2162
0.363851
2.74633
2.71628
2.61607
0.505055
4.80064
5.15285
15.0809
1.43369
4.15772
3.77716
0.968156
4.82787
4.50832
3.04714
5.96998
0.373547
5.04304
4.62643
1.34608
1.2374
3.50543
3.6174
8.8412
0.807188
2.73555
1.81694
2.68432
0.963295
0.94033
2.19349
2.85864
3.66918
4.42528
2.33939
12.8891
4.92516
13.9254
1.79779
4.49855
8.53073
6.15834
1.67984
6.66091
12.4638
2.68202
2.83207
7.68438
4.96481
2.08173
3.06158
5.23946
5.92596
3.24104
0.441912
2.79172
11.8005
0.926284
1.6701
14.8981
6.59656
2.25665
2.51991
2.80028
3.64305
2.21165
4.55046
1.80743
1.84033
3.19742
3.41168
2.67878
4.86652
7.32107
7.12515
9.04109
5.16601
9.69301
4.42282
1.70368
3.41555
2.06847
3.8388
4.79156
3.17523
0.689721
1.26061
0.532023
3.30328
4.17572
7.57892
1.86645
2.01594
6.93113
0.457727
0.81352
0.361698
1.24009
6.19686
3.60515
10.4175
1.13622
7.89293
3.67786
5.52618
8.39463
4.50598
6.97347
7.71129
0.232469
3.20415
4.8688
2.16448
5.20903
0.224877
1.12036
12.1478
3.04425
5.12407
4.92374
10.6511
8.87285
5.19922
4.71727
1.34986
4.79137
1.59251
7.96921
1.46763
3.79219
5.99749
2.91823
5.13904
4.70898
4.22867
4.21141
4.82108
6.09067
6.84894
2.44
5.39771
1.1721
6.94966
3.05989
3.09387
8.56638
5.27136
0.814434
11.5039
4.64
3.65635
3.22678
1.60179
7.3892
1.31663
1.82038
1.96477
1.6087
2.46034
1.97777
5.34186
0.643688
0.465766
8.40808
3.64214
3.65709
3.22633
5.0959
0.86824
8.80129
3.65632
2.57245
3.45709
1.74143
2.54796
4.47942
4.09805
2.0318
3.09779
2.19775
5.00952
7.75975
9.65649
11.1798
3.39735
8.19753
3.84556
2.86857
1.0438
2.87507
2.05824
2.64879
0.941133
1.7464
7.74329
13.5838
0.628891
3.25982
6.39325
12.7193
4.95791
5.84708
8.48118
5.147
2.27975
0.95731
0.860025
1.17126
2.40133
2.58727
1.04985
3.5813
2.58053
3.71039
1.8726
3.03079
9.04522
7.401
2.89664
1.73298
3.09214
2.36091
1.57205
1.56725
3.94537
1.80899
5.65174
1.46261
11.0685
4.21964
2.05714
10.7953
1.80292
5.15943
8.94895
3.253
10.8755
4.30776
3.19319
3.50928
9.93853
1.62101
2.76684
3.87485
4.53757
1.1998
1.18725
4.65287
4.27616
4.88604
2.23134
0.958951
3.90501
0.769849
9.64929
3.46769
9.04121
0.882144
6.433
3.19621
4.61732
3.17432
1.43848
5.40722
1.92989
12.3696
2.84073
1.5467
7.18624
4.35629
7.81036
2.34879
3.13336
4.29432
2.44506
1.76445
4.16842
3.95756
2.27394
2.49474
8.4778
4.78195
0.900755
3.77538
4.83879
7.06009
11.9627
1.64458
3.62056
3.39985
9.94513
0.583262
1.29736
3.95782
0.478968
6.18685
2.17604
2.47879
3.28761
1.25863
4.27609
1.76312
1.82725
5.30771
2.6803
2.34828
4.63667
1.23948
2.53023
4.51162
6.32784
4.9826
2.1862
9.60268
4.04728
1.80525
5.94337
1.70232
9.61625
2.75779
1.99357
0.512217
5.67912
6.35409
3.39995
1.26279
1.44611
2.44887
4.19708
9.71312
0.275067
2.10041
2.44651
2.30044
8.78226
13.2761
12.0817
2.11925
0.716846
7.23481
1.67348
6.58365
11.0206
3.10935
2.299
2.74965
2.16834
4.23385
0.481279
3.94502
5.21546
11.9633
1.13999
4.04597
2.17257
4.28382
1.42558
1.58504
11.2931
3.32074
3.81096
5.24558
2.66668
4.52963
1.99686
4.96542
1.30302
2.39399
13.5424
4.57084
1.65432
4.27823
1.18638
2.90077
2.7274
2.86921
3.33596
1.74818
1.62597
0.507481
5.19932
1.47365
0.745433
2.9823
4.76115
3.35924
6.35401
1.33859
2.49898
1.71516
2.0617
7.20096
6.78659
5.3949
4.57038
7.64904
3.951
2.82258
2.13294
1.33572
6.56655
11.1976
0.694158
2.9104
2.55685
1.92049
6.65659
0.894319
3.53702
1.96515
1.1434
1.39105
0.493191
1.39127
4.20969
4.50705
13.9769
3.62944
5.07096
2.55806
2.23684
2.98996
9.31594
3.54659
6.62749
2.8095
2.5514
4.53875
8.51438
3.43994
4.71904
1.57048
2.92214
2.00889
3.40748
4.51852
5.2078
7.74615
9.92467
2.48063
1.47008
8.46946
4.46469
7.51084
5.42786
2.40702
0.519972
0.45025
4.58195
3.99642
8.31777
4.41372
4.48114
5.30094
1.7702
1.90454
2.85461
1.37282
3.15964
4.80768
0.460466
2.33302
3.71987
7.67769
5.89192
4.6857
4.05083
1.69387
1.12696
1.31818
3.12255
9.2656
8.6492
2.38519
12.893
10.5316
8.29345
2.60079
6.53092
0.266505
0.717907
0.480085
1.65552
2.12976
0.877389
1.36178
4.90933
5.32006
1.8527
2.46748
3.62848
12.3693
2.57428
0.940077
4.32486
1.94417
6.17125
2.18354
1.75363
1.1052
11.1955
3.62598
2.55203
2.53429
3.46232
6.18417
2.12917
8.7236
1.50625
5.4906
4.78791
2.17925
6.13537
8.75416
2.90167
3.14465
2.03738
1.21601
1.77887
3.81144
2.78298
3.76699
0.7662
0.681681
4.69413
5.78086
1.61081
0.714853
0.995548
11.8792
0.984322
7.15128
5.28938
1.22151
3.94532
1.28173
2.15107
4.18135
3.48195
6.36042
2.9776
0.643053
6.63675
6.35605
4.50941
2.05285
1.77301
2.07982
2.21032
3.28643
0.52558
2.4133
0.661598
1.33607
4.42493
9.27607
0.31224
3.02721
3.32463
0.635214
2.88834
3.21696
1.75464
3.00267
2.77848
3.61498
11.6622
0.871894
2.99756
2.48769
6.54238
8.17798
1.33438
1.02825
2.34948
1.31281
2.93179
2.55349
3.89237
4.67915
11.5707
3.43303
2.36573
3.73611
3.12523
0.960436
0.511461
5.47839
1.43638
2.81287
4.44229
5.33967
1.38647
1.93657
1.0437
1.84816
7.51601
1.30939
3.16988
8.99275
5.44826
4.20152
4.75442
4.64191
0.46699
2.17102
1.59324
2.01012
4.55222
2.64193
2.21421
1.14934
7.84711
1.41723
0.412642
7.32112
1.57602
1.55415
1.10408
15.2116
6.29059
2.1188
4.95611
2.07846
1.10608
5.31231
1.74986
3.23753
6.21289
8.83425
1.04934
3.1326
4.46352
3.3351
6.88914
5.26172
2.23461
10.1653
2.24377
13.471
6.25556
1.63598
2.74199
5.31178
4.22265
11.3636
13.6661
3.13313
3.49505
4.48528
1.27191
4.6212
9.59635
1.99806
4.33301
6.9204
3.04095
2.62954
5.8722
3.2831
6.38528
5.3355
6.09079
4.45556
6.16699
2.68827
1.56548
1.13967
0.596715
3.49629
1.10724
5.07758
3.58411
12.3198
2.86962
1.06377
6.46615
3.91572
7.50641
3.70593
4.8643
5.65925
5.13198
3.82334
15.644
2.83096
3.93061
2.72709
1.47997
3.40354
2.23214
4.84743
3.90245
1.74831
5.0803
3.66431
0.420751
14.0842
1.41645
1.9717
2.26972
12.7437
8.14668
3.00051
2.24861
1.6792
3.29265
1.81933
12.5437
0.79433
1.10356
3.63401
2.69226
2.85733
1.39409
0.68684
4.59949
3.31987
4.72182
4.27326
4.10496
3.23678
3.55947
3.3714
3.76421
0.522731
5.08107
1.28739
1.23482
7.95863
5.53947
7.65395
2.96394
2.09852
4.53191
13.4107
3.17171
1.35672
4.98041
0.703631
3.91684
7.77428
2.8337
5.1806
2.34088
10.5812
3.03736
13.7806
1.91375
3.8305
5.91277
1.95117
5.37769
2.48108
3.58708
6.20674
1.4628
1.72144
3.75833
3.13844
2.22336
2.08723
14.0498
2.74022
2.32835
13.5034
1.1764
5.71995
1.9397
3.74316
10.3194
4.28539
2.39275
1.56563
3.38268
1.24791
3.34942
5.11603
3.67908
2.73778
5.39679
2.63164
2.42284
3.76424
2.07364
3.74836
2.63264
2.11908
2.36544
4.87444
4.61855
2.10861
2.93698
6.79578
7.78094
9.56202
5.48991
4.56059
11.7113
3.23897
2.31285
1.36574
2.4427
0.818957
1.29654
2.40414
2.7424
7.48413
0.721238
1.08567
12.6218
2.33954
2.86107
4.72362
2.41701
1.35091
4.43826
1.13149
1.61891
1.58678
2.03593
5.63047
1.36235
2.93444
1.66163
1.60731
7.71472
1.59955
2.09062
8.02812
6.08227
3.19854
5.71894
4.24883
0.859091
3.69883
0.452406
5.01948
0.191186
7.06154
1.24509
1.86344
7.80689
0.797121
3.81971
6.59457
0.696849
4.54809
1.10964
2.97588
1.67597
6.63524
3.55647
4.00998
2.02188
0.538319
0.96023
0.829023
1.90286
4.1883
2.69831
2.50877
7.10658
2.41381
2.88537
4.19372
0.341166
1.43431
2.28491
2.11712
3.55379
1.72318
2.54821
3.02276
6.97245
11.3425
2.82933
1.04638
2.50543
3.56959
2.51342
11.0388
2.94657
2.62636
1.29547
3.69305
8.90112
1.74123
3.65498
6.17626
0.445367
8.37047
0.661533
7.43967
0.661714
0.356515
10.4708
5.59753
4.42939
5.10582
1.76977
3.22751
3.1319
1.59698
2.50566
5.40484
6.60608
7.19616
0.704207
12.8055
5.2337
2.49448
1.10712
1.244
1.15737
4.2292
11.0781
1.53807
1.44691
3.25448
5.39279
1.2125
3.78319
0.891234
1.58447
3.27847
4.88115
8.43336
3.60008
2.12725
1.34798
4.35357
1.55341
2.58106
4.37915
2.74316
2.75264
4.11395
1.67614
6.1463
2.80963
5.85341
3.30195
9.1242
0.74233
4.04333
7.44509
3.70972
0.560591
3.32114
9.58204
4.18741
4.51124
4.08295
0.785424
2.06761
6.80442
9.68852
0.98909
2.57884
0.645751
1.06496
3.18763
0.621413
2.99327
2.13153
3.59417
1.37196
5.5624
4.79577
6.86909
2.29092
1.2543
4.92662
3.37432
8.9657
2.40599
1.70141
7.03596
1.88323
1.95514
3.52443
0.781863
4.0066
5.65098
3.61225
2.09875
4.25858
11.2933
10.281
3.4101
1.89219
1.78704
4.54205
6.52405
5.33611
3.5873
3.8742
3.29681
4.68997
3.46802
1.04452
5.89984
4.76167
1.89008
2.46955
4.05513
7.54829
6.17668
5.67664
4.70474
11.9902
6.68486
1.22672
1.14696
2.32843
2.82158
3.14067
5.84197
12.5025
3.38088
0.710627
2.10421
4.77116
4.00091
2.56987
4.48515
2.38645
2.52156
2.69169
0.325408
10.4806
12.6174
0.762682
2.12675
1.81087
2.82855
13.9191
4.03825
1.87012
3.96518
1.99757
6.4912
5.76468
1.30895
5.44382
4.45628
8.71141
3.91387
9.00076
0.927643
1.87057
10.3349
3.13316
1.30174
1.32793
1.97593
3.94441
1.75979
3.21842
2.72523
0.610209
3.18876
3.253
4.92345
3.74806
9.57213
0.381392
3.23582
4.80547
1.53901
0.726765
9.72471
5.61794
1.01033
3.74906
7.6099
5.45549
6.00031
2.68484
7.09224
1.35809
3.92159
3.58366
5.37696
0.835435
1.87274
2.84513
3.14381
3.36437
4.41934
1.46552
1.67775
1.7955
3.80877
3.63063
2.58769
2.15857
1.03325
4.73903
1.77489
10.1308
3.35984
3.0149
6.02045
5.83541
0.853595
6.2914
4.85783
2.92985
2.41514
0.876594
2.26993
1.29261
1.38803
1.93517
3.56603
2.3515
2.42622
8.01712
6.46026
9.92286
4.80055
12.9133
2.7517
1.34253
0.975796
2.92397
1.78413
1.46905
9.32342
2.14401
0.649814
7.6995
1.87017
1.42783
1.50266
2.04178
3.31399
6.87841
4.91917
2.3025
1.5125
3.98581
1.65526
2.65048
2.52061
13.4935
4.08003
1.00161
4.30714
7.39731
2.36484
14.5307
1.08001
13.8317
2.92471
5.19768
2.86592
1.28436
3.22338
0.696373
5.04299
6.19823
1.74915
0.164154
9.05387
3.34393
0.696915
8.75453
1.43746
2.80897
3.48118
2.83849
8.36275
0.270614
0.874206
3.5536
0.811656
2.36937
11.2185
3.03818
5.46262
0.720896
8.03339
1.37732
1.35344
5.48624
10.554
1.84388
6.53889
3.0809
1.49607
1.48764
11.3801
2.58934
8.80031
7.88523
6.08403
2.58095
1.76591
1.87024
2.20445
1.95275
0.794096
3.68385
2.37999
0.850141
1.37725
11.1352
1.14987
1.72698
0.611414
0.904581
2.6419
0.924234
1.10776
9.84136
1.37398
0.762191
1.05765
6.38118
2.7723
3.42861
5.48095
6.65018
4.87841
1.11406
5.97329
2.32434
3.06769
3.27988
1.40471
4.90197
5.07083
0.406533
2.61336
1.25244
2.96481
0.968557
1.83557
6.71867
4.05993
5.81004
0.712507
0.961037
0.563989
1.58264
2.57474
5.39856
3.30892
6.65163
0.912662
6.18284
1.80228
4.4372
1.09224
1.01888
3.78621
2.614
2.21537
1.77637
5.77711
5.71381
5.8766
5.10237
2.38406
3.86389
1.94078
1.57585
6.18495
0.456317
5.56837
4.70241
2.99001
3.60454
4.37651
10.012
2.56489
0.921082
5.85936
15.1413
9.72801
5.20799
1.99042
6.77683
1.33041
2.90619
5.84308
7.23712
4.34397
1.32575
11.1827
2.37878
2.24324
4.2451
0.744601
1.68299
0.595065
4.78181
1.0522
1.58556
7.76182
4.82859
2.18141
4.01427
2.00757
7.36316
1.86375
4.34081
3.77199
2.03084
2.37536
4.394
3.4615
2.50678
3.13044
3.85377
2.79725
7.12855
6.41121
2.75482
1.45324
0.917152
0.682113
0.504249
1.89414
0.798742
5.32741
7.24986
8.28852
4.27034
1.87872
2.63313
1.28373
3.29526
5.50472
4.36499
2.45017
5.48268
4.74161
3.62624
13.5031
1.72069
4.53717
7.29764
1.03958
8.36902
2.22778
8.75834
3.46112
4.6292
2.98596
1.84929
2.14767
6.93693
2.52086
5.74571
2.34965
9.34509
3.5698
9.59384
7.5316
0.401632
13.3019
6.16475
3.36833
4.29979
2.62876
2.26004
2.82354
0.90123
3.79482
1.4645
2.14457
0.944183
3.63273
0.361069
5.27136
3.07748
2.32862
3.01178
2.39741
3.88796
1.04363
3.92732
8.88784
7.44724
2.65
4.47864
2.2803
1.64329
1.10021
2.92256
4.07693
0.627233
4.24386
3.78445
5.4561
3.92481
4.02108
2.51106
3.38926
6.58504
4.77589
3.13672
8.94254
5.57395
4.90598
1.47777
3.15004
3.64875
2.28419
2.47507
3.78137
2.88468
5.55355
4.67447
5.58231
8.44253
2.05188
0.633696
2.052
1.70113
2.97442
2.62772
2.20863
2.89605
5.67363
0.795214
1.5581
2.7422
3.60182
0.925226
6.16174
7.3598
1.91754
6.19697
1.3913
5.89361
3.80635
1.4161
8.68044
1.43028
1.21237
2.91924
1.90965
7.47333
9.2629
3.84771
9.81754
1.97586
5.33862
7.13632
3.51522
3.57545
5.80755
1.91464
6.8321
1.74306
2.85543
2.49686
1.47079
2.88593
2.51358
12.4231
3.58679
1.38366
1.43804
1.26007
2.98801
4.00102
1.87001
1.08254
1.06137
8.02948
4.12386
1.95581
2.56692
13.0972
3.47107
2.09139
6.39936
3.37414
6.7404
1.98567
2.4109
3.81392
1.82706
1.42882
4.26747
3.48597
5.52095
1.68378
2.62124
4.73252
3.203
4.92486
4.51454
1.31787
1.9068
1.68492
5.62293
2.20886
4.34885
2.56023
1.90526
4.40524
2.1241
5.93993
6.00769
6.47754
1.30005
0.664611
0.33559
1.69576
1.25165
2.37038
0.281963
6.12986
1.54388
4.92468
8.33296
0.68109
3.28616
2.29593
1.79408
10.6688
1.73968
6.98492
1.6541
3.61382
2.0551
2.35028
2.39239
7.76565
12.2245
3.72401
3.73596
3.3466
3.56439
6.60004
1.40327
3.0861
1.42048
2.38821
0.835177
0.659051
1.48726
2.05345
2.45745
4.24265
3.5486
1.9549
4.48254
4.59997
0.421461
0.360743
5.96078
5.33077
7.96411
0.772066
4.75855
2.74841
4.51687
0.921765
2.0601
5.96004
2.97555
3.3558
8.60107
2.21149
9.85658
2.80203
8.99365
1.10188
2.02426
7.64722
2.46087
3.45642
12.4213
2.24705
0.912178
12.9602
0.781689
3.91174
2.5178
1.661
4.10643
1.22413
1.98736
1.62854
2.44775
1.94266
2.22495
4.42078
3.04018
10.2708
2.12977
5.32306
1.14817
2.1665
3.72209
5.10453
0.79357
3.75212
14.8878
3.63023
1.57999
1.2589
10.8385
4.18697
2.11993
2.62489
3.89981
3.89523
1.95948
2.96228
2.16363
5.3235
0.688406
9.52357
2.42942
1.02232
0.991674
2.312
7.63442
1.94064
0.556216
1.66018
1.76058
3.56309
4.70335
13.1146
2.12932
1.03492
1.22739
3.52017
9.49764
2.9608
3.49285
2.17111
2.11021
2.40951
5.41573
0.375624
1.02046
3.90856
7.16349
3.01458
1.53097
0.787418
4.37278
5.71922
6.78025
2.86096
1.94706
7.62899
6.52992
3.0396
1.52884
2.759
0.348987
4.61794
0.864939
1.94419
4.47031
4.62495
7.33353
4.45449
2.29481
9.56605
5.49885
2.92421
1.61713
2.00046
7.68303
12.8363
2.74281
1.07638
1.31133
2.85849
1.22984
9.16234
3.4941
2.32472
9.7561
5.03415
7.48268
4.70585
3.38112
2.5167
4.81839
2.00484
3.70107
2.85632
3.50073
3.6013
3.67575
1.40137
2.96005
5.36462
2.83537
1.07049
10.7866
4.36449
0.539929
3.83375
3.33249
2.50786
5.0014
1.56394
0.465892
4.74605
1.56645
4.10885
1.57255
0.679494
3.27739
0.69714
8.89879
1.16396
0.411141
5.76922
2.46278
1.96978
3.16524
3.93766
2.85592
7.59276
0.369047
4.69437
2.33499
3.67799
3.07986
4.0969
4.73023
13.3286
2.90722
3.44359
1.78613
8.83807
0.279058
4.94939
2.33708
2.76749
2.87655
11.4746
5.11627
3.2248
8.05388
1.30657
6.63778
3.97717
1.20461
6.23034
1.73028
13.8024
9.56227
1.61683
2.34485
0.527853
3.74264
2.07275
5.3193
3.68916
7.09589
2.03452
8.96385
3.98213
2.63672
1.52004
1.2803
1.07349
2.89301
0.989884
2.5612
5.09761
2.14873
10.2563
4.55864
1.34203
4.07493
2.76383
3.04993
10.4723
1.0893
7.30762
2.29755
2.16172
2.07422
12.6059
4.2211
2.11132
6.68156
7.12873
3.73976
2.87565
1.8384
6.33818
1.0931
0.737706
0.834599
0.372833
4.76048
2.52641
6.30722
2.86351
8.25685
1.46092
1.49473
7.21243
5.24225
3.2836
4.98041
1.1163
1.9401
0.789474
1.41742
2.04634
7.60035
8.99559
1.23144
2.0012
4.86374
0.761408
2.39559
1.14927
5.1414
5.0465
6.305
2.58487
1.88664
12.1977
7.10076
7.77219
2.28379
7.94386
1.02342
1.90106
3.56396
5.45338
4.94997
14.5911
3.9962
2.055
4.31861
0.778321
2.80476
7.30894
0.753347
1.61674
1.53022
2.94293
6.89907
3.13436
2.26577
1.23912
3.00819
1.49689
3.01809
4.82825
2.68533
1.24084
2.67946
8.73728
0.628001
1.49867
3.22297
2.4451
3.02582
11.5999
3.36706
4.45096
0.853893
6.28344
8.80588
4.55152
3.6752
4.97678
5.45513
1.42755
0.545645
6.03576
2.61936
7.93633
1.79958
8.01807
2.82993
1.04209
1.9788
1.59817
3.11724
1.22046
2.85331
1.85725
2.18261
4.25354
2.23298
10.354
1.63715
7.8187
4.31534
3.01941
3.78696
3.81632
2.07556
1.73103
1.71457
4.13695
6.09706
2.5078
2.11452
4.03368
1.42965
3.50507
1.28148
3.37681
1.8676
1.44705
6.19924
5.05749
3.57272
1.48196
2.31418
4.18076
3.05639
3.13351
2.59926
3.06941
1.11881
5.60204
5.49309
3.26315
0.371405
4.25743
7.05174
4.15318
11.1103
1.10158
2.24479
3.531
6.98765
1.13157
2.0954
3.21738
2.23915
6.38503
1.39534
5.4477
4.22169
2.81019
5.18598
2.28519
1.54253
1.63946
12.7158
3.56383
1.12886
5.87704
1.65349
3.07387
1.33186
0.0835949
1.99073
0.240136
1.18423
2.59585
3.60018
11.8669
3.48735
3.0305
3.20291
6.09736
4.16976
2.78587
1.23366
6.5178
4.68182
2.83149
1.35677
7.99788
3.41802
5.77879
1.18808
4.81989
4.59487
3.68077
2.4762
1.60006
4.72399
2.00596
5.71107
2.15994
11.4516
0.906756
7.49257
3.6111
0.578723
7.36148
2.81712
1.74807
0.333567
2.97949
6.17428
4.30322
3.45027
3.03558
3.47562
2.22199
4.88544
13.156
4.89065
5.47714
4.33087
1.86733
5.44328
2.4056
3.27907
6.18415
3.14841
4.57163
5.93231
4.11212
4.94616
1.46386
0.974934
3.73442
4.24163
2.42759
0.557853
4.96213
14.5065
0.566791
4.40022
0.270955
11.5893
4.95155
1.8106
5.26585
6.93242
6.29966
8.22018
12.9103
3.60213
0.858349
0.431621
2.87431
1.60206
8.01293
1.84939
3.41105
1.96207
2.52454
3.44152
3.96074
8.68028
0.843621
0.352639
9.86071
4.53813
6.06811
0.750125
5.84893
1.36231
9.08869
2.64042
1.09297
1.56419
1.83446
3.70402
5.80144
5.59819
4.60975
4.70763
1.53692
1.77419
5.41783
2.44427
8.0752
0.370074
3.87126
2.54434
3.73848
3.76506
4.73607
4.94433
2.55867
8.20425
6.49375
2.38485
1.67578
9.24319
2.09118
13.4658
1.5952
10.3227
1.78234
13.6826
5.13145
3.59883
3.26557
11.9633
0.635407
2.07213
4.48956
0.439375
1.7341
6.9364
3.5341
2.55904
2.74814
2.18182
1.46562
4.07439
2.11685
4.21214
6.69785
2.33266
6.3676
1.89097
3.97759
0.637532
2.8176
6.30147
1.66348
2.32681
3.78503
4.51955
8.27277
3.41554
4.2331
4.76691
1.85827
2.21968
6.14892
6.04724
3.65596
3.44053
0.207465
3.08988
4.26056
4.40617
10.0435
2.24422
1.91819
2.70015
5.70673
12.0956
1.52274
3.84991
2.46759
8.14152
6.99703
2.89446
3.9851
0.275405
3.47969
2.53236
6.37577
1.03154
2.54104
3.64638
1.20634
1.58468
0.420664
4.63145
1.92357
0.384661
5.35855
2.63451
1.73164
0.808014
3.49902
1.62935
1.92104
2.05995
1.06092
13.5789
3.3982
4.57979
2.75598
4.31763
0.918545
4.51847
1.57444
6.27991
3.10611
5.20486
5.02607
10.5506
1.41107
1.34428
0.44227
5.85647
1.94011
6.44441
11.8003
0.697708
7.40904
1.784
1.87682
8.10035
1.15258
2.94894
1.75972
2.47739
1.97783
5.31832
5.74929
1.3265
3.60747
2.19924
0.4954
9.76787
1.18469
0.490129
0.211812
4.65005
6.02232
1.10381
0.861673
1.31412
2.03844
8.02474
3.73928
5.54374
1.48796
4.64529
6.31688
1.0871
4.69268
3.50435
9.50933
1.67108
0.855363
6.33822
0.397349
5.24141
3.0063
1.77134
8.38011
3.04968
2.31562
3.29217
3.54538
0.910544
8.46837
3.71369
5.13644
4.13648
3.94844
1.1493
2.11476
7.05776
11.1048
5.60255
2.90883
3.44452
4.5806
3.78681
4.41615
2.26643
14.7338
2.38083
8.98874
3.73101
0.596381
6.68998
1.22022
3.94969
5.51853
6.59222
9.39702
1.68221
2.30023
1.56334
0.795221
11.4973
1.48345
8.41008
2.74659
0.98424
4.91782
0.472575
6.13876
8.36532
1.09416
3.05135
3.26027
4.9347
2.19194
1.35949
2.12679
2.57569
3.25112
4.14859
3.93536
1.44873
3.33454
3.4192
1.21006
1.19131
5.94122
0.601357
6.74134
1.8686
2.8768
3.07685
4.52946
6.08169
6.58343
3.00537
1.67161
6.28765
5.07226
0.443377
1.50172
2.99979
2.51452
1.85006
3.21603
2.43271
1.71918
4.75153
0.642585
4.46717
5.62913
3.17745
5.09542
2.02049
6.55918
4.07302
0.726663
0.155788
0.734703
1.33428
2.58501
6.03775
2.94384
5.63329
5.1247
5.39315
2.69299
5.57856
2.9863
0.931884
1.53079
1.29441
1.47373
2.77092
0.687336
2.88742
3.48536
8.35043
3.29729
2.29567
0.890972
5.01098
1.23592
4.33379
3.56904
1.38366
1.97859
6.54713
1.89905
4.02752
4.43778
3.56317
2.35368
1.15674
2.68565
0.654848
2.3873
1.13958
2.88293
2.78558
1.83953
2.25756
1.76935
3.45676
1.88212
0.780385
9.11604
3.63652
3.00732
4.67764
7.24839
4.13827
1.68857
3.51892
3.64517
3.05601
9.88584
4.32149
0.794185
6.99187
1.79891
4.03013
2.40654
2.34156
3.52117
5.6946
4.38964
3.74341
0.606271
1.15828
2.27034
5.51503
7.3438
2.53118
12.9619
1.07989
7.33577
4.66705
13.036
13.7877
2.25238
2.65199
4.56739
9.44175
7.86435
1.94726
4.93561
1.04649
0.581029
3.26668
2.85321
7.17335
6.68062
1.68004
1.34283
9.37201
1.49768
4.74655
6.79883
1.15138
1.87892
2.75472
4.58156
2.43258
4.68156
0.581847
0.439191
5.6451
2.4209
1.98606
2.44837
6.47513
0.929914
3.83274
0.431201
3.47827
3.31706
1.32348
13.1889
0.515241
6.20834
1.2742
3.18911
3.00519
1.71148
1.44086
4.95253
9.98552
2.57035
12.7506
1.92462
3.74968
2.63553
0.503059
0.873774
2.29535
6.91155
5.63025
4.39623
4.77685
5.52724
1.63714
3.62073
6.16837
2.53712
2.46024
0.607533
5.17485
5.41522
0.657276
3.87494
7.13701
1.2249
0.583466
1.546
1.25154
3.45173
5.35577
3.4165
1.00792
1.90538
2.25581
2.7963
1.49375
8.04802
7.08261
2.10434
4.44888
3.22079
9.73829
1.70619
3.15843
2.57613
4.24722
4.52244
2.32377
5.79624
2.31046
1.52553
3.5491
5.57019
3.14877
1.22782
2.52766
5.77313
3.69431
3.07149
1.06399
1.67254
1.58542
3.72282
1.31359
8.46301
1.35493
2.35203
1.78521
1.19358
7.95488
5.86168
2.25531
5.35426
2.90918
3.59198
0.812423
0.596185
1.08884
5.03235
2.52157
5.80042
3.52203
0.708418
1.00845
1.91838
1.02286
5.66148
6.85769
6.73249
3.22733
0.945019
7.01274
3.79405
5.94923
10.1685
14.5148
6.04763
1.46028
0.446269
1.14193
1.30898
2.53043
2.04624
4.7882
6.60232
3.37809
2.80679
5.55381
4.43844
4.88128
2.91667
0.434428
0.926626
2.88795
3.57162
3.73107
1.07527
3.19842
3.25962
2.16784
2.61585
1.22047
3.11026
2.94716
1.60814
3.03623
7.84675
1.97374
8.65738
1.71869
4.64695
4.09043
2.49201
3.58953
1.65851
0.672257
3.87447
3.64031
5.58435
6.52133
12.2866
7.46996
8.25569
6.58498
2.74696
3.29788
7.57172
9.38461
5.53132
1.11649
0.883979
1.09593
2.29071
8.19215
6.19047
6.1204
1.25231
2.56563
0.728519
4.84499
3.02523
1.56722
6.09205
4.81855
9.81066
3.68337
3.40382
6.07863
2.9261
2.98973
2.53593
3.12183
2.01378
3.27799
0.665083
2.17396
1.94981
2.66246
0.800738
0.890544
2.35453
4.57837
0.732928
4.8655
8.66514
3.35707
2.16888
2.34773
6.94039
10.9703
8.37088
1.114
6.63787
2.55748
2.47061
4.98064
2.71395
1.7342
1.83818
3.89496
1.20772
0.596217
3.7395
1.53915
9.97033
3.51454
5.00151
0.357834
5.29319
3.04807
5.74897
9.54149
2.79364
1.44397
4.38771
2.85687
4.04912
0.576537
4.96211
5.47798
2.10028
1.0281
2.49248
9.42677
4.79871
5.05599
0.958587
2.87519
3.65894
1.23403
2.82307
0.250231
5.67238
0.723291
11.9566
9.41313
6.99117
12.5737
3.71292
1.21581
2.59893
1.35639
3.69362
4.14501
3.41845
5.54712
5.70404
3.36701
3.92002
3.27428
1.35366
7.97315
3.64927
4.35718
8.74919
2.78644
0.952574
1.6428
1.5694
9.97565
5.601
6.98403
1.52161
1.98916
1.07018
0.393833
3.08677
2.09435
11.8722
2.00232
4.80777
0.791828
2.39839
6.21665
1.58852
0.93384
5.35008
3.31441
1.11627
2.40785
3.01054
5.57828
3.65325
2.61091
2.1377
6.4885
9.50165
3.44309
1.74076
1.63589
2.13695
5.07166
4.58376
3.57333
2.78579
3.29019
1.09269
1.76843
0.825291
5.85517
1.12936
13.4202
4.32569
1.05165
1.71619
2.54786
14.6141
4.10789
0.868033
1.59845
1.41527
2.1362
5.0429
3.243
4.36138
10.8065
3.52448
6.41191
8.62224
1.55783
2.0794
1.40663
9.05551
3.85472
7.95517
4.46833
4.34619
2.47668
9.10057
1.04249
1.31017
1.72801
2.33027
1.20695
2.66851
2.01871
8.27966
3.17354
1.044
0.572393
6.63225
0.828702
6.98869
2.05022
5.80271
7.50275
6.19164
9.66832
3.75219
5.85605
0.587594
8.13261
1.65285
4.48549
1.8164
3.92366
1.99689
3.64082
2.56906
10.0851
1.31962
6.39606
2.06975
2.2245
7.79041
2.97432
2.50967
13.5642
6.65183
2.11981
1.472
2.63342
4.70127
5.86304
1.14344
6.50701
8.18577
5.93709
2.90545
3.91249
11.3093
2.79325
3.68254
3.92377
4.21533
1.66281
2.79274
4.02005
5.9701
10.7793
3.55301
5.96909
0.264023
12.5262
2.67921
1.55205
2.70041
1.45312
2.25859
4.65225
6.38597
13.5669
2.89531
2.66589
10.828
1.1139
3.39323
1.21029
3.34664
0.489125
3.12269
4.18272
2.56573
1.59834
1.48983
2.56301
6.09371
0.738926
1.76862
6.29272
4.75588
1.46238
2.82161
1.26058
7.28998
4.48887
0.86538
9.27662
2.80101
1.89584
3.90002
3.09853
2.41871
1.63999
2.368
3.86358
4.9449
8.52287
3.53886
2.8186
0.473145
2.98176
3.55061
4.44406
2.85719
1.38043
2.00594
0.501119
7.35606
1.014
0.926688
1.83457
0.852016
4.15816
1.57523
1.38287
3.68083
5.32993
1.69695
0.229035
0.615655
4.22365
1.31524
9.19697
4.2425
1.17847
0.61047
9.76934
2.89014
2.70317
1.76573
2.11594
14.8715
7.93235
1.69695
5.26035
6.99489
4.17127
2.53992
5.1723
0.6033
0.913253
5.71356
2.92481
1.89535
3.46471
2.47443
2.98233
3.32496
1.18152
2.98874
1.61911
4.42372
2.85956
3.14788
4.92679
2.76117
6.11971
2.55955
6.36087
2.78251
5.45068
4.84155
0.264944
1.78743
2.94303
6.383
2.08199
4.78162
1.46255
3.05125
9.74295
10.865
6.13964
1.58148
1.12017
2.01433
7.80286
1.04738
3.60696
1.57662
1.19723
1.0621
6.67095
5.57986
1.37578
2.69591
7.42037
3.31402
1.58802
1.20397
1.28856
1.74809
5.086
9.92436
3.01302
0.892245
1.50804
6.59473
10.7708
4.89974
4.15782
1.31329
8.59546
4.18222
1.50799
1.53655
4.26101
2.98017
11.5101
2.63898
7.7768
1.8374
0.602583
3.30042
12.3014
0.66569
1.45833
1.25978
11.5685
7.83965
4.34712
2.087
4.43323
5.0872
2.17529
8.05739
3.2246
11.1703
1.81215
3.26419
2.73037
3.61657
5.45916
4.36211
1.01887
4.20599
0.366977
4.33018
4.28472
12.2049
1.56435
2.78451
6.83761
2.00848
15.5139
10.8305
3.66396
9.55854
3.98118
5.35889
2.12588
9.42485
6.27401
9.90105
6.76538
2.98648
3.62245
2.85524
2.01843
3.42565
2.39772
3.3451
1.26927
6.2176
5.1781
0.681503
2.85162
5.48375
3.8123
5.58377
1.08442
1.50239
3.84901
5.20215
4.79844
1.62955
2.15023
1.86533
8.2221
8.16264
3.87344
3.12242
4.33895
2.13154
1.7613
1.64439
4.77955
1.87286
0.593057
1.40326
0.270972
0.459223
4.27085
2.11552
3.89276
0.575422
1.10561
3.54772
3.65082
0.594753
7.41888
3.00228
0.535713
2.19296
9.01682
0.63491
0.68084
6.98945
0.383737
2.37986
2.29381
4.24826
12.1333
3.37163
1.77863
7.12084
5.60186
0.873579
0.504364
0.835996
1.62236
2.58812
2.29937
0.761586
1.09113
3.73096
2.96082
1.92942
1.057
8.64356
2.45563
15.0558
9.53026
11.4315
12.3051
2.7063
2.26858
4.41128
3.86892
0.991362
3.95268
8.28847
1.49918
3.46636
1.65457
5.47291
9.43485
1.05947
4.65366
2.62022
1.18792
0.83375
3.47014
3.7714
2.24085
4.32393
2.32443
2.81481
7.69405
1.78756
4.28138
1.87507
3.77966
2.3919
2.94683
1.6484
6.52272
10.4526
2.92988
1.69034
3.50754
1.60095
14.4927
3.30125
5.67652
2.19536
2.52431
5.04552
2.29891
3.18477
3.74582
3.24213
6.37653
1.5732
3.7796
9.21589
1.70793
3.6278
1.58325
9.80936
10.2172
1.6575
3.53851
2.49408
2.24359
2.99955
3.72888
2.84002
2.82637
1.54695
4.41302
3.67008
3.52334
1.59326
3.10606
5.27438
3.31682
0.541361
3.22587
4.4178
2.73959
6.0132
6.74768
5.83706
1.3897
4.82923
3.80415
1.12582
2.28373
1.04518
1.22206
5.13933
1.18437
9.53218
7.57563
3.11567
4.38235
10.1513
0.3294
2.20567
0.822388
5.93397
4.01157
3.7216
1.83156
2.69075
1.69883
2.05443
3.59904
14.4
0.398423
3.26585
5.25542
0.550751
2.31605
2.97033
4.86367
5.84629
2.68769
3.51855
1.91186
7.10399
7.60473
6.47166
0.542619
2.28159
4.61317
7.17309
6.6045
0.896531
1.04652
2.38694
2.40728
7.10304
4.83399
6.85662
1.80594
1.31218
4.55841
7.5937
2.26281
6.25499
3.07439
3.45994
3.42679
3.64064
2.63599
2.95559
1.42312
2.68759
5.67048
5.38098
5.7278
4.38906
3.47431
3.38054
1.90439
2.11926
1.42532
2.82651
4.73764
0.972745
3.7579
8.1681
8.3005
3.49313
1.34474
4.27317
2.53425
4.57764
2.3308
0.668415
2.95437
0.464608
14.392
7.16918
4.14489
2.25679
3.33409
1.60387
4.66342
7.67117
5.57121
2.42129
8.10728
3.37672
1.32447
4.51029
3.94316
3.47774
2.39655
4.38883
3.05935
2.85274
3.80135
6.24578
1.33522
6.00187
1.15767
1.0307
4.45363
2.56718
2.39174
1.27651
5.59299
8.58977
1.03369
3.85
2.53041
2.74773
2.07679
4.76114
2.96958
5.96563
12.2504
9.93206
3.13119
2.75607
1.20989
6.89868
4.31379
4.85108
5.19015
3.38111
0.476478
0.527417
0.827249
2.90527
2.09976
1.6601
5.70445
5.86336
2.92377
4.89524
1.6985
0.991704
7.06243
1.03881
8.19631
2.02513
0.744531
4.81056
3.54606
6.37342
1.53881
9.0384
2.65072
2.39926
3.23532
8.24255
4.9941
3.6337
1.47428
1.88433
4.07463
2.67678
1.79909
2.3688
2.23795
5.0369
8.91156
3.29041
6.33738
3.32158
7.88019
0.574873
4.21824
3.23473
2.7411
0.547165
1.73901
2.37998
0.372041
4.14636
6.60076
1.3209
2.61718
6.04995
1.58118
1.59428
3.09864
2.24679
1.78216
2.002
11.2972
2.26712
13.5551
3.02
1.45409
0.634629
0.415399
6.97258
1.88882
4.65837
3.93374
3.52392
6.21498
1.67514
1.77073
3.10807
8.35955
3.39663
2.54252
0.572412
0.666122
4.92707
4.17755
1.15673
4.03639
12.1319
2.91834
4.22025
4.82541
2.10271
4.84839
2.67526
3.98774
5.68285
3.05518
1.0702
0.768392
6.0861
2.0402
5.95606
2.96977
2.65533
3.43018
3.3826
0.700931
3.81478
3.11587
2.84108
4.40784
13.6096
5.99506
5.63377
6.97465
0.780837
1.33485
3.87821
13.9966
4.15085
4.75497
2.94948
3.09715
3.68462
7.02012
3.2511
1.82504
2.01625
11.9104
2.47157
3.06082
3.45789
3.95494
0.847458
0.389111
0.417547
2.84785
0.546315
5.86857
1.42599
2.82625
1.5363
1.97431
2.58316
4.75979
10.6373
1.00243
5.47299
2.41957
4.85293
10.2764
2.36647
2.81317
5.54316
3.59462
5.66179
0.496018
3.52207
3.97308
0.243358
0.78634
3.17151
2.38159
2.04185
2.80608
0.852472
4.20551
5.31169
5.02232
3.34734
2.27078
2.68688
3.93469
4.48733
2.32606
5.30645
5.03418
3.46126
2.95498
0.377926
9.48562
4.99137
10.8246
1.29315
0.3256
1.55583
3.92205
2.18502
3.16881
8.66456
2.1792
2.39118
4.03636
5.68744
3.14467
6.03361
1.42601
1.29702
3.36951
0.763299
7.47696
0.433028
1.21204
3.94292
1.4632
3.96622
1.54375
2.69186
1.35733
0.217726
5.31776
4.68318
10.6449
10.5651
11.5775
0.430551
2.04025
1.88665
4.66567
4.50106
1.76186
4.59137
0.26589
1.55612
3.08205
2.48463
1.86227
1.47158
0.438756
4.6943
2.89303
3.73964
2.06801
2.45132
3.1041
4.0538
4.92189
4.86988
5.72478
1.04161
2.83715
7.92422
2.2196
1.43685
1.79958
6.42273
2.99304
1.02353
1.06158
3.98931
11.9258
13.7914
3.1574
8.70964
1.74105
1.65279
1.08434
1.16698
1.3722
5.15981
1.90274
0.296602
1.18276
4.24806
3.89491
6.57925
1.47458
0.888243
1.77855
5.51076
3.07853
4.034
3.56709
5.0442
1.1485
1.52164
1.41516
1.2678
0.544961
2.02621
1.91284
3.07951
5.00861
1.44041
5.05017
8.00169
0.969126
7.52832
12.3223
4.82755
1.41408
4.10575
4.47042
0.824823
3.60431
8.46156
2.96914
2.62906
1.81453
0.355799
4.58064
11.5818
3.19089
1.90536
3.88866
1.85751
5.90539
14.1395
3.78472
1.9481
4.56454
3.20004
6.07024
1.67168
9.11804
0.991946
1.58308
5.23441
4.85583
5.09807
4.49436
5.96205
10.165
3.77432
2.63223
2.64042
0.460668
7.84439
3.30752
8.42761
3.83528
5.28643
2.41321
3.55595
0.5344
1.20915
1.88509
2.32891
6.4396
7.15953
1.27463
0.902665
4.07011
3.32276
3.24478
3.29433
2.84969
8.00977
2.92818
4.38127
1.0589
0.806552
1.90603
4.0646
4.24493
3.76656
5.80204
2.56459
1.14678
3.93053
0.255838
3.15031
6.96872
4.41345
1.29175
7.76094
0.310421
4.23991
0.728117
2.3576
1.61109
4.4077
1.29619
2.72375
1.11887
7.61478
4.36344
3.04904
4.42144
1.92695
2.48112
3.54857
0.715856
3.06933
10.0818
4.0615
1.65033
2.47853
10.7311
1.89211
2.47503
1.23541
1.35124
3.0833
4.00739
0.860121
2.86909
5.1591
3.03949
4.88653
2.51624
3.13458
2.18062
5.57162
5.02196
2.3305
2.28771
1.09782
5.66786
3.63213
0.840472
5.78823
4.1371
3.27331
1.89264
9.19663
4.52122
4.18875
4.05745
0.103855
1.2912
4.07489
1.52024
5.1843
3.7199
2.40705
3.66002
3.01273
1.75435
6.73985
5.40497
3.75326
4.75074
3.13348
2.40494
7.27161
2.0208
2.24036
1.413
2.65877
3.94758
6.12056
2.6525
2.20385
3.45066
4.74769
15.0422
1.47055
3.97452
5.78565
1.43571
4.60937
7.2138
2.3205
2.03597
8.05546
7.19026
4.80259
8.51028
4.16433
6.51695
2.91492
5.7908
1.22316
2.88564
6.37318
3.48234
1.48742
2.07469
6.0408
2.67535
1.82025
2.65787
4.28906
0.943686
9.90381
4.34352
3.63916
3.55829
6.31127
1.80818
0.377947
5.04836
2.84917
4.00387
2.08396
6.97137
11.5684
1.2378
0.97415
7.75155
4.43659
5.0321
8.29242
9.79508
7.98089
2.17521
7.3215
10.3288
6.7181
7.061
4.50162
2.32105
1.50132
9.65798
7.18139
5.14863
2.34643
1.85161
7.4018
4.23491
3.41086
8.7995
4.11065
1.3046
1.49288
2.69949
2.64073
9.30245
4.25972
4.14255
2.93773
3.69174
1.4206
10.5392
7.01005
1.35498
3.28157
2.90129
0.728839
3.57836
4.08397
4.14371
4.82686
0.851835
0.783306
3.33607
4.58846
4.23158
4.48352
2.15205
5.69568
1.91882
2.60727
2.20794
1.92589
0.644795
2.31869
4.64478
2.35701
2.62669
3.67116
1.89304
3.74103
1.17531
0.946627
7.84139
2.77853
2.81757
0.581528
5.06988
0.867198
2.39331
1.97515
4.02601
3.03383
1.36316
4.843
8.19353
3.68944
3.13701
4.50553
9.7963
1.83388
4.35798
12.5326
4.175
2.08199
3.17508
6.66214
8.20559
2.97327
1.64635
3.17346
6.43255
2.40549
6.98664
1.83462
3.65081
3.9304
3.83251
5.7993
2.69272
4.96014
0.381063
4.66316
4.41593
1.77425
3.71624
7.41557
1.44646
0.685465
5.80279
6.84076
3.54999
1.22462
3.83983
10.9038
1.3099
1.15008
3.16171
8.65322
3.68611
10.8382
6.8501
6.40458
2.88168
4.40025
0.682764
3.66833
0.456226
1.3455
3.43644
1.46044
4.02904
2.68182
3.72516
9.50806
10.3439
9.54198
6.91685
2.24783
6.6368
1.76699
1.05721
0.403164
2.55873
2.94902
1.3148
1.66988
4.88409
0.668479
1.99453
4.0907
1.47791
8.95394
6.44286
2.41152
7.87409
2.80223
2.3537
2.81368
4.75328
3.41404
1.26303
0.506213
1.35191
2.25475
1.90068
9.26348
0.631033
3.01862
1.65845
1.67315
0.61996
4.50037
1.2544
10.13
1.27486
3.63113
2.78434
0.8131
6.18775
10.2395
2.42375
4.44014
5.66467
1.9945
5.07087
3.91587
14.15
5.83089
5.98179
3.84019
1.00506
3.14359
1.35452
1.40785
10.6148
0.987166
5.55281
2.36963
4.62032
0.679995
5.29894
2.44095
1.00997
6.98303
3.25963
2.067
2.83223
0.444678
2.77534
1.80229
4.10155
4.13624
2.57666
1.38248
1.34836
2.41334
1.9121
1.70845
14.2516
3.97363
0.710418
5.22497
1.57023
6.34161
5.05314
3.04041
2.76499
5.64706
3.01316
2.478
2.19567
6.26324
0.931856
3.1751
7.99256
0.894647
4.63259
0.708459
3.35987
2.5961
3.39598
1.51463
3.75151
5.834
3.98877
2.05803
1.96397
3.0181
5.08986
2.7832
6.30217
3.87239
8.5163
2.87506
2.10031
2.58906
2.81477
10.0926
6.8798
7.6953
3.93247
9.79546
3.06135
3.4353
1.20399
2.51895
1.01448
2.4232
3.29945
0.489434
6.30152
1.77136
1.51549
4.45384
4.06331
2.19047
1.31931
8.82191
3.29729
2.83285
2.04491
0.824134
2.11454
4.85595
1.6709
3.60259
1.20515
1.31457
0.576605
4.40226
4.6303
3.97361
3.94955
6.88415
2.22198
1.7527
4.77877
2.72328
3.18874
2.62673
1.90965
2.31733
5.67532
2.20842
2.23404
0.715794
3.6917
11.4732
3.91746
5.06743
6.15367
1.38684
3.76897
5.05627
2.89588
2.33593
4.94299
10.2331
1.76491
1.73079
1.99766
10.3704
1.62385
6.63922
4.14863
4.91802
1.22706
10.021
4.77333
3.91459
1.76278
6.22265
2.70757
3.94524
5.41172
2.09267
5.10203
3.81025
2.657
2.02802
3.62257
2.91973
4.64369
2.5264
2.21938
2.13371
11.987
7.40426
9.04636
1.96464
2.02787
2.07634
0.598999
1.35201
6.00722
4.05935
11.1663
3.12916
3.94121
0.460386
2.71211
10.1763
1.68693
4.87497
3.84582
5.8733
4.41395
2.67185
2.06668
7.50844
4.16248
0.715257
3.62701
3.43618
3.58202
1.17547
13.5876
2.31514
8.24924
9.0578
3.16801
2.09442
1.97512
4.70271
1.56378
3.77914
2.10162
0.810613
8.1392
4.29568
3.77609
2.7788
5.38957
5.0677
1.81132
2.24015
0.26745
11.2078
1.85182
2.16355
0.760265
1.59901
1.72953
6.21442
8.2086
3.17546
4.03304
1.25892
6.09582
0.666715
5.47771
3.19593
1.84598
8.09853
0.766083
1.391
1.27327
1.86924
2.11754
2.74083
4.51897
2.39723
1.49723
7.8252
1.68057
3.18112
1.20228
14.2919
1.84638
3.75872
2.42311
2.92687
3.27831
5.21008
2.78429
5.09059
9.20783
0.451985
2.68829
3.68498
1.49385
2.63709
7.93507
2.84106
3.00682
2.11789
5.31736
3.15497
1.34805
1.70222
2.43574
10.6337
0.653906
1.52357
7.27454
3.45364
7.12413
13.4052
3.92086
2.83595
0.74823
0.656131
0.730558
2.91202
3.03896
3.02817
0.931854
0.391371
7.86206
1.05943
1.95589
1.62827
2.37986
3.21948
2.17849
4.91609
9.08513
0.894258
1.61988
2.37564
3.36452
5.21959
1.50163
8.03924
1.00962
1.17795
3.73345
4.78518
0.809824
4.87805
1.10619
2.32664
1.02293
2.27577
11.1255
0.940705
2.64024
6.77183
1.85924
1.76967
2.07688
7.19599
2.77864
2.28122
1.7547
11.0332
1.28644
3.35985
7.14042
9.26468
5.65051
2.89788
0.279874
0.771521
4.99171
2.32711
2.47631
3.18054
4.81111
1.06606
11.2194
8.13353
7.97142
1.5428
2.9247
4.56852
2.6439
1.24285
3.98528
4.79681
0.835749
0.503464
2.40714
1.23846
4.67525
4.05123
1.96318
1.29527
3.68509
2.83294
8.75692
2.47104
1.74104
5.57168
3.65381
0.943043
3.64803
2.94541
0.136092
3.82583
1.95245
5.44019
0.931242
4.83438
2.93753
6.20111
3.87993
5.57079
0.565251
2.25683
0.300645
1.58501
2.86543
0.803379
5.086
2.35594
3.0843
2.54786
0.893543
0.835108
1.80519
5.55803
3.09954
1.8173
0.94438
1.66481
2.29295
0.66922
4.66709
8.50212
6.75515
3.29681
2.32786
4.48454
2.02075
2.77345
3.27145
1.89453
3.13893
5.00897
8.7269
2.39161
5.62245
8.79133
7.36187
0.963495
6.04546
0.409753
5.57676
1.28162
3.89515
3.86894
3.27157
1.86185
0.700631
2.16764
2.75336
3.60636
3.02701
1.0846
2.37497
2.18299
3.13155
2.10301
1.06312
7.42908
5.37532
5.68481
1.06015
1.45726
5.42891
1.88306
0.962857
2.65232
3.36654
0.884891
1.47688
6.98305
2.97766
1.92936
0.728503
7.54891
0.683009
9.52461
2.5263
3.12919
2.25496
7.184
0.842642
2.64859
0.232499
0.207431
7.53138
0.743604
1.94951
1.80276
1.53803
10.5256
3.04066
5.03066
6.21808
3.15119
1.15941
0.488404
4.78062
1.47608
1.79223
2.62985
7.70328
1.06371
3.59241
3.09571
6.56135
3.01918
4.47545
1.03897
2.25343
3.73378
5.65916
10.5352
0.81707
5.87483
8.70474
6.14377
1.3308
3.37157
1.85249
1.26705
1.6414
2.87038
7.59377
3.27242
1.77922
3.53121
5.9302
2.46742
6.10579
1.30217
3.18171
1.4659
4.33517
14.8026
4.05735
1.8556
5.80508
3.59268
5.23511
3.35202
5.87139
7.84905
0.396278
6.89295
1.65016
4.6732
6.00363
2.04861
1.26464
2.21294
2.45672
11.627
3.55822
5.35939
3.46231
7.62174
6.95824
4.03442
5.73493
0.972979
0.690209
0.970461
5.64464
0.949778
2.69614
8.96045
1.90958
1.03142
3.70309
1.85855
1.41234
5.04394
7.7907
4.68235
2.10041
0.887395
3.40328
4.66196
2.39588
4.0673
2.80989
14.3317
1.00481
9.39132
1.92198
4.09383
1.11146
13.8093
3.58394
6.73783
0.905648
0.350535
2.51646
1.99217
2.41585
1.82558
0.53437
0.986338
3.052
1.98243
8.50894
0.598608
3.177
9.40547
3.76855
1.22848
2.61532
1.24474
1.09843
1.76681
4.62539
10.7716
1.11037
8.58794
1.05568
1.89411
3.21434
6.07978
1.85437
1.24878
6.12506
9.65967
3.24252
4.30782
2.68989
3.48697
1.5811
3.85381
3.69368
7.6462
1.01792
5.66977
6.92777
6.2291
1.50856
0.808971
1.65959
10.7808
1.16809
4.3846
1.05611
1.30575
2.77621
0.763504
3.65252
3.46491
2.4956
6.17397
2.65654
0.659337
3.81128
2.28068
8.55712
7.80829
1.70386
1.57074
5.98181
5.59928
6.05261
0.523855
11.2901
1.44673
7.11611
0.460454
0.859819
3.03524
1.65335
3.62521
4.05055
6.25953
2.62316
5.6062
6.53838
4.73811
2.35235
3.96206
2.39505
1.99586
8.13594
1.04569
2.13118
9.7629
2.17638
1.78141
3.47765
2.5389
2.26025
0.695365
2.08222
1.15551
2.17913
5.07544
1.51395
1.14545
3.17787
0.494487
1.46813
3.40004
2.43615
3.24194
2.08836
5.5191
2.23649
1.58864
4.70126
4.57992
2.72625
3.09941
5.71674
3.28012
1.00874
0.348847
2.53256
0.541308
2.61238
2.9506
1.84015
2.77703
1.76982
1.75823
1.38847
5.01301
1.2629
5.24662
2.8056
2.40457
5.11721
2.76053
7.04712
4.30685
3.59476
1.30847
2.33623
14.9761
0.835127
4.88674
8.55356
1.96184
7.99267
8.70024
8.56997
2.71499
7.45327
1.54095
2.8082
2.30602
4.80268
7.06953
1.88743
3.73993
1.80988
3.20237
2.24771
1.05646
4.09011
1.51661
3.20876
0.511534
14.7777
1.93716
5.50254
9.92685
1.39815
2.32484
10.3786
6.70759
3.15189
1.85331
1.73816
1.18988
6.34265
5.5047
3.628
3.82189
3.16172
14.6259
2.989
0.759389
1.54671
1.79649
1.9117
1.13368
8.75385
14.2404
0.76001
9.56406
1.76842
13.381
3.32612
2.72845
6.00191
0.976056
6.6245
2.03361
3.45673
10.2152
5.51555
1.37481
7.25711
5.03804
6.11197
8.59191
2.16359
10.4902
6.32807
4.66797
6.21516
7.31919
0.794739
3.60494
0.657063
1.64817
4.5489
0.825003
4.27305
0.7586
1.40959
5.92892
3.1219
5.17379
2.88032
2.50127
2.98185
11.3335
2.79219
3.70844
1.7996
5.81549
7.09744
2.55664
7.17617
5.52078
2.97462
1.52725
1.57214
8.28722
1.69348
5.4604
1.67534
4.0245
3.31614
0.892779
10.0723
3.00363
13.0817
1.4107
3.01828
0.640181
3.9141
5.82586
3.28823
3.56893
3.34695
4.24073
8.79817
4.58244
3.60547
2.1801
1.65951
3.28846
6.04134
2.28277
6.46911
2.39
10.3774
4.61734
5.16022
7.6108
1.9678
2.01421
5.7333
2.05047
0.582344
4.37024
0.967227
2.79217
1.11671
8.00182
3.9938
3.5095
5.04426
4.44539
1.98965
11.237
5.86267
4.61519
0.862872
0.477102
1.27692
1.97978
2.95811
5.46131
5.83001
11.9943
3.19152
4.77828
6.24781
1.51715
10.1132
2.66636
3.87252
7.75937
2.2402
3.46011
7.27585
1.31529
3.75121
5.12457
3.59648
2.01511
6.94565
4.61215
3.59654
1.27894
3.23135
2.10097
0.837504
3.41938
1.29986
2.39707
2.55975
0.315871
0.86501
8.18515
0.900983
1.08148
4.21333
1.66747
0.382597
3.12684
2.78871
3.93162
6.63008
1.31437
0.930201
1.12928
2.58027
2.10125
6.47392
3.19195
2.94763
3.54458
0.769921
4.9462
2.33363
2.45845
2.15828
2.9685
1.50779
0.622591
1.36233
1.818
1.45183
5.13981
0.627566
2.04203
6.92934
1.3873
1.65563
5.74573
4.44051
7.37596
5.38484
3.13177
5.57535
3.60712
0.60516
0.148957
1.81841
6.14049
0.781645
5.61285
1.88657
10.1326
5.27464
4.81728
4.77545
1.7268
1.86126
6.36457
1.31429
1.07599
10.1661
2.63562
8.43314
0.987646
2.32647
2.44004
1.83392
4.52924
9.6712
6.86853
3.51513
5.39766
3.80342
2.67006
3.18969
2.31417
12.8231
1.3772
7.17459
4.66113
2.07482
2.93518
4.88825
12.7989
7.74055
1.2672
4.92791
1.86865
2.66488
5.24536
5.3121
4.63363
2.17578
2.57964
8.86357
1.43574
3.75958
3.34522
1.20699
5.84096
2.91571
3.13326
1.46973
2.34045
0.450728
2.48265
4.36636
4.06215
2.93423
3.68117
1.40852
4.72084
1.97117
1.9638
4.74708
6.26762
4.99986
2.84281
1.2047
0.958455
0.47496
3.74982
2.90963
0.719932
8.62953
2.31939
2.7504
3.38254
2.35611
0.943765
1.80146
2.01589
6.26847
2.71364
1.78036
5.6216
5.76156
2.64797
3.51447
2.61426
1.35366
5.42143
3.61102
0.631514
6.74409
9.75162
3.32009
2.52675
1.1515
3.88931
0.397724
2.35527
0.753308
1.34297
5.13691
2.7691
0.777712
4.04357
5.59798
1.46355
2.28484
1.81349
3.94371
0.818819
4.00171
2.93975
6.05529
2.62094
1.66592
1.32252
1.06649
0.49776
2.30565
4.65399
2.85158
1.28578
1.02833
1.19798
1.90493
1.19484
7.40378
1.29029
2.6827
4.95055
6.85968
2.53201
4.72942
0.641961
0.24427
4.04401
4.05105
1.50979
0.532073
6.09884
2.04503
1.5687
2.40808
2.57786
2.46435
2.59751
4.1285
6.55674
11.8134
0.643531
4.46147
3.71116
3.91694
2.14852
2.92202
2.0941
2.91303
2.69201
4.05825
4.61318
9.14495
3.68333
2.56259
12.0527
2.25991
14.0323
11.4233
0.314541
9.67215
2.31813
2.71868
4.47215
5.77039
4.19874
3.74265
0.954852
12.4771
4.0082
2.6169
0.650282
0.740915
2.22463
3.2548
10.3923
10.881
3.87455
4.1746
3.51492
4.61424
13.2754
2.20882
2.20192
1.38007
4.03977
0.781915
3.31098
1.71158
1.35489
0.631182
1.89539
2.47366
12.9687
5.04252
0.17045
3.67445
0.914027
14.6467
3.86836
0.882765
2.74398
0.980801
6.95752
4.57176
3.18395
0.777026
3.00372
2.04825
4.97228
7.74976
3.68323
1.23917
2.00465
2.7531
1.36658
2.9952
0.777446
3.90017
1.813
3.54365
0.310916
0.394007
3.21017
0.589048
4.75948
7.72602
7.69904
1.90345
8.36076
8.40184
9.69924
2.93552
2.27124
1.61325
2.37371
4.05693
4.12781
2.14026
5.65648
3.5451
1.7482
2.05942
3.52621
4.79802
13.3872
6.29062
7.46701
8.28057
5.31206
0.490288
0.731579
4.33385
3.46911
2.99963
2.61155
5.48655
3.60648
2.33965
0.394215
2.51858
5.53577
4.11676
2.73148
9.04866
9.30615
2.91584
8.75849
3.60336
5.87081
3.32848
5.96015
8.20413
14.4579
3.62629
2.91725
4.7726
1.80299
2.27712
0.507439
8.26786
3.97252
1.60121
3.88521
4.77894
6.22322
8.96304
4.30269
10.9994
1.60996
2.23041
1.1017
1.4596
0.260817
6.09886
7.83205
1.76826
10.7721
0.851784
1.12079
4.58659
10.3091
1.30948
0.853631
2.06857
2.71171
5.82635
5.38763
6.82885
2.52062
2.03756
6.68652
6.83665
8.37287
5.818
4.02136
2.64474
3.12783
2.95789
5.08788
2.73443
3.50264
1.12451
7.46635
5.14563
1.58912
0.721413
3.55823
1.37465
1.02697
1.01593
2.83269
6.65192
1.69136
4.0009
5.52931
1.23983
3.61864
0.67888
1.41107
1.98459
3.09375
7.02843
2.23255
0.34167
5.01254
3.0301
2.96392
5.16566
3.82998
2.45528
4.51874
2.17176
0.79136
1.35432
2.16572
9.71818
4.78335
4.19806
5.34725
8.41724
5.71786
4.52436
3.32324
8.04328
0.258615
2.35241
0.66381
1.63262
11.2141
1.00143
3.69956
1.11084
3.70142
3.701
4.39401
7.03268
4.80153
4.88874
1.33241
2.71279
0.944697
4.96671
4.01168
0.584658
4.46481
10.7907
12.9287
3.54294
7.09863
13.8171
3.94055
6.27342
3.55461
6.20261
2.23693
5.49406
2.23684
0.859445
8.35202
4.55385
0.450312
4.00846
4.35187
4.2916
4.32733
1.52647
2.75152
0.796556
2.4887
3.61845
4.336
3.36071
8.07373
12.7125
2.64019
4.27964
7.22882
5.52693
2.13817
1.49836
5.70714
4.5342
3.54997
6.12834
1.18661
11.9351
1.83829
1.81267
2.24425
3.07217
5.43531
1.91982
1.9207
6.19596
1.73791
4.6406
1.63237
0.654683
2.74364
1.70545
4.61222
14.861
3.96228
1.09193
8.33178
4.14344
1.41894
6.26374
12.4011
2.39669
0.925498
4.29964
0.565549
7.61112
0.631661
4.55424
3.14736
2.95807
1.27913
1.93213
3.03159
4.5786
1.4845
3.586
4.02736
1.05028
2.93906
1.30701
1.97934
1.86773
2.73636
1.63494
3.18215
3.59108
0.632717
4.8873
1.3382
6.01504
7.95352
0.482899
2.47933
2.76593
0.0328891
1.62522
1.95083
9.59377
3.65104
1.24714
1.78492
3.91223
3.00738
0.320288
5.20143
3.23174
4.89081
3.92513
0.528116
1.32334
2.07929
6.15596
3.97078
0.226807
5.2465
5.1437
6.0456
3.08364
3.15716
3.89478
2.56317
1.84803
3.32768
1.07472
3.01854
3.64352
4.86099
1.23535
1.60382
0.378902
4.37603
1.21119
2.70658
0.321179
3.63655
1.2182
1.66691
3.25992
0.764606
1.69675
9.58514
2.48022
5.27838
1.36654
2.54521
5.43924
3.63711
2.88932
6.24372
2.28558
0.806475
13.9972
1.87472
3.38805
8.45749
5.0135
4.19505
1.74055
6.46245
1.62462
0.700431
7.40688
1.35978
1.14211
1.35225
4.78682
4.57309
1.35224
2.25947
7.92626
3.55409
0.483845
2.45079
1.97913
0.633811
10.5364
9.1129
4.36302
0.479945
1.82887
8.90641
3.14206
4.45691
5.96148
3.80584
2.32904
9.94126
5.14558
2.76946
10.2988
1.19237
3.36055
1.66281
2.76378
2.62027
2.89026
1.5711
2.26481
5.80147
3.95102
2.23145
4.72964
0.848291
0.786781
3.90302
3.81403
11.9492
1.29514
0.378706
2.36288
0.95361
3.25997
4.26687
3.87535
6.94066
2.91242
4.07343
2.71642
3.90002
2.42526
3.47517
5.5341
0.557683
3.45856
1.51629
1.59505
12.1562
2.10949
3.02164
1.34301
0.946651
4.07113
4.33455
1.54009
6.29826
2.3766
1.99493
10.3171
4.0635
3.27476
12.2477
2.36022
3.03859
1.05646
1.61221
3.62156
9.17734
0.992347
11.9156
3.00294
1.33697
1.08508
2.99831
2.4162
0.993253
0.841149
3.62032
7.04769
1.96701
2.74463
0.517974
5.85121
5.33352
2.05475
3.06156
5.52847
7.15566
1.44766
4.1684
2.25024
2.26266
1.49208
2.05252
1.96968
0.735468
3.43678
8.08614
0.276877
3.188
6.66763
1.30791
13.3824
7.17822
0.439826
7.12339
7.69885
0.969498
2.04562
0.561902
2.01177
1.31225
10.0959
5.30465
2.50991
3.26786
8.56354
5.55166
2.69419
1.70036
0.728967
1.19064
3.82499
3.1649
0.588396
3.70221
1.47458
8.79318
1.75403
8.52201
2.90389
11.7032
3.33989
1.49045
1.65449
7.48066
1.38491
11.7584
3.34356
10.7956
2.42442
3.86258
4.57316
8.51876
2.01317
1.40245
11.7759
5.43867
11.1529
0.569564
5.91582
2.49305
4.57541
7.52625
1.24718
9.43206
4.07726
2.86701
0.476857
2.22072
0.621244
5.36497
4.7794
0.781285
0.688353
3.83625
4.45375
7.09994
8.49495
0.536191
7.23756
9.3523
3.38025
7.18869
6.90323
5.76379
7.96507
1.82214
2.4771
2.97907
4.83005
5.55712
2.21524
2.58897
3.86336
5.75465
4.6081
3.56064
2.936
4.56285
0.87202
3.99585
7.84138
1.55337
2.68769
4.15784
7.56422
5.12562
3.5087
4.92696
2.29316
1.49036
6.81339
3.18207
3.13263
10.9862
5.80608
4.27187
3.6944
0.720341
1.91155
3.17469
9.99692
2.74733
4.9885
1.52745
3.75831
0.728102
6.61833
1.57893
9.47562
2.75137
4.56958
4.1564
1.32701
4.43097
11.9467
5.57981
3.40466
3.34313
8.04786
5.57556
2.53637
2.86531
4.0654
10.1027
0.380816
0.825378
5.31718
2.16734
1.25179
5.89379
4.92763
5.64466
8.21614
4.89244
3.89521
1.91879
2.02117
1.11511
4.01389
3.87936
6.43424
1.48629
1.87756
2.58958
3.59526
0.769091
5.15428
3.57676
3.90039
10.1049
1.30149
0.379773
2.45358
5.28294
2.42632
4.10531
10.6645
3.90727
7.09214
1.32025
1.62526
4.69495
5.29654
2.51344
1.41686
10.534
1.90887
4.20715
8.13938
2.29291
3.41344
1.57309
1.48678
6.50287
6.20992
2.04867
12.6105
5.43029
1.99498
2.22163
1.77354
8.32364
0.758135
6.34069
3.0539
3.79859
2.8595
1.76921
7.03406
4.28607
3.21091
5.35363
4.42142
4.03143
3.60188
3.49138
4.42744
1.68758
5.04377
2.73774
2.48697
7.75482
1.85724
9.12246
5.8226
7.34635
6.45357
3.74151
5.82378
3.78554
7.73046
2.03281
2.52253
6.83768
10.9539
1.52195
2.25787
9.64064
8.21049
4.0989
3.43118
4.95082
1.35831
4.02434
3.12076
2.49038
5.33121
0.573346
3.31513
7.95759
4.48018
2.69712
5.38461
1.71068
4.27503
4.35773
1.4716
0.68695
2.18876
1.66879
1.15674
2.58382
1.64792
2.11289
3.41681
0.813729
5.25591
4.18384
3.79449
6.58997
1.02931
1.40254
2.28897
7.90208
2.78228
1.64804
3.96801
4.3986
4.49905
4.22942
1.13269
3.42587
2.1181
2.98872
3.5613
1.01401
2.00268
3.19096
7.51787
6.00821
0.175049
1.31418
4.05285
0.635077
0.231412
4.63705
6.53194
2.29168
0.192094
0.33445
11.1192
0.992882
2.54967
7.51495
1.50404
3.81429
6.32198
3.5237
3.81714
2.04954
2.52159
3.12854
11.1357
2.24141
1.52926
4.99537
5.6192
1.2506
0.872579
0.790752
6.39658
0.50554
9.5436
1.27862
0.398371
1.24361
3.56692
3.52457
1.3228
4.22447
2.59824
1.30254
5.68806
2.25099
7.39943
4.15596
8.29695
2.79856
7.54156
1.05618
1.88712
4.79377
1.88513
4.07829
2.98165
10.704
3.12074
4.48328
4.13408
2.47302
7.0097
6.94302
5.9583
4.35725
0.85241
3.9926
1.73608
5.55541
2.91553
1.96626
2.84657
4.30493
1.71646
2.55224
0.643666
6.3719
2.57578
3.71696
8.19448
0.534354
8.82036
2.63281
1.53715
0.813328
1.03326
1.86323
0.741151
3.07101
10.2798
4.49385
5.01757
3.23773
1.19831
1.22539
1.44162
1.07577
4.4913
4.25916
1.43929
1.77237
2.03244
4.50344
4.0385
2.51305
1.81136
4.96277
1.91055
2.46982
15.1097
6.457
5.2907
2.27015
7.2826
5.75147
2.66787
3.55534
2.53946
9.61455
11.5559
0.466861
3.97878
1.45654
0.746233
8.19154
1.94325
3.6031
0.692679
2.24576
0.8324
1.86446
1.50759
4.73988
4.69274
1.26757
4.54528
2.24619
1.46956
2.55352
1.42704
2.34871
3.31261
0.685527
6.43073
7.12985
2.45398
3.31682
3.79059
2.89144
1.29378
2.87467
2.34647
3.89003
1.92483
3.98195
1.03864
1.2716
2.56324
3.80006
2.68097
4.8683
1.11653
10.8939
1.91026
0.940729
4.05485
4.06794
0.77277
3.32091
9.36787
4.13165
1.98387
3.95143
1.852
4.21857
1.77475
3.80529
7.29899
1.97038
3.1237
1.63844
11.1601
3.71146
12.7265
4.93423
6.53046
0.715097
3.31738
4.02897
4.34421
4.0797
6.16962
5.41037
5.05398
1.61106
9.47379
1.87732
6.157
3.06077
1.23884
3.34052
2.40491
0.998988
10.6232
1.14683
2.66178
5.36433
4.61907
11.0876
1.20351
4.54086
0.741022
5.9913
5.52075
5.92024
3.29499
3.48064
2.73041
3.88603
0.667925
5.07365
1.53677
1.02434
1.62227
3.37354
3.38955
2.47739
9.64414
2.65733
1.05846
1.78266
1.78316
7.97277
10.0197
2.11751
6.26301
2.4098
1.32516
4.16257
0.590696
4.461
1.8588
4.84353
0.663601
3.35649
10.005
3.76411
10.1423
3.82087
3.79196
1.26381
1.23732
2.23306
7.95024
4.01807
1.1666
4.4686
4.02476
3.54628
2.9198
2.9763
2.52196
2.79412
2.02521
8.93677
2.20562
1.94208
10.1919
2.48066
2.2342
0.478016
1.8095
4.54631
6.0495
2.98767
2.60974
6.42798
0.791758
1.5609
0.937777
1.78701
4.43117
8.41556
3.19178
4.79857
2.34037
3.11474
3.53902
10.8678
0.755885
1.69936
5.31839
5.82083
3.00883
3.34837
1.62388
8.18808
4.08323
0.697111
2.58619
3.72119
2.22804
4.81025
14.1422
3.47307
0.221545
0.826625
1.7097
2.05881
2.2277
3.5365
2.70249
4.61952
7.97429
1.24957
1.20918
1.65677
0.668269
2.17814
1.24098
2.09664
4.84042
10.1827
5.75179
4.90588
4.92971
7.28724
2.57042
3.63967
3.41036
3.87069
2.6975
3.87265
2.19037
2.20969
4.86076
0.958181
2.31858
1.46878
1.55814
4.43069
0.542271
2.89155
6.68629
4.36956
2.25765
6.67423
2.17141
0.786693
7.20639
2.49513
6.48167
2.08076
11.0356
6.24358
1.20407
2.32656
3.2048
0.76154
3.74328
4.83608
2.95149
5.74452
4.04169
0.895683
7.17874
1.16351
3.96152
3.23207
1.89862
3.36634
2.80323
0.436369
1.16965
3.11159
3.42269
5.29183
2.56431
1.88575
0.500072
2.0355
1.22587
1.54885
5.7893
6.06211
0.679719
7.95647
2.70724
7.47483
0.602263
4.47017
4.837
1.3301
9.20512
2.06871
5.169
8.80467
4.7464
5.11658
5.24955
3.43488
3.13871
2.26944
1.55725
3.48823
8.49943
3.1297
3.85063
1.17585
3.0434
1.1851
3.67901
1.74522
2.01589
2.86158
1.62333
1.08105
2.62719
8.84363
3.01094
4.2794
6.19228
2.18887
2.8909
2.71635
6.11104
2.73152
0.987833
3.6613
5.89186
1.75356
1.09538
2.46501
2.24333
2.60912
1.34444
3.61267
2.3942
6.67848
0.931742
1.28357
5.48116
2.22201
2.97795
1.29008
0.426118
4.61192
1.77009
5.54369
1.13818
4.58169
1.46438
2.37256
1.71935
1.48946
3.57406
3.64107
6.75882
1.97739
1.3265
1.59628
10.4528
2.40932
3.63306
3.0004
2.91216
1.88387
2.90865
10.9108
5.77112
4.55594
1.56303
10.8515
0.606544
5.65952
5.04377
4.78658
4.47117
3.07757
1.77913
6.46292
1.68749
6.19872
1.45419
3.61647
3.15488
1.92064
1.48288
4.23044
4.47122
2.11906
3.62445
3.3171
2.21222
6.58327
4.31392
9.54866
9.34043
1.52543
1.79539
2.56495
1.80284
1.03365
9.77966
3.18287
3.695
3.83186
3.36085
9.5775
6.79461
4.16318
3.50491
9.54055
1.23579
2.90859
0.865466
3.99734
6.81476
2.45237
1.97541
1.14928
6.36583
1.80349
4.94011
2.42606
3.55058
1.06268
4.07718
0.202427
10.586
0.159779
1.68581
2.98894
1.20824
1.91217
3.36885
2.82407
11.2769
3.6641
2.64206
2.36061
1.48894
1.66564
2.55528
0.342857
0.646839
1.48922
3.08131
11.5596
2.28263
1.59135
5.79054
2.07214
5.15947
4.47251
2.06119
5.02318
1.65304
1.64592
1.96535
6.82616
2.2164
3.51594
2.7795
13.9282
1.97824
3.70459
5.62403
4.8106
5.58586
2.0225
1.62649
4.83129
4.97169
4.3395
7.18032
4.45121
2.46436
0.703256
3.42973
4.67237
5.24286
4.247
3.20625
2.88088
8.22007
4.44126
6.44463
4.6176
4.28782
5.15887
12.4379
0.904003
2.46258
2.73248
6.77723
2.01399
5.88294
3.20709
10.3646
1.22694
2.17074
5.79028
1.07215
3.84339
1.47626
2.61472
3.31248
4.63039
4.47237
6.41663
12.1888
2.32196
2.98513
4.18293
10.6132
2.70131
5.94182
8.48583
2.25605
3.26888
3.77189
10.4934
3.84373
1.42952
3.73318
0.916003
3.22461
4.58534
2.28901
2.2571
4.2476
0.649587
1.79239
13.6868
2.09776
7.7167
6.31561
2.73545
0.960721
0.490307
5.45136
2.75771
0.712648
4.12065
2.40447
2.74106
0.942066
13.3071
5.75693
2.7507
2.57665
0.739659
6.49305
2.00137
4.09644
8.5165
2.79477
9.07003
0.979356
2.88297
3.30215
2.59256
3.08944
0.221017
3.18389
8.59569
8.42018
3.32869
4.43502
3.11914
3.27799
5.72766
2.69754
2.19853
3.69949
3.76703
5.9992
5.26109
4.34773
3.3382
2.1474
2.52793
8.86548
0.650694
7.62039
1.46365
1.35771
2.66954
5.33646
3.53172
1.47156
11.2356
1.28815
3.22224
2.32529
2.84368
6.51703
1.03152
6.27437
2.88397
5.3787
10.3782
5.5649
5.73996
1.79181
5.32673
3.30327
2.45348
6.4337
4.4108
2.18591
6.17148
3.24231
1.01989
11.4767
2.73356
3.59404
4.26096
1.04736
1.50963
11.8842
1.04551
3.25345
0.918915
1.65467
1.79319
2.87349
3.3693
0.980994
0.920794
4.32416
5.46046
6.50164
2.90376
2.97509
0.510324
1.17856
3.33598
4.61377
1.19526
3.53151
3.08561
13.2619
1.80371
3.39657
2.39256
3.97537
4.16327
2.91877
6.02665
3.58544
2.52475
3.87016
13.7283
7.98726
4.56916
5.39343
4.62479
3.62334
15.1718
1.13257
3.88002
0.550508
2.96665
0.262932
1.01296
6.66582
0.610758
0.425111
2.2728
1.52167
1.80634
6.17878
2.49644
2.40523
7.37675
2.92207
2.31702
1.82827
4.68332
14.0041
6.75231
2.5219
1.5732
3.09207
0.366751
3.09016
9.4822
3.52266
1.07956
1.97949
0.261173
2.72723
1.12959
2.67849
0.973809
4.47532
4.0614
2.97689
2.78869
1.18887
3.89865
2.60044
11.7977
2.06659
1.78358
1.44391
6.47088
2.29101
1.78302
2.23406
2.4195
5.33456
1.35529
1.58036
3.17522
7.70914
2.07327
3.02131
2.87988
5.20317
7.09613
11.15
0.582774
5.31515
2.19928
0.652167
3.95535
1.00008
2.44333
2.44114
4.65185
4.12749
8.03193
2.8694
2.94875
2.56333
4.49923
2.11492
0.661768
6.37978
4.416
2.19732
1.27722
2.50849
1.23967
14.7437
4.94214
7.20126
3.14941
1.74919
2.06875
4.37395
7.06306
8.69368
3.07035
1.58987
2.48244
5.65774
3.21822
1.78032
3.86705
2.03507
4.05373
2.46985
1.08584
2.17824
4.8892
3.17242
10.4451
6.13117
3.21277
2.61751
0.675649
3.53335
0.694346
2.87295
2.0362
0.619705
3.90376
1.92055
6.42612
5.57121
1.0662
2.60701
2.18519
1.03862
2.076
1.24956
1.24079
1.9312
4.31126
5.14959
1.50374
4.45227
5.20227
5.13545
4.06877
12.3083
1.42109
9.61157
6.75726
1.34469
11.7333
6.3101
3.31127
3.18307
0.55997
5.94261
1.5548
3.34123
3.03606
2.38799
2.67894
0.673371
3.04283
7.25353
3.65728
0.913314
1.66715
2.92725
0.911966
0.973303
2.05186
2.29721
1.90412
1.99339
7.00578
1.29087
12.2833
2.0899
7.44395
0.62254
3.21135
0.995577
6.99248
2.44819
4.45535
1.53888
2.95694
3.59226
0.710176
2.73869
4.22099
5.82913
2.91965
0.708394
6.40386
4.70284
4.84251
2.5475
7.43765
13.5035
3.52876
2.17159
6.72615
0.696534
2.07145
1.53706
3.42552
4.48069
4.83498
4.20541
0.353086
2.63559
3.90813
6.66362
5.63902
1.20842
2.58218
1.41299
0.489582
3.24548
8.4926
7.35971
1.91678
0.656373
2.49073
6.05508
2.0543
1.30915
4.56667
2.08714
0.412482
8.84899
3.49739
2.91977
1.39654
4.27655
2.67901
1.81896
2.2998
8.56258
14.7451
0.448589
2.69468
6.14722
12.0198
0.823796
5.19698
4.8099
3.12703
6.4075
3.03825
0.850952
0.595248
3.82618
0.385936
3.28568
6.40684
3.3959
8.17975
2.65913
0.502078
5.39176
4.22361
4.03844
1.09458
3.04686
8.59069
1.34216
4.35401
2.70632
3.27252
5.3384
0.366707
2.73638
9.73899
4.43939
7.44061
12.8827
2.83324
2.80484
3.04539
5.32236
1.94069
6.4858
6.785
1.58428
2.54624
6.57175
3.41022
8.19376
2.43097
2.51884
2.36843
5.90517
6.67292
2.69912
3.44838
1.91453
0.893229
2.20822
2.82612
4.43865
6.19085
11.5008
3.44367
9.04134
2.51294
12.0514
0.955832
2.09937
1.13578
2.02401
6.04204
0.90344
4.38639
1.23749
1.57579
2.78512
4.2124
12.793
8.01511
1.10226
6.87347
2.01762
3.99512
7.99913
4.37446
3.51666
1.09141
2.62584
2.89141
3.13503
3.23342
2.95271
1.37974
4.1149
10.6169
2.46233
3.29175
1.14692
3.3548
1.23514
1.59395
7.71222
5.7138
2.64553
6.20653
4.16143
8.64475
2.25872
2.14193
0.985297
3.87541
13.1504
4.43774
11.7953
2.74617
3.44423
1.11087
2.88711
8.94249
11.7475
1.9059
1.17723
9.14599
2.37101
3.0241
2.83161
5.93831
1.42837
3.54924
1.2327
1.90875
1.53379
2.49451
0.650554
2.57246
4.58469
1.2641
1.68345
1.75467
1.67071
4.16819
3.36355
5.8354
6.29234
13.3821
6.80194
2.9092
4.26751
7.55024
2.28523
3.91385
1.7641
2.4213
3.64661
8.82995
1.99709
1.60196
1.14403
2.83508
0.536109
4.48863
2.5399
0.933119
2.35417
1.44284
2.49162
3.54655
3.56918
1.83956
8.73843
2.5218
2.55992
1.98864
1.48344
3.6465
0.88594
3.40435
2.49308
7.25107
5.35188
4.21844
10.1839
3.0218
5.70583
3.37953
4.93516
2.7784
12.3686
1.09025
9.42378
6.23995
10.1833
4.50992
0.375497
1.58425
3.59139
0.802429
1.01903
2.42128
7.24511
0.684186
0.481952
9.08254
1.34936
0.700947
13.7695
3.53113
13.3814
3.73162
7.93447
2.42112
3.72934
2.67639
3.93136
8.78144
3.41424
2.4203
1.91166
5.99624
2.52134
5.83207
8.17299
5.51036
6.45518
2.43619
5.6752
1.05568
4.65139
2.59906
4.24076
6.9085
2.29258
2.43438
1.8208
3.59229
1.90166
1.99113
9.08676
6.74169
2.11283
9.00819
7.08455
7.24138
0.22647
2.98259
2.96725
4.22871
7.17189
2.5404
4.05382
2.90366
3.51803
1.96144
4.22094
3.53656
0.513546
5.45539
1.68845
4.05222
3.07763
0.512832
9.7063
4.30192
1.4687
2.05491
1.88398
11.7307
4.77735
5.78341
4.12241
2.87688
3.98515
2.82295
0.663006
4.14639
7.5287
2.52654
1.52246
3.87916
1.9199
3.15448
5.40159
2.59257
5.28
3.22961
0.941772
2.04289
1.41913
2.11197
6.88333
6.03803
6.97982
0.162786
3.34349
2.97733
2.87808
7.41069
2.3844
3.96321
2.71252
3.98329
3.7715
2.00454
2.11183
1.40242
1.80366
1.60791
2.72494
5.97633
0.440433
5.95736
13.421
1.80513
2.88921
1.71853
6.46803
9.05137
2.88107
1.08143
0.255823
2.42649
2.66256
1.73883
1.10757
1.05778
3.55327
1.78571
3.47735
2.22543
7.13137
7.18931
1.42822
1.97248
0.645323
0.694277
3.89239
4.39376
7.80027
0.725534
0.838175
5.34581
4.85409
1.22516
3.64885
0.47495
2.77058
3.81292
3.93084
3.40288
3.72044
9.55688
3.97033
10.0472
0.743894
3.16552
1.30419
2.5032
2.47335
1.30128
2.11439
10.8236
0.851189
6.61355
0.931724
0.130972
1.86663
5.11004
3.34597
8.44596
3.00635
2.49976
2.61865
2.85566
14.4648
0.653918
3.84955
2.9225
6.48956
3.07393
0.629424
1.46501
1.29007
7.97063
10.28
2.99962
1.10189
0.902404
6.82271
1.44108
1.32309
2.3498
6.69919
2.94238
3.88324
1.93
1.80961
3.45358
2.6048
1.18163
3.01664
1.32219
4.06134
0.844111
3.76366
2.07587
3.31866
2.91821
9.70471
1.70643
4.36609
4.54239
10.337
8.5067
14.4014
8.78899
2.06466
2.54629
4.92865
6.66598
4.22918
6.34047
3.59533
1.06212
1.79404
0.234275
10.4635
4.46992
5.28266
1.8795
10.9608
2.47207
2.13373
4.22766
2.58633
2.47678
13.0061
5.1581
3.84328
10.6755
8.34185
0.431596
3.06052
3.88222
10.0367
0.832944
8.25165
3.84592
5.11143
1.17507
4.29975
1.09696
3.51004
2.47812
5.48299
1.89408
2.99816
3.18242
3.08169
11.5292
0.992277
2.05423
3.93554
1.86263
0.76723
1.88901
1.96725
3.98566
1.09864
2.33025
3.91033
1.59432
5.53512
0.419964
2.46481
2.99592
3.3359
1.70606
10.5198
1.4204
1.36063
4.68832
1.39879
1.72923
3.9738
2.33658
8.61287
1.41547
1.82969
3.62789
1.12552
0.763608
0.484206
4.14666
1.5706
2.46772
3.07146
5.21659
1.67375
5.47043
2.32504
3.75358
1.57888
0.463829
5.57864
1.89294
2.31054
3.98367
5.05081
5.77881
6.22757
2.12593
1.13906
5.00215
5.72151
2.41295
10.6819
4.37966
2.27785
2.41875
2.19757
4.06041
6.69877
7.96141
9.44392
0.920392
0.703536
5.77338
5.5478
3.80024
6.545
2.00892
12.9612
0.218782
2.14563
6.37225
2.85015
4.46033
2.77186
0.887883
0.848243
11.6911
2.26295
1.07701
2.69472
4.23566
4.78753
2.8074
2.7657
2.56631
1.38355
2.67418
12.9536
2.68083
1.34644
2.17684
15.1629
0.878688
1.8579
4.664
0.49596
0.925743
3.86456
1.70067
1.83015
6.5607
0.369664
0.861853
2.72118
3.84997
2.92784
2.41089
2.58685
5.12718
13.7699
2.01687
2.1095
2.12676
3.08426
10.9628
0.996753
6.65582
2.09419
5.30259
1.86198
2.98949
0.760341
1.88762
2.16378
1.19603
1.65138
1.97749
3.97365
1.94559
0.989739
2.0175
6.02774
2.1374
0.511359
6.38804
7.98345
3.86039
3.28505
5.33378
6.04743
1.6203
3.9288
12.9068
1.39069
5.3955
8.21859
5.32195
1.45883
3.91504
2.14709
2.24636
1.50466
3.96194
14.1308
4.73194
2.24334
3.02082
2.35139
1.08323
6.73827
1.58476
2.41383
3.53809
10.2154
0.375776
6.61651
5.7371
1.62417
2.08706
3.65553
12.4806
4.88884
4.20629
3.26201
2.9518
5.22525
13.5675
2.33862
2.0069
3.58229
6.50006
1.64116
1.7624
2.86248
6.08631
7.81719
3.09564
6.95761
6.59588
4.17677
1.46468
3.74503
3.28247
1.90102
4.15157
4.77106
3.23216
0.952397
1.56229
3.73833
3.25795
12.9631
2.53057
1.93315
4.60335
4.70927
4.21348
2.5865
14.3718
4.68752
12.2855
3.48211
1.89938
3.67457
5.73205
1.16343
8.11149
4.00239
1.6969
9.52095
1.14987
0.748526
6.20024
3.58899
3.93498
2.14491
1.29843
5.15945
4.04471
3.2075
9.03281
1.86321
9.39023
2.99386
10.9857
0.549565
4.28326
4.92801
3.89756
4.19205
3.83668
4.3988
1.20561
15.0858
2.9836
4.19485
6.1278
1.38496
1.36675
10.8792
3.2354
2.85134
0.795331
2.74505
5.35671
3.14649
3.22931
2.27486
7.09397
2.72113
3.11644
7.44857
2.13196
2.54026
3.33189
3.57084
4.62987
9.41864
3.41597
0.891751
4.14583
3.41077
3.1607
4.77516
1.80027
7.77865
6.15211
2.45206
3.15252
0.432876
6.02953
4.49388
0.313311
6.97583
6.74683
4.84475
2.40749
10.0063
5.62171
1.11536
3.32244
0.425318
2.1392
3.37057
5.30798
13.6611
0.729344
3.03228
4.1612
3.61896
1.22896
4.36166
3.56078
4.45273
10.3864
2.32867
2.29953
10.134
5.15101
1.28678
6.30295
7.24632
3.6873
6.7008
3.24076
2.02228
4.98888
