1.86639
0.542657
0.484985
1.16208
1.42858
1.42257
1.95618
0.473034
0.312451
0.646618
0.338431
0.430666
0.224639
8.7437
0.12143
0.761222
0.303016
1.83506
1.37777
0.606322
0.334517
1.32043
0.562413
0.870374
2.14522
10.089
0.211737
0.412382
2.02014
0.418982
0.520954
0.842836
0.529073
0.498706
0.712306
0.36144
0.593173
3.87575
1.46877
0.289987
1.35942
1.09097
0.633336
0.806735
0.385137
1.01373
0.929559
0.538867
0.332769
2.33838
0.577163
0.773819
1.0686
0.584078
1.92951
0.303886
1.12989
0.811434
1.22599
2.76028
0.420026
1.12323
1.13458
1.15523
1.54481
0.490822
3.65879
0.781399
5.12761
0.253404
3.32345
0.436818
0.27574
0.298892
0.807003
4.46533
0.229743
0.460623
0.482125
0.34293
1.09276
1.43409
0.884754
0.939418
0.398153
0.881289
1.90856
11.1837
3.33268
1.44889
0.406741
0.636711
1.01143
0.523873
0.316302
0.988405
0.409631
1.19865
0.430571
0.113772
0.358742
1.61015
0.839749
0.408574
1.35077
1.34188
1.77024
0.58723
0.46099
1.73678
3.67513
0.320137
0.145122
1.06714
1.46134
1.206
2.45008
1.52479
1.08952
1.15086
4.87072
0.87698
1.2426
0.987223
0.201556
1.30871
1.26375
2.15317
0.19565
0.215051
1.05529
0.238171
0.718991
1.30543
0.994515
6.78692
1.00796
1.68514
0.198984
1.62941
0.665804
0.64171
0.433887
0.510793
0.634478
0.319154
0.967377
0.845475
0.426704
1.12758
0.901376
0.702815
0.391244
1.33104
0.80617
0.245778
0.381725
0.509441
0.282614
1.16019
0.22054
0.973775
0.523752
0.835756
1.2405
0.567352
0.496555
1.11306
1.74183
1.36299
1.26776
1.4426
0.450132
0.599391
1.14556
1.57464
0.364498
0.74598
0.715109
5.80638
0.269952
0.525227
0.833899
1.62862
0.407696
1.54463
0.274512
1.85435
1.75352
0.591684
0.680417
0.325184
1.90717
0.425842
1.486
0.716332
0.803201
1.12037
0.595464
0.362612
0.796726
1.13509
2.30336
1.11477
0.276477
0.24384
2.28653
3.37361
1.06964
0.623408
1.39254
0.39143
1.71879
0.340065
0.523907
4.56373
0.657283
3.7256
11.2507
0.413056
1.32178
0.441623
2.04868
0.593268
0.746966
1.64326
1.24925
0.705927
0.249779
0.697078
0.785933
2.76638
0.830912
0.893013
0.462809
0.575708
1.22426
1.70002
1.21205
0.599055
0.365902
1.96308
0.409631
1.34051
0.221656
0.565256
0.196114
2.42523
7.31207
0.518639
0.542943
0.182969
0.775679
2.63859
2.61171
0.278287
0.271577
0.663879
1.26966
0.298669
1.27059
2.32711
0.285611
0.417299
1.93071
0.568127
0.429514
0.502486
1.6975
1.77216
1.4742
0.505341
0.489113
0.799899
0.325791
1.02074
0.719516
0.40589
0.673329
2.17841
5.26621
0.556099
0.413339
0.6466
1.33394
0.249062
0.486583
0.272806
1.72612
1.72051
1.23425
2.3649
0.3262
1.1258
2.35692
1.19759
0.532494
0.318411
0.45172
0.914045
0.20205
0.269237
0.247516
1.24212
0.232884
0.866853
0.300073
1.48667
0.946042
0.53858
0.498426
0.362075
4.42246
5.1857
0.246913
0.39534
2.12691
0.483809
0.208568
0.560018
0.914745
1.84787
1.5321
0.443968
1.66192
2.66996
0.562516
0.38723
0.825953
4.45038
1.80258
0.5769
0.13819
0.472012
0.320039
0.408834
1.19293
0.675935
1.4532
0.647842
0.36189
1.54281
0.310961
0.473789
0.461397
0.892219
0.213558
1.48018
1.42248
0.477302
2.65654
1.84178
0.909632
0.223863
0.429694
1.35512
1.97647
0.0778058
0.655967
4.08358
0.384447
0.966552
1.17442
0.864159
0.534993
0.230014
0.234897
0.747735
1.60326
0.37202
0.536562
2.93412
0.341537
1.98492
0.46404
1.64849
0.36801
3.32219
1.20134
0.15003
2.61109
0.345167
0.512932
0.830126
0.200268
0.710362
0.230366
2.28668
1.60129
0.238021
1.20657
1.8876
2.37381
1.50404
2.23188
1.99173
0.424536
0.453903
0.557061
3.3258
0.372457
0.259099
2.17989
1.08187
0.475958
0.317786
0.486274
0.373815
1.57993
0.592494
0.395419
0.0938941
0.979635
0.377504
0.202679
2.21501
0.42236
1.22044
1.12785
0.755209
0.405575
1.10931
0.388266
0.472044
1.38747
0.758996
0.124759
0.145186
1.80939
1.99205
0.384728
0.761517
1.33414
2.09888
0.211998
0.385772
0.305355
0.651315
0.90262
0.445073
0.952293
0.393703
1.47904
0.472579
0.4556
2.35229
2.25656
1.10893
1.00716
0.453844
0.78743
0.936769
0.548046
0.976048
0.902575
0.542683
1.76393
0.835651
1.05691
0.542733
0.0995435
0.640786
0.648236
0.191787
0.367191
2.98971
0.329964
0.173858
0.593334
1.0037
0.337368
0.415608
1.1204
1.6425
0.874803
1.58612
0.569392
1.59798
0.240755
2.24438
0.670545
1.20114
0.397757
1.5462
0.149138
2.0222
1.64841
1.04364
0.46446
2.51297
0.267169
1.41018
2.33092
1.51712
0.315149
0.628611
1.43672
0.72734
0.491899
0.509157
0.345574
0.877483
1.31488
0.767528
1.59194
0.800162
2.11473
1.65431
1.93492
0.574389
0.898068
0.462157
0.161307
1.01576
0.596053
0.649319
0.955986
0.239471
1.52121
1.06994
1.80756
1.98977
0.28063
0.292397
0.806472
0.882612
0.556775
0.630267
2.22131
0.696763
0.652636
0.758405
0.511354
0.946057
0.269621
0.523332
0.789463
2.33283
0.579809
0.205361
1.23385
1.75463
0.704437
0.404428
1.33937
0.473378
0.21468
1.83653
0.989374
0.822961
0.180702
1.09072
1.79415
2.91426
1.02765
0.481911
2.61846
0.219814
0.981884
2.93413
0.581255
3.03698
1.38246
0.435442
0.911146
0.371423
2.42925
0.156831
1.52855
1.16618
2.08812
1.0678
1.16422
0.272426
0.960297
3.07563
1.19066
0.379954
0.934534
0.335421
0.299937
0.284169
2.09943
0.416139
0.581423
0.205407
0.849727
0.423773
0.668455
1.78921
1.69839
0.452324
1.51392
0.976001
0.527564
0.592879
0.324649
0.613861
0.141834
1.31139
0.0848464
0.403265
0.183637
1.82039
0.480331
0.379699
0.269015
1.14614
0.498412
1.15998
1.19247
0.796568
1.01628
0.379633
1.04199
0.296447
0.834445
0.714176
0.997077
0.779941
0.257365
1.31451
3.71702
0.361908
0.419694
1.58697
1.59294
0.737798
0.569085
0.319356
0.538115
0.959734
1.58377
1.76004
3.93895
1.48867
0.251881
0.152207
0.912934
1.44201
0.389762
0.395853
0.57258
0.319799
0.38318
2.30529
1.8218
0.579564
0.880683
0.457881
0.551871
1.18843
0.224012
0.724464
2.90384
0.458005
0.226865
0.427029
1.65919
0.220631
1.9767
0.380211
3.52614
0.351805
0.247194
0.99128
0.488971
0.361249
2.23765
0.607311
1.49685
0.917049
0.515727
1.3152
1.12736
0.462292
1.16547
0.518659
1.88451
0.653666
0.744923
0.974729
1.34724
0.78306
0.672984
2.27925
1.43706
0.37538
2.31413
4.5803
0.448421
0.186586
0.405297
7.39645
0.338456
1.3596
0.885847
0.869848
2.36707
0.374813
3.25325
0.484396
0.156174
0.753064
0.577251
0.408781
1.41935
1.47202
0.708546
1.75316
0.955401
1.40271
0.43544
0.587533
2.00272
1.66052
0.382486
0.316379
0.536333
1.34168
2.37504
1.51145
1.1498
0.587036
1.43823
1.24259
1.55222
1.7811
0.416231
0.567831
0.666421
2.28206
0.50579
1.45245
0.858325
1.58328
0.842055
1.08332
12.3437
1.65255
0.24103
0.257117
1.26837
0.531885
0.817336
1.04454
0.121448
0.398562
1.10937
0.17911
0.13465
0.20785
1.07513
1.38775
1.35035
0.829138
0.840556
0.664549
4.39522
0.663817
0.747599
0.916168
0.520329
0.398991
1.12714
0.961569
0.424575
0.831579
1.45792
0.36478
0.397263
1.56646
0.501157
0.442784
1.51858
1.41247
0.561673
0.711581
2.06945
0.308473
0.418223
0.352142
0.611375
0.235372
0.557071
1.6083
0.476421
0.333981
0.569066
2.1312
0.680378
0.754832
0.519837
0.198976
0.998656
1.02169
0.434976
1.84124
1.78576
0.403204
0.329233
0.580069
2.37074
0.628789
0.728091
0.581622
0.182027
1.07226
0.503907
1.21646
1.59804
0.190911
0.654914
0.898088
1.49378
0.503988
0.600191
0.468311
2.31362
0.30486
0.522928
0.948418
1.64495
0.459407
2.31189
0.689401
1.27252
0.56643
2.25745
0.338991
1.67696
0.168563
0.84564
0.456086
0.245465
0.164458
0.595754
0.154053
2.34967
0.339911
0.308235
0.981329
1.03306
1.0216
2.12585
0.142874
1.38209
0.433928
1.9272
0.749112
0.74686
0.73398
1.33153
0.238207
1.35605
1.23534
0.579613
0.388994
0.828541
1.61474
2.8217
2.42185
2.24878
0.349441
1.89644
0.539556
1.14366
0.284287
0.432931
1.60588
0.204562
0.367672
0.303729
0.37042
1.48696
0.683644
0.489729
2.01151
0.232719
0.216436
0.295292
2.05621
0.683455
1.10465
1.51917
1.24108
0.838714
0.514906
0.385535
1.692
1.41139
0.415528
1.76402
0.361934
0.70159
7.20349
3.44743
0.306941
0.554164
3.22241
0.379274
0.420793
0.486831
1.06755
0.894099
1.44064
6.30054
1.08593
0.203472
0.89152
0.715914
0.281854
0.235451
0.757147
0.277203
2.51597
2.89443
0.327431
2.10551
1.69918
2.18008
0.395153
0.738045
0.303628
1.54606
2.6535
1.82845
0.462783
0.756691
0.377737
0.435959
0.650761
0.441952
0.448538
1.21556
0.457413
0.823341
0.548547
0.646296
0.578546
0.343279
1.5366
1.777
0.467437
1.08514
0.370662
0.735204
1.56771
1.03326
1.99471
0.574027
0.46212
2.18299
0.386248
1.45999
0.338569
0.47967
0.813912
0.440922
0.518571
0.725557
2.18695
2.20454
1.32689
1.65792
0.402109
1.4319
1.24955
0.956474
1.23018
0.708589
0.937258
0.356658
0.187052
2.722
0.623454
1.85307
0.154174
3.76779
2.52683
0.807576
0.233787
3.74005
0.346893
1.09338
0.401296
0.520624
1.01697
0.400794
0.419036
1.32931
0.718757
1.02123
1.2301
1.52316
1.85917
0.311633
0.187794
0.175324
0.146557
0.516991
0.256837
0.508
2.3951
3.22606
0.917671
0.271679
2.22698
0.405664
0.431512
0.638182
0.554536
2.16296
1.23093
2.50978
0.814289
1.21276
0.305585
0.466559
1.50615
0.628396
0.551407
0.455914
1.86812
0.501832
0.327135
1.1714
0.707751
3.02926
0.760719
0.415237
2.32895
4.12176
0.379638
4.06708
1.77509
0.579613
0.311562
1.40737
2.26683
1.55642
0.835498
0.645732
0.411341
0.169008
0.219522
2.39882
0.346364
0.530897
0.704233
1.07819
2.15517
3.30025
1.59489
0.841003
1.05506
0.369292
0.45133
2.59583
0.781947
0.316309
0.580909
1.57089
1.81475
3.70819
1.12301
0.48783
0.723827
1.73305
0.120027
1.1228
1.21405
0.438968
0.510715
0.375849
3.09575
1.52726
0.121795
0.455162
0.434201
0.898922
1.6611
0.537037
0.0452486
1.55867
0.180685
1.28339
0.427243
2.75977
1.33221
0.322995
0.380394
1.49605
0.91875
0.341839
0.493421
1.27117
0.487674
1.36011
1.64026
0.589621
0.535862
0.558592
0.406442
1.40048
1.53996
0.233465
0.360384
1.3923
2.26962
0.234447
0.495878
0.108617
1.48219
0.439291
2.40017
0.93838
0.52164
2.09442
0.269648
0.329027
0.185891
1.72245
0.480085
0.714218
0.287048
1.74342
0.466084
3.01501
0.195646
0.926203
0.475058
1.54377
0.559718
0.596137
3.01331
1.50035
1.4548
0.745026
3.21131
0.75065
0.202216
0.568092
0.360468
0.706688
0.896547
0.165748
3.7037
0.762257
9.02879
0.767594
2.24445
0.885371
0.261158
0.319562
1.28134
0.645
0.19595
1.40299
0.305389
1.04155
0.220606
0.17937
0.306532
0.509363
0.24545
0.421739
0.143521
1.79932
0.975342
1.34459
0.628389
0.279955
1.42848
0.345356
1.70286
4.86133
1.40636
1.03793
1.51361
2.04487
0.987501
0.458551
0.221218
0.559855
0.650897
0.716182
1.70745
0.271854
1.40739
0.246493
0.355834
2.01869
1.94252
0.349937
0.41181
0.546823
0.941985
0.403949
2.50121
0.647501
0.841182
0.461788
0.307802
0.920392
0.18876
0.475014
1.1907
0.172329
2.1218
0.200311
1.36021
0.698796
1.31519
0.53812
0.225305
5.27832
0.571505
0.766177
0.635725
0.126382
1.68907
1.42322
0.269856
1.48672
2.11717
0.401876
0.642149
0.896239
0.276912
0.206758
2.11344
1.0755
1.83941
1.47933
1.16808
0.245296
1.28002
0.409115
0.818848
0.255057
1.882
1.51915
0.421454
0.794491
1.5789
0.607729
0.103183
0.358881
0.73959
2.33666
0.25368
11.3912
1.46561
0.224859
0.383758
0.769964
0.865512
5.77426
0.337341
0.258942
3.00243
2.71141
1.68677
0.750719
0.727234
0.991682
2.03765
0.738438
0.809964
0.611431
2.11618
1.42457
0.774661
1.56041
0.658027
2.51778
2.12468
1.11937
1.64517
0.728031
1.17664
0.639757
1.81775
0.611426
2.45632
1.4204
2.22898
0.519361
0.542837
1.22067
0.240741
0.300087
0.597349
1.19761
1.30139
1.63225
0.549069
0.778921
0.25985
1.75159
1.54581
0.37181
0.253762
1.02002
2.64938
1.09822
0.869503
1.82628
1.01675
0.773512
0.892875
1.5113
1.06411
0.725242
0.272081
0.453032
2.27098
1.35056
1.04359
0.451471
0.714387
0.35432
3.72959
1.95195
1.21683
1.40275
0.824893
0.425138
2.51866
0.26612
1.6545
0.533782
1.51482
1.54544
1.52679
2.0943
0.161321
1.99968
0.289161
1.2591
0.293371
1.45952
0.761605
1.19648
0.690441
2.4076
3.43204
0.264635
0.516525
0.387003
0.549408
0.765494
0.26425
1.20402
0.431484
1.26975
0.259786
0.828118
0.561745
1.49327
1.22011
2.63999
1.75734
0.600732
0.0878921
0.347577
0.743513
2.67207
1.55949
1.80916
1.98363
0.761729
1.76061
0.628238
0.248083
8.03017
0.922724
1.05277
2.49119
2.05703
0.221799
0.483632
0.438979
0.889909
1.17244
0.407241
0.83614
0.723623
1.16938
0.264438
1.18105
0.42312
0.707522
0.205229
0.116603
1.2493
2.88343
0.388209
0.19631
0.247696
0.420894
0.990697
0.253986
0.378796
0.242566
0.535853
0.400314
0.446959
1.5197
0.172596
0.304674
0.753354
0.188762
0.142289
0.722745
1.22319
2.47678
0.57185
1.84279
1.03862
0.624411
3.10445
0.290218
0.643783
0.987007
1.05648
1.18498
0.990788
0.709924
0.283112
0.263427
0.687532
0.501002
0.204578
0.310207
0.494148
1.11246
0.452458
1.66473
1.06691
0.358409
0.857502
0.310763
1.20346
0.563678
0.729242
2.08662
1.28693
1.91469
1.23463
2.76576
0.552056
0.826224
0.437183
0.288355
1.33524
1.16369
0.19206
1.32997
0.282802
0.323421
0.760845
0.447084
0.182981
0.597577
1.35298
3.87929
1.29589
0.304556
1.46918
1.20082
0.414341
0.770224
1.44026
0.919761
1.32245
0.365292
0.321547
4.15874
1.44655
1.17447
0.278575
0.474041
0.332729
2.49079
0.0322809
2.08055
0.321627
0.490588
0.500432
0.219493
0.705283
1.37583
1.54723
0.284075
0.615884
0.76518
1.71723
0.31788
0.641669
0.921488
0.299595
1.24061
2.54104
0.651657
2.08639
2.57383
1.77648
1.17703
0.153649
1.10868
0.825741
1.10902
0.133948
0.175863
0.552836
0.122256
0.216499
1.64969
1.7916
0.699689
0.335425
1.1399
0.899143
0.54183
1.318
0.433822
1.80559
0.107285
1.23701
1.36883
0.451248
0.322884
0.30864
2.07031
0.58339
0.529247
1.01667
0.294286
0.549809
0.4685
0.593412
1.2906
2.9294
1.59505
1.8584
0.290152
0.37378
0.640774
0.560509
0.230502
5.04949
2.09786
0.14343
0.546577
0.43295
3.02634
1.38387
0.915535
2.46398
0.812022
0.648154
2.6872
0.236404
0.620057
0.718243
1.79454
0.443711
0.284407
0.433983
1.08806
0.383604
1.92246
2.25331
1.23239
0.24603
0.201245
6.09135
0.398995
0.448587
0.459229
0.508343
0.538369
1.549
0.536621
0.914693
2.35098
0.484848
1.06376
1.94295
0.729673
0.714361
0.251532
0.388207
2.673
1.19872
0.884941
2.87393
2.86174
0.572771
3.37683
3.34218
0.655424
0.726308
1.50532
0.739865
0.476503
0.999298
1.43035
1.76033
1.80991
1.90814
0.345298
0.203957
2.29357
0.330813
0.310486
1.3289
0.310352
2.13885
0.774227
0.219246
2.54417
0.642033
0.92054
0.419736
1.72856
0.858094
0.661525
0.57784
0.469948
1.85887
1.59458
0.459639
0.758803
0.726296
2.37571
0.0779753
0.251225
0.283679
0.600386
0.196206
8.00437
0.951875
0.338588
0.308307
0.200527
0.892939
0.298884
0.29459
0.316585
0.113023
0.396722
0.436753
4.03573
0.143069
0.275297
1.1602
1.72748
1.46394
0.922162
1.2438
1.29216
0.762051
0.328461
1.04658
2.55272
0.235124
0.0896599
0.359496
1.70706
0.946781
1.60923
0.647395
1.05757
0.212152
0.351013
1.05565
0.388047
0.690132
0.506875
2.91102
0.504651
0.847326
1.20365
0.495647
0.473678
4.15325
0.436447
0.324964
0.569919
2.0752
0.142688
1.64808
0.34868
0.246761
0.500978
1.63909
0.318237
3.04892
1.78921
0.724106
0.286524
1.0878
1.0704
0.660252
0.636101
0.395276
1.65826
1.54731
0.146805
1.91232
2.82188
0.466146
2.15994
1.08527
0.951568
0.605181
0.7301
0.451976
0.547903
0.793289
1.26694
2.67427
1.35604
1.31602
1.1694
0.467119
0.37518
0.178938
1.22864
0.472504
2.61687
0.747288
0.328819
1.26794
1.69641
1.10395
0.79195
2.51963
0.83866
0.455875
1.04823
0.466434
0.22191
0.603597
1.83246
0.838815
0.517165
0.817712
0.545776
2.45247
2.12908
0.575188
1.09166
0.324921
0.180427
1.20419
0.629649
0.43857
2.78454
0.29185
0.387853
0.431768
1.70736
0.360184
2.33322
0.96063
1.56279
0.605182
2.85923
0.489461
0.238705
1.4689
5.44462
1.57279
1.50599
2.32601
0.622244
0.262779
0.658385
1.20392
2.35366
0.298617
0.728794
1.25357
0.425668
0.335037
0.244791
1.00134
0.122976
1.18807
2.06481
0.673098
0.295189
0.147502
1.81779
3.76242
1.80116
1.26413
0.298101
0.176563
0.514828
1.54924
0.54217
1.34097
1.14402
0.9522
0.42813
0.170892
2.20913
0.154383
1.10249
0.496083
0.670917
0.506991
0.424386
0.257533
0.63329
2.83711
0.487974
0.231332
0.881471
1.68877
0.987553
2.20715
0.958259
1.24895
4.09398
0.79478
0.527681
2.52345
0.372664
0.465018
0.296523
1.7332
0.838282
0.757508
0.604397
0.180448
1.12166
1.31569
2.87827
0.48807
1.31454
0.446619
0.460653
1.7521
1.20463
0.472933
1.15559
0.830246
0.36755
0.429273
0.482584
0.257978
1.72685
1.4868
1.28937
1.18456
2.13582
0.214137
0.364863
1.42802
2.26737
0.770361
0.832692
1.18234
0.282267
0.577261
0.24997
0.422364
0.249842
0.772903
0.325411
0.601885
0.47394
0.884496
0.465332
0.845887
0.226978
0.343548
0.155851
0.7008
0.390319
0.815022
0.590375
7.28875
0.935789
0.188948
0.15135
1.85374
0.902665
0.801792
0.42818
2.2379
0.391696
0.787096
1.42312
0.91747
0.725884
0.420853
1.61275
0.377309
0.584517
0.284669
1.77809
1.13293
0.320408
0.727512
0.484488
1.7868
2.61182
0.988939
0.892262
0.232805
0.555755
0.969116
0.338181
0.203196
0.340392
0.912688
0.487128
2.254
1.74877
0.478786
0.664913
0.311984
0.382371
1.02827
0.576874
0.463082
0.259732
0.619883
1.52707
2.14378
0.718854
0.516372
0.893945
0.444044
0.234855
2.58692
1.24482
0.774078
0.47674
1.1835
0.846297
0.861129
1.49767
0.892576
2.12944
1.38858
1.10591
1.35404
0.831328
0.759721
1.48893
0.435844
0.605861
1.52719
0.453977
2.04225
0.43686
0.517367
0.423103
1.45829
0.233213
1.13462
2.26451
0.342334
0.311222
0.666695
0.271233
4.49336
0.911098
1.24057
2.98501
0.0879356
1.1339
0.916747
0.528953
0.555846
1.08471
1.1922
0.615672
1.08256
1.67453
0.333357
0.63316
0.720762
0.390282
4.68144
0.208891
0.192075
2.11712
1.87871
1.01538
0.666486
1.02223
1.30512
0.320154
1.15263
0.291391
2.1258
0.41442
1.39692
0.280872
0.255448
0.6514
1.63642
0.23234
1.63446
1.01492
1.75684
0.296072
0.501428
0.329571
0.732271
1.16642
0.271994
2.96803
0.0743345
0.799855
1.04855
2.43726
0.323404
1.30081
1.32125
1.17193
1.42447
1.59494
0.910816
0.364423
4.83952
0.604019
1.26879
1.53617
0.826584
0.426296
0.7514
1.32419
1.38652
0.540406
0.362587
1.67027
0.236603
4.02839
0.240317
0.790971
0.562546
0.852564
0.39326
0.351644
1.01365
0.908577
3.20058
1.40309
0.55961
0.645817
0.171122
1.8474
0.4426
0.1856
0.407761
1.37501
1.46537
1.3371
1.15811
2.43586
0.442384
1.87177
0.546673
0.308806
0.213489
0.287511
0.604012
0.552206
0.527096
1.0178
0.194705
1.15687
0.180002
0.535003
0.540764
0.292459
0.959176
0.788423
1.43009
0.897311
0.420729
0.518543
1.14727
0.318701
1.30612
0.570956
0.905951
0.363905
0.787263
2.06235
1.33318
0.408463
2.26228
1.52841
0.413342
3.38872
0.270034
0.686073
0.307946
0.208691
0.364904
0.343611
1.23258
0.385599
1.28308
0.23148
0.531723
0.154674
1.69454
0.805122
0.207136
0.804791
0.0362139
1.18847
1.40172
1.27839
0.353017
0.53572
0.873805
3.04038
1.74066
0.771434
0.275694
0.400284
0.381314
1.80619
0.677219
0.410551
1.56224
1.86776
0.464091
1.14011
0.447675
1.41913
0.416149
0.719025
0.391335
1.34027
1.90849
1.38011
1.23825
1.99109
0.387323
0.426091
0.260273
1.01797
0.183979
2.40759
0.405811
0.42327
6.18561
1.74747
0.997548
0.799757
1.67931
0.581184
0.260923
1.10558
0.259948
1.15269
1.27344
1.58691
0.97224
0.68192
0.9531
0.357672
2.31662
0.266066
2.88089
0.206259
0.088098
0.792131
5.67196
0.54653
0.410706
0.417055
0.614393
0.167017
0.755031
0.999669
0.946627
0.25407
0.217396
0.561333
0.174375
1.58918
1.92226
0.555852
1.56164
0.333862
0.358155
0.270983
2.25967
0.725691
1.89117
1.8969
0.428278
0.232511
1.33068
0.425889
0.671077
0.466288
0.331359
1.4677
0.220768
1.81562
0.437436
2.64906
0.272052
0.354758
0.40081
2.54748
1.73244
0.52215
1.13779
0.996784
0.931323
0.253678
0.265473
0.309215
0.820037
1.31487
2.14828
0.388652
0.406816
1.04228
11.7999
3.00366
1.74924
0.155598
1.72654
0.581243
0.498601
0.420128
0.485787
0.649384
0.235268
1.05141
0.402712
0.915532
1.48756
1.96591
0.81457
0.461672
9.52331
0.366772
0.155156
1.90039
0.741987
2.60346
1.82863
1.34617
0.807292
1.85263
1.21843
0.507474
2.03043
0.776522
0.312501
0.59226
0.132794
0.227659
0.255798
1.70991
0.32085
1.77083
0.258614
0.52551
0.430605
3.18401
0.602886
0.472083
0.141342
1.13368
0.306713
1.98281
2.03044
1.84723
0.651471
0.780113
0.471303
0.824212
0.465065
0.609926
0.671423
1.77423
0.279393
0.843712
0.868744
0.557594
0.269499
0.368558
1.30539
0.491136
0.357609
0.738452
3.24654
0.600443
0.106634
1.61003
0.99273
0.682603
0.896408
0.396985
0.349908
0.233271
2.02366
2.1642
0.275758
1.14119
0.317671
0.718532
0.666876
0.448655
1.9917
2.11213
0.409833
1.59546
1.56244
0.501741
0.637268
0.742289
0.376972
0.258662
1.03675
0.670846
0.793531
0.942173
0.851019
1.9263
5.8554
0.989435
1.22577
6.33083
1.22518
0.434779
1.33637
1.14773
0.803479
0.357257
0.88025
0.200313
0.577668
2.45721
2.30646
1.36026
1.45133
1.45036
0.433533
3.60389
1.2108
0.648727
0.969803
0.248439
1.60736
0.195129
0.524799
0.771036
11.3364
1.78081
0.76735
0.543099
0.576318
1.30671
1.0275
1.032
0.294004
0.561116
0.347659
3.17163
0.470028
1.94221
0.466689
1.37051
0.184518
6.49981
2.07306
1.24104
0.946806
0.96196
0.744138
0.118561
0.534453
0.486786
0.15639
1.96326
1.64829
0.530935
0.919421
1.75002
1.82467
1.7884
0.323814
0.28182
2.54031
0.712075
0.404413
3.53992
1.53205
1.18951
1.37122
1.7008
1.51026
1.10829
0.886406
0.538578
0.388253
1.9949
0.413565
0.516496
0.30449
0.377102
1.37166
1.35253
0.220441
0.354508
0.378064
1.21209
2.21563
2.30342
0.314637
0.164806
0.689328
1.65697
0.387437
1.24831
1.37051
0.545078
0.875947
0.221735
0.227293
0.474193
2.37313
1.85479
0.267456
0.408534
0.738242
0.406834
0.26246
0.296027
0.451247
0.366331
1.26094
1.3187
0.193435
1.38248
0.841732
0.37772
1.861
0.13196
1.81234
0.229209
3.79443
0.568546
0.342031
1.85469
1.0994
1.65541
2.04307
1.05451
1.43989
1.56211
1.11754
1.58812
0.254856
0.586244
1.7068
0.343565
1.00801
1.67548
0.836506
1.1358
1.8556
4.52422
0.320546
0.399144
0.7667
3.16105
1.39103
0.83283
1.28136
0.0544139
0.53735
3.07002
2.06247
0.409619
0.498775
0.954259
0.491996
0.905395
0.589954
0.387111
1.53343
0.85574
1.79326
1.39915
0.0671692
0.33761
1.02073
0.93452
0.371218
2.9065
0.485888
4.53881
1.68104
0.972985
1.08966
0.875248
1.24831
0.526051
1.69295
0.755431
0.797738
0.380574
2.59636
0.159029
1.43719
0.304526
2.94116
1.72638
12.0004
0.411346
0.405433
0.189814
0.986255
0.921562
0.633801
0.996412
1.01889
0.941019
1.93984
0.515908
3.17811
0.292533
0.175781
0.108085
1.80627
1.27927
0.741286
1.16837
0.472289
0.320256
1.71339
0.243807
0.53921
0.94964
0.73864
0.0402979
0.256808
1.85124
0.449676
0.33382
0.86379
1.09211
0.71939
0.200899
0.299479
0.592571
0.578013
0.410394
0.974637
0.931707
0.461464
0.800274
0.55857
1.83475
0.212223
0.423163
0.451634
0.354862
0.877872
0.541253
1.17247
3.46988
0.385275
0.467671
0.352644
0.406212
0.282574
0.207745
1.65829
1.36719
1.405
0.608091
0.477921
1.92216
0.921582
0.343163
0.340143
0.175163
1.85907
2.93542
1.22896
0.716629
0.484721
0.520437
2.35321
0.808109
0.18752
0.134367
0.557239
0.816615
0.174859
0.65224
0.385364
2.70797
1.41796
2.2076
3.37558
0.113734
2.90848
1.01508
0.42637
0.339009
0.303
1.84503
0.476688
3.46433
0.350411
0.524536
0.0990885
2.01921
0.895375
1.35509
1.17764
0.595932
0.468127
0.859058
0.14432
0.748079
0.362415
1.79292
0.824464
0.636981
0.759124
3.00671
0.977176
0.685255
0.545236
0.0945153
1.54739
0.143623
1.01132
0.301094
0.654902
2.26473
1.61393
0.315658
0.551084
0.533413
1.99804
1.80462
1.91464
1.22976
1.5585
1.06611
1.20654
1.83375
0.790043
0.526432
1.11102
2.4359
0.238847
0.199946
1.61594
0.267659
0.501284
2.14779
1.7076
0.486111
1.09719
0.257856
1.27786
0.437578
2.3621
0.287587
1.502
0.826608
1.18672
2.21164
0.918486
0.470232
0.240718
0.652894
0.664864
0.882806
0.867108
1.1845
0.176185
0.84787
0.306439
0.639073
1.86907
2.05832
1.22687
3.71601
0.951757
0.339454
0.258606
0.663287
0.160905
9.21361
0.517092
0.301684
0.361666
0.303593
1.75232
0.577353
0.258399
0.121352
0.191715
0.273321
3.39658
0.573587
0.236606
2.43574
2.62654
1.43172
0.187192
0.179305
1.50286
0.903985
0.198616
0.368085
0.543773
1.70988
1.31269
0.459948
0.519909
1.78458
1.96116
0.391012
0.270241
0.423549
0.289139
0.221099
0.255625
0.207529
0.880473
1.4084
1.29608
0.360633
0.155363
1.01411
0.165229
0.291957
0.542168
0.587939
1.47829
0.370177
0.93561
0.588704
0.944142
0.57601
1.06262
2.37852
2.69078
1.52216
0.291439
2.4135
0.601568
0.745058
0.101699
0.631857
0.707226
0.514343
2.11962
0.753884
0.883409
1.83582
0.182022
0.24691
0.50764
2.15957
0.318681
0.233593
0.450248
0.537719
1.55672
1.69679
1.84548
0.882547
0.450364
1.19154
0.98495
1.79604
0.527368
5.92143
0.707038
1.38958
0.552423
0.872933
0.937731
0.611469
2.39551
0.632043
0.551152
2.01096
0.680763
1.04497
0.925394
1.88528
0.499345
0.264061
1.7445
0.392622
0.399288
1.41094
0.678022
1.74218
3.21709
0.290729
0.426035
0.786583
0.48098
0.738705
0.36755
1.22647
2.76864
0.739502
0.606509
0.432898
0.3301
1.72317
2.25903
0.234642
2.26057
1.78491
0.889133
0.786393
0.523977
1.11126
1.53598
0.319932
0.338847
0.281151
0.315909
0.262693
0.50294
0.48894
6.03714
0.411345
0.268252
0.631318
0.924843
0.303995
0.410247
1.39499
1.29013
0.370658
1.15907
0.407593
2.05615
0.204217
1.69676
1.25935
1.21144
0.271466
1.24672
0.27049
0.574783
0.284052
1.60568
0.797819
0.00822503
0.430544
2.16404
0.144587
0.42249
0.445017
2.06948
0.52001
0.750538
0.571352
0.31499
1.0696
0.194132
0.973041
4.78099
0.284731
2.21746
1.20873
0.821739
0.433709
1.00627
1.70615
2.56182
0.439924
1.50344
0.189246
0.300541
0.752269
2.02849
2.02557
0.482619
1.47208
0.458228
0.25761
0.730544
0.158773
0.30926
0.937871
0.722981
1.22063
0.395813
0.443556
2.05234
0.324253
2.4628
0.408552
0.497308
1.29262
0.393411
1.10749
0.772056
1.41612
0.784347
0.406109
1.67872
1.94572
1.41369
0.741392
0.700358
0.482566
0.36749
0.549892
1.97566
0.315239
0.996133
0.84721
0.317142
1.51715
0.597596
2.04937
0.74332
0.460044
1.11168
0.255174
1.70347
0.628312
0.342854
0.736694
0.698387
0.859963
0.803582
0.74562
1.09394
0.368174
2.3062
3.30273
1.72196
2.41857
0.377083
1.31348
0.440803
0.600881
2.83782
1.32535
0.558374
0.547226
1.07864
0.502383
0.590772
1.16252
0.988399
0.873188
0.680077
0.565443
0.197818
0.253352
0.617688
0.46818
2.13665
1.35889
0.6344
2.06793
1.61493
0.390475
1.44253
0.538054
0.442072
0.622366
0.391904
0.477519
0.66756
2.557
0.246956
0.303426
2.31559
1.21634
0.611216
0.677236
0.516108
1.27322
0.520972
0.722326
0.566827
1.37587
0.537674
0.401224
0.941445
0.515484
0.946005
0.28987
1.90899
1.96449
1.66293
3.12849
6.5169
1.5437
0.408054
0.905335
0.368106
1.2237
1.30325
1.93715
1.65331
1.32306
0.277541
3.19538
1.67238
1.12331
0.294231
0.211712
1.90448
0.491143
2.42857
0.34844
0.365179
0.437245
0.622946
7.38436
0.707589
0.965922
0.44036
0.19304
1.73791
6.36812
0.502884
0.393086
0.302884
0.277206
0.55082
0.533291
1.37301
0.504838
1.18601
4.34734
0.313663
0.905027
0.8145
1.25657
1.22109
1.27115
0.304585
0.228774
3.54873
1.71774
0.451774
4.06337
3.33347
0.493046
2.35854
0.913562
0.360298
0.818091
0.929964
0.602746
0.844427
0.254631
1.00572
0.401559
0.86899
1.6264
0.581183
1.59758
0.429688
0.807524
0.528869
1.17143
1.37828
0.312244
1.54261
1.65817
0.320103
0.579026
1.31357
1.72125
0.51294
2.72185
2.13977
2.00287
2.20776
0.774436
0.868692
1.12365
1.24704
1.63469
0.189603
0.599346
0.969295
1.05289
0.296438
3.36967
0.62377
0.327274
0.506667
0.726369
2.00297
0.949672
1.33094
0.413308
0.419115
1.47726
0.518072
0.19315
1.52464
0.895286
1.75686
0.628662
0.539114
3.782
2.19152
0.649451
0.392359
1.94055
0.407909
1.31598
1.56341
1.61359
0.73659
0.458665
0.789548
0.358928
0.801523
0.265575
1.62157
0.0686012
0.240775
2.43636
0.488865
0.855861
1.1667
3.37042
0.442088
4.87888
0.962046
0.191341
0.289662
0.698901
1.12076
1.45379
0.441014
1.42607
1.58227
2.9541
1.82093
0.742516
1.35067
0.499706
2.5074
1.45582
1.40308
1.36769
0.647443
0.676814
0.640162
0.758738
0.227833
3.00515
0.161205
0.383229
1.4015
0.341558
0.480363
1.22399
0.452145
0.367539
0.590092
0.652949
1.91576
2.07671
0.0762628
0.85216
0.435012
0.322421
0.313159
1.73875
5.63783
1.18879
0.317706
0.21256
2.12913
0.503932
0.345264
2.49422
0.653989
3.08023
1.86506
0.322283
0.730334
0.396246
1.24082
1.414
0.319214
1.31045
0.255419
0.285164
7.44202
1.3347
0.261394
0.441431
2.80562
1.54993
0.455862
0.248801
0.272626
0.888915
0.550953
0.519613
1.08349
1.76793
1.06805
0.444621
0.955889
1.78292
0.538486
0.806719
0.551532
1.44345
0.265637
1.1981
2.7854
1.40402
0.469016
1.3188
0.867504
0.337211
0.79945
0.42131
0.480131
0.774874
1.2496
0.830994
2.06945
0.732261
0.18838
1.09646
1.04363
0.703275
0.598809
0.542395
0.369782
0.375752
0.611371
2.17711
0.785322
0.50361
0.674115
0.206881
0.345688
0.6004
0.567331
0.662939
1.64459
0.631627
0.64985
0.750449
3.42833
1.46238
1.3501
0.846485
0.661797
2.14572
0.701325
1.99081
0.186014
0.358502
1.68939
0.113743
0.802172
0.60776
0.0863538
0.61664
2.34913
0.459985
0.298208
0.888793
0.649673
1.44571
2.16241
0.429622
0.576777
0.471887
0.437068
1.91338
2.78738
1.47343
0.223368
0.337232
1.18542
1.06138
0.383752
2.06891
0.501563
0.367264
0.254954
0.528417
1.4318
1.9665
0.550474
1.46871
1.65316
6.46367
0.414428
1.55082
0.905673
0.625449
1.85358
1.46916
0.170726
0.777936
0.744506
0.466429
0.262438
1.53702
0.415173
0.337761
0.479986
1.15782
1.89345
1.6701
1.29277
0.239519
0.208715
0.722826
0.659217
0.714589
1.06417
1.7067
0.555405
0.262379
1.26315
0.632201
0.780279
0.427415
1.94777
0.383798
1.31966
0.47703
0.197842
0.429279
0.265046
0.652088
0.44901
2.16406
2.16363
1.0087
0.136701
1.01152
2.22377
1.53346
2.14596
0.46716
0.6757
1.87615
0.603659
2.55298
1.28837
0.955137
1.15726
0.882715
4.72853
4.60411
0.87955
0.92128
0.505327
0.532976
0.295192
0.354056
1.38352
0.35974
0.425972
1.57364
1.99521
0.145848
0.0932122
0.448654
4.90945
0.206361
0.743492
0.697645
0.442246
1.45166
1.35014
0.896527
1.26597
1.46456
0.721339
0.461217
1.57023
1.75132
0.541859
0.785493
0.775099
0.440856
2.13714
0.945092
0.473063
0.563067
0.872249
0.482786
0.300849
1.24597
1.96876
0.656452
1.39636
0.317327
0.83682
0.139989
0.463873
0.551256
1.68135
0.249925
0.217926
0.551608
0.418499
0.270647
0.735013
0.417039
0.995083
0.543093
1.66056
0.914478
1.05682
4.21044
0.307069
0.200642
1.29972
1.28586
0.477972
1.24186
0.701369
2.1466
1.52927
0.756177
0.243336
2.18173
0.158447
0.893913
0.877015
3.27575
0.748954
1.07737
1.4199
0.552242
1.99314
0.522547
1.56721
1.19751
1.18677
2.38839
0.726502
0.232645
3.78225
0.421826
2.31873
0.917805
0.604683
1.28454
0.511713
1.11933
1.86268
0.190303
0.720413
0.853394
0.956071
0.519896
0.375136
0.676447
0.532954
1.35155
9.48988
0.467522
0.38573
0.784306
0.701287
0.378164
1.34704
0.749913
1.13263
2.77031
0.361266
1.02713
0.391638
0.595133
0.515031
0.68654
0.727927
0.532611
0.453092
1.48996
2.62509
0.590898
0.536621
2.32295
0.777259
0.350201
0.964825
0.17882
3.21104
1.06275
2.33094
1.00242
1.36534
0.12286
0.293286
1.85078
1.15845
0.26452
0.730847
0.508083
1.03598
1.12626
1.58468
0.832145
0.521021
0.889102
2.2497
0.58378
0.169454
0.513814
1.79886
0.789644
2.53845
0.427144
0.291088
2.52082
0.190432
0.329288
1.73268
1.93279
1.53154
1.16318
0.343817
0.788202
0.0525061
2.50935
0.707791
0.176688
2.83869
0.649207
0.402474
0.609087
1.63949
0.876365
0.64913
0.248907
0.503624
2.64022
1.60905
0.237834
4.37702
0.136049
0.572153
0.466373
0.977203
1.04895
0.873317
0.340871
0.324012
0.465867
1.01136
0.390694
1.06944
0.280029
0.337319
0.772379
0.463858
0.286118
0.784011
0.383299
0.891371
0.813108
1.8784
3.63164
0.602083
1.20704
0.563109
0.0844522
0.899521
1.90519
0.163623
2.01015
1.34933
0.0823097
0.524401
1.54655
0.442911
2.71956
2.33651
4.65823
0.360289
0.473707
0.961211
2.62814
0.45871
0.408403
1.1137
0.591046
0.254079
0.402159
0.485905
1.21796
2.00548
0.400585
0.61454
0.415357
0.677066
0.831445
0.213518
1.81595
0.402735
1.02929
2.08701
0.642229
0.620125
0.624209
1.10684
1.00453
0.360825
0.418905
1.91099
0.371377
1.37171
0.414647
0.99969
1.29693
0.254189
0.288033
0.74885
1.60901
0.413185
0.370801
1.82913
2.57341
0.0990458
2.71213
1.0413
0.204794
0.666229
1.56581
4.32906
0.48457
0.684773
1.66335
0.42646
1.05048
0.427541
0.589477
0.922035
1.32058
0.973123
0.221585
2.98157
1.85178
1.38182
1.31711
7.56975
2.74025
0.999517
0.432839
0.612842
0.640744
0.662988
2.94925
1.4508
2.07618
0.796983
0.988893
1.7965
0.335701
1.4496
1.91207
0.493461
0.456975
1.14115
1.26983
1.06019
0.33468
0.662538
0.41874
0.672284
0.472641
0.665948
0.489109
1.13652
1.39835
0.898842
1.06114
4.35241
1.36799
0.217225
0.415451
0.427738
2.20584
1.29743
0.465841
0.332605
0.50639
4.47194
0.199595
1.82271
0.71212
0.151588
0.521363
0.54589
1.46017
0.362872
2.27241
1.66386
1.09084
0.409751
0.630472
1.57578
0.562989
0.378724
1.4439
1.43804
0.413516
1.31723
0.190902
0.932742
0.589557
1.98882
1.17999
4.09709
1.33679
1.71217
1.78213
0.473823
0.396855
0.608982
1.86804
1.49817
1.82604
0.453093
0.70606
2.11522
2.17999
0.255511
0.982251
2.29403
1.33472
0.826066
1.79335
0.655833
0.755667
0.632711
0.303256
0.200271
0.688258
2.56527
0.230522
0.289641
1.05482
0.865474
0.462301
1.10721
2.10831
0.472678
0.0718003
0.289882
3.30189
0.422256
0.752135
0.255631
2.8681
0.674757
0.384618
0.607679
0.132759
1.53207
0.794172
0.223421
0.121371
0.852809
0.207222
0.556996
1.76094
2.35035
1.69058
3.37595
0.28628
2.98493
0.779974
1.51711
0.241218
0.446828
1.37304
1.80359
1.84253
1.90888
0.23439
0.311482
0.445117
1.57911
1.63587
0.269092
1.98527
1.50321
0.222551
0.312129
8.34928
1.58066
0.753192
0.55599
0.631472
0.629262
1.11388
0.475274
0.314381
0.880367
0.465476
3.94271
1.48322
0.494373
0.458839
1.94949
0.60118
1.71396
0.886561
0.965663
0.397479
0.786092
1.88488
0.912015
0.592201
2.01184
6.56043
1.0901
0.971767
1.60532
1.08767
0.229727
0.60234
0.522434
0.233882
2.11597
0.739809
0.774726
0.349682
0.534883
0.503828
1.31067
0.128393
0.464665
1.18727
0.837431
0.692193
0.643626
1.68752
0.437253
1.12562
1.18018
0.255411
2.63861
0.428521
1.77558
1.23083
0.172581
0.411673
1.70825
1.79101
0.588691
0.336989
0.527722
0.514181
1.39523
1.78219
0.70331
0.932207
1.58618
0.520076
0.3052
2.41104
0.256322
0.285464
0.220794
0.737883
1.7691
1.52424
0.371647
0.777399
0.141094
0.248585
0.513671
0.579975
2.13417
1.11039
0.304478
0.453969
1.43467
0.450388
1.42755
0.398993
0.687716
2.00103
0.610256
1.30886
0.238724
1.94049
0.21278
0.260246
0.34633
2.30114
10.6058
1.73425
1.35143
1.89358
1.60861
1.11178
0.484169
1.01613
0.590472
1.27465
0.569546
0.818484
1.66303
0.128027
0.211678
0.0889295
1.54034
0.887117
1.86352
0.401515
2.01773
1.69332
0.353488
1.21975
1.59395
0.240528
2.26118
0.885333
0.337045
0.701638
1.44724
0.680775
0.549369
3.62431
0.463953
0.854239
0.599213
0.671637
0.772562
1.08
0.485921
0.802665
0.68216
1.88801
1.42839
0.981634
0.527562
0.945185
0.238675
0.296274
0.207966
0.286839
0.745793
0.19679
0.100485
0.348358
0.435151
0.640953
0.439674
0.128483
0.921144
0.268813
0.342632
0.954861
1.97158
1.61983
0.585943
0.308063
0.354674
0.537865
1.13244
0.581913
1.66826
1.832
0.434374
0.982139
0.964895
0.280383
1.05406
0.393707
0.157716
0.291256
0.422254
0.878677
0.389015
1.51264
0.549419
0.681704
0.383073
0.639664
0.492761
2.11046
0.779828
0.278674
0.447402
3.1519
0.125477
0.637134
0.197149
1.08492
1.65569
2.31446
0.215632
1.22482
3.35122
0.956886
3.47204
0.337179
0.573605
0.902823
0.775057
0.302134
0.76672
1.36722
0.956678
1.87722
1.36674
0.093841
1.16613
1.52207
2.49684
0.351689
0.504234
1.57962
1.41011
1.65055
0.279572
1.15429
0.205933
4.259
1.29248
1.02553
0.428032
0.697247
0.843428
1.00389
0.31661
1.04419
0.762508
0.543456
0.309231
0.667432
1.29219
1.06556
1.25937
1.04689
1.71816
0.447522
1.72616
0.180233
0.568947
0.37169
0.556248
1.34964
0.705665
6.41021
1.33571
0.604843
1.2595
0.216322
0.830676
0.172925
1.31879
0.629124
2.20162
0.780899
1.35469
0.674358
1.51108
0.562146
1.04795
1.1027
0.396581
1.32862
0.249344
0.947598
2.3009
0.612285
0.323711
0.320165
2.27095
0.425998
0.378666
0.43779
0.495234
0.171422
0.436833
2.0215
0.829679
1.88871
0.880907
0.791987
0.282251
2.04308
0.174951
0.754698
0.370134
0.371633
1.59496
1.33307
0.845176
1.56744
2.08755
0.320497
0.613643
0.861466
2.05633
0.433144
0.946434
0.571725
2.42489
0.48053
0.164648
1.42971
0.599417
0.436037
1.13499
1.18994
0.216988
0.387863
3.04569
0.388944
2.56719
0.247942
0.75914
0.652126
0.328938
1.19574
0.636049
1.35456
0.321189
0.731973
2.33133
1.99705
0.820811
1.4784
1.58758
1.46658
0.452694
1.23204
0.32134
0.44029
0.26256
0.246572
0.379752
0.82504
1.75895
0.273066
0.173865
0.82524
0.224684
1.56768
0.949
0.901012
0.351138
0.525269
0.405518
2.12533
0.779123
2.0091
0.343343
0.193573
2.07849
0.67843
0.416072
0.766486
2.05419
0.662665
1.77269
1.74756
0.165257
2.59548
1.98638
0.524482
0.995578
0.968076
1.47667
4.92883
0.857459
1.8746
0.846387
1.07887
0.430099
0.361136
1.08323
1.31013
0.343464
1.22711
1.03183
1.32202
0.299925
0.301931
0.899671
1.46636
0.222468
0.222003
0.350504
0.4697
2.31914
0.416298
1.66607
1.8803
0.958258
0.215318
0.405189
0.0599726
0.950118
0.722467
0.189563
0.668357
2.04732
0.190464
0.206376
0.160298
0.83666
0.471072
1.03257
1.33842
2.46824
0.87638
0.904701
1.58278
0.308825
2.74609
5.72956
2.49218
0.580225
0.585544
0.199414
0.240048
0.148974
1.24394
0.508892
2.98978
0.482065
2.12937
0.223253
2.96986
2.52979
2.24086
0.743913
0.313853
1.98617
2.14916
0.750392
0.988691
0.613123
1.25618
0.751752
1.40065
1.45569
0.581154
0.500433
0.606624
1.58853
1.46716
0.781124
0.332624
0.535224
1.87662
7.13992
0.678258
0.955116
1.52451
0.661663
1.82125
2.26909
0.1613
1.43449
0.975163
1.11163
0.667976
2.46809
2.01162
0.531474
1.53312
0.345999
0.361786
1.81116
0.230808
0.114201
0.590782
2.0201
0.29977
0.487294
0.271011
1.67678
0.401446
0.636507
0.316887
0.317666
0.714963
2.1583
0.550589
0.159153
1.14841
1.26596
0.453632
0.278883
0.190177
2.05903
1.0355
1.32668
1.29448
1.41294
2.1892
0.908639
1.34521
0.233105
1.23871
1.57761
1.64449
1.22167
0.360664
0.986414
0.262552
0.791178
0.359707
0.117681
1.87575
1.40003
1.19673
2.31001
1.29718
1.23468
0.871861
2.18155
0.755689
1.70565
0.763133
1.84807
0.325331
0.181094
1.72677
0.522595
0.884817
0.438977
3.0949
2.56888
1.55177
0.223631
0.302625
0.0884932
0.505492
0.460836
0.18863
1.16396
0.469628
2.06556
1.57241
1.36373
2.24323
1.02657
0.225845
1.82682
1.72495
0.413248
0.604789
1.88857
0.359028
0.775284
0.193583
0.238678
1.58021
0.638398
1.73023
1.33334
2.89253
0.809791
12.0594
1.08183
0.856182
0.874708
0.519239
1.24013
2.47421
0.266821
1.56651
0.468532
0.261181
3.38815
0.135299
0.374927
1.61283
1.01538
0.309717
1.05802
0.72358
0.11479
0.750469
0.112618
1.11697
0.611683
1.33711
1.00962
0.66582
0.251702
0.117993
1.14927
1.0358
4.81838
0.329621
1.59564
1.87474
1.1588
1.05271
0.635514
1.725
0.482278
3.17179
1.46459
2.38079
0.796362
1.93094
0.320665
1.39747
0.709513
2.48059
0.828636
0.359385
0.233696
1.33889
1.52181
0.752658
1.06616
1.24569
0.919971
1.45479
0.858977
0.947593
1.943
0.868013
0.313735
1.01397
0.390509
1.73828
0.593405
0.741897
0.781622
1.00117
0.189403
0.630834
0.278838
0.435431
1.02853
2.65889
1.69356
1.27053
1.44732
1.67746
1.53553
2.15122
0.423814
0.502416
0.497481
1.57445
0.405654
1.60935
0.90098
0.160813
1.45438
1.24364
1.03057
1.06047
0.466574
0.164182
0.179518
0.935717
0.87618
0.765892
0.332966
0.411203
0.765803
0.150275
1.38925
1.43032
1.38981
0.430111
1.95327
0.518414
0.339592
1.35949
1.60146
1.74359
1.43065
0.643483
0.18332
0.563958
0.248566
1.13431
1.67808
1.6145
0.315349
0.907646
0.474167
1.92824
1.4345
1.03868
1.10465
0.356723
1.40285
1.17526
0.143817
0.654329
0.306275
0.672106
0.70533
1.47244
2.36067
0.701062
0.132484
9.31366
0.704145
0.478832
2.01778
0.910826
1.3364
0.557261
1.92738
0.316875
1.96363
2.21616
1.35303
1.78417
1.02802
0.289555
0.508203
0.192063
1.46438
1.24963
1.46197
1.48827
0.275036
0.835322
0.698445
0.45081
0.694693
2.48088
0.694898
0.730834
0.234421
0.426879
0.303954
1.16413
4.56881
1.44348
5.95915
0.264834
0.407622
0.458921
1.13796
1.61718
1.03245
0.998068
1.11721
1.14129
0.774911
1.13044
0.11912
1.47641
1.22569
1.90807
0.318666
0.228882
0.258656
1.92843
0.71517
0.859068
1.09408
1.66416
2.57556
0.393269
1.29663
0.883412
0.940681
0.486259
0.458182
0.956797
0.558142
3.13371
0.978817
2.2589
0.40136
1.84538
0.67066
0.836255
0.52178
0.177824
0.803401
0.278537
0.268231
4.09551
2.09953
2.1975
1.08648
1.73416
0.705614
3.68735
1.19186
0.949737
2.34753
1.53711
0.698033
6.40253
2.1535
0.486723
3.0884
0.589223
0.407816
0.713879
0.463639
0.237786
2.29849
3.38543
0.477041
0.186459
0.862985
0.424719
0.429156
1.32168
0.856872
0.309533
0.372554
0.940538
1.11312
0.442164
0.339854
1.56279
1.6062
0.461765
0.655837
1.53424
3.11279
1.08854
0.262598
1.38164
0.649289
1.25292
0.244481
0.68193
2.16173
0.44543
1.66318
1.14287
0.855448
0.784695
0.8314
1.6242
2.22679
2.03097
2.16618
0.618235
0.962531
1.14881
0.401726
0.878021
0.855591
0.77006
0.47104
0.525918
1.3949
2.02879
1.1286
0.272128
1.07381
0.351579
3.35203
1.43273
0.525127
0.900299
1.09447
1.02801
1.64913
1.33777
1.35496
2.22671
0.913224
0.397014
0.322972
1.39461
1.38783
0.831542
0.452849
0.847666
2.59497
0.250847
0.625582
0.934792
1.38358
0.722031
6.3518
2.29758
0.786673
0.469255
0.254961
1.90606
1.07222
0.347892
2.01658
0.611514
1.04918
1.92427
0.330907
1.0892
0.610852
0.453658
1.19165
0.334532
0.394663
4.77961
0.555716
1.5145
0.651206
0.793788
0.523758
0.519552
0.941692
0.509316
0.393424
0.816092
0.71252
0.632063
0.0548476
7.43534
1.00622
0.796358
1.45693
2.21224
0.33076
0.963644
1.70216
0.616138
2.38792
0.437291
0.285163
0.311618
0.466568
1.30291
0.810524
1.04601
0.809194
0.221596
0.478928
0.258848
2.53971
1.22256
0.545006
2.09349
1.86821
0.344899
0.835576
0.717327
1.53791
0.416424
1.4075
1.52897
0.526621
0.452426
0.419498
0.900791
0.227957
2.33219
0.365348
1.34113
0.773796
1.2008
0.428742
0.239294
1.00317
2.10438
0.94013
0.299405
0.601145
0.654091
1.55883
0.100113
0.276777
0.308555
1.04902
1.19807
0.649895
0.964834
0.264536
0.565011
0.490848
0.132418
0.61181
0.281193
0.484878
1.95321
0.534052
0.504972
0.436053
1.24537
0.386149
1.317
2.13963
0.591794
1.09693
1.87524
3.37986
0.580349
1.61359
0.688856
0.882841
0.0859126
0.587712
1.93671
2.16379
1.75871
1.02717
0.533341
2.12892
0.554196
0.216528
0.257038
1.53801
1.64738
1.3357
1.93501
1.70471
0.090415
0.684532
1.67261
1.18014
0.188348
0.378093
2.4064
0.623608
0.711187
1.15833
1.10496
1.14011
0.872617
0.170974
1.09833
0.59711
2.03513
1.5014
1.2594
0.141405
3.16528
0.710673
0.340113
0.827118
0.440759
0.604068
1.909
0.389713
0.405165
1.22317
1.11448
0.152375
0.279745
0.646883
1.47056
1.06343
1.40486
0.590412
0.440778
1.53158
1.94461
0.816572
0.3158
0.891623
1.09069
0.738302
2.16249
0.783833
0.700141
0.166725
0.308987
1.18666
0.408008
1.36463
0.292378
2.25035
0.322989
0.893426
1.01473
0.479362
0.3072
0.246067
0.532692
0.398765
1.97553
2.94241
0.934566
0.844658
1.89782
0.498193
1.371
5.56366
7.06245
0.151911
0.699071
0.702892
0.581038
0.552391
1.20577
1.25066
0.348989
0.571796
0.709788
0.243685
2.06663
1.50378
0.400658
0.310259
0.795135
0.663286
0.585757
0.180194
1.23429
0.694055
0.985518
1.49928
0.448998
0.714656
3.59468
0.467816
0.603701
2.19669
1.91458
1.81399
2.29434
2.98673
1.45503
0.537581
0.396454
0.484644
0.444102
0.721423
0.369688
0.448236
2.74403
0.477308
0.381118
0.311853
0.897949
1.71911
0.421595
0.857981
2.41995
1.35737
0.864155
4.5974
0.586127
0.498086
0.344181
0.48749
1.02564
1.45216
4.62813
0.556124
0.911591
1.31203
0.257631
1.186
3.27648
0.894683
1.25202
0.485632
0.675657
0.586111
2.03328
0.365957
0.227062
0.281439
2.23932
0.300923
1.55097
2.74394
2.31712
1.20759
0.466965
0.970907
1.00806
0.387847
0.917365
0.574314
1.53827
0.84204
1.8478
0.779468
0.827873
2.05513
0.239441
0.5032
0.828122
0.95665
1.67891
0.0908246
0.252306
0.591484
0.41848
1.39319
0.513227
1.19158
0.341199
2.33467
3.77522
0.937186
0.149261
2.98796
1.04827
1.64836
1.60219
0.708394
0.426801
0.567247
2.58647
3.71411
2.5362
1.00677
0.278293
0.338578
2.01232
0.160132
0.606131
1.84286
0.979539
1.34438
0.856939
0.892835
0.244698
0.727951
0.20317
0.440287
0.782637
1.621
0.368143
0.859003
0.575764
0.132474
0.589363
0.901836
0.234679
0.9108
1.11093
1.98115
1.59587
0.475768
1.54826
0.436119
0.788176
0.236764
0.413763
0.0591805
0.427502
2.12564
0.796504
0.430562
0.673522
0.483879
0.944329
0.697946
1.23053
0.445321
1.16708
0.489554
1.14554
3.40909
2.19878
0.475162
0.260453
0.214665
0.427954
0.36558
0.401023
0.409537
2.54504
0.626124
0.681183
2.62546
0.75124
0.903811
1.45444
0.358413
0.249152
0.532937
0.444593
0.406993
0.410889
1.29248
2.41763
2.32724
0.838083
0.530064
0.938569
0.264927
0.195372
1.14999
0.340529
0.365696
0.993224
2.99251
0.205144
0.702363
0.902318
0.815307
0.172515
0.669127
2.09907
0.448307
3.25572
2.8279
0.329348
0.47578
0.327216
1.9144
0.331809
0.869518
0.193056
0.733429
5.62825
0.311502
0.44735
0.550225
0.631513
0.518379
2.1139
1.34337
1.37622
1.14107
1.65522
1.77969
0.631517
4.17028
1.55762
1.70284
1.19027
1.39943
0.313663
1.72047
0.510394
0.409144
6.57938
1.64502
1.23128
0.593354
1.3952
0.634519
0.594285
0.692849
0.617633
0.922113
0.914339
1.40569
1.50087
1.10568
1.96328
0.366642
1.05285
0.36533
2.83304
0.168019
0.326044
2.1846
11.4908
0.632163
0.313543
0.150661
0.774251
0.35399
0.350923
0.962256
0.878932
1.45576
1.52982
1.42086
1.37669
7.14543
0.493305
0.27851
1.73634
1.28076
0.694121
2.05468
0.44019
0.687592
1.02144
0.820535
0.226108
1.4745
0.314725
1.6521
1.01995
1.55908
0.83522
0.996665
0.162747
0.999814
0.716241
0.124352
1.51348
0.290721
0.0474391
0.345473
2.37743
1.60678
1.26743
2.7484
0.835192
0.68414
0.894825
0.379259
0.759279
0.309769
1.22465
1.28644
0.465569
1.38477
1.37117
1.14931
2.30387
2.29159
0.425213
1.49041
1.88528
1.22803
0.783665
0.192769
1.69194
0.468898
0.362869
0.271882
0.679263
0.810573
0.667961
0.738322
3.23952
0.216971
0.288032
0.339371
1.43667
0.128188
0.824534
1.90653
0.274029
0.584369
0.470405
0.610296
2.3863
1.39456
5.35311
0.70501
1.23837
1.2284
0.962759
1.11459
0.402243
0.799845
0.424784
0.216445
1.43194
0.317684
0.541645
1.32369
4.74332
1.67506
1.24431
0.231632
0.568901
0.635454
0.259603
0.760523
0.241417
1.28765
1.35836
0.79638
1.61955
0.177136
1.75228
1.94526
0.326163
1.75749
0.716447
1.18094
0.374577
1.14088
0.547564
0.25362
0.292205
0.541565
0.420443
1.44312
0.848104
1.48421
0.267908
0.34841
0.131922
0.702155
0.434942
0.816422
0.163228
0.81568
0.37006
2.09394
0.623713
1.33453
0.90554
0.823464
0.928526
1.21886
0.290077
2.87373
1.03701
0.609731
0.279569
1.02382
0.647744
0.273159
0.35585
0.75957
0.534415
0.617375
0.540838
0.607018
0.322975
0.923624
0.242173
0.531645
2.45358
0.484938
1.43996
0.886292
0.429536
1.55276
0.712976
0.540205
0.271204
0.392001
0.905046
0.284642
1.95357
0.693223
0.285364
2.6696
1.54084
0.25554
0.293387
1.92041
0.402813
1.07066
0.625682
0.241424
0.412088
0.245757
1.20924
0.883735
0.27125
0.973253
1.17941
0.886868
0.76194
0.824952
0.916325
0.439487
1.10535
0.711008
0.408269
0.636821
0.171811
0.86555
0.884037
0.126363
0.538425
0.193263
0.525295
1.04851
0.226308
0.770363
0.812199
0.375266
0.169028
1.1217
1.98604
3.08211
0.461784
0.591818
0.301966
0.486019
0.372826
1.29316
3.44046
1.85937
0.541371
1.19304
0.61022
4.96054
1.76093
1.93097
3.21304
0.365236
0.582186
2.84334
0.651258
0.289958
3.17341
0.459785
0.324689
0.799679
0.412627
1.16193
0.338529
0.765914
0.455819
0.394103
0.327984
0.405664
0.808175
0.296669
0.458522
0.720372
0.307332
0.710021
1.05866
0.745327
0.411304
2.68458
1.2171
1.45161
2.47379
0.876538
0.98945
1.64721
0.446078
0.42768
0.2238
0.271383
0.561463
1.79192
6.59362
2.10207
5.53076
0.383966
0.430062
1.16262
1.58488
2.43236
0.975028
1.15263
0.477147
1.08519
0.414272
0.465068
0.764204
0.698878
0.508354
1.26112
0.926469
4.1758
0.701355
0.369687
7.30279
0.375772
0.316325
0.332155
0.677719
1.96293
1.04335
1.28157
0.666721
0.342182
1.51479
0.442646
1.87796
6.06934
0.466465
1.14189
0.600371
2.26165
1.65278
0.391768
0.857133
2.26962
1.16696
0.0932393
0.488154
0.221933
1.0931
0.245047
1.12355
0.238287
2.52762
0.302904
0.628011
1.64594
2.31192
0.262941
0.603311
0.782066
0.25898
0.617839
1.56939
0.377737
2.6421
0.478669
0.369111
0.195171
0.383772
0.672584
0.571881
0.468083
0.639825
2.30282
1.87088
0.710422
0.6938
0.437728
0.851995
1.406
0.697236
0.313896
0.328333
3.00469
1.64607
0.365921
0.754947
0.750806
0.862007
1.23694
1.1773
0.312243
1.49866
0.345282
0.216299
0.392833
0.360519
1.64437
0.169772
0.374861
1.50096
2.02127
1.00838
0.88575
1.10486
0.890453
0.475288
0.323758
0.558041
0.98868
2.1223
0.222165
0.299327
2.08726
0.505056
0.816845
0.676023
0.353554
1.86332
3.0077
1.74076
0.976809
0.383001
0.367338
1.28941
0.77944
12.3803
0.636873
2.20709
0.273897
0.208406
0.260016
0.817354
0.124243
0.435878
0.131636
1.86438
1.73431
0.576559
0.315006
0.554076
0.901651
0.526326
0.38556
1.91319
1.10852
0.540488
0.553134
0.644179
0.925789
0.735267
0.2788
1.77348
2.67507
0.423772
2.20246
0.464204
0.72778
0.537983
0.117939
0.506696
1.21698
0.857839
0.367249
0.831183
1.86648
0.313594
4.73427
0.481724
1.4703
0.191333
1.69916
7.27577
0.644424
0.420123
1.85001
0.186488
0.520699
0.249541
0.782689
0.118791
1.14113
0.512508
0.919841
0.16371
0.0923412
0.548096
0.179611
0.143706
0.781078
0.68744
0.680636
3.71463
0.173401
1.47936
0.574199
0.788509
1.71173
0.956617
1.97107
0.637475
2.22128
0.876354
0.160748
1.32864
0.403574
0.443597
0.690257
1.25622
1.12415
0.39435
0.626129
0.64475
0.384252
1.48604
4.68635
0.757892
0.435471
0.427709
0.391529
0.839849
0.313527
0.56703
0.642321
1.44545
2.09647
1.15767
1.84144
0.455278
0.414657
0.518556
0.582765
0.0254079
1.31923
0.472421
1.53906
0.482241
0.334688
1.61569
0.419719
1.6535
0.213043
0.729276
0.599535
0.721416
1.20375
0.977428
1.08752
1.1238
0.812231
2.12956
0.540543
0.758855
1.74329
0.241903
0.593708
0.627882
2.14741
0.326111
0.25742
0.837796
1.40516
0.410937
0.756884
0.203734
1.51372
1.4137
0.831144
0.445757
0.357259
0.474014
0.495643
0.87255
1.07542
2.22005
1.88585
3.54681
1.71842
0.712855
0.118878
0.163063
3.20058
0.38458
1.2745
0.563715
0.210415
0.814308
0.529117
1.80809
0.1882
1.0376
0.337519
0.37492
1.18328
1.63423
0.75823
0.750326
0.358194
0.956341
0.630553
0.308371
0.818767
0.324443
0.678732
1.49107
0.162436
2.08369
2.468
1.0435
0.240346
0.165438
1.54196
1.84634
1.88241
0.981873
1.245
1.47234
1.33944
1.20202
2.04553
0.921736
0.129971
0.478672
0.549895
0.973418
1.79056
0.405442
0.23791
1.48218
0.297281
1.10298
1.97968
9.78972
0.216082
0.227443
0.467522
0.464547
0.796749
1.85744
0.648448
1.1237
0.889861
2.57406
0.53729
0.750175
0.404904
0.613305
0.724021
0.350622
1.48694
0.450822
1.37624
1.48285
1.37661
0.134792
1.51661
0.818059
0.33507
1.57822
2.91628
1.83462
0.399778
0.256075
0.521185
0.351275
1.13141
0.462541
0.148322
1.98564
1.05609
0.723267
0.19041
0.383774
1.10912
0.680759
0.551882
0.206776
0.385014
0.215805
0.214587
1.1675
1.34386
0.784739
0.213675
1.77031
3.25774
0.171904
0.333624
0.292304
0.797242
0.419134
1.75145
0.243716
0.649727
6.80826
0.921452
0.188076
0.932776
1.59047
0.219843
0.481218
0.987328
0.509062
0.672516
0.639111
1.43428
1.03948
1.24955
2.0099
0.480462
0.216327
0.668464
0.132782
0.357497
1.6914
0.653059
0.243318
0.617373
2.73016
0.8388
0.399484
1.00778
0.688188
1.25066
0.679433
2.02602
1.49819
0.507108
0.381825
1.12707
3.13278
0.754748
0.471263
1.71364
0.546267
2.15696
0.788311
0.44662
1.05748
0.36516
2.89628
0.70548
0.992964
0.50564
0.148857
0.21011
2.03584
0.581656
2.6302
1.868
0.201433
2.53194
0.917842
4.02952
1.39946
0.688985
1.14222
1.50385
0.512738
0.614559
0.119258
1.87748
0.339009
0.363147
0.541585
1.26053
0.493805
0.132302
0.363608
1.48178
0.405682
1.34337
1.44665
0.481023
0.484368
0.303745
0.543714
0.437924
0.407031
0.527935
1.03123
0.304225
1.95589
0.419272
0.296364
0.341594
0.379208
0.108013
0.517259
0.511244
2.91228
4.84503
1.91478
0.284346
4.28345
0.480286
1.02656
2.50611
0.939501
0.335579
1.02943
0.692833
2.86054
5.14991
1.26158
0.404564
4.09987
0.945493
2.45114
0.523988
1.21987
0.963148
2.24084
0.637662
0.470825
1.79795
2.60417
0.340889
3.41996
1.76838
0.854589
0.59314
0.920885
2.30396
0.0432266
0.252057
0.614991
1.48332
1.87172
5.21368
0.572421
0.425352
0.488397
1.2068
0.453488
1.5513
3.81531
1.0009
0.807046
1.95316
0.250405
0.697382
0.218274
1.3997
1.0223
0.582898
1.1056
0.464506
0.111757
0.730833
0.958683
0.57611
0.82436
1.65682
0.342054
0.464778
0.882795
0.147534
2.21403
0.375359
0.489667
0.722372
0.10099
1.35643
2.86368
10.9487
1.3235
0.336662
0.758083
0.390117
1.65852
2.28765
0.367167
1.35597
4.57065
0.271348
1.09571
1.38077
0.597268
0.437334
0.542316
2.65736
0.201351
0.876363
0.716135
2.32302
0.9721
1.45075
0.511671
0.0707553
0.696182
1.7175
1.5015
0.498961
0.54827
0.253724
1.56866
1.36697
1.65139
0.198097
0.933297
0.805832
0.106135
1.29447
1.37517
0.940571
0.933035
0.333604
1.69754
0.98564
1.54072
0.493196
1.58019
0.358571
2.21275
2.17841
0.858119
0.25015
1.7451
0.18673
0.287914
0.544049
1.19936
3.67021
0.365223
0.886027
1.50688
0.220417
1.24727
0.705701
0.325335
0.361584
0.331023
0.34288
1.67677
0.609588
0.247445
1.01027
0.71132
0.585544
0.375976
2.19167
0.534395
0.495344
0.225251
1.22019
0.320419
0.458532
0.820691
3.28087
1.10513
1.32323
0.544593
2.20801
2.07098
0.338311
0.428045
0.748242
0.989552
2.00127
0.660225
2.06319
0.497501
0.396053
0.241756
0.447906
0.448548
0.261546
0.576174
0.237206
0.982884
0.339446
0.569282
0.313204
0.690751
1.77134
0.226481
0.47611
1.67188
3.92541
1.42216
1.68898
0.336068
2.00825
0.775555
7.17952
1.00394
0.774763
1.19605
1.47396
1.53757
0.464583
0.377939
0.435499
0.906166
1.66118
0.860809
0.378717
0.256643
0.619577
0.995157
5.04041
2.3159
1.0029
0.820804
0.712611
0.648004
1.00693
1.25785
1.09902
0.689037
0.478744
0.617996
2.31187
2.01049
0.38207
1.51295
1.35262
1.07378
0.239369
0.628918
0.085014
0.688962
0.998694
0.57001
1.17199
1.8532
0.626252
0.721814
0.813419
3.50449
0.655239
0.476631
1.48715
0.332737
1.46493
4.1676
0.611329
0.600496
1.37352
0.536459
0.915972
0.591693
0.519294
0.799818
1.73664
1.50372
2.94506
1.37941
0.652262
3.20499
0.443586
0.35681
0.841787
0.42508
1.59817
0.681207
1.04924
0.572281
4.70796
0.577647
0.818697
2.53389
0.36967
0.457403
1.68801
0.884931
0.0782781
0.934636
0.732601
0.0416056
0.222922
0.652954
1.11223
0.792323
0.530099
0.695711
1.0862
0.314155
0.533157
0.717383
0.560942
1.77547
0.282745
0.192839
2.30483
0.536928
1.40599
1.97584
0.932475
0.472868
1.24457
0.849884
0.85905
0.221283
1.97171
1.14973
0.0897887
0.214214
0.313081
0.471034
2.26284
1.40655
1.73078
0.493495
0.314932
1.18632
0.553104
0.689589
0.346463
0.551762
1.88871
0.270158
0.500976
1.63809
0.234875
1.6191
0.746725
0.399401
0.561827
1.73054
0.447178
0.125341
0.821204
0.594303
0.40444
1.30506
0.279397
0.327729
0.282648
1.62884
0.809357
1.56975
0.39723
0.794255
0.564209
0.412964
1.85407
0.438028
0.892914
1.90329
0.300825
0.182348
0.344906
0.747738
4.13815
0.938179
0.325575
0.9943
0.142318
0.809946
2.16811
0.682137
0.216076
0.224393
0.46449
0.458352
0.314491
4.97767
1.22415
0.787891
0.243307
2.68775
1.32443
2.39504
0.791249
1.18784
1.84497
1.76132
0.641143
0.777164
1.58878
5.39949
1.85498
1.99224
0.363555
1.78867
0.3526
0.714401
0.992928
2.08392
2.23118
0.698982
0.725763
1.90194
0.76498
0.768846
1.77476
1.08201
1.47142
1.24691
0.993149
0.87334
1.67852
0.967703
0.924984
1.32333
0.406457
0.988275
0.696328
0.349302
0.405745
0.711839
2.31149
0.407641
2.51965
2.1182
1.28145
0.963139
1.27592
0.383141
0.84419
0.759634
0.449568
1.32234
0.559027
1.80274
0.700688
0.13928
0.683486
4.24485
0.298666
0.796789
0.349788
1.43752
0.417668
2.95663
0.989724
0.446751
1.16959
0.349629
0.248673
0.469147
0.565974
1.30198
0.795818
0.843628
0.766256
0.815115
0.1733
0.482451
0.760247
0.614543
0.726281
0.736496
1.45721
5.83278
5.09945
0.35522
1.305
1.95728
0.901505
1.71934
0.616253
1.35489
1.22895
0.372168
1.07493
1.20466
1.10503
0.384503
0.332003
0.914235
0.319028
2.45112
0.443652
0.336511
0.974049
0.915616
0.192345
1.37733
0.86982
1.0072
1.741
2.91898
0.770963
1.08092
0.921201
1.15104
1.17262
0.486698
2.17612
0.274352
1.22459
0.283285
0.697751
1.12056
0.466012
0.544198
1.01974
1.45711
1.56373
2.01242
0.474367
0.979441
0.78613
1.51621
0.422957
0.614396
0.50122
1.11066
1.74107
0.247015
0.272638
0.562421
0.432848
0.545036
1.52153
0.649308
0.620611
1.33978
0.599498
5.00621
0.28635
0.914984
0.423633
0.721832
1.53638
0.324461
0.429087
2.21121
2.13875
1.4207
2.39793
0.639395
0.645361
0.740452
2.41173
0.355643
1.45201
0.604364
0.352483
0.955401
0.984541
0.890765
0.773668
0.559222
3.18234
1.6443
0.138355
0.605486
1.02458
0.345582
4.80468
0.309166
0.711209
0.782195
0.196748
0.378348
1.00351
1.46188
0.926801
1.04827
3.52226
1.321
0.797426
1.39947
0.390498
0.491275
0.397752
3.83766
1.3941
0.57452
0.415853
1.47083
1.79054
1.33139
1.9071
0.405614
1.50075
0.596386
1.40068
0.413212
0.295399
1.31915
0.986921
0.660805
0.86545
1.34317
0.927244
2.32472
1.32673
0.535497
1.39225
0.936747
0.526075
0.56275
0.637595
1.61157
2.23909
0.533682
0.500537
0.374394
1.51571
1.02385
0.596786
0.30509
0.840722
0.502147
0.323445
0.126656
0.58272
4.33862
1.26453
11.4114
0.555635
2.83672
0.47588
0.41633
0.355352
0.338353
0.575473
0.217501
0.795614
1.18553
0.451883
1.1072
0.544208
1.83947
0.477707
0.563211
0.41722
0.524131
1.13886
0.234727
1.97353
0.599258
0.589652
0.45923
0.377791
1.17912
1.09711
1.5041
1.21376
2.20014
1.05724
1.22511
0.482425
1.37295
0.279985
1.52859
1.6739
1.24154
5.64847
1.17713
1.26147
0.953469
1.78911
0.324989
0.413693
0.673112
2.57384
0.257483
0.770696
0.821301
0.652089
0.65559
2.64093
1.33148
1.67801
2.95026
3.03146
0.391492
0.505502
1.91547
0.533197
0.177217
2.40204
1.3612
1.14482
0.915074
1.70311
1.31407
0.264345
0.462487
1.2287
0.53562
0.670415
0.945486
0.77178
0.249498
0.646578
1.07812
0.407335
0.419515
0.385628
0.701229
0.465706
0.346354
0.646068
0.76074
2.69528
1.47141
0.549936
0.439617
0.728201
0.776251
1.65989
0.552009
0.962752
1.1149
0.396255
4.15831
0.529554
0.360161
1.1501
1.75407
1.90767
0.813452
0.261355
1.25107
0.918362
0.347824
1.28322
0.731086
2.00413
0.73442
1.62962
1.73118
0.161546
0.610431
3.6594
2.1528
1.81971
0.753549
0.403303
1.93315
1.25348
6.66522
0.251587
1.34536
0.694424
1.29753
0.761975
0.320256
1.68391
1.58526
0.48404
0.79825
1.21443
0.80836
0.256168
0.75606
0.626726
0.526783
2.43701
0.714182
0.481456
0.872673
0.738828
0.863275
1.12084
1.59057
1.94575
0.990818
1.13458
0.459668
1.01129
0.237315
1.744
1.28448
1.78164
0.725138
1.60089
1.5521
0.418722
1.98494
0.361661
0.479239
0.622306
0.304193
1.33765
1.88228
0.378186
0.655638
0.561886
1.11808
0.217221
2.08166
1.30673
0.752765
1.57787
2.06435
0.640101
0.542603
1.43463
0.569472
2.01442
0.92715
0.61345
2.30279
1.03632
3.06173
0.838384
0.33965
0.350241
0.232818
0.641705
0.549035
0.365503
0.141537
1.75393
0.466592
0.282296
1.59237
0.470556
0.400811
1.03637
0.536491
1.27084
0.308687
0.267326
0.877023
3.63888
0.534698
0.94402
0.488951
0.691005
2.92162
0.461881
2.34684
1.10344
0.642985
1.09628
0.419689
0.511311
0.343493
0.933232
0.23427
0.334802
0.0693348
1.01029
1.63429
1.04669
1.144
0.597102
0.973561
0.298443
0.438604
2.34856
0.79166
1.14911
1.95049
0.459754
1.65992
0.258216
0.30953
0.730516
2.06939
5.53426
5.61894
0.155576
1.61668
0.157237
1.02176
0.9533
0.457653
0.934902
1.21576
0.276313
0.762267
0.66992
1.33965
0.588004
1.08818
0.298029
0.705377
0.172588
1.38411
0.676317
0.304238
0.539182
0.443945
0.557742
0.987458
0.683788
0.171917
0.539951
0.732022
0.466409
1.3199
1.50894
3.27219
0.609436
0.427358
4.72522
0.212418
0.139004
1.20805
2.00735
0.475203
1.05694
0.797746
0.577156
1.32331
0.647787
1.65869
1.8208
1.29478
0.260898
5.27082
1.32534
0.384206
2.73926
1.04062
1.18966
1.43287
0.440474
0.264295
0.809292
0.462093
0.670761
0.0578891
1.3233
0.210185
2.15595
0.326609
2.18122
1.2462
2.29605
1.58886
0.166796
0.779247
1.5365
0.47191
1.40413
1.31503
0.454117
1.53963
0.767098
1.09573
6.25906
0.483055
1.8965
0.401191
1.60777
0.304308
1.15143
1.16836
1.21646
0.745444
2.90515
1.88449
2.09356
0.366097
0.570199
0.59769
1.7563
1.24588
0.27673
2.24824
0.200187
0.796739
1.11388
2.34557
1.23378
1.06293
0.478054
1.60254
1.8221
0.191312
0.98724
0.313849
0.510397
4.5997
1.58001
2.18653
0.993848
1.98837
0.842065
0.7035
0.512167
1.7454
1.37903
0.316503
0.222193
1.13613
0.293308
0.303811
1.11393
1.77877
0.627267
0.54795
0.452385
1.39189
0.174925
0.409177
0.65316
1.00761
0.476485
0.652204
1.70188
0.351321
0.25692
0.0847148
0.935938
1.26131
0.340675
0.833053
0.313751
1.12703
0.206465
0.481682
0.842238
0.289782
1.60501
0.867429
0.725254
0.469067
1.12775
1.06368
2.04164
1.65842
1.54324
1.13129
1.67047
1.64818
0.349134
0.0885565
1.60505
0.396768
0.602325
0.396889
0.27192
1.66508
0.341245
0.0767188
0.418854
0.660977
0.257734
0.928582
1.44471
0.174226
1.42289
0.590559
0.536181
0.63463
1.86488
2.11484
1.11549
1.37458
0.909496
0.312607
0.322286
0.758653
1.9197
0.373259
0.402648
2.31778
0.335733
1.21858
0.337307
1.45416
0.448395
2.50558
0.744934
2.45989
1.05946
0.305186
0.76338
0.266913
0.13893
0.699553
0.504776
1.14536
2.43344
1.52446
1.83718
1.10054
1.59349
0.479277
0.431695
1.51917
1.09927
3.02232
3.23329
0.562186
0.423828
0.682702
0.412485
1.32466
1.47998
0.616086
1.3624
0.886587
0.413732
1.82113
2.01928
1.17848
0.361162
1.27606
1.07907
1.81704
0.956094
0.347829
0.138748
0.186782
0.474015
0.550134
0.346541
1.23319
1.7406
0.920868
0.444833
3.15888
0.419023
1.44846
0.940251
0.19985
0.361494
0.336999
0.259609
0.743301
0.690353
0.504711
1.18371
0.789317
0.248915
0.846155
0.685818
1.04969
1.83785
0.298508
2.43394
0.353158
0.642647
0.550575
0.747611
0.825691
0.403872
2.91617
1.70991
0.229139
0.406162
0.440589
0.441587
1.43
0.721736
0.697731
0.947599
0.940566
1.85558
1.44512
1.49321
0.899715
0.295111
0.672364
0.364605
2.79382
0.354441
0.189034
1.9227
2.20424
0.490116
0.95962
0.642752
1.92387
0.288434
0.403127
0.321284
0.342573
0.654525
0.199441
0.680355
0.401548
1.54245
2.17391
1.45249
0.858718
0.308582
3.78724
1.68589
2.13556
0.404889
2.05528
0.458494
0.594478
0.442714
1.33753
0.417249
0.556678
0.263072
0.0794642
0.285981
3.49691
1.65975
0.914392
0.257508
0.849425
0.654704
0.599731
1.46631
0.803023
0.521055
0.938931
0.285171
0.813765
1.18643
0.847698
0.549602
1.08218
3.79394
3.5224
0.93708
0.276851
0.185918
0.302367
0.94238
0.446333
1.62866
0.997322
0.610653
3.56222
0.981497
1.38225
0.860426
1.39971
1.54873
0.530342
1.67402
0.256763
1.61352
0.742885
0.397859
0.563106
0.1835
0.725053
1.80897
1.48419
0.602661
1.50289
1.20672
0.737143
0.768946
0.722094
0.869526
0.187648
1.09124
1.05803
1.33371
0.823057
0.653393
0.589097
2.44905
1.90241
0.268917
0.552703
0.900687
1.21623
0.384012
0.495917
0.299667
1.19546
0.475869
0.215616
1.51699
2.46379
2.0156
0.952057
0.288942
1.71913
0.472835
0.244488
2.51986
0.743113
1.09304
1.42954
1.46907
0.423264
0.159143
1.85637
1.3668
0.86465
0.379306
0.463122
2.7355
0.370334
0.514755
2.43154
1.36218
0.236404
2.36754
0.133995
0.148939
0.305526
0.540332
1.46633
1.31564
0.847788
0.922929
0.684374
1.41295
2.47451
2.35783
1.3428
0.499642
5.2264
0.226235
0.317468
1.01493
0.186535
0.394636
0.4807
2.96952
0.497855
0.634961
2.60658
11.9958
1.63402
2.29299
0.558738
0.34224
0.971002
2.10654
1.67261
0.637789
0.231105
0.195885
0.116882
1.20735
1.58078
0.77034
0.714485
1.12167
0.344808
1.52604
0.995105
1.70997
1.87417
0.971702
0.396405
0.440106
0.164608
1.44145
1.11331
0.400225
1.5906
0.531991
1.13848
0.941394
0.578478
0.799942
1.18596
0.808729
1.71024
1.35287
0.138192
0.35661
0.627841
0.997726
0.735319
0.293971
0.666443
0.988516
1.47017
0.123274
1.5887
0.280642
6.51922
5.1716
0.926121
3.86145
1.40776
0.813562
4.38684
1.97287
0.646887
0.421733
0.720243
0.280274
1.06779
1.35293
3.01395
0.155799
0.883154
0.227037
0.292421
1.16626
1.47856
0.723419
0.146622
0.290127
0.251427
1.24761
0.139007
1.24908
0.11031
0.123078
2.67975
1.37949
3.00797
2.0659
2.4278
1.72536
2.42133
1.35997
1.07342
2.0186
0.259189
0.556771
0.372993
1.12274
0.935764
2.89324
0.786859
2.50026
0.514639
0.562913
0.827221
1.33465
0.349783
1.10933
0.837085
0.440297
0.173059
0.977441
1.58331
0.287514
0.367279
1.74895
1.04672
2.02848
1.38588
1.7952
0.272249
0.481618
1.44524
1.36708
0.257248
1.75892
2.35419
0.232644
1.96776
0.499627
0.477157
0.298594
0.355732
0.663133
1.70898
1.80595
0.439946
0.337371
0.768542
0.845755
0.545028
0.20916
1.00887
1.1222
2.39488
0.451633
2.05361
0.413053
0.243988
2.01617
0.908761
0.830965
0.229615
1.21145
0.884745
0.430219
0.705046
0.915821
0.436374
0.639854
0.926816
0.179624
0.182885
0.652589
0.212677
0.584046
0.366889
1.75324
1.09027
1.69972
0.959219
0.986941
1.23855
0.581688
0.347423
0.446895
1.49938
2.42586
1.62551
0.206945
0.753742
0.911053
0.625684
0.742647
0.179056
1.44679
0.710037
1.44167
14.093
1.03632
0.725315
1.71601
0.406301
0.637237
2.82162
0.324917
0.612186
0.502761
1.98483
1.06533
2.22649
1.14772
0.268006
1.9714
0.559839
0.46563
0.628807
1.628
0.442461
1.59191
1.13177
1.60512
1.41036
1.28893
0.461336
0.65963
0.126999
1.3208
1.04565
0.401179
0.118387
2.45651
0.316876
0.408487
0.622061
1.16773
0.424604
0.523722
0.717291
1.35765
0.520133
0.845723
0.785156
0.765678
0.527757
0.524165
0.304958
2.75392
0.132708
1.7588
6.02255
0.540995
0.429767
0.810182
2.21266
1.72886
1.3061
0.357532
0.317634
0.655244
1.05651
0.277922
1.01497
3.34136
0.966418
0.228019
1.39147
1.41138
1.54518
0.693601
0.363009
0.311944
3.145
0.52161
0.398872
0.174815
0.721529
0.843045
0.574853
0.201205
0.485445
0.583011
1.32397
1.5884
1.2995
0.994501
0.822376
0.698724
0.3876
0.408577
0.382723
0.146175
0.850548
1.18535
0.290793
0.150941
2.46074
1.3314
0.76807
1.76262
0.455734
1.07517
0.781195
0.230129
0.250783
1.05267
0.532214
0.618233
1.22374
0.686738
1.42472
0.869933
0.515242
0.302702
0.410337
0.276581
2.38681
0.511719
0.382144
0.355848
0.345862
4.05196
0.192809
0.693207
0.692964
1.16129
0.57189
0.425601
0.264867
0.302764
0.0561033
0.26402
3.182
1.25205
0.888247
1.29187
0.772608
1.33832
0.746198
2.20962
0.485054
1.63221
0.730234
0.28962
0.332225
0.889342
3.35702
1.48185
1.13991
0.403813
2.01728
0.445591
1.2157
0.330466
6.24153
0.397373
0.763442
0.363144
3.1914
0.17845
0.344919
0.447556
2.16006
3.44324
0.653877
1.17775
1.01266
2.29124
0.313804
1.25385
1.22979
0.601249
1.64841
1.10629
0.591411
0.809455
0.516944
1.5609
1.59696
1.72701
0.322855
0.507692
1.00418
0.864885
1.88618
1.91808
0.504748
0.256909
0.412713
1.78835
1.42885
0.724364
1.65841
0.326303
0.593865
0.640624
0.422956
1.81601
0.60473
1.24534
1.41348
0.456936
0.917465
0.472342
0.718743
0.80167
0.506062
0.670551
3.53585
2.1756
0.638981
1.0739
1.12558
0.893738
0.737069
0.447252
2.13035
0.836659
2.16194
2.01097
0.171675
1.83811
0.458435
1.00688
0.55548
1.39235
0.603069
0.563672
1.28302
1.86257
0.283859
1.81926
0.461917
0.23152
0.266669
0.683435
1.32014
0.499522
1.10649
1.32496
0.441515
1.55096
0.897227
0.580413
2.22211
1.78293
2.17753
0.413739
0.589898
0.810471
1.30458
0.297064
1.96794
0.364117
1.3062
1.02487
0.284845
0.329491
1.0837
2.90832
1.85521
0.483356
2.20003
1.00504
1.38459
2.12004
2.00447
0.884233
0.360186
0.764488
1.0263
0.457683
0.633966
1.77477
0.529431
0.286964
1.45311
1.39637
0.744112
1.90511
0.499582
1.45026
1.98582
2.12106
1.05171
0.240577
2.22934
0.585551
0.911777
0.527984
0.724103
0.838049
0.326967
0.747249
0.215373
1.54328
1.02415
2.34083
0.619385
0.846246
0.787924
1.34784
0.367485
0.311712
0.450101
0.701893
0.445499
0.886829
2.46668
1.52213
0.783521
0.784833
0.270478
0.179359
0.339972
0.380698
0.137998
1.35431
0.575331
1.50018
1.11722
2.40102
1.08243
3.80871
1.58931
0.0669969
0.303237
6.97204
0.351045
0.549428
2.74747
0.312465
0.493758
1.18676
0.59766
4.25861
0.613819
2.32678
0.0863082
1.46335
1.1354
1.09482
0.544077
1.72954
0.469909
0.156628
0.992502
0.410483
0.119946
1.72997
1.49122
1.89171
1.59616
0.311111
0.991454
0.204289
0.251011
0.674301
1.1843
1.27461
0.576741
0.80392
1.98745
0.966486
1.73682
1.03841
0.302904
0.407119
0.436427
1.84392
0.39004
0.37581
0.37994
0.413781
1.41443
0.878566
1.14947
0.60433
0.576305
0.290853
1.55922
0.172675
0.324866
1.38983
0.374836
0.279329
0.903068
0.88391
1.72035
0.922006
1.07041
0.317679
0.213404
0.282635
1.07422
0.735109
1.00806
0.733384
0.552808
0.161007
2.57356
0.965749
0.741483
1.4285
0.442421
1.7453
0.380353
0.52774
1.80245
1.15832
0.820371
0.0549786
0.283608
1.35173
1.58403
0.70827
1.38287
0.990986
0.733357
0.935743
2.12025
0.562295
1.53563
0.892006
2.0733
0.442263
0.280336
0.421412
1.92613
0.22201
0.560201
1.0868
1.20189
0.236845
1.36828
1.50476
0.540116
0.333729
0.475226
0.498705
1.37372
0.786655
0.701386
0.297568
1.79007
0.184874
1.97559
1.58549
1.55069
0.239133
0.656107
1.15435
0.483944
0.55843
0.198716
1.38432
0.336679
0.372886
1.57866
0.514771
0.172932
0.688832
1.88989
0.310899
0.611282
0.188085
1.58413
0.354181
2.10777
0.184231
1.12477
0.908115
1.81125
0.397996
0.363259
0.665088
2.30055
0.699324
1.66826
0.480764
0.467811
0.978501
0.897454
0.402633
0.993176
11.6942
0.634715
2.15652
0.368305
0.197915
2.53447
4.6761
2.57583
0.711266
0.967378
1.72029
0.61177
0.609115
0.617642
0.506909
2.44063
0.942052
1.27836
4.77594
2.35691
1.6663
0.712547
0.670545
0.800794
0.308358
0.866035
0.750031
0.380404
0.349409
0.354055
0.882845
1.50177
6.08771
2.62182
0.183056
0.788317
2.2804
2.25373
1.62539
2.40645
0.678605
0.469004
1.93884
0.718804
0.368776
0.586958
0.836373
1.29224
0.45274
0.806722
1.69067
0.150464
1.99919
1.0142
0.518414
2.47933
1.59425
0.11858
0.634989
1.54061
1.10188
2.14008
0.976275
1.61361
2.04711
2.90929
0.403259
0.219262
0.59443
1.70626
3.13513
0.830444
0.679898
3.56433
12.9236
0.421067
1.35537
0.27353
0.385226
1.89085
1.27601
0.132117
0.667539
1.88928
0.830706
0.949414
0.0891421
0.298796
1.62986
0.908528
1.83617
0.564279
0.237614
1.37321
0.340982
0.989729
0.757433
0.449554
0.628884
1.48035
0.539983
0.30369
0.445333
2.42612
0.596553
1.20379
0.437783
1.84785
0.303877
0.822557
1.37757
2.62148
0.540106
1.13719
0.650744
0.922468
0.333231
0.488706
1.37699
0.19856
1.66203
0.340097
1.89635
0.927969
2.2665
0.30743
1.97442
1.26985
2.15874
0.749455
0.363423
1.33037
0.313697
0.551748
0.981116
2.90701
0.408134
2.23047
0.718437
0.096228
1.23414
0.233855
1.60936
4.76504
0.718269
0.354011
1.58202
0.439936
1.62159
2.31635
0.972863
1.82511
0.355683
0.26114
1.10043
0.480783
0.645063
1.17715
0.336386
0.348704
0.358205
0.278783
0.863568
0.560122
1.70752
1.76184
0.292417
0.773802
1.09036
0.297496
1.74585
0.17126
0.277866
1.27288
0.333235
0.402692
0.166324
0.557857
1.61253
0.212732
0.578028
1.53323
0.667854
0.297705
1.08235
0.227509
0.506326
1.68587
0.728183
0.856672
1.49121
0.419158
0.296879
0.381713
0.547612
0.25061
1.72808
0.437149
1.64111
1.20335
0.292115
1.74935
0.422613
3.19554
0.34742
0.381089
0.512727
0.379857
0.828027
1.0393
0.650614
0.260005
0.967477
0.516502
0.540044
0.981763
0.303643
1.95822
0.248866
0.266893
0.264455
2.28709
0.353039
1.94712
0.310839
1.31685
0.352165
0.575675
1.19515
1.43124
1.40184
0.318862
1.5349
1.41627
0.448479
1.37452
0.643945
0.326427
0.512905
0.505333
0.396928
0.669075
2.22399
1.54384
0.507762
0.445472
3.03373
0.767686
0.278787
1.36475
0.186389
1.63783
1.04177
2.61873
0.8314
0.799785
0.792771
0.402195
1.09147
1.71356
0.518277
1.96245
0.829331
0.38692
0.246149
0.609058
0.238026
1.86097
0.657811
1.59318
0.512704
0.735825
0.238926
0.630487
2.57067
1.33125
0.68618
0.369226
0.161432
2.65793
0.555069
2.96747
0.562261
4.0695
0.858117
1.0242
0.466129
0.756758
0.86728
0.597327
0.276443
0.26247
0.859035
0.863913
1.00264
1.62679
0.442047
0.427649
0.440436
0.617547
0.600879
1.43242
0.81918
1.95045
0.616585
1.01024
0.88524
0.532373
1.94016
1.20669
0.917094
0.243828
0.486018
0.471152
1.15327
0.66272
0.641224
0.645884
0.336316
1.5393
0.301829
0.492272
0.276786
2.5115
1.33458
0.777358
2.24643
2.17155
0.281991
0.482017
0.544304
0.578012
2.40048
1.19071
1.79348
0.348739
2.22622
1.55568
2.00109
0.163407
0.350723
1.83721
0.589629
0.521257
0.344407
2.25484
1.80648
0.933944
0.234162
0.805699
0.171967
0.786128
0.550279
1.2752
0.596083
0.338423
0.451092
0.345803
0.536411
0.807649
1.02922
0.230949
0.34014
0.37151
0.319263
0.351856
0.698481
0.0985769
2.03363
2.31626
1.53016
0.47417
0.411653
0.412236
3.10607
0.454275
0.297579
1.54297
1.78336
2.04892
0.392344
1.97658
1.81213
0.210897
0.542232
0.334817
3.57713
2.91368
0.401773
2.072
0.150675
1.90045
0.942482
1.36168
0.326231
0.41401
0.310361
0.302478
1.26379
0.299109
0.454961
1.44435
7.91751
0.758488
0.704219
0.213702
1.27229
1.28754
0.360984
0.202628
0.576444
1.42627
2.30435
0.609963
0.413968
0.308495
0.169738
0.632066
0.291842
1.2022
1.56769
0.314671
0.570147
0.235032
0.343925
1.42728
0.747
1.3796
0.584992
0.214181
1.07639
0.170192
0.290317
0.16152
0.305861
0.39601
1.35458
2.53431
1.3793
1.6605
0.252915
0.166644
10.667
2.01492
1.67639
1.59358
2.12248
0.646365
1.28876
1.8945
1.01582
2.06702
0.152234
1.30692
0.803297
0.545227
0.313123
0.759844
1.40117
1.50655
1.59455
1.5905
0.642067
0.320122
0.166891
0.274749
0.0950311
1.11611
3.49874
0.26377
0.983907
1.23889
1.56977
0.202205
1.50501
0.232913
1.57289
0.427937
2.33222
0.230786
1.94812
0.853954
0.961666
0.431691
0.502093
1.77213
0.370909
0.647104
1.53935
1.77207
0.319944
1.42094
0.488477
0.150912
0.221307
1.20256
1.14387
0.156668
1.23014
0.854138
1.39271
1.76677
0.608793
0.944656
1.04842
0.489525
1.68327
0.22369
0.478109
1.0831
1.04627
0.272516
0.382486
4.27508
0.359072
0.113348
0.766185
0.389996
8.87443
4.14777
0.525384
1.12672
0.817682
1.14874
1.31087
0.589462
0.413066
0.218112
6.82384
0.510546
1.37049
0.579243
1.05388
0.478818
0.625793
1.36722
0.696208
1.53887
0.271433
0.269431
0.793566
1.28941
0.527086
1.18842
0.747469
1.32437
0.84333
0.848973
0.351188
0.311088
0.291856
0.105571
0.346478
7.77438
1.3096
0.464407
0.531943
0.287083
0.358461
0.906868
0.7815
0.43853
3.44998
0.918595
0.471566
0.785963
2.24281
0.486055
0.327632
1.63639
2.29287
0.368776
0.650229
1.59022
0.0997736
3.4627
0.355027
0.435793
0.443273
1.6067
1.43151
1.24598
0.36512
0.378169
2.15607
0.777543
3.3667
1.29185
1.11269
0.717422
0.472392
1.6118
0.860182
1.01961
1.51417
1.00497
0.40713
0.702864
0.438072
1.37454
1.45803
1.76858
1.22358
1.64829
1.54788
0.855661
0.854616
0.349725
0.677743
4.38994
3.01283
0.543396
0.406826
0.181446
2.248
0.512054
0.256155
0.498775
0.742055
1.6733
0.763119
0.539358
1.04839
1.17144
0.902671
0.286968
0.524638
3.19702
0.486247
2.36071
0.622344
1.54608
0.836289
0.39066
0.124455
1.91401
0.398043
1.57063
2.7462
0.856726
1.81032
0.249576
0.53924
0.911909
2.51588
7.1151
0.520815
0.255654
0.791841
1.4232
1.23623
0.568832
1.03343
1.93087
0.531546
0.280067
0.64366
0.302291
0.363403
0.828429
0.408149
0.104425
0.516983
0.97349
2.51494
0.735211
0.382441
0.459977
0.278031
0.722925
0.440996
0.36138
0.873478
0.893928
0.318292
0.127941
2.42375
0.976758
1.72149
2.22598
0.722824
0.686293
0.779429
1.55895
1.86328
0.234734
1.76122
3.71365
0.226114
4.12009
0.314565
0.766698
1.7989
1.81489
0.491665
0.577465
2.91425
1.39639
0.337262
0.199648
0.910782
2.16196
1.54847
0.218626
1.35539
0.505252
1.35493
0.327649
3.24126
0.298439
0.484173
0.783009
0.364548
1.30683
2.74217
0.457311
0.49836
0.827563
2.18284
1.96134
1.64837
2.55423
1.39589
0.247002
2.58006
0.39978
1.10307
1.0011
0.747921
5.88121
1.00232
0.137097
1.47837
1.16791
1.31023
0.498558
0.226333
6.6135
0.383545
2.33811
0.271984
1.50999
1.14107
1.41577
1.95049
1.04443
1.72337
0.403315
0.0543466
1.60148
0.543031
0.843797
1.0145
1.48602
2.33489
1.90539
1.12031
1.4555
0.562007
0.677243
2.25177
0.526333
0.663834
0.436674
1.12723
1.70233
0.722661
1.35956
1.40619
0.769198
0.495731
1.24496
0.698337
2.53949
0.49099
0.731047
1.32006
0.372653
1.75806
1.34076
0.851615
0.691736
0.522839
0.952736
1.8277
2.17511
0.387421
0.419075
0.424659
0.832337
0.626876
1.90489
0.470053
0.631333
0.349552
1.34552
9.72603
2.79798
0.506265
0.902183
0.752754
0.382316
2.05921
2.0467
1.17895
0.410038
0.398304
0.278532
0.297535
1.2896
2.63533
0.413052
0.655178
0.273985
0.471606
0.318396
2.025
1.08956
0.347318
2.11181
1.14532
0.190121
1.8787
0.633847
0.567225
1.21807
0.40724
0.334803
0.922228
0.425051
0.881684
1.43445
1.82732
0.54001
0.604514
0.695309
1.13164
0.863916
0.337295
0.389758
0.666882
2.57898
2.46345
0.551578
0.371062
1.05709
1.91062
0.194605
0.977112
1.43422
4.43247
0.533889
9.02166
0.222521
0.506077
0.609077
1.21394
1.46128
2.82613
1.47553
0.70601
0.84845
0.228094
0.112127
0.293388
0.304492
1.04995
1.47746
1.24941
0.464306
0.519606
0.45046
2.66632
0.320532
0.173901
2.34712
1.37417
0.29728
4.07416
1.19564
0.130755
1.37912
0.698958
0.451749
0.573639
1.59427
0.278746
0.904834
0.92643
0.451111
1.12248
2.32114
0.631939
0.366897
0.527325
1.12981
0.522869
1.05377
4.03055
2.9382
1.24839
6.97011
1.59955
2.13512
0.501378
1.56506
1.59583
2.42268
0.322401
0.845673
0.48033
2.06469
0.16649
1.27243
0.314201
0.760998
1.37009
0.770916
0.461677
0.563017
0.173272
0.318258
0.197473
4.23733
1.81739
0.680149
1.02803
0.767213
3.5568
0.433327
1.07107
1.54564
0.985069
0.19756
1.22904
1.42419
0.462169
0.932472
0.98665
0.797857
1.50869
0.667565
2.0522
0.349994
0.968777
0.551115
0.353104
1.33645
0.268254
0.773496
0.521636
0.840276
2.19589
1.1693
1.31647
0.533056
0.870219
1.93113
2.48174
1.98091
1.50836
0.758095
0.189546
0.584806
1.2375
1.7143
2.15983
1.9498
1.89232
0.371239
1.77573
0.362685
0.732439
0.399983
0.357645
0.824667
2.82287
2.17173
1.54484
2.00044
0.344712
0.927982
1.65248
1.14384
1.13011
3.19779
0.358684
2.32295
0.838531
0.57893
0.30231
0.0524825
1.60479
0.276406
0.362236
0.764871
0.495791
0.464311
0.997725
1.17096
1.67888
1.74094
2.03892
2.56459
0.312168
1.2921
0.61631
1.74951
1.46128
0.232904
1.3297
0.910329
1.24448
0.72549
0.283532
3.29244
1.84981
1.04176
0.676287
0.916808
0.365862
2.23551
0.208644
1.32062
2.72545
7.03459
1.47272
0.654644
2.70562
0.544539
1.68775
0.728839
0.745482
0.860017
1.43317
0.476321
0.220261
1.22128
0.70643
3.04555
1.77856
2.36872
0.247716
0.497423
1.01765
1.287
1.54237
0.790309
5.72689
0.849317
0.613035
0.431772
4.02833
0.755
1.29216
1.10978
2.1049
1.23439
1.20901
0.603057
0.879298
1.42955
0.992165
1.13133
1.37748
0.349397
0.860718
1.1836
0.583819
0.321568
1.44889
0.379814
0.49292
1.11168
1.41025
0.320804
1.1882
0.718208
1.56624
1.64675
0.217672
0.559429
1.79923
0.342103
0.351015
0.304273
1.24081
0.985944
1.62302
0.428132
0.90765
2.85501
0.256305
0.546547
0.513994
0.790637
0.43642
0.355197
1.0455
2.56735
1.32077
1.39037
1.44095
3.61186
1.59056
0.671659
0.789802
0.361725
0.72574
2.07554
0.629162
0.25364
2.67611
0.614812
1.0574
2.72264
1.73604
0.323212
0.15218
0.624636
1.51781
0.489208
0.643381
0.857308
0.37146
0.243102
0.825615
0.692031
1.20533
0.589978
0.203832
4.52722
1.91356
1.10863
1.34756
0.487955
0.647628
1.5481
2.19375
2.14306
2.32359
1.14275
1.30618
0.252362
0.572535
2.79209
0.346657
1.70026
0.276933
0.205847
0.543639
0.394487
3.16445
0.73073
0.410504
0.350828
0.700652
1.0335
0.240206
0.39712
0.913564
1.34712
1.51358
0.39409
1.75741
3.73296
2.24521
0.256052
0.794282
1.26826
0.846196
0.271201
0.411453
1.4769
0.411538
2.04108
0.427594
0.182788
0.0887753
0.356258
1.76665
0.174399
0.469981
0.88024
0.425796
0.832588
1.87019
2.05112
0.320661
1.32081
0.837975
1.00702
1.09481
0.605682
0.322721
2.13996
0.260951
0.30246
2.41721
0.394461
1.08357
0.322999
0.681963
0.479994
0.448076
1.41114
0.293634
0.179357
0.44586
0.767611
1.03588
0.24224
0.350778
0.248472
0.651975
0.527666
2.3847
1.45436
0.588902
0.823631
0.231117
0.213535
0.43591
1.41752
1.47662
0.763076
1.74958
0.728889
1.53898
1.44068
0.168283
0.36213
1.27862
1.73752
0.295663
0.240717
0.411322
0.570042
0.168802
0.162253
0.543981
0.899084
1.38694
0.564966
0.847989
1.63945
0.45141
0.789357
0.46638
0.50353
2.16439
0.218578
1.88177
0.786029
0.81853
0.236766
0.941585
0.189558
0.51524
0.599866
0.809079
0.256124
1.29726
0.792388
1.27205
1.27089
0.180764
2.116
1.02414
1.15589
0.798593
0.335395
0.518878
0.672054
1.73136
0.712192
4.4156
0.109352
0.347921
0.502874
0.290434
0.438912
4.39169
1.71756
0.547324
0.049597
1.16477
0.73258
0.200649
1.45691
1.58886
2.18051
0.972881
1.15825
0.552242
0.210295
3.76722
0.820792
1.74001
0.327411
0.936251
0.0572882
0.950125
0.603905
1.03145
1.46539
0.36103
0.203802
1.67458
1.31647
0.525457
0.437646
0.920664
2.16049
1.04898
0.242853
0.370265
0.714821
0.257205
1.15187
1.2068
0.525871
2.01325
2.40094
0.545458
3.48394
2.04425
0.356268
1.68592
0.542637
0.440142
0.640813
2.12801
0.361017
0.646829
0.91329
0.760099
0.685899
0.114176
1.06605
1.22742
0.58527
0.625907
0.393892
1.44631
0.272362
1.72307
5.89642
0.650524
1.99836
0.945476
1.30404
1.82169
1.0446
0.928084
0.385371
0.635947
1.63944
0.603728
1.1305
3.34295
0.467809
0.193864
2.47601
0.757031
0.437625
2.59418
1.11646
0.405797
2.522
0.664662
0.518376
0.630305
0.537002
1.65126
0.259433
0.602169
1.65574
0.339689
1.28248
0.848949
1.30153
0.691763
2.39803
2.87792
0.491232
11.3707
1.79732
1.08025
4.27775
1.30283
0.613774
0.0819533
2.38215
0.558783
0.586493
0.429429
1.23762
0.703043
0.848848
1.31169
1.10359
0.494328
0.440962
0.525839
0.519059
5.25865
0.564549
0.428444
1.76503
0.547325
0.277594
0.389613
2.58317
3.92827
0.155079
0.3676
0.682112
1.55145
0.200478
1.3604
1.20503
1.48492
1.13358
1.20899
0.667982
2.47555
2.50271
1.3236
1.61694
1.22898
0.633466
1.24504
1.29323
1.63338
0.733931
0.956018
1.31533
0.251285
0.254801
0.193866
1.78891
0.56129
0.796086
1.96255
0.831583
1.02247
2.21633
0.600329
1.90559
0.503906
0.43003
0.411423
0.396023
1.32509
1.06915
0.78049
0.48854
2.04091
3.47857
0.430753
0.551931
1.38723
2.16635
0.318365
1.24663
0.530711
0.164771
2.02387
1.31546
6.41204
0.484666
0.46481
0.587143
1.61391
1.8701
2.32291
0.423977
0.290749
1.01936
0.322976
1.84612
0.239973
1.30588
1.71437
0.368489
1.512
1.80193
0.311752
0.325897
0.521661
2.39451
0.474854
2.06827
2.22844
1.98256
0.615879
1.615
0.819666
1.53151
0.626131
0.336348
1.90558
0.581251
0.189392
3.0453
2.01542
0.773093
0.775293
0.451423
0.914582
0.568471
0.27635
0.710232
0.407248
0.636867
0.34619
0.348941
0.156293
4.10191
0.117963
1.19619
1.9705
0.475904
0.59262
0.196421
1.23579
0.823422
1.23531
0.443257
0.499746
0.579774
0.243634
2.295
0.961473
1.91432
0.699833
0.787611
0.439265
0.269648
1.8347
1.57747
0.498175
1.43553
1.2476
0.483385
5.62681
0.855445
0.395679
1.96788
0.628253
0.215228
0.352509
0.711292
0.312071
6.47233
5.46966
0.374839
1.06735
1.51788
0.993578
1.08727
0.331124
0.443801
0.902208
1.99547
0.441479
0.85042
0.51322
1.2993
0.546401
0.491122
2.15133
1.30468
1.5861
0.187302
0.502358
0.556008
0.515718
0.415828
0.121217
0.338942
1.53128
0.851574
0.743659
2.19895
0.397222
1.15562
0.381914
1.70711
4.6651
0.688477
0.304859
0.29303
0.462329
0.219674
0.252795
0.971725
1.27869
0.252617
2.62393
0.428305
0.205542
0.248602
1.73207
0.174686
0.335304
0.295693
0.631614
0.103628
0.645598
1.71329
0.419746
0.321841
0.803439
1.17141
0.669629
0.893394
0.195628
0.852464
1.94734
1.36006
0.754763
0.637129
0.415507
0.981005
0.811337
0.738527
1.80436
0.442857
0.369792
0.366869
0.514721
2.67677
1.10468
3.99735
0.783111
0.100262
0.3964
0.840136
0.771541
1.25312
0.60255
0.806119
4.56018
2.04216
0.538502
0.782229
4.4798
0.858094
0.63666
0.834364
0.34913
4.34611
0.406758
0.829131
0.408816
2.15934
0.847721
0.267059
1.54913
0.866259
1.24648
0.37541
0.433808
0.587688
1.90161
2.39258
0.620025
1.71229
0.670657
0.410473
0.737338
0.450655
0.479689
0.601966
1.05757
1.51816
0.656066
3.53934
1.87163
0.867433
0.309967
1.49176
1.48992
0.316614
0.630508
4.55983
0.905638
0.512913
0.791528
0.567237
0.0650878
0.770694
0.265462
1.23839
1.57659
1.17389
0.574953
1.50232
1.05461
0.306713
0.339071
0.261418
0.918468
0.435327
0.600663
7.06447
0.116419
0.655329
0.716512
0.77011
0.242085
1.69694
0.457349
0.273389
1.60721
0.0610094
0.357262
0.820049
0.281686
0.501542
0.821657
0.224832
6.15792
1.1439
0.367243
0.356593
3.72857
0.492736
3.64504
0.616944
2.48872
1.51342
0.182562
1.17538
0.585136
0.130986
0.394714
1.68312
0.524484
0.960682
0.631702
1.3951
0.94374
0.277569
0.457613
0.406093
0.101494
0.986957
0.247669
1.61221
0.429565
0.73743
0.442057
1.68825
0.649197
0.0410918
0.354531
1.44621
1.32476
1.85123
0.945221
0.522006
0.873885
0.456968
2.66235
0.784132
1.33738
0.0773157
0.275109
0.85636
1.40792
4.21084
0.443678
1.38027
0.524527
1.09343
0.381891
0.105807
0.88961
1.34003
0.418783
1.54582
4.04113
1.60134
1.43979
0.651589
1.31797
0.939252
1.34689
0.653751
0.577012
0.482314
0.236995
0.567616
1.66476
2.965
0.697375
0.5003
1.82751
0.926705
0.565193
0.105633
0.44039
0.647469
1.24938
0.490914
0.647089
1.80886
0.256856
2.99937
0.0465732
0.620501
0.738449
2.53458
0.651333
0.885248
0.421058
0.573435
0.404143
2.66282
0.254118
0.582521
1.51266
0.7535
0.442994
2.91876
0.337528
0.349957
0.213463
0.712158
0.556391
0.451579
0.540623
0.674003
0.358725
0.26974
1.12972
1.80273
0.310065
0.149783
0.822201
0.322703
1.8403
0.735366
1.46687
0.412071
0.172937
2.34617
1.52703
0.45392
0.542275
7.97047
2.43601
1.7369
0.516228
0.111003
0.378789
0.42077
1.65044
0.223401
0.571323
1.71814
0.181351
0.445009
1.74727
0.175164
1.50951
0.684461
1.13355
0.45619
2.56456
0.691427
0.416514
1.42525
1.5078
0.19687
0.138549
0.884685
0.867945
0.276773
0.461178
0.505826
2.68591
2.20387
0.660649
1.45999
0.885215
1.44352
0.629398
0.36028
3.26883
1.11524
1.11607
1.24679
0.57347
0.22759
1.10738
0.613907
1.44131
0.594741
0.167043
1.2819
0.252914
0.0570037
0.469321
0.955798
0.367671
1.71564
1.84654
0.306536
0.149359
0.873141
1.38278
1.33745
1.53162
0.71034
2.08832
0.146012
1.44784
0.400393
1.36714
0.672039
0.434065
0.56782
0.725347
5.50066
1.62372
0.244239
1.21702
0.360797
1.24307
0.567402
1.44712
0.692652
0.324455
0.472008
2.46919
1.79835
4.12247
0.352073
0.518323
0.327916
1.55018
0.668171
0.246766
0.935288
0.544169
0.190958
0.6069
0.630036
0.239293
0.25508
1.2686
0.545879
0.25018
0.204567
0.310352
0.478403
3.61288
1.86365
1.32892
0.519591
0.643101
0.562671
0.529195
0.714166
4.08406
0.328977
0.238716
0.437628
1.68799
2.93091
1.97408
0.280503
1.01818
1.65183
1.83567
0.595707
1.16489
0.861098
0.395798
0.375695
0.897514
2.59383
0.948182
1.74646
0.325001
0.788971
0.0521126
1.46335
0.211508
0.640218
1.1363
0.571906
0.351113
0.982458
1.86325
11.4011
2.42998
0.376789
1.14117
1.14723
0.909512
1.56136
0.490158
0.5169
5.67374
0.469222
0.565114
0.362057
0.561396
4.98617
1.06978
1.01213
1.33807
0.284802
7.26695
1.52306
0.765598
1.51777
0.264799
1.26858
8.41309
0.749353
0.450244
1.83292
1.71626
1.15049
2.88164
0.414033
0.388199
0.20942
0.277164
0.295868
0.868029
0.435183
1.76266
0.477998
0.467615
0.205996
1.53064
0.226814
1.38948
0.435051
0.641351
0.737493
0.240054
0.765998
0.662403
2.07204
2.26109
0.287851
1.9525
2.29989
0.760604
2.40506
2.35393
0.506643
0.2058
0.166265
