-9.600000 	 -12.000000 	 0.000000	0.000000
-9.599923 	 -11.997601 	 0.000000	0.000035
-9.599693 	 -11.990412 	 0.000001	0.000551
-9.599309 	 -11.978458 	 0.000003	0.002779
-9.598771 	 -11.961783 	 0.000009	0.008735
-9.598081 	 -11.940446 	 0.000022	0.021174
-9.597236 	 -11.914522 	 0.000046	0.043527
-9.596239 	 -11.884101 	 0.000085	0.079819
-9.595089 	 -11.849288 	 0.000145	0.134579
-9.593785 	 -11.810200 	 0.000232	0.212739
-9.592329 	 -11.766968 	 0.000353	0.319527
-9.590721 	 -11.719734 	 0.000516	0.460352
-9.588960 	 -11.668648 	 0.000730	0.640702
-9.587047 	 -11.613870 	 0.001005	0.866024
-9.584983 	 -11.555568 	 0.001351	1.141632
-9.582767 	 -11.493915 	 0.001779	1.472603
-9.580399 	 -11.429090 	 0.002300	1.863697
-9.577881 	 -11.361273 	 0.002929	2.319276
-9.575213 	 -11.290649 	 0.003677	2.843246
-9.572395 	 -11.217403 	 0.004559	3.439002
-9.569427 	 -11.141720 	 0.005591	4.109394
-9.566309 	 -11.063785 	 0.006786	4.856696
-9.563043 	 -10.983780 	 0.008163	5.682597
-9.559629 	 -10.901885 	 0.009738	6.588197
-9.556067 	 -10.818277 	 0.011528	7.574013
-9.552357 	 -10.733126 	 0.013552	8.640000
-9.548501 	 -10.646602 	 0.015828	9.785571
-9.544498 	 -10.558865 	 0.018376	11.009630
-9.540349 	 -10.470072 	 0.021217	12.310610
-9.536056 	 -10.380374 	 0.024370	13.686512
-9.531618 	 -10.289915 	 0.027857	15.134948
-9.527036 	 -10.198832 	 0.031701	16.653186
-9.522310 	 -10.107257 	 0.035922	18.238195
-9.517442 	 -10.015313 	 0.040544	19.886694
-9.512432 	 -9.923118 	 0.045590	21.595191
-9.507281 	 -9.830783 	 0.051084	23.360029
-9.501989 	 -9.738412 	 0.057050	25.177427
-9.496557 	 -9.646103 	 0.063513	27.043518
-9.490986 	 -9.553946 	 0.070497	28.954384
-9.485277 	 -9.462028 	 0.078027	30.906088
-9.479430 	 -9.370426 	 0.086131	32.894706
-9.473446 	 -9.279213 	 0.094832	34.916350
-9.467327 	 -9.188458 	 0.104159	36.967197
-9.461072 	 -9.098222 	 0.114136	39.043501
-9.454683 	 -9.008562 	 0.124792	41.141619
-9.448160 	 -8.919530 	 0.136153	43.258020
-9.441505 	 -8.831172 	 0.148247	45.389299
-9.434717 	 -8.743532 	 0.161100	47.532188
-9.427799 	 -8.656648 	 0.174741	49.683560
-9.420751 	 -8.570554 	 0.189197	51.840438
-9.413574 	 -8.485281 	 0.204497	54.000000
-9.406269 	 -8.400857 	 0.220668	56.159574
-9.398837 	 -8.317305 	 0.237738	58.316648
-9.391279 	 -8.234645 	 0.255736	60.468860
-9.383595 	 -8.152896 	 0.274689	62.614004
-9.375787 	 -8.072074 	 0.294626	64.750026
-9.367856 	 -7.992189 	 0.315574	66.875015
-9.359802 	 -7.913254 	 0.337563	68.987206
-9.351627 	 -7.835275 	 0.360620	71.084973
-9.343332 	 -7.758260 	 0.384772	73.166822
-9.334918 	 -7.682213 	 0.410049	75.231389
-9.326386 	 -7.607135 	 0.436477	77.277433
-9.317736 	 -7.533029 	 0.464085	79.303830
-9.308971 	 -7.459894 	 0.492899	81.309567
-9.300090 	 -7.387729 	 0.522947	83.293738
-9.291096 	 -7.316529 	 0.554255	85.255538
-9.281989 	 -7.246292 	 0.586852	87.194256
-9.272770 	 -7.177013 	 0.620763	89.109269
-9.263441 	 -7.108685 	 0.656015	91.000039
-9.254002 	 -7.041303 	 0.692633	92.866107
-9.244455 	 -6.974858 	 0.730644	94.707085
-9.234800 	 -6.909343 	 0.770073	96.522656
-9.225039 	 -6.844750 	 0.810946	98.312564
-9.215174 	 -6.781068 	 0.853285	100.076615
-9.205204 	 -6.718289 	 0.897118	101.814666
-9.195132 	 -6.656402 	 0.942466	103.526627
-9.184959 	 -6.595398 	 0.989355	105.212455
-9.174685 	 -6.535265 	 1.037806	106.872149
-9.164311 	 -6.475993 	 1.087844	108.505748
-9.153840 	 -6.417571 	 1.139490	110.113325
-9.143272 	 -6.359987 	 1.192766	111.694988
-9.132608 	 -6.303230 	 1.247694	113.250875
-9.121849 	 -6.247289 	 1.304295	114.781150
-9.110997 	 -6.192152 	 1.362589	116.286003
-9.100053 	 -6.137806 	 1.422596	117.765645
-9.089018 	 -6.084242 	 1.484337	119.220307
-9.077893 	 -6.031445 	 1.547829	120.650238
-9.066680 	 -5.979407 	 1.613091	122.055704
-9.055379 	 -5.928113 	 1.680142	123.436984
-9.043992 	 -5.877553 	 1.748998	124.794368
-9.032519 	 -5.827715 	 1.819677	126.128159
-9.020963 	 -5.778588 	 1.892195	127.438669
-9.009324 	 -5.730160 	 1.966568	128.726217
-8.997603 	 -5.682420 	 2.042810	129.991129
-8.985802 	 -5.635356 	 2.120936	131.233736
-8.973922 	 -5.588957 	 2.200961	132.454374
-8.961964 	 -5.543213 	 2.282898	133.653383
-8.949930 	 -5.498112 	 2.366760	134.831106
-8.937819 	 -5.453644 	 2.452558	135.987886
-8.925634 	 -5.409798 	 2.540305	137.124069
-8.913376 	 -5.366563 	 2.630012	138.240000
-8.901046 	 -5.323929 	 2.721689	139.336024
-8.888645 	 -5.281887 	 2.815345	140.412486
-8.876174 	 -5.240425 	 2.910991	141.469729
-8.863635 	 -5.199533 	 3.008635	142.508095
-8.851028 	 -5.159203 	 3.108285	143.527923
-8.838355 	 -5.119424 	 3.209948	144.529549
-8.825617 	 -5.080187 	 3.313632	145.513308
-8.812815 	 -5.041483 	 3.419341	146.479530
-8.799951 	 -5.003302 	 3.527083	147.428542
-8.787024 	 -4.965635 	 3.636862	148.360668
-8.774038 	 -4.928474 	 3.748682	149.276228
-8.760991 	 -4.891810 	 3.862548	150.175537
-8.747887 	 -4.855634 	 3.978462	151.058906
-8.734726 	 -4.819938 	 4.096427	151.926643
-8.721508 	 -4.784713 	 4.216446	152.779050
-8.708236 	 -4.749952 	 4.338519	153.616425
-8.694910 	 -4.715646 	 4.462648	154.439061
-8.681532 	 -4.681788 	 4.588833	155.247247
-8.668102 	 -4.648370 	 4.717073	156.041267
-8.654621 	 -4.615385 	 4.847368	156.821400
-8.641092 	 -4.582824 	 4.979717	157.587920
-8.627514 	 -4.550681 	 5.114117	158.341096
-8.613888 	 -4.518949 	 5.250567	159.081194
-8.600217 	 -4.487620 	 5.389062	159.808472
-8.586501 	 -4.456688 	 5.529600	160.523187
-8.572741 	 -4.426146 	 5.672176	161.225587
-8.558938 	 -4.395988 	 5.816786	161.915919
-8.545093 	 -4.366206 	 5.963425	162.594423
-8.531207 	 -4.336795 	 6.112087	163.261336
-8.517281 	 -4.307749 	 6.262765	163.916888
-8.503317 	 -4.279061 	 6.415454	164.561307
-8.489315 	 -4.250725 	 6.570146	165.194814
-8.475276 	 -4.222735 	 6.726834	165.817628
-8.461201 	 -4.195086 	 6.885509	166.429962
-8.447092 	 -4.167772 	 7.046163	167.032025
-8.432949 	 -4.140788 	 7.208787	167.624022
-8.418773 	 -4.114127 	 7.373372	168.206153
-8.404565 	 -4.087785 	 7.539908	168.778614
-8.390326 	 -4.061757 	 7.708384	169.341598
-8.376058 	 -4.036037 	 7.878791	169.895293
-8.361760 	 -4.010620 	 8.051115	170.439883
-8.347435 	 -3.985501 	 8.225348	170.975549
-8.333082 	 -3.960676 	 8.401476	171.502466
-8.318703 	 -3.936140 	 8.579486	172.020808
-8.304299 	 -3.911888 	 8.759368	172.530744
-8.289871 	 -3.887916 	 8.941107	173.032440
-8.275419 	 -3.864218 	 9.124690	173.526056
-8.260945 	 -3.840792 	 9.310104	174.011752
-8.246449 	 -3.817631 	 9.497334	174.489683
-8.231932 	 -3.794733 	 9.686367	174.960000
-8.217395 	 -3.772093 	 9.877187	175.422852
-8.202839 	 -3.749707 	 10.069779	175.878384
-8.188265 	 -3.727571 	 10.264129	176.326738
-8.173674 	 -3.705681 	 10.460221	176.768053
-8.159066 	 -3.684033 	 10.658039	177.202465
-8.144442 	 -3.662624 	 10.857567	177.630107
-8.129803 	 -3.641450 	 11.058788	178.051110
-8.115150 	 -3.620507 	 11.261686	178.465601
-8.100484 	 -3.599791 	 11.466244	178.873704
-8.085805 	 -3.579300 	 11.672445	179.275541
-8.071115 	 -3.559029 	 11.880272	179.671232
-8.056413 	 -3.538976 	 12.089707	180.060894
-8.041702 	 -3.519137 	 12.300733	180.444640
-8.026980 	 -3.499509 	 12.513331	180.822582
-8.012250 	 -3.480089 	 12.727484	181.194830
-7.997512 	 -3.460873 	 12.943173	181.561490
-7.982767 	 -3.441859 	 13.160381	181.922668
-7.968015 	 -3.423043 	 13.379087	182.278466
-7.953257 	 -3.404423 	 13.599274	182.628984
-7.938494 	 -3.385996 	 13.820922	182.974319
-7.923727 	 -3.367759 	 14.044013	183.314569
-7.908956 	 -3.349708 	 14.268528	183.649827
-7.894182 	 -3.331843 	 14.494446	183.980185
-7.879405 	 -3.314159 	 14.721750	184.305732
-7.864626 	 -3.296654 	 14.950418	184.626557
-7.849847 	 -3.279325 	 15.180433	184.942747
-7.835067 	 -3.262171 	 15.411773	185.254385
-7.820287 	 -3.245188 	 15.644420	185.561554
-7.805508 	 -3.228374 	 15.878353	185.864335
-7.790730 	 -3.211726 	 16.113553	186.162807
-7.775954 	 -3.195243 	 16.350000	186.457047
-7.761181 	 -3.178922 	 16.587673	186.747131
-7.746411 	 -3.162761 	 16.826553	187.033134
-7.731644 	 -3.146757 	 17.066619	187.315128
-7.716882 	 -3.130908 	 17.307852	187.593184
-7.702125 	 -3.115213 	 17.550230	187.867373
-7.687374 	 -3.099668 	 17.793735	188.137761
-7.672628 	 -3.084272 	 18.038346	188.404417
-7.657889 	 -3.069024 	 18.284043	188.667405
-7.643157 	 -3.053920 	 18.530806	188.926790
-7.628433 	 -3.038958 	 18.778613	189.182634
-7.613717 	 -3.024138 	 19.027446	189.434999
-7.599009 	 -3.009457 	 19.277285	189.683945
-7.584311 	 -2.994913 	 19.528108	189.929531
-7.569622 	 -2.980504 	 19.779896	190.171814
-7.554944 	 -2.966229 	 20.032629	190.410852
-7.540276 	 -2.952085 	 20.286287	190.646700
-7.525619 	 -2.938072 	 20.540850	190.879412
-7.510974 	 -2.924186 	 20.796298	191.109041
-7.496341 	 -2.910428 	 21.052612	191.335640
-7.481720 	 -2.896794 	 21.309770	191.559260
-7.467112 	 -2.883283 	 21.567754	191.779950
-7.452518 	 -2.869894 	 21.826544	191.997760
-7.437937 	 -2.856625 	 22.086121	192.212738
-7.423371 	 -2.843474 	 22.346464	192.424931
-7.408819 	 -2.830441 	 22.607555	192.634385
-7.394282 	 -2.817523 	 22.869374	192.841146
-7.379761 	 -2.804718 	 23.131901	193.045258
-7.365256 	 -2.792027 	 23.395118	193.246764
-7.350767 	 -2.779446 	 23.659006	193.445707
-7.336294 	 -2.766976 	 23.923545	193.642130
-7.321839 	 -2.754613 	 24.188717	193.836072
-7.307401 	 -2.742358 	 24.454503	194.027575
-7.292980 	 -2.730208 	 24.720883	194.216677
-7.278578 	 -2.718162 	 24.987841	194.403417
-7.264194 	 -2.706219 	 25.255357	194.587834
-7.249829 	 -2.694378 	 25.523412	194.769965
-7.235483 	 -2.682638 	 25.791989	194.949845
-7.221156 	 -2.670997 	 26.061070	195.127511
-7.206850 	 -2.659453 	 26.330636	195.302998
-7.192563 	 -2.648007 	 26.600671	195.476340
-7.178297 	 -2.636656 	 26.871155	195.647571
-7.164051 	 -2.625399 	 27.142072	195.816725
-7.149827 	 -2.614236 	 27.413403	195.983833
-7.135624 	 -2.603165 	 27.685133	196.148927
-7.121442 	 -2.592186 	 27.957243	196.312040
-7.107283 	 -2.581296 	 28.229717	196.473201
-7.093145 	 -2.570495 	 28.502537	196.632441
-7.079030 	 -2.559782 	 28.775688	196.789789
-7.064938 	 -2.549156 	 29.049152	196.945275
-7.050868 	 -2.538615 	 29.322912	197.098926
-7.036822 	 -2.528160 	 29.596953	197.250772
-7.022800 	 -2.517788 	 29.871259	197.400838
-7.008801 	 -2.507499 	 30.145813	197.549153
-6.994826 	 -2.497292 	 30.420600	197.695743
-6.980875 	 -2.487165 	 30.695604	197.840633
-6.966949 	 -2.477119 	 30.970809	197.983849
-6.953047 	 -2.467152 	 31.246199	198.125417
-6.939170 	 -2.457263 	 31.521761	198.265360
-6.925318 	 -2.447451 	 31.797478	198.403703
-6.911492 	 -2.437716 	 32.073336	198.540470
-6.897691 	 -2.428056 	 32.349320	198.675684
-6.883916 	 -2.418470 	 32.625415	198.809367
-6.870166 	 -2.408959 	 32.901606	198.941543
-6.856443 	 -2.399520 	 33.177881	199.072233
-6.842746 	 -2.390154 	 33.454223	199.201459
-6.829076 	 -2.380859 	 33.730620	199.329242
-6.815432 	 -2.371634 	 34.007058	199.455603
-6.801815 	 -2.362479 	 34.283522	199.580563
-6.788225 	 -2.353394 	 34.560000	199.704142
-6.774662 	 -2.344376 	 34.836478	199.826359
-6.761127 	 -2.335426 	 35.112942	199.947235
-6.747619 	 -2.326543 	 35.389381	200.066788
-6.734138 	 -2.317726 	 35.665780	200.185037
-6.720686 	 -2.308974 	 35.942128	200.302001
-6.707261 	 -2.300286 	 36.218411	200.417697
-6.693864 	 -2.291663 	 36.494617	200.532144
-6.680496 	 -2.283102 	 36.770735	200.645359
-6.667155 	 -2.274605 	 37.046751	200.757360
-6.653844 	 -2.266169 	 37.322654	200.868163
-6.640561 	 -2.257794 	 37.598433	200.977785
-6.627306 	 -2.249480 	 37.874075	201.086242
-6.614080 	 -2.241226 	 38.149570	201.193551
-6.600884 	 -2.233031 	 38.424905	201.299727
-6.587716 	 -2.224894 	 38.700070	201.404786
-6.574578 	 -2.216816 	 38.975054	201.508744
-6.561468 	 -2.208795 	 39.249846	201.611614
-6.548388 	 -2.200831 	 39.524435	201.713413
-6.535338 	 -2.192923 	 39.798811	201.814155
-6.522317 	 -2.185071 	 40.072963	201.913853
-6.509326 	 -2.177274 	 40.346881	202.012522
-6.496364 	 -2.169531 	 40.620555	202.110177
-6.483433 	 -2.161843 	 40.893976	202.206829
-6.470531 	 -2.154208 	 41.167133	202.302494
-6.457659 	 -2.146625 	 41.440016	202.397184
-6.444817 	 -2.139095 	 41.712617	202.490912
-6.432005 	 -2.131617 	 41.984926	202.583691
-6.419224 	 -2.124190 	 42.256934	202.675533
-6.406472 	 -2.116814 	 42.528631	202.766450
-6.393751 	 -2.109488 	 42.800009	202.856456
-6.381061 	 -2.102211 	 43.071060	202.945561
-6.368401 	 -2.094984 	 43.341774	203.033778
-6.355771 	 -2.087806 	 43.612142	203.121118
-6.343172 	 -2.080676 	 43.882158	203.207592
-6.330603 	 -2.073594 	 44.151812	203.293212
-6.318065 	 -2.066559 	 44.421096	203.377989
-6.305558 	 -2.059571 	 44.690003	203.461934
-6.293081 	 -2.052629 	 44.958525	203.545057
-6.280635 	 -2.045733 	 45.226654	203.627368
-6.268220 	 -2.038883 	 45.494383	203.708879
-6.255836 	 -2.032078 	 45.761703	203.789599
-6.243483 	 -2.025317 	 46.028609	203.869538
-6.231160 	 -2.018601 	 46.295093	203.948707
-6.218869 	 -2.011928 	 46.561148	204.027114
-6.206608 	 -2.005299 	 46.826766	204.104771
-6.194379 	 -1.998712 	 47.091942	204.181685
-6.182180 	 -1.992168 	 47.356669	204.257866
-6.170012 	 -1.985667 	 47.620940	204.333324
-6.157876 	 -1.979207 	 47.884749	204.408067
-6.145770 	 -1.972788 	 48.148089	204.482104
-6.133696 	 -1.966410 	 48.410955	204.555444
-6.121652 	 -1.960073 	 48.673341	204.628096
-6.109640 	 -1.953776 	 48.935240	204.700067
-6.097659 	 -1.947518 	 49.196648	204.771367
-6.085708 	 -1.941300 	 49.457557	204.842004
-6.073789 	 -1.935121 	 49.717964	204.911985
-6.061901 	 -1.928981 	 49.977862	204.981319
-6.050044 	 -1.922879 	 50.237245	205.050013
-6.038218 	 -1.916816 	 50.496110	205.118076
-6.026424 	 -1.910789 	 50.754451	205.185514
-6.014660 	 -1.904800 	 51.012263	205.252336
-6.002927 	 -1.898848 	 51.269540	205.318548
-5.991226 	 -1.892933 	 51.526279	205.384158
-5.979555 	 -1.887054 	 51.782475	205.449173
-5.967915 	 -1.881211 	 52.038123	205.513601
-5.956307 	 -1.875403 	 52.293218	205.577448
-5.944729 	 -1.869631 	 52.547757	205.640721
-5.933183 	 -1.863893 	 52.801735	205.703427
-5.921667 	 -1.858191 	 53.055148	205.765572
-5.910183 	 -1.852523 	 53.307992	205.827163
-5.898729 	 -1.846888 	 53.560264	205.888207
-5.887306 	 -1.841288 	 53.811958	205.948710
-5.875915 	 -1.835721 	 54.063072	206.008678
-5.864553 	 -1.830187 	 54.313602	206.068117
-5.853223 	 -1.824686 	 54.563544	206.127034
-5.841924 	 -1.819218 	 54.812896	206.185435
-5.830655 	 -1.813782 	 55.061652	206.243325
-5.819417 	 -1.808378 	 55.309811	206.300710
-5.808210 	 -1.803005 	 55.557370	206.357597
-5.797034 	 -1.797665 	 55.804324	206.413990
-5.785888 	 -1.792355 	 56.050671	206.469896
-5.774773 	 -1.787076 	 56.296408	206.525320
-5.763688 	 -1.781828 	 56.541533	206.580267
-5.752634 	 -1.776610 	 56.786041	206.634743
-5.741610 	 -1.771423 	 57.029932	206.688754
-5.730617 	 -1.766265 	 57.273202	206.742303
-5.719654 	 -1.761137 	 57.515849	206.795398
-5.708722 	 -1.756038 	 57.757870	206.848042
-5.697820 	 -1.750969 	 57.999263	206.900240
-5.686948 	 -1.745928 	 58.240025	206.951998
-5.676107 	 -1.740916 	 58.480155	207.003321
-5.665296 	 -1.735932 	 58.719651	207.054213
-5.654514 	 -1.730976 	 58.958509	207.104679
-5.643763 	 -1.726049 	 59.196729	207.154723
-5.633042 	 -1.721149 	 59.434309	207.204352
-5.622351 	 -1.716276 	 59.671245	207.253568
-5.611690 	 -1.711431 	 59.907538	207.302376
-5.601059 	 -1.706613 	 60.143185	207.350781
-5.590458 	 -1.701821 	 60.378184	207.398788
-5.579887 	 -1.697056 	 60.612535	207.446400
-5.569345 	 -1.692318 	 60.846234	207.493622
-5.558833 	 -1.687605 	 61.079282	207.540458
-5.548351 	 -1.682919 	 61.311676	207.586912
-5.537898 	 -1.678258 	 61.543416	207.632988
-5.527475 	 -1.673622 	 61.774500	207.678691
-5.517081 	 -1.669012 	 62.004927	207.724024
-5.506717 	 -1.664427 	 62.234695	207.768992
-5.496382 	 -1.659867 	 62.463804	207.813597
-5.486076 	 -1.655331 	 62.692253	207.857844
-5.475800 	 -1.650820 	 62.920041	207.901738
-5.465553 	 -1.646334 	 63.147167	207.945280
-5.455335 	 -1.641871 	 63.373630	207.988476
-5.445146 	 -1.637432 	 63.599429	208.031328
-5.434986 	 -1.633017 	 63.824564	208.073841
-5.424854 	 -1.628626 	 64.049033	208.116018
-5.414752 	 -1.624258 	 64.272837	208.157863
-5.404679 	 -1.619913 	 64.495975	208.199378
-5.394634 	 -1.615591 	 64.718446	208.240567
-5.384618 	 -1.611291 	 64.940250	208.281434
-5.374631 	 -1.607015 	 65.161386	208.321983
-5.364672 	 -1.602761 	 65.381854	208.362215
-5.354742 	 -1.598529 	 65.601654	208.402135
-5.344840 	 -1.594319 	 65.820785	208.441745
-5.334967 	 -1.590131 	 66.039248	208.481050
-5.325122 	 -1.585965 	 66.257041	208.520051
-5.315305 	 -1.581820 	 66.474166	208.558753
-5.305516 	 -1.577697 	 66.690621	208.597157
-5.295756 	 -1.573595 	 66.906407	208.635268
-5.286023 	 -1.569514 	 67.121524	208.673087
-5.276318 	 -1.565454 	 67.335971	208.710619
-5.266642 	 -1.561415 	 67.549750	208.747865
-5.256993 	 -1.557396 	 67.762859	208.784830
-5.247372 	 -1.553398 	 67.975300	208.821514
-5.237778 	 -1.549421 	 68.187072	208.857923
-5.228212 	 -1.545463 	 68.398176	208.894057
-5.218674 	 -1.541525 	 68.608611	208.929920
-5.209163 	 -1.537608 	 68.818379	208.965514
-5.199680 	 -1.533709 	 69.027479	209.000843
-5.190224 	 -1.529831 	 69.235912	209.035908
-5.180795 	 -1.525972 	 69.443679	209.070713
-5.171393 	 -1.522132 	 69.650779	209.105259
-5.162019 	 -1.518311 	 69.857213	209.139550
-5.152671 	 -1.514509 	 70.062983	209.173588
-5.143351 	 -1.510726 	 70.268087	209.207376
-5.134057 	 -1.506962 	 70.472528	209.240915
-5.124790 	 -1.503217 	 70.676305	209.274208
-5.115550 	 -1.499489 	 70.879419	209.307258
-5.106337 	 -1.495780 	 71.081871	209.340067
-5.097150 	 -1.492090 	 71.283662	209.372637
-5.087990 	 -1.488417 	 71.484792	209.404970
-5.078856 	 -1.484762 	 71.685262	209.437070
-5.069749 	 -1.481125 	 71.885073	209.468937
-5.060668 	 -1.477505 	 72.084226	209.500575
-5.051613 	 -1.473903 	 72.282721	209.531985
-5.042584 	 -1.470319 	 72.480560	209.563170
-5.033582 	 -1.466752 	 72.677743	209.594132
-5.024605 	 -1.463201 	 72.874271	209.624872
-5.015655 	 -1.459668 	 73.070145	209.655393
-5.006730 	 -1.456152 	 73.265367	209.685698
-4.997831 	 -1.452653 	 73.459936	209.715787
-4.988958 	 -1.449170 	 73.653855	209.745663
-4.980111 	 -1.445703 	 73.847124	209.775329
-4.971289 	 -1.442254 	 74.039744	209.804785
-4.962492 	 -1.438820 	 74.231716	209.834034
-4.953721 	 -1.435403 	 74.423042	209.863079
-4.944976 	 -1.432001 	 74.613722	209.891920
-4.936255 	 -1.428616 	 74.803758	209.920559
-4.927560 	 -1.425246 	 74.993151	209.948999
-4.918890 	 -1.421893 	 75.181902	209.977242
-4.910245 	 -1.418555 	 75.370012	210.005289
-4.901625 	 -1.415232 	 75.557483	210.033141
-4.893030 	 -1.411925 	 75.744316	210.060801
-4.884460 	 -1.408633 	 75.930511	210.088271
-4.875914 	 -1.405356 	 76.116071	210.115552
-4.867393 	 -1.402095 	 76.300996	210.142646
-4.858897 	 -1.398848 	 76.485288	210.169554
-4.850425 	 -1.395617 	 76.668949	210.196279
-4.841978 	 -1.392400 	 76.851979	210.222822
-4.833555 	 -1.389198 	 77.034379	210.249184
-4.825156 	 -1.386010 	 77.216152	210.275367
-4.816782 	 -1.382837 	 77.397299	210.301374
-4.808432 	 -1.379679 	 77.577821	210.327204
-4.800106 	 -1.376534 	 77.757719	210.352861
-4.791803 	 -1.373404 	 77.936995	210.378345
-4.783525 	 -1.370288 	 78.115651	210.403658
-4.775271 	 -1.367186 	 78.293687	210.428802
-4.767040 	 -1.364098 	 78.471105	210.453777
-4.758833 	 -1.361024 	 78.647908	210.478587
-4.750650 	 -1.357963 	 78.824095	210.503231
-4.742490 	 -1.354916 	 78.999669	210.527712
-4.734354 	 -1.351883 	 79.174632	210.552030
-4.726241 	 -1.348863 	 79.348984	210.576188
-4.718152 	 -1.345857 	 79.522728	210.600187
-4.710085 	 -1.342863 	 79.695865	210.624027
-4.702042 	 -1.339883 	 79.868396	210.647711
-4.694022 	 -1.336916 	 80.040322	210.671240
-4.686025 	 -1.333963 	 80.211647	210.694615
-4.678052 	 -1.331022 	 80.382371	210.717838
-4.670100 	 -1.328094 	 80.552495	210.740910
-4.662172 	 -1.325178 	 80.722022	210.763831
-4.654267 	 -1.322276 	 80.890953	210.786604
-4.646384 	 -1.319386 	 81.059289	210.809230
-4.638523 	 -1.316508 	 81.227033	210.831709
-4.630686 	 -1.313643 	 81.394185	210.854044
-4.622870 	 -1.310791 	 81.560748	210.876235
-4.615077 	 -1.307950 	 81.726724	210.898284
-4.607307 	 -1.305122 	 81.892113	210.920191
-4.599558 	 -1.302306 	 82.056917	210.941959
-4.591832 	 -1.299502 	 82.221139	210.963588
-4.584128 	 -1.296710 	 82.384779	210.985079
-4.576446 	 -1.293930 	 82.547840	211.006434
-4.568785 	 -1.291162 	 82.710323	211.027654
-4.561147 	 -1.288405 	 82.872230	211.048739
-4.553530 	 -1.285660 	 83.033562	211.069691
-4.545936 	 -1.282927 	 83.194322	211.090512
-4.538362 	 -1.280206 	 83.354511	211.111201
-4.530811 	 -1.277495 	 83.514131	211.131761
-4.523281 	 -1.274796 	 83.673183	211.152192
-4.515772 	 -1.272109 	 83.831669	211.172495
-4.508285 	 -1.269433 	 83.989591	211.192672
-4.500818 	 -1.266768 	 84.146950	211.212724
-4.493374 	 -1.264114 	 84.303749	211.232651
-4.485950 	 -1.261471 	 84.459989	211.252454
-4.478547 	 -1.258839 	 84.615672	211.272135
-4.471166 	 -1.256217 	 84.770799	211.291695
-4.463805 	 -1.253607 	 84.925373	211.311134
-4.456465 	 -1.251008 	 85.079395	211.330453
-4.449146 	 -1.248419 	 85.232866	211.349654
-4.441848 	 -1.245841 	 85.385789	211.368738
-4.434570 	 -1.243273 	 85.538165	211.387705
-4.427313 	 -1.240716 	 85.689997	211.406556
-4.420077 	 -1.238169 	 85.841285	211.425293
-4.412861 	 -1.235633 	 85.992032	211.443916
-4.405665 	 -1.233107 	 86.142239	211.462426
-4.398490 	 -1.230591 	 86.291908	211.480824
-4.391335 	 -1.228086 	 86.441041	211.499111
-4.384200 	 -1.225590 	 86.589640	211.517287
-4.377085 	 -1.223105 	 86.737706	211.535355
-4.369990 	 -1.220630 	 86.885241	211.553314
-4.362915 	 -1.218164 	 87.032247	211.571165
-4.355860 	 -1.215709 	 87.178726	211.588910
-4.348825 	 -1.213263 	 87.324680	211.606549
-4.341810 	 -1.210827 	 87.470109	211.624083
-4.334814 	 -1.208401 	 87.615017	211.641512
-4.327838 	 -1.205984 	 87.759404	211.658838
-4.320882 	 -1.203578 	 87.903273	211.676062
-4.313945 	 -1.201180 	 88.046626	211.693184
-4.307027 	 -1.198792 	 88.189463	211.710205
-4.300129 	 -1.196414 	 88.331787	211.727125
-4.293251 	 -1.194045 	 88.473600	211.743947
-4.286391 	 -1.191685 	 88.614903	211.760669
-4.279550 	 -1.189334 	 88.755699	211.777294
-4.272729 	 -1.186993 	 88.895988	211.793822
-4.265927 	 -1.184661 	 89.035773	211.810253
-4.259144 	 -1.182338 	 89.175055	211.826589
-4.252379 	 -1.180024 	 89.313837	211.842829
-4.245634 	 -1.177719 	 89.452120	211.858976
-4.238907 	 -1.175423 	 89.589905	211.875029
-4.232199 	 -1.173135 	 89.727195	211.890990
-4.225509 	 -1.170857 	 89.863991	211.906858
-4.218838 	 -1.168588 	 90.000295	211.922635
-4.212186 	 -1.166327 	 90.136109	211.938322
-4.205552 	 -1.164075 	 90.271435	211.953918
-4.198937 	 -1.161831 	 90.406273	211.969426
-4.192340 	 -1.159596 	 90.540627	211.984844
-4.185761 	 -1.157370 	 90.674497	212.000175
-4.179200 	 -1.155152 	 90.807886	212.015419
-4.172657 	 -1.152943 	 90.940795	212.030576
-4.166133 	 -1.150742 	 91.073226	212.045647
-4.159627 	 -1.148549 	 91.205181	212.060633
-4.153138 	 -1.146365 	 91.336661	212.075535
-4.146667 	 -1.144188 	 91.467668	212.090352
-4.140215 	 -1.142020 	 91.598205	212.105086
-4.133780 	 -1.139861 	 91.728271	212.119737
-4.127362 	 -1.137709 	 91.857871	212.134306
-4.120963 	 -1.135566 	 91.987004	212.148794
-4.114581 	 -1.133430 	 92.115673	212.163200
-4.108216 	 -1.131302 	 92.243879	212.177527
-4.101869 	 -1.129183 	 92.371625	212.191773
-4.095539 	 -1.127071 	 92.498911	212.205941
-4.089227 	 -1.124967 	 92.625741	212.220030
-4.082932 	 -1.122871 	 92.752114	212.234040
-4.076654 	 -1.120783 	 92.878033	212.247974
-4.070393 	 -1.118702 	 93.003501	212.261830
-4.064150 	 -1.116629 	 93.128517	212.275611
-4.057923 	 -1.114564 	 93.253085	212.289315
-4.051714 	 -1.112506 	 93.377205	212.302945
-4.045521 	 -1.110456 	 93.500880	212.316500
-4.039345 	 -1.108414 	 93.624110	212.329980
-4.033186 	 -1.106379 	 93.746899	212.343388
-4.027044 	 -1.104351 	 93.869247	212.356722
-4.020919 	 -1.102330 	 93.991156	212.369983
-4.014810 	 -1.100317 	 94.112628	212.383173
-4.008717 	 -1.098312 	 94.233664	212.396291
-4.002642 	 -1.096313 	 94.354267	212.409339
-3.996582 	 -1.094322 	 94.474437	212.422315
-3.990539 	 -1.092338 	 94.594176	212.435222
-3.984513 	 -1.090361 	 94.713487	212.448060
-3.978502 	 -1.088392 	 94.832370	212.460828
-3.972508 	 -1.086429 	 94.950828	212.473529
-3.966530 	 -1.084473 	 95.068861	212.486161
-3.960569 	 -1.082525 	 95.186472	212.498726
-3.954623 	 -1.080583 	 95.303662	212.511223
-3.948693 	 -1.078648 	 95.420433	212.523654
-3.942779 	 -1.076720 	 95.536786	212.536020
-3.936882 	 -1.074799 	 95.652723	212.548319
-3.931000 	 -1.072885 	 95.768246	212.560554
-3.925133 	 -1.070978 	 95.883356	212.572723
-3.919283 	 -1.069077 	 95.998054	212.584829
-3.913448 	 -1.067183 	 96.112343	212.596871
-3.907629 	 -1.065296 	 96.226224	212.608849
-3.901825 	 -1.063415 	 96.339699	212.620765
-3.896037 	 -1.061541 	 96.452769	212.632618
-3.890265 	 -1.059674 	 96.565435	212.644409
-3.884507 	 -1.057813 	 96.677700	212.656138
-3.878765 	 -1.055958 	 96.789564	212.667807
-3.873039 	 -1.054110 	 96.901030	212.679414
-3.867327 	 -1.052269 	 97.012099	212.690962
-3.861631 	 -1.050434 	 97.122772	212.702449
-3.855950 	 -1.048605 	 97.233051	212.713877
-3.850284 	 -1.046783 	 97.342938	212.725246
-3.844634 	 -1.044966 	 97.452434	212.736556
-3.838998 	 -1.043156 	 97.561541	212.747808
-3.833377 	 -1.041353 	 97.670259	212.759002
-3.827771 	 -1.039555 	 97.778592	212.770139
-3.822179 	 -1.037764 	 97.886539	212.781218
-3.816603 	 -1.035979 	 97.994104	212.792241
-3.811041 	 -1.034200 	 98.101286	212.803208
-3.805494 	 -1.032427 	 98.208088	212.814118
-3.799962 	 -1.030660 	 98.314512	212.824973
-3.794444 	 -1.028899 	 98.420558	212.835773
-3.788941 	 -1.027144 	 98.526228	212.846518
-3.783452 	 -1.025395 	 98.631524	212.857209
-3.777977 	 -1.023652 	 98.736447	212.867845
-3.772517 	 -1.021915 	 98.840999	212.878428
-3.767071 	 -1.020184 	 98.945181	212.888958
-3.761640 	 -1.018459 	 99.048994	212.899434
-3.756223 	 -1.016739 	 99.152441	212.909858
-3.750820 	 -1.015025 	 99.255521	212.920230
-3.745431 	 -1.013317 	 99.358238	212.930549
-3.740056 	 -1.011615 	 99.460592	212.940817
-3.734695 	 -1.009918 	 99.562585	212.951034
-3.729348 	 -1.008227 	 99.664218	212.961200
-3.724015 	 -1.006541 	 99.765493	212.971315
-3.718696 	 -1.004862 	 99.866411	212.981380
-3.713391 	 -1.003187 	 99.966973	212.991395
-3.708100 	 -1.001519 	 100.067182	213.001361
-3.702822 	 -0.999856 	 100.167037	213.011277
-3.697558 	 -0.998198 	 100.266541	213.021144
-3.692308 	 -0.996546 	 100.365696	213.030963
-3.687071 	 -0.994899 	 100.464502	213.040734
-3.681848 	 -0.993258 	 100.562961	213.050456
-3.676638 	 -0.991622 	 100.661074	213.060131
-3.671442 	 -0.989991 	 100.758843	213.069758
-3.666259 	 -0.988366 	 100.856269	213.079339
-3.661090 	 -0.986746 	 100.953353	213.088872
-3.655934 	 -0.985131 	 101.050097	213.098359
-3.650791 	 -0.983522 	 101.146502	213.107800
-3.645661 	 -0.981918 	 101.242570	213.117196
-3.640545 	 -0.980319 	 101.338302	213.126545
-3.635442 	 -0.978725 	 101.433698	213.135850
-3.630351 	 -0.977136 	 101.528762	213.145109
-3.625274 	 -0.975553 	 101.623493	213.154324
-3.620210 	 -0.973975 	 101.717893	213.163494
-3.615159 	 -0.972401 	 101.811964	213.172620
-3.610121 	 -0.970833 	 101.905707	213.181703
-3.605095 	 -0.969270 	 101.999123	213.190742
-3.600083 	 -0.967712 	 102.092213	213.199737
-3.595083 	 -0.966159 	 102.184979	213.208690
-3.590096 	 -0.964610 	 102.277422	213.217600
-3.585122 	 -0.963067 	 102.369544	213.226467
-3.580160 	 -0.961529 	 102.461345	213.235292
-3.575211 	 -0.959995 	 102.552827	213.244075
-3.570274 	 -0.958466 	 102.643992	213.252817
-3.565350 	 -0.956943 	 102.734839	213.261517
-3.560439 	 -0.955424 	 102.825372	213.270177
-3.555540 	 -0.953910 	 102.915591	213.278795
-3.550653 	 -0.952400 	 103.005497	213.287372
-3.545779 	 -0.950896 	 103.095091	213.295910
-3.540917 	 -0.949396 	 103.184376	213.304407
-3.536067 	 -0.947900 	 103.273351	213.312864
-3.531230 	 -0.946410 	 103.362019	213.321282
-3.526404 	 -0.944924 	 103.450380	213.329660
-3.521591 	 -0.943443 	 103.538436	213.337999
-3.516790 	 -0.941966 	 103.626188	213.346300
-3.512001 	 -0.940494 	 103.713638	213.354561
-3.507224 	 -0.939027 	 103.800785	213.362784
-3.502459 	 -0.937564 	 103.887633	213.370970
-3.497706 	 -0.936106 	 103.974181	213.379117
-3.492965 	 -0.934652 	 104.060431	213.387226
-3.488236 	 -0.933203 	 104.146384	213.395298
-3.483518 	 -0.931758 	 104.232042	213.403333
-3.478813 	 -0.930318 	 104.317406	213.411331
-3.474119 	 -0.928882 	 104.402477	213.419292
-3.469436 	 -0.927450 	 104.487255	213.427216
-3.464766 	 -0.926023 	 104.571743	213.435104
-3.460107 	 -0.924600 	 104.655941	213.442956
-3.455459 	 -0.923182 	 104.739850	213.450772
-3.450824 	 -0.921768 	 104.823472	213.458553
-3.446199 	 -0.920358 	 104.906808	213.466298
-3.441586 	 -0.918953 	 104.989859	213.474007
-3.436985 	 -0.917551 	 105.072627	213.481682
-3.432395 	 -0.916154 	 105.155111	213.489322
-3.427816 	 -0.914762 	 105.237314	213.496927
-3.423249 	 -0.913373 	 105.319236	213.504498
-3.418692 	 -0.911989 	 105.400879	213.512034
-3.414148 	 -0.910609 	 105.482244	213.519537
-3.409614 	 -0.909233 	 105.563332	213.527006
-3.405091 	 -0.907861 	 105.644144	213.534441
-3.400580 	 -0.906493 	 105.724681	213.541843
-3.396079 	 -0.905130 	 105.804944	213.549212
-3.391590 	 -0.903770 	 105.884935	213.556548
-3.387112 	 -0.902415 	 105.964654	213.563850
-3.382645 	 -0.901063 	 106.044103	213.571121
-3.378188 	 -0.899716 	 106.123282	213.578359
-3.373743 	 -0.898373 	 106.202193	213.585564
-3.369308 	 -0.897033 	 106.280837	213.592738
-3.364884 	 -0.895698 	 106.359215	213.599880
-3.360471 	 -0.894367 	 106.437327	213.606990
-3.356069 	 -0.893039 	 106.515176	213.614069
-3.351677 	 -0.891716 	 106.592762	213.621116
-3.347297 	 -0.890396 	 106.670085	213.628133
-3.342926 	 -0.889080 	 106.747148	213.635118
-3.338567 	 -0.887768 	 106.823952	213.642073
-3.334218 	 -0.886460 	 106.900496	213.648997
-3.329879 	 -0.885156 	 106.976783	213.655891
-3.325551 	 -0.883856 	 107.052813	213.662755
-3.321234 	 -0.882559 	 107.128588	213.669588
-3.316927 	 -0.881266 	 107.204108	213.676392
-3.312630 	 -0.879977 	 107.279374	213.683166
-3.308344 	 -0.878692 	 107.354388	213.689911
-3.304068 	 -0.877411 	 107.429150	213.696626
-3.299802 	 -0.876133 	 107.503662	213.703312
-3.295547 	 -0.874859 	 107.577924	213.709969
-3.291302 	 -0.873588 	 107.651938	213.716597
-3.287067 	 -0.872322 	 107.725704	213.723197
-3.282842 	 -0.871059 	 107.799223	213.729768
-3.278627 	 -0.869799 	 107.872497	213.736311
-3.274423 	 -0.868543 	 107.945527	213.742825
-3.270228 	 -0.867291 	 108.018313	213.749312
-3.266044 	 -0.866043 	 108.090856	213.755771
-3.261869 	 -0.864798 	 108.163158	213.762202
-3.257705 	 -0.863556 	 108.235219	213.768605
-3.253550 	 -0.862318 	 108.307040	213.774982
-3.249406 	 -0.861084 	 108.378623	213.781331
-3.245271 	 -0.859853 	 108.449967	213.787652
-3.241146 	 -0.858626 	 108.521075	213.793947
-3.237031 	 -0.857402 	 108.591947	213.800216
-3.232925 	 -0.856182 	 108.662584	213.806457
-3.228829 	 -0.854965 	 108.732987	213.812672
-3.224743 	 -0.853751 	 108.803157	213.818861
-3.220667 	 -0.852541 	 108.873095	213.825024
-3.216600 	 -0.851335 	 108.942802	213.831160
-3.212543 	 -0.850131 	 109.012278	213.837271
-3.208496 	 -0.848931 	 109.081525	213.843356
-3.204458 	 -0.847735 	 109.150544	213.849416
-3.200430 	 -0.846542 	 109.219334	213.855450
-3.196411 	 -0.845352 	 109.287899	213.861459
-3.192401 	 -0.844166 	 109.356237	213.867442
-3.188401 	 -0.842983 	 109.424351	213.873401
-3.184410 	 -0.841803 	 109.492241	213.879334
-3.180429 	 -0.840626 	 109.559908	213.885243
-3.176457 	 -0.839453 	 109.627352	213.891128
-3.172495 	 -0.838283 	 109.694575	213.896988
-3.168541 	 -0.837116 	 109.761578	213.902823
-3.164597 	 -0.835953 	 109.828362	213.908635
-3.160662 	 -0.834793 	 109.894926	213.914422
-3.156736 	 -0.833636 	 109.961273	213.920185
-3.152820 	 -0.832482 	 110.027403	213.925925
-3.148912 	 -0.831331 	 110.093317	213.931641
-3.145014 	 -0.830184 	 110.159016	213.937333
-3.141124 	 -0.829039 	 110.224501	213.943002
-3.137244 	 -0.827898 	 110.289771	213.948648
-3.133373 	 -0.826760 	 110.354830	213.954270
-3.129511 	 -0.825625 	 110.419676	213.959870
-3.125657 	 -0.824493 	 110.484312	213.965446
-3.121813 	 -0.823364 	 110.548737	213.971000
-3.117977 	 -0.822239 	 110.612954	213.976531
-3.114150 	 -0.821116 	 110.676961	213.982040
-3.110333 	 -0.819997 	 110.740761	213.987526
-3.106523 	 -0.818880 	 110.804355	213.992990
-3.102723 	 -0.817767 	 110.867742	213.998432
-3.098932 	 -0.816656 	 110.930924	214.003851
-3.095149 	 -0.815549 	 110.993902	214.009249
-3.091375 	 -0.814444 	 111.056676	214.014625
-3.087609 	 -0.813343 	 111.119247	214.019979
-3.083852 	 -0.812244 	 111.181617	214.025312
-3.080104 	 -0.811149 	 111.243785	214.030623
-3.076364 	 -0.810056 	 111.305753	214.035913
-3.072633 	 -0.808966 	 111.367521	214.041182
-3.068911 	 -0.807880 	 111.429091	214.046429
-3.065197 	 -0.806796 	 111.490463	214.051656
-3.061491 	 -0.805715 	 111.551637	214.056861
-3.057794 	 -0.804637 	 111.612615	214.062046
-3.054105 	 -0.803561 	 111.673397	214.067210
-3.050425 	 -0.802489 	 111.733984	214.072354
-3.046753 	 -0.801420 	 111.794378	214.077477
-3.043089 	 -0.800353 	 111.854577	214.082580
-3.039434 	 -0.799289 	 111.914585	214.087662
-3.035787 	 -0.798228 	 111.974400	214.092725
-3.032148 	 -0.797170 	 112.034024	214.097767
-3.028517 	 -0.796115 	 112.093458	214.102789
-3.024895 	 -0.795062 	 112.152702	214.107792
-3.021281 	 -0.794012 	 112.211758	214.112775
-3.017675 	 -0.792965 	 112.270625	214.117738
-3.014077 	 -0.791921 	 112.329305	214.122682
-3.010487 	 -0.790879 	 112.387798	214.127606
-3.006905 	 -0.789840 	 112.446106	214.132511
-3.003331 	 -0.788804 	 112.504228	214.137397
-2.999766 	 -0.787771 	 112.562166	214.142264
-2.996208 	 -0.786740 	 112.619920	214.147111
-2.992658 	 -0.785712 	 112.677490	214.151940
-2.989117 	 -0.784687 	 112.734879	214.156750
-2.985583 	 -0.783664 	 112.792086	214.161542
-2.982057 	 -0.782644 	 112.849112	214.166314
-2.978539 	 -0.781626 	 112.905958	214.171068
-2.975029 	 -0.780612 	 112.962624	214.175804
-2.971526 	 -0.779600 	 113.019112	214.180521
-2.968032 	 -0.778590 	 113.075422	214.185221
-2.964545 	 -0.777583 	 113.131554	214.189902
-2.961066 	 -0.776579 	 113.187509	214.194565
-2.957594 	 -0.775577 	 113.243289	214.199210
-2.954131 	 -0.774578 	 113.298893	214.203837
-2.950675 	 -0.773581 	 113.354322	214.208446
-2.947227 	 -0.772587 	 113.409578	214.213038
-2.943786 	 -0.771596 	 113.464660	214.217612
-2.940353 	 -0.770607 	 113.519569	214.222168
-2.936928 	 -0.769620 	 113.574307	214.226707
-2.933510 	 -0.768637 	 113.628873	214.231229
-2.930099 	 -0.767655 	 113.683269	214.235734
-2.926697 	 -0.766676 	 113.737494	214.240221
-2.923301 	 -0.765700 	 113.791551	214.244692
-2.919913 	 -0.764726 	 113.845438	214.249145
-2.916533 	 -0.763754 	 113.899158	214.253582
-2.913160 	 -0.762785 	 113.952710	214.258001
-2.909794 	 -0.761819 	 114.006096	214.262404
-2.906436 	 -0.760855 	 114.059316	214.266791
-2.903085 	 -0.759893 	 114.112370	214.271161
-2.899742 	 -0.758934 	 114.165259	214.275514
-2.896405 	 -0.757977 	 114.217984	214.279851
-2.893076 	 -0.757023 	 114.270546	214.284171
-2.889755 	 -0.756071 	 114.322945	214.288476
-2.886440 	 -0.755121 	 114.375182	214.292764
-2.883133 	 -0.754174 	 114.427256	214.297036
-2.879833 	 -0.753229 	 114.479170	214.301292
-2.876540 	 -0.752286 	 114.530924	214.305533
-2.873254 	 -0.751346 	 114.582518	214.309757
-2.869976 	 -0.750408 	 114.633952	214.313966
-2.866704 	 -0.749473 	 114.685228	214.318159
-2.863440 	 -0.748539 	 114.736346	214.322336
-2.860183 	 -0.747609 	 114.787307	214.326498
-2.856932 	 -0.746680 	 114.838111	214.330645
-2.853689 	 -0.745754 	 114.888759	214.334776
-2.850453 	 -0.744830 	 114.939251	214.338892
-2.847224 	 -0.743908 	 114.989589	214.342993
-2.844001 	 -0.742989 	 115.039772	214.347078
-2.840786 	 -0.742071 	 115.089801	214.351149
-2.837577 	 -0.741157 	 115.139677	214.355204
-2.834376 	 -0.740244 	 115.189400	214.359245
-2.831181 	 -0.739334 	 115.238972	214.363270
-2.827993 	 -0.738425 	 115.288392	214.367281
-2.824812 	 -0.737519 	 115.337661	214.371277
-2.821638 	 -0.736616 	 115.386780	214.375259
-2.818470 	 -0.735714 	 115.435749	214.379226
-2.815310 	 -0.734815 	 115.484569	214.383179
-2.812156 	 -0.733918 	 115.533241	214.387117
-2.809009 	 -0.733023 	 115.581764	214.391041
-2.805868 	 -0.732130 	 115.630140	214.394950
-2.802734 	 -0.731239 	 115.678370	214.398846
-2.799607 	 -0.730351 	 115.726452	214.402727
-2.796487 	 -0.729465 	 115.774389	214.406594
-2.793373 	 -0.728580 	 115.822181	214.410447
-2.790266 	 -0.727698 	 115.869829	214.414286
-2.787165 	 -0.726818 	 115.917332	214.418112
-2.784071 	 -0.725941 	 115.964691	214.421923
-2.780983 	 -0.725065 	 116.011908	214.425721
-2.777902 	 -0.724192 	 116.058982	214.429505
-2.774828 	 -0.723320 	 116.105914	214.433276
-2.771760 	 -0.722451 	 116.152704	214.437033
-2.768698 	 -0.721583 	 116.199354	214.440776
-2.765643 	 -0.720718 	 116.245863	214.444506
-2.762595 	 -0.719855 	 116.292233	214.448223
-2.759552 	 -0.718994 	 116.338463	214.451926
-2.756517 	 -0.718135 	 116.384555	214.455617
-2.753487 	 -0.717278 	 116.430508	214.459294
-2.750464 	 -0.716423 	 116.476323	214.462958
-2.747447 	 -0.715570 	 116.522002	214.466609
-2.744437 	 -0.714719 	 116.567543	214.470247
-2.741432 	 -0.713871 	 116.612949	214.473872
-2.738435 	 -0.713024 	 116.658218	214.477484
-2.735443 	 -0.712179 	 116.703353	214.481084
-2.732457 	 -0.711336 	 116.748353	214.484670
-2.729478 	 -0.710495 	 116.793219	214.488244
-2.726505 	 -0.709656 	 116.837951	214.491806
-2.723539 	 -0.708819 	 116.882550	214.495355
-2.720578 	 -0.707984 	 116.927016	214.498891
-2.717623 	 -0.707151 	 116.971350	214.502415
-2.714675 	 -0.706320 	 117.015553	214.505927
-2.711733 	 -0.705491 	 117.059624	214.509426
-2.708797 	 -0.704664 	 117.103564	214.512913
-2.705867 	 -0.703839 	 117.147375	214.516388
-2.702943 	 -0.703016 	 117.191056	214.519851
-2.700025 	 -0.702194 	 117.234607	214.523301
-2.697113 	 -0.701375 	 117.278030	214.526740
-2.694207 	 -0.700558 	 117.321324	214.530167
-2.691307 	 -0.699742 	 117.364491	214.533581
-2.688413 	 -0.698928 	 117.407530	214.536984
-2.685525 	 -0.698116 	 117.450443	214.540375
-2.682643 	 -0.697306 	 117.493229	214.543754
-2.679767 	 -0.696498 	 117.535889	214.547122
-2.676896 	 -0.695692 	 117.578424	214.550478
-2.674032 	 -0.694888 	 117.620834	214.553822
-2.671174 	 -0.694085 	 117.663119	214.557155
-2.668321 	 -0.693285 	 117.705280	214.560476
-2.665474 	 -0.692486 	 117.747318	214.563786
-2.662633 	 -0.691689 	 117.789233	214.567084
-2.659798 	 -0.690894 	 117.831025	214.570372
-2.656968 	 -0.690100 	 117.872694	214.573647
-2.654145 	 -0.689309 	 117.914242	214.576912
-2.651327 	 -0.688519 	 117.955669	214.580166
-2.648515 	 -0.687731 	 117.996974	214.583408
-2.645708 	 -0.686945 	 118.038159	214.586639
-2.642907 	 -0.686161 	 118.079225	214.589859
-2.640112 	 -0.685378 	 118.120170	214.593069
-2.637323 	 -0.684597 	 118.160997	214.596267
-2.634539 	 -0.683819 	 118.201705	214.599454
-2.631761 	 -0.683041 	 118.242294	214.602631
-2.628988 	 -0.682266 	 118.282766	214.605797
-2.626221 	 -0.681492 	 118.323121	214.608952
-2.623460 	 -0.680720 	 118.363358	214.612096
-2.620704 	 -0.679950 	 118.403479	214.615230
-2.617954 	 -0.679182 	 118.443484	214.618353
-2.615209 	 -0.678415 	 118.483373	214.621466
-2.612470 	 -0.677650 	 118.523147	214.624568
-2.609736 	 -0.676887 	 118.562806	214.627660
-2.607008 	 -0.676125 	 118.602351	214.630741
-2.604286 	 -0.675365 	 118.641782	214.633812
-2.601568 	 -0.674607 	 118.681099	214.636873
-2.598856 	 -0.673851 	 118.720303	214.639923
-2.596150 	 -0.673096 	 118.759395	214.642964
-2.593449 	 -0.672343 	 118.798374	214.645994
-2.590754 	 -0.671591 	 118.837241	214.649014
-2.588063 	 -0.670842 	 118.875996	214.652024
-2.585378 	 -0.670094 	 118.914641	214.655023
-2.582699 	 -0.669347 	 118.953174	214.658013
-2.580025 	 -0.668603 	 118.991598	214.660993
-2.577356 	 -0.667860 	 119.029911	214.663963
-2.574692 	 -0.667118 	 119.068115	214.666923
-2.572034 	 -0.666378 	 119.106210	214.669874
-2.569381 	 -0.665640 	 119.144196	214.672814
-2.566733 	 -0.664904 	 119.182074	214.675745
-2.564091 	 -0.664169 	 119.219844	214.678666
-2.561454 	 -0.663436 	 119.257506	214.681578
-2.558822 	 -0.662704 	 119.295061	214.684480
-2.556195 	 -0.661974 	 119.332510	214.687372
-2.553573 	 -0.661245 	 119.369852	214.690255
-2.550956 	 -0.660519 	 119.407088	214.693128
-2.548345 	 -0.659793 	 119.444218	214.695992
-2.545739 	 -0.659070 	 119.481244	214.698847
-2.543138 	 -0.658348 	 119.518164	214.701692
-2.540542 	 -0.657627 	 119.554980	214.704528
-2.537951 	 -0.656908 	 119.591692	214.707354
-2.535365 	 -0.656191 	 119.628300	214.710172
-2.532784 	 -0.655475 	 119.664804	214.712980
-2.530209 	 -0.654761 	 119.701206	214.715779
-2.527638 	 -0.654048 	 119.737505	214.718569
-2.525072 	 -0.653337 	 119.773702	214.721350
-2.522512 	 -0.652627 	 119.809796	214.724122
-2.519956 	 -0.651919 	 119.845790	214.726885
-2.517406 	 -0.651213 	 119.881682	214.729639
-2.514860 	 -0.650508 	 119.917473	214.732384
-2.512319 	 -0.649804 	 119.953164	214.735120
-2.509783 	 -0.649102 	 119.988755	214.737847
-2.507253 	 -0.648402 	 120.024246	214.740566
-2.504727 	 -0.647703 	 120.059638	214.743275
-2.502206 	 -0.647006 	 120.094931	214.745976
-2.499689 	 -0.646310 	 120.130125	214.748669
-2.497178 	 -0.645615 	 120.165221	214.751352
-2.494672 	 -0.644922 	 120.200218	214.754028
-2.492170 	 -0.644231 	 120.235119	214.756694
-2.489673 	 -0.643541 	 120.269922	214.759352
-2.487182 	 -0.642852 	 120.304628	214.762001
-2.484694 	 -0.642165 	 120.339237	214.764642
-2.482212 	 -0.641480 	 120.373750	214.767275
-2.479735 	 -0.640796 	 120.408167	214.769899
-2.477262 	 -0.640113 	 120.442489	214.772515
-2.474794 	 -0.639432 	 120.476716	214.775122
-2.472330 	 -0.638752 	 120.510847	214.777722
-2.469872 	 -0.638074 	 120.544884	214.780313
-2.467418 	 -0.637397 	 120.578827	214.782895
-2.464969 	 -0.636721 	 120.612676	214.785470
-2.462524 	 -0.636047 	 120.646431	214.788036
-2.460085 	 -0.635375 	 120.680093	214.790595
-2.457649 	 -0.634704 	 120.713663	214.793145
-2.455219 	 -0.634034 	 120.747139	214.795687
-2.452793 	 -0.633365 	 120.780524	214.798221
-2.450372 	 -0.632698 	 120.813816	214.800747
-2.447955 	 -0.632033 	 120.847017	214.803265
-2.445543 	 -0.631369 	 120.880127	214.805776
-2.443136 	 -0.630706 	 120.913146	214.808278
-2.440733 	 -0.630045 	 120.946074	214.810773
-2.438334 	 -0.629385 	 120.978911	214.813259
-2.435941 	 -0.628726 	 121.011659	214.815738
-2.433551 	 -0.628069 	 121.044317	214.818210
-2.431167 	 -0.627413 	 121.076886	214.820673
-2.428787 	 -0.626758 	 121.109365	214.823129
-2.426411 	 -0.626105 	 121.141756	214.825577
-2.424040 	 -0.625454 	 121.174059	214.828018
-2.421673 	 -0.624803 	 121.206273	214.830451
-2.419311 	 -0.624154 	 121.238399	214.832876
-2.416953 	 -0.623506 	 121.270438	214.835294
-2.414599 	 -0.622860 	 121.302390	214.837704
-2.412250 	 -0.622215 	 121.334255	214.840107
-2.409906 	 -0.621571 	 121.366033	214.842503
-2.407566 	 -0.620929 	 121.397725	214.844891
-2.405230 	 -0.620288 	 121.429330	214.847272
-2.402898 	 -0.619648 	 121.460851	214.849645
-2.400571 	 -0.619009 	 121.492285	214.852011
-2.398249 	 -0.618372 	 121.523635	214.854370
-2.395930 	 -0.617737 	 121.554900	214.856721
-2.393616 	 -0.617102 	 121.586080	214.859066
-2.391307 	 -0.616469 	 121.617176	214.861403
-2.389001 	 -0.615837 	 121.648188	214.863733
-2.386700 	 -0.615206 	 121.679116	214.866056
-2.384403 	 -0.614577 	 121.709961	214.868371
-2.382111 	 -0.613949 	 121.740723	214.870680
-2.379823 	 -0.613322 	 121.771402	214.872982
-2.377539 	 -0.612697 	 121.801999	214.875276
-2.375259 	 -0.612073 	 121.832513	214.877564
-2.372983 	 -0.611450 	 121.862945	214.879844
-2.370712 	 -0.610828 	 121.893296	214.882118
-2.368445 	 -0.610207 	 121.923565	214.884385
-2.366182 	 -0.609588 	 121.953754	214.886645
-2.363923 	 -0.608970 	 121.983861	214.888898
-2.361668 	 -0.608354 	 122.013888	214.891144
-2.359418 	 -0.607738 	 122.043835	214.893383
-2.357172 	 -0.607124 	 122.073701	214.895616
-2.354929 	 -0.606511 	 122.103488	214.897842
-2.352691 	 -0.605900 	 122.133195	214.900061
-2.350457 	 -0.605289 	 122.162824	214.902273
-2.348228 	 -0.604680 	 122.192373	214.904479
-2.346002 	 -0.604072 	 122.221844	214.906679
-2.343780 	 -0.603465 	 122.251236	214.908871
-2.341563 	 -0.602860 	 122.280550	214.911057
-2.339349 	 -0.602255 	 122.309786	214.913237
-2.337140 	 -0.601652 	 122.338945	214.915410
-2.334934 	 -0.601050 	 122.368027	214.917576
-2.332733 	 -0.600449 	 122.397031	214.919736
-2.330535 	 -0.599850 	 122.425959	214.921889
-2.328342 	 -0.599251 	 122.454810	214.924037
-2.326153 	 -0.598654 	 122.483584	214.926177
-2.323967 	 -0.598058 	 122.512283	214.928312
-2.321786 	 -0.597463 	 122.540906	214.930440
-2.319608 	 -0.596870 	 122.569454	214.932561
-2.317435 	 -0.596277 	 122.597926	214.934676
-2.315265 	 -0.595686 	 122.626323	214.936786
-2.313100 	 -0.595096 	 122.654646	214.938888
-2.310938 	 -0.594507 	 122.682894	214.940985
-2.308780 	 -0.593919 	 122.711068	214.943075
-2.306626 	 -0.593333 	 122.739168	214.945160
-2.304476 	 -0.592747 	 122.767194	214.947238
-2.302330 	 -0.592163 	 122.795147	214.949310
-2.300188 	 -0.591580 	 122.823026	214.951375
-2.298050 	 -0.590998 	 122.850833	214.953435
-2.295915 	 -0.590417 	 122.878566	214.955489
-2.293784 	 -0.589837 	 122.906228	214.957537
-2.291657 	 -0.589259 	 122.933816	214.959578
-2.289534 	 -0.588681 	 122.961333	214.961614
-2.287415 	 -0.588105 	 122.988779	214.963644
-2.285300 	 -0.587530 	 123.016152	214.965667
-2.283188 	 -0.586956 	 123.043455	214.967685
-2.281080 	 -0.586383 	 123.070686	214.969697
-2.278976 	 -0.585811 	 123.097846	214.971703
-2.276876 	 -0.585240 	 123.124936	214.973704
-2.274779 	 -0.584671 	 123.151956	214.975698
-2.272687 	 -0.584102 	 123.178905	214.977687
-2.270597 	 -0.583535 	 123.205785	214.979669
-2.268512 	 -0.582968 	 123.232595	214.981647
-2.266430 	 -0.582403 	 123.259335	214.983618
-2.264352 	 -0.581839 	 123.286006	214.985584
-2.262278 	 -0.581276 	 123.312609	214.987543
-2.260208 	 -0.580714 	 123.339142	214.989498
-2.258141 	 -0.580153 	 123.365608	214.991446
-2.256078 	 -0.579594 	 123.392005	214.993389
-2.254018 	 -0.579035 	 123.418333	214.995327
-2.251962 	 -0.578477 	 123.444594	214.997259
-2.249910 	 -0.577921 	 123.470788	214.999185
-2.247861 	 -0.577365 	 123.496914	215.001106
-2.245816 	 -0.576811 	 123.522973	215.003021
-2.243775 	 -0.576257 	 123.548965	215.004931
-2.241737 	 -0.575705 	 123.574890	215.006835
-2.239703 	 -0.575154 	 123.600749	215.008734
-2.237672 	 -0.574604 	 123.626542	215.010627
-2.235645 	 -0.574055 	 123.652268	215.012515
-2.233621 	 -0.573507 	 123.677929	215.014397
-2.231601 	 -0.572960 	 123.703524	215.016275
-2.229585 	 -0.572414 	 123.729054	215.018146
-2.227572 	 -0.571869 	 123.754518	215.020013
-2.225563 	 -0.571325 	 123.779918	215.021874
-2.223557 	 -0.570782 	 123.805253	215.023730
-2.221555 	 -0.570240 	 123.830523	215.025581
-2.219556 	 -0.569699 	 123.855729	215.027426
-2.217561 	 -0.569159 	 123.880871	215.029266
-2.215569 	 -0.568621 	 123.905949	215.031101
-2.213580 	 -0.568083 	 123.930963	215.032931
-2.211596 	 -0.567546 	 123.955914	215.034755
-2.209614 	 -0.567010 	 123.980801	215.036575
-2.207636 	 -0.566476 	 124.005626	215.038389
-2.205662 	 -0.565942 	 124.030387	215.040198
-2.203690 	 -0.565409 	 124.055086	215.042002
-2.201723 	 -0.564877 	 124.079723	215.043801
-2.199758 	 -0.564347 	 124.104297	215.045595
-2.197798 	 -0.563817 	 124.128809	215.047384
-2.195840 	 -0.563288 	 124.153259	215.049168
-2.193886 	 -0.562760 	 124.177648	215.050947
-2.191935 	 -0.562234 	 124.201975	215.052721
-2.189988 	 -0.561708 	 124.226241	215.054490
-2.188044 	 -0.561183 	 124.250446	215.056254
-2.186103 	 -0.560659 	 124.274590	215.058013
-2.184166 	 -0.560136 	 124.298673	215.059767
-2.182232 	 -0.559615 	 124.322696	215.061516
-2.180302 	 -0.559094 	 124.346659	215.063261
-2.178374 	 -0.558574 	 124.370561	215.065000
-2.176450 	 -0.558055 	 124.394404	215.066735
-2.174530 	 -0.557537 	 124.418187	215.068465
-2.172612 	 -0.557020 	 124.441911	215.070190
-2.170698 	 -0.556504 	 124.465575	215.071910
-2.168787 	 -0.555989 	 124.489180	215.073626
-2.166880 	 -0.555474 	 124.512726	215.075336
-2.164975 	 -0.554961 	 124.536214	215.077042
-2.163074 	 -0.554449 	 124.559643	215.078744
-2.161177 	 -0.553938 	 124.583014	215.080440
-2.159282 	 -0.553427 	 124.606326	215.082132
-2.157391 	 -0.552918 	 124.629581	215.083820
-2.155503 	 -0.552409 	 124.652777	215.085502
-2.153618 	 -0.551902 	 124.675917	215.087180
-2.151736 	 -0.551395 	 124.698998	215.088854
-2.149858 	 -0.550889 	 124.722023	215.090523
-2.147982 	 -0.550384 	 124.744990	215.092187
-2.146110 	 -0.549880 	 124.767901	215.093847
-2.144241 	 -0.549378 	 124.790755	215.095502
-2.142376 	 -0.548875 	 124.813552	215.097153
-2.140513 	 -0.548374 	 124.836293	215.098799
-2.138654 	 -0.547874 	 124.858978	215.100440
-2.136797 	 -0.547375 	 124.881607	215.102077
-2.134944 	 -0.546876 	 124.904180	215.103710
-2.133094 	 -0.546379 	 124.926698	215.105338
-2.131247 	 -0.545882 	 124.949160	215.106962
-2.129403 	 -0.545387 	 124.971567	215.108582
-2.127563 	 -0.544892 	 124.993919	215.110197
-2.125725 	 -0.544398 	 125.016216	215.111807
-2.123890 	 -0.543905 	 125.038458	215.113414
-2.122059 	 -0.543413 	 125.060645	215.115015
-2.120231 	 -0.542922 	 125.082779	215.116613
-2.118405 	 -0.542431 	 125.104858	215.118206
-2.116583 	 -0.541942 	 125.126883	215.119795
-2.114764 	 -0.541453 	 125.148854	215.121380
-2.112948 	 -0.540966 	 125.170771	215.122960
-2.111135 	 -0.540479 	 125.192635	215.124537
-2.109325 	 -0.539993 	 125.214446	215.126108
-2.107518 	 -0.539508 	 125.236203	215.127676
-2.105714 	 -0.539024 	 125.257907	215.129240
-2.103913 	 -0.538540 	 125.279559	215.130799
-2.102115 	 -0.538058 	 125.301157	215.132354
-2.100320 	 -0.537576 	 125.322704	215.133905
-2.098528 	 -0.537096 	 125.344198	215.135452
-2.096738 	 -0.536616 	 125.365639	215.136994
-2.094952 	 -0.536137 	 125.387029	215.138533
-2.093169 	 -0.535659 	 125.408367	215.140067
-2.091389 	 -0.535181 	 125.429653	215.141598
-2.089612 	 -0.534705 	 125.450887	215.143124
-2.087838 	 -0.534229 	 125.472071	215.144646
-2.086066 	 -0.533754 	 125.493203	215.146164
-2.084298 	 -0.533280 	 125.514283	215.147678
-2.082532 	 -0.532807 	 125.535313	215.149188
-2.080770 	 -0.532335 	 125.556293	215.150695
-2.079010 	 -0.531864 	 125.577221	215.152197
-2.077253 	 -0.531393 	 125.598100	215.153695
-2.075500 	 -0.530923 	 125.618928	215.155189
-2.073749 	 -0.530454 	 125.639706	215.156679
-2.072000 	 -0.529986 	 125.660433	215.158165
-2.070255 	 -0.529519 	 125.681112	215.159648
-2.068513 	 -0.529053 	 125.701740	215.161126
-2.066773 	 -0.528587 	 125.722319	215.162601
-2.065037 	 -0.528122 	 125.742849	215.164071
-2.063303 	 -0.527658 	 125.763329	215.165538
-2.061572 	 -0.527195 	 125.783761	215.167001
-2.059844 	 -0.526733 	 125.804143	215.168460
-2.058118 	 -0.526271 	 125.824477	215.169915
-2.056396 	 -0.525810 	 125.844762	215.171367
-2.054676 	 -0.525350 	 125.864999	215.172815
-2.052959 	 -0.524891 	 125.885188	215.174258
-2.051245 	 -0.524433 	 125.905328	215.175698
-2.049534 	 -0.523975 	 125.925421	215.177135
-2.047826 	 -0.523519 	 125.945465	215.178567
-2.046120 	 -0.523063 	 125.965462	215.179996
-2.044417 	 -0.522607 	 125.985411	215.181421
-2.042717 	 -0.522153 	 126.005314	215.182843
-2.041019 	 -0.521699 	 126.025168	215.184261
-2.039325 	 -0.521247 	 126.044976	215.185675
-2.037633 	 -0.520795 	 126.064737	215.187085
-2.035943 	 -0.520343 	 126.084451	215.188492
-2.034257 	 -0.519893 	 126.104118	215.189895
-2.032573 	 -0.519443 	 126.123739	215.191294
-2.030892 	 -0.518994 	 126.143313	215.192690
-2.029214 	 -0.518546 	 126.162841	215.194082
-2.027538 	 -0.518099 	 126.182323	215.195471
-2.025865 	 -0.517652 	 126.201759	215.196856
-2.024195 	 -0.517207 	 126.221149	215.198237
-2.022528 	 -0.516762 	 126.240494	215.199615
-2.020863 	 -0.516317 	 126.259793	215.200990
-2.019201 	 -0.515874 	 126.279047	215.202361
-2.017541 	 -0.515431 	 126.298255	215.203728
-2.015884 	 -0.514989 	 126.317418	215.205092
-2.014230 	 -0.514548 	 126.336537	215.206452
-2.012579 	 -0.514107 	 126.355610	215.207809
-2.010930 	 -0.513668 	 126.374639	215.209162
-2.009284 	 -0.513229 	 126.393623	215.210512
-2.007640 	 -0.512790 	 126.412563	215.211858
-2.005999 	 -0.512353 	 126.431458	215.213201
-2.004361 	 -0.511916 	 126.450309	215.214541
-2.002725 	 -0.511480 	 126.469117	215.215877
-2.001092 	 -0.511045 	 126.487880	215.217210
-1.999461 	 -0.510610 	 126.506599	215.218539
-1.997833 	 -0.510177 	 126.525275	215.219865
-1.996208 	 -0.509744 	 126.543908	215.221188
-1.994585 	 -0.509311 	 126.562497	215.222507
-1.992965 	 -0.508880 	 126.581043	215.223823
-1.991347 	 -0.508449 	 126.599545	215.225136
-1.989732 	 -0.508019 	 126.618005	215.226445
-1.988120 	 -0.507589 	 126.636422	215.227751
-1.986510 	 -0.507161 	 126.654796	215.229053
-1.984903 	 -0.506733 	 126.673128	215.230353
-1.983298 	 -0.506305 	 126.691417	215.231649
-1.981695 	 -0.505879 	 126.709663	215.232942
-1.980096 	 -0.505453 	 126.727868	215.234231
-1.978498 	 -0.505028 	 126.746031	215.235517
-1.976904 	 -0.504604 	 126.764151	215.236800
-1.975311 	 -0.504180 	 126.782230	215.238080
-1.973722 	 -0.503757 	 126.800267	215.239357
-1.972134 	 -0.503335 	 126.818262	215.240630
-1.970550 	 -0.502913 	 126.836216	215.241900
-1.968967 	 -0.502493 	 126.854129	215.243168
-1.967388 	 -0.502073 	 126.872000	215.244431
-1.965810 	 -0.501653 	 126.889830	215.245692
-1.964235 	 -0.501234 	 126.907620	215.246950
-1.962663 	 -0.500816 	 126.925368	215.248204
-1.961093 	 -0.500399 	 126.943076	215.249455
-1.959526 	 -0.499982 	 126.960743	215.250704
-1.957961 	 -0.499567 	 126.978370	215.251949
-1.956398 	 -0.499151 	 126.995956	215.253191
-1.954838 	 -0.498737 	 127.013503	215.254429
-1.953281 	 -0.498323 	 127.031009	215.255665
-1.951725 	 -0.497910 	 127.048475	215.256898
-1.950172 	 -0.497497 	 127.065901	215.258128
-1.948622 	 -0.497085 	 127.083287	215.259354
-1.947074 	 -0.496674 	 127.100634	215.260578
-1.945528 	 -0.496264 	 127.117941	215.261798
-1.943985 	 -0.495854 	 127.135209	215.263016
-1.942444 	 -0.495445 	 127.152438	215.264231
-1.940906 	 -0.495037 	 127.169627	215.265442
-1.939370 	 -0.494629 	 127.186777	215.266651
-1.937836 	 -0.494222 	 127.203889	215.267856
-1.936305 	 -0.493815 	 127.220961	215.269059
-1.934776 	 -0.493410 	 127.237995	215.270258
-1.933250 	 -0.493004 	 127.254990	215.271455
-1.931725 	 -0.492600 	 127.271947	215.272649
-1.930204 	 -0.492196 	 127.288865	215.273840
-1.928684 	 -0.491793 	 127.305746	215.275028
-1.927167 	 -0.491391 	 127.322587	215.276213
-1.925652 	 -0.490989 	 127.339391	215.277395
-1.924140 	 -0.490588 	 127.356157	215.278574
-1.922629 	 -0.490187 	 127.372886	215.279750
-1.921122 	 -0.489788 	 127.389576	215.280924
-1.919616 	 -0.489388 	 127.406229	215.282094
-1.918113 	 -0.488990 	 127.422845	215.283262
-1.916612 	 -0.488592 	 127.439423	215.284427
-1.915113 	 -0.488195 	 127.455963	215.285589
-1.913617 	 -0.487798 	 127.472467	215.286748
-1.912123 	 -0.487402 	 127.488934	215.287905
-1.910631 	 -0.487007 	 127.505363	215.289058
-1.909142 	 -0.486612 	 127.521756	215.290209
-1.907655 	 -0.486218 	 127.538112	215.291357
-1.906170 	 -0.485825 	 127.554432	215.292502
-1.904687 	 -0.485432 	 127.570715	215.293645
-1.903207 	 -0.485040 	 127.586961	215.294785
-1.901728 	 -0.484649 	 127.603172	215.295922
-1.900252 	 -0.484258 	 127.619346	215.297056
-1.898779 	 -0.483868 	 127.635484	215.298187
-1.897307 	 -0.483478 	 127.651586	215.299316
-1.895838 	 -0.483089 	 127.667652	215.300442
-1.894371 	 -0.482701 	 127.683683	215.301565
-1.892906 	 -0.482313 	 127.699678	215.302686
-1.891444 	 -0.481926 	 127.715637	215.303804
-1.889984 	 -0.481540 	 127.731560	215.304919
-1.888525 	 -0.481154 	 127.747449	215.306032
-1.887069 	 -0.480768 	 127.763302	215.307142
-1.885616 	 -0.480384 	 127.779120	215.308249
-1.884164 	 -0.480000 	 127.794903	215.309353
-1.882715 	 -0.479616 	 127.810651	215.310455
-1.881268 	 -0.479234 	 127.826364	215.311555
-1.879823 	 -0.478852 	 127.842042	215.312651
-1.878380 	 -0.478470 	 127.857686	215.313745
-1.876939 	 -0.478089 	 127.873295	215.314837
-1.875501 	 -0.477709 	 127.888870	215.315926
-1.874065 	 -0.477329 	 127.904410	215.317012
-1.872630 	 -0.476950 	 127.919917	215.318096
-1.871198 	 -0.476571 	 127.935389	215.319177
-1.869769 	 -0.476193 	 127.950826	215.320255
-1.868341 	 -0.475816 	 127.966230	215.321331
-1.866915 	 -0.475439 	 127.981601	215.322405
-1.865492 	 -0.475063 	 127.996937	215.323476
-1.864071 	 -0.474688 	 128.012240	215.324544
-1.862651 	 -0.474313 	 128.027509	215.325610
-1.861234 	 -0.473938 	 128.042744	215.326673
-1.859819 	 -0.473564 	 128.057947	215.327734
-1.858406 	 -0.473191 	 128.073116	215.328792
-1.856996 	 -0.472819 	 128.088251	215.329848
-1.855587 	 -0.472447 	 128.103354	215.330901
-1.854180 	 -0.472075 	 128.118424	215.331952
-1.852776 	 -0.471704 	 128.133460	215.333001
-1.851374 	 -0.471334 	 128.148464	215.334047
-1.849973 	 -0.470964 	 128.163436	215.335090
-1.848575 	 -0.470595 	 128.178374	215.336131
-1.847179 	 -0.470227 	 128.193280	215.337170
-1.845785 	 -0.469859 	 128.208154	215.338206
-1.844393 	 -0.469491 	 128.222995	215.339239
-1.843003 	 -0.469125 	 128.237804	215.340271
-1.841615 	 -0.468758 	 128.252581	215.341300
-1.840229 	 -0.468393 	 128.267326	215.342326
-1.838845 	 -0.468028 	 128.282039	215.343350
-1.837463 	 -0.467663 	 128.296720	215.344372
-1.836084 	 -0.467299 	 128.311369	215.345391
-1.834706 	 -0.466936 	 128.325986	215.346408
-1.833330 	 -0.466573 	 128.340572	215.347423
-1.831956 	 -0.466211 	 128.355126	215.348435
-1.830585 	 -0.465849 	 128.369649	215.349445
-1.829215 	 -0.465488 	 128.384141	215.350452
-1.827848 	 -0.465127 	 128.398601	215.351457
-1.826482 	 -0.464767 	 128.413030	215.352460
-1.825118 	 -0.464408 	 128.427428	215.353461
-1.823757 	 -0.464049 	 128.441795	215.354459
-1.822397 	 -0.463691 	 128.456131	215.355455
-1.821039 	 -0.463333 	 128.470436	215.356448
-1.819684 	 -0.462976 	 128.484710	215.357440
-1.818330 	 -0.462619 	 128.498954	215.358429
-1.816978 	 -0.462263 	 128.513167	215.359415
-1.815629 	 -0.461907 	 128.527350	215.360400
-1.814281 	 -0.461552 	 128.541502	215.361382
-1.812935 	 -0.461197 	 128.555624	215.362362
-1.811591 	 -0.460843 	 128.569716	215.363340
-1.810249 	 -0.460490 	 128.583777	215.364315
-1.808909 	 -0.460137 	 128.597809	215.365288
-1.807571 	 -0.459785 	 128.611811	215.366259
-1.806235 	 -0.459433 	 128.625782	215.367228
-1.804901 	 -0.459082 	 128.639724	215.368195
-1.803569 	 -0.458731 	 128.653636	215.369159
-1.802239 	 -0.458381 	 128.667519	215.370121
-1.800910 	 -0.458031 	 128.681371	215.371081
-1.799584 	 -0.457682 	 128.695195	215.372039
-1.798259 	 -0.457333 	 128.708989	215.372994
-1.796937 	 -0.456985 	 128.722754	215.373947
-1.795616 	 -0.456638 	 128.736489	215.374899
-1.794297 	 -0.456291 	 128.750195	215.375848
-1.792980 	 -0.455944 	 128.763873	215.376795
-1.791666 	 -0.455598 	 128.777521	215.377739
-1.790352 	 -0.455253 	 128.791140	215.378682
-1.789041 	 -0.454908 	 128.804731	215.379622
-1.787732 	 -0.454564 	 128.818292	215.380561
-1.786425 	 -0.454220 	 128.831825	215.381497
-1.785119 	 -0.453876 	 128.845330	215.382431
-1.783815 	 -0.453534 	 128.858806	215.383363
-1.782513 	 -0.453191 	 128.872253	215.384293
-1.781214 	 -0.452849 	 128.885672	215.385220
-1.779915 	 -0.452508 	 128.899063	215.386146
-1.778619 	 -0.452167 	 128.912426	215.387070
-1.777325 	 -0.451827 	 128.925760	215.387991
-1.776032 	 -0.451487 	 128.939067	215.388910
-1.774742 	 -0.451148 	 128.952345	215.389828
-1.773453 	 -0.450809 	 128.965596	215.390743
-1.772166 	 -0.450471 	 128.978819	215.391656
-1.770881 	 -0.450133 	 128.992014	215.392567
-1.769597 	 -0.449796 	 129.005181	215.393476
-1.768316 	 -0.449460 	 129.018321	215.394384
-1.767036 	 -0.449123 	 129.031433	215.395289
-1.765758 	 -0.448788 	 129.044518	215.396192
-1.764482 	 -0.448452 	 129.057575	215.397093
-1.763208 	 -0.448118 	 129.070606	215.397992
-1.761936 	 -0.447784 	 129.083609	215.398889
-1.760665 	 -0.447450 	 129.096584	215.399784
-1.759396 	 -0.447117 	 129.109533	215.400677
-1.758129 	 -0.446784 	 129.122455	215.401568
-1.756864 	 -0.446452 	 129.135350	215.402457
-1.755600 	 -0.446120 	 129.148218	215.403344
-1.754339 	 -0.445789 	 129.161059	215.404229
-1.753079 	 -0.445458 	 129.173873	215.405112
-1.751821 	 -0.445128 	 129.186661	215.405993
-1.750564 	 -0.444798 	 129.199423	215.406872
-1.749310 	 -0.444469 	 129.212157	215.407749
-1.748057 	 -0.444140 	 129.224866	215.408625
-1.746806 	 -0.443812 	 129.237548	215.409498
-1.745557 	 -0.443484 	 129.250204	215.410369
-1.744309 	 -0.443156 	 129.262833	215.411239
-1.743063 	 -0.442830 	 129.275437	215.412106
-1.741819 	 -0.442503 	 129.288014	215.412972
-1.740577 	 -0.442177 	 129.300566	215.413836
-1.739336 	 -0.441852 	 129.313091	215.414698
-1.738098 	 -0.441527 	 129.325591	215.415557
-1.736861 	 -0.441203 	 129.338065	215.416416
-1.735625 	 -0.440879 	 129.350513	215.417272
-1.734392 	 -0.440555 	 129.362936	215.418126
-1.733160 	 -0.440232 	 129.375333	215.418978
-1.731929 	 -0.439910 	 129.387704	215.419829
-1.730701 	 -0.439587 	 129.400050	215.420678
-1.729474 	 -0.439266 	 129.412371	215.421524
-1.728249 	 -0.438945 	 129.424666	215.422369
-1.727026 	 -0.438624 	 129.436936	215.423212
-1.725804 	 -0.438304 	 129.449181	215.424054
-1.724584 	 -0.437984 	 129.461401	215.424893
-1.723366 	 -0.437665 	 129.473596	215.425731
-1.722150 	 -0.437346 	 129.485766	215.426566
-1.720935 	 -0.437028 	 129.497911	215.427400
-1.719722 	 -0.436710 	 129.510032	215.428233
-1.718510 	 -0.436392 	 129.522127	215.429063
-1.717300 	 -0.436075 	 129.534198	215.429891
-1.716092 	 -0.435759 	 129.546244	215.430718
-1.714886 	 -0.435443 	 129.558266	215.431543
-1.713681 	 -0.435127 	 129.570263	215.432366
-1.712478 	 -0.434812 	 129.582235	215.433187
-1.711276 	 -0.434498 	 129.594184	215.434007
-1.710076 	 -0.434183 	 129.606108	215.434825
-1.708878 	 -0.433870 	 129.618007	215.435641
-1.707682 	 -0.433556 	 129.629883	215.436455
-1.706487 	 -0.433243 	 129.641734	215.437268
-1.705294 	 -0.432931 	 129.653562	215.438078
-1.704102 	 -0.432619 	 129.665365	215.438887
-1.702912 	 -0.432308 	 129.677145	215.439694
-1.701724 	 -0.431996 	 129.688901	215.440500
-1.700537 	 -0.431686 	 129.700633	215.441304
-1.699352 	 -0.431376 	 129.712341	215.442106
-1.698169 	 -0.431066 	 129.724025	215.442906
-1.696987 	 -0.430757 	 129.735686	215.443705
-1.695807 	 -0.430448 	 129.747324	215.444502
-1.694628 	 -0.430139 	 129.758938	215.445297
-1.693451 	 -0.429832 	 129.770528	215.446090
-1.692276 	 -0.429524 	 129.782095	215.446882
-1.691102 	 -0.429217 	 129.793639	215.447672
-1.689930 	 -0.428910 	 129.805160	215.448460
-1.688759 	 -0.428604 	 129.816657	215.449247
-1.687590 	 -0.428298 	 129.828132	215.450032
-1.686423 	 -0.427993 	 129.839583	215.450815
-1.685257 	 -0.427688 	 129.851011	215.451597
-1.684093 	 -0.427384 	 129.862417	215.452377
-1.682930 	 -0.427080 	 129.873799	215.453155
-1.681769 	 -0.426776 	 129.885159	215.453932
-1.680610 	 -0.426473 	 129.896496	215.454707
-1.679452 	 -0.426170 	 129.907810	215.455480
-1.678295 	 -0.425868 	 129.919102	215.456252
-1.677141 	 -0.425566 	 129.930371	215.457022
-1.675987 	 -0.425265 	 129.941618	215.457791
-1.674836 	 -0.424964 	 129.952842	215.458558
-1.673686 	 -0.424663 	 129.964044	215.459323
-1.672537 	 -0.424363 	 129.975223	215.460086
-1.671390 	 -0.424063 	 129.986380	215.460848
-1.670245 	 -0.423764 	 129.997515	215.461609
-1.669101 	 -0.423465 	 130.008628	215.462367
-1.667959 	 -0.423166 	 130.019719	215.463125
-1.666818 	 -0.422868 	 130.030788	215.463880
-1.665679 	 -0.422571 	 130.041834	215.464634
-1.664541 	 -0.422274 	 130.052859	215.465386
-1.663405 	 -0.421977 	 130.063862	215.466137
-1.662270 	 -0.421680 	 130.074843	215.466886
-1.661137 	 -0.421384 	 130.085802	215.467634
-1.660005 	 -0.421089 	 130.096740	215.468380
-1.658875 	 -0.420794 	 130.107656	215.469125
-1.657746 	 -0.420499 	 130.118550	215.469868
-1.656619 	 -0.420205 	 130.129423	215.470609
-1.655494 	 -0.419911 	 130.140275	215.471349
-1.654370 	 -0.419617 	 130.151105	215.472087
-1.653247 	 -0.419324 	 130.161913	215.472824
-1.652126 	 -0.419032 	 130.172701	215.473559
-1.651006 	 -0.418739 	 130.183467	215.474293
-1.649888 	 -0.418447 	 130.194211	215.475025
-1.648772 	 -0.418156 	 130.204935	215.475755
-1.647657 	 -0.417865 	 130.215638	215.476484
-1.646543 	 -0.417574 	 130.226319	215.477212
-1.645431 	 -0.417284 	 130.236980	215.477938
-1.644320 	 -0.416994 	 130.247620	215.478663
-1.643211 	 -0.416705 	 130.258238	215.479386
-1.642103 	 -0.416416 	 130.268836	215.480107
-1.640997 	 -0.416127 	 130.279413	215.480827
-1.639892 	 -0.415839 	 130.289970	215.481546
-1.638789 	 -0.415551 	 130.300506	215.482263
-1.637687 	 -0.415264 	 130.311021	215.482978
-1.636587 	 -0.414977 	 130.321516	215.483692
-1.635488 	 -0.414690 	 130.331990	215.484405
-1.634390 	 -0.414404 	 130.342444	215.485116
-1.633294 	 -0.414118 	 130.352877	215.485826
-1.632200 	 -0.413832 	 130.363290	215.486534
-1.631106 	 -0.413547 	 130.373683	215.487241
-1.630015 	 -0.413263 	 130.384055	215.487946
-1.628924 	 -0.412978 	 130.394407	215.488650
-1.627836 	 -0.412694 	 130.404739	215.489352
-1.626748 	 -0.412411 	 130.415051	215.490053
-1.625662 	 -0.412128 	 130.425343	215.490752
-1.624578 	 -0.411845 	 130.435615	215.491450
-1.623495 	 -0.411563 	 130.445867	215.492147
-1.622413 	 -0.411281 	 130.456100	215.492842
-1.621333 	 -0.410999 	 130.466312	215.493536
-1.620254 	 -0.410718 	 130.476505	215.494228
-1.619176 	 -0.410437 	 130.486677	215.494919
-1.618100 	 -0.410157 	 130.496831	215.495609
-1.617026 	 -0.409877 	 130.506964	215.496297
-1.615952 	 -0.409597 	 130.517078	215.496983
-1.614881 	 -0.409318 	 130.527172	215.497669
-1.613810 	 -0.409039 	 130.537247	215.498353
-1.612741 	 -0.408761 	 130.547303	215.499035
-1.611674 	 -0.408482 	 130.557339	215.499716
-1.610607 	 -0.408205 	 130.567356	215.500396
-1.609542 	 -0.407927 	 130.577353	215.501074
-1.608479 	 -0.407650 	 130.587332	215.501751
-1.607417 	 -0.407374 	 130.597291	215.502427
-1.606356 	 -0.407098 	 130.607231	215.503101
-1.605297 	 -0.406822 	 130.617151	215.503774
-1.604239 	 -0.406546 	 130.627053	215.504445
-1.603182 	 -0.406271 	 130.636936	215.505115
-1.602127 	 -0.405996 	 130.646800	215.505784
-1.601073 	 -0.405722 	 130.656645	215.506451
-1.600021 	 -0.405448 	 130.666471	215.507118
-1.598970 	 -0.405174 	 130.676278	215.507782
-1.597920 	 -0.404901 	 130.686067	215.508446
-1.596872 	 -0.404628 	 130.695837	215.509108
-1.595825 	 -0.404356 	 130.705588	215.509768
-1.594779 	 -0.404083 	 130.715320	215.510428
-1.593735 	 -0.403812 	 130.725034	215.511086
-1.592692 	 -0.403540 	 130.734730	215.511742
-1.591650 	 -0.403269 	 130.744407	215.512398
-1.590610 	 -0.402998 	 130.754065	215.513052
-1.589571 	 -0.402728 	 130.763705	215.513704
-1.588533 	 -0.402458 	 130.773327	215.514356
-1.587497 	 -0.402188 	 130.782931	215.515006
-1.586462 	 -0.401919 	 130.792516	215.515655
-1.585429 	 -0.401650 	 130.802083	215.516302
-1.584396 	 -0.401382 	 130.811632	215.516949
-1.583365 	 -0.401114 	 130.821163	215.517593
-1.582336 	 -0.400846 	 130.830675	215.518237
-1.581307 	 -0.400578 	 130.840170	215.518879
-1.580280 	 -0.400311 	 130.849647	215.519521
-1.579255 	 -0.400044 	 130.859105	215.520160
-1.578230 	 -0.399778 	 130.868546	215.520799
