0.14902	4.00078
0.462895	2.84838
0.383169	6.84821
0.294854	10.5541
0.503392	3.28778
0.134666	9.5481
0.762846	7.15998
0.730517	3.17229
0.944079	3.43258
0.47435	2.42846
0.467568	6.6477
0.245816	3.61726
0.376488	2.94119
0.663553	6.40101
0.221291	2.42419
1.03054	2.03697
0.105756	6.0767
0.385001	8.3019
0.296276	2.45159
0.358181	6.69655
0.995063	4.48944
0.367201	9.04577
0.232974	4.25999
0.259227	5.68581
0.151231	5.10483
1.21995	5.16152
0.367392	5.07002
0.195132	6.49983
0.165342	5.86842
0.165611	6.45166
0.246115	3.61513
0.197795	6.75627
0.833946	1.97136
1.71679	2.87116
1.70099	5.20958
0.528802	6.17606
0.805285	8.5212
0.857287	2.44143
0.198263	8.32898
0.899036	3.19362
0.206956	6.99177
0.550733	7.91686
0.747003	4.1768
0.470792	2.41657
0.633499	3.72786
0.15502	4.3695
0.333325	2.76762
0.59953	4.63099
0.748941	4.2744
0.416249	8.26433
0.150222	1.4839
0.122419	6.58781
0.250539	3.37615
0.731154	4.79031
0.104977	4.2613
0.100385	2.27977
0.24248	3.10389
0.204919	10.4433
0.225594	1.85983
0.369476	8.03234
0.408254	1.46296
0.275684	3.55614
0.201809	7.34643
0.749591	1.75819
0.105258	7.67528
0.261703	3.52655
0.253092	2.90966
0.112248	2.26857
0.950816	3.19956
0.482126	2.67051
0.794521	2.99318
0.963558	5.68542
0.434916	7.16622
0.259173	2.48374
0.0906808	6.93491
2.10476	1.66358
0.14189	3.83026
0.292346	3.47145
0.0548495	3.27157
0.17447	0.179983
0.120408	1.56828
0.210697	2.94452
0.594896	3.46729
0.102542	4.11195
0.591526	5.83736
0.202815	6.87809
0.59235	6.61273
0.198146	5.49511
0.515664	2.8828
0.204795	4.46633
0.297224	1.44697
0.263519	4.59967
0.102752	9.4987
0.871363	6.51533
1.00482	5.39379
0.317903	3.34175
0.174405	4.72974
0.149483	3.68627
0.921345	3.93225
1.80712	0.916702
0.546324	6.20352
0.457285	2.62427
0.486801	2.05359
0.0632539	4.60202
0.2315	5.65941
0.309571	7.51724
0.262914	4.97432
0.594756	2.4155
0.227312	4.94565
0.232991	3.58417
0.299507	3.871
0.257909	7.55515
0.115805	6.73642
0.175207	4.29487
0.0777251	5.68586
1.27999	7.61386
0.193438	2.10502
0.172229	3.75169
0.145768	7.49147
0.399721	3.53203
0.298891	6.15527
1.16476	4.14902
0.304627	6.00928
0.90107	4.26783
0.265092	1.69676
0.0951427	6.41706
0.624512	3.72071
0.736033	9.48024
0.742696	2.36073
0.640687	3.06446
0.885146	6.55219
0.372072	3.81513
0.646057	0.493653
1.79581	4.5304
0.463558	4.58543
0.200695	1.24018
0.144975	5.49135
1.01819	3.6924
0.455875	4.08831
1.38365	1.08649
0.211632	3.21458
0.707225	5.26034
1.82565	4.09474
1.54143	5.76727
0.496957	7.56335
0.161092	4.26514
0.260637	3.01783
1.25586	2.34038
0.197737	4.36707
0.61247	4.26717
0.688776	4.67747
0.589148	7.88625
1.65017	3.38973
0.3235	2.49096
0.319658	4.78622
0.150815	2.91886
0.183594	8.21864
0.224027	5.51885
0.109776	8.2372
0.50055	5.7532
0.244502	2.21632
0.0580901	7.62784
2.36204	2.49157
0.275784	4.36214
0.186959	6.72014
0.489906	6.45319
0.304019	5.9989
0.236388	8.77725
1.41761	1.21783
0.905923	4.46828
0.768804	5.02244
0.869925	4.94131
2.72928	4.14386
1.0415	3.1945
1.34088	3.25702
0.414449	8.6483
0.78248	2.41099
0.263836	6.56659
0.180995	8.42556
0.751975	4.58536
0.536818	8.01107
0.338655	4.63786
0.698392	7.21964
0.460998	2.48
1.10668	3.22591
0.131972	4.60604
0.315022	3.53762
0.244404	3.79128
0.450637	4.48313
0.105461	1.55265
0.168219	2.41614
0.384922	5.82523
0.23607	3.81819
0.33852	4.71856
0.18465	7.74123
0.656447	5.89218
0.233256	2.78898
0.703541	6.14696
0.0829195	5.02006
0.0710401	9.87113
0.216599	4.29893
0.0993953	5.46429
0.452377	7.44381
0.462523	3.92973
0.391884	2.28815
0.102701	3.97622
0.416656	4.51494
0.669081	1.701
0.495007	5.00582
0.408353	3.84836
0.170144	5.45255
0.63037	5.29511
0.134182	6.74349
0.269942	2.34199
0.557658	4.61077
0.0690096	4.9975
1.93986	4.83383
0.377931	0.35531
0.501946	3.96339
0.193029	8.65591
0.0928436	4.66929
0.655869	2.25244
0.138313	4.67609
0.145783	6.36558
1.54496	2.41289
0.6509	5.29238
0.920069	4.24793
1.14035	4.6022
0.374607	2.76019
0.794633	6.75736
0.295671	7.42062
0.712006	2.63483
1.15471	2.00573
0.0693055	1.47654
0.285971	2.80883
0.177295	4.3016
0.38964	3.00353
0.306165	10.5339
0.292934	1.92253
0.358306	6.01511
0.745378	9.13619
0.423075	4.50872
0.390029	3.7922
0.206424	4.1205
0.141732	5.15856
0.199866	2.55437
0.42391	9.86222
0.448293	8.38522
0.281254	6.45049
0.580099	3.96014
0.721236	6.20809
0.201629	4.79535
0.164351	1.88761
0.263841	5.17142
0.313493	3.17448
0.80371	4.66071
1.06579	5.10466
0.282684	4.52534
0.172505	2.45278
0.10154	2.97592
0.126264	6.45288
0.245079	1.46622
0.803738	6.6211
1.61497	1.73661
0.809006	3.0395
1.00057	4.83503
0.646075	4.58928
0.841312	3.51109
1.09115	5.9746
0.603337	5.98616
0.136821	8.26371
0.512017	5.21135
1.32615	4.19664
2.71772	1.11537
0.216432	7.11516
0.148403	8.47038
0.444401	6.8855
0.197202	3.77517
0.0840133	6.25962
0.12239	3.9519
0.217235	2.92909
0.242821	2.37258
0.289642	4.3082
0.393421	2.74376
0.667298	6.63989
0.416025	2.86661
1.38222	3.48428
0.377379	5.1336
0.184127	3.81032
0.960575	4.1461
0.347079	1.6307
0.174968	2.8008
0.283416	4.01754
0.448335	6.50138
0.181109	5.60941
0.105086	6.05785
0.546422	3.75229
0.099233	5.80041
0.0614866	7.94797
0.195995	2.41089
0.367032	6.37726
0.444573	4.37004
0.357311	2.38686
0.18187	6.25961
0.449875	6.55828
0.278436	3.14996
0.553467	5.16365
0.243389	1.7
1.3869	4.40898
0.0761623	1.01156
0.153335	1.4173
0.190461	3.4559
1.39421	1.07657
0.580027	8.05891
0.724679	6.84264
0.0963604	5.7075
1.33987	2.00842
0.148149	4.61695
0.129212	5.81159
0.315779	6.35036
0.329539	5.42448
0.226999	3.27512
0.182119	2.428
0.234091	8.37887
0.324605	5.06865
0.328783	4.12084
0.159963	3.46658
0.113728	4.24522
0.310418	2.6874
0.323693	4.60979
0.355449	3.61948
1.07365	2.80219
0.535809	6.53372
0.475888	7.49003
0.575667	3.55698
0.417312	7.92016
0.107352	6.35704
0.284485	5.8563
0.178327	10.8792
0.288796	5.51891
0.415109	8.05481
0.89797	4.6535
0.360713	5.23345
1.41459	4.09273
0.882243	2.23901
0.440594	3.25791
0.420421	1.66697
0.443892	7.45335
0.247985	8.72378
0.0754367	5.08313
0.82241	4.79396
0.65712	3.24801
0.445937	10.7813
0.238716	1.90494
0.306414	2.9367
2.8956	1.04211
1.13508	3.57131
0.285431	8.07412
0.345231	6.06629
0.726377	5.97609
0.495658	4.59248
0.884499	3.24163
0.173944	5.34184
0.298736	5.83656
0.662721	2.65789
1.1407	7.25464
0.638957	1.06312
0.212988	5.73913
0.46743	3.43927
0.175064	6.39117
0.619223	9.65857
0.269206	8.0556
0.354277	7.53668
0.161485	2.50077
0.314918	6.89602
6.39344	3.57431
0.665035	1.92366
1.03293	3.76971
2.39966	4.43331
0.612225	5.42288
0.156353	9.24349
0.284484	9.15096
0.450076	2.20125
0.110809	6.97303
0.22793	6.86793
3.06242	0.938178
0.710422	7.65343
0.192749	5.78694
0.15504	2.54563
0.467101	4.94351
0.272704	5.08327
0.166156	7.95299
0.207776	8.84203
0.189474	4.27114
0.65904	6.26998
0.727102	4.26737
0.245285	2.34704
1.13268	3.52533
0.229124	4.21609
0.713522	2.28881
0.353709	10.6764
0.91132	2.64088
0.640773	2.05592
1.0306	5.10882
0.394826	5.20718
0.735977	6.34064
0.389921	7.7111
0.281868	1.06463
0.326595	2.68232
0.686712	5.05952
0.272031	3.71385
0.173734	8.78388
0.582379	5.70749
0.304128	2.81282
0.578938	3.87764
4.59676	0.781482
0.44109	2.96856
0.150996	5.1156
1.05845	3.56957
0.321893	6.46183
0.475905	1.57551
0.0554267	3.93324
0.266871	5.10377
1.48161	1.96011
0.375577	7.6422
0.846574	2.89721
0.163093	5.92962
0.285665	5.81001
0.770518	2.1052
0.627893	4.07257
0.127715	3.42143
0.0742682	1.73362
0.223927	3.80283
0.202	5.46905
0.960856	5.67012
0.415525	2.37932
1.15752	1.91027
0.267058	5.21569
0.145117	5.57335
0.28745	4.94428
0.117249	5.85008
0.407239	4.99984
0.138891	6.47393
0.501523	3.9538
0.361811	5.49617
0.305986	4.16218
0.19593	4.45405
0.0957266	7.46047
0.9902	2.75725
0.239062	4.65905
1.83611	2.93339
0.150176	4.68194
0.292776	3.78585
0.16383	0.958395
0.921461	2.57335
1.59758	2.73344
1.24221	2.61959
0.236149	7.08306
0.138447	7.2746
0.254539	2.47617
0.483297	6.37571
0.3099	6.2456
0.786975	4.24301
0.219638	4.69115
0.587559	4.39079
0.455355	6.70812
0.498294	1.69721
0.348989	3.89188
0.332647	1.31519
0.246106	6.39555
0.408134	4.06966
0.482225	5.11461
0.576687	6.29976
0.237397	2.88011
0.153291	4.90013
0.164946	4.0241
0.280157	4.28059
0.154558	2.47797
0.379487	4.01184
0.537279	2.39015
0.288204	3.12744
0.717535	3.35162
0.518648	7.82782
0.864979	6.31581
1.09145	2.55634
1.04813	3.31696
2.63302	2.40201
0.0639282	4.33328
0.695969	6.3665
0.418709	7.02988
0.940402	8.97301
0.553697	3.2508
0.197112	10.9373
0.111125	1.21906
1.00306	6.14248
0.157583	4.88963
0.321938	2.99323
0.227333	10.3981
0.33253	2.4628
0.838264	1.97835
0.675346	2.17993
0.687423	6.62861
0.478494	7.59335
0.285512	2.69302
0.228331	3.14694
3.78275	3.92056
0.174799	5.03427
0.3612	2.2499
0.227494	7.80289
0.325824	6.63972
0.270858	6.09593
0.384371	8.0767
3.12569	1.20661
0.91635	3.88084
0.33844	6.06231
0.0806622	4.55761
0.232372	2.68252
0.896314	4.76133
0.374949	9.05365
0.0363116	3.75336
0.0235735	3.65527
0.735031	6.83126
0.5071	9.45348
0.202311	3.7103
0.176583	3.63164
0.534252	4.51646
0.118018	3.00515
0.634789	1.81552
0.363035	4.29063
0.585543	4.24242
0.982712	7.17849
0.196729	4.4021
0.788935	3.44945
0.212597	1.58523
0.284616	7.52223
0.225644	4.46714
0.392472	2.89934
0.265503	7.44933
0.168388	6.41939
0.0845564	4.23806
0.199061	7.16516
0.213284	5.47286
0.842875	6.4938
1.10153	5.47878
0.407588	4.37096
0.189794	6.15028
0.0958792	5.20837
0.219697	6.96864
0.077342	10.5772
0.837454	4.79484
0.103463	2.4286
1.73216	4.20307
0.324007	6.43013
0.697526	8.14977
0.555047	3.49418
0.504056	6.43768
0.705406	6.23142
0.235202	8.28816
0.0597269	5.07083
0.478367	8.21548
0.48087	2.88793
0.14463	3.193
1.12272	5.70942
0.250574	7.1032
0.429778	6.88145
0.437667	4.86367
0.126182	4.05536
0.38667	2.44069
1.20091	4.92522
0.039797	4.76918
0.588704	4.80956
0.717544	5.398
1.08339	8.31827
0.432179	4.62855
0.358377	6.08445
1.25258	5.18594
1.12417	5.78309
1.20301	6.25902
0.188347	7.76204
0.289275	4.70735
0.356757	4.11991
0.437548	7.57229
0.167478	6.42949
0.162155	3.63813
0.304897	8.67145
0.414788	9.33096
0.601348	3.76488
0.678289	4.20492
0.238019	6.38355
1.03042	3.43148
0.764995	3.39026
0.169929	1.96614
2.02397	4.91481
0.10282	4.90594
0.418173	3.0874
0.117353	5.12275
0.22223	3.35225
0.625179	5.83507
0.062452	6.47593
0.0629152	5.19695
0.430978	3.04176
0.355237	4.81242
0.729114	5.33995
0.0929071	4.27494
0.262846	2.82101
0.245888	6.59724
0.256919	4.15765
0.342367	1.4445
0.0389147	4.93144
0.626834	2.68348
0.168519	3.6792
0.285985	3.28789
0.194767	3.65412
0.141389	3.43478
0.429706	7.17474
0.122084	5.86239
0.326935	3.60801
0.383855	8.41875
0.699798	7.07087
0.324377	6.08043
0.0799488	5.10028
0.198384	3.41475
1.11951	3.06499
0.298745	4.06187
1.57941	4.60335
0.727161	5.30674
0.473953	6.94981
0.300218	8.52739
0.173763	4.40075
0.276769	4.67632
0.211871	6.05151
0.171043	5.08898
0.671247	5.93079
0.151145	7.67488
0.355943	4.18662
1.27078	6.12843
0.158555	8.90681
0.240834	5.65236
0.187052	5.9123
0.557232	8.45098
0.265278	6.53917
0.157985	7.09612
0.242762	3.85486
0.251498	6.2294
0.471667	2.62713
4.9003	1.64099
0.0830608	6.04528
0.295642	4.26315
0.191007	5.12556
0.122279	3.82085
0.500186	7.46912
0.0773499	8.42581
0.203916	2.08028
0.881922	6.90482
0.6902	4.93595
0.274224	6.95443
0.28825	10.6796
0.54019	5.30022
0.157537	4.92429
0.115232	6.33834
0.51881	4.97439
0.274076	1.381
0.608427	4.25677
0.469765	4.91149
0.187254	6.46045
0.458527	7.08433
0.38826	3.23915
0.905143	2.88704
0.536829	1.21435
0.485991	3.41103
0.657761	2.36331
0.663272	7.1045
0.712497	3.39532
0.15231	6.15245
0.408904	6.06971
0.591222	2.90915
0.763613	3.50609
0.598458	7.30804
0.339333	6.42529
0.77575	2.8388
0.926475	3.08496
0.29711	5.92132
0.579599	6.213
1.38728	1.44124
0.2329	2.57831
0.110865	3.58945
0.0652306	7.84225
1.01301	1.77101
0.385025	2.64108
0.587465	2.47501
0.380483	4.09466
0.902364	4.16543
0.0961036	6.0584
0.334632	5.78292
0.49213	9.40438
0.542196	4.40543
0.745418	5.26979
0.294001	3.39742
0.570064	3.71991
0.413063	4.72218
0.160782	3.66884
0.698438	3.07475
0.489583	4.352
0.104007	2.01391
0.484341	6.49811
0.261788	3.06008
0.570268	3.82171
0.888146	5.00221
0.695022	3.95113
0.144442	8.77171
0.668696	3.48687
0.132374	7.56071
0.322223	4.2813
0.132404	3.89819
0.0888061	4.09994
0.507369	6.74265
0.395834	7.47445
0.186092	6.58245
0.275569	5.62392
0.373617	3.04556
0.490298	3.27273
0.551378	4.88391
0.791272	4.79245
0.110734	4.68472
2.68275	1.76341
0.158178	7.20771
0.3729	5.39994
0.615988	6.3957
0.650146	3.96873
0.491188	2.42993
0.278296	4.19003
0.213225	6.97876
0.120731	4.20287
0.168126	4.42006
0.481084	4.41095
0.165457	5.22768
0.362954	3.07207
0.144933	9.62473
1.13577	2.21807
0.365452	5.48025
0.386903	6.86965
0.245115	5.44817
0.316853	3.33858
0.54272	7.24648
0.548587	6.26761
0.394542	3.81011
0.372947	8.98107
0.102104	4.90842
0.189016	3.27758
0.229832	5.15717
0.12757	1.74664
0.956889	4.24822
0.274949	7.84233
0.144408	9.70253
0.476499	5.80601
0.522565	5.59231
0.364734	9.63136
0.915445	6.18151
0.538432	1.71039
0.255105	3.22676
1.1449	6.27997
0.293356	3.92113
1.39932	3.57461
0.122897	6.93454
0.214004	4.72529
0.265274	5.34284
0.487038	5.65524
0.338095	2.89813
0.69675	2.57535
0.286895	3.90214
0.565477	4.03651
0.391195	5.82575
0.747166	2.4271
0.347992	4.37278
0.259838	2.79745
0.240025	8.93569
0.141673	2.27755
0.303513	5.0228
0.735968	2.23969
0.255148	7.20845
0.0962795	7.21974
0.380302	1.59453
0.543951	6.48942
0.56145	5.58154
0.436821	8.35972
0.806563	6.63287
0.355861	2.46821
0.0740779	7.5751
0.371665	4.63006
0.130941	5.97685
0.207654	5.56822
0.897522	0.700508
0.392092	3.75801
0.513175	5.45275
0.205245	3.71832
0.520031	4.92754
0.310288	7.46653
1.29749	4.26611
0.990982	2.35208
0.545933	7.61378
1.38763	5.26591
0.426773	3.44379
0.447955	3.0485
0.197254	5.93763
2.15273	5.66313
0.373432	8.98083
1.24011	4.525
0.215935	6.04303
0.246965	3.64616
1.13745	3.16543
0.139821	8.19718
0.226088	4.28517
0.350441	2.848
0.235669	2.6327
0.729719	4.92904
0.184542	7.09891
0.396201	7.64938
0.18778	6.16128
0.16412	5.34418
0.374341	1.06856
0.268949	7.27783
0.562861	4.22015
0.28966	5.3362
0.484456	6.58624
0.343098	6.11859
0.263177	2.58607
0.98678	5.15712
0.162232	2.80359
0.158913	5.93637
0.195229	4.11368
0.539022	4.57449
0.172273	4.96961
0.273068	3.6914
0.288608	2.17484
0.191368	3.54952
0.0610083	7.8945
0.0995089	5.80601
0.942585	4.21506
0.12716	4.39594
0.11527	5.30004
0.500293	4.07248
0.687217	4.74927
1.38918	2.86871
0.897159	5.00182
2.40377	1.8311
0.222311	3.28875
1.33745	4.71076
0.274279	4.95445
0.610081	5.99693
0.371034	8.03372
0.204086	11.3234
0.318751	4.23339
0.299163	2.04211
0.234549	3.98257
0.174307	6.16301
0.289579	7.82038
0.520028	4.38603
1.04743	3.44695
0.291924	10.6913
0.55817	4.45718
0.147508	4.93705
0.227289	7.91785
0.0489118	8.82614
1.37467	1.63868
0.278488	4.80021
0.804666	1.25171
0.326633	2.5829
0.217019	1.60929
0.266337	5.30224
0.421377	5.19491
2.08307	4.64672
0.361623	6.28923
0.129572	5.37713
0.738056	3.68751
0.308864	1.34022
0.445455	2.71811
0.391689	6.75105
0.360795	6.98599
0.272332	3.45313
0.812824	2.52272
0.372256	4.3498
0.694015	4.82838
0.178263	5.82976
0.103037	7.32578
0.85273	4.19434
0.176852	9.58507
0.104272	5.38979
1.19896	6.24553
0.165892	3.89655
0.90967	4.03661
0.19607	6.91893
0.46868	5.91732
0.466558	4.98033
0.137349	2.81345
0.693958	4.10415
0.759954	2.96604
0.39899	2.56353
0.215816	6.21498
2.90129	2.15473
0.354304	7.25239
0.275696	6.37687
0.242152	2.62951
0.146109	3.46501
0.835171	5.06792
1.07523	5.59762
0.19036	3.95249
0.0415886	6.58079
0.189567	5.77485
0.549464	3.92738
1.33988	4.25998
0.735815	3.19252
0.36924	5.3697
0.273049	5.89255
0.18303	2.94059
0.159711	3.60618
0.417602	5.98887
0.0634911	2.78887
0.53972	7.55043
0.335932	1.34256
0.111572	4.49031
0.0596373	4.00635
0.336149	7.88866
4.26312	2.59669
0.0529551	5.29483
0.454724	3.93384
2.62921	0.754431
0.210574	8.89866
0.509743	5.73326
0.666923	2.68262
0.153262	4.89726
0.519588	3.58494
0.199264	4.71675
0.343525	2.66396
0.311607	1.30716
0.239974	3.32346
0.417704	0.284684
0.0615722	4.50845
0.622239	5.60851
0.330782	3.94132
0.48661	5.80353
0.0817722	4.24387
0.295087	4.1288
1.18409	5.68569
0.23787	2.97707
0.496325	2.95618
0.838519	3.08795
0.223556	3.55856
0.230219	8.02712
0.887245	6.23628
0.461239	7.04573
0.116933	12.2293
1.02632	5.51642
0.494565	6.48015
0.25647	3.91464
0.245433	3.79589
0.721746	5.50459
0.201409	8.78651
1.37089	5.63493
0.353636	8.27081
0.70258	4.38886
0.421954	2.3974
1.38734	4.51206
0.876482	1.04545
0.0520201	3.52902
0.636836	3.01475
1.24234	4.52285
0.353123	6.3421
0.0504967	7.02649
0.263951	9.21695
0.549205	5.03315
0.305856	2.95727
0.198018	8.77229
0.391602	8.00381
0.454026	6.42703
2.47029	2.15017
0.144475	4.3436
0.434975	8.40358
0.450955	5.46995
0.383204	3.53023
0.996886	2.62167
0.490575	2.8575
0.235701	6.13782
0.128263	1.9877
0.655771	4.36212
0.232622	8.54145
0.257149	8.96213
0.900527	2.72259
0.138167	4.53995
0.193133	7.98713
0.507064	6.46305
0.652841	6.80053
0.216474	5.7464
0.643534	2.85053
0.194559	9.50197
0.210286	4.74504
0.139925	6.13667
0.239146	6.21352
0.564706	6.76007
0.146263	2.92643
0.239477	5.06711
2.34216	4.27397
0.143298	5.94719
0.118787	1.84632
0.484986	10.0628
1.14526	3.64375
0.820359	5.1801
0.314292	1.49599
1.35861	3.80485
0.205331	3.40232
0.280016	2.74523
0.262615	1.91515
0.217252	4.36474
0.462754	3.82401
0.701398	4.08641
0.344416	6.83433
0.294783	7.54342
0.0588411	2.32214
0.083155	8.30114
1.11272	4.47625
0.354273	4.6975
0.109529	9.84533
1.05388	5.54581
0.775062	2.34241
0.148222	8.07516
0.288767	1.38402
0.362358	4.31874
1.17296	4.16419
0.655875	1.35971
0.282435	4.94166
0.232395	5.22042
0.558659	4.4463
0.189082	6.97554
0.384987	3.36598
0.295645	4.40962
0.529519	1.90231
0.198197	6.6973
1.36157	3.72868
0.472039	2.50713
0.260569	4.00358
0.228728	3.87847
0.151457	3.12373
0.675535	6.19256
0.194341	6.72927
0.715221	2.41474
0.457686	2.29541
0.302579	5.135
0.533188	3.79899
0.498279	7.16897
0.23113	8.51633
2.56013	3.26155
0.285199	6.32119
0.243796	4.52611
0.0304575	2.64088
0.387577	0.753659
0.665332	5.8559
2.28484	2.73031
0.235647	10.3535
0.491446	1.75954
0.589701	8.94969
0.917592	2.19999
0.280686	3.48954
0.066228	2.37233
0.32981	8.00837
0.71671	7.03101
0.390304	9.80773
0.62811	7.94024
0.0752973	4.65577
0.423808	3.10795
0.681833	3.14478
0.0943937	6.24515
0.618577	4.91915
0.332772	3.52237
0.861847	3.88533
3.40617	1.44728
0.85567	7.05751
1.579	1.16169
2.83163	4.00995
0.995899	5.5523
0.610612	5.41906
0.130774	3.88265
0.253194	7.6223
0.267571	4.30612
0.201214	2.67942
0.259986	4.62195
0.731553	6.71371
0.0711319	5.14163
0.0751306	7.35098
0.286234	8.61538
0.0929047	4.38097
2.48841	3.5047
0.173003	5.60888
0.296375	3.52602
0.363297	10.5104
0.127638	2.00703
1.40723	3.78753
0.320554	1.84566
0.194548	5.25843
0.157346	2.49041
0.69601	5.99305
0.494188	4.91594
0.259214	3.11395
0.124929	2.33703
0.454846	5.04847
0.18057	5.08223
0.679737	2.34407
0.372496	4.60253
0.285649	3.27992
0.443635	4.68684
0.44808	1.18807
0.286072	3.00089
0.317022	4.16166
1.19078	4.10624
0.119873	7.38958
1.35112	4.88423
0.0676245	5.57486
0.0447068	3.9877
0.41521	4.85315
0.109492	5.45604
0.283998	3.59474
0.896197	4.11485
0.130072	3.06084
0.12269	7.8004
0.353727	1.5781
0.200822	2.17703
0.175258	6.40425
0.346497	9.17848
0.152123	7.25875
0.585047	2.68429
1.08927	4.3458
0.731396	7.74702
0.161064	5.57933
0.662188	6.79174
0.345132	4.82181
0.359218	5.53664
0.293368	1.8646
0.241325	2.74755
0.167087	3.60096
0.406693	3.65086
0.617004	4.06781
0.227254	3.42521
0.637664	3.16384
0.702251	1.4331
0.166853	3.74388
0.436557	1.39522
0.534961	6.10236
0.462873	5.78869
0.36185	7.46671
0.612815	4.83102
0.378561	3.15332
0.207368	5.22503
0.308756	1.75819
0.252831	4.62401
0.46732	5.84047
0.224959	6.48345
0.199603	0.870114
0.122101	5.03302
0.236016	4.9396
0.256973	2.34605
0.167665	5.29365
0.0801573	6.3509
1.33232	4.44322
0.184174	7.061
0.199024	2.64068
2.30479	3.06313
0.054768	7.0448
0.62127	7.53436
1.29562	3.5087
1.29982	5.40929
0.120705	4.55344
0.186776	2.24529
0.465949	2.87005
1.38075	3.34241
0.920275	3.85585
1.47355	3.04053
0.660017	3.96559
0.08095	9.67735
0.316356	4.78626
0.371807	2.73155
0.845539	2.68626
0.247382	7.91955
0.555749	4.96153
0.0629648	3.78298
0.0602555	5.76401
0.361632	3.54174
0.282781	6.89052
0.715366	6.65074
0.191812	4.0369
0.366348	0.542417
1.45475	4.31586
0.317577	7.70632
0.146167	5.10543
0.0950644	2.30499
0.352521	4.0631
0.224845	5.91476
0.434163	7.9755
0.656356	8.26455
0.475013	8.20559
0.212425	4.12279
0.200816	1.30017
0.679754	5.03733
0.208945	2.80845
0.158601	2.60721
0.389015	5.27991
0.362489	3.0852
0.423595	5.26613
0.18044	4.38083
0.306751	6.8659
0.333261	2.69366
0.198288	6.7348
0.295979	2.44235
0.813469	6.7053
0.612831	6.09386
0.256496	4.88865
0.286157	4.74703
1.04927	1.67286
0.365735	4.51174
0.391905	2.47905
1.41379	1.3345
0.451959	7.06092
0.46471	2.16672
0.456096	7.39814
1.12787	4.84168
0.206782	6.51233
0.668028	1.7797
0.181261	4.69485
0.712086	8.29024
0.614235	2.91916
0.168497	6.40492
2.26613	2.3384
0.154038	1.41436
0.218874	0.558109
1.01114	6.43626
0.310291	5.61399
0.741238	1.34597
0.114042	4.43835
0.388099	9.59551
0.286027	3.38101
0.109344	3.52155
0.136621	6.70301
0.451885	5.32843
0.129635	4.94226
0.624377	5.51435
1.16175	5.42244
0.410792	6.5314
1.56248	4.36366
0.87343	5.51807
1.15259	5.33011
0.273408	9.47904
0.133311	4.0834
0.292084	6.29537
0.147028	4.18793
0.225222	4.19995
0.308481	6.58489
0.643443	3.55113
0.0857332	4.82398
0.326297	3.92484
0.151936	6.31561
1.06807	3.49884
0.61027	2.66263
0.14037	5.28593
0.0884448	7.46197
0.205932	1.59
1.25525	1.86978
0.324685	1.69331
1.26779	4.37534
0.617361	3.11411
0.700626	3.33352
0.28799	7.02726
0.199451	7.49817
1.17724	5.05866
0.190085	4.11709
0.372114	2.91702
0.677565	6.68798
0.248793	2.00817
0.20782	5.68936
0.160918	9.1417
0.299155	9.13618
0.43233	7.83179
0.827787	4.87438
0.313551	8.85549
0.0569868	4.25976
0.404905	5.80671
0.270623	6.76609
1.58628	2.70595
0.575751	4.07335
0.404056	5.04329
0.567307	3.59776
0.177058	6.93235
0.806939	5.22903
0.773148	8.22102
0.691767	3.3422
0.222481	4.68202
0.359172	2.019
0.870845	5.08435
0.434974	1.96358
0.284752	6.251
0.0567942	5.18023
0.537916	3.68979
0.316482	4.39172
1.00305	4.14085
0.154375	3.60404
0.256372	3.68439
0.71272	5.66722
0.26777	5.92294
0.478641	7.27502
0.990199	1.91241
0.107523	5.53038
0.677346	1.62379
0.288253	3.43253
0.918493	2.01219
1.39483	2.45471
0.314051	8.03059
0.035853	6.30676
0.473302	5.86626
0.721869	3.19059
0.125132	3.70103
0.186057	11.6884
0.238075	4.62658
1.5345	2.21543
1.29624	1.91809
0.63052	2.96771
0.772568	5.84603
0.229756	4.24488
0.123261	4.141
0.592806	7.01203
0.314041	4.80354
0.454717	5.91067
0.149247	3.90522
0.283777	2.32265
0.152693	9.54552
0.428725	7.57795
1.58661	4.9844
0.350909	3.66059
6.7864	2.14274
0.199166	2.82632
0.671395	6.64336
0.237625	4.90769
2.76927	2.92781
0.728327	7.4154
0.587515	4.95554
1.75187	4.20597
0.18866	5.80553
0.371197	2.06112
0.595976	5.24626
0.130048	2.703
0.605976	5.82566
0.734174	4.53498
1.01535	2.13559
1.16572	3.13333
0.712806	1.29337
1.74481	5.53334
0.364421	3.12431
0.739649	4.92218
0.272742	4.79768
0.514226	4.45495
0.987627	3.55966
0.0667827	7.40825
0.390539	5.05406
0.989512	6.02886
0.142836	2.83976
0.404183	3.28558
0.942229	4.81354
0.85555	3.23168
0.277439	0.849082
0.45764	5.90076
0.394689	3.82239
0.883388	4.78099
0.193363	6.83811
0.173679	6.94684
0.284651	5.02087
0.277843	4.38429
0.0551844	4.84836
0.726447	3.52593
0.262799	0.924243
0.740896	7.24301
0.432122	4.8874
0.192299	7.25544
0.730839	3.89617
0.353067	0.760424
0.083218	4.27629
1.00923	6.97672
0.343476	6.0154
0.256365	6.8846
0.622233	8.10025
0.187572	2.40236
0.126735	3.20549
0.889567	5.89648
0.95057	6.55689
0.345432	9.12767
0.488026	9.50858
0.231221	7.98499
0.240559	4.20249
0.379696	7.02507
0.130241	1.70003
0.167584	4.30681
0.517453	2.14215
0.437011	3.80134
0.192318	3.61179
0.142571	5.65536
0.0388697	5.92138
0.678871	5.45138
0.169029	2.57324
0.0980965	5.52598
0.306697	7.04512
0.307177	8.38624
0.187134	6.6056
0.169461	4.42443
0.279048	8.63607
0.233648	3.45021
0.0745767	5.67808
0.260807	9.90418
0.108296	5.03038
0.423494	1.51675
0.304242	3.90922
1.09354	5.7746
0.681468	2.26593
0.0878788	3.51821
0.434646	2.3036
0.784779	2.11956
0.820089	3.14746
0.44504	4.54719
0.122182	3.67299
1.19121	1.24875
0.205053	5.0818
0.286206	5.31082
0.437685	9.30195
0.486704	8.69352
0.20783	6.47123
0.198542	5.45629
0.171366	2.9536
0.113277	8.48467
0.080393	7.14912
0.264666	2.46965
0.239749	6.29874
1.40724	6.75908
0.67269	4.83952
1.01324	4.04838
0.921453	6.09114
0.116426	8.08271
0.204074	7.37873
0.339178	6.17321
0.344444	2.99264
0.434893	8.14054
0.0911956	4.89127
0.893443	6.29579
2.0786	3.18781
0.154288	5.60597
0.185102	3.34796
0.520843	5.07452
0.170856	4.45818
0.359911	2.78577
0.737219	7.22698
0.519522	3.51623
0.329226	2.75192
0.206853	1.67341
0.192776	4.73522
0.76876	4.13971
0.14079	4.47375
0.219993	6.4632
0.227949	9.55136
0.195153	4.43082
0.656678	7.8539
0.257774	9.9484
0.345584	2.2206
1.35764	2.86334
0.21002	6.12101
0.314595	4.29702
0.620474	5.37593
0.543448	6.45838
0.610873	8.93301
0.520932	3.37013
1.33402	1.53317
0.104338	6.28824
0.36756	2.84388
0.464719	5.7717
0.354643	4.6629
0.135987	4.34752
0.742536	5.54614
0.394725	7.31604
0.116752	0.884729
0.456844	8.58946
0.254074	6.86414
0.412527	5.52128
0.671993	6.24543
0.362107	8.30805
0.0706932	3.4963
0.675526	1.62657
0.584463	3.38218
0.366822	4.00421
0.272001	3.48716
0.133363	3.55244
0.234733	4.44326
0.813606	5.31367
0.280018	8.16349
0.171316	7.70378
1.03398	5.94119
1.57029	3.6636
0.190454	9.2961
0.29627	3.68053
1.49436	3.11508
0.513214	4.1016
1.08476	3.60852
0.200651	6.154
1.3111	1.76618
0.520766	3.35392
0.871489	5.50631
0.157218	5.22987
0.181605	5.09501
1.42381	1.8087
0.765433	5.66075
0.156838	5.82585
1.08103	5.22521
0.598955	6.7656
0.526703	3.51215
1.53965	4.22836
0.155403	4.28773
0.692007	5.28341
0.219061	7.25478
0.058558	6.06833
0.822168	3.35841
0.238119	6.65165
0.161733	3.03609
0.487765	4.4809
0.267907	4.68299
0.0680601	2.10124
1.28391	5.04256
0.153428	5.05618
0.231442	5.02459
0.407841	2.56643
0.681468	3.31829
0.176667	3.25683
1.69705	4.69128
1.61587	1.01034
0.328387	1.49789
0.305819	4.54918
0.0962852	6.44213
0.288385	2.00081
0.245811	5.46065
0.124046	7.11684
0.480784	5.52023
0.421684	7.23512
1.78153	1.85505
0.212069	1.6615
1.32197	5.54305
3.09843	4.02225
0.150372	4.67382
0.513847	3.54934
0.525014	5.89401
0.260497	4.61591
0.814428	4.27885
0.412275	2.88648
0.472358	4.60367
0.236531	5.37195
0.276035	5.15696
0.5303	5.44512
0.194172	5.32624
0.149062	3.98255
0.424532	3.4272
0.0818925	2.77622
0.272369	10.8514
0.895428	5.79095
0.134742	6.90172
0.0827796	1.17907
0.191505	1.16749
0.596587	4.44138
0.654733	1.26179
0.77703	5.65341
0.574128	7.22204
0.238608	4.39678
0.83118	7.11771
0.722639	5.5835
1.57239	3.54095
0.293493	4.01692
0.182371	4.87729
1.07777	4.3665
0.318694	6.53419
0.45117	8.44554
0.869791	2.788
0.351024	4.97993
1.01345	1.68005
0.0536086	1.82178
0.322104	4.01687
0.265393	2.10259
0.556789	7.8015
0.190487	6.56241
0.528525	8.96223
0.6824	1.02771
0.853838	6.6123
0.342746	9.43583
0.259225	2.10999
0.245925	5.38099
0.389023	4.93393
0.311531	5.43611
0.363721	3.54531
0.156639	6.52586
0.118951	7.26837
0.141074	4.30562
0.233663	3.6632
0.349297	9.12644
0.440039	7.06221
0.225935	10.729
0.493735	6.42549
0.0318673	6.10643
0.352229	6.22484
1.51621	4.8002
0.549643	4.16025
0.570461	6.55148
0.0767353	6.82553
0.433659	4.85087
0.29688	5.11014
1.16652	0.333035
0.170777	9.32485
0.287807	6.49753
1.28361	3.07085
0.731344	7.43759
0.166841	4.00519
1.10793	5.028
2.70783	5.36266
0.0473125	5.59688
0.214288	6.42928
0.0599751	4.06912
0.138382	5.61495
0.217434	8.06612
0.206356	6.0923
1.12448	4.9126
1.18694	2.21494
0.48911	4.92386
0.149882	1.21639
0.209411	4.82856
0.169901	2.69394
0.302085	2.0871
0.62804	7.44059
0.702138	3.69732
0.344118	3.61515
0.549468	5.78005
0.552233	4.77607
0.106317	2.99189
1.46742	4.84672
0.85455	4.57692
0.163789	5.41753
0.270992	1.97936
0.169992	3.99773
0.0362509	4.23494
0.433987	4.5098
0.262861	5.23835
0.704473	1.76824
0.433973	3.21547
0.610389	8.36051
0.308903	9.83003
0.148994	3.88161
0.0955071	3.82766
4.92867	2.41697
0.250017	7.40889
0.14515	9.69786
0.392018	3.35608
1.08973	1.86945
0.675797	4.09649
0.0901775	6.87317
0.960176	2.23721
0.332198	4.30876
0.0703441	3.02126
0.213361	9.81462
0.112177	3.04569
0.288016	6.84667
0.235624	3.77154
2.50363	2.1507
0.839791	1.77891
0.162484	2.79571
0.168024	5.38001
0.364746	1.86598
1.23928	2.35153
0.419697	1.24991
0.783791	4.48003
0.0760404	5.40616
0.553181	5.5875
0.268	4.43361
0.410069	6.15933
0.262049	2.9872
0.614127	4.73689
0.183871	7.49737
0.816893	3.95337
0.199458	3.79095
0.0861835	8.20939
0.715189	5.47787
0.90878	5.44555
0.651553	3.20632
0.26727	7.92268
0.308426	1.61089
0.282935	7.36571
4.24734	4.47862
0.346899	3.01233
0.431092	4.91545
0.371092	3.30928
0.381433	6.39292
0.164254	3.32312
1.78996	2.979
0.264459	4.39962
0.412221	5.37508
2.24233	4.67837
0.131233	6.98534
0.483533	2.44143
1.46394	3.92089
0.515272	4.39393
0.106238	4.06036
0.386578	2.58766
0.73287	7.08179
0.145033	2.71253
0.111794	7.27395
0.388256	5.42862
0.0852385	4.8271
0.233642	7.94628
0.305064	7.91051
0.369204	6.73783
0.122582	6.25521
0.571487	4.88373
0.189612	6.0077
0.346269	2.38267
0.47619	6.67547
2.1789	2.79271
0.838867	5.52309
0.136451	5.94676
0.420701	6.30683
0.811827	3.98493
0.114175	3.96814
0.086606	3.39326
0.198228	7.22063
0.290731	3.25453
1.25466	2.54325
0.09017	4.12636
0.497049	6.86524
0.12431	6.66556
0.3096	4.5771
0.63953	3.90271
0.709942	1.99901
0.397508	1.69565
0.164469	4.84595
0.778175	5.76333
0.110543	7.59854
0.359305	5.3578
0.210957	3.10641
0.399183	5.15587
0.194905	2.90208
0.3856	6.46959
0.193448	4.39998
0.230772	4.44667
0.190186	6.03164
0.459861	6.60794
0.534799	2.54823
0.172796	6.63338
0.173892	2.69745
2.19644	4.93295
3.58492	2.39398
1.62774	3.58274
0.183659	6.86857
0.395962	6.50243
0.351913	4.16883
0.133428	6.78092
0.175118	5.39146
2.15563	0.858382
0.248396	6.19587
0.327969	3.62775
0.350036	3.57329
3.58539	1.44828
0.467917	1.9248
0.502556	5.56338
1.13435	2.53023
0.532672	6.05632
0.103333	7.34426
0.43335	4.56316
3.08198	2.98712
0.321459	7.55631
0.398311	8.85078
0.569594	3.39864
0.115659	8.08323
0.586808	5.23679
0.354497	1.98492
0.223883	5.39737
0.239727	6.77529
0.643397	3.1329
0.1216	2.68377
0.0464885	4.17491
1.16128	2.7142
0.69371	2.87798
0.268453	6.66638
1.57702	2.49224
1.22465	1.64962
0.204157	7.70894
0.129622	5.10768
0.242102	3.15895
0.234921	5.24091
1.09802	3.38264
0.205399	4.16103
0.28502	5.75546
0.13673	5.36542
0.279245	7.53584
0.515914	3.18167
0.133377	6.01254
0.631916	4.061
0.230591	5.7499
0.556458	6.47523
0.45639	4.63666
0.349986	7.00034
0.721879	3.30781
0.035185	4.39526
0.170557	2.32151
0.173156	2.46198
0.251229	11.9504
0.0991496	4.4588
0.840563	5.95658
0.14452	6.81399
0.406489	4.87527
1.09877	5.09048
0.465612	4.13054
0.592933	1.9069
0.31064	9.50258
0.610437	8.4415
1.38048	4.21695
1.24421	4.56078
0.303355	8.48213
0.259073	2.50362
0.219779	6.27974
0.679402	2.72142
0.166837	5.1102
0.500012	5.85401
0.187671	1.90438
0.241333	6.20311
0.174808	8.61977
1.12343	3.66336
0.608235	2.03331
0.537735	5.01819
0.268568	5.94401
0.29558	5.61507
0.0950072	5.25847
0.879939	3.42179
0.188957	5.96287
0.110462	7.7151
0.226259	5.54043
0.16191	5.87712
0.230773	2.85511
0.514574	4.92593
0.40166	6.62518
1.17084	1.65562
0.454344	7.09121
0.120926	10.0018
0.287088	9.70291
0.208261	3.69186
0.317168	4.74294
0.370085	9.90467
0.561502	5.33044
0.392834	4.29858
0.177654	6.67262
0.0526353	9.09737
0.337785	2.05245
0.685574	5.24096
0.156712	5.77417
0.0979122	2.05682
0.305739	5.23479
0.434368	6.21922
0.919101	4.05374
0.289936	8.77923
0.180259	7.40027
0.0948478	5.01322
0.158718	3.22208
0.652068	5.32961
2.24204	4.87518
0.251028	10.0592
0.860139	4.7823
0.136344	3.75556
3.55666	2.56357
0.143395	7.75447
0.242053	7.99206
0.30641	4.13258
0.13347	4.94334
0.174962	4.92555
0.159784	1.35076
0.832888	5.15557
0.223517	3.11268
0.66163	6.34017
0.818132	5.80432
0.382816	6.14702
0.218933	3.84525
0.223103	5.43382
0.894133	5.25975
0.0796569	5.33563
0.384018	5.496
0.258484	4.23438
1.02816	2.27337
0.19412	2.98675
0.57937	2.47751
0.544613	3.20859
0.546142	8.76965
0.607282	5.55774
0.195162	2.73074
0.835716	5.86856
0.14816	3.89818
0.185016	4.36376
0.852416	3.72795
0.277137	5.77948
0.386269	3.89466
0.276672	3.3841
0.0893523	2.66412
0.212469	5.43028
0.64617	3.58009
0.485863	4.8156
0.197428	8.29532
0.837798	5.40218
0.408642	4.78947
0.166697	3.76983
0.148325	8.38183
0.626834	8.92851
0.217967	3.16864
0.523969	10.6225
0.348265	3.9179
0.329728	4.0661
0.314435	7.47061
0.251303	7.8586
0.622029	5.90545
1.52499	3.87713
0.233688	1.57044
0.818777	6.41598
0.667217	3.73147
0.324905	7.10585
0.203892	2.10675
0.204332	3.33663
0.41339	4.70071
0.0392565	4.84038
0.440704	4.95081
1.78739	2.6557
0.305782	3.41175
0.112689	7.6646
0.232856	5.19744
0.361	8.20374
0.533705	2.45805
0.14732	9.43938
0.318757	6.81215
0.515059	8.57107
0.272753	2.01049
0.892932	4.56282
0.097679	1.41866
0.818862	2.9629
1.42022	1.24691
0.121358	6.8343
0.171291	8.96199
0.15251	5.68524
0.452831	3.82283
0.132167	9.35765
0.475771	4.66984
0.382762	8.18563
0.211949	2.69677
0.445521	4.9602
0.305589	3.28376
0.495387	3.71136
0.609589	2.86667
0.241689	4.94843
0.282512	5.58834
0.454001	6.62759
0.106258	6.72929
0.547268	1.53727
0.921323	5.77737
0.113787	2.48019
0.258535	3.92006
0.178853	2.93574
0.186568	6.14585
0.5705	5.46214
0.274169	6.09487
0.187116	3.98243
0.757933	4.09578
0.267964	1.82219
0.828909	4.08973
1.26998	2.37864
0.427855	5.96891
0.490155	3.31294
0.857375	2.49653
0.394878	4.45799
0.354311	1.81741
0.583327	5.92611
0.516361	9.13518
0.650153	2.86466
0.77359	5.99868
0.239633	4.87163
0.732462	2.76471
0.408834	6.87272
0.303911	5.673
0.282935	3.44449
0.734359	5.42133
0.260491	3.72958
0.504707	2.95828
0.198613	2.98279
0.221853	5.41482
0.424059	7.76612
0.139569	2.87676
0.36522	3.58343
0.373399	1.33682
0.658756	6.63353
0.0679733	8.46787
4.00498	1.72155
0.276856	3.15905
0.151199	2.12043
0.603654	2.80763
0.205482	9.16629
1.69053	5.12161
0.502745	6.69807
0.256037	7.75373
0.101884	7.02908
0.161813	3.357
0.157949	3.34504
0.0918223	2.61319
0.341046	1.4145
0.258884	0.17429
0.292856	4.67611
0.335231	7.73115
0.203018	4.65868
0.838211	2.82399
0.493192	5.97171
0.247365	4.56115
0.564991	3.07674
0.919342	3.78465
0.0644635	5.73922
0.206277	6.12364
1.13965	2.07884
0.487772	2.7568
0.378102	5.60708
1.74974	3.42263
0.826063	4.34601
0.510479	8.54198
0.843328	4.28875
0.104657	1.88845
0.279509	4.75356
0.470693	5.65896
1.16001	3.74184
0.100658	11.7454
0.747121	2.66801
0.319373	2.5519
0.203505	7.09873
0.274974	4.29438
1.04317	2.93792
0.26812	7.04399
0.253942	5.24655
0.713387	5.81618
0.336917	4.0996
0.608133	4.79267
0.355682	3.42762
0.137393	4.8045
0.172657	7.64615
0.431865	5.97555
0.488017	3.5312
0.221155	1.78284
0.175794	4.32743
0.913708	7.40189
0.598963	5.58623
0.187068	4.87862
0.698095	6.75016
0.762249	7.03647
0.321519	8.41494
0.455332	3.94288
0.143856	4.13142
0.371146	5.30158
0.200596	2.0245
0.734231	3.48086
0.240038	0.698868
0.199259	8.54806
0.100311	3.38402
0.473597	5.44065
0.19459	3.45743
0.264223	4.11698
0.166233	3.04333
0.291486	5.45102
0.162548	3.2271
0.416156	5.44639
1.72202	0.771082
0.309901	4.88396
1.23785	2.7102
0.139553	5.07318
0.306647	6.39774
0.558528	5.52638
0.232592	7.67044
1.3312	3.0734
0.179414	5.33565
0.0648163	2.77128
0.160563	5.32844
0.19555	5.22481
1.01985	5.47544
0.266744	3.33172
0.200241	5.51656
0.1485	4.62939
0.206471	6.21209
0.244155	4.30382
0.605269	4.78713
0.743547	4.57316
0.812047	7.58439
1.00261	2.59241
0.232519	5.78234
0.0625701	8.9269
0.213212	4.34761
0.444148	4.62527
0.271379	7.18846
0.556114	1.09425
0.479479	3.47959
0.067226	6.28325
0.110305	2.5614
0.623712	4.74772
0.37208	3.26037
2.00593	5.43498
0.24813	5.40373
0.912883	4.92837
0.565013	8.49948
0.215721	4.84869
0.641444	3.93861
0.326121	7.31663
0.458027	3.79489
0.0691542	5.62111
0.577259	4.97779
0.337604	3.41481
0.227421	2.52672
0.580333	5.01376
0.185364	3.7634
0.539284	3.72175
0.148463	3.84807
0.215908	8.01405
0.419698	7.18118
0.205235	5.9332
0.0750576	6.29227
0.345273	4.98941
0.138231	5.92508
0.913617	4.56043
0.370938	6.00912
0.458713	1.93882
0.572216	1.81159
0.0975804	5.73769
0.651431	6.44979
1.15532	4.46152
0.92344	3.2174
0.411838	7.36602
0.46171	6.92002
0.129152	2.52666
0.274686	4.01507
0.49605	2.86103
0.0846943	5.61927
0.850531	6.08276
0.141797	5.32591
0.25174	4.37925
0.2872	5.91383
0.726014	3.80919
0.424784	3.78525
0.610214	1.91479
1.28172	0.607183
0.61607	3.99377
0.639279	7.15991
0.648845	2.70383
0.661915	2.43177
0.149619	9.14882
0.486399	8.10791
0.33148	3.66879
0.105401	9.36064
0.269396	3.843
0.181121	1.96416
0.192767	3.61401
0.130298	6.66353
0.178766	3.24391
0.618722	6.73086
0.401638	4.54126
0.675519	3.07814
1.58344	1.78641
0.482875	2.6451
0.310553	4.39896
0.430969	3.84253
0.138053	2.80794
0.781284	3.63695
0.226727	5.91656
0.337965	7.06153
0.162383	4.9799
0.246698	6.14447
1.41106	3.53582
0.651778	4.0384
1.05272	1.70888
0.0894474	7.87774
0.19114	4.22588
0.199751	7.55785
0.328725	4.79651
0.584591	4.58621
0.417368	5.32592
0.727118	5.48152
1.06276	4.02681
1.32115	4.57676
2.058	2.64115
0.130299	7.20957
0.364313	4.73763
0.400647	5.06658
1.01536	2.33152
0.650964	1.81068
0.908762	5.21159
0.278356	5.08658
0.16905	6.50109
1.21919	2.86884
0.314781	4.74202
1.2728	5.01084
0.345747	5.96249
1.39783	1.53379
0.216456	5.64992
0.589597	4.18314
0.184414	1.88449
0.702418	2.24917
0.508188	6.50595
0.211077	4.13027
0.289448	2.8541
0.43073	6.3711
0.16002	3.9233
0.555984	5.54314
0.285042	4.63961
0.427669	3.29538
0.420946	2.92675
1.22904	3.12643
0.20087	6.96519
0.10868	5.99183
0.257884	2.2324
0.379292	6.57974
0.154836	0.981852
0.10816	8.45184
0.580968	2.82085
0.187866	4.9809
0.0965345	3.40785
0.823604	7.64355
0.352451	3.83836
0.0577806	5.29705
0.219037	4.62621
0.56287	4.59707
0.15243	10.6093
0.251871	6.12249
0.667598	6.1173
0.305919	2.2201
0.147766	6.85783
0.0193018	6.63561
0.627534	1.58708
0.265409	4.27972
0.113045	3.69212
0.231954	5.60755
0.0843056	5.74623
0.138596	4.4891
0.0842959	4.29043
0.551856	5.48733
0.176041	3.92547
0.0732693	2.40751
0.529108	4.20634
0.34994	2.88112
0.60146	5.27781
0.383486	5.17187
0.295833	2.00217
0.171065	1.08523
0.166665	4.82139
1.47014	0.67258
0.581415	5.86006
0.23181	4.28624
0.581656	2.61691
0.0733295	3.37629
0.777926	6.31637
0.219653	9.22958
0.888919	2.52756
0.610466	1.73566
0.0894689	4.09314
0.295616	3.82846
0.0926268	6.4658
0.984806	2.49477
0.101276	6.06833
1.56575	2.85706
0.742014	1.61676
0.772333	2.54141
0.221404	7.41173
0.228871	5.22985
0.249385	9.31321
0.566799	6.21776
0.198505	6.15422
1.58281	3.56779
0.602853	4.64111
0.454717	1.42198
0.372654	3.6283
0.624949	8.99766
0.480676	7.09066
0.382485	9.96922
0.180832	2.51872
0.613091	5.96306
0.209461	7.22336
0.49059	2.37533
0.849783	3.53149
0.307232	3.39198
0.240161	4.23026
0.211608	5.44996
0.146847	6.6684
0.772171	2.13101
0.166967	9.21573
0.586413	8.24095
1.08341	0.380125
0.187547	8.60537
0.526113	3.08122
0.320079	8.7269
1.29147	3.56981
0.191854	9.07638
0.67751	5.32106
0.519584	2.91345
0.234822	2.05352
0.0743858	2.61108
1.00317	5.51788
0.262127	7.73482
0.66787	6.01143
0.193091	5.99356
0.228087	2.48366
0.279369	5.93447
4.3626	3.2358
0.940048	2.3924
0.716024	4.52269
0.28729	4.83357
0.213205	4.5203
0.175941	5.05156
0.475638	3.03617
0.120259	4.46174
0.229368	5.01971
0.599202	6.68928
0.0227603	3.20846
0.17403	5.79084
0.178368	7.76807
0.188502	3.45067
1.34952	3.16085
1.08035	4.6746
0.440879	4.81064
0.914035	4.5023
1.01256	8.15581
0.246746	5.55913
0.162127	7.18707
0.251144	5.58955
0.330776	7.06278
0.306251	4.57553
0.160124	5.61348
0.181125	4.64716
0.272424	5.76048
0.197868	2.77144
0.217248	4.4464
0.252821	4.88124
0.127528	5.85691
0.269171	6.52324
0.863979	4.66321
0.570632	1.39847
0.0827249	5.74023
0.182467	4.03013
1.33086	3.15871
0.596483	5.4537
0.50952	7.30636
0.490102	7.0077
0.969766	5.3499
0.35463	2.79025
0.409713	9.37409
0.238474	4.74729
0.823184	4.4913
0.246908	10.077
0.285591	1.26828
0.894138	4.68843
0.397702	3.02119
0.0591168	3.20815
0.133946	6.65912
0.155508	4.03046
0.18777	6.99531
0.471246	4.37345
0.0934656	3.05436
0.123576	7.36242
0.053585	5.18059
0.234837	4.4362
0.848231	2.85044
0.813774	3.83333
0.253681	3.27495
0.152967	9.74651
0.187916	3.98256
0.292951	6.56176
0.102218	4.46853
0.457502	8.59111
0.0651842	6.69964
0.267984	9.27658
0.0983634	2.81223
0.480662	3.58886
0.810539	7.60637
0.508715	8.44032
1.43538	4.36538
0.26966	8.61523
0.657965	3.06181
0.114601	7.37156
0.0744186	6.38791
0.090388	8.30088
1.82451	1.19761
0.702433	3.78064
0.0506932	3.89305
0.0786261	3.11204
0.181542	4.20384
1.06639	5.48284
0.14433	6.27702
0.395709	6.044
0.206657	3.08036
1.29839	5.63896
0.922245	3.44297
0.131249	4.73212
0.675047	3.8297
0.107926	5.3887
0.155285	5.2119
0.134816	7.37402
11.4948	1.0683
0.676253	3.47567
0.0564104	4.11421
0.455961	0.720539
0.419537	1.25275
0.422537	7.21157
0.514056	8.16164
0.220291	4.59698
0.140503	4.22913
0.207122	4.44501
0.463952	7.89971
0.309294	6.05263
0.831352	5.53935
0.549604	3.22852
0.0927075	3.80568
0.0892038	7.2624
1.2007	3.93355
0.264976	2.79275
0.109361	4.21157
0.760963	6.77952
0.0847022	3.65351
0.0599978	7.19332
0.290731	8.08059
0.137187	4.57029
0.608886	4.67466
0.524517	2.60892
0.831727	5.41477
1.22663	6.38105
0.369114	7.09469
0.0869494	2.46795
0.127744	7.38393
0.137827	6.32655
0.208461	4.69917
0.236017	5.35361
0.399588	4.68176
0.397383	3.27757
0.934971	1.39433
0.166159	1.70859
0.293925	5.1006
0.168244	2.83551
0.17477	4.29114
0.277291	5.3919
0.330623	7.73673
0.374597	7.04317
0.29133	4.96158
0.536224	3.73446
0.27494	5.17351
0.334712	4.64083
0.281576	7.41288
0.34591	7.41861
1.00519	1.04814
0.201824	3.0968
0.251712	7.25241
0.31311	6.63622
1.09836	2.75248
0.46838	6.63503
0.364998	8.63861
0.98647	5.02495
0.484695	6.86311
0.487274	3.55118
0.558027	9.24301
0.0948211	7.54533
0.140118	4.24555
0.439792	4.12155
0.953967	2.88331
0.243151	9.97674
0.143584	3.62084
0.600692	6.56701
1.76563	1.67416
0.214258	5.77349
2.25037	2.32538
0.511995	1.37597
0.495427	8.74843
0.580444	8.35974
0.419081	9.21084
0.157036	4.529
0.904218	3.21299
0.336683	2.67142
0.417329	7.55931
0.645633	4.30765
0.635853	6.95044
0.244113	3.96308
0.16095	3.69959
0.396659	7.53616
0.879808	4.66494
0.669123	3.60004
0.988499	6.6063
0.644871	3.4881
0.263532	5.10536
0.279757	5.1842
0.371007	2.18556
0.380901	6.1408
0.783578	2.23716
0.78021	7.34431
0.377323	9.05349
0.166314	6.03751
1.10472	3.50908
0.345136	5.24691
0.458616	3.27914
0.28167	4.83565
0.909747	2.60108
0.0806035	5.32565
0.104805	4.14442
0.136404	5.35302
0.642829	3.52226
0.28493	1.1968
0.175399	11.8194
0.493292	6.1974
0.0840508	7.15652
0.100536	4.37597
0.38519	5.56755
0.507973	3.20197
1.60011	3.72891
2.33695	2.39947
0.993282	4.29775
0.170171	6.20599
1.4331	0.602347
0.5489	4.13385
0.375334	6.67359
0.379994	7.78808
0.137356	5.83777
0.127365	2.74172
0.277477	2.71437
0.0710834	3.8326
0.362643	5.64375
1.03664	4.00587
0.119059	4.75366
0.167053	8.83551
0.0237498	2.47615
0.895554	3.57731
1.25099	1.84377
0.333393	6.16534
0.716833	5.51022
0.246449	5.02698
0.857651	2.81255
0.512149	9.7314
1.6139	2.01121
1.42869	3.16792
0.374305	2.11523
0.326089	4.51579
1.07632	1.69543
0.951394	3.21425
0.306344	1.83903
0.250516	2.04396
0.0475759	5.49765
0.745633	2.63231
0.0510035	9.04552
0.474945	7.60394
0.310334	5.28347
0.167689	11.2394
0.740488	0.994849
0.164657	3.51037
0.165298	4.39829
0.910999	1.15144
0.453856	8.15454
2.20055	3.59467
0.136574	4.11174
0.116989	3.77838
0.158469	2.1137
0.143226	2.02186
0.502162	2.09646
0.0853657	4.196
0.793797	5.16275
0.198955	6.1706
2.03509	3.17997
0.611972	3.86613
0.138143	8.82379
0.412363	1.91033
0.116278	2.57549
0.824556	2.61101
0.18409	4.50338
0.869602	3.95783
0.233652	7.96468
0.398402	4.19991
0.147962	5.59504
0.164971	2.97656
0.752417	6.57601
1.09243	3.16777
0.487105	7.08598
0.474436	3.28407
0.494245	7.4721
0.393826	9.61336
2.08883	3.13358
0.171215	4.18673
0.223576	3.48944
0.0898029	7.18648
0.708159	4.68653
0.392656	7.94657
0.0788739	5.23076
0.389862	3.27758
0.234534	1.83883
0.0563254	4.17342
0.0967565	3.55413
0.964226	4.61995
0.29977	2.00546
0.252232	3.61683
0.470058	3.57882
0.166071	8.91929
0.467336	2.69237
0.101842	5.92506
0.240124	3.99014
1.12579	5.03452
0.193324	5.48952
0.655928	7.879
0.498907	3.88338
0.0940631	3.08722
0.319659	7.24409
0.510384	7.82856
0.105177	6.04667
0.19975	11.7219
0.555497	3.95942
0.46857	7.74159
0.457298	5.59039
0.288111	3.63613
0.135036	5.61446
0.971786	4.9812
0.389542	4.03279
0.146718	6.07821
0.295249	2.8664
0.275085	4.81808
0.252576	3.28953
1.31968	3.51585
0.0365715	2.99253
0.109026	5.67858
0.211262	5.32043
0.20902	7.6358
0.209122	1.70424
0.200437	6.91105
0.79465	6.14775
0.70223	1.70079
0.598368	6.33176
0.176121	4.74293
0.529222	3.1839
0.147062	5.89926
0.853468	2.44445
0.641056	4.47908
0.469289	2.15654
0.0574009	7.49092
0.29523	7.21234
0.357076	3.74354
2.29074	4.87786
0.404783	6.18207
0.127784	3.7829
0.61035	4.77239
0.166897	3.19471
0.34437	3.38901
0.243602	8.78688
0.620648	2.31471
0.830434	3.44925
0.262007	4.69893
1.09756	4.1713
0.413961	5.98929
1.4665	3.46062
2.62964	3.37478
0.337237	4.10745
0.841546	3.6244
0.153103	6.82209
0.297782	3.66493
0.486383	6.37993
0.109178	5.20354
0.250163	9.9584
1.17895	1.93065
0.497711	8.19961
0.16526	6.37212
0.3689	3.41914
0.5993	2.27081
0.202731	2.76721
0.238665	5.95957
0.265169	4.69971
0.553351	1.77821
0.161581	6.2771
0.856198	4.2233
0.46077	2.51511
0.850052	5.52986
0.395286	2.6679
0.541906	2.39765
0.132379	2.67156
1.03721	4.93717
0.0956146	5.03032
0.11663	2.72807
0.120986	4.18492
0.91291	3.66029
0.721038	2.84733
0.475514	5.28763
0.268951	4.18145
0.290888	1.12211
0.103277	6.60619
0.294628	8.56595
0.876142	3.9112
0.0889288	2.8663
1.68598	5.82454
0.595553	4.78479
0.454183	5.47187
0.278919	7.83692
0.515882	4.2092
0.359487	3.88458
0.414731	1.65918
0.370896	5.00539
0.419613	5.96468
0.122357	5.42863
1.30387	4.46116
0.483272	5.08881
0.24584	3.13992
1.56686	1.80226
0.214162	4.78203
0.593857	3.97935
0.452244	6.38284
0.371632	2.08881
0.47582	8.33371
0.183082	4.50845
0.189312	8.06871
0.0618372	7.24173
0.174398	9.58491
1.24192	4.41362
0.2752	3.14776
0.146544	5.11171
0.121109	4.21686
0.216636	3.4982
9.61439	1.92595
0.436359	1.76169
0.304301	4.06078
0.103918	3.26293
0.503944	7.58045
0.0646013	4.7694
0.383547	10.5824
0.303494	2.7921
0.218449	5.80577
0.774167	1.64771
0.140862	4.73307
1.77645	5.33695
0.245647	5.96905
0.333697	8.67828
0.197496	5.84362
0.489228	6.0296
0.907743	3.64001
1.53622	2.70157
1.27736	3.24358
1.73439	2.19209
0.606343	2.66608
0.422156	6.68637
0.362856	4.55093
0.687873	4.86258
0.573094	4.57768
0.401	8.10828
0.1274	5.42938
0.112153	2.60124
0.357804	5.14325
0.285875	4.77054
0.696095	5.43017
0.571718	5.31933
0.135556	7.10001
0.192848	2.62722
0.629756	4.28549
0.943831	7.04436
0.251866	2.83559
0.10294	5.36355
1.44259	3.1867
0.749634	5.33046
0.407488	3.01012
0.260358	4.49327
0.182327	5.26199
0.106307	3.59086
0.506965	3.81864
0.254033	3.9692
0.318421	5.00639
0.46869	5.83914
0.398458	9.36883
0.212258	4.68561
0.219436	10.4514
0.187291	4.51143
0.364001	6.13451
0.914133	6.61374
0.400709	5.93423
0.348445	6.54625
0.197918	6.04009
0.273643	3.81397
0.576453	3.82908
0.386297	3.55174
0.474472	5.00586
0.503628	4.24612
1.21506	2.92808
0.520484	8.09751
0.232242	3.82956
0.127772	1.91534
0.698795	3.71976
0.0991032	3.91604
0.263557	3.65189
0.376719	2.85071
0.59308	6.2594
1.25818	5.51713
0.16393	6.65462
0.450621	7.4686
0.44829	5.4097
1.02497	4.49633
0.15405	6.53416
0.248993	2.22763
0.266605	3.5331
0.0696985	3.12832
0.986196	4.2098
0.0841832	6.5406
0.265076	5.89825
0.12404	3.14586
0.400459	2.36845
0.482357	2.4165
0.231681	5.29341
0.768637	4.24504
0.522779	5.38004
1.04095	3.81845
0.124482	2.51684
0.284553	3.9547
0.279617	3.42885
0.214924	5.86081
0.267851	3.31718
1.60396	2.06634
0.0579773	4.43217
0.62575	5.92194
0.323621	2.31772
0.206938	4.3562
0.73671	1.43228
0.0919514	4.36941
0.333018	5.30388
0.345706	5.43649
0.87095	4.06527
0.645158	5.2578
0.127114	7.43144
0.445973	5.24486
0.190029	5.99223
1.73797	6.30221
0.442315	6.97677
0.13974	4.8902
0.248603	3.30785
0.292581	3.83624
0.283015	6.57814
0.843032	1.11521
0.205204	4.41481
0.561342	3.4107
0.221868	6.80239
0.928214	1.96396
0.428693	9.8061
0.752603	4.19566
0.260668	4.10223
0.474963	5.7841
1.05593	6.61448
0.306706	3.54692
0.116117	5.89863
0.2302	11.0867
0.19769	2.43244
1.2867	2.85567
1.33106	2.43338
0.1588	3.23325
0.240611	4.13565
0.630645	7.98584
0.185352	6.65446
0.243582	1.13048
0.611813	5.33235
0.227421	3.25622
0.638905	0.800565
0.317078	7.40915
0.30234	5.34953
0.117866	6.79497
1.30655	3.11515
0.701392	2.95552
0.162662	3.21326
0.520914	4.45769
1.04831	3.50026
0.378153	4.69823
0.5611	4.07101
0.332482	6.18776
0.417828	3.94578
0.203906	4.12969
0.163826	2.36558
0.224438	8.11045
0.920576	4.28523
0.260439	3.04349
0.33118	5.67573
0.540804	6.54013
0.753719	6.60599
0.35317	7.28482
0.0690041	5.24116
0.173571	6.9335
0.66201	4.30356
0.552915	3.90366
0.227035	10.0621
0.0309059	6.76716
0.0766232	6.57125
0.534254	2.04641
0.129448	4.51139
0.861093	5.54779
0.511834	3.52303
0.774275	3.30162
0.17019	6.79612
0.305885	2.16511
0.130397	4.84749
0.0804184	1.68971
0.0329614	3.5854
0.777828	5.31818
0.0544418	6.91983
0.359352	5.813
0.189656	4.11328
0.118514	6.99009
0.179442	10.9326
0.203261	5.58126
0.0947544	3.66532
0.12989	7.0249
0.173923	5.56678
0.651074	4.12207
1.02192	2.84977
0.467393	9.83885
0.229365	3.73613
0.942791	3.03236
1.05531	5.22564
0.499995	3.30964
2.86023	3.49734
0.445753	1.47827
0.367542	4.58118
0.41434	5.16782
1.1975	3.87155
0.463854	5.37307
0.168164	4.32514
0.310701	1.26
0.670889	2.45819
0.0449209	6.76727
0.912186	1.78501
0.189961	4.77277
0.432692	6.55537
0.237752	7.9975
0.158591	7.32285
0.576099	9.44431
0.0729468	6.0346
0.649938	4.01807
0.492259	2.29374
0.0811999	7.47745
0.0943657	3.61267
0.411246	9.31597
0.321208	8.12361
0.411036	4.91149
0.0832751	7.97903
1.37537	4.05895
0.533184	6.8293
0.14624	7.91296
0.382845	2.15307
1.27367	3.68591
1.82362	1.10337
0.686657	5.75255
1.11149	2.66241
0.586781	4.44033
0.553102	7.29518
0.168788	6.02246
1.71514	0.860527
0.421856	2.8989
0.523182	5.1801
0.955766	3.34961
0.362849	2.67296
2.42613	4.23804
0.277418	4.70712
0.202029	1.62689
0.20378	3.34323
0.0514017	7.26783
0.054131	8.96994
0.294984	8.86014
0.499737	6.60323
0.923426	6.08616
0.569662	5.0225
0.337313	2.21813
0.623711	3.23469
0.181918	2.93579
0.509922	2.69903
0.19307	5.19732
0.450424	7.59746
0.0911894	5.60502
0.498176	5.72659
0.493862	4.53739
0.167293	3.05967
0.640486	1.58904
0.392599	5.78095
0.822879	2.43645
0.909025	2.36887
0.0885529	2.73431
0.331669	7.67309
0.72818	5.6582
0.300595	8.44611
0.607152	4.75396
0.167952	3.65462
0.192596	5.33964
0.471261	4.7235
3.70627	1.70935
0.140336	7.35095
0.768406	2.55663
0.306012	1.82351
0.195516	5.06464
0.258359	4.33595
0.810279	2.57983
0.370037	7.82607
0.326062	3.88952
0.168802	4.91973
0.249005	4.32395
0.239259	5.05174
0.250824	4.63307
0.490208	5.85457
0.329756	3.73662
0.215467	5.52787
0.231461	8.36139
0.517561	5.50948
0.324112	4.21284
0.284579	5.7856
0.155488	6.68685
0.436536	2.71159
0.162927	0.37705
1.04968	2.37603
0.327275	7.37573
0.532259	5.23363
0.235079	4.78233
0.294287	3.0577
0.0908751	3.52929
0.0651118	6.87011
0.950191	2.73056
0.28439	2.81833
0.444966	5.26592
0.553384	4.18531
0.342226	5.01246
0.144356	2.03227
0.136968	2.59803
0.183161	7.40335
0.247945	1.09411
0.20712	8.09348
0.560105	6.65518
0.386314	4.11103
0.128813	4.99991
2.54115	1.89929
0.114597	6.85311
0.123313	6.96866
0.963542	2.58912
0.17916	6.55885
0.126339	2.40761
0.586951	7.43566
0.161122	6.04129
0.339874	1.88883
0.527075	5.87058
0.116702	3.34306
0.560729	2.597
2.68771	2.94834
0.888433	5.06761
2.00884	2.82378
0.13037	3.47777
0.369904	5.83833
0.524849	7.1722
0.37804	2.87243
0.390905	7.45392
0.205415	4.69426
0.575542	3.29427
0.95138	7.25939
0.181201	2.79135
0.371631	3.1949
0.168907	9.19236
0.148315	3.88229
0.705098	4.40562
0.508103	5.82488
0.275865	1.58721
0.45912	5.37753
0.28015	4.33255
0.101096	7.21246
0.76556	3.69416
0.286268	4.14801
0.334494	4.92304
0.176428	8.15198
0.247992	4.87647
0.0826429	6.53382
0.265996	5.77303
0.113194	3.52008
0.275494	3.645
0.149212	2.85279
0.773211	5.15496
0.172033	2.90177
1.92161	2.92853
4.1197	1.61522
0.144512	7.13426
0.299482	5.66988
0.33351	3.1096
0.729661	1.56355
1.15309	3.26316
0.732567	5.41002
0.271341	3.88131
0.146043	5.12348
0.54031	5.69343
0.484412	3.73465
0.132536	9.25836
0.23247	1.86329
0.57734	5.14145
0.119703	7.51219
0.46661	4.83324
0.193553	3.81688
0.512426	2.73285
0.103006	3.74275
0.197454	6.52959
0.110294	4.09931
0.0914235	7.69554
0.119164	5.10497
0.0997769	4.96658
0.122561	9.391
0.410308	6.25134
0.286331	7.40475
0.334719	4.07099
0.0587705	3.72795
0.631112	5.34622
0.088467	6.98093
0.176732	4.14749
0.0864236	8.63809
0.140121	7.2865
0.285604	4.2285
1.20057	3.83873
0.190657	5.43526
0.521	7.00126
0.697464	6.78231
1.9209	4.93714
0.5631	2.63767
0.0854171	8.46102
0.339506	6.51376
0.171341	7.57887
2.16046	2.52689
0.12378	4.22074
0.159894	5.88173
0.590672	3.87677
0.877689	1.79364
0.325356	4.00256
0.174417	7.77843
0.234994	5.10883
0.090676	4.04425
1.07347	4.55509
1.00317	1.54746
1.57992	2.24984
0.287853	6.1543
0.0235148	7.40032
0.126767	6.07832
0.108051	3.11587
0.520869	6.49536
0.14397	4.63849
0.548908	3.33577
0.14532	6.79388
0.272046	2.1719
0.183851	9.2203
0.18635	9.24315
0.361378	3.64693
0.843233	4.28259
0.217716	5.1626
0.238515	4.43191
0.172049	3.94084
1.7022	4.21099
1.25298	3.80214
0.694508	4.3273
0.0833983	6.40611
0.218894	4.01017
0.118129	3.4452
0.777672	5.79386
0.372474	6.82056
0.841209	3.73592
0.441473	2.85307
1.51242	4.70947
0.171756	4.25415
0.691154	4.60861
0.805285	4.0532
0.0923663	9.12214
0.0814733	3.06177
0.0823475	5.39353
0.155719	5.15292
0.25856	10.2355
0.330034	7.2581
0.890129	7.19485
0.677143	5.21792
0.308413	4.40954
0.153051	10.4523
0.254316	6.80456
0.186732	6.39792
1.54413	5.45734
0.574936	4.89338
0.364298	5.45838
0.082512	4.1264
1.93171	3.29239
0.255408	5.17116
0.38671	5.8555
0.209809	5.80802
0.481809	3.37373
0.0357079	8.7373
0.257696	3.37451
0.17007	3.21996
0.184573	2.22997
0.498218	5.70606
0.222833	6.66451
0.254258	5.5777
0.412053	3.66031
0.424482	6.04474
1.56925	4.32819
0.501432	7.15235
0.515624	6.08957
1.3191	5.14137
0.785705	5.60719
0.416354	3.16236
0.081587	2.31634
0.228439	7.30286
1.73941	6.75413
0.13072	5.52997
0.931016	5.70282
0.234084	5.69159
0.277788	6.10839
0.242159	6.87194
0.0834235	9.19947
0.355966	6.23805
0.373577	4.97427
0.417502	3.40532
0.339034	5.43901
0.114244	5.9803
0.704343	4.19704
2.81333	2.48575
0.740867	2.84264
0.454691	5.26584
0.596945	4.71737
0.119576	4.17111
0.115965	2.64029
0.235257	5.59836
2.359	1.82273
0.697309	4.0464
0.354067	4.23311
0.375499	5.08015
0.416281	5.60862
0.105189	4.51585
1.49525	5.62813
0.64347	7.668
0.273158	4.70054
0.945466	1.91531
1.10215	3.50189
0.394096	5.78841
0.0899989	3.46054
0.138545	4.22139
0.191291	4.59846
0.196887	7.70082
0.288634	2.49988
0.277345	6.27477
0.192942	2.96339
0.328253	2.56025
0.454803	5.54263
0.1621	6.52054
0.107611	7.16422
0.134787	4.54183
0.362912	3.27338
1.09194	4.97115
1.05428	6.89016
1.10965	1.91719
2.44315	3.16826
0.12446	7.93299
0.142213	0.670801
0.342958	3.81621
0.440551	5.12134
0.236249	4.5973
0.381967	6.29973
0.574335	8.29303
0.41981	9.99372
0.172469	4.34025
0.739027	4.84937
0.35401	5.9183
0.109101	5.79978
0.372512	2.80611
0.26775	4.06722
2.06262	3.63591
0.349307	3.24975
0.119425	4.15377
0.481149	5.91306
0.983347	2.58234
1.04468	3.75218
0.509808	5.26999
0.82404	2.465
0.12587	3.7411
0.595855	3.76283
0.195372	6.80355
0.341747	5.6288
0.154615	7.35826
0.554254	7.95861
0.892509	4.11197
0.0484696	6.9797
0.55299	5.44888
0.360942	4.18659
0.276427	4.58966
0.260359	4.31214
0.156142	5.04366
0.303803	3.00408
0.0926632	2.54483
0.472884	4.35822
1.29573	1.9942
0.164778	3.66627
0.317148	6.38955
0.16969	6.74277
1.19188	6.49416
0.450154	2.51037
1.37465	6.8947
0.176951	4.25137
0.555481	4.27691
0.450037	4.47751
0.960874	2.94202
0.498273	3.87551
0.151631	8.77437
1.35273	0.950634
0.160071	4.43415
0.926557	4.63283
0.313744	4.27053
0.760625	4.56056
0.251526	7.99509
0.279567	6.43491
0.130226	6.0054
0.601376	1.07886
0.160269	6.51229
0.164646	4.79823
0.243609	3.32457
0.486143	9.15029
0.43928	5.27337
2.01921	3.13362
0.110896	6.28016
0.155951	8.36163
0.394947	7.26957
1.39254	6.62613
1.45891	4.1656
0.232787	3.05076
0.312154	2.71365
0.213004	5.41901
0.423812	6.97977
0.252837	4.47187
0.249174	1.63534
0.531632	8.42374
0.405075	6.48638
0.210138	3.87153
0.589066	9.20206
0.59582	5.10452
0.437061	8.42743
0.421508	7.23472
0.49968	3.86423
0.544629	4.13412
0.651941	6.71617
0.447194	7.11198
0.190102	1.87456
0.203331	2.46319
0.852454	1.95302
0.333648	4.91969
0.135021	4.10022
0.924211	5.20453
0.968915	2.95777
0.169641	7.89085
0.975279	4.03691
0.211733	8.46296
0.153671	7.8713
0.329813	4.12001
0.0637398	6.85601
0.343118	1.98844
0.342483	9.43031
0.0847279	3.86124
0.18822	9.66297
1.05903	5.03808
0.12878	4.4428
0.227352	1.60211
0.369046	3.19412
0.444101	3.82557
0.384745	2.21836
0.710009	3.72267
0.162254	1.26716
0.625603	5.29426
0.721766	5.06387
0.292172	4.64466
0.55437	6.83072
0.443091	4.89126
0.453077	4.89215
0.162187	6.38364
0.548278	4.607
0.168366	4.0372
1.05443	4.75838
0.25164	6.53498
3.75078	3.24471
0.539739	5.44509
0.365768	5.60482
0.221166	0.961436
0.218077	5.48993
0.435591	5.7997
0.726162	4.40837
0.132443	8.47027
0.209979	2.9929
0.0654808	5.23032
0.24408	4.52538
0.207668	0.986231
0.346197	8.63591
0.217442	1.96539
0.712542	7.44999
0.649893	6.52409
0.102913	5.83128
0.236455	6.73689
0.532843	5.78753
0.204964	7.12814
0.13062	6.32809
0.152323	4.45319
0.48469	7.11281
0.15424	6.39353
0.139657	5.53475
0.598493	3.61135
0.183512	5.57043
0.0613426	4.3302
0.384138	1.41662
0.799353	4.96882
0.0806721	4.01551
0.53504	3.29793
0.203835	4.06478
0.254765	5.3568
1.10937	5.00328
0.157697	4.77886
0.25966	3.66321
0.124331	5.36864
0.128831	5.48033
2.5305	1.0829
0.809748	5.15095
0.313482	5.29469
0.80282	2.9616
0.264831	3.19978
0.336178	2.15476
0.459472	4.65533
0.211426	1.74691
0.616526	4.34072
0.367308	2.00769
0.731489	5.45767
0.129548	5.86905
0.719001	1.73102
1.72253	4.09366
1.26424	2.68635
0.121205	2.07399
0.748189	8.14655
0.570781	3.6539
0.042332	8.38685
0.0681745	7.16454
0.146814	6.02702
0.358642	5.33601
0.308105	6.38851
0.119806	7.65465
0.416546	4.23293
0.308935	4.5027
0.954186	4.64879
0.861874	2.47473
0.121144	5.83522
0.422649	4.82188
0.0558115	8.79023
2.12997	1.36282
0.252564	6.75583
0.77826	6.33517
0.343581	3.96269
0.318054	4.12881
0.340077	4.31745
0.178046	6.30707
0.16104	7.59428
0.24581	7.10225
0.677044	3.00392
0.0842602	4.66214
0.279917	1.84272
0.165256	6.3592
0.572657	3.63256
1.11868	3.15394
1.36576	4.24711
0.459343	6.00242
0.397142	7.14409
1.56278	6.25441
0.177083	4.43225
0.266369	4.4451
0.115038	6.32992
1.67183	4.16289
0.206942	5.63616
0.408869	5.53859
0.844931	3.73672
0.836124	6.56747
0.278232	5.30954
1.11556	3.24368
0.0790142	4.42902
0.21535	5.86751
0.087732	2.29258
0.439022	5.34281
24.041	0.908814
0.174146	3.42735
0.483281	4.71866
0.431497	5.54334
0.121444	6.67476
0.857356	2.02291
0.567365	2.26935
0.635764	1.08312
0.356551	11.1675
0.358016	0.835219
0.279042	5.10001
0.125846	5.20785
0.670186	6.86201
1.65315	1.08469
0.544895	6.02069
0.509382	2.85951
0.420173	3.71919
0.339597	4.86598
0.321841	2.91636
0.187112	6.2414
0.53356	3.19124
0.15398	3.11185
0.0918664	4.73569
0.489418	3.13949
0.995556	3.84185
0.269174	11.1275
1.06899	1.77815
0.324831	8.70707
0.184532	3.30748
0.318714	1.73836
0.378452	6.48505
0.866841	8.55408
0.44683	6.70131
0.306876	2.13475
0.280647	5.60367
0.609196	2.66549
0.0624867	4.26178
0.754536	5.55986
0.663309	6.21949
0.0661712	2.38018
0.213713	3.98822
0.948064	8.75036
0.517334	6.35789
0.249812	4.94797
0.103842	5.16076
0.0663688	4.80011
1.18424	3.2178
0.243039	6.60048
1.03226	3.85961
0.566743	4.64851
0.358065	7.80274
0.0856731	7.41822
0.561326	2.49628
0.375433	3.67832
0.0940301	9.90939
1.56515	3.3721
0.924529	7.72829
0.238061	4.94223
1.05647	3.14981
0.318967	5.55444
0.258736	3.41488
0.234791	7.91445
0.371296	2.18192
0.417432	3.26555
0.426571	7.13415
0.348616	6.861
0.142424	3.07855
0.129196	5.18945
1.33472	3.63499
0.0925515	4.49095
0.284247	3.51108
0.370846	7.91519
0.521999	5.27928
1.92634	3.12921
0.228362	4.21664
0.166785	5.95877
0.372627	3.57727
0.217826	2.07134
2.20046	2.17319
0.341122	7.19775
1.44323	2.26078
0.842063	4.58889
0.197405	7.16499
0.0707016	4.07611
0.289515	5.63093
0.136206	3.85666
0.196236	2.81833
0.523783	5.36871
0.470854	5.03341
0.279058	1.87432
2.63395	0.803346
0.080872	6.18848
0.391021	5.08526
0.0862343	7.39449
0.193679	1.93679
0.0436642	6.04506
0.512012	4.94189
0.201392	2.71298
0.551959	8.38553
0.157391	8.40139
0.457001	3.21261
0.24907	3.03694
0.0932011	7.11904
1.00167	1.54619
0.395559	9.05171
0.204115	3.23826
0.507801	1.70531
0.182611	0.930755
0.151913	4.84455
0.257971	5.3707
1.12972	6.18888
0.990143	3.83279
0.438006	4.35715
0.37744	2.65489
0.0955047	5.34913
0.0481621	6.9131
0.368516	3.26206
0.473962	1.19174
0.891454	4.20865
2.1517	3.53425
1.241	3.89839
0.315604	10.2488
0.123698	6.03844
0.117173	12.2253
0.284722	7.42971
0.202552	4.44835
0.192617	6.50596
0.0989662	4.66677
0.157927	8.21992
0.368046	3.01026
0.714326	2.46662
2.01071	2.90399
0.154749	3.17841
0.068575	5.40773
0.269531	3.9455
0.605023	3.82527
0.249042	5.02584
0.524431	1.85912
0.0903929	5.01073
0.157409	2.70572
0.297418	5.62198
0.0635966	6.33773
0.191674	3.50127
0.207614	7.73216
0.632997	7.29707
0.187442	5.07803
0.34166	3.48337
0.420628	4.30719
0.103621	3.06169
0.379501	4.35187
0.104292	6.05036
0.811788	5.86826
0.36262	4.54253
0.214288	3.84029
0.767276	7.01043
0.127078	4.43495
0.743206	5.80128
0.351439	4.09009
0.225957	4.77862
0.119978	1.81982
0.154857	5.24907
0.279835	7.25054
0.421081	5.99737
0.480485	2.634
0.777969	5.48062
0.160918	4.79841
0.445993	5.66113
0.466512	6.97535
0.154093	9.13181
1.84518	0.698298
1.25495	2.18953
0.28214	4.09811
0.205617	2.27188
0.462026	5.50557
0.0991936	10.7504
0.159597	9.53817
0.185129	7.11476
1.28365	1.91363
0.468239	6.01466
0.307049	6.18616
0.632941	9.37752
0.198517	6.07883
0.214806	8.00709
0.204204	2.43924
1.36164	2.00738
0.337206	4.26051
1.30272	5.35881
0.545071	8.43467
0.244712	4.40475
0.297203	5.37895
0.320649	2.70424
0.503519	4.98284
0.0763086	9.65559
0.0588935	4.58837
0.830363	3.5286
0.399098	3.51117
1.08228	3.9693
0.281367	4.22546
0.538791	4.73498
0.491248	5.57225
0.0814739	5.11121
0.921135	1.39612
1.25051	5.01436
0.140387	2.73893
0.947955	3.40191
0.285098	4.62144
0.969151	4.24076
0.888858	3.49502
0.222005	7.71112
0.259975	6.78008
0.720991	5.35157
0.65345	3.70628
0.340535	4.4048
0.273563	1.43682
0.9616	4.7389
0.209072	10.691
0.739742	4.57462
0.150582	6.14846
0.626969	5.21167
0.630563	4.87096
0.22303	5.13585
0.2305	3.64384
0.25002	7.42681
0.24758	4.21176
0.132169	2.61576
0.270598	3.49875
0.36237	3.13781
0.652684	3.16855
0.459688	5.3337
0.767878	2.12901
0.437873	5.35968
0.106468	2.28647
0.226923	4.30124
0.264091	0.645334
0.181982	8.21926
0.358388	7.89961
0.193249	5.95186
1.94041	2.77701
0.683629	3.7368
0.533583	4.43014
0.471707	9.14767
0.219043	3.15622
0.468746	5.96014
0.546039	5.53391
0.769686	6.87712
0.754503	4.38345
0.811025	3.8952
0.319856	3.64926
8.28237	2.32027
1.01761	4.76634
0.269725	6.85051
0.637257	4.81222
0.213163	4.1793
0.592327	3.49846
0.184963	2.83869
0.189672	5.57972
0.477222	3.88049
0.137742	1.77114
0.209632	4.12907
0.180775	3.9778
0.593241	4.05154
0.0690724	5.83308
2.19235	1.60969
0.427803	3.59772
0.239401	5.75368
0.4048	2.2331
0.522745	5.16123
0.562172	6.80884
0.679467	2.87402
0.184523	9.37339
0.230756	6.66875
1.03686	3.9807
1.10003	1.17368
0.370489	5.17035
0.575925	6.79842
0.154278	1.60027
0.400186	2.67759
0.191685	5.15807
0.252215	2.75286
0.359282	5.79621
0.527165	3.50885
0.27843	2.93031
0.619511	3.47952
1.37522	2.73436
2.15861	2.29593
0.149581	11.0337
0.405937	1.21447
0.577756	3.98479
0.379531	3.79723
1.74297	2.35999
0.627208	4.93968
0.0938675	1.14639
0.530822	5.30236
0.766142	2.68064
0.762078	3.51406
0.140063	5.73041
0.30293	3.38727
0.390611	7.89554
0.221876	3.19921
0.166872	6.29979
0.255538	4.56116
0.150406	2.53747
0.244456	4.08432
0.335499	6.98641
0.232694	3.82062
1.29353	4.03267
0.834162	4.18426
0.267967	4.2692
0.153584	7.61089
0.304441	2.59266
0.030211	4.9445
0.902515	4.72612
0.482802	7.67479
1.16107	1.81594
0.406324	5.33613
0.249436	8.00553
0.0922431	1.852
0.248591	2.79484
0.549063	6.1072
0.188301	1.45854
0.260384	4.31262
0.390251	9.13093
1.09591	3.37581
0.267713	6.32254
0.661129	2.40682
0.138766	1.32275
0.0535594	7.70442
0.303206	4.62515
2.13854	3.78201
0.175448	3.55035
0.150288	1.38498
0.21791	2.7587
0.379316	3.36819
0.507404	5.31949
0.480802	4.30298
0.767502	4.62819
0.363957	4.03776
0.176161	6.33564
0.833724	3.89792
0.485434	6.26036
0.493224	8.12827
0.078513	4.6257
0.508343	7.05077
0.217899	3.46125
0.111043	3.30038
0.610611	5.08063
0.809141	4.07711
0.217081	4.7745
0.306133	7.80414
0.254793	8.72097
0.194836	6.40916
0.6197	3.52952
0.155863	3.44609
0.18808	8.9159
0.757527	2.13482
0.248265	2.34886
0.52919	1.95545
1.28738	5.11647
0.880406	5.23276
0.63629	2.54016
0.654803	2.73891
0.710813	5.70506
0.567054	4.36401
0.30843	5.02774
0.890259	2.58261
0.343322	2.80173
0.32198	1.77134
0.294801	1.94597
1.12607	6.31195
0.731286	5.17204
0.187866	1.77047
0.984566	3.15263
0.267505	6.5469
0.0855914	3.70439
0.179286	2.17751
0.726197	2.74878
0.268213	1.00098
0.414858	7.76146
0.318961	6.00906
0.0399963	3.52989
0.365672	5.64124
0.0506147	2.06586
0.272974	4.42082
0.154239	4.7978
0.673977	6.209
0.121945	4.93494
0.726132	7.59233
0.103359	5.83922
0.130452	6.28524
0.201091	8.03402
0.239087	7.79836
0.0863954	8.59665
0.174167	3.19157
0.362253	6.48085
1.27208	4.84284
0.228897	3.3846
1.23907	6.27266
0.216126	8.13623
0.13799	3.16046
0.24695	6.65074
0.134603	11.3208
0.841003	5.12558
0.11534	6.49416
0.341628	6.40964
0.204194	3.21431
1.1331	3.18796
1.01708	3.72382
0.550623	3.9679
0.324881	3.19868
0.367968	4.2262
0.730618	6.88916
0.572061	4.94081
0.284859	8.19892
0.136922	7.64017
0.290501	8.7367
0.0911178	6.14171
0.585007	2.10466
0.112455	4.68568
1.49646	1.69665
0.705147	1.99114
0.740826	2.9293
0.509096	6.52099
1.95415	1.01151
0.17062	4.95627
0.0642988	4.71732
0.588847	3.96193
0.0644466	5.12023
0.105527	8.73689
0.483764	2.15467
0.606341	3.30666
0.228965	5.60623
0.115497	1.90023
0.717131	7.15795
0.0788736	8.5329
0.192868	5.83876
0.679986	4.54639
0.655755	3.82366
0.53971	8.59193
0.323648	1.96291
0.571002	5.18905
0.212829	5.15497
0.136456	7.30837
0.138041	2.74643
1.00242	5.09177
0.245754	2.80786
0.377556	7.28648
0.130602	3.66872
0.345092	8.8068
1.89897	2.91059
0.844923	4.85312
0.232313	5.89103
0.817504	4.37868
0.155049	7.96272
0.247432	4.94648
0.525629	7.09826
0.167552	2.92981
0.129023	6.61795
0.189648	5.34674
1.0923	3.95681
0.681005	6.84888
0.179249	7.49972
0.418698	3.90343
0.500696	5.70254
0.39821	7.44845
1.41794	3.08368
0.312914	5.60222
0.223434	4.77568
0.276041	1.98624
0.272525	1.89286
0.29002	1.17098
0.467723	3.69496
10.9948	2.09922
2.85301	2.17757
2.43155	3.26049
0.373261	4.08546
0.369192	4.00931
0.159318	6.28413
0.46001	3.03296
0.106917	4.95725
2.88746	2.22593
1.38136	5.65661
0.353092	3.94258
0.3935	6.5875
0.154365	8.60075
0.0823317	3.58798
0.0708101	0.502484
0.292771	6.14389
0.731041	2.38794
0.496392	5.20074
1.60954	2.60096
0.266801	8.705
1.20184	3.95684
0.280672	4.01793
0.843707	3.68497
0.694617	6.54001
0.479865	8.12907
0.288057	6.32646
0.796098	4.51461
0.35923	2.24857
0.833651	6.61468
0.845701	3.18491
0.714803	3.44515
0.180138	4.69455
0.484778	6.99678
0.415539	2.12673
0.134802	4.55892
0.313443	11.8148
0.0940835	7.24302
0.433701	5.75001
0.131999	4.67984
0.956109	4.5002
0.942424	6.91082
0.341155	5.38918
0.860003	5.43028
0.48263	3.28922
0.188624	4.09807
0.965426	6.34665
0.360991	4.19974
0.764361	6.66098
0.238672	5.82425
0.803497	3.34302
0.101263	2.04284
0.603391	7.20922
0.682637	2.39588
1.28175	5.08917
0.352161	2.43371
