0.0993587
0.282971
0.236465
0.6885
0.510813
0.37131
1.21917
0.972564
0.886225
0.308789
0.387769
0.155836
0.397307
0.772743
0.0548254
1.00686
0.302474
0.646384
0.283961
0.262804
1.11494
0.759139
0.187325
0.263188
0.0960195
1.258
0.149947
0.216933
0.263473
0.161347
0.0859214
0.16224
0.0804179
1.13235
1.06933
0.782003
1.89041
0.40085
0.27638
0.378555
0.192521
0.516554
0.109224
0.0865976
0.528703
0.123818
0.10348
0.661928
0.855783
0.998218
0.145147
0.162668
0.224101
0.675294
0.180939
0.0457229
0.200216
0.895248
0.0726838
0.746278
0.0576486
0.209064
0.305002
0.734183
0.411565
0.0998715
0.398932
0.119355
0.837637
0.166291
0.283946
1.06616
0.48734
0.171576
0.280301
0.971421
0.103659
0.291063
0.175409
0.0872613
0.187375
0.16761
0.701495
0.0834664
0.694622
0.274859
0.846448
0.192584
0.462227
0.195529
0.3895
0.239372
0.330161
1.0262
1.02756
0.0954077
0.175813
0.0871303
0.673951
1.55629
0.580912
0.351951
0.312043
0.116816
0.373721
0.537058
0.20294
0.497038
0.4253
0.0593045
0.151867
0.202117
0.308543
0.133731
0.119642
4.40853
0.169781
0.12753
0.235137
0.144984
0.191773
0.949235
0.490909
0.898697
0.0731358
0.214281
0.0795882
1.22595
0.737371
0.790085
0.957501
0.322108
0.317482
1.05746
0.341599
0.26573
0.11791
1.18315
0.149437
1.06833
0.123941
0.578447
1.35595
2.17098
1.05735
0.128308
0.167685
1.18778
0.130649
0.185989
0.763481
1.4748
1.69343
0.375276
0.209757
0.115763
0.494724
0.216492
0.364772
0.470685
0.162614
0.319058
1.59264
0.397972
0.335517
0.568683
0.342487
0.327301
1.13934
0.991222
0.810419
0.84404
4.28288
1.12459
1.34697
0.954837
0.677544
0.462163
0.51068
0.88448
0.93823
0.30854
1.11977
0.375778
1.01338
0.271582
0.286131
0.238659
0.468173
0.146444
0.0590969
0.384526
0.127258
0.418201
0.34275
0.489381
0.0615982
0.977636
0.157622
0.457889
0.171133
0.293372
0.777051
0.388137
0.144818
0.124163
0.326897
0.105246
0.459363
0.231553
0.142029
0.419777
0.356851
0.0582923
0.370305
0.116136
1.33966
0.240663
0.280813
0.220992
0.0877681
0.565743
0.138654
0.315224
1.30129
0.747732
0.143566
1.67358
0.303182
1.22273
0.360646
0.576501
0.824511
0.0348233
0.156722
0.32452
0.515777
1.46186
0.122783
0.340113
0.684531
0.381048
0.23548
0.175832
0.236743
0.123509
1.53981
0.930743
0.338032
0.3382
0.73233
0.172991
0.203794
0.173454
0.11038
0.672399
0.920564
0.295714
0.0876673
0.112777
0.284229
0.238411
0.890269
1.56426
0.584373
1.2767
0.596241
0.342593
0.978337
0.671518
0.480085
0.427996
1.39046
1.4666
0.451612
0.458765
0.745471
0.271525
0.264933
0.130403
0.076614
0.202372
0.330459
0.279211
1.12989
0.237973
1.42876
0.387328
0.141711
0.596729
0.193539
0.130656
0.181796
0.743001
0.264379
0.0942295
0.389168
0.104368
0.264926
0.127081
0.42082
0.219434
0.493157
0.112206
0.396379
0.102549
0.537842
0.194348
1.54258
0.118047
0.182316
0.0484923
1.12186
1.30555
1.14859
0.0723447
1.22634
0.0783173
0.0911216
0.230275
0.250468
0.256554
0.158778
0.405186
0.283461
0.320809
0.114727
0.0845122
0.241916
0.275459
0.434193
0.926558
0.867421
0.827154
0.241872
0.886078
0.155348
0.285979
1.11265
0.160229
0.760133
1.11742
0.315298
1.34516
0.942789
0.244524
0.37638
0.690814
0.726825
0.0536463
0.858029
0.706505
1.40149
0.0959418
0.151994
1.67041
0.829693
0.28081
0.453512
0.943525
0.59897
0.299762
0.252369
0.273487
0.190381
1.27922
0.519724
0.200845
0.488637
0.256657
1.53819
0.357908
0.531761
0.0579404
0.27979
2.23437
0.586582
1.08537
2.01906
0.626656
0.245608
0.847869
0.386719
0.184543
0.251675
3.20605
1.32206
0.346765
0.107415
0.33464
0.236733
0.500536
0.697212
0.202053
1.10487
0.650976
0.331232
1.03318
0.301339
0.213038
0.43571
0.847214
0.376182
0.90931
0.44319
0.801015
0.596465
0.168545
0.208952
0.76988
0.402346
0.436729
0.451045
0.356086
0.404739
2.87729
0.13393
0.355045
1.07746
0.268335
0.146661
0.178402
0.167999
1.46083
0.550079
0.624566
0.0519551
0.277806
0.730046
0.442655
0.102303
0.133755
0.135569
0.128656
1.16513
0.11608
1.16434
0.18982
0.266084
0.330425
0.10441
0.298676
0.215178
0.407102
0.306116
0.153006
0.311612
0.245973
0.515792
0.225091
1.53844
0.0779113
0.137894
0.12838
0.875101
0.263184
0.948725
0.354258
0.322671
0.0590675
0.582446
0.476758
0.786876
0.135922
0.17861
0.109455
0.232391
0.206472
0.0786363
0.0586676
0.322189
0.526987
0.926621
0.0648087
0.217308
0.0362758
0.121519
0.163347
0.385557
0.554251
0.251655
0.726143
1.03645
0.327317
0.863109
1.45372
2.79027
0.0652374
0.920326
0.866313
4.1615
0.242679
0.999196
0.0637436
0.694894
0.18579
0.254129
0.73179
0.234976
0.068676
0.217875
0.994513
0.952577
0.0836114
0.132872
3.03697
0.188357
0.059246
0.383162
0.429173
0.391584
0.702901
2.98019
1.01329
0.282653
0.0625717
0.0756871
1.12269
0.971267
0.166154
0.112562
0.713712
1.65533
0.0652414
0.15103
0.497061
0.169121
0.110721
0.453332
0.649169
1.39782
0.133796
0.511004
0.168112
0.49862
0.215135
0.389694
0.333916
0.218398
0.100366
0.155921
0.0747157
1.01163
1.43303
0.422368
0.155552
0.150997
0.120263
0.513383
1.20644
0.231884
1.53773
0.230702
0.780123
0.33478
0.585708
1.03246
0.277061
0.0527516
0.686535
0.349428
0.172884
1.26855
0.428821
0.486883
0.636168
0.0908167
0.391035
1.36699
0.082502
0.66814
0.773033
3.93016
0.398014
0.37496
1.67676
1.67156
1.7269
0.324824
0.327298
0.282647
0.519764
0.211239
0.171711
0.576068
1.24009
0.44824
0.649967
0.168163
1.24664
0.640699
0.0713566
2.56024
0.153066
0.366663
0.154739
0.135018
0.446219
0.145695
0.205555
0.117415
0.273409
0.744747
0.188367
0.210031
0.331147
0.273612
0.12757
0.0378791
0.177534
0.176725
0.0761838
0.221416
0.147508
0.85601
0.196365
0.239438
0.60182
1.38511
0.239388
0.170495
0.222053
1.17641
0.243332
1.76671
0.679959
0.417831
0.319748
0.350653
0.331915
0.358593
0.251338
0.924579
0.311781
0.199094
1.89523
0.570277
0.105485
0.207796
1.25816
0.13821
0.275588
0.128098
0.245682
0.307749
1.96906
0.123034
0.314597
0.172739
0.14661
0.993782
0.150946
0.0928104
1.1169
0.672491
0.465175
1.39405
0.563169
0.217153
0.215396
0.674856
0.263625
0.828218
0.498023
0.290431
0.477766
0.0629121
0.63196
0.094494
0.163616
0.208674
0.698702
0.811095
0.274895
0.313838
0.384697
0.891339
0.909387
0.175084
0.612035
0.99387
0.272171
0.642382
1.14181
0.0454275
0.169542
0.240623
0.994457
0.381328
0.291327
0.152936
0.938149
0.112472
0.318707
1.32944
0.182084
0.493897
0.0938677
0.235223
0.297555
0.212736
0.541809
0.200864
0.162963
0.4291
0.129198
0.406502
0.936623
0.814011
0.285516
0.806315
0.185129
0.166771
0.151989
0.128683
0.731985
0.53622
0.167947
0.283609
0.259147
0.157763
0.612312
0.825203
0.165173
1.50387
0.144586
0.294997
0.385124
0.610161
0.120836
0.379681
0.38123
0.178459
0.184075
0.354214
0.225236
0.103526
0.291889
1.12166
0.244093
0.232621
0.340386
0.119281
0.569591
0.549457
0.478696
1.07806
0.296997
0.274512
0.189605
0.0701683
1.14741
0.59612
0.649142
0.396097
0.513102
0.927958
0.936882
0.0569306
0.0938032
1.71361
0.229498
1.57253
0.153159
0.158602
0.347484
0.292772
0.140004
0.885469
0.233641
0.346864
0.505624
0.321407
0.385345
0.0784144
0.639831
0.0738846
0.212005
0.598976
0.354168
0.0978048
0.125865
0.363572
0.799341
1.05209
1.21646
0.0765206
0.281739
0.265616
0.0601586
0.237535
0.929853
0.326322
0.273549
0.120812
0.206831
0.410934
0.787248
0.905249
1.10722
1.61518
0.418042
0.14488
0.185922
3.63607
1.10199
1.29673
0.185505
0.225491
0.61039
0.579901
0.141375
0.671866
0.313367
0.635885
0.16114
0.712005
0.124828
0.345167
0.253344
0.385323
0.981172
0.307758
0.61916
0.406684
0.105672
1.27332
0.0429508
0.146308
0.236169
0.447843
0.0549078
0.126768
0.107472
0.33875
0.102661
0.13911
0.717807
0.134649
0.0748451
0.643982
0.719696
1.04883
1.10227
1.80224
0.118966
1.45407
0.33057
0.519853
0.401438
1.20824
0.264133
0.0621363
0.18442
0.182584
0.172703
0.415784
1.01443
0.637709
0.709838
0.110337
0.394393
0.0843494
0.93888
0.203085
0.174078
0.15166
0.072172
0.282939
0.154954
2.2392
0.353228
0.0931498
0.576072
0.19556
0.144931
0.339746
0.37556
0.29933
0.800546
0.308487
0.829946
0.225808
0.250825
0.96635
0.436078
0.0469429
1.75312
0.18739
1.18732
0.189844
0.252783
0.256219
0.326813
0.59773
0.494857
0.253242
0.166254
2.81655
0.313821
0.156858
0.131019
0.13261
0.964245
0.571004
0.191499
0.243488
0.145217
0.277506
1.26161
0.775364
0.35115
0.0797686
0.159542
0.208472
0.28483
0.112442
0.985721
0.0600815
0.177241
0.214712
0.38171
4.96787
0.195994
0.252254
1.84772
0.527592
0.514424
0.272484
0.269891
0.152543
0.14395
0.395815
0.184947
0.244945
0.222345
0.171077
0.654915
0.246969
0.478703
0.238171
0.274544
0.562525
0.121195
0.428221
0.474146
0.220828
0.585111
1.24552
0.888534
0.81753
1.32033
0.377104
0.274344
0.128574
1.01877
0.697045
2.06815
0.732098
0.768502
0.246076
1.02359
0.70743
0.161937
0.358452
1.66767
0.315081
0.283813
0.362591
0.433644
0.110156
0.384097
0.370764
0.63429
1.78962
0.231836
1.08462
0.500812
0.234288
1.03563
0.103135
0.228116
0.170211
0.309273
0.530349
0.699491
0.801682
0.269831
0.314939
0.406748
0.915563
0.361852
0.29915
0.185867
0.279248
0.180023
0.128357
0.508203
0.134517
0.264682
3.83191
0.205281
0.0759743
1.97465
1.24752
0.566913
0.416882
1.30206
0.176621
0.193803
0.267468
0.15056
0.365959
0.386054
0.502963
0.449417
0.178607
0.0584346
1.51664
0.153973
0.320675
1.20691
0.837008
0.298924
0.207871
0.196001
1.10544
0.631894
0.130991
0.069449
0.151956
0.27952
0.478352
0.0990508
0.632825
0.310052
1.34677
0.375485
0.189326
0.0803154
0.168151
1.05655
0.0693045
0.810802
0.398989
0.290249
0.368396
0.525718
0.754997
2.35874
0.377997
0.041688
0.0587567
0.0392451
0.923993
1.96936
1.16718
0.177527
1.19039
0.931062
0.373471
0.105802
0.647634
1.19836
0.852787
1.23684
0.115451
0.329321
0.462302
0.131485
0.549358
0.168466
0.740295
2.65591
1.30621
1.62534
2.57869
1.16546
0.688567
0.157534
0.104643
0.220034
0.198172
0.27387
0.901478
0.0389391
0.207448
0.689297
0.261109
1.44513
0.154805
0.226867
0.452153
0.219538
1.33269
0.198849
0.185835
0.189669
0.735257
0.530017
0.124378
0.247894
0.509555
0.172674
0.374621
0.282612
0.180668
0.263057
0.1373
0.152184
0.169307
0.971506
0.305049
1.3955
0.139375
0.104471
0.121921
0.190355
0.120569
1.0702
0.0340482
0.320392
0.0686543
0.121462
0.246029
0.60566
0.147618
0.730085
1.49269
1.17397
0.0235411
0.769773
0.101178
0.322949
0.24571
0.125998
0.0935722
0.186902
0.651804
0.127646
0.0650682
0.043318
0.0800291
0.299229
0.498528
0.518282
0.683058
0.536075
0.438293
0.108187
0.115714
0.282525
0.123009
0.342633
0.186615
0.113078
0.182989
0.195754
0.0789193
0.135364
1.06657
0.22621
0.127552
2.44406
0.325893
1.13669
0.529989
0.908144
0.0755723
0.106463
0.347544
1.44306
0.566833
1.51941
0.646238
0.580103
0.246714
0.26921
0.218669
0.220928
0.449276
0.133869
0.206459
0.293337
0.52644
0.978124
0.224691
0.131883
1.46169
0.52293
0.226477
0.112002
0.179903
0.241863
1.03102
0.932707
1.03477
0.126434
0.0553561
0.446921
0.224181
0.173106
0.306581
0.501118
0.263191
0.0834588
0.463608
0.125858
0.258297
0.271238
1.20524
0.323024
0.217643
0.235646
1.03314
0.382038
0.414635
1.19886
0.420679
0.416954
0.596184
1.44905
0.325311
0.431246
0.166382
1.20761
0.50304
0.133889
1.55918
0.0376399
0.230159
1.01578
0.268616
0.794484
0.122156
1.54111
0.080199
0.141482
0.253899
0.376779
0.0563427
0.900616
0.220081
0.714797
1.87008
0.95688
1.64254
0.55089
0.0531625
0.343639
0.194986
0.351637
0.155975
0.331896
0.293038
0.410239
0.14817
1.10394
0.320769
0.179011
0.190784
0.161441
1.0505
0.112131
1.39221
0.325539
0.460984
0.308835
0.192343
1.50652
0.20362
0.441597
0.695021
0.0902227
0.247626
0.257641
0.784841
0.615942
0.272242
0.78313
0.0847136
0.32939
0.32868
1.55789
0.178216
0.352323
0.543804
0.388597
0.654567
2.01274
0.677235
0.217203
0.218303
0.833896
0.403963
0.264954
0.264922
0.20249
0.331664
0.307227
0.0452376
0.129565
0.695995
0.41553
0.361176
0.273541
0.125138
0.476867
0.130393
0.0856804
1.05436
0.563256
0.190068
0.476813
0.192224
0.074939
1.35978
0.33393
1.07918
1.22711
0.541319
0.856269
0.15825
0.148788
1.0589
0.321209
0.493685
0.170021
0.0796522
0.71299
0.328857
1.14334
0.207873
7.12938
0.181042
0.563889
0.123172
3.59865
1.11244
0.669641
1.00888
0.0716117
0.352781
0.404552
0.113892
0.417826
0.876985
0.679467
1.02109
0.174326
1.28406
0.185374
0.738034
0.150821
0.379409
0.326068
0.194485
0.455567
0.906501
0.165389
0.403298
1.07299
0.444181
0.130517
0.527007
0.423258
0.57235
0.316628
0.675328
0.297235
0.261038
0.0871861
0.636439
0.430006
1.1615
0.568832
0.3928
0.623107
0.150698
0.108684
1.51607
0.390319
0.524847
1.12885
0.210228
0.0985266
0.709316
1.16143
0.997779
1.13575
0.290454
0.114896
0.528066
0.134392
0.255509
0.209222
0.370291
0.186253
0.230976
0.0761043
0.920917
0.0471425
0.263614
0.34134
0.467265
0.499014
0.0781317
0.517578
0.171842
0.165752
1.11381
0.0920408
0.0714873
0.169217
0.857096
0.337629
0.119087
0.492332
0.467417
0.989703
0.0604
0.250297
0.46049
0.26994
0.358005
1.78068
0.611213
0.326793
0.27044
0.0634756
0.325882
0.203308
0.207198
0.367812
1.96195
0.233371
0.988482
1.41653
0.211093
0.160402
0.166907
0.161459
0.784122
0.166123
1.2416
1.87143
0.193834
0.264538
0.4177
0.13568
0.0638732
0.501984
0.380292
0.283173
0.0840776
0.24732
0.462683
0.170711
0.265683
0.49952
0.137137
0.884708
0.93648
0.2323
1.20101
0.193428
0.315558
0.374854
0.511184
1.38677
0.295279
1.21142
0.231964
0.201122
0.281693
0.232068
0.0860597
0.680108
0.382838
0.101883
0.955104
0.257762
0.413024
0.616104
0.891636
0.0880758
0.613035
0.187298
0.230798
0.123726
0.0270748
0.174361
0.659236
0.612376
0.13526
0.986523
1.29686
0.680852
0.0563092
0.889291
0.701775
1.08965
0.218248
0.568099
0.240531
0.857548
0.146691
0.244273
1.15482
1.21222
0.334832
0.792623
0.781902
0.3421
1.52949
0.23561
0.809302
0.407841
0.121917
0.548431
0.355682
0.268963
0.351503
0.105177
0.0739947
1.29284
0.109711
0.218383
0.215727
0.631949
0.135088
2.24133
0.833045
0.296543
0.293137
0.332618
0.269381
0.312891
0.350642
0.290838
0.821596
1.44395
0.144756
0.877282
4.28608
0.132018
0.136948
0.127668
0.159694
0.892943
0.322837
0.547008
0.408567
0.304142
0.646777
0.300593
0.101999
0.187494
0.0346015
1.40693
0.933744
0.221748
0.0581238
0.035871
0.310442
0.216287
1.09198
0.972577
0.0939636
1.34174
1.0353
1.44081
0.134324
0.191585
0.953773
0.283768
0.602296
0.935885
0.397583
1.04758
0.0950483
0.216178
0.293686
0.501787
0.283797
1.29639
0.286765
0.83651
1.08882
0.143256
0.214654
0.233493
0.272899
0.101106
0.0756816
0.230621
0.26315
0.0882009
1.02729
0.440989
0.748387
0.628609
0.195974
0.387818
1.73286
0.39799
0.907687
0.172969
0.424867
0.31687
0.945748
0.65725
0.164562
1.08207
1.36179
0.174864
1.14257
5.75055
0.126425
0.149468
0.158538
0.161769
0.475799
0.204281
0.954013
1.24543
0.427074
0.16213
0.161262
0.213992
0.234529
1.31338
0.297802
0.195787
0.66014
0.501065
0.0526566
1.05852
0.816813
0.12412
0.0899441
0.247485
0.106572
0.164352
0.121949
0.536554
0.420489
1.34391
1.34426
0.113299
0.0915625
3.33712
0.41297
0.642724
0.299479
0.813554
0.599261
0.0775834
0.731198
0.235072
0.0997246
0.759408
0.136512
0.356541
0.0590062
2.23811
0.758166
0.268387
0.114129
0.180734
1.10759
0.259132
0.93821
0.100798
0.394306
0.266218
0.373873
0.168555
0.560228
0.281856
0.776069
0.225071
0.0881205
0.701861
0.975492
0.402878
0.408479
0.319635
0.490559
5.61274
0.179179
0.337343
0.0877878
0.533717
0.130711
1.36246
0.360036
0.384934
1.42613
0.321303
0.215292
1.1654
0.449276
0.0695759
0.371816
1.00765
0.086643
0.0343837
0.308057
0.213641
0.148106
0.358111
0.501673
0.211634
0.564591
0.224741
0.303899
0.539832
1.32187
0.885175
0.0581979
0.781631
0.832236
0.17186
0.0588605
0.0805123
0.256505
1.12533
0.1467
0.743224
0.374099
0.101215
0.47501
0.889894
0.147158
0.227486
1.03043
0.0764803
0.391436
0.18349
0.486525
0.309974
0.481294
0.0970736
0.245184
0.329292
0.862033
0.138107
0.349449
0.173658
2.78764
1.49119
1.63167
0.194972
0.354155
0.393576
0.118409
0.163687
1.59505
0.276665
0.193585
0.372512
2.42658
0.351419
0.350256
0.345081
0.641451
0.211442
0.132012
3.23815
0.562616
1.02994
0.184239
0.345129
0.63391
0.157971
0.253733
0.185113
0.73098
0.174449
0.0674164
1.09328
0.793879
0.298018
1.42568
1.11609
0.163681
0.12252
0.212875
0.275602
1.11132
0.148772
0.286638
0.122093
0.413838
0.452393
0.230395
0.212106
0.21288
0.392758
0.270678
0.470774
0.715812
0.182868
0.128361
0.263401
1.67169
0.175997
0.945804
0.111302
0.262322
1.56449
0.329245
0.26702
0.676649
1.14222
1.26127
1.55097
0.88983
0.196627
0.339809
0.749675
0.203617
0.466195
0.240826
0.114683
0.133243
1.0778
0.156846
0.277546
0.311522
0.285968
0.135547
0.884013
0.18033
0.31165
0.218939
0.340905
0.223728
0.555109
0.273976
0.400207
0.710771
0.062183
1.08082
0.144993
0.183403
1.45552
0.397422
0.189448
0.158153
0.278814
0.332816
0.604279
0.296883
0.250849
0.250064
0.134102
0.904
0.702732
0.394584
0.14106
0.110644
0.626935
1.95216
1.17513
0.785314
0.0734065
1.48601
0.222736
0.239088
0.232757
0.193803
0.160896
0.139405
0.995639
0.328828
0.466455
0.848221
0.364672
0.191645
0.242803
1.11253
0.162168
0.460785
0.278962
0.331158
0.301753
0.765657
0.35929
1.22675
0.446766
0.208533
1.28453
0.143972
0.213465
0.722025
0.274497
0.31231
0.0826697
0.0958002
0.199083
0.222345
0.417473
0.271113
0.571541
0.384173
0.140603
0.235202
1.42908
0.213348
0.447303
0.442184
0.198608
0.278858
0.520584
0.796181
1.8375
0.219494
0.617029
0.694937
0.385658
0.143697
0.221242
0.321123
0.153782
0.289128
1.58324
0.178578
0.159641
0.242151
0.492144
0.139017
0.526937
0.324001
1.08268
0.30102
0.331943
0.129453
0.91518
1.16728
0.237663
0.212991
0.119468
0.40089
0.150534
0.50759
0.779241
0.15124
0.177592
0.272031
0.158138
0.716643
0.18589
0.374264
0.579198
0.0773574
0.572147
1.16365
0.165939
0.203616
0.122969
0.273939
0.559927
0.373597
0.264961
0.212999
0.0895415
0.804782
0.936793
0.411538
0.392356
0.603788
0.322005
0.056662
0.394463
0.523728
0.262795
0.467874
0.171213
0.366221
0.676307
0.415171
0.237621
0.753246
0.128714
0.259107
0.156246
0.228206
0.530158
0.110415
0.206008
0.408738
1.10354
0.142029
2.08616
0.274827
0.245216
0.268812
0.702422
1.8248
0.793075
0.428339
0.450839
0.0899045
0.0455666
0.110643
0.361571
0.0869328
0.263786
0.355515
0.300755
0.436262
0.447093
0.206607
0.160653
0.768015
0.263251
0.280823
1.00643
0.239974
0.35772
0.762107
1.0512
1.35807
0.243804
0.15983
0.41054
0.464008
1.00412
1.1751
0.751943
0.301545
0.316603
0.291521
1.29103
0.200986
0.242689
1.2697
0.268794
0.567879
0.12694
0.211985
0.095151
0.6439
0.306802
0.100619
0.267607
1.44594
0.499988
0.127422
0.75116
1.15595
0.723983
0.391262
0.159564
0.215406
0.0996578
0.965598
0.0491009
0.158827
0.0834403
0.604412
0.110448
0.269735
0.115106
0.14621
0.0945958
0.431785
1.37675
0.236568
1.17775
0.17643
0.289036
0.202348
0.258954
0.992528
0.161349
0.110208
0.299319
0.16364
1.33442
0.114049
0.223805
0.0228085
0.245002
0.20204
0.623818
0.700841
1.84914
0.852135
0.251267
0.271533
0.0973567
0.415097
0.641103
0.59522
0.609495
0.0797398
0.132299
0.470567
0.21818
3.19636
0.296493
1.01734
1.31731
0.168621
0.330383
0.200654
0.268449
0.111361
0.502597
0.333941
0.189899
0.473222
0.198171
0.332769
0.0898477
0.396511
0.741509
0.134025
0.130254
0.258446
0.0384721
0.607784
0.241812
0.0870014
0.218287
0.353079
0.837287
1.36161
0.812725
0.65853
0.455809
0.100861
0.106441
0.536989
0.0701949
1.26689
0.196992
0.339285
0.253398
0.636992
0.271435
0.2145
1.26294
0.458036
0.690633
0.317215
0.641502
0.488932
0.830978
0.338049
0.186495
0.202118
0.10356
0.165448
0.298579
0.0956948
0.717629
0.183939
0.719252
1.66571
0.224172
0.291568
0.118235
0.20911
0.459981
0.171361
0.326357
0.131783
0.461712
1.15074
0.613996
0.845746
0.314256
0.322756
0.438386
0.521604
0.82441
0.299928
0.566323
0.951103
1.23392
1.79718
0.163696
0.124169
0.313564
0.940482
0.330802
0.865532
0.186209
0.247363
1.22491
0.30023
1.34879
0.554567
1.10182
0.230969
0.616786
0.0931394
0.48861
0.341966
0.204988
0.0965779
0.49399
0.217631
0.53249
0.490789
0.319273
0.332096
1.10232
0.187552
0.181344
0.274494
0.657089
0.0426263
0.331939
0.223286
0.168721
0.135972
1.53897
0.381037
0.0625722
0.332319
0.495918
0.861649
0.138927
0.71223
0.0986605
0.11564
0.213528
0.248436
0.243163
0.0623245
0.134785
0.212833
0.179322
0.146438
0.754905
0.161059
0.175361
0.353784
0.207573
0.705888
0.538397
0.334713
0.203219
0.0464623
0.773511
0.29805
0.106512
0.261225
0.170118
1.08691
0.445791
1.03374
0.313182
0.0804427
0.347934
0.377612
0.921733
0.150423
1.62738
0.563432
0.816598
0.220667
0.241601
0.775476
0.157487
0.303778
1.60031
0.518353
0.208113
0.112664
0.908122
0.652966
1.09571
0.0794897
0.671227
0.364185
0.432829
0.983351
0.0969645
0.217294
0.229997
0.17743
0.754226
0.500077
1.01842
1.34704
0.521643
0.478117
0.88955
0.531886
0.22644
0.6427
0.403645
0.239909
0.0681645
0.936157
0.180116
0.646761
0.424746
0.0468239
0.368116
5.04065
0.898533
0.815907
0.191071
0.275485
0.149633
0.10744
0.155459
0.0452428
0.589129
0.015403
0.106641
0.464826
0.0831064
1.26763
0.8201
0.413395
0.728313
2.26113
0.21465
0.283843
0.166943
0.572392
0.28381
0.0891906
0.197028
0.262642
0.141721
0.375615
0.246779
0.280033
0.448375
0.466761
0.545482
0.276087
0.247095
0.585028
0.432847
0.379279
0.793706
0.934492
0.470843
0.988151
0.145665
0.427544
1.25387
0.178632
1.02129
0.4033
0.155221
0.263911
0.146937
0.223618
0.267045
0.119555
0.245299
0.0676281
0.238865
0.329405
0.769537
0.040135
0.712512
0.173672
0.168133
0.0766127
0.342137
0.231624
0.592118
0.0815735
0.306438
1.54073
0.725571
1.38094
0.750505
0.334086
0.214916
0.193041
0.204005
1.41445
0.54589
0.25377
0.184545
0.135772
1.33738
0.263648
0.431704
0.295278
1.47746
0.670458
0.127481
0.680887
0.191963
0.160104
0.160022
12.1586
0.627453
0.168595
0.36227
0.250247
0.720763
0.890391
0.168708
0.163272
0.229638
0.960987
0.330217
0.287143
0.508924
0.15962
0.237291
0.737854
0.138711
0.0466824
1.30083
0.127651
0.227534
0.375441
0.166363
0.494355
0.188421
0.740427
2.05787
0.524608
0.159753
0.19919
0.2515
0.198047
0.244074
0.277181
0.205492
0.919661
0.0732259
0.157688
0.119106
0.324786
0.371989
0.274094
0.198659
0.251098
0.153691
0.139145
0.313586
0.1913
0.691535
0.923999
0.0885209
0.165411
0.434314
0.873993
0.815044
0.838626
0.512991
0.772504
0.167187
0.911067
0.146594
0.121348
0.279726
0.989934
0.634423
0.156781
0.803801
1.70594
0.127351
2.22773
0.349756
1.4447
1.33834
0.571298
0.120938
0.663819
0.372164
0.751999
0.562752
0.980441
0.154228
0.158029
0.110518
0.664654
0.716499
0.397778
0.345553
0.214148
0.401532
0.126851
0.373583
0.512382
0.991038
1.2032
0.154798
1.02469
0.335107
0.406806
0.268169
0.656497
0.143714
0.0621426
0.39819
0.293569
0.207145
1.516
0.578259
0.232451
0.150694
0.213479
0.406337
1.25131
2.80929
1.02469
0.173212
1.19427
0.713054
0.439962
0.227836
0.224492
0.204488
0.0978957
0.179476
0.374667
1.15215
0.143433
0.143217
0.143154
0.937533
1.1822
0.204707
0.678315
0.291529
0.407696
1.67897
1.0562
1.08748
0.145125
0.30526
0.863511
1.22729
0.369038
0.0271008
0.166365
0.761419
0.167916
1.01551
0.377015
1.10086
0.8305
0.0396155
0.213322
0.552492
0.90312
1.64864
0.151982
0.152706
0.203461
0.156456
0.186604
0.110062
0.656401
0.258232
1.42259
0.370583
0.395546
0.380246
0.227402
0.536559
0.209712
0.742049
0.259667
0.285957
0.096589
0.0670124
0.817574
0.803695
0.60534
0.187271
0.679029
1.2271
1.09046
0.201039
0.0854112
0.0738799
0.507392
0.418406
0.061972
0.170831
0.0706161
0.202125
0.156134
1.13499
0.074816
0.193303
0.326992
0.304398
0.310891
0.255203
0.275822
1.05653
0.137622
0.926041
0.462215
0.146527
0.272621
0.979568
0.179552
1.265
0.204966
0.835265
0.773196
0.0836124
0.125925
1.04297
0.143439
0.160298
0.292151
0.244322
0.162818
0.868269
0.217983
0.147736
0.234992
0.291339
0.106384
0.341937
0.984719
0.852033
0.877004
0.164244
0.229641
0.234852
0.992662
0.46641
0.358117
0.297062
0.332969
0.35044
2.5499
0.476001
0.084921
0.696128
0.134482
0.148257
0.394527
0.178753
0.924063
0.179702
0.97852
0.139942
1.57283
2.31306
0.0756689
0.838032
0.261671
0.311114
0.66033
0.177179
0.471403
0.887778
0.396464
0.167162
0.410535
0.7161
0.147572
0.246922
0.130794
0.311656
0.19352
0.404749
0.131141
0.694415
0.422991
0.38047
0.0579347
1.46012
0.0964282
0.0815154
0.139115
1.02006
0.773022
0.436242
0.241985
0.127713
0.202907
0.460177
0.839604
0.144061
1.3785
0.695298
0.0890851
0.706432
0.663523
0.220825
0.398726
0.08579
0.374945
0.10912
1.3575
0.801786
0.273907
1.45746
0.165288
0.383068
0.407735
0.322593
1.03608
0.166733
0.13606
0.189982
0.48119
1.27152
0.103455
0.165695
0.0546688
0.164561
7.05537
0.0724304
0.27079
0.0421235
0.795881
0.157553
0.831923
0.256159
0.264756
0.233392
0.126661
2.34821
0.291661
0.68854
0.224847
0.3443
0.890332
1.07979
0.929662
1.60325
0.27022
0.456383
0.277218
0.405617
0.715203
0.925121
0.187018
0.209211
0.455322
0.194675
0.655652
0.654295
0.199014
0.0919536
0.728333
0.927079
0.10818
0.21301
1.33541
0.243524
0.263226
0.228798
0.133363
0.110352
0.415078
0.154131
0.261504
0.371343
1.30839
0.149739
1.19596
0.153255
0.325512
1.03134
0.468795
0.580532
0.327997
0.234788
0.334053
0.252053
0.31334
0.355188
1.19289
0.483803
0.239471
0.090078
0.718419
0.060747
0.137911
0.183226
1.02264
1.76875
0.112519
0.661504
0.481477
0.943345
0.211899
0.190166
0.161905
0.166767
1.18233
0.180555
0.372874
0.0552618
0.286664
0.176708
0.379815
0.95676
0.650959
1.28942
0.0618828
0.155927
0.293585
0.0947085
0.0261235
1.46448
0.0252394
0.488471
0.175351
0.093003
0.880865
0.0762309
0.461478
0.43135
0.668321
0.599289
0.236465
0.454733
0.190581
3.42158
0.34448
0.279899
0.124983
0.229187
0.282911
0.760566
0.301822
0.175676
0.237828
0.597993
0.713887
0.960913
0.311681
0.335949
1.16035
0.280397
0.178481
0.511486
0.16602
1.19974
1.12675
0.129906
0.302513
1.43615
0.129543
0.253829
0.647903
0.0987381
0.57532
0.470155
0.274394
0.0479178
1.19525
0.83309
0.0814897
0.330957
0.817121
0.304551
0.540907
0.354207
0.323061
0.0989842
0.155061
0.53149
0.546688
0.0855818
0.362976
0.644135
1.38658
0.581783
0.129626
0.256076
0.5186
0.234955
0.801315
0.205355
0.393974
0.455407
0.12351
1.32157
0.440651
0.717665
0.210676
0.13739
0.206777
0.107541
0.110528
1.0067
0.129819
0.498346
0.2481
0.118805
1.12639
0.121154
0.158497
0.173051
0.186371
0.446318
0.411172
0.523025
0.205011
0.918798
1.32137
0.257611
4.43834
0.263211
0.213251
0.728631
0.555378
0.325338
0.0955273
0.27268
0.546337
0.139988
1.19039
0.221038
0.641934
0.539632
0.307933
0.877156
0.195066
0.566306
0.573064
0.176911
0.0448363
1.23864
0.263188
0.481054
0.451571
1.58004
0.281585
0.243888
0.22899
0.82769
1.65091
0.636548
1.19517
0.357669
0.832877
0.113402
1.36557
0.261913
0.792411
1.00501
0.0763997
1.38754
0.113606
0.192104
0.236391
0.317112
0.366373
0.544872
0.427871
1.26404
0.674828
0.265521
0.814599
0.233546
0.127997
0.126648
0.957955
0.205761
0.591091
0.593026
0.070628
0.0617026
0.3301
0.283224
0.920514
0.0989669
0.413719
1.04295
0.327936
0.478494
0.0571234
0.089043
0.42273
1.67335
0.280456
0.610946
0.12053
0.0607647
0.180238
0.55989
0.946008
0.136238
0.227427
0.194021
0.0801855
0.247243
0.492952
0.153898
0.29026
0.372386
0.4655
0.324074
0.260354
0.227754
0.341349
0.129722
1.0153
0.539934
0.489145
0.200694
0.240315
0.141886
0.130454
0.927316
0.0877126
0.692422
0.106007
0.285833
0.164769
0.0744593
0.228121
0.270631
0.272475
0.435407
0.211505
0.298036
1.5605
0.280353
0.311453
0.940227
0.188624
0.134413
0.552442
0.177935
0.094808
0.293955
0.0793149
0.321903
2.32288
0.350872
1.34142
0.162374
0.522304
1.02323
0.381943
0.611475
0.169047
0.483233
1.85318
0.205301
0.184632
0.357291
0.284718
0.3978
0.381508
0.115539
0.250385
0.175926
0.172951
0.854848
0.223258
0.27802
0.318648
0.213132
0.0880952
0.203461
0.17035
0.235024
0.0998948
0.964844
0.272494
0.597338
1.65107
0.18167
0.294933
0.211218
0.119147
1.13078
0.784255
0.237358
0.125006
0.400021
0.345993
0.165187
0.294295
0.424345
0.12909
0.154997
0.113276
0.351306
0.327562
0.243873
0.170405
0.109276
0.0685458
0.112173
0.612071
0.698818
0.368326
0.211893
0.0210307
0.715495
0.249371
0.0911688
0.145172
0.155036
0.134453
0.996998
0.345936
0.44459
0.720454
1.3323
0.8517
0.0542606
0.348974
0.265695
2.70933
0.0686765
0.194887
0.595186
0.315476
0.158536
0.388987
0.258453
0.118499
0.883951
1.2877
1.41043
0.271257
0.261897
0.0861803
0.151713
0.718604
0.162503
0.12384
0.0864242
0.162119
0.390516
0.799997
0.345385
0.599738
0.267049
0.319026
0.220583
1.10443
0.722551
0.675025
0.228196
0.143102
0.105313
1.12602
0.412945
0.29294
0.395549
0.991074
0.104547
0.63233
0.846925
0.269953
0.107231
0.169761
0.22549
1.01081
0.684189
1.03992
0.792289
0.313769
0.887592
0.23013
0.384862
1.55336
0.66322
0.373933
0.111226
1.38899
0.166057
0.266426
0.309045
0.583218
0.133811
0.249956
0.190484
0.137088
0.395099
0.32993
0.22876
0.200097
0.0885037
0.847079
0.640324
0.355714
0.604045
1.10888
0.401294
0.0913976
0.352581
5.44424
0.291404
1.09721
0.145928
0.288486
0.319016
0.345635
0.234693
0.188686
0.137445
0.750337
0.136598
0.398802
2.61355
0.660789
0.475018
0.751331
0.129811
0.112318
0.245368
1.70604
0.335514
0.0963126
0.240123
0.32515
0.195842
1.0662
1.05788
0.24497
0.912344
0.884265
0.320387
0.119419
0.228606
0.192638
0.28303
0.0785865
0.389402
0.142105
0.298736
0.515153
0.238977
0.228682
0.192005
0.404264
0.492838
1.91621
0.336596
2.36487
0.113022
0.138782
0.396087
0.416865
0.187502
0.230152
1.2273
1.04601
0.136101
1.01565
0.436651
0.200917
0.152573
0.37761
1.38524
0.101675
0.157538
0.760785
0.89721
1.23519
0.515382
0.548886
0.0809824
0.216753
0.247934
0.33716
0.285541
0.946954
1.15171
0.0720475
0.603956
0.235029
0.174977
0.0837058
0.134199
0.162957
0.0751277
0.572322
1.18074
0.124403
0.173601
0.199074
1.5533
0.337872
1.99082
0.0917474
0.476113
0.309161
0.9962
0.691725
0.247658
0.537054
0.103269
0.987546
0.210363
0.99765
0.406744
0.433246
0.166748
0.209895
0.23978
0.0673229
0.218718
1.22747
0.388608
1.86713
0.180831
0.204688
0.658914
1.58082
1.34918
0.149685
0.100468
0.158026
0.169546
0.235758
0.104556
1.26976
0.216564
0.190765
1.64816
0.394884
0.971808
0.659047
0.431756
0.466832
1.03149
0.339311
0.0505359
0.091336
0.591603
0.160082
0.177601
0.967424
0.903029
0.300231
0.983415
0.316863
0.316711
0.22897
0.246107
0.205748
0.298116
0.0792815
0.56505
1.52024
0.212753
0.270158
0.246119
0.456582
0.13347
0.886965
0.126325
0.520612
0.856208
0.349332
0.524781
0.290644
0.126773
0.385295
0.297382
0.342993
1.45749
0.289364
2.05774
0.186154
0.340164
0.120345
0.264817
0.657945
0.655557
0.351934
0.297701
0.1323
0.175736
0.14327
0.840538
0.158356
1.10749
1.04542
0.123996
0.32334
0.567615
0.34112
0.291796
0.186133
0.772095
0.0681634
0.216986
0.678393
0.0722801
0.222873
0.0215926
0.871201
0.0768015
0.309288
0.133855
0.293383
0.760575
0.114953
0.132007
0.183367
0.140315
1.15669
0.919253
0.331755
0.46488
0.226913
0.30108
0.184172
0.00851099
0.328334
0.415867
1.13186
0.123552
0.535943
1.86528
1.1657
0.101871
1.42623
0.510522
0.244376
0.120332
0.0846851
0.423132
0.181577
0.0877589
0.476164
0.238841
0.937193
1.08735
0.163418
0.391934
0.552655
0.694635
0.372294
0.194821
0.455413
0.125079
0.350676
0.131775
0.159605
0.143465
0.207361
0.124204
0.288478
0.261163
0.592429
1.13612
1.26183
0.463362
0.189037
1.29834
0.165047
0.151841
0.140305
1.35255
0.207296
0.315129
0.179606
1.48725
0.311405
0.987321
0.0717504
0.217162
0.148415
0.238346
23.277
0.136023
0.19277
0.215457
0.134272
0.466196
0.432495
0.069027
1.94088
0.0964845
0.294826
0.120357
0.772793
1.55906
0.616314
0.25241
0.261908
0.329892
0.253394
0.233031
0.353697
0.0914023
0.0270399
0.43182
1.28265
1.44018
0.88993
0.408883
0.170707
0.111024
0.211485
0.940637
0.372189
0.13298
0.280625
0.240438
0.115847
0.623212
0.747896
0.131965
0.171567
3.94967
0.536953
0.328285
0.172492
0.177156
1.23982
0.379953
0.692597
0.647127
0.691673
0.21427
0.399947
0.329664
0.739815
1.40063
1.81803
0.284159
0.807071
0.232458
0.13669
0.231159
0.108101
0.359317
0.346252
0.706528
0.0829671
0.145116
1.38971
0.214323
0.307402
0.315621
0.62475
1.38146
0.231782
0.144459
0.166512
0.151059
1.77425
0.242902
1.01255
0.845009
0.206259
0.283955
0.108864
0.175357
0.0642069
0.588022
0.420715
0.166689
1.78457
0.407436
0.335814
0.0971526
0.117448
0.084316
0.218099
0.0910071
1.34804
0.425786
0.255961
0.215341
0.167446
1.04771
1.05897
0.0846854
0.448006
0.2007
0.15619
0.223843
1.63592
0.564757
0.437603
0.455441
0.147708
0.096569
0.413802
0.169978
1.15337
1.55574
1.25952
1.32077
0.103411
1.53647
0.369175
0.218424
0.314349
0.0314566
0.205386
0.232249
0.82759
1.44995
0.166417
0.101315
0.176701
0.687284
0.134255
0.214243
0.117937
0.143101
0.468192
0.196868
0.131308
0.567609
0.630948
0.169227
0.366251
0.227802
0.117568
0.204916
0.120209
1.34371
0.363484
0.215579
1.06894
0.186018
0.669799
0.265762
0.103649
0.0777308
0.241563
0.36164
0.141661
0.329358
0.338012
0.114584
0.385943
0.347981
0.248093
1.55479
1.38902
0.262839
0.0892685
0.469538
1.01914
0.711552
0.176959
1.16372
0.342286
0.230882
1.87816
0.245021
0.32159
0.0858454
1.01617
0.202151
2.13966
1.30479
0.190935
0.263695
0.351737
0.352827
0.106511
0.121284
0.94095
0.147824
1.05165
0.12892
0.431045
0.379505
0.315257
1.09886
1.39576
0.160419
0.577007
0.34144
1.02755
0.73165
0.253334
0.496504
0.736508
0.399438
0.353215
0.273046
0.958751
1.05506
0.969023
0.22078
0.480452
0.408957
0.241662
0.317811
0.376057
0.177361
0.0837406
0.286671
0.349931
0.507513
0.263389
0.849358
0.335341
0.120568
0.214367
0.37056
0.579998
0.738382
0.194748
1.68682
0.413752
0.405275
1.59539
0.0823188
0.685765
0.447824
1.32456
0.4542
0.517385
0.250795
4.44089
1.18655
0.239536
0.535718
0.196068
0.100175
0.0872696
0.109855
0.430998
0.143729
0.237515
0.0473807
0.82171
0.19235
0.815673
0.411852
0.184609
0.120679
0.359832
0.64954
0.365441
0.188134
0.229365
1.10919
0.935329
0.229121
0.799114
0.173292
0.425611
0.252093
0.290304
0.225641
0.068455
0.0470136
0.502852
0.677901
0.973414
0.403563
0.222196
0.406305
0.276909
1.54912
0.486066
0.091803
0.333074
0.722608
0.637883
0.128102
0.196237
0.794544
0.241341
0.126628
0.0383474
0.193686
0.18664
0.305417
0.173118
1.20392
1.11895
0.134014
0.302034
0.0654085
0.115744
1.27003
0.826698
0.129935
0.303675
0.314976
0.0861415
0.0896192
0.630811
0.172498
0.11468
0.730969
0.937822
0.398015
0.50013
0.0752961
0.188414
0.355804
2.50819
0.0608982
0.119308
0.158183
0.313325
0.224408
0.0859829
0.776921
0.163814
0.0763392
0.808845
0.823453
0.694057
0.109688
0.820819
0.0882489
0.069937
0.527352
0.477231
0.0869225
0.669564
0.712032
0.315575
0.509343
0.139586
0.592395
0.705782
0.159624
0.470462
1.45443
0.345481
0.488836
0.169529
1.23232
0.598592
0.245095
0.5621
0.137282
0.122486
0.422946
1.47979
0.721351
0.17471
0.851901
0.29817
0.229817
0.0789217
0.654217
0.217949
0.306748
0.333295
0.165686
0.100376
0.155029
0.191175
0.209789
0.65969
0.199528
1.27003
0.125033
0.190269
0.269141
0.266002
0.0692913
0.256501
0.546593
0.957465
0.327981
1.98413
0.231413
0.200369
0.162329
1.17143
0.898757
0.204382
0.390932
0.160675
1.41903
0.453215
0.319418
0.13566
0.131217
0.947811
0.662456
0.8989
0.111313
0.832537
0.209336
0.285228
0.147615
1.63066
0.258712
0.652851
0.221967
1.56207
0.231124
0.111094
0.464139
0.0548504
0.245238
0.0891013
0.695799
0.25649
0.238078
1.27628
0.182474
0.33003
0.313754
0.818792
0.405904
0.155335
0.533635
0.289303
0.222841
0.1358
0.830523
0.151544
0.394962
0.168679
0.884112
1.55395
0.945242
0.317184
0.827102
0.405604
0.241844
0.611792
0.152768
0.0805752
0.319681
1.21426
0.739521
0.384018
0.32791
0.457079
0.143688
1.47798
0.246871
0.16319
0.155772
0.148251
0.183745
0.364724
7.28347
2.67207
2.35284
0.30129
0.415562
0.128563
0.267809
0.205243
2.64815
1.3901
0.243855
0.470716
0.314237
0.373294
0.111725
0.183131
0.691937
0.145467
1.3698
0.5607
1.36014
0.200185
0.767636
0.853443
1.03623
0.133219
0.820075
0.21114
0.889342
0.330859
0.382815
0.217801
0.621984
0.361674
0.108915
1.34889
0.300857
0.491516
0.150506
1.08506
1.51867
0.4357
0.529205
0.238606
0.130988
1.08765
0.122281
1.15735
0.334524
0.712615
0.10872
0.99344
0.684181
1.21902
0.254043
