0.141526	2.04673
0.242948	5.88856
0.428253	5.38333
1.11301	3.1922
0.232996	8.64623
0.548537	2.60473
1.1767	4.22868
0.673334	3.32859
0.766218	5.06614
0.482747	3.71748
0.355275	7.389
0.172845	4.41266
0.173587	8.13743
0.55034	7.37904
0.2511	3.28758
0.789312	3.31393
0.279173	3.82019
0.597075	6.66745
0.186856	5.92537
0.153305	8.09247
1.09067	3.47753
0.38545	8.67937
0.244796	3.76316
0.200829	6.46283
0.165599	4.80586
1.28879	4.43164
0.213093	5.65152
0.227124	6.25979
0.170734	6.2785
0.248486	3.9409
0.301319	1.67255
0.420323	3.33491
0.398523	0.983539
1.85128	2.73326
2.45185	2.80545
0.771642	3.85293
2.11306	3.11297
0.214632	9.75996
0.352878	5.80658
0.221639	7.54654
0.222083	6.30215
1.07803	4.1058
0.70092	1.39152
0.432173	4.104
0.382844	6.18543
0.173244	2.97223
0.272472	2.80082
0.259311	8.74086
0.840922	3.49192
0.641378	6.65906
0.126215	3.32131
0.26597	3.54115
0.298961	3.96891
0.768133	4.35883
0.0910394	5.57661
0.0702117	4.60904
0.278529	3.55507
0.5155	7.61863
0.186459	4.49293
0.816494	3.18158
0.233211	5.7845
0.236298	2.60513
0.134291	8.12541
0.907969	1.466
0.223484	6.29528
0.0693967	6.2641
0.591517	1.5973
0.156692	3.40717
0.898447	2.78254
0.492151	2.9237
0.5126	4.18252
1.15891	4.46481
0.676506	4.79747
0.182421	3.45527
0.205803	4.02997
0.903754	3.16559
0.161879	4.71329
0.233508	5.6429
0.0853702	3.6091
0.204718	0.84139
0.0550349	6.35123
0.120083	6.08234
0.0981064	10.7731
0.142307	4.66
0.570441	5.89712
0.0540778	9.50108
0.520924	7.4793
0.195293	4.82523
0.490445	3.66368
0.118277	7.08012
0.388717	1.93427
0.221316	3.57109
0.480222	4.33827
0.968217	5.76203
0.825244	6.63024
0.106247	5.39976
0.100155	6.15922
0.12718	4.49449
0.830473	4.12633
1.69396	2.02405
0.575629	5.26725
0.320322	2.24578
0.237327	5.31943
0.207408	1.16615
0.201406	6.54909
0.269109	7.6895
0.206787	5.34295
0.539283	2.33411
0.200429	7.17268
0.152615	4.181
0.398119	4.47108
0.449846	4.42314
0.227639	4.53858
0.1982	3.53295
0.134377	2.38454
4.41176	1.18541
0.182745	3.16353
0.0937249	4.93253
0.31871	2.77271
0.266708	6.56574
0.331419	4.25442
0.790853	4.86247
0.44234	5.44273
0.866996	4.98933
0.250974	4.06627
0.144812	4.61399
0.66968	3.30306
2.515	2.55291
0.598114	4.69587
0.68239	3.4452
1.05241	5.91965
0.0552279	8.94502
0.258508	2.92414
1.86542	4.12003
0.290771	5.98138
0.253041	3.15621
0.168152	1.58553
1.29264	2.95849
0.308419	3.4343
0.816722	5.4612
0.157521	2.01905
0.74975	4.92128
1.53543	5.06035
3.25375	0.88671
0.203321	10.8332
0.0751068	5.33653
0.308469	3.44156
0.52226	8.04394
0.140707	5.49306
0.684497	2.68827
0.764331	4.37958
1.42518	1.84303
1.5139	3.8026
0.0727449	7.23481
0.198764	7.45447
0.235857	2.87988
0.414546	5.53811
0.252642	3.60243
0.348209	5.32249
0.462209	6.36025
0.219789	3.22054
0.0632657	7.8819
1.684	4.59864
0.4129	1.57878
0.363266	3.32602
0.593308	5.44033
0.295021	6.23408
0.439169	6.70601
0.6824	6.77271
0.724437	6.27259
0.536384	6.95187
0.674709	6.12918
2.90327	3.94848
0.841874	5.24614
0.979739	5.73252
0.488209	8.06349
0.358637	7.68111
0.358567	5.52983
0.664173	2.40844
0.462973	7.75865
0.414217	8.42553
0.0761703	7.89949
0.227665	10.0117
0.476509	3.26892
0.949593	4.93293
0.17343	2.77354
0.394864	3.15139
0.326592	0.767468
0.47075	3.53687
0.137321	4.51902
0.0588085	3.48971
0.419766	5.42134
0.157669	3.66406
0.338645	5.58421
0.320893	4.5015
0.556241	6.20542
0.104986	4.948
0.542742	7.46232
0.171048	3.09112
0.49082	4.06341
0.192358	4.87633
0.138581	3.36792
0.797778	3.18482
0.449317	4.9101
0.0683908	7.94523
0.0958903	2.21008
0.292301	5.46468
0.42367	1.86273
0.450428	5.39909
0.458163	2.52543
0.0693424	5.34761
0.455873	7.04801
0.344415	2.57638
0.0885151	8.20891
0.646106	1.76379
0.120084	4.06286
2.64899	2.99189
0.2914	0.504011
0.386537	5.97997
0.625436	2.10411
0.0411068	6.0554
0.0526658	10.6576
0.0737048	2.93247
0.18532	4.74461
1.27874	4.38729
0.439224	7.51656
0.897461	3.59131
1.49005	2.72057
0.453552	2.38785
1.13019	4.80907
0.567348	4.00505
0.603789	5.56728
1.07301	1.86858
0.0492325	2.61058
0.249651	1.90101
0.161426	6.33241
0.363245	5.82541
1.5089	2.07976
0.313203	3.35272
0.184542	8.00387
2.99817	1.40711
0.372737	5.29576
0.409834	1.63248
0.109457	6.76382
0.185149	2.47494
0.152875	4.31174
1.60477	1.77884
0.568602	7.41878
0.51957	1.46838
0.131915	8.3084
0.721415	5.92899
0.191506	3.12933
0.235068	1.22045
0.282218	6.49345
0.16092	7.11285
0.803135	4.44887
1.12271	4.11288
0.330383	3.24623
0.131919	5.18666
0.125365	1.03784
0.0577148	7.70999
0.359924	1.84727
0.961386	5.55196
1.31152	4.39385
0.370565	7.23876
1.17442	3.7895
0.363727	7.16659
0.326458	8.1056
1.23879	5.39506
0.626335	6.56106
0.168487	9.03887
0.422806	5.90422
1.41135	3.52888
1.50105	4.89746
0.315211	5.67911
0.489917	2.63786
0.716486	4.01851
0.211686	4.87704
0.110124	6.98911
0.0829284	6.39742
0.220432	6.37073
0.220711	5.00258
0.235846	5.65297
0.305987	5.09357
0.3429	9.78578
0.172438	6.4535
0.681885	7.98513
0.224553	6.91064
0.155592	5.5602
0.819581	5.11057
0.372816	2.26736
0.197342	1.22074
0.307072	3.70712
0.695845	4.17889
0.307688	3.58606
0.156347	5.5924
0.437104	6.16707
0.0813181	5.96147
0.427263	0.714857
0.19635	2.58085
0.451109	3.95679
0.374622	3.62917
0.554991	1.50886
0.169881	7.9558
0.511983	4.94654
0.187158	5.3243
0.474166	6.35528
0.231936	2.58069
1.06914	5.99858
0.104824	4.14366
0.159764	3.13396
0.103296	4.2981
0.863887	5.06442
1.39067	1.03043
1.33514	1.5094
0.24636	1.89525
0.660711	6.95164
0.165165	1.72446
0.205317	3.19085
0.220571	8.00139
0.32704	5.68369
0.154167	6.00345
0.162589	3.07116
0.559514	3.60065
0.211621	5.48355
0.268391	5.11466
0.119444	4.32378
0.174777	4.06059
0.11667	5.76789
0.360404	4.08945
0.28429	7.00215
0.695885	5.13491
0.560977	6.80153
0.670645	6.00057
0.313334	6.40252
0.413519	8.39006
0.241415	3.88298
0.207564	7.04049
0.0876907	11.5942
0.295939	4.37535
0.792212	3.46842
0.663693	6.72558
0.388227	4.30764
0.955049	6.69531
0.749432	4.86721
0.193087	8.33694
0.316846	5.15346
0.756037	4.12343
0.478712	5.37416
0.0775544	3.51246
0.93801	0.710174
0.686988	3.2966
0.926577	7.21758
0.0394392	6.33292
0.124701	6.12329
1.29022	5.73817
1.20922	2.20065
0.483887	4.46135
0.532522	3.91696
0.520328	7.85818
0.435454	5.15669
0.207436	10.1696
0.249427	5.40836
0.287656	5.02556
0.745187	2.36772
0.700762	8.19879
0.400468	4.58214
0.187752	6.66136
0.552634	2.77757
0.247796	4.06309
2.30259	2.95362
0.342384	6.47826
0.610776	4.83129
0.107033	2.74905
0.337949	6.20028
1.7438	7.63531
0.393996	6.54851
0.617883	7.27175
3.40849	2.50505
0.618827	5.67135
0.297184	4.82255
0.910324	1.84398
0.458435	3.36151
0.27114	2.21289
0.160499	7.4886
1.93266	4.72361
1.3775	2.50718
0.155951	6.85212
0.117844	2.0268
0.295054	6.47733
0.235181	4.2075
0.371459	3.91837
0.380937	7.29881
0.151162	6.33464
0.457379	7.98948
0.147478	10.1248
0.226956	4.80597
0.985623	4.57795
0.233549	5.68475
0.508766	4.7834
1.16445	5.59672
0.811068	4.05049
0.546329	3.83647
0.746224	6.85386
0.374225	6.48593
1.08316	4.01931
0.783322	4.2668
0.229797	2.69976
0.380021	3.49905
0.721001	4.13605
0.267016	5.29438
0.288512	5.80807
0.491476	6.09575
0.242647	3.96073
0.676737	2.55486
2.44744	4.74328
0.435313	4.58564
0.15509	7.45116
0.433173	8.467
0.272238	7.24928
0.251389	7.39004
0.152291	2.12093
0.123852	7.27655
0.826798	6.86792
0.279579	8.39883
0.270224	9.21434
0.26361	3.91012
0.197196	5.4883
0.754355	2.43994
0.327038	6.53416
0.0834165	2.13568
0.0797625	3.36419
0.108705	6.12943
0.228861	4.90875
0.996213	4.59942
0.35585	0.267797
1.01917	4.56993
0.222648	6.40222
0.161874	6.22419
0.367834	4.37662
0.131526	2.45511
0.409816	5.17821
0.10999	7.54762
0.401902	6.20538
0.271335	6.74264
0.116028	7.45305
0.142627	7.18316
0.348444	2.50674
0.982717	3.10172
0.204403	6.15671
1.41688	4.22246
0.166175	1.91953
0.152018	4.56879
0.176857	1.68158
0.893355	3.12628
0.525884	8.9302
1.14666	2.38719
0.481486	3.16456
0.277713	5.60251
0.132504	4.57323
0.372746	7.56068
0.525089	4.32098
0.450873	7.59291
0.211275	2.5757
0.663159	2.018
0.204592	8.82539
0.210561	7.2841
0.178544	4.86831
0.0697285	7.6738
0.477828	2.40518
0.384916	1.92654
0.354719	7.25729
0.899311	1.45153
0.0558615	6.0034
0.222223	3.95355
0.111679	4.59033
0.076023	5.96021
0.0601052	6.27071
0.304828	5.67938
0.355702	6.97666
0.0913327	7.87739
0.861211	0.879261
0.410917	9.17666
1.19595	1.39696
0.94896	2.67755
1.39897	1.75921
0.909227	8.18555
0.195401	2.20116
0.547128	7.52128
0.884951	1.8964
3.75516	2.66038
0.605574	3.85447
0.203793	10.8043
0.156284	1.87697
0.455051	9.72775
0.178313	3.63371
0.181404	5.58916
0.735684	6.19408
0.091267	8.0682
0.712437	1.45893
0.148273	9.43678
0.440996	8.40042
0.369511	8.7041
0.125707	3.87151
0.227133	3.27503
2.61604	5.36108
0.254325	3.19789
0.0511527	7.4009
0.105644	8.91898
0.299581	6.16391
0.0832889	8.03089
0.810246	3.8442
1.17917	7.17025
0.915972	4.26986
0.404659	4.50133
0.0870543	3.34741
0.205633	4.52552
0.452799	8.33233
0.67407	6.42075
0.102047	2.88931
0.175803	2.09778
0.930799	5.44043
0.186076	12.3656
0.0933128	5.3151
0.153104	3.41308
0.453601	5.31094
0.140181	3.5844
0.182641	8.68462
0.385371	3.27752
0.584187	4.73191
0.630019	9.00291
0.209598	2.87845
0.360874	7.53604
0.252368	5.02062
0.502143	3.44001
0.279008	3.76811
0.162278	7.59884
0.143155	8.81574
0.30049	3.38526
0.0917792	2.98023
0.244741	4.13908
0.284692	2.41525
0.920513	5.95602
1.4933	2.94678
0.455264	5.46595
0.264571	3.83872
0.1269	7.13702
0.308068	2.55079
0.536122	4.51504
0.858598	5.33327
0.0429436	5.57319
1.08968	6.74693
0.358611	5.23792
0.682554	8.27298
0.484548	2.58593
0.569928	5.49193
0.260162	10.4359
0.567462	2.85569
0.187264	1.79904
0.758675	5.76678
0.438528	3.42918
0.135771	3.56029
1.14388	5.95617
0.472391	1.72372
0.300205	8.13403
0.255365	7.661
0.180198	1.83764
0.14313	7.13203
0.770222	7.51071
0.132638	2.39305
0.647044	5.75968
0.804137	5.25031
4.01636	1.86785
0.451863	4.35916
0.33109	6.55803
1.22205	5.56246
0.527232	9.26457
0.630392	9.11942
0.38644	3.49037
0.392162	2.19116
0.370944	3.62211
0.742758	4.51734
0.312806	4.92333
0.107648	5.92776
0.717693	3.58745
1.31526	2.28039
0.450498	5.72852
0.509794	6.06155
0.174431	7.00634
0.749508	5.87432
0.440551	6.50781
0.17681	2.24391
2.24946	4.38653
0.167881	5.96268
0.127192	8.74416
0.226126	3.49065
0.168867	5.08637
0.718364	2.6524
0.235424	2.51191
0.262179	2.6656
0.264607	6.53413
0.416499	4.79741
0.583826	6.66209
0.113938	4.1802
0.219131	2.71542
0.283387	4.08643
0.248783	5.01954
0.309951	3.11833
0.126402	2.69402
0.475299	4.29954
0.19574	4.28379
0.132042	7.49561
0.173515	4.79787
0.227645	4.41822
0.81198	2.77018
0.180835	6.82142
0.245373	3.83741
0.744897	4.9068
1.33668	2.68237
0.182928	5.83431
0.117914	5.66455
0.188977	4.79744
1.08265	4.18144
0.252957	5.80445
0.99112	7.37982
0.459559	7.50244
0.716553	3.85293
0.170277	8.27762
0.269942	4.39992
0.278311	6.14203
0.253729	5.95949
0.218962	6.33584
0.596872	6.76534
0.171695	7.10401
0.344734	5.56035
0.711624	8.72981
0.545525	4.01686
0.231065	4.15764
0.187621	6.41155
1.2505	3.19874
0.502144	3.76886
0.310923	4.83279
0.165056	4.22252
0.299894	4.87271
0.366837	5.32484
4.18966	2.56779
0.213268	2.6692
0.171937	6.40276
0.171017	3.75327
0.152426	2.18171
0.0792105	11.9581
0.166107	2.67923
0.187372	4.66253
1.34179	4.16225
0.746443	4.78607
0.455983	2.83789
1.45242	2.473
0.478607	6.16203
0.102614	5.07627
0.119314	6.00403
0.429201	6.60909
0.0897885	6.87549
0.833521	2.13212
0.387324	5.74131
0.12083	6.68598
0.571653	5.98242
0.325164	4.26061
0.627812	5.30932
0.381577	4.09153
0.566488	3.36012
0.26106	7.16879
0.928026	5.26215
0.763688	2.53772
0.211795	4.06114
0.407441	5.70644
0.26006	6.36449
0.377576	8.62284
0.455141	8.40397
0.128349	8.9298
0.598425	5.26612
0.740431	5.21215
0.256111	5.84531
0.415753	8.12043
0.982563	3.77321
0.11583	2.26646
0.0860359	4.26847
0.269226	4.24212
0.719346	4.67718
0.350325	2.33027
0.216225	8.4603
0.489002	2.13285
0.560282	6.81757
0.100574	3.63096
0.332762	5.12388
1.37531	3.30156
0.708539	2.10702
0.791022	4.91675
0.157518	3.93404
0.195903	7.20901
0.411564	4.71356
0.14477	6.09972
0.686053	3.36618
0.16223	8.7251
0.110072	2.53899
0.585431	5.24744
0.127733	4.42482
0.282535	7.15695
0.238251	10.5593
0.70295	3.64186
0.309906	2.50536
0.771872	2.77278
0.118	8.14515
0.141711	6.45017
0.2758	4.32272
0.108341	5.90365
0.629939	4.7319
0.660955	4.46486
0.180228	8.17838
0.123958	7.93159
0.281867	2.63506
0.448796	2.527
0.583234	5.49855
0.543859	6.94681
0.160119	4.95343
2.22717	2.7375
0.331256	3.51203
0.313753	5.12561
0.782903	4.79214
0.489049	6.22709
0.423108	4.04995
0.341545	4.50178
0.363225	5.44595
0.186952	3.24908
0.174851	3.72916
0.44892	4.16256
0.177834	5.55693
0.168447	6.90617
0.593535	3.06795
0.983981	4.11889
0.407577	3.67602
0.526418	3.77569
0.18501	7.51445
0.181788	7.06751
0.622912	6.15434
0.591988	5.78671
0.445668	4.14219
0.341153	9.60093
0.0761406	6.85913
0.0974756	5.33416
0.188954	5.15082
0.12107	5.1257
0.622427	6.97509
0.186723	9.40086
0.36554	7.71437
0.533238	2.81268
0.256323	9.07695
1.07551	3.96119
0.880243	6.28046
0.313286	4.95243
0.169337	3.34698
0.638649	8.84605
0.191922	5.66232
1.02647	6.28261
0.213888	5.62205
0.128143	3.63129
0.146684	6.37375
0.440345	4.46538
0.29307	4.67546
0.864621	1.82437
0.242796	5.01019
0.509331	2.5467
0.409156	5.71832
0.658585	2.98956
0.363293	5.72937
0.250535	1.30707
0.135277	9.99585
0.0894058	3.05074
0.354897	3.44355
0.705417	4.14782
0.361879	5.85592
0.110717	6.70983
0.266421	3.66594
0.608002	5.59468
0.769742	3.13282
0.379413	8.49944
1.28164	3.61693
0.127708	7.12825
0.27795	4.88059
0.350847	3.9809
0.193849	2.64754
0.287821	3.29842
0.939736	2.20404
0.334874	5.49252
0.503972	5.02391
0.0994641	4.94336
0.270734	5.88381
0.450288	3.92671
0.669115	8.03501
0.840513	4.28374
0.54826	7.33305
1.20468	5.58187
0.499944	2.27467
0.198303	7.2709
0.266059	4.4888
3.3165	3.71732
0.220025	10.6007
1.37471	3.99515
0.202855	6.23892
0.137787	5.65198
0.663247	5.73564
0.499711	1.97489
0.117571	5.41296
0.448633	2.47971
0.137188	6.5025
0.344708	7.88897
0.19207	7.17475
0.748801	3.5528
0.172812	5.10942
0.274763	3.41961
0.440315	0.963089
0.200071	7.74404
0.901111	4.56027
0.159423	6.53744
0.604	4.85648
0.388483	5.31011
0.0989072	6.3908
1.22323	3.26224
0.0933638	5.55854
0.151902	3.52329
0.180005	5.87606
0.462957	4.99589
0.128145	5.83277
0.110237	5.77311
0.210653	3.72393
0.304508	3.94109
0.146921	6.99159
0.138659	6.50432
0.862054	2.82579
0.310214	2.11642
0.203887	3.51924
0.399774	5.79928
0.72056	4.58229
0.986134	5.89708
0.462102	8.18631
1.38103	5.49587
0.142209	4.34461
1.33255	4.84053
0.290064	5.32242
0.541241	6.24837
0.672118	3.55918
1.34843	3.7185
0.290605	5.01256
0.11546	6.44864
0.156583	4.61876
0.21135	4.36021
0.501018	4.57547
0.629849	2.41672
1.00629	4.23489
1.28052	1.53374
0.578504	4.52526
0.108882	3.55654
0.521977	4.22929
0.377197	2.01924
0.751116	4.58426
0.101952	6.25996
0.205374	8.45651
0.158755	7.07281
0.134974	2.3562
0.345147	3.82301
0.144329	8.88227
1.77271	5.55678
0.438555	5.26283
0.147909	2.68017
0.344353	7.60165
0.0746649	6.88244
0.359496	3.87044
0.5376	3.89364
0.530897	5.84813
0.230358	4.34681
0.78967	2.94669
0.477702	4.26362
0.792861	2.76217
0.171905	5.70785
0.372691	2.79136
0.664592	5.72115
0.264277	8.43717
0.1712	3.50559
0.686482	8.81958
0.23732	4.52509
0.808807	5.54399
0.191512	6.32962
0.493718	4.7343
0.500619	4.30256
0.218744	3.89971
0.270739	8.41583
0.297788	8.37396
0.351103	2.87534
0.136707	5.05724
2.28317	3.64041
0.481775	5.54605
0.29872	3.52745
0.118478	4.53888
0.131978	2.82686
0.680314	6.25364
0.601832	8.55628
0.215537	4.76522
0.0495255	8.71934
0.149315	5.46356
0.460985	5.43598
1.01873	6.0691
0.747014	3.13346
0.418253	2.82812
0.26538	4.64869
0.121312	4.55109
0.210056	3.73491
0.411823	5.23591
0.150723	1.93372
0.509352	7.21411
0.101324	2.17416
0.124631	1.21654
0.165126	4.15397
0.318768	8.38306
5.37266	1.10244
0.074822	6.66998
0.440251	4.27313
1.75276	4.21615
0.193313	9.54664
0.416672	6.83089
0.541765	4.26636
0.263644	2.8022
0.588609	2.77379
0.215441	2.49276
0.423022	2.57133
0.308396	1.59568
0.1772	3.89344
0.375206	3.36803
0.170568	5.96505
0.687111	4.07869
0.23646	3.63739
0.53353	5.58272
0.177773	3.45245
0.235245	5.19899
1.25835	5.40928
0.15745	6.10579
0.188514	7.64799
0.294168	8.72613
0.14818	5.39923
0.481341	3.76819
1.36365	2.6556
0.888659	2.73895
0.110278	11.5371
1.45501	2.65558
0.462271	6.43512
0.203298	5.1939
0.205512	3.71825
0.662176	6.156
0.338125	7.30878
1.71095	3.77106
0.728801	3.87324
0.738049	4.55741
0.261076	5.07991
1.65041	3.14541
0.524299	5.19393
0.111729	2.16187
0.75605	1.80333
0.802188	7.61193
0.557478	3.03791
0.106322	5.75144
0.442069	5.57555
0.671096	3.29671
0.262014	2.00669
0.625566	2.73826
0.62881	3.77537
0.580849	5.5227
2.63901	1.85215
0.191082	0.72601
0.249651	10.2068
0.4724	4.38789
0.322373	6.16336
0.651173	5.96652
0.487293	1.71914
0.262992	4.34712
0.0660807	5.74669
0.533206	4.12941
0.593043	2.28641
0.279991	8.00997
0.66457	5.59452
0.0904708	3.84287
0.415315	4.95758
0.554808	2.81332
0.487978	8.44695
0.263343	4.26584
0.530242	5.15391
0.329155	7.02455
0.095105	7.9311
0.130563	6.13427
0.335178	1.21504
0.614077	5.6445
0.144133	4.68635
0.287313	5.07874
3.334	2.37434
0.266117	2.3064
0.141941	3.99044
1.18859	6.28304
1.05526	4.3671
1.04799	3.27134
0.365595	2.37421
1.45475	2.69058
0.210383	4.10212
0.139617	6.53122
0.272867	2.91366
0.261503	3.12072
0.518889	3.42471
0.42833	7.44336
0.602673	3.04044
0.589396	2.54698
0.102866	3.15615
0.0573053	8.83263
1.53343	2.09245
0.193398	6.09858
0.640054	1.76974
1.27666	3.99329
0.776932	2.19538
0.477452	0.690005
0.302625	2.86431
0.295285	4.73465
0.815012	6.21242
0.247008	7.76597
0.147236	5.77312
0.249929	2.16264
0.611253	2.16732
0.326914	4.12047
0.254409	6.61834
0.194125	4.80324
0.111447	10.1999
0.345188	4.44217
1.36303	3.93302
0.554302	3.39011
0.171309	4.37767
0.185346	3.96173
0.103667	4.18212
0.501567	7.89852
0.0910262	7.01489
0.687134	4.04575
0.543115	2.40695
0.234362	6.73204
0.483868	1.97456
0.612659	5.42183
0.682195	4.00562
1.23886	7.14608
0.329407	6.49522
0.0464696	6.886
0.0490214	3.25042
0.169561	5.93703
0.513264	7.40854
1.22327	6.41388
0.0877413	11.8422
0.265702	6.21054
0.534261	9.48304
0.782155	4.44037
0.0968977	7.76802
0.0590964	2.6873
0.656366	4.69276
1.27934	3.59524
1.27756	2.30313
1.41405	2.15246
0.145819	3.93557
0.141843	6.6756
0.447284	6.62273
0.188193	3.47321
0.24912	9.28378
0.176099	6.53496
0.80392	4.80079
0.861725	8.80663
1.47306	3.19495
1.44445	3.88353
3.48046	3.00448
1.29522	3.208
0.668006	4.58773
0.140479	4.08377
0.281721	7.0013
0.231567	4.91367
0.158186	3.8603
0.270506	5.8061
1.09473	3.74814
0.104467	3.51133
0.270087	2.48338
0.679351	4.17738
0.174982	2.32719
0.998623	5.64492
0.0864256	6.65096
0.184764	5.87533
1.03063	6.10527
0.218091	2.48643
1.14657	5.16627
0.199602	3.27309
0.284068	3.26523
0.191968	2.50389
0.537766	6.88284
0.370707	5.97853
0.255652	4.45697
0.20925	1.51904
0.50566	3.03189
0.139829	4.95523
0.586064	3.78929
0.35397	4.64708
0.169668	5.70243
0.387971	5.71577
0.347001	6.16496
0.0672154	6.48001
0.266111	3.31111
1.13746	4.87395
0.24789	4.74721
1.26142	5.14349
0.0864317	4.44632
0.124335	2.83646
0.215871	7.56543
0.113225	4.59467
0.105491	4.80139
0.542096	7.15765
0.184674	2.45905
0.333585	2.71158
0.266275	1.98339
0.259681	2.28605
0.276458	3.52575
0.208196	10.3566
0.186513	5.89832
0.714869	4.12718
1.34874	2.66487
0.575914	9.08871
0.131516	4.02541
0.727215	6.39467
0.280542	5.82315
0.207488	8.27369
0.290357	2.22109
0.135345	5.36143
0.0406158	5.60777
0.371418	2.74339
0.57112	4.96709
0.251286	3.41321
0.763683	0.620927
0.386184	6.47832
0.137418	4.33084
0.203272	8.84134
0.53024	6.35523
0.360915	6.6419
0.181709	8.84922
0.226393	9.6503
0.353613	4.87871
0.159657	3.99798
0.167354	2.40254
0.182504	5.71836
0.586958	3.42271
0.464806	3.50455
0.214093	3.44052
0.169704	4.87699
0.206978	3.53885
0.189346	4.62647
0.232135	2.66288
0.170898	1.30447
1.13337	5.22644
0.464238	2.47994
0.114161	1.16512
0.774746	8.79518
0.245722	2.11342
1.34271	2.69188
0.957058	5.50755
1.18433	5.73063
0.136778	3.29434
0.0561949	5.43909
0.242198	6.42061
1.42398	3.382
1.0894	2.93891
1.28436	4.3319
0.569859	5.18586
0.491741	4.05394
0.341805	5.10946
0.291176	3.88328
0.191883	10.0433
0.573813	3.48399
0.46552	6.60888
0.0796144	2.95158
0.154623	4.64849
0.259555	5.27767
0.377592	5.75566
1.11753	3.92648
0.131359	6.35096
0.268314	1.22962
1.37277	4.62143
0.311366	7.6999
0.160705	5.37132
0.063115	3.48617
0.291289	3.66234
0.227177	5.16186
0.443698	8.41312
0.735866	7.32235
0.266564	10.2155
0.161323	4.84752
0.154348	3.8735
0.450237	7.21621
0.222674	1.2137
0.202797	2.43234
0.308944	6.45075
0.423852	2.92438
0.440889	3.7691
0.122438	5.01776
0.476304	4.30783
0.236409	6.14662
0.163651	7.52222
0.287538	4.86625
1.30754	3.42985
0.161506	9.213
0.255406	5.52434
0.222946	5.6201
0.519997	6.68567
0.337167	5.675
0.420604	2.69342
0.641814	7.20575
0.461388	6.60925
0.386204	4.32844
0.643646	4.32358
1.54632	1.77848
0.294461	4.50922
0.25996	7.65685
0.272207	3.39325
0.578254	9.24658
0.262053	8.12224
0.168688	4.65967
1.55533	4.88291
0.146245	2.00459
0.0604801	4.71808
1.09531	5.91518
0.299373	5.34819
0.82079	1.3031
0.0926561	5.03424
1.36919	2.17555
0.241826	3.14985
0.128874	3.60539
0.0615805	8.66054
0.671349	3.03151
0.244995	3.06847
0.89586	2.17269
0.343823	10.3893
0.519388	5.40705
1.65134	3.8396
0.908304	4.77921
1.601	1.94024
0.871487	3.16399
0.133385	2.84971
0.419513	4.66137
0.113901	6.67417
0.240704	4.84032
0.602538	3.4623
0.744344	4.84425
0.275616	2.70136
0.249765	5.60135
0.119063	7.23779
0.892766	5.16688
0.203368	7.76792
0.132968	4.15547
0.145462	7.35675
0.0339746	5.85312
0.706195	6.52804
0.137048	6.35281
1.46475	2.44651
0.596573	3.52719
0.542745	4.64133
0.612791	1.2836
0.287986	7.19932
1.63999	1.88645
0.280444	2.4543
0.376275	2.38656
0.761619	5.94969
0.0576282	4.45212
0.221937	3.34914
0.599072	3.02628
0.876936	2.22448
0.73725	3.94857
0.360308	5.94793
0.80636	2.945
0.0882055	3.95947
0.491583	4.89096
0.27156	5.61434
1.87833	1.57329
0.740654	0.752541
0.346873	5.19365
0.202912	8.93206
0.405184	2.04695
1.0398	3.84469
1.20226	5.92424
0.649034	4.48624
0.195701	5.17706
0.329091	1.2397
0.662887	6.88386
0.270091	5.73147
0.413184	3.56936
0.124772	2.83099
0.299791	6.59996
0.367597	2.10446
1.27349	1.23811
0.216584	2.3105
0.236354	2.75083
0.598308	6.40811
0.333607	4.84191
0.663082	5.08285
0.450194	6.94053
0.270138	2.85412
0.246884	8.24592
0.0817636	6.47432
0.390824	7.69901
0.330051	9.94189
0.252686	8.75977
0.259831	2.17733
0.309483	7.78035
0.196007	9.95241
0.171164	2.42821
1.45186	1.56308
0.160105	5.96583
0.688113	7.97803
0.984409	4.23394
0.469884	5.11825
0.530178	8.09934
0.218008	2.54435
0.0997918	6.44731
0.335657	9.54478
0.261989	5.28796
0.561167	4.87711
0.13722	4.85196
0.0769843	4.41248
0.568259	0.318531
0.858389	3.71522
1.92205	3.72392
0.23013	7.23769
7.2166	1.93133
0.197792	3.11598
1.14409	2.64203
0.302606	3.70798
2.68416	3.50968
1.38741	2.16308
0.323385	7.96096
1.58143	4.67569
0.218986	3.38354
0.367055	3.60742
0.68594	4.70387
0.2161	1.49071
0.443965	7.25604
0.964303	1.50953
0.557137	6.58617
0.641402	6.93054
0.448236	4.23133
3.46245	1.2391
0.288704	3.11787
0.988648	1.1184
0.241963	3.78111
0.476156	5.98383
0.870674	3.77291
0.226325	4.75935
0.396356	5.1777
0.814515	6.74817
0.150878	2.69724
0.293174	5.92504
0.244799	10.7427
0.275981	8.59021
0.187841	2.50045
0.31924	7.57253
0.294288	5.84306
0.844585	4.49769
0.137287	8.63325
0.399453	4.78861
0.217551	5.10245
0.362291	3.96986
0.112343	0.790532
0.638598	4.69835
0.293588	3.855
1.16935	4.05873
0.367415	6.0481
0.134263	8.24138
0.648504	4.63334
0.116219	6.03033
0.200693	1.95991
0.983609	6.69875
0.417684	5.22687
0.270676	7.99556
1.16434	4.59883
0.201068	1.60197
0.128375	2.79545
0.757917	6.6373
0.680132	8.33868
0.312047	9.71127
0.346434	9.74561
0.579228	3.578
0.172453	6.20586
0.368609	6.8648
0.165888	0.885454
0.192698	4.39978
0.155217	7.47923
0.18518	7.02919
0.189481	4.84909
0.191596	4.42735
0.129605	3.18005
0.351907	8.9311
0.090839	1.15699
0.200567	2.68646
0.565281	3.72397
0.325367	7.81009
0.501862	2.44402
0.129848	5.51079
0.741843	5.05444
0.22834	4.31802
0.0760563	2.81742
0.298998	9.67203
0.166051	2.60207
0.174375	5.00805
0.276429	5.37885
0.715258	7.94169
0.716032	2.04771
0.072264	5.37643
0.156654	7.70321
0.716492	1.65016
0.425942	8.00831
0.345667	2.28227
0.0496997	4.30452
1.07221	1.51333
0.131313	7.6014
0.198062	6.82144
1.48272	1.47777
0.971418	3.87193
0.184452	4.98041
0.0914447	7.69718
0.155797	4.81799
0.502838	2.61358
0.0407971	8.68238
0.141757	5.95768
0.199594	6.90041
3.51838	1.37607
0.510251	4.82845
0.527243	8.02072
1.46025	2.83305
0.368907	2.24256
0.41363	3.08284
0.33712	6.0011
0.157942	6.99161
0.701616	6.41037
0.221788	3.0941
1.34936	2.70294
1.05139	6.96421
0.153575	5.79449
0.285693	2.29696
0.470412	5.52348
0.119948	1.74287
0.331485	3.79064
1.18595	2.78101
0.45875	3.94793
0.18706	6.05643
0.183228	3.35494
0.259226	2.36575
0.323469	7.89555
0.149842	2.75666
0.235054	4.76097
0.379713	7.20015
0.137256	6.25355
1.24074	2.37987
0.584441	7.43365
0.0965743	6.09911
0.889369	5.33381
0.271862	3.23912
0.191238	7.04915
0.485191	6.26321
0.658238	5.54209
0.602804	9.05978
0.626448	3.88815
0.389665	9.00593
0.253784	2.22934
0.0685109	8.34934
0.603514	3.37302
0.247807	6.05158
0.115589	7.14106
0.510728	7.09585
0.521537	4.97717
0.0233809	1.84881
0.635318	6.95849
0.249506	5.71823
0.525662	3.24203
0.723589	5.2921
0.4307	8.44177
0.221096	2.1222
0.550201	4.55775
0.639833	3.63105
0.315387	5.15461
0.180897	5.45058
0.154983	1.59971
0.205712	5.13435
0.886355	4.89991
0.136915	9.94695
0.254217	5.73524
1.0454	5.87098
1.60322	3.27693
0.417895	6.25178
0.244412	4.35098
0.338093	10.3815
0.196657	9.57781
0.865128	5.56794
0.172658	6.05666
1.13334	2.1596
0.424493	5.38316
0.885427	5.42954
0.187687	3.54167
0.297645	3.80764
0.659211	6.78126
0.0242443	12.4525
0.20907	4.54379
0.792823	6.93503
0.638903	5.58622
0.500802	1.543
1.2586	5.19348
0.234892	2.14314
0.734611	3.75405
0.430985	3.91711
0.276043	1.82792
0.771661	4.13317
0.407428	5.52917
0.250081	2.8775
0.480535	5.10567
0.151536	5.13805
0.126827	2.80997
0.985488	6.45465
0.158205	2.00969
0.183118	5.28592
0.406504	1.52687
0.683455	3.30076
0.155578	1.44081
0.887634	8.0926
0.772407	4.02946
0.319471	1.26055
0.130827	7.10544
0.255482	4.29112
0.163933	5.79914
0.239452	5.48441
0.149357	6.40423
0.656018	2.72181
0.835558	2.18819
1.33323	4.06764
0.108884	5.39097
0.911041	7.21416
4.54165	2.03557
0.0755675	3.06306
0.391209	5.65384
0.848688	1.45438
0.276122	4.01608
0.721981	5.49705
0.326627	3.86653
0.316097	7.42287
0.119975	8.2717
0.340535	6.11658
0.864681	2.89072
0.334816	3.49223
0.116171	3.65393
0.336686	5.41584
0.154365	2.70106
1.41493	1.45339
0.841365	6.05368
0.301495	1.29293
0.135686	3.03855
0.148658	5.75324
0.552213	4.59724
0.261982	7.71629
0.532742	7.16898
0.361792	9.12035
0.118057	5.23241
1.41562	3.2207
0.859184	4.58284
1.13076	5.69768
0.190719	4.35112
0.258955	4.16451
1.18037	4.15628
0.280124	6.91906
1.09619	3.41982
0.569292	6.91203
0.421777	4.22864
0.695346	5.28113
0.0742711	3.59567
0.248239	5.85377
0.344462	0.921906
0.978818	4.35733
0.262785	4.90923
1.23499	2.57362
0.107066	9.55417
0.833163	6.92731
0.279607	9.74869
0.132286	4.46642
0.343676	4.54672
0.449556	3.90677
0.269999	5.17424
0.180858	4.47596
0.30786	2.00923
0.321438	2.41828
0.108084	6.47578
0.124448	6.27049
0.449627	8.55849
0.439241	5.86195
1.25136	1.75831
0.646832	4.60136
0.243723	2.04297
0.470311	5.10332
0.944068	6.64004
0.467339	5.17398
0.207541	10.5153
0.255427	3.5437
0.454751	4.62447
0.397369	3.23569
0.850995	2.84032
0.525958	5.00863
0.477224	1.84357
0.763846	6.17141
1.47559	2.67595
0.148391	4.22174
1.10004	5.52133
3.65522	4.12917
0.102318	4.78831
0.316851	2.51675
0.112907	4.36921
0.121989	7.93124
0.423616	3.51752
0.270768	5.72294
0.834583	6.67479
0.939044	4.12138
0.458087	5.59408
0.0834488	3.25325
0.352659	3.68373
0.103881	3.37385
0.147635	5.89149
1.27253	2.69857
0.741397	2.317
0.279093	1.86449
0.649566	5.05356
0.423707	6.70608
0.0827567	1.77014
1.39895	5.10215
0.776077	4.78443
0.228638	5.87333
0.218513	4.21816
0.255289	2.37094
0.101254	2.24978
0.513504	4.32736
0.1482	6.25478
0.553604	4.068
0.578358	1.81026
1.40476	2.73358
1.36846	1.92138
0.12043	3.91138
0.0742933	4.30834
1.55871	7.24269
0.196674	7.93335
0.312458	8.13078
0.309236	6.08781
0.965971	2.53593
0.305619	7.91244
0.188538	2.43057
0.437339	7.69747
0.222344	6.82719
0.086233	3.87801
0.837733	2.59375
0.0673342	4.44777
0.505843	1.86686
0.151952	3.14709
1.88311	4.31238
0.664478	3.82767
0.0414301	6.58739
0.305558	3.05084
0.131947	8.22841
1.08372	3.49548
0.382107	4.84077
0.462203	7.80851
0.212894	0.913049
0.653472	3.50533
0.116358	6.63381
0.406924	5.29119
0.185973	1.80241
0.447436	6.76445
0.331289	4.55466
0.783563	3.75735
0.226849	4.52369
0.310189	2.05108
0.0936279	10.6726
1.09473	3.91178
0.771349	1.46031
0.52476	2.94591
0.144084	5.98028
0.401825	5.30346
2.89491	5.12573
0.221508	5.68169
0.211952	7.16007
0.299143	1.04028
0.524774	2.57775
0.191093	2.91851
1.43758	3.8817
0.320443	3.4082
0.133291	8.51638
2.56348	3.93145
0.317657	1.87577
0.510166	3.06016
1.20185	4.03444
0.311176	7.30543
0.124458	0.991023
0.135469	8.31082
1.04125	4.97266
0.116315	3.0358
0.342544	3.2192
0.483748	4.85451
0.134119	4.97807
0.153824	9.06198
0.345207	7.66663
0.395163	6.82319
0.225056	4.54146
0.278018	7.83106
0.171152	6.89222
0.315643	3.83128
0.787865	3.62342
1.69592	4.46881
0.497479	8.04111
0.299859	2.19166
0.534145	5.55535
0.660133	5.53701
0.203055	3.02999
0.0586234	3.9582
0.521349	2.55545
0.163921	4.6922
0.885208	5.00373
0.128922	4.22551
0.778618	3.77041
0.277268	4.04788
0.259893	3.16424
0.651818	3.72175
0.844992	1.21298
0.0971443	6.02342
0.162384	3.67128
0.498337	8.04262
0.252986	3.47996
0.335088	5.8744
0.114886	3.68314
0.596333	2.68023
0.128399	5.08288
0.378026	6.56616
0.183189	3.38403
0.234704	4.09116
0.268354	5.79063
0.895524	1.32976
0.157618	8.70831
0.306227	3.4813
0.13021	4.29223
2.18052	4.9952
2.65627	4.08993
1.2103	5.34896
0.428214	3.35343
0.41428	2.76654
0.181791	7.43725
0.147921	6.26104
0.219059	2.4833
2.00356	0.870835
0.408605	3.59562
0.319376	4.9043
0.472828	0.781286
2.37706	4.18499
0.18535	8.10798
0.404951	4.28324
1.05988	2.41783
0.61703	4.68022
0.238551	3.61952
0.15334	8.05944
1.77398	5.677
0.298274	7.81305
0.345248	9.38247
0.177174	8.39855
0.406692	2.46056
0.548954	5.36279
0.397437	2.48512
0.419332	1.67981
0.332552	4.04119
0.761299	3.27125
0.0961242	2.04105
0.049573	2.66621
1.02303	4.02658
0.7803	2.47451
0.391129	3.99332
1.43692	3.44436
1.05445	4.01919
0.20418	8.04798
0.13652	4.16767
0.26193	2.50581
0.248821	4.60074
0.420752	8.73849
0.244559	3.87897
0.310275	4.67499
0.167709	2.48361
0.494048	4.30959
0.470569	3.54739
0.176524	4.98539
0.567353	3.12023
0.160767	5.29455
0.397859	7.2502
0.514655	3.80064
0.511684	4.77241
0.610457	5.01449
0.124191	3.34015
0.0877805	2.82601
0.177452	5.98956
0.361737	10.8096
0.096384	4.63938
1.19447	2.92327
0.329112	1.02493
0.263875	7.71172
1.58273	1.92899
0.391477	4.18029
0.473855	3.42522
0.406306	8.46431
0.633605	7.41742
1.00094	6.09614
1.5071	1.81986
0.808211	2.29944
0.136116	5.60464
0.160839	7.86361
0.690156	3.11802
0.196269	4.24972
0.47813	6.15265
0.17439	2.00828
0.31259	5.27923
0.255949	7.26026
0.249509	10.3564
0.301574	6.7374
0.500044	4.36297
0.345973	4.47749
0.249301	5.68935
0.110132	4.00296
0.829061	3.71974
0.190488	6.94851
0.305159	3.34154
0.190317	6.00917
0.219759	6.4884
0.256618	2.68386
0.335001	7.22395
0.462643	2.95445
1.22355	1.13505
0.863864	2.26009
0.600311	2.65077
0.426135	8.66868
0.172792	4.41202
0.468515	2.50147
1.45861	1.55584
0.538796	3.07588
0.37878	5.04885
0.399289	3.36575
0.204198	5.25727
0.117467	7.14625
0.888085	2.89079
0.0757155	6.01304
0.203724	1.89632
0.301845	4.0656
0.47942	1.83314
0.800589	4.66278
0.861329	2.83686
0.0923534	8.79164
0.114504	5.48099
0.122908	2.02961
0.541355	6.01693
2.63481	4.0313
0.404562	8.50679
0.815999	5.30117
0.0858575	3.71904
2.63715	4.12749
0.248067	5.26532
0.439038	4.5355
0.174431	6.08669
0.196333	2.9104
0.0981504	5.32661
0.0316473	4.06372
0.517289	7.9204
0.207017	2.52456
0.926624	4.88958
0.801004	5.99685
0.565718	2.85634
0.183851	3.36075
0.0932508	8.16987
1.29035	2.14262
0.0905469	6.93034
0.182953	7.91696
0.339037	2.19384
1.0528	2.2225
0.281184	3.04927
0.383146	6.87302
0.442802	4.36346
1.21641	4.21042
0.494096	6.38626
0.0396661	4.56817
1.2839	2.75527
0.146588	3.1986
0.204503	2.26377
0.906894	3.2678
0.299511	4.17265
0.355963	4.26117
0.0241453	7.09491
0.114471	5.69651
0.171174	4.00362
0.668277	1.85547
0.549219	2.74228
0.245359	7.47105
0.78224	5.21908
0.327528	5.68563
0.167148	5.96098
0.376143	3.86188
0.52167	9.69108
0.230912	2.20687
3.05059	1.16631
0.299156	5.45058
0.310083	3.05007
0.529566	3.48154
0.552981	3.14039
0.357081	8.4963
1.39488	4.64801
0.13043	4.31102
0.995969	4.94993
0.414485	7.9408
0.509747	4.11147
0.185163	3.54757
0.0414237	6.59675
0.349765	6.02181
0.160956	4.31572
0.349211	5.39706
1.63919	3.22025
0.223207	3.70041
0.272667	4.45996
0.260655	4.17458
0.450644	6.07981
0.144658	8.91661
0.523578	3.15325
0.558733	3.55615
1.18481	3.62935
0.189212	3.03966
1.18071	1.89431
0.109943	2.97728
0.656848	5.38888
0.902506	4.52334
0.135339	7.50768
0.361732	4.66527
0.138817	5.21377
0.495319	2.82136
0.151568	5.76404
0.294536	7.35694
0.840833	2.6382
0.201381	3.77746
0.310081	6.94454
0.315062	2.80418
0.59043	1.31663
0.375668	6.41577
0.29714	0.482867
0.373706	2.72006
0.691873	4.58705
0.293835	4.13488
0.553392	2.90677
1.2735	2.36562
0.155155	0.644272
0.204758	5.13612
0.107094	4.23775
0.304674	4.73532
0.489286	6.13338
0.394487	3.85638
0.297286	1.44774
0.613117	5.57954
0.232251	5.14237
0.838986	3.0718
0.503102	8.18499
0.372826	6.2249
0.442942	3.92743
0.207342	9.134
0.491126	3.48291
0.447722	1.89665
0.821671	3.17693
0.920964	6.45537
0.622157	3.61139
0.983976	3.99582
0.208363	3.7327
0.64356	3.31499
0.529236	4.73685
0.168525	8.17595
0.184458	5.68041
0.671775	5.70644
0.0724649	6.96522
0.28071	5.9121
0.172193	3.73514
0.170795	6.94187
0.822757	3.60973
0.0612842	1.46176
0.24776	5.18978
0.401212	2.15354
0.221791	11.027
0.286325	2.17005
2.5101	4.39074
0.105462	7.13162
0.0519166	3.97304
0.39557	5.3628
0.258486	8.17955
1.49289	5.82833
0.634116	4.60753
0.554616	3.39054
0.33972	4.21595
0.183188	4.40223
0.136022	2.78661
0.0336081	3.54582
0.163	5.3696
0.152309	5.56908
0.296524	3.51675
0.554498	5.0332
0.25042	2.65956
0.331829	7.82694
0.643825	4.06736
0.14766	6.29825
0.50679	4.05465
0.997674	3.59465
0.0746631	6.0458
0.272923	2.78583
0.873077	5.1948
0.0766699	9.77748
0.335587	5.46969
1.5078	4.46716
0.109582	11.548
1.35285	2.9867
0.938539	3.44094
0.0755909	3.12352
0.272779	4.89675
0.43174	6.22928
1.16301	2.77131
0.28716	9.83717
0.738805	2.89567
0.23033	5.57355
0.363389	4.03717
0.142866	8.13213
0.886156	4.82495
0.270844	6.80475
0.269887	4.75929
1.27252	1.87573
0.272373	5.33399
0.549934	5.2701
0.149549	7.37649
0.176874	3.65452
0.334925	4.40343
0.51407	6.30983
0.397923	5.24615
0.128778	2.97746
0.19411	3.78438
0.639379	8.91851
0.368671	7.41509
0.183933	4.82761
0.891465	5.5242
1.07612	4.8977
0.783313	3.58298
0.38166	4.56577
0.192504	3.46825
0.241192	8.21975
0.109123	4.70802
0.351322	8.72168
0.181091	3.91557
0.597446	3.23549
0.174603	1.71132
0.552672	5.3311
0.144924	3.54947
0.275026	4.89106
0.133543	2.18576
0.37445	4.23246
0.230848	3.0121
0.50064	5.08454
1.37998	3.66617
0.533254	2.93463
0.97109	5.04021
0.236722	3.17427
0.282098	6.53461
0.241026	7.74158
0.361413	4.21972
0.499299	8.5615
0.254859	2.90296
0.0783053	1.34386
0.187112	4.7095
0.296123	4.52619
1.18448	3.62761
0.202304	4.82961
0.255983	3.53287
0.156724	0.33885
0.285461	4.69116
0.248351	5.56718
0.642507	4.53011
0.743013	4.64607
0.145637	12.9104
0.838722	3.51485
0.132059	6.18407
0.409335	1.82802
0.166282	2.07613
0.464901	5.31882
0.275746	8.0405
0.532054	1.13128
0.228739	8.47146
0.0839388	5.32055
0.0967421	4.70654
0.424204	7.23045
0.397136	2.97913
3.90738	1.82347
0.371058	2.00924
0.334972	9.32418
1.35635	3.06012
0.197996	6.61997
0.468121	6.46656
0.51805	4.08683
0.514609	3.1253
0.121941	2.935
0.316209	7.73008
0.201418	5.91575
0.124997	3.33398
0.146502	9.97126
0.190132	3.88891
0.334376	6.16079
0.0716239	4.6934
0.347323	2.84116
0.745076	3.67135
0.177752	6.13385
0.209196	2.84943
0.228585	6.76426
0.186811	3.20282
0.859616	4.36425
0.336734	6.28258
0.291846	5.30812
0.256928	7.81699
0.251032	3.98628
0.59957	6.96191
1.2767	3.70025
0.818081	3.87148
0.801631	3.57631
0.37976	6.33969
0.251164	3.02613
0.176599	5.33125
0.57865	1.5757
0.132894	4.85379
1.27909	2.53099
0.145494	4.40797
0.332938	3.59187
0.396864	3.82824
0.575426	5.17455
0.276968	6.10665
0.250731	7.68176
1.24361	2.42051
0.504627	4.21107
0.870369	5.48094
0.277155	7.92465
0.163217	8.9611
0.600126	2.14204
0.53148	7.64057
0.329316	4.21903
0.674474	1.51856
0.266642	1.01654
0.0962874	3.84777
0.127924	4.14125
0.0961786	7.29271
0.211323	2.56186
0.595992	6.96145
0.477248	2.86987
0.504239	5.2289
1.07044	5.6617
0.582287	4.29044
0.256996	6.98148
0.414735	2.38972
0.179068	3.39497
0.300643	8.28702
0.272146	4.49522
0.336109	5.60389
0.129178	3.42029
0.110423	8.21843
1.04383	5.96624
0.548134	5.8046
0.896109	3.46548
0.378048	3.43766
0.133395	6.75844
0.318526	6.31924
0.328631	5.632
0.864869	1.43821
0.509337	3.432
0.736566	5.47742
0.424634	8.98127
1.11282	5.83321
2.03044	1.74736
0.089074	5.66038
0.294823	4.9087
0.24382	6.03007
1.06828	1.28056
0.599886	4.27214
0.715516	6.66925
0.447373	4.12021
0.245706	5.12457
0.644284	7.10137
0.33122	4.67599
0.994057	6.25075
0.333765	6.56484
0.8001	6.16364
0.340399	2.56115
0.544663	5.47141
0.140145	4.01615
0.509015	4.92795
0.552802	6.58615
0.137925	4.67979
0.10853	6.74698
0.426587	5.54405
0.17429	3.0065
0.37106	6.88795
0.35383	3.44206
0.371496	4.43286
0.281489	4.73622
0.967019	4.61324
0.418	4.54936
0.263251	1.50219
0.33932	2.64397
0.0665585	10.9788
0.223506	0.904129
0.326563	4.14841
0.192012	8.57661
0.11558	5.01536
0.162905	3.44395
1.14295	6.12959
0.40519	2.67746
0.0651448	4.82462
0.116227	7.15932
0.406644	5.88041
0.948232	1.32234
0.221986	6.39868
0.672534	6.14124
0.217235	4.41226
0.319132	1.98415
0.13557	6.00811
0.156419	8.99293
0.190816	5.14896
0.172605	2.37031
0.154864	6.39385
0.213497	4.90647
0.14026	1.43627
0.0513279	4.5581
0.841361	2.00592
0.0261851	5.45593
0.0690454	4.32055
0.232964	8.58972
0.269204	5.01405
0.707247	3.98317
0.349256	6.70256
0.189861	5.40233
0.100781	3.23375
0.15555	5.10727
0.897423	3.44135
0.38139	7.24343
0.175097	4.95221
0.426498	4.30251
0.104373	4.51557
1.01604	4.95033
0.275625	8.51842
0.75498	4.37232
0.483691	2.64963
0.0828273	5.15076
0.30702	3.45348
0.0686031	6.75044
0.640669	5.6019
0.195267	3.46426
1.76849	0.904368
0.512143	4.97653
0.893388	1.25139
0.357789	3.62654
0.196824	6.03959
0.835166	2.52915
0.49644	6.77941
0.392019	2.67935
1.45733	3.82953
0.6277	4.0026
0.213571	5.73462
0.4508	3.03986
0.421775	10.3602
0.680754	4.63235
1.45517	1.54626
0.15726	4.15297
0.723746	4.83963
0.454576	1.61935
0.537076	2.44746
0.644667	5.89601
0.349078	1.10515
0.179508	3.89477
0.135242	7.30501
0.219584	4.22377
0.760918	3.19697
0.597596	3.30085
1.11849	4.06792
1.20006	2.83487
0.562552	2.7638
0.289262	6.48007
0.900495	1.02912
0.595138	8.19016
0.409486	6.7427
0.7992	4.23537
0.30587	6.95673
0.268876	2.07406
0.116541	0.966311
0.830708	6.57871
0.412119	4.66466
0.569152	6.81877
0.258044	3.91211
0.050578	4.40377
0.482119	4.73937
1.73201	6.99792
0.886716	3.38774
0.627522	5.8805
0.225759	5.09396
0.132164	7.43001
0.201186	3.70753
0.381022	3.50279
0.123071	5.01197
0.208409	3.8837
0.797226	4.62367
0.0879505	1.50539
0.152986	6.83443
0.465975	3.47654
0.104096	4.92763
0.865226	5.75851
0.68284	7.50338
0.472782	3.57465
0.822019	4.42677
3.07214	2.31104
0.248304	5.09624
0.24213	4.92387
0.16576	6.17117
0.30559	7.42037
0.381803	3.67884
0.219366	2.10088
0.187127	4.56151
0.232755	6.30182
0.0846878	3.59632
0.126903	7.04154
0.232504	5.68341
0.212038	4.22617
0.443063	0.2831
0.783456	5.0555
0.192508	8.83433
0.111986	6.75883
0.187142	5.33193
0.690933	7.64415
0.487432	6.52177
0.876342	3.97739
0.813083	3.24694
0.856116	6.3724
0.489916	2.25754
0.698728	5.96272
0.164363	5.38989
0.369708	7.40111
0.342756	9.28848
0.123671	5.69665
0.80428	4.94718
0.424753	2.96091
0.209436	2.36211
0.117708	5.63209
0.20982	2.35334
0.307842	3.15238
0.418292	5.13803
0.107159	2.56152
0.210541	2.35111
0.213452	2.88048
0.309506	3.46174
0.280179	8.81808
0.801815	2.92348
0.18801	3.88312
0.287024	7.97914
0.203781	1.66263
0.38442	4.30308
0.154781	3.60038
1.06558	3.96756
0.0483243	6.40938
0.820026	2.68242
0.130691	2.36475
0.290496	5.76918
1.04005	6.82932
1.09489	3.82743
1.19008	5.45939
0.353547	6.72634
0.666001	2.34888
0.352826	3.67365
0.0588131	6.77958
0.375873	2.64959
1.32514	4.12114
0.433909	5.87864
0.0744105	5.26971
0.123049	3.63831
0.162551	1.87932
1.37556	2.85443
0.225646	3.58648
0.598034	4.06626
0.169706	6.2334
1.8099	3.39741
1.04768	2.93334
0.128884	4.51595
0.628875	4.82017
0.166837	4.27328
0.112858	4.76141
0.265129	4.10812
12.017	0.768241
0.488218	6.38081
0.0343582	5.53282
0.380112	5.06639
0.359754	4.62261
0.810231	2.62842
0.921599	3.97957
0.236508	3.69503
0.116445	7.07722
0.204422	3.76291
0.569913	6.92986
0.371228	4.85498
0.831961	6.15354
0.296023	7.85673
0.127167	2.11974
0.256051	3.32949
0.607845	8.16085
0.132759	6.56983
0.0434062	3.79088
1.27447	2.80777
0.0639268	2.62483
0.170597	4.73075
0.54269	3.14384
0.167257	5.529
0.547656	4.23198
0.494453	2.51055
0.553788	7.20791
1.07756	6.93958
0.335928	7.45025
0.0677273	1.07005
0.323003	3.21227
0.156609	6.49321
0.402068	3.44672
0.20343	5.73864
0.381507	5.2442
0.351087	2.76884
0.74554	5.25512
0.10745	2.34207
0.128177	7.99054
0.10184	3.02878
0.265813	1.89927
0.369495	5.18289
0.524717	4.58919
0.483938	5.2263
0.318404	2.84465
0.283297	7.62145
0.321416	2.53781
0.267527	3.3531
0.610248	2.79618
0.69455	4.37901
0.985819	3.24658
0.145493	4.5844
0.375631	5.93486
0.505931	4.15827
1.0356	3.4082
0.855556	2.14064
0.395594	8.64263
0.989126	5.26165
0.782721	3.36233
0.461036	4.87404
0.644647	8.76855
0.10628	5.92759
0.159069	3.45367
0.511189	3.71638
0.715844	5.51614
0.790572	3.32933
0.152732	4.66839
0.68346	6.40031
1.92212	1.17295
0.204623	2.52274
1.34316	5.93282
0.378899	4.37803
1.1843	3.2378
1.639	1.334
1.1209	3.53113
0.121198	4.43405
0.881342	3.38954
0.147014	7.84985
0.769835	3.66352
0.588349	4.85435
0.390451	8.96108
0.212505	3.82452
0.224999	2.64619
0.671498	2.58468
0.736605	5.35854
0.583043	4.99618
1.13971	5.73685
0.54081	4.32677
0.235843	5.03826
0.383724	4.36965
0.19299	6.42797
0.4603	5.22036
0.413262	7.2007
1.06514	4.40302
0.399774	8.76927
0.208811	4.72455
0.430187	8.58101
0.290227	5.87585
0.447724	2.2402
0.276875	4.49238
0.464609	7.26751
0.166837	4.56977
0.137921	3.76126
0.256532	4.83702
0.536212	4.60612
0.397357	1.14944
1.42406	1.19009
0.59478	5.09769
0.127543	6.41797
0.0904801	1.23211
0.27511	6.81913
0.524973	2.66405
1.66595	3.53506
0.589163	9.8661
0.690695	6.70491
0.441399	3.97355
0.751046	6.40108
0.929334	1.42137
0.398035	6.95422
0.424513	7.10759
0.206607	4.88646
0.161053	5.11349
0.270332	5.43317
0.0602647	2.0481
0.423504	3.78135
0.302528	10.1123
0.0449434	7.9034
0.218439	6.95399
0.134291	3.30466
0.686109	5.47357
1.25438	2.22213
0.302691	6.55812
0.965418	1.38745
0.250168	5.06508
0.165918	10.7042
0.32678	11.107
1.08982	5.18049
0.918741	6.38576
0.307254	1.78021
0.28831	6.26032
0.921957	3.04244
1.01917	3.72937
0.386556	0.827327
0.183872	2.34394
0.122072	4.78428
0.964563	1.06254
0.313076	3.04733
0.157535	11.107
0.0809725	8.79758
0.592348	6.90027
0.732588	2.3364
0.214376	2.97386
0.0991888	5.17191
0.434439	7.72286
0.467405	8.09002
2.88222	1.19208
0.0449088	1.82124
0.0978164	3.01878
0.217434	3.95279
0.133534	1.83276
0.283796	4.81881
0.148624	2.79482
0.93312	2.62678
0.24837	5.19868
1.63973	4.66475
0.670723	3.10564
0.430269	4.10627
0.338182	4.22856
0.0645733	6.49198
0.550787	6.06378
0.182897	5.16875
0.860187	4.0315
0.225525	7.82984
0.366877	5.26103
0.173311	3.68144
0.129318	2.8804
0.949084	5.65287
1.12796	2.98404
0.78403	4.24584
0.305983	3.42296
0.506999	7.4047
1.23623	3.13284
1.83819	3.99524
0.228656	4.04904
0.176768	2.80072
0.224939	3.71286
0.409047	7.44082
0.546664	6.44682
0.0940729	2.14193
0.326529	4.30596
0.192783	0.718977
0.139213	4.98604
0.216362	1.17773
0.17209	11.0595
0.119148	6.32421
0.352849	2.38195
0.496539	0.943715
0.558993	3.31246
0.303022	5.59683
0.123966	3.51021
0.154391	7.39625
1.04363	5.54572
0.235654	1.7759
1.27678	2.6066
0.483658	1.99835
0.102257	3.6634
0.456323	4.86575
0.298248	9.97419
0.110369	6.66692
1.39276	2.08492
0.170299	8.45904
0.555867	7.0992
0.697172	4.13948
0.216284	3.45463
0.183349	4.06398
1.01701	4.2415
0.302999	6.51394
0.131008	5.13395
0.258419	4.81198
0.0935395	7.76553
0.127781	6.4826
1.23607	3.95784
0.167742	2.26193
0.214993	1.53392
0.295559	3.93223
0.273136	7.26786
0.197467	2.0781
0.279901	4.93668
1.19479	3.30784
0.86593	1.7343
0.362624	8.94998
0.1148	5.22939
0.538583	2.18299
0.160488	4.87006
0.395498	8.28827
0.334513	8.11137
0.202774	7.72287
0.32561	2.76216
0.509882	4.05238
0.0181684	8.11326
2.21852	5.01558
0.380066	6.12015
0.17784	1.17743
0.682418	3.56314
0.204688	4.13702
0.321402	1.9438
0.233164	8.96955
0.138663	9.19333
0.526434	6.95295
0.191277	5.29491
0.508138	8.45237
0.295062	3.78662
1.66584	2.05384
1.19703	7.28668
0.0731162	6.7896
0.832239	3.42944
0.264513	4.75695
0.364709	2.95633
0.208001	8.85687
0.217546	5.13416
0.449577	7.6632
1.00235	2.41437
0.520445	6.42123
0.169661	5.68902
0.172242	7.39593
0.367336	6.60561
0.148389	6.26132
0.404191	3.31645
0.167875	4.55284
0.29114	5.78648
0.221958	4.55918
0.89048	4.04355
0.190589	7.94799
0.975687	4.30526
0.23831	5.29342
0.413259	3.99029
0.111524	1.9084
1.45235	2.69658
0.161926	3.41559
0.169133	3.53071
0.1315	4.38904
0.722127	5.49617
0.464463	6.21572
0.466513	5.22733
0.263025	3.2788
0.234238	0.961911
0.170952	4.4475
0.271715	8.61256
0.655189	5.94559
0.1343	4.65437
2.89563	3.01597
0.438049	6.94865
0.238052	8.14137
0.51416	5.32122
0.229486	7.29334
0.296863	4.90835
0.36899	2.42648
0.0821091	4.79973
0.168829	9.49743
0.109095	4.1258
1.45121	3.70167
0.680249	4.1116
0.233404	4.61883
0.999023	5.82967
0.154462	3.47745
0.533616	4.80024
0.469676	5.62851
0.411776	3.1674
0.469911	8.37156
0.293354	2.99928
0.224125	6.61643
0.177	0.870209
0.268522	8.60259
1.26778	3.17413
0.216018	3.82128
0.202577	5.55581
0.126777	0.85823
0.139443	3.17534
8.31935	2.37096
0.107622	8.06177
0.194341	6.32721
0.0323958	2.87697
0.42617	8.23342
0.0603848	5.52094
0.352122	10.631
0.248568	3.29174
0.32099	1.31566
0.687402	3.72221
0.15968	2.56986
2.71523	2.96612
0.401437	3.08741
0.549875	6.76785
0.256964	3.33777
0.5026	5.27986
0.752115	5.1936
0.737492	7.56721
0.958311	5.41372
1.51872	3.62142
0.301597	6.63213
0.445708	6.18931
0.432062	2.12018
0.534186	6.47782
0.555187	5.53143
0.370056	8.97365
0.132691	1.92539
0.145554	1.72302
0.328022	6.2795
0.324602	5.94193
0.778063	5.78445
0.672621	3.54458
0.184557	5.33904
0.192043	1.17775
0.715505	3.14364
0.729434	8.23878
0.207412	4.77615
0.306311	2.70032
1.39918	3.46074
0.85135	3.7018
0.436702	5.09629
0.258336	5.55679
0.188809	4.46578
0.145726	2.76516
0.423731	5.9277
0.10832	6.46552
0.252733	3.57189
0.500667	5.08539
1.31073	2.69291
0.169115	4.47591
0.300836	9.95312
0.211528	4.90026
0.495956	3.7862
1.45925	2.48321
0.484198	5.58319
0.511344	5.49359
0.228996	5.28614
0.114647	6.04485
0.527514	4.82057
0.266777	4.32057
0.254278	7.82462
0.515623	4.62375
0.306427	9.88136
0.870512	4.94579
0.141096	4.72124
0.102768	4.40327
0.625695	4.17232
0.0727232	3.23337
0.131459	6.83894
0.208093	3.40956
0.3718	8.73549
0.926781	6.94643
0.155907	5.99969
0.754401	4.1238
0.550307	4.49232
0.448871	8.64508
0.138379	4.96716
0.126594	4.97467
0.34504	2.61854
0.119409	2.01467
1.05847	3.9236
0.239931	2.59558
0.353275	5.06302
0.108031	3.06389
0.148661	8.22423
0.0838385	8.38973
0.303482	4.99157
0.390807	8.5482
0.609645	4.18563
1.09371	3.64642
0.0669335	2.56023
0.224712	4.27032
0.316886	2.28949
0.181378	5.15902
0.116428	4.88787
1.31291	4.1076
0.139426	3.60406
0.537764	5.92152
0.104479	5.64435
0.185173	0.476824
0.913371	0.918951
0.0496276	4.47035
0.312212	6.21104
0.343947	6.17857
0.798366	4.26535
0.397078	6.48566
0.298266	3.82177
0.483304	5.32461
0.304985	3.54367
2.84457	3.91571
0.472531	6.35964
0.156307	5.08609
0.204208	2.10745
0.17048	5.49092
0.347964	4.19802
0.619626	5.03842
0.339223	3.54152
0.435271	4.83021
0.385894	3.22163
1.04351	2.02339
0.531343	9.35052
0.487816	7.57895
0.282687	3.32669
0.481022	5.73871
1.04798	6.71287
0.246564	4.65726
0.175428	5.56576
1.25782	2.66434
0.164113	4.64589
0.941416	5.51461
0.623005	7.40477
0.0734206	2.20963
0.278589	4.53854
1.4686	1.69679
0.390292	2.94793
0.172714	6.66915
0.729694	3.98841
0.220038	5.65016
0.448007	6.33495
0.565976	1.97432
0.202662	5.97168
0.229313	3.61051
0.918568	4.98498
0.824474	2.67669
0.122562	3.87377
0.445599	5.77278
0.808401	5.17578
0.476068	4.93847
0.585356	2.3315
0.284679	6.80461
0.0723632	8.6072
0.1003	5.12238
0.073871	3.23503
0.514695	3.51241
0.837708	4.5703
0.116997	6.51417
0.316885	5.56916
0.87732	3.40162
1.38927	1.88502
0.300005	8.13523
0.119468	4.72349
0.247004	5.8428
0.543325	5.92853
0.61371	3.46891
0.450789	8.00909
0.120503	4.79123
0.179591	4.22591
0.457587	3.41635
0.194713	2.41283
1.42055	3.29029
0.32243	5.72125
0.214054	10.295
0.267846	5.55873
0.339298	1.4872
0.12893	5.95397
0.0644017	2.18138
0.155156	2.01469
0.501615	7.54108
0.120866	6.24071
0.422262	4.46951
0.202525	1.737
0.0997359	4.73821
0.143172	11.4487
0.214716	4.83879
0.243753	1.79288
0.272688	3.00575
0.152759	6.55926
0.465198	6.90456
1.19105	1.91105
0.83101	7.28593
0.279185	2.95217
0.969135	3.34337
1.31583	2.40526
0.286394	5.78162
2.98047	3.75698
0.383941	3.6516
0.335267	4.43826
0.441694	5.86072
0.592462	7.93638
0.653738	2.99822
0.195007	4.21252
0.149874	6.19689
0.352132	6.84271
0.111575	4.58872
0.285221	9.59051
0.0865493	6.8027
0.346357	7.48256
0.489579	3.36175
0.254527	4.53052
1.31551	1.00675
0.198896	1.53635
0.521102	5.9788
0.381247	5.29305
0.206811	6.35205
0.0880949	2.82928
1.31202	2.68003
0.644031	4.63129
0.14671	7.97857
0.1384	8.46519
1.5741	1.60228
0.597748	8.0231
0.374729	3.63412
0.186734	6.64177
1.11768	4.56296
1.65146	2.86579
0.580254	6.38815
1.24055	2.72743
0.549337	4.41689
0.616391	6.79444
0.072817	6.01174
1.61313	2.69861
0.340221	2.75564
0.860214	2.50983
0.816606	5.35306
0.24348	2.85369
1.41129	3.9029
0.270864	4.93886
0.0975318	6.19104
0.130883	6.11981
0.065568	6.98939
0.301454	6.01421
0.828263	3.59826
0.67975	4.88263
1.30223	3.30351
0.505688	5.70512
0.298477	2.23803
0.842665	2.04207
0.0896417	4.20388
0.35332	2.35119
0.161113	6.15177
0.457725	8.28044
0.119115	6.21517
0.609426	4.99402
0.301474	7.19256
0.137151	2.36629
0.040794	10.0465
0.375817	5.94197
0.611407	3.3747
0.700127	5.26137
0.0651821	2.29149
0.534299	3.52951
0.738086	5.6867
0.567605	5.05915
0.337646	7.58806
0.247142	1.84677
0.223467	1.74809
0.439729	5.66039
2.91079	3.37847
0.174456	6.91035
0.428081	6.10561
0.210789	4.16005
0.0940539	6.90732
0.153925	5.73988
0.697753	2.9186
0.816332	3.05716
0.208631	5.47895
0.187947	5.02557
0.294166	4.11129
0.187771	3.87472
0.361663	3.8477
0.560195	5.14632
0.108316	8.36893
0.25439	4.14838
0.598654	3.21231
0.108591	9.7879
0.386785	2.75582
0.345735	3.87852
0.295544	5.04026
0.262434	4.19062
0.12909	3.21971
0.892182	3.8767
0.240874	8.98759
0.512392	6.16861
0.253454	2.86252
0.1316	6.98615
0.160113	2.52201
0.115822	6.57956
0.893606	2.44209
0.15037	4.86552
0.380179	7.22164
0.764012	1.18696
0.395014	3.7471
0.161004	2.19629
0.107199	3.93201
0.367083	4.56873
0.312611	2.8556
0.167246	8.11275
0.895634	2.95049
0.258184	6.14347
0.203785	3.25459
0.605603	9.14034
0.375592	2.98147
0.225093	5.49176
0.654535	5.63176
0.276744	4.31496
0.173523	2.4302
0.830115	5.58505
0.179768	6.67565
0.24774	2.06545
0.674729	4.87496
0.180221	3.11827
0.429132	3.29838
1.64658	5.67724
1.18613	2.18354
1.70866	4.31892
0.0625998	4.53838
0.516953	2.79668
0.395016	8.9889
0.168831	6.1807
0.214316	8.81105
0.14966	3.55499
0.20428	8.11878
2.17859	2.8763
0.170629	5.12993
0.076905	6.37037
0.57833	2.43049
0.208105	2.83374
0.345842	8.15996
0.240989	8.85661
0.164328	3.54371
0.334328	6.29169
0.250778	5.45393
0.1536	5.72599
0.688653	3.99489
0.327581	3.20131
0.382162	3.77925
0.255004	7.01095
0.12595	5.51175
0.24948	2.41307
0.0759591	7.25031
0.0942257	5.31529
0.290485	5.8791
0.155026	2.3692
0.624537	6.46904
0.309399	1.867
2.04028	2.95965
2.86321	3.86537
0.264301	2.41735
0.195067	6.59894
0.39274	3.28656
0.744582	2.17857
1.24568	3.59068
0.802951	2.66602
0.215667	4.78014
0.166294	3.15458
0.587464	5.70418
0.426127	4.01643
0.342955	4.79624
0.0779723	5.85425
0.44784	6.76293
0.163306	5.80019
0.111229	9.14673
0.084191	2.87928
0.501683	3.1215
0.111777	4.5704
0.182994	6.04802
0.12046	4.3423
0.148421	5.40337
0.081759	5.40634
0.0767223	6.06339
0.476947	4.67703
0.534745	5.46598
0.446693	4.67084
0.139453	7.15508
0.1371	1.9999
0.658097	3.91916
0.211529	5.9623
0.141542	3.37394
0.372375	1.25504
0.24485	4.60581
0.214966	4.27582
0.893057	6.21804
0.220065	4.0242
0.581591	6.03523
0.685789	6.51807
2.48416	3.50456
0.754353	2.35228
0.225549	4.6554
0.519464	4.56505
0.392729	2.28284
1.10695	7.15758
0.123132	3.56547
0.123917	6.99245
0.381174	6.43088
0.381494	7.66042
0.343677	2.63826
0.200641	7.77069
0.140381	7.32883
0.157203	1.77445
1.0818	3.44795
1.1017	3.43531
1.33432	4.30863
0.311325	6.70182
0.282852	2.03421
0.235049	4.79261
0.18413	4.27566
0.652499	4.77464
0.163544	4.57639
0.598174	2.89493
0.266681	3.43521
0.217811	4.86529
0.556799	3.42962
0.572669	3.98562
0.267418	2.8391
0.7849	4.88831
0.114692	5.48855
0.161981	6.49178
0.177586	4.07655
2.27622	2.31449
1.23781	3.34984
0.602056	4.78173
0.0676675	6.7718
0.134014	5.21455
0.0804995	2.33248
0.344342	9.45559
0.45047	6.38142
0.320479	9.14724
0.198356	7.05372
1.22709	5.86207
0.132612	6.28589
0.738128	4.09994
0.545195	5.83547
0.0999646	6.18165
0.0623585	3.51068
0.146819	4.15088
0.216725	3.75818
0.312959	9.66051
0.339896	7.04932
0.804554	7.58417
0.828317	3.30584
0.302038	3.99189
0.763044	3.31387
0.364446	3.15902
0.215668	5.30573
1.60715	5.29707
0.511593	5.56834
0.35301	4.60253
0.065164	1.85516
2.07599	2.39687
0.196543	6.41658
0.573965	2.73882
0.307018	4.04275
0.562108	1.93395
0.2128	4.9297
0.218086	4.90783
0.207409	3.14239
0.170111	3.97892
0.551451	5.28952
0.27178	4.77257
0.220302	5.47688
0.12563	8.13453
0.222011	8.42106
1.4221	4.85624
0.888585	2.70399
0.290428	8.24006
1.21827	5.54251
0.351923	9.24624
0.299784	6.13825
0.111108	2.38502
0.205453	7.6092
3.8476	3.6413
0.384905	2.86735
0.984344	5.30918
0.159266	3.82843
0.311797	4.70634
0.492989	1.04233
0.21773	5.63549
0.614996	3.10253
0.338062	6.72764
0.231653	4.96809
0.27214	8.70867
0.201935	3.30666
0.409121	7.23531
0.842239	8.78321
0.648379	4.77404
0.36394	6.85735
0.771008	3.2588
0.0583127	5.24622
0.0898554	2.48494
0.345826	2.53246
1.64761	4.51471
0.204199	9.62658
0.297054	2.40366
0.470377	4.61767
0.219759	7.20984
0.157493	3.83246
1.93737	4.07903
1.15447	4.29152
0.231874	4.55821
0.919819	2.74037
0.775947	5.67898
0.376931	5.70825
0.137404	2.9021
0.212909	3.25796
0.128229	3.45474
0.548257	3.83739
0.173893	6.06205
0.421973	4.37105
0.18597	3.76039
0.364281	3.8286
0.490902	5.34078
0.208591	4.43592
0.0893821	8.20227
0.0536313	5.06095
0.446777	1.24336
1.29687	1.85842
0.406473	10.629
1.08745	2.28713
1.65257	5.48033
0.346231	4.99474
0.13362	3.39072
0.348367	3.40517
0.542285	2.58441
0.315751	3.08368
0.671782	2.66686
1.54153	1.79551
1.28779	4.39098
0.0421651	5.82843
0.332592	9.12049
0.283915	5.64366
0.331261	1.66467
0.20198	5.77501
0.138425	7.27763
2.01855	3.78598
0.212292	5.50836
0.171902	3.08611
0.597873	4.71826
0.912682	2.69188
0.511393	7.73787
0.584446	4.85364
0.38478	7.51453
0.0928811	4.15353
0.150328	8.66866
0.407354	3.76432
0.271745	4.98648
0.258878	4.18491
1.13997	3.82241
0.776555	5.89861
0.14563	1.63279
0.268645	8.29748
0.280982	5.74546
0.220704	5.46258
0.222489	3.59488
0.257619	2.69555
0.260616	5.23836
0.048576	2.71659
0.295312	7.72148
0.766269	6.23126
0.20668	3.36814
0.179702	8.57422
0.168267	5.98608
1.46665	5.48007
0.43747	2.53341
3.37584	1.92195
0.118528	2.78925
0.227251	8.4067
0.427822	3.0837
0.757007	4.62521
0.337833	7.48557
0.297685	6.17507
1.07447	0.540709
0.0752853	3.5371
0.984099	4.53573
0.294752	4.91799
0.575659	7.04091
0.545167	3.35733
0.343192	6.03408
0.174461	4.78811
0.563196	2.65724
0.242972	2.82713
0.188798	3.75154
0.236138	3.78163
1.31799	2.75844
0.455871	5.28378
0.958025	7.31952
0.121926	6.60212
0.277143	7.26603
0.657908	4.69879
3.14875	0.86633
1.46308	4.03485
0.217499	4.77216
0.372424	4.15834
0.23859	3.78168
0.722921	2.97914
0.226541	4.62878
0.0775187	1.68813
1.35659	2.77907
0.274021	7.54735
0.251074	3.89311
0.436762	10.284
0.25905	8.89598
0.402123	8.83591
0.684507	4.11747
0.446222	3.66852
0.392358	5.39963
1.05287	4.35287
0.64121	3.53177
0.158111	4.27333
0.221859	3.69348
0.365984	7.74742
0.0935255	8.76323
0.23556	3.75838
0.997596	2.58572
1.04492	3.19205
0.249958	3.60291
0.649796	6.72971
0.673131	0.863994
0.448988	2.37151
0.083012	7.09095
0.257919	3.4805
0.247017	4.6762
1.18176	2.89364
0.129872	4.03627
0.199081	9.44105
1.52656	1.99077
0.221483	2.54765
0.214082	5.05664
0.239307	2.76074
0.464099	4.14038
0.27799	2.27423
0.582552	6.04936
0.074457	2.146
0.794632	3.55944
0.492047	7.62765
0.356217	1.55557
0.658535	5.51475
0.550611	2.34311
0.564172	2.68732
0.252739	2.17339
0.276556	7.02919
0.106624	6.09058
1.27249	1.53737
0.412793	4.04339
2.71507	4.67467
0.554743	4.63225
0.274077	6.5783
0.0691715	4.60324
0.224052	3.55977
0.152838	9.23756
0.752465	3.52518
0.497789	1.86636
0.155146	6.19427
0.0869286	4.94657
0.27113	5.8829
0.131753	4.21187
0.885115	2.31239
0.125132	1.95403
1.03555	5.26354
0.464313	7.89382
0.142328	4.93778
0.24918	7.53096
0.482905	6.99293
0.321772	3.68559
0.279585	2.95774
0.209289	2.34787
0.79925	3.36623
0.181268	6.00267
0.158915	3.80927
0.671335	3.45074
0.113574	6.64261
0.170065	3.08949
0.115713	7.91859
0.576914	6.50209
0.169904	2.35322
0.243879	7.8587
0.167359	4.63994
0.237147	5.36927
0.580168	8.39803
0.11615	4.94899
0.062715	4.53706
0.206971	1.74624
0.35487	2.46574
2.38164	1.88984
0.738623	6.23089
0.594975	2.50247
0.435428	7.00631
0.206608	6.01814
0.239333	3.62861
0.602574	3.28535
0.165359	2.79326
0.370152	7.91922
0.337981	2.44811
0.714666	6.23051
0.0859238	6.1575
0.474937	5.37209
0.391163	10.7339
0.401335	8.70015
0.0916826	2.87976
0.590582	9.22067
0.647866	2.23759
0.153441	7.82477
0.234597	2.6633
0.23209	3.17741
0.362637	5.58974
0.368354	5.20236
0.368699	2.07745
0.305503	7.56295
0.355634	4.13083
0.739452	6.20299
0.367844	8.35631
0.196833	6.37917
0.364654	5.19706
0.0853059	8.34567
2.08912	2.37296
0.107521	7.75245
1.05049	4.36816
0.315433	4.64241
0.329691	3.47159
0.364179	2.46727
0.111975	5.80981
0.230011	6.26709
0.193057	8.21583
0.677335	2.67888
0.123979	3.07157
0.144747	4.98074
0.22728	5.20671
0.350079	6.74957
0.693628	6.73551
0.890291	6.95206
0.544472	5.24289
0.334328	6.33436
3.13015	2.3475
0.0953295	6.255
0.216929	1.61418
0.184147	4.81133
1.15635	6.32318
0.217058	4.93941
0.515469	4.3523
0.985112	1.87693
1.38455	1.80356
0.279024	4.46624
0.296908	10.3605
0.148425	5.56193
0.194002	4.42012
0.0690255	2.04605
0.430888	4.53766
23.6332	0.983686
0.174348	3.54236
0.259513	7.37105
0.180804	8.34747
0.214924	4.93598
0.542566	4.00076
0.58065	1.8394
0.649662	2.79861
0.990011	7.06554
0.17939	6.9441
0.256175	4.54431
0.227327	2.53795
0.77559	4.4491
1.54685	2.63791
0.242653	8.65629
0.332832	3.41874
0.116196	8.77737
0.320959	4.42511
0.277942	1.69228
0.345483	2.72676
0.292657	7.42173
0.140472	2.83892
0.130062	3.08001
0.420587	4.0683
1.19804	2.50472
1.56139	2.57267
1.07947	1.94638
0.754694	4.2574
0.210088	2.42984
0.328239	1.66494
0.577408	2.62551
2.61104	2.87213
0.415183	6.52211
0.123177	4.47225
0.288961	6.34246
0.316953	6.1522
0.182774	2.96159
0.661009	6.07525
0.681095	6.38654
0.107862	1.546
0.207413	4.02509
3.89459	2.19584
0.351219	7.67506
0.156472	6.57074
0.091576	5.62206
0.0492184	5.86178
1.34514	2.09807
0.358516	4.07987
0.732873	3.90186
0.585259	4.09548
0.703752	4.30747
0.115588	5.1469
0.377783	5.64283
0.278735	6.74188
0.119251	10.0148
1.25996	4.86661
1.54169	5.0854
0.194003	4.73137
0.761933	5.0232
0.2557	5.78843
0.300225	3.43404
0.197109	8.30355
0.214425	5.99543
0.299408	6.16672
0.575679	4.46643
0.570347	5.30611
0.0901226	1.93413
0.208015	4.51229
1.27517	2.57584
0.214149	3.69187
0.114639	6.59632
0.600107	4.79424
0.606438	4.3027
1.57151	4.74115
0.319634	2.60233
0.128122	7.44381
0.473929	1.99222
0.128542	1.64963
1.65376	4.55677
0.553067	3.64093
0.79223	6.23666
0.586509	6.25259
0.261456	4.14954
0.2169	3.04229
0.163696	5.70555
0.165294	3.40161
0.200379	3.94519
0.633866	4.34822
0.437026	5.30929
0.260456	4.23527
1.92057	3.58466
0.308361	2.06656
0.405089	3.91743
0.185027	5.73655
0.145362	2.53777
0.126477	2.96147
0.656268	2.96354
0.153612	5.95809
1.48628	0.526203
0.1909	6.48817
0.168031	8.14126
0.116842	2.97378
0.153729	7.23833
0.652329	5.31837
1.2728	2.6517
0.20816	3.15628
0.647241	1.63614
0.134161	4.23222
0.158611	3.68722
0.191669	5.64132
1.26023	5.47441
0.885099	3.9054
0.310298	5.65409
0.235013	5.47468
0.0832657	5.99955
0.0211276	5.89812
0.228017	5.45191
0.346917	4.05281
0.773001	6.25165
2.3735	2.9444
1.31931	3.43018
1.39959	2.32118
0.189479	4.34149
1.49119	0.466497
0.442172	4.43309
0.187708	4.84264
0.400266	2.3044
0.144483	2.72262
0.280722	3.30692
0.0680157	7.52481
0.750953	2.36314
1.54586	4.8511
0.15878	4.98169
0.115216	3.73738
0.131045	4.92054
0.71865	2.74045
0.242282	3.07341
0.0995874	7.8352
0.163825	2.61785
0.233588	2.75846
0.305534	5.39079
0.17964	3.21917
0.18993	3.84477
0.530589	3.04076
0.751612	6.19009
0.0789515	4.78109
0.212231	7.6764
0.401336	4.04183
0.145513	5.41056
0.513688	3.09486
0.104131	4.13158
1.36254	2.39258
0.37593	3.60171
0.101596	6.21826
0.997786	5.43491
0.126575	5.95332
0.714232	5.82686
0.40817	4.48359
0.144919	3.98424
0.0138596	2.70868
0.125096	6.72454
0.129063	8.502
0.640499	2.73565
0.330731	3.77377
0.791977	4.11691
0.158753	4.07576
0.224551	9.118
0.664014	4.02964
0.544635	2.68898
1.59318	2.61184
1.25733	2.68607
0.297166	4.46753
0.139589	4.36267
0.450391	5.63334
0.877994	3.06075
0.172577	9.79086
0.309342	4.47109
0.794419	5.71391
0.591409	3.4557
0.365351	3.39263
1.33344	5.75843
0.358201	3.6436
0.548553	2.91531
0.195156	4.00048
0.178609	11.6826
0.469035	2.52685
1.55545	4.32532
1.31125	2.58479
0.222634	5.57662
0.337785	4.55524
0.342571	1.55919
0.522376	4.75913
0.208483	7.97392
0.065673	5.17041
0.357467	8.88091
0.248981	6.84837
0.796065	6.07331
0.166344	4.26178
0.383649	5.86357
0.499896	4.92208
0.194547	4.35486
0.255915	9.51753
0.923303	6.88702
0.117872	0.651649
0.658868	4.33535
0.311145	3.75729
0.690302	6.44232
0.561225	6.19856
0.621698	1.89832
0.317077	6.44666
0.749786	5.41663
0.771958	1.66221
0.433153	2.40517
0.195244	4.82106
0.652021	7.15835
0.526083	7.87966
0.442743	7.90733
0.134392	5.14573
0.333204	7.62816
0.507003	6.46111
0.340519	4.89318
0.260805	2.30901
0.191779	8.52959
0.212718	5.97516
0.151289	1.25728
0.319612	4.52468
0.234442	5.81475
0.561907	3.59477
0.294323	6.31765
0.836374	1.53669
0.372528	4.62356
0.150983	3.3709
0.193744	3.84812
0.0431184	7.48635
0.479522	4.92346
0.802023	3.3373
0.189345	5.72221
1.65153	4.4946
0.771936	1.85772
0.410758	6.56627
1.52508	1.06577
0.204162	5.49543
0.689862	4.02283
0.461142	6.79321
1.53869	1.58864
1.04533	1.77268
0.286097	8.51542
0.277239	3.91054
6.36099	3.09304
0.960492	5.65217
0.27826	7.45571
0.358492	6.94123
0.0893916	6.25649
0.514904	3.67394
0.0332544	5.40888
0.225206	3.57226
0.407493	4.20635
0.159448	3.1387
0.239793	3.57326
0.0434609	6.91107
0.765424	2.5748
0.120877	4.95198
2.05309	2.77351
0.438366	3.96288
0.0589674	6.47625
0.342914	4.44715
0.458929	5.82281
0.881015	2.91416
0.628671	3.71956
0.658126	1.866
0.259666	3.66352
1.07146	4.18582
0.925335	3.21612
0.22535	6.82017
0.448246	8.03012
0.085463	2.17454
0.159335	8.24776
0.169377	6.04276
0.1677	4.37785
0.402344	3.23899
0.515238	3.79517
0.22184	2.09381
0.289957	7.49661
0.302859	10.6776
2.03102	2.38089
0.804824	4.3494
0.225435	5.70846
0.599512	4.21138
0.219053	5.9941
1.7231	1.69557
0.604972	5.92034
0.0594503	2.1608
0.376807	5.68436
0.434994	6.77112
0.638122	4.4977
0.156975	3.19101
0.152554	7.22435
0.98859	1.70685
0.0660373	6.96383
0.22681	2.89517
0.225015	5.24641
0.11	2.43867
0.263624	1.72128
0.645868	3.00067
0.335097	1.9918
1.3575	3.28412
0.525195	7.41941
0.198179	5.13566
0.31845	5.05814
0.146826	5.26159
0.101834	3.71417
1.26574	3.06278
0.524925	7.29971
1.06674	2.14536
0.346962	5.47707
0.534378	3.32679
0.0886538	3.48379
0.137498	7.05124
0.624905	5.14685
0.173809	0.605939
0.174008	3.20699
0.737806	5.84417
0.97432	4.19583
0.365028	5.53378
0.17425	8.88906
0.0792698	1.48632
0.161758	3.39317
0.197178	5.84874
1.92434	4.47023
0.15743	4.26839
0.068271	3.93651
0.19613	2.75781
0.293596	3.47726
0.292401	6.93035
0.505964	3.66102
0.930861	2.49533
0.269028	4.50488
0.258647	5.74518
0.836072	3.85896
0.703878	5.09605
0.719825	6.32779
0.135031	2.47061
0.393758	8.6997
0.189111	4.69976
0.0703807	4.59061
0.153731	9.32046
0.311967	9.06846
0.123018	4.60002
0.249088	8.53968
0.835606	3.19005
0.296169	4.20498
0.398844	5.44694
0.153619	3.27723
0.296954	7.81509
0.762042	3.23417
0.179314	4.52374
0.426799	3.63233
0.731542	7.96925
1.08009	2.93226
0.432786	6.21717
0.113506	10.1059
0.589157	7.32552
0.632066	4.81503
0.258592	5.34187
0.197544	9.90413
0.248203	4.22669
0.199577	1.66372
0.210553	4.11009
0.749216	8.22439
0.935429	2.59455
0.0703579	5.49236
0.82491	3.92531
0.263097	5.19562
0.16133	2.88893
0.20917	2.64162
0.688002	4.41016
0.0689564	6.35012
0.822073	4.46213
0.331017	6.10515
0.106451	4.16041
0.241329	5.48738
0.0739305	2.37038
0.170951	3.78048
0.23746	3.16221
0.608338	5.73362
0.146902	2.35366
1.29806	3.91771
0.267431	1.8199
0.161894	4.75569
0.324346	6.4111
0.571315	3.73536
0.33088	3.30117
0.224574	1.94887
0.533567	3.5284
0.4403	9.85628
0.24333	4.37891
0.953111	7.744
0.369257	3.91844
0.150569	3.28563
0.274648	6.39856
0.621844	7.02321
0.500883	8.22382
0.16317	6.46639
0.575039	3.60093
0.164261	5.77618
1.2287	3.35271
0.833469	4.59468
0.28258	7.26314
0.109352	5.50851
0.371942	4.87273
0.960148	5.19787
0.596543	4.52497
0.881827	2.36682
0.309876	2.73119
0.804764	2.91665
0.164997	5.63909
0.181073	8.98728
0.204742	3.09339
0.792692	7.11608
0.720893	0.46475
0.600869	4.79657
0.723918	2.98991
1.43287	3.47299
0.126445	5.98811
0.158667	1.93892
0.620312	5.50194
0.073933	4.77522
0.247944	7.96255
0.499406	2.23147
0.706338	3.5364
0.130351	6.46623
0.0599418	6.66472
1.36279	2.07818
0.0882039	8.76189
0.0921795	8.89586
0.342531	7.86999
0.854371	2.04887
1.05749	3.49713
0.306111	2.06479
0.29906	8.46492
0.229884	3.5501
0.266561	5.30103
0.104381	3.23674
0.783865	6.50864
0.190354	3.16723
0.514657	5.55582
0.156272	4.33953
0.514152	7.41544
1.33978	4.49421
0.617005	6.92122
0.253211	5.54422
0.559812	6.49036
0.377124	3.25025
0.152853	6.18383
0.748645	4.19086
0.100864	4.92454
0.189803	3.46492
0.310595	2.89217
1.06767	4.47636
0.736572	6.14788
0.362028	4.5111
0.232259	6.31912
0.465526	5.56053
0.66182	2.84385
1.62604	1.90692
0.38617	4.91063
0.169747	2.52166
0.0613635	8.25511
0.0429918	6.54395
0.0621654	6.15289
0.136573	8.32602
9.06201	2.5683
1.84882	4.96944
1.17419	7.18004
0.428363	3.30368
0.475178	2.09226
0.351043	2.7549
0.294492	5.74096
0.156913	4.22021
0.622052	9.81405
1.2533	6.0762
0.310083	3.92853
0.337475	7.4222
0.386695	4.92053
0.111473	5.25707
0.0844134	2.4265
0.31757	6.0161
0.579429	4.96759
0.660052	2.40634
1.48284	3.19058
0.205862	9.27
1.0909	3.94578
0.156316	6.50837
0.823813	4.20603
0.506067	8.03577
0.3889	8.89624
0.27143	5.64366
0.782192	4.38882
0.295581	2.35039
0.957199	6.14561
0.207784	9.77534
0.226934	9.39265
0.0726966	4.77232
0.764426	3.53936
0.114601	9.1756
0.174523	4.76524
2.84118	1.4447
0.113477	8.20983
0.389182	6.85241
0.159712	4.54277
0.364527	9.22279
0.746217	7.96398
0.376992	5.1286
0.864592	4.8145
0.409863	5.63671
0.110662	3.52347
1.20853	5.15089
0.422369	3.16251
1.0709	4.39436
0.186521	7.36301
0.833157	3.66295
0.125316	3.96659
0.405119	8.62951
0.717478	3.59091
1.2155	5.18118
0.326564	2.13982
