0.162998
0.572902
0.373711
1.0189
0.597808
0.447258
0.994022
1.1628
0.950686
0.462897
0.412608
0.121466
0.238079
0.584304
0.306652
0.896685
0.103412
0.913687
0.190934
0.774149
0.428161
0.960694
0.14471
0.35911
0.197107
0.947577
0.165416
0.0660589
0.214828
0.134197
0.106315
0.121929
0.182933
2.08701
1.69905
0.421108
2.79782
0.588129
0.58675
0.206941
0.306856
1.31795
0.180688
0.273388
0.509897
0.175954
0.210708
0.79516
1.06707
0.714329
0.0756628
0.324192
0.205077
0.725691
0.114206
0.138657
0.378679
0.738804
0.0554265
0.644834
0.304529
0.307309
0.210119
1.02547
0.294732
0.13275
0.0868735
0.102497
1.01074
0.290199
0.582082
1.13398
0.807706
0.247453
0.242499
0.775214
0.240366
0.177123
0.104307
0.179099
0.161854
0.174685
0.482962
0.114481
0.344052
0.378317
0.97744
0.0916688
0.462389
0.30476
0.403456
0.252569
0.685526
1.0067
1.16355
0.116671
0.177338
0.032959
0.585389
1.47223
0.638346
0.360977
0.14227
0.123869
0.276541
0.586283
0.258947
0.512868
0.143217
0.487444
0.538233
0.393472
0.230034
0.0613975
0.25404
4.04068
0.175314
0.292854
0.177399
0.325189
0.181472
0.23215
0.352106
0.628698
0.256943
0.210859
0.573249
2.97811
0.214802
0.784378
0.950662
0.457518
0.267389
1.14364
0.398087
0.353071
0.159179
0.682417
0.138547
0.251136
0.227454
0.642169
1.61222
3.18717
0.689383
0.190639
0.164493
0.652981
0.191043
0.567051
0.749685
0.905992
1.73549
0.119898
0.38646
0.320573
0.48091
0.238456
0.211267
0.37189
0.196464
0.0807871
1.99135
0.362151
0.371981
0.604888
0.297157
0.506141
0.420704
0.619281
0.882509
0.60598
4.11258
1.12268
0.434649
0.398687
0.877573
0.236652
0.777914
0.493465
0.743552
0.308303
1.04001
0.375551
0.4166
0.147175
0.375911
0.299008
0.37059
0.139613
0.11622
0.476161
0.198285
0.322738
0.485633
0.53411
0.305579
0.993591
0.348791
0.432138
0.297966
0.19
0.615801
0.125809
0.260795
0.121829
0.441674
0.226963
0.277051
0.306415
0.182199
0.752423
0.198842
0.0777272
0.508313
0.222767
2.93208
0.225346
0.476794
0.766891
0.288682
0.370825
0.293268
0.239275
0.465556
0.657656
0.373852
1.63931
0.293729
1.01447
0.442156
0.585202
0.942826
0.0987822
0.156059
0.215547
0.3634
0.984916
0.336135
0.180496
2.87622
0.228368
0.194541
0.279277
0.173271
0.185973
0.97068
0.570095
0.46767
0.217446
0.598943
0.295548
0.203025
0.266943
0.409229
0.658043
0.943823
0.392439
0.23223
0.159182
0.26862
0.119087
0.951014
1.46839
0.437069
0.980925
0.363809
0.352013
0.927816
0.551563
0.789952
0.471361
0.493142
2.48326
0.115025
0.390061
0.607572
0.231092
0.224984
0.29476
0.0978905
0.195097
0.132565
0.32155
0.571872
0.412401
1.79238
0.235757
0.0746888
0.820146
0.507453
0.0958707
0.0960321
0.70034
0.168866
0.0923082
0.455257
0.437489
0.29582
0.152294
0.430929
0.26329
0.23126
0.285312
0.476779
0.326658
0.469589
0.297223
1.52513
0.115905
0.153319
0.0791594
1.0235
1.66538
1.46126
0.333285
0.894888
0.129253
0.0733903
0.574473
0.509306
0.271339
0.212706
0.555045
0.164472
0.176856
0.147289
0.18425
0.486471
0.711696
0.312381
0.40637
0.900469
0.894573
0.370205
0.727658
0.180574
0.386455
1.03751
0.19464
0.242802
1.4407
0.270544
1.83992
0.961768
0.539238
0.307173
0.628873
0.151621
0.0239985
0.4873
0.551696
0.515111
0.192671
0.141478
0.327687
0.807173
0.347222
0.740706
0.419986
0.370177
0.315683
0.236891
0.305091
0.370035
0.749245
0.314968
0.287485
0.190544
0.171735
1.3347
0.253291
0.674833
0.155138
0.324288
1.57862
0.289817
1.3404
2.5863
0.446097
0.078754
0.820247
0.266622
0.164771
0.134577
1.45964
1.12105
0.24318
0.193327
0.527914
0.0925111
0.413742
0.82774
0.313192
1.00245
0.554579
0.239033
1.01737
0.281305
0.187055
1.24593
0.84114
0.269609
0.971695
0.549375
0.630014
0.651819
0.328031
0.675214
0.358723
0.424573
0.194817
0.56052
0.372149
0.613942
6.77214
0.281528
0.068152
0.350951
0.522276
0.343912
0.231286
0.255498
1.73897
0.556482
0.757335
0.210412
0.219342
0.26577
0.321192
0.196351
0.174239
0.238041
0.147774
0.564575
0.429558
1.91618
0.269363
0.499346
0.524827
0.219043
0.33645
0.218172
0.340686
0.316231
0.393565
0.506346
0.28344
0.493423
0.247775
1.73626
0.115837
0.112599
0.18023
0.416399
0.464553
0.670653
0.0908318
0.258171
0.0921731
0.472708
0.871643
0.726148
0.319938
0.0746209
0.290682
0.332857
0.15935
0.189543
0.431196
0.525822
0.759903
1.68757
0.238649
0.176662
0.0985207
0.140279
0.20312
0.170476
0.603105
0.248406
0.365569
0.647128
0.546525
0.288192
1.56581
1.36498
0.141152
0.530429
0.55696
3.69353
0.206748
0.986313
0.13634
1.50419
0.138176
0.293549
1.05134
0.110482
0.270772
0.560378
1.03639
1.07526
0.137072
0.127391
4.81135
0.0417823
0.098902
0.0992509
0.327028
0.371234
0.514417
3.06229
1.11231
0.39275
0.0309183
0.259208
0.475603
1.02136
0.142695
0.405335
1.01103
1.36289
0.15325
0.258841
0.288886
0.174319
0.655716
0.207677
0.724844
0.785802
0.135886
0.704169
0.0930636
0.427829
0.236423
0.473783
0.209627
0.225346
0.637332
0.0968302
0.150355
0.763561
0.590623
0.478456
0.284686
0.331365
0.309157
0.355009
1.16086
0.219183
1.56125
0.256272
0.760026
0.316553
0.552093
1.29771
0.21478
0.36089
0.759847
0.492752
0.268873
1.06545
0.0936483
0.228343
0.352726
0.188258
0.433183
1.38192
0.078547
0.715645
0.965531
3.7612
0.396718
0.516307
1.85465
1.73778
1.72845
0.44207
0.197373
0.0296663
0.661826
0.244374
0.126432
0.762157
1.07507
0.314221
0.220035
0.257091
0.991036
0.263117
0.164815
2.59871
0.343126
0.221507
0.24051
0.106738
0.702892
0.342566
0.176705
0.214994
0.200108
0.773417
0.0974855
0.109678
0.040504
0.163675
0.266508
0.0723704
0.682363
0.0266251
0.235359
0.184836
0.244458
0.964892
0.216397
0.173832
0.751349
0.425825
0.334082
0.278651
0.100758
0.779616
0.355723
2.13722
0.507675
0.325109
0.248421
0.0918866
0.257126
0.234807
0.356576
0.394757
0.15465
0.232699
2.31566
0.568088
0.181561
0.102448
0.953508
0.597253
0.200082
0.395575
0.248693
0.417121
3.56136
0.0739588
0.126096
0.0783832
0.209158
0.709725
0.133377
0.121953
0.598767
0.625615
0.535971
0.81487
0.451964
0.154148
0.277709
0.367477
0.0827739
0.768821
0.530827
0.439196
0.412556
0.319062
0.523441
0.323613
0.591284
0.168556
0.914507
0.489164
0.234117
0.494497
0.146993
0.794879
0.391265
0.0818072
0.699617
0.871588
0.503915
0.481887
1.17133
0.382573
0.180152
0.214818
0.803619
0.107705
0.266387
0.14287
0.722965
0.146293
0.286105
0.935041
0.950403
0.758359
0.0929582
0.238381
0.219671
0.256669
0.569689
0.573066
0.227095
0.361301
0.106139
0.498338
0.663806
0.715094
0.441335
0.955893
0.0827184
0.256157
0.119605
0.128339
0.736421
0.829204
0.419712
0.236243
0.226723
0.248833
0.672457
0.543041
0.154895
1.45528
0.394393
0.384366
0.952971
0.499727
0.10656
0.358313
0.300955
0.162711
0.192582
0.200217
0.231898
0.473446
0.373384
1.14615
0.16477
0.52218
0.274713
0.324718
0.890721
0.623346
0.401646
1.14069
0.222081
0.178321
0.152245
0.0955184
0.480381
0.348441
0.780939
0.629382
0.414825
0.729974
1.04853
0.071337
0.220138
1.94708
0.324438
1.48911
0.121116
0.234301
0.459652
0.314646
0.328607
0.841474
0.20611
0.421563
0.584757
0.582468
0.36411
0.233647
0.474548
0.0286079
0.214921
0.432257
0.400214
0.398482
0.39544
0.603076
0.879989
0.271556
0.907963
0.049113
0.202316
0.492746
0.276151
0.266668
0.564193
0.29333
0.31723
0.229461
0.141894
0.214286
1.62405
0.916382
0.874473
1.1064
0.521274
0.315875
0.190687
2.89979
1.32167
0.80093
0.220469
0.238949
1.02942
0.279638
0.269956
0.0157199
0.337453
0.239843
0.334609
0.765416
0.122852
0.44118
0.164255
0.4904
0.620778
0.21178
0.310569
0.378581
0.182846
0.429301
0.2654
0.0749856
0.169987
0.624956
0.179945
0.367484
0.32047
0.512075
0.046038
0.187414
0.642121
0.202195
0.270377
0.350452
0.377792
1.7349
0.873684
2.44605
0.14139
1.3869
0.226778
0.491192
1.08274
1.50616
0.289686
0.217037
0.108056
0.261442
0.0901584
0.503421
0.586845
1.25611
0.635642
0.144235
0.692183
0.433492
0.705343
0.0877526
0.238601
0.106819
0.15413
0.14291
0.504214
1.84393
0.369656
0.212961
0.424867
0.291459
0.284687
0.359584
0.388885
0.102162
0.523952
0.48007
0.589978
0.174216
0.193345
0.164221
1.28186
0.0552683
1.53323
0.171361
0.525619
0.47097
0.564663
0.578013
0.117008
0.441741
0.507465
0.206387
0.183644
0.900067
0.503736
0.153794
0.107598
0.244607
0.885063
1.39449
0.129151
0.202393
0.211017
0.770895
1.01972
0.31158
0.30644
0.0574108
0.23131
0.237739
0.338344
0.165454
0.279285
0.163473
0.257932
0.19803
0.46979
0.857925
0.15547
0.404725
2.03299
0.478945
0.764985
0.742066
0.208789
0.485718
0.303426
0.407741
0.0940007
0.402836
0.229396
0.40682
0.259906
0.306036
0.226039
0.302661
0.2156
1.38234
0.159052
0.207444
0.112872
0.200152
0.329445
0.997093
0.701502
0.80309
1.14854
0.418208
0.363762
0.159189
0.52227
0.940674
0.323549
0.361749
0.615669
0.270593
1.87337
0.818325
0.0809108
0.398877
1.35326
0.271565
0.0560697
0.547084
0.538707
0.355118
0.582319
0.594975
0.727437
1.83852
0.139103
0.867601
0.314602
0.150008
1.05793
0.604001
0.293287
0.402847
0.383368
0.689421
0.672651
0.300559
0.437622
0.304065
0.439992
0.928995
0.633105
0.431702
0.633615
0.266818
0.0534568
0.341013
0.414529
0.196035
0.286251
3.88214
0.279814
0.234867
0.500347
1.19482
0.17407
0.341833
0.364456
0.532802
0.23701
0.390211
0.151168
0.177767
0.548329
0.45396
0.174502
0.142365
0.423658
1.31764
0.285805
0.329066
1.05829
0.829636
0.110084
0.402145
0.229412
0.531128
0.591058
0.313104
0.14848
0.482478
0.397255
0.11899
0.458659
0.863513
0.187117
1.08649
0.193479
0.131341
0.106714
0.246593
1.1036
0.14739
0.837391
0.201839
0.237947
0.301334
1.07137
0.338834
1.4883
0.263193
0.166594
0.0855938
0.365752
0.372716
2.13465
1.05897
0.442939
0.893629
0.582125
0.196202
0.209478
0.397241
1.41088
1.06984
1.59965
0.102112
0.184446
0.236781
0.0545709
0.760194
0.123404
0.950332
2.3888
1.2059
1.81612
1.83307
0.409087
0.6782
0.521226
0.131912
0.138551
0.149337
0.423905
0.469799
0.190107
0.177938
0.598419
0.462829
0.349835
0.22995
0.338802
0.308908
0.230521
1.51365
0.206966
0.372896
0.0759238
0.847395
0.445908
0.247966
0.282516
0.424394
0.144988
0.45844
0.339706
0.482346
0.595416
0.55857
0.166583
0.151631
0.748694
0.167799
1.41458
0.0783837
0.148135
0.338845
0.214002
0.172865
0.836103
0.20471
0.189922
0.111395
0.0465972
0.26948
0.510672
0.253116
0.416109
1.5043
0.718949
0.114736
0.864751
0.0998617
0.432379
0.246401
0.0409241
0.189988
0.214792
0.649941
0.111518
0.371382
0.566197
0.256928
0.409723
0.450961
0.387122
0.769346
0.537797
0.161472
0.336227
0.153226
0.247332
0.0921694
0.334989
0.25786
0.0895116
0.202393
0.253252
0.193329
0.163671
0.781579
0.25403
0.181682
2.34408
0.290212
0.758184
0.723667
1.25304
0.17212
0.208174
0.322517
1.47039
0.401992
1.45934
0.322519
0.501954
0.413662
0.310571
0.330344
0.676264
0.56445
0.0508525
0.321947
0.286
0.477321
1.23585
0.13249
0.232749
1.61447
0.434359
0.177612
0.148228
0.362924
0.182235
1.20901
1.63459
0.249571
0.30197
0.235013
0.588777
0.26327
0.0531646
0.282156
0.152863
0.300734
0.133673
0.313198
0.104772
0.278335
0.596135
1.18285
0.319497
0.316762
0.245539
0.610398
0.318089
0.13933
1.32788
0.475716
0.386969
0.537151
0.910145
0.414841
0.14048
0.15219
0.855888
0.471903
0.113786
2.20302
0.173061
0.200184
0.963956
0.292312
0.179555
0.163235
1.19777
0.326624
0.184621
0.339417
0.833113
0.438917
0.107343
1.36706
0.681717
0.825313
0.573141
1.30645
0.709871
0.311632
0.329017
0.231135
0.455913
0.145583
0.787888
0.164158
0.544788
0.31256
0.92737
0.268757
0.16273
0.270111
0.313641
0.569286
0.262015
1.31178
0.677298
0.633578
0.718263
0.368713
1.40105
0.314635
0.345095
0.60936
0.220858
0.202839
0.434032
0.220929
0.487986
0.262718
0.270505
0.0890221
0.349047
0.601448
1.91968
0.106279
0.382886
0.298064
0.319471
0.608353
0.998516
0.637396
0.228448
0.0730382
0.730885
0.119787
0.275377
0.517613
0.25234
0.107948
1.03839
0.136445
0.272932
0.59237
0.415782
0.72525
0.232862
0.194755
0.674528
0.136542
0.402967
0.918126
0.33421
0.252008
0.393088
0.180736
0.263217
1.11789
0.117839
1.77699
0.733269
0.0614617
0.680649
0.235677
0.0902769
0.801884
0.155961
0.507517
0.171467
0.163211
0.862736
0.314259
0.943203
0.304617
5.68751
0.224922
1.08754
0.0885476
3.28736
1.18522
0.530952
1.37245
0.326786
0.394938
0.710696
0.164985
0.347456
1.01743
0.711903
0.95952
0.689983
3.45077
0.218782
0.654101
0.267265
0.544654
0.534625
0.0937657
0.347948
1.1904
0.160141
0.378146
0.557214
0.949621
0.203475
0.495409
0.494354
0.688615
0.206129
0.239404
0.144463
0.26618
0.0334857
1.2981
0.417339
0.830017
0.250168
0.537851
0.25819
0.173648
0.177511
1.47722
0.385655
0.24681
0.834073
0.0482161
0.128328
0.944128
0.776383
0.850517
0.816858
0.372647
0.218523
0.385564
0.140445
0.133065
0.0908378
0.318045
0.0872506
0.206734
0.313909
0.330324
0.173226
0.115062
0.450202
0.346775
0.544696
0.337908
0.531185
0.209879
0.180037
0.73774
0.0176919
0.136244
0.281718
1.32823
0.750417
0.0496527
0.215792
0.523598
0.295581
0.148079
0.164973
1.0129
0.338509
0.453394
0.240235
1.04597
0.0954933
0.128288
0.434596
0.300382
0.251809
0.22422
0.19942
3.41975
0.471224
0.825816
1.18452
0.159371
0.399669
0.568484
0.334617
0.519388
0.0743523
1.04383
2.19909
0.251342
0.147048
0.56266
0.301309
0.133189
0.547151
0.501188
0.199589
0.274633
0.411411
0.396547
0.0581358
0.202164
0.558918
0.261681
1.06635
1.19496
0.497299
1.18172
0.24984
0.33566
0.632895
0.74189
0.635282
0.323236
1.24919
0.255446
0.390238
0.394954
0.210748
0.164094
0.324215
0.777339
0.177647
0.774087
0.14066
0.479784
0.288697
0.847415
0.393883
0.124292
0.16431
0.454603
0.167576
0.209592
0.383513
0.697909
0.859169
0.252562
1.09374
1.6962
0.211377
0.141183
0.914195
0.713887
0.947734
0.155858
0.225318
0.463571
0.766028
0.172526
0.188647
0.940617
0.70382
0.403059
1.06027
1.02943
0.294622
1.54226
0.084631
0.524269
0.670195
0.161993
0.785465
0.660172
0.196588
0.303656
0.2256
0.147878
1.55506
0.185348
0.175928
0.248691
0.119786
0.145202
2.21656
0.587416
0.279139
0.049548
0.318419
0.43983
0.24198
0.0256638
0.186405
0.568143
1.91276
0.337845
1.48149
2.15907
0.263854
0.6184
0.602636
0.594308
0.804064
0.267247
0.250688
0.259259
0.428423
0.326424
0.230594
0.178428
0.145573
0.11863
0.600462
0.969192
0.359276
0.237849
0.295572
0.546464
0.558803
1.26703
1.1119
0.325507
0.846719
0.814527
1.49024
0.249153
0.256787
1.21148
0.342833
1.57734
0.524605
0.264258
0.557414
0.207738
0.164914
0.242658
0.803839
0.260722
1.56435
0.423419
1.39395
0.319725
0.166316
0.195693
0.380888
0.36939
0.265931
0.344379
0.303472
0.400456
0.255292
0.853993
0.32461
0.445148
0.444436
0.505543
0.370488
1.83053
0.322423
0.70557
0.113804
0.344117
0.0780019
0.821878
0.169187
0.245657
1.01174
0.990083
0.28601
0.730271
5.74979
0.126111
0.255189
0.141023
0.136684
0.037183
0.406937
0.980995
1.25764
0.584868
0.170859
0.352318
0.329999
0.535895
0.712793
0.46908
0.286773
0.539491
0.40578
0.143002
1.37165
0.967308
0.363358
0.239316
0.238678
0.166475
0.846922
0.197265
1.01295
0.344445
0.448382
1.28008
0.0330301
0.231591
6.34569
0.166346
0.381625
0.552369
0.196562
0.271656
0.108995
0.805438
0.45824
0.088218
0.776921
0.349217
0.427871
0.200754
1.94708
0.135564
0.0736479
0.263726
0.205519
0.646628
0.257288
0.743192
0.211574
0.339155
0.440127
0.470587
0.116424
0.534172
0.310605
0.538222
0.131398
0.20091
0.869331
0.691033
0.145616
0.650708
0.0562389
0.586846
6.60746
0.228281
0.350416
0.387253
0.472234
0.111098
0.684014
0.229035
0.411797
2.07416
0.413227
0.167473
1.03089
0.626523
0.0758076
0.54068
1.00511
0.14184
0.264538
0.180778
0.304364
0.100276
0.638284
0.300481
0.391468
0.642051
0.304589
0.471354
0.922063
1.76188
0.514952
0.561445
0.639224
0.734726
0.197827
0.2037
0.210229
0.309608
1.04232
0.25045
0.696601
0.22159
0.0891676
0.624006
0.433498
0.173918
0.378139
1.09895
0.227611
0.269261
0.0915535
0.0906341
0.0985849
0.29835
0.187481
0.130276
0.358398
0.728712
0.486587
0.313171
0.180551
2.78176
1.3676
0.937358
0.332959
0.333983
0.332127
0.24317
0.292092
1.1941
0.229345
0.456258
0.274356
2.74359
0.13678
0.389709
0.342883
0.506131
0.191257
0.230908
2.65632
0.626982
1.12634
0.515648
0.600482
0.621616
0.189051
0.145585
0.207838
0.52288
0.117318
0.164857
0.695815
0.286815
0.426515
1.37466
0.843393
0.336302
0.315944
0.186025
0.211873
0.596253
0.227629
0.178684
0.0853397
0.306656
0.294504
0.346679
0.284745
0.1216
0.232565
0.398257
0.622341
0.337415
0.162985
0.310388
0.288984
1.46333
0.0458988
0.839267
0.187426
0.935296
0.277735
0.439242
0.495497
0.557457
0.703992
1.46291
1.23631
0.745558
0.325841
0.135571
0.795082
0.298365
0.505734
0.254967
0.196178
0.12562
1.15654
0.654983
0.359155
0.280775
0.264122
0.129209
0.952023
0.0984558
0.0844101
0.341969
0.236771
0.145378
0.278468
0.220203
0.828605
0.984501
0.725908
1.0153
0.298941
0.474492
2.15641
0.595006
0.711721
0.492653
0.0883975
0.158521
0.99831
0.323962
0.164279
0.418974
0.612065
0.973812
0.73108
0.370295
0.175542
0.216191
0.610133
2.14838
0.550214
0.928495
0.0909305
1.49172
0.254121
0.192426
0.342313
0.10124
0.151453
0.197396
0.899984
0.258719
0.984522
0.759918
0.195544
0.24247
0.18805
1.10725
0.190044
0.127878
0.226669
0.320329
0.338323
0.300532
0.311959
1.47022
0.503951
0.112163
1.48351
0.12742
0.169071
0.966805
0.20824
0.48035
0.229905
0.0292173
0.25501
0.567824
0.0686886
0.241799
0.734757
0.392774
0.247106
0.531315
1.08263
0.173147
3.10298
0.24055
0.320602
0.556981
0.658933
0.373125
1.21995
0.130703
0.742725
0.405156
0.354659
0.188586
0.0850683
0.293542
0.183207
0.221243
1.44797
0.0992208
0.485595
0.354784
0.442333
0.52323
0.377868
0.533254
1.21306
0.258308
1.18611
0.323578
0.511373
1.12873
0.249142
0.22407
0.227136
0.525798
0.358577
0.286748
0.904981
0.3025
0.431276
0.251474
0.478218
0.538775
0.12504
0.0246675
0.606682
0.215684
0.386552
0.971811
0.135498
0.380826
0.133608
0.248268
0.377455
0.544227
0.397785
0.953029
0.250051
0.888756
0.677993
0.412224
0.275768
0.370067
0.230239
0.0954275
0.142008
1.43685
0.302494
0.482085
0.0705382
0.452801
0.600287
0.308111
0.286378
0.740808
0.183283
0.328919
0.185499
0.173295
0.518309
0.219913
0.174981
0.21678
0.829903
0.104117
2.23322
0.226221
0.328201
0.781977
0.852938
1.66779
0.763536
0.366263
0.555778
0.16175
0.107146
0.205132
0.498293
0.244276
0.160318
0.336818
0.197721
0.415271
0.317611
0.184781
0.501427
0.60118
0.219153
0.249569
0.734484
0.282261
0.351188
2.41609
1.01479
1.01109
1.12557
0.101681
0.247003
0.386444
0.465452
0.855356
0.50017
0.209923
0.365644
0.250541
1.43511
0.220885
0.0850898
1.21089
0.416153
0.450239
0.184427
0.160626
0.208862
0.365589
0.239859
0.148701
0.200729
1.35195
0.511563
0.22777
0.844781
1.19402
0.710942
0.396076
0.0899088
0.971557
0.0854807
1.07895
0.199873
0.654768
0.158826
0.585801
0.129362
0.217091
0.159964
0.164871
0.230793
0.354775
1.36426
0.424242
1.06998
0.189171
0.369935
0.366606
0.0480125
0.403196
0.32406
0.120555
0.13449
0.171374
1.09974
0.125609
0.329091
0.285164
0.229102
0.170691
0.969654
0.568784
0.7872
0.833094
0.118499
0.328582
0.187333
0.338416
0.605686
0.487831
0.644257
0.420661
0.172784
0.794485
0.324585
3.29719
0.328687
0.476482
1.32035
0.432146
0.252948
0.374215
0.440038
0.426825
0.363001
0.378834
0.0976992
0.891206
0.183388
0.19049
0.139834
0.463381
0.501359
0.228883
0.310087
0.199918
0.15259
0.672563
0.473194
0.432772
0.485489
0.422099
0.790594
1.25551
0.704242
0.276068
0.578649
0.243837
0.0854546
0.190268
0.355565
0.713428
0.229589
0.468594
0.295022
0.718639
0.345935
0.266082
0.502878
0.295887
0.957771
0.226974
0.509106
0.454095
0.493518
0.204242
0.432835
0.11009
0.125658
0.137675
0.327316
0.211558
0.653417
0.28109
0.541831
0.43296
0.26695
0.707371
0.612332
0.188608
0.391489
0.369497
0.398657
0.238138
0.45771
1.15372
0.499375
0.874362
0.147082
0.226684
0.500565
0.358924
0.450959
0.457164
0.78978
0.44534
1.41034
1.71614
0.0911916
0.111317
0.546498
0.410674
0.139338
0.691291
0.114092
0.151828
1.28188
0.41048
1.44495
0.598133
0.320338
0.301588
0.358083
0.199652
0.26937
0.886678
0.16632
0.212173
0.411405
0.276273
0.644538
0.652841
0.396532
0.076373
1.15455
0.230722
0.10509
0.260737
0.883579
0.111016
0.229588
0.296416
0.431033
0.26178
1.16906
0.430629
0.154629
0.200809
0.39055
0.818686
0.213995
0.834338
0.235392
0.198219
0.246883
0.177573
0.559005
0.177798
0.198376
0.210789
0.0847667
0.260661
0.134934
0.241975
0.0421692
0.402288
0.315469
0.71802
0.412208
0.0964133
0.0279669
0.125821
0.518011
0.4978
0.135613
0.199033
0.171338
1.18603
0.783551
0.786432
0.169677
0.158591
0.161644
0.42168
0.761299
0.149283
1.28923
0.482281
0.921678
0.471282
0.248976
0.744867
0.310759
0.196125
1.70836
0.427061
0.118559
0.104573
0.975084
0.456385
0.135655
0.189505
0.708544
0.490644
0.421493
0.682288
0.474564
0.255609
0.38051
0.105698
0.337583
0.649447
1.09049
1.20494
0.440091
0.445452
0.776413
1.23256
0.27522
0.522078
0.499147
0.109745
0.168397
0.884921
0.274909
0.658737
0.078802
0.214847
0.325274
6.92311
0.142542
0.756157
0.275219
0.151515
0.257782
0.177758
0.235515
0.15922
0.826729
0.104204
0.472399
0.515317
0.0886435
1.33126
1.0177
0.437167
0.411373
3.4323
0.32423
0.110614
0.089139
0.551236
0.159782
0.49174
0.122664
0.498668
0.0709165
0.185076
0.554371
0.24218
0.679012
0.316761
0.175548
0.130243
0.141195
0.764288
0.500504
1.01987
0.556251
0.822181
0.145973
0.472804
0.08634
0.530437
1.13335
0.279124
1.0332
0.589001
0.229154
0.207418
0.0525432
0.325199
0.482882
0.298799
0.0893209
0.142014
0.188615
0.53195
1.07214
0.14869
0.160587
0.186327
0.256375
0.12265
1.34191
0.108525
0.697221
0.208365
0.45
1.61424
1.43148
0.762609
0.516785
0.290743
0.293895
0.496912
0.295748
2.94616
0.254579
0.151097
0.305995
0.230369
0.898237
0.169791
0.647388
0.259499
1.08345
1.08731
0.120457
0.790834
0.306446
0.271848
0.264633
10.5593
0.402073
0.386599
0.496932
0.439972
0.639548
0.84223
0.109159
0.537169
0.476698
0.899076
0.346154
0.270188
0.62185
0.145824
0.17397
0.926198
0.151982
0.252508
1.1327
0.240118
0.608351
0.493068
0.267821
0.442794
0.493152
0.506038
2.01622
0.389334
0.178872
0.200481
0.146598
0.613101
0.2457
0.425657
0.14275
1.01198
0.0817874
0.380586
0.147639
0.169873
0.410502
0.171306
0.220938
0.067875
0.424991
0.177002
0.11155
0.260485
0.715318
0.809375
0.210156
0.457758
0.766949
1.46
0.822119
0.64247
0.795784
0.661678
0.846485
1.25439
0.0965152
0.0702916
0.496333
1.43213
0.63752
0.201054
1.16386
1.2597
0.118751
2.29864
0.12724
1.11919
0.215171
0.863062
0.152311
0.583435
0.184008
0.702722
0.53732
0.425665
0.217717
0.13422
0.337722
0.506305
0.392599
0.624927
0.764535
0.344756
0.694239
0.524472
0.312226
0.179564
1.14493
0.441927
0.342609
0.996977
0.476461
0.266097
0.0646929
0.709768
0.148045
0.25474
0.214501
0.253682
0.334048
1.41005
0.524606
0.13167
0.239912
0.3606
0.389395
0.983766
2.65482
0.818498
0.268626
0.406405
0.577449
0.61075
0.301221
0.352138
0.2577
0.234233
0.183127
0.118853
1.76226
0.200825
0.489383
0.0954658
0.789057
0.434542
0.117733
1.12863
0.136398
0.729329
0.837511
1.0485
0.820365
0.227306
0.303567
1.00042
0.772425
0.10712
0.106504
0.360288
0.150016
0.217087
1.25454
0.162306
1.25831
0.540105
0.235799
0.345341
0.37616
0.982133
1.63395
0.0239001
0.139747
0.141105
0.151991
0.118489
0.176837
0.760826
0.434778
1.65331
0.726416
0.749528
0.115462
0.1792
0.380799
0.359866
0.810619
0.252719
0.429861
0.251575
0.186866
1.03768
1.30557
0.642406
0.282014
0.690471
0.927438
1.6038
0.0575439
0.136693
0.207686
0.520992
0.70099
0.160409
0.169405
0.0956382
0.181214
0.3201
0.765154
0.241632
0.294347
0.149926
0.250464
0.182863
0.123985
0.419796
0.74914
0.308901
0.883693
0.361339
0.194902
0.359982
0.431238
0.259089
1.52439
0.430566
1.0668
0.932229
0.0400772
0.174138
0.708079
0.36836
0.141568
0.121147
0.148668
0.2943
0.669412
0.425035
0.203597
0.253914
0.481672
0.333184
0.110648
0.532795
0.832523
1.10623
0.0833875
0.209944
0.178799
0.708446
0.423327
0.398713
0.322129
0.558827
0.135456
2.49407
0.532935
0.0982667
0.714503
0.204824
0.151194
0.405615
0.547924
0.864667
0.184006
1.09479
0.128005
0.978226
1.19334
0.186299
0.491164
0.435013
0.260666
0.284412
0.165511
0.713768
0.727225
0.516337
0.164506
0.260936
0.134947
0.218677
0.117136
0.202322
0.139141
0.21236
0.801305
0.311495
0.758045
0.286005
0.185849
0.348004
0.561642
0.302655
0.0664574
0.212838
0.523881
0.190583
0.468723
0.366268
0.312768
0.046357
0.238651
0.653284
0.155674
2.70598
0.77135
0.412474
0.866514
0.325938
0.517862
0.130518
0.188598
0.333143
0.444454
0.953559
0.656906
0.236821
0.258664
0.101382
0.649472
0.454328
0.0923931
0.785441
0.0645661
0.159463
0.250034
0.453362
1.22743
0.136781
0.191192
0.10977
0.151808
10.5255
0.151637
0.309705
0.158943
1.18517
0.096988
1.43003
0.508729
0.329545
0.282211
0.0578227
2.3802
0.190844
0.981657
0.226291
0.436547
0.145786
1.5865
1.1993
0.253574
0.620324
0.530263
0.380769
0.668223
0.63852
0.795787
0.203623
0.160677
0.363701
0.376975
0.866729
0.376248
0.189292
0.174772
0.70055
0.701855
0.231204
0.257772
0.941244
0.876768
0.548446
0.220329
0.0910257
0.0566341
0.753499
0.126371
0.538275
0.419869
1.17042
0.11488
0.951298
0.0383197
0.577132
0.361062
0.450341
0.572081
0.0374984
0.150216
0.513743
0.127954
0.608572
0.512152
0.472953
0.511574
0.275403
0.292628
0.523714
0.420325
0.242515
0.385809
0.478379
2.04793
0.133244
0.734497
0.532429
0.925279
0.170752
0.0909323
0.100241
0.26379
0.634627
0.349094
0.59494
0.09946
0.349123
0.17598
0.197898
0.754393
0.81811
1.04287
0.0592702
0.350175
0.250783
0.344923
0.280744
1.47062
0.147188
0.551856
0.153421
0.216266
0.755919
0.137515
0.248032
0.52517
0.586949
0.651707
0.368384
0.424404
0.222528
3.25188
0.379065
0.156771
0.0981039
0.221861
0.442965
0.695115
0.30086
0.232038
0.188521
0.411161
1.07509
0.52942
0.337605
0.395384
1.13718
0.288554
0.257493
1.22502
0.0380129
0.356013
0.468282
0.0520343
0.289934
1.23572
0.152682
0.178752
0.852144
0.188764
0.739872
0.101608
0.160926
0.201844
1.04134
0.711453
0.149503
0.487906
0.639853
0.509026
0.146342
0.451339
0.316992
0.137972
0.198768
0.278553
0.852066
0.0940684
0.22884
0.915879
0.849531
0.626515
0.157299
0.291668
0.589551
0.660567
0.673294
0.17446
0.089508
0.298668
0.448136
0.565921
0.501277
0.937174
0.218171
0.185518
0.335989
0.0995359
0.209694
0.754663
0.113475
0.349537
0.107905
0.125901
0.968139
0.162724
0.184874
0.0923348
0.34039
0.512451
0.408576
0.580769
0.242339
0.673638
0.0724475
0.0709888
4.48472
0.407699
0.189757
0.922859
0.955507
0.255832
0.309776
0.286289
0.5928
0.0590702
1.28161
0.139094
0.631745
0.519914
0.253744
0.936258
0.211477
0.363901
0.585373
0.261276
0.207363
1.2459
0.687258
0.24359
0.746882
1.40301
1.28172
0.0717298
0.228875
1.19706
1.38931
0.503784
0.466661
0.313165
0.533512
0.112201
0.692497
0.270025
0.277412
0.529125
0.184159
1.3965
0.466073
0.152034
0.0884199
0.268048
0.342732
0.619368
0.846343
1.18872
0.666866
0.224661
0.783841
0.0245944
0.20596
0.190004
0.434995
0.278893
0.686621
0.45002
0.0993773
0.473725
0.487182
0.419404
1.00037
0.022404
0.333407
0.456501
0.436374
0.350022
0.274285
0.255967
0.213134
1.12009
0.403525
0.599016
0.0608939
0.27239
0.248339
0.515844
0.791601
0.19883
0.137491
0.11448
0.236483
0.235414
0.500616
0.120128
0.161678
0.373353
0.577619
0.187932
0.109164
0.404091
0.236159
0.157118
0.878837
0.426379
0.418735
0.139458
0.169288
0.342155
0.138619
0.642189
0.0753839
0.483007
0.22086
0.647493
0.154187
0.115658
0.370626
0.257615
0.69527
0.229293
0.2369
0.427009
1.08699
0.35344
0.31431
0.393326
0.0834699
0.201396
0.704446
0.380977
0.183838
0.216006
0.0550354
0.316471
1.85898
0.886359
1.95534
0.132019
0.4894
0.896456
0.0709412
0.323523
0.219591
0.311506
1.74142
0.313827
0.245823
0.713993
0.137371
0.428851
0.341849
0.103673
0.33173
0.10008
0.113804
0.833551
0.173753
0.0834966
0.318527
0.173947
0.0443554
0.130308
0.283111
0.292027
0.13436
0.693049
0.339994
1.90984
1.2875
0.048253
0.18791
0.266543
0.730655
0.952036
0.600595
0.187437
0.317955
0.672891
0.503239
0.129762
0.257338
0.558848
0.131738
0.73923
0.165871
0.464514
0.402603
0.0946248
0.150144
0.12644
0.188399
0.268735
0.364092
0.814188
0.288532
0.361556
0.153452
0.568894
0.229883
0.0766438
0.131765
0.0809629
0.174464
0.352476
0.446851
0.615746
0.574773
2.61893
0.650019
0.151935
0.434918
0.0780068
1.45851
0.136493
0.200383
0.34134
0.639958
0.154624
0.143848
0.29575
0.111896
0.892784
1.51196
0.692546
0.63354
0.195948
0.21805
0.265809
0.548009
0.306869
0.505461
0.0694738
0.18607
0.418118
0.261237
0.0688777
0.467531
0.233237
0.159332
0.164013
0.516264
1.15578
0.541184
0.249778
0.157691
0.12399
1.14708
0.383164
0.849153
0.474505
1.19591
0.282879
0.546674
0.311838
0.310301
0.131152
0.183742
0.131545
1.18899
0.2468
1.29347
0.386213
0.2869
1.12647
0.206152
0.359765
1.46691
0.620083
0.180636
0.0941914
1.27407
0.0910083
0.482082
0.275191
0.479869
0.357526
0.296757
0.0597717
0.175128
0.526714
0.138594
0.166701
0.387111
0.327589
1.6126
0.804793
0.198679
0.646144
1.14139
0.448213
0.0860495
0.331172
4.82036
0.462819
1.18474
0.177625
0.306691
0.347022
0.362789
0.441742
0.488239
0.0780695
1.18015
0.124419
0.387604
0.986542
0.657663
0.277316
0.484307
0.180467
0.386247
0.225192
1.84021
0.148797
0.245499
0.456693
0.581984
0.164626
1.25961
1.16397
0.102552
0.706588
0.932942
0.437714
0.137468
0.397774
0.229719
0.287405
0.15687
0.445808
0.181005
0.197983
0.273367
0.454569
0.112561
0.145805
0.440729
0.332541
1.17423
1.08941
2.43496
0.402973
0.184853
0.189144
0.221103
0.108705
0.407175
0.733053
0.264548
0.222247
0.374172
0.415586
0.079378
0.24354
0.233272
0.865293
0.243319
0.0819279
0.883309
0.801076
1.01511
0.419768
0.800691
0.0829478
0.0947177
0.315982
0.167158
0.184645
1.01854
0.645847
0.112757
0.739207
0.232546
0.336812
0.206748
0.165845
0.293012
0.168442
0.565108
0.392465
0.381221
0.2625
0.122201
1.2831
0.410367
3.31984
0.0615543
0.500819
0.658027
0.976306
0.22171
0.388443
0.20627
0.159946
0.938848
0.33444
0.675958
0.388736
0.571923
0.249194
0.776177
0.148622
0.0683134
0.273162
1.02698
0.44161
2.28242
0.105254
0.391816
0.640443
3.19535
0.761591
0.154585
0.475116
0.395922
0.725363
0.179737
0.108777
1.13828
0.272151
0.369067
0.553096
0.197325
0.380516
0.694622
0.113178
0.457075
0.465447
0.453345
0.292602
0.344267
1.01021
0.568408
0.269891
0.679751
1.06257
0.419889
0.508813
0.372921
0.301421
0.180968
0.45628
0.156354
1.51447
0.114944
0.344176
0.324098
0.137312
0.20267
0.452017
0.322778
0.264179
0.285678
0.210634
0.17488
0.580715
0.349623
0.543932
0.927461
0.321668
0.44986
0.601584
0.117708
0.406772
0.682107
3.54409
0.409655
0.43496
0.39543
0.170105
0.505853
0.771716
0.218724
0.2994
0.236699
0.169627
0.0555167
0.630779
0.147768
1.00469
0.664952
0.0383179
0.892351
0.667062
0.224152
0.168861
0.0202372
0.612494
0.0697023
0.300459
0.379745
0.503197
0.0879795
0.164262
0.771677
0.195798
0.452123
0.10782
0.400897
0.468343
0.245744
0.170927
0.262761
0.308595
0.997468
0.916517
0.33873
0.422782
0.237144
0.17183
0.520285
0.245614
0.572564
0.272824
1.20141
0.027986
0.309213
1.57128
0.780354
0.10197
1.56049
0.120324
0.200807
0.223891
0.112574
0.164433
0.194624
0.0675713
0.520147
0.502731
0.702433
0.762318
0.0670959
0.442581
0.119109
2.05633
0.513067
1.23336
0.352611
0.238953
0.191286
0.286689
0.275468
0.259242
0.358839
0.286042
0.149411
0.386061
0.57127
0.944129
1.45428
0.537092
0.502226
3.08402
0.222696
0.151581
0.32965
2.22218
0.248267
0.325323
0.259101
1.87014
0.408159
0.61458
0.0658037
0.202962
0.17292
0.419193
24.3736
0.303696
0.339534
0.495424
0.176105
0.578362
0.810743
0.63025
1.61911
0.180918
0.274562
0.18038
0.801744
0.869064
0.459521
0.524108
0.354596
0.279684
0.240594
0.453683
0.495955
0.301038
0.29809
0.300095
1.5154
0.908021
0.472266
0.521877
0.279138
0.179068
0.283523
2.75699
0.400974
0.200413
0.321544
0.485499
0.337051
0.585287
0.685547
0.0835187
0.206503
3.58451
0.712749
0.0982216
0.0722071
0.173332
0.954983
0.344037
0.385642
0.679441
0.69276
0.184359
0.704864
0.328428
0.612927
0.967479
1.4589
0.270082
0.679486
0.316334
0.278118
0.326401
0.258301
0.256178
0.366032
0.22714
0.201926
0.353086
1.16172
0.277242
0.267959
0.820327
0.337373
2.19417
0.256026
0.258704
0.781132
0.413027
2.30896
0.374276
0.852766
0.798928
0.177954
0.220112
0.168472
0.153871
0.164725
0.660389
0.307864
0.0859778
1.27513
0.104727
0.204775
0.112947
0.149869
0.135292
0.687716
0.280469
1.33617
0.210299
0.351704
0.0985273
0.178523
0.718456
1.2909
0.144481
0.0918239
0.286483
0.0928814
0.251815
1.46388
0.698505
0.264742
0.231698
0.182971
0.2669
0.349588
0.551231
1.11314
0.978197
0.373437
1.6366
0.160647
1.40409
0.371067
0.0825722
0.0867539
0.25107
0.364725
0.14249
0.62503
2.02201
0.215057
0.291623
0.270001
0.624854
0.191385
0.075429
0.273527
0.0933579
0.135477
0.262438
0.215871
0.18586
0.985887
0.102956
0.47829
0.409679
0.158274
0.320059
0.125614
0.22305
0.372596
0.440619
0.698232
0.173901
0.592657
0.189953
0.112374
0.141134
0.259567
0.233759
0.181965
0.517367
0.819102
0.414796
0.369849
0.880474
0.498973
2.18253
0.451359
0.181275
0.185786
0.571775
0.634122
0.501985
0.209981
1.1106
0.334094
0.207698
0.537669
0.21894
0.484003
0.228976
0.236193
0.281277
0.863848
1.59715
0.167575
0.276405
0.19609
0.499884
0.15225
0.275416
0.896853
0.223222
0.601644
0.116331
0.56281
0.418508
0.51922
1.4635
1.37485
0.179317
0.399219
0.268588
0.628888
0.279349
0.897167
0.197766
0.615398
0.683482
0.264048
0.225021
0.861876
1.266
0.816128
0.276559
0.515026
0.364897
0.529472
0.216635
0.527219
0.27541
0.0210029
0.410646
0.359072
0.32388
0.295478
1.13355
0.295521
0.345813
0.114339
0.485838
0.680094
0.87769
0.389034
2.19719
0.74425
0.678609
1.32862
0.241672
0.946396
0.600874
1.11697
0.8777
0.54416
0.290289
9.65193
1.39499
0.377369
0.662584
0.348289
0.620803
0.0788087
0.263006
0.320469
0.236845
0.181566
0.318995
0.811326
0.111306
2.16291
0.420654
0.222921
0.308946
0.502358
0.7258
0.385184
0.143896
0.285603
0.428874
1.09963
0.488402
0.706434
0.161326
0.548703
0.287895
0.364368
0.467952
0.936226
0.205035
0.214085
1.18494
1.77503
0.490026
0.361469
0.320099
0.287405
1.28582
0.319564
0.0898806
0.406151
0.989832
0.919862
0.236005
0.302442
0.88568
0.150184
0.235971
0.202926
0.225922
0.13384
0.794644
0.368252
0.74879
1.08252
0.206407
0.491973
0.157527
0.1956
0.527862
0.758938
0.563047
0.362836
0.62415
0.373475
0.182983
0.911926
0.13122
0.523505
0.744454
0.910614
0.502498
0.317329
0.132173
0.172881
0.356658
2.66548
0.0421184
0.152249
0.146509
0.298928
0.412187
0.143128
0.874205
0.14039
0.285663
0.893934
0.63439
0.649367
0.16434
0.555762
0.120725
0.184808
0.356409
0.696802
0.150438
0.344974
0.5755
0.389319
0.343067
0.153391
0.670439
0.374556
0.113902
0.896508
1.00796
1.25183
0.254749
0.49631
0.479679
0.276593
0.477735
0.382803
0.0932874
0.113965
0.646328
2.07564
0.823315
0.242713
1.00893
0.430295
0.208792
0.197412
0.528177
0.0697944
0.401831
0.225953
0.177495
0.175161
0.0560012
0.0685868
0.178503
0.62098
0.224093
1.16978
0.186589
0.465727
0.209546
0.467646
0.216815
0.204573
0.3429
1.55112
0.111231
2.08021
0.265025
0.157892
0.231087
0.991951
0.467323
0.352016
0.280822
0.197769
1.00601
0.766908
0.346602
0.176318
0.306769
1.01932
0.610556
1.15239
0.252161
0.798037
0.223287
0.215773
0.301941
1.56904
0.754082
0.67062
0.514074
1.78877
0.270456
0.105812
0.615551
0.3251
0.324524
0.521797
0.183612
0.232248
0.113301
1.74734
0.208643
0.587516
0.428896
0.69112
1.13487
0.173642
0.318991
0.144719
0.472227
0.0941762
0.879601
0.277773
0.420721
0.0985751
0.734661
0.958192
1.10357
0.153703
0.422551
0.391261
0.100767
0.61907
0.172246
0.112365
0.249379
0.714912
0.768431
0.401414
0.245714
0.349946
0.653044
1.46239
0.21919
0.232344
0.47314
0.284617
0.103355
0.428159
12.5505
0.323638
1.03122
0.275782
0.208207
0.43336
0.326691
0.161377
0.911642
1.40285
0.372604
0.42798
0.446025
0.347262
0.153511
0.159639
0.295419
0.184057
1.08056
0.639125
0.264009
0.23837
0.360278
1.14912
1.11249
0.3748
0.577059
0.126785
1.13016
0.749385
0.454861
0.0861585
0.551596
0.441609
0.374883
1.76714
0.4891
0.333146
0.201576
1.09366
0.292162
0.441526
0.658757
0.20923
0.347649
1.01815
0.737724
1.88891
0.438298
0.405074
0.474563
0.732695
0.566113
1.12719
0.532031
