0.0993587	3.22784
0.282971	6.18795
0.236465	7.99988
0.6885	6.60789
0.510813	5.63982
0.37131	6.63332
1.21917	3.51923
0.972564	1.32022
0.886225	3.12443
0.308789	5.8169
0.387769	7.63797
0.155836	3.23356
0.397307	3.31042
0.772743	5.20194
0.0548254	6.41295
1.00686	1.9814
0.302474	4.84845
0.646384	6.3826
0.283961	3.68993
0.262804	8.29191
1.11494	3.6705
0.759139	4.63294
0.187325	3.34294
0.263188	5.96464
0.0960195	4.33833
1.258	4.92685
0.149947	6.07183
0.216933	5.45391
0.263473	3.36567
0.161347	7.70466
0.0859214	5.69861
0.16224	6.40137
0.0804179	8.1746
1.13235	6.42743
1.06933	7.57097
0.782003	3.14631
1.89041	3.81499
0.40085	7.0723
0.27638	7.37794
0.378555	3.20504
0.192521	6.99012
0.516554	7.1859
0.109224	10.4876
0.0865976	10.0318
0.528703	4.45906
0.123818	2.21765
0.10348	5.94499
0.661928	3.22076
0.855783	2.6137
0.998218	2.98185
0.145147	4.41204
0.162668	5.98405
0.224101	4.5206
0.675294	4.93048
0.180939	2.00019
0.0457229	3.62801
0.200216	3.69304
0.895248	3.82256
0.0726838	2.8648
0.746278	4.05498
0.0576486	8.69717
0.209064	2.21577
0.305002	4.51922
0.734183	3.18827
0.411565	5.21163
0.0998715	2.60778
0.398932	2.53678
0.119355	3.02018
0.837637	2.56556
0.166291	7.83192
0.283946	7.41253
1.06616	5.09202
0.48734	6.96233
0.171576	4.46733
0.280301	3.64634
0.971421	2.53972
0.103659	4.35349
0.291063	2.60005
0.175409	2.05794
0.0872613	5.50347
0.187375	3.67711
0.16761	5.70504
0.701495	2.87155
0.0834664	5.33375
0.694622	5.12697
0.274859	7.78771
0.846448	4.42125
0.192584	3.64213
0.462227	3.38243
0.195529	6.12569
0.3895	5.42872
0.239372	4.47338
0.330161	5.92735
1.0262	5.59569
1.02756	5.78226
0.0954077	5.49575
0.175813	5.11011
0.0871303	3.08738
0.673951	5.40409
1.55629	1.66462
0.580912	5.74914
0.351951	3.05162
0.312043	2.75805
0.116816	4.85797
0.373721	4.26166
0.537058	4.27717
0.20294	7.46202
0.497038	2.03073
0.4253	3.40951
0.0593045	7.73346
0.151867	8.75034
0.202117	7.23464
0.308543	4.18204
0.133731	5.57133
0.119642	2.89475
4.40853	1.21071
0.169781	3.99058
0.12753	6.32143
0.235137	4.4589
0.144984	8.76098
0.191773	5.59674
0.949235	1.43444
0.490909	4.78011
0.898697	5.11705
0.0731358	8.29095
0.214281	4.79865
0.0795882	11.0266
1.22595	6.81823
0.737371	3.56973
0.790085	2.67952
0.957501	6.81274
0.322108	4.32067
0.317482	1.56799
1.05746	7.3062
0.341599	4.751
0.26573	3.6594
0.11791	4.07435
1.18315	2.68223
0.149437	6.94192
1.06833	1.38964
0.123941	4.53746
0.578447	6.10319
1.35595	5.83212
2.17098	4.16317
1.05735	1.89952
0.128308	3.15053
0.167685	3.1255
1.18778	1.76147
0.130649	5.86067
0.185989	8.33179
0.763481	3.97478
1.4748	2.46129
1.69343	2.72388
0.375276	1.48575
0.209757	7.75768
0.115763	5.65108
0.494724	5.95193
0.216492	2.3109
0.364772	1.64021
0.470685	5.07832
0.162614	5.463
0.319058	1.23117
1.59264	4.95492
0.397972	0.868606
0.335517	3.3761
0.568683	6.0035
0.342487	4.46349
0.327301	7.05733
1.13934	1.22546
0.991222	4.04859
0.810419	3.97207
0.84404	4.65313
4.28288	1.70171
1.12459	2.88002
1.34697	4.14928
0.954837	3.81285
0.677544	3.86213
0.462163	4.16419
0.51068	6.05305
0.88448	3.23929
0.93823	3.5151
0.30854	3.24123
1.11977	1.22974
0.375778	3.84991
1.01338	3.47931
0.271582	1.55402
0.286131	5.69619
0.238659	4.76467
0.468173	5.09294
0.146444	2.1167
0.0590969	5.00837
0.384526	5.58522
0.127258	4.27178
0.418201	5.70121
0.34275	5.03824
0.489381	5.65231
0.0615982	6.92957
0.977636	3.65032
0.157622	3.86498
0.457889	2.5847
0.171133	5.27154
0.293372	2.89196
0.777051	4.05795
0.388137	4.73078
0.144818	2.8238
0.124163	3.1891
0.326897	5.48316
0.105246	8.09075
0.459363	5.89024
0.231553	5.25209
0.142029	3.32596
0.419777	7.43988
0.356851	4.26217
0.0582923	6.11429
0.370305	5.56657
0.116136	2.46053
1.33966	6.62204
0.240663	1.71445
0.280813	7.04736
0.220992	9.07851
0.0877681	5.31932
0.565743	4.80664
0.138654	4.10877
0.315224	3.24631
1.30129	3.91912
0.747732	5.5827
0.143566	11.556
1.67358	2.21499
0.303182	5.74314
1.22273	4.89788
0.360646	5.21508
0.576501	4.95271
0.824511	3.67987
0.0348233	1.41062
0.156722	7.04681
0.32452	4.14898
0.515777	3.01752
1.46186	1.91984
0.122783	6.24772
0.340113	5.5963
0.684531	9.50993
0.381048	5.34027
0.23548	5.87131
0.175832	6.53358
0.236743	2.8609
0.123509	1.67855
1.53981	2.0994
0.930743	3.57936
0.338032	5.53177
0.3382	2.73779
0.73233	5.97265
0.172991	4.16198
0.203794	2.53497
0.173454	8.00786
0.11038	8.17761
0.672399	5.39375
0.920564	3.30301
0.295714	2.01342
0.0876673	5.53029
0.112777	1.77556
0.284229	2.45443
0.238411	3.89803
0.890269	5.81411
1.56426	2.86426
0.584373	5.27675
1.2767	2.14025
0.596241	3.9387
0.342593	8.03205
0.978337	6.49504
0.671518	6.06135
0.480085	4.49665
0.427996	6.29761
1.39046	3.44259
1.4666	5.02078
0.451612	2.74741
0.458765	3.74427
0.745471	3.82948
0.271525	4.5718
0.264933	2.70174
0.130403	4.12688
0.076614	7.68999
0.202372	5.4207
0.330459	2.86921
0.279211	7.12299
1.12989	1.87102
0.237973	4.72036
1.42876	4.15592
0.387328	4.01755
0.141711	6.74863
0.596729	6.67196
0.193539	7.49088
0.130656	2.56628
0.181796	2.72922
0.743001	3.70928
0.264379	2.61759
0.0942295	7.96585
0.389168	7.00163
0.104368	5.41048
0.264926	6.55017
0.127081	4.10788
0.42082	4.63721
0.219434	7.05376
0.493157	1.31266
0.112206	8.76724
0.396379	6.64772
0.102549	5.9874
0.537842	6.15031
0.194348	4.16017
1.54258	3.42346
0.118047	3.46876
0.182316	5.27379
0.0484923	3.64998
1.12186	1.83238
1.30555	2.17517
1.14859	3.30843
0.0723447	7.29116
1.22634	1.76559
0.0783173	4.82251
0.0911216	5.44313
0.230275	7.57283
0.250468	6.77219
0.256554	3.66686
0.158778	2.48612
0.405186	4.73718
0.283461	3.93156
0.320809	4.08038
0.114727	3.9478
0.0845122	5.26966
0.241916	3.46873
0.275459	7.83678
0.434193	4.5301
0.926558	3.17476
0.867421	4.62751
0.827154	4.49123
0.241872	7.58288
0.886078	4.20699
0.155348	5.12605
0.285979	5.24638
1.11265	1.4225
0.160229	4.77386
0.760133	4.1013
1.11742	1.59994
0.315298	4.80386
1.34516	4.26871
0.942789	2.26007
0.244524	7.9983
0.37638	3.95878
0.690814	5.04582
0.726825	2.17859
0.0536463	4.85835
0.858029	3.33682
0.706505	3.52954
1.40149	3.29215
0.0959418	5.77269
0.151994	5.69049
1.67041	4.17883
0.829693	5.21197
0.28081	7.66146
0.453512	5.14809
0.943525	4.16693
0.59897	3.46787
0.299762	8.60213
0.252369	5.83522
0.273487	4.17906
0.190381	8.44945
1.27922	5.05304
0.519724	5.68307
0.200845	7.12713
0.488637	2.16715
0.256657	5.04567
1.53819	5.23805
0.357908	6.45221
0.531761	5.40139
0.0579404	5.67866
0.27979	6.75263
2.23437	2.169
0.586582	4.60243
1.08537	2.45318
2.01906	5.27681
0.626656	5.2299
0.245608	4.7582
0.847869	2.21465
0.386719	4.62587
0.184543	4.15374
0.251675	4.80394
3.20605	0.798724
1.32206	3.05216
0.346765	1.28148
0.107415	5.18301
0.33464	6.72259
0.236733	4.65583
0.500536	2.45236
0.697212	2.68307
0.202053	4.19998
1.10487	1.22552
0.650976	3.20137
0.331232	1.98787
1.03318	3.53496
0.301339	3.75074
0.213038	9.13408
0.43571	10.2286
0.847214	3.19665
0.376182	7.09818
0.90931	5.89751
0.44319	5.29832
0.801015	5.95196
0.596465	5.8173
0.168545	2.21919
0.208952	7.60952
0.76988	3.53847
0.402346	4.06953
0.436729	4.11877
0.451045	4.59894
0.356086	1.82917
0.404739	4.70651
2.87729	4.4856
0.13393	7.84879
0.355045	3.22294
1.07746	4.07587
0.268335	6.95854
0.146661	9.41933
0.178402	2.13236
0.167999	7.30032
1.46083	3.64064
0.550079	4.51329
0.624566	6.26369
0.0519551	7.14598
0.277806	4.13258
0.730046	2.66192
0.442655	5.13875
0.102303	1.05447
0.133755	3.73127
0.135569	3.85791
0.128656	5.93099
1.16513	3.53875
0.11608	7.14576
1.16434	2.20744
0.18982	6.46312
0.266084	4.19529
0.330425	5.80918
0.10441	4.94574
0.298676	7.14646
0.215178	5.73013
0.407102	4.30157
0.306116	6.10906
0.153006	6.83971
0.311612	4.76321
0.245973	4.7975
0.515792	7.11689
0.225091	6.0684
1.53844	2.60608
0.0779113	3.418
0.137894	5.13017
0.12838	1.95846
0.875101	2.93464
0.263184	11.1364
0.948725	3.90238
0.354258	4.71936
0.322671	3.15185
0.0590675	3.68104
0.582446	6.91723
0.476758	5.26212
0.786876	3.93865
0.135922	5.81015
0.17861	9.49248
0.109455	8.76412
0.232391	6.0925
0.206472	5.49934
0.0786363	7.06274
0.0586676	10.0483
0.322189	3.35237
0.526987	5.09076
0.926621	2.02844
0.0648087	5.06477
0.217308	5.42875
0.0362758	4.64625
0.121519	5.09728
0.163347	5.05623
0.385557	3.5198
0.554251	4.66716
0.251655	4.26176
0.726143	1.72498
1.03645	3.747
0.327317	9.62402
0.863109	2.3226
1.45372	1.55087
2.79027	2.20525
0.0652374	5.75997
0.920326	3.87006
0.866313	3.44603
4.1615	2.05987
0.242679	8.94131
0.999196	2.58552
0.0637436	3.88219
0.694894	7.93913
0.18579	3.49916
0.254129	4.11659
0.73179	4.64401
0.234976	4.9682
0.068676	10.3104
0.217875	9.52864
0.994513	3.8282
0.952577	3.78076
0.0836114	3.29547
0.132872	4.04469
3.03697	4.72918
0.188357	2.83783
0.059246	7.39391
0.383162	2.81682
0.429173	4.50146
0.391584	3.30274
0.702901	4.63563
2.98019	1.5049
1.01329	1.81635
0.282653	6.97994
0.0625717	3.92774
0.0756871	7.33741
1.12269	2.61704
0.971267	3.00989
0.166154	1.71126
0.112562	2.26635
0.713712	6.92939
1.65533	3.46897
0.0652414	5.91515
0.15103	3.31843
0.497061	4.77689
0.169121	4.69757
0.110721	8.94682
0.453332	4.3063
0.649169	4.25919
1.39782	4.60823
0.133796	5.0965
0.511004	5.50977
0.168112	4.10346
0.49862	3.84603
0.215135	6.04349
0.389694	3.05499
0.333916	2.63522
0.218398	4.96842
0.100366	4.23174
0.155921	7.03996
0.0747157	4.81899
1.01163	5.03409
1.43303	3.45451
0.422368	6.34474
0.155552	7.58412
0.150997	4.82184
0.120263	6.75915
0.513383	4.69664
1.20644	1.51515
0.231884	2.39202
1.53773	4.8089
0.230702	7.54841
0.780123	7.65928
0.33478	4.84416
0.585708	5.25022
1.03246	4.20234
0.277061	7.89112
0.0527516	5.63351
0.686535	6.70476
0.349428	7.23705
0.172884	4.57039
1.26855	5.27847
0.428821	1.30492
0.486883	5.92104
0.636168	3.75113
0.0908167	4.63888
0.391035	1.96381
1.36699	4.5783
0.082502	1.77866
0.66814	4.9081
0.773033	5.61518
3.93016	2.01879
0.398014	4.52501
0.37496	5.08887
1.67676	2.48997
1.67156	2.97824
1.7269	3.62043
0.324824	3.47565
0.327298	3.34713
0.282647	2.96568
0.519764	6.6891
0.211239	6.7774
0.171711	2.51363
0.576068	5.31621
1.24009	3.06668
0.44824	5.3714
0.649967	4.34648
0.168163	6.8758
1.24664	1.44906
0.640699	3.84188
0.0713566	7.83096
2.56024	3.62831
0.153066	5.03428
0.366663	3.99127
0.154739	5.76779
0.135018	3.66713
0.446219	5.65113
0.145695	4.58202
0.205555	3.81456
0.117415	7.07776
0.273409	7.4394
0.744747	4.88774
0.188367	2.96871
0.210031	3.75119
0.331147	2.24273
0.273612	4.34169
0.12757	5.41495
0.0378791	3.56764
0.177534	9.31054
0.176725	5.03185
0.0761838	5.31555
0.221416	3.53948
0.147508	4.46988
0.85601	2.50249
0.196365	5.56714
0.239438	3.32358
0.60182	7.17761
1.38511	3.20654
0.239388	4.39355
0.170495	3.04174
0.222053	4.50867
1.17641	2.43753
0.243332	5.23505
1.76671	4.10177
0.679959	5.20292
0.417831	6.51671
0.319748	6.13245
0.350653	1.81616
0.331915	3.20633
0.358593	4.54186
0.251338	5.62753
0.924579	3.36879
0.311781	4.98643
0.199094	7.14
1.89523	2.6911
0.570277	4.09037
0.105485	5.43254
0.207796	4.39798
1.25816	3.65568
0.13821	9.68812
0.275588	6.59788
0.128098	5.25536
0.245682	5.08464
0.307749	6.5942
1.96906	5.94349
0.123034	1.32202
0.314597	3.22513
0.172739	2.64511
0.14661	4.93157
0.993782	2.02372
0.150946	3.2909
0.0928104	4.60742
1.1169	5.37621
0.672491	5.4543
0.465175	4.05593
1.39405	2.30205
0.563169	5.34685
0.217153	2.31962
0.215396	4.3334
0.674856	3.91145
0.263625	0.3863
0.828218	2.60236
0.498023	4.97388
0.290431	4.52009
0.477766	6.80133
0.0629121	10.1706
0.63196	4.814
0.094494	9.32589
0.163616	9.1586
0.208674	7.91962
0.698702	7.04397
0.811095	2.43443
0.274895	2.75294
0.313838	6.82437
0.384697	4.83813
0.891339	3.75907
0.909387	3.40609
0.175084	7.71913
0.612035	4.88312
0.99387	2.32025
0.272171	4.05097
0.642382	5.82932
1.14181	2.8107
0.0454275	5.14376
0.169542	3.30485
0.240623	2.56439
0.994457	1.75973
0.381328	2.30554
0.291327	6.93201
0.152936	7.63093
0.938149	1.90867
0.112472	4.91742
0.318707	5.56715
1.32944	2.78677
0.182084	9.19193
0.493897	7.48795
0.0938677	4.18634
0.235223	6.74416
0.297555	7.20278
0.212736	4.97743
0.541809	3.65897
0.200864	8.45787
0.162963	4.24757
0.4291	5.87471
0.129198	1.65777
0.406502	4.93282
0.936623	3.07809
0.814011	3.3098
0.285516	2.82863
0.806315	2.88212
0.185129	2.40611
0.166771	5.98623
0.151989	6.53252
0.128683	3.9076
0.731985	4.28421
0.53622	4.81853
0.167947	9.02482
0.283609	2.4593
0.259147	3.59493
0.157763	7.70235
0.612312	5.02796
0.825203	3.54927
0.165173	2.91266
1.50387	5.38039
0.144586	7.46326
0.294997	4.02041
0.385124	8.43727
0.610161	3.91208
0.120836	5.49271
0.379681	4.6478
0.38123	3.66291
0.178459	3.09959
0.184075	3.32549
0.354214	4.08288
0.225236	3.82704
0.103526	6.94738
0.291889	6.85625
1.12166	2.82943
0.244093	5.79574
0.232621	8.47276
0.340386	3.79637
0.119281	7.22136
0.569591	6.80493
0.549457	5.78877
0.478696	4.53879
1.07806	2.86315
0.296997	3.35376
0.274512	2.8278
0.189605	4.87237
0.0701683	4.17064
1.14741	1.98258
0.59612	4.80715
0.649142	4.35899
0.396097	6.1597
0.513102	6.32839
0.927958	3.83221
0.936882	6.00675
0.0569306	6.90342
0.0938032	3.25726
1.71361	3.68352
0.229498	5.73801
1.57253	3.20741
0.153159	5.31571
0.158602	1.92638
0.347484	3.51262
0.292772	3.99219
0.140004	7.31673
0.885469	2.14887
0.233641	4.33405
0.346864	5.1415
0.505624	4.7975
0.321407	7.65258
0.385345	5.17334
0.0784144	2.73327
0.639831	3.95008
0.0738846	4.26909
0.212005	6.70455
0.598976	4.67839
0.354168	5.83311
0.0978048	7.3597
0.125865	7.4658
0.363572	8.35113
0.799341	3.46247
1.05209	1.7035
1.21646	3.94098
0.0765206	7.79912
0.281739	2.67675
0.265616	6.6678
0.0601586	4.91059
0.237535	3.78728
0.929853	1.76464
0.326322	5.13309
0.273549	6.91038
0.120812	4.5108
0.206831	6.06813
0.410934	3.65361
0.787248	7.25209
0.905249	3.06526
1.10722	2.49755
1.61518	2.72368
0.418042	3.94708
0.14488	7.09045
0.185922	4.82764
3.63607	3.29272
1.10199	2.22844
1.29673	4.19659
0.185505	5.93479
0.225491	3.34899
0.61039	6.76607
0.579901	2.06538
0.141375	3.77191
0.671866	1.82597
0.313367	3.84725
0.635885	3.45987
0.16114	7.40337
0.712005	3.94788
0.124828	6.52774
0.345167	2.46416
0.253344	1.61799
0.385323	3.81318
0.981172	1.61212
0.307758	3.65187
0.61916	5.12376
0.406684	5.36266
0.105672	4.32434
1.27332	2.58669
0.0429508	5.21826
0.146308	3.01678
0.236169	3.86612
0.447843	5.90039
0.0549078	3.95764
0.126768	5.70616
0.107472	4.29156
0.33875	2.64376
0.102661	5.64226
0.13911	5.33469
0.717807	3.90305
0.134649	6.79507
0.0748451	6.22759
0.643982	2.27822
0.719696	3.94615
1.04883	5.38361
1.10227	2.83929
1.80224	3.80251
0.118966	4.01811
1.45407	4.20713
0.33057	4.10703
0.519853	5.5316
0.401438	6.6344
1.20824	4.23797
0.264133	4.61098
0.0621363	4.73718
0.18442	3.89439
0.182584	3.59765
0.172703	7.84974
0.415784	5.98745
1.01443	4.01359
0.637709	7.15501
0.709838	1.79841
0.110337	2.23247
0.394393	6.9379
0.0843494	7.21002
0.93888	1.79
0.203085	4.18488
0.174078	8.28484
0.15166	8.24369
0.072172	4.46732
0.282939	5.10228
0.154954	8.73323
2.2392	4.38048
0.353228	5.39174
0.0931498	3.15011
0.576072	4.42926
0.19556	5.9779
0.144931	6.80512
0.339746	6.21993
0.37556	8.11556
0.29933	3.11446
0.800546	1.04816
0.308487	6.40261
0.829946	2.27784
0.225808	2.87449
0.250825	5.10995
0.96635	2.14773
0.436078	6.45339
0.0469429	6.20997
1.75312	2.81277
0.18739	4.65657
1.18732	1.93238
0.189844	5.01728
0.252783	7.76785
0.256219	7.63143
0.326813	0.930887
0.59773	4.1393
0.494857	5.9386
0.253242	4.5709
0.166254	4.67073
2.81655	2.12034
0.313821	9.03768
0.156858	5.28819
0.131019	2.29973
0.13261	3.2419
0.964245	3.89972
0.571004	8.57146
0.191499	3.58566
0.243488	4.81045
0.145217	2.63262
0.277506	7.97614
1.26161	4.802
0.775364	2.27521
0.35115	3.77599
0.0797686	7.42204
0.159542	4.21518
0.208472	5.56466
0.28483	5.4349
0.112442	3.18458
0.985721	2.51059
0.0600815	1.86305
0.177241	3.24583
0.214712	4.1322
0.38171	7.71942
4.96787	1.69826
0.195994	4.36136
0.252254	8.02665
1.84772	3.89419
0.527592	4.91808
0.514424	5.0406
0.272484	8.02426
0.269891	3.72062
0.152543	9.72815
0.14395	4.57305
0.395815	1.78301
0.184947	5.22155
0.244945	4.39594
0.222345	4.8111
0.171077	5.27585
0.654915	4.79775
0.246969	3.37011
0.478703	4.8016
0.238171	2.12057
0.274544	3.62374
0.562525	9.16782
0.121195	3.23467
0.428221	3.49039
0.474146	5.31058
0.220828	3.44994
0.585111	3.28782
1.24552	3.46178
0.888534	1.80007
0.81753	4.03993
1.32033	3.01919
0.377104	7.17958
0.274344	3.9509
0.128574	5.46165
1.01877	1.76776
0.697045	4.46541
2.06815	1.55309
0.732098	3.91353
0.768502	3.68803
0.246076	3.48993
1.02359	6.44508
0.70743	2.43396
0.161937	0.903121
0.358452	3.7881
1.66767	3.06577
0.315081	7.24931
0.283813	2.8862
0.362591	6.45637
0.433644	6.23394
0.110156	6.67465
0.384097	6.2426
0.370764	6.7048
0.63429	4.86946
1.78962	4.72089
0.231836	3.21636
1.08462	3.17598
0.500812	3.82826
0.234288	7.34669
1.03563	1.13693
0.103135	9.34063
0.228116	5.36847
0.170211	2.44756
0.309273	7.14816
0.530349	4.58103
0.699491	3.75214
0.801682	2.73805
0.269831	4.33066
0.314939	4.51049
0.406748	4.21826
0.915563	5.22488
0.361852	2.37663
0.29915	7.87312
0.185867	8.7475
0.279248	4.21522
0.180023	6.86852
0.128357	5.84117
0.508203	6.89645
0.134517	4.12555
0.264682	4.75905
3.83191	1.08224
0.205281	4.08991
0.0759743	5.21008
1.97465	2.75148
1.24752	2.38608
0.566913	7.26911
0.416882	3.14953
1.30206	3.51766
0.176621	5.02559
0.193803	6.53463
0.267468	2.01304
0.15056	4.87512
0.365959	3.75923
0.386054	7.74889
0.502963	5.96041
0.449417	6.06393
0.178607	2.87004
0.0584346	8.10107
1.51664	2.2019
0.153973	7.8586
0.320675	6.9881
1.20691	4.06009
0.837008	2.27183
0.298924	3.4271
0.207871	5.42983
0.196001	5.65898
1.10544	3.96815
0.631894	1.645
0.130991	4.40225
0.069449	5.38347
0.151956	9.14992
0.27952	7.04293
0.478352	3.00447
0.0990508	4.26849
0.632825	4.14925
0.310052	2.53427
1.34677	3.87202
0.375485	7.4276
0.189326	2.84052
0.0803154	6.99474
0.168151	2.9585
1.05655	3.6978
0.0693045	5.63604
0.810802	2.17605
0.398989	4.54076
0.290249	5.87729
0.368396	2.40776
0.525718	6.06045
0.754997	3.64716
2.35874	3.86313
0.377997	5.68204
0.041688	7.48749
0.0587567	2.94021
0.0392451	7.27994
0.923993	3.2713
1.96936	3.46845
1.16718	0.707287
0.177527	7.26738
1.19039	5.57986
0.931062	2.73126
0.373471	2.36397
0.105802	1.60544
0.647634	4.39908
1.19836	4.21989
0.852787	6.04468
1.23684	2.11081
0.115451	6.99269
0.329321	1.69438
0.462302	3.16295
0.131485	3.79695
0.549358	6.2318
0.168466	2.90729
0.740295	5.28933
2.65591	1.80191
1.30621	4.55648
1.62534	2.31241
2.57869	4.43324
1.16546	4.23933
0.688567	3.61989
0.157534	5.19631
0.104643	9.83439
0.220034	3.43457
0.198172	2.56905
0.27387	5.32389
0.901478	5.32411
0.0389391	5.96554
0.207448	4.79434
0.689297	4.05838
0.261109	4.33808
1.44513	3.75545
0.154805	4.38299
0.226867	4.46342
0.452153	9.86489
0.219538	3.28353
1.33269	4.40801
0.198849	4.30333
0.185835	6.07199
0.189669	1.93642
0.735257	4.81101
0.530017	4.94602
0.124378	5.25537
0.247894	1.86791
0.509555	2.50932
0.172674	3.75717
0.374621	6.6723
0.282612	6.39768
0.180668	5.07177
0.263057	7.31894
0.1373	9.05207
0.152184	1.84338
0.169307	1.64171
0.971506	5.67097
0.305049	0.498912
1.3955	4.55083
0.139375	4.1803
0.104471	1.98101
0.121921	9.02303
0.190355	1.82472
0.120569	2.90294
1.0702	2.33343
0.0340482	4.75511
0.320392	0.726635
0.0686543	7.87113
0.121462	3.10462
0.246029	4.08888
0.60566	3.94612
0.147618	5.72626
0.730085	3.35774
1.49269	1.13449
1.17397	5.48783
0.0235411	5.35593
0.769773	6.56226
0.101178	6.51196
0.322949	6.61856
0.24571	4.55304
0.125998	4.69203
0.0935722	5.20568
0.186902	4.13912
0.651804	3.87972
0.127646	2.0064
0.0650682	10.4878
0.043318	9.63603
0.0800291	6.57258
0.299229	4.56751
0.498528	6.79531
0.518282	4.95691
0.683058	1.43072
0.536075	5.00905
0.438293	3.55483
0.108187	6.08392
0.115714	4.78098
0.282525	4.0411
0.123009	8.33878
0.342633	5.57411
0.186615	3.73646
0.113078	5.60134
0.182989	3.7878
0.195754	4.76456
0.0789193	6.95871
0.135364	2.25267
1.06657	5.32715
0.22621	7.06443
0.127552	1.65536
2.44406	2.26079
0.325893	3.48647
1.13669	3.51075
0.529989	8.50466
0.908144	7.2103
0.0755723	3.12883
0.106463	4.38333
0.347544	4.57528
1.44306	3.11904
0.566833	7.92277
1.51941	3.07666
0.646238	3.75567
0.580103	4.1754
0.246714	6.52193
0.26921	4.58437
0.218669	10.5059
0.220928	8.17453
0.449276	6.04752
0.133869	3.55041
0.206459	2.69387
0.293337	4.72056
0.52644	5.43081
0.978124	4.93551
0.224691	2.61879
0.131883	6.59106
1.46169	3.54297
0.52293	4.83806
0.226477	3.75762
0.112002	3.27551
0.179903	5.35234
0.241863	4.85575
1.03102	2.86048
0.932707	6.30072
1.03477	2.65322
0.126434	4.39635
0.0553561	2.15503
0.446921	6.88341
0.224181	1.09284
0.173106	1.25986
0.306581	5.89021
0.501118	2.83181
0.263191	5.61789
0.0834588	4.63992
0.463608	3.80984
0.125858	5.52954
0.258297	4.59162
0.271238	4.62902
1.20524	3.88588
0.323024	5.10813
0.217643	4.71385
0.235646	5.58324
1.03314	2.01276
0.382038	5.41724
0.414635	4.20838
1.19886	1.52078
0.420679	6.69082
0.416954	3.29144
0.596184	4.63829
1.44905	2.16452
0.325311	3.489
0.431246	4.81552
0.166382	5.17981
1.20761	5.24989
0.50304	3.33226
0.133889	1.92265
1.55918	4.83687
0.0376399	2.2839
0.230159	0.65552
1.01578	6.67929
0.268616	4.49568
0.794484	1.88376
0.122156	4.86307
1.54111	2.21072
0.080199	4.80754
0.141482	2.60326
0.253899	6.7493
0.376779	6.43983
0.0563427	5.65705
0.900616	1.86812
0.220081	11.8099
0.714797	3.66409
1.87008	3.57155
0.95688	5.10522
1.64254	2.8468
0.55089	5.62005
0.0531625	2.7053
0.343639	6.28841
0.194986	1.5996
0.351637	3.47348
0.155975	9.95341
0.331896	9.06959
0.293038	2.1728
0.410239	2.25067
0.14817	0.160631
1.10394	3.51692
0.320769	5.80872
0.179011	3.42963
0.190784	4.97341
0.161441	6.4647
1.0505	1.76916
0.112131	5.13218
1.39221	2.91179
0.325539	7.85802
0.460984	5.04107
0.308835	6.87421
0.192343	6.8767
1.50652	2.13637
0.20362	4.2789
0.441597	3.11874
0.695021	6.29361
0.0902227	2.94897
0.247626	3.45377
0.257641	7.68099
0.784841	3.30684
0.615942	4.79149
0.272242	6.96965
0.78313	3.45117
0.0847136	5.72681
0.32939	6.53714
0.32868	2.67233
1.55789	3.18042
0.178216	8.61587
0.352323	5.59566
0.543804	3.64991
0.388597	2.06335
0.654567	6.77191
2.01274	2.34477
0.677235	4.49305
0.217203	4.90736
0.218303	3.07212
0.833896	5.75267
0.403963	2.38925
0.264954	6.49506
0.264922	1.9718
0.20249	8.44355
0.331664	1.78545
0.307227	9.82952
0.0452376	6.32005
0.129565	5.23502
0.695995	5.26407
0.41553	4.17294
0.361176	8.26438
0.273541	8.88311
0.125138	5.44359
0.476867	5.73171
0.130393	5.15552
0.0856804	11.4861
1.05436	4.34421
0.563256	4.48225
0.190068	5.37403
0.476813	5.47545
0.192224	10.1375
0.074939	4.94453
1.35978	1.93695
0.33393	2.35381
1.07918	5.761
1.22711	2.01503
0.541319	4.77277
0.856269	6.04288
0.15825	3.00106
0.148788	4.27051
1.0589	2.97386
0.321209	4.70146
0.493685	5.99581
0.170021	0.577347
0.0796522	7.01073
0.71299	1.626
0.328857	9.12241
1.14334	6.75735
0.207873	5.64058
7.12938	1.99804
0.181042	3.86842
0.563889	7.67018
0.123172	7.04164
3.59865	1.37195
1.11244	3.83812
0.669641	3.6201
1.00888	7.20169
0.0716117	7.48532
0.352781	5.12627
0.404552	7.86506
0.113892	5.05761
0.417826	7.49997
0.876985	1.61177
0.679467	3.29939
1.02109	3.78887
0.174326	8.59084
1.28406	7.07106
0.185374	1.80077
0.738034	1.45646
0.150821	6.00145
0.379409	7.35159
0.326068	8.98917
0.194485	6.07086
0.455567	4.9911
0.906501	6.17991
0.165389	2.5427
0.403298	4.2393
1.07299	1.79742
0.444181	6.65236
0.130517	3.87153
0.527007	4.52048
0.423258	3.12631
0.57235	6.25657
0.316628	2.99846
0.675328	3.08104
0.297235	4.58714
0.261038	3.55067
0.0871861	1.79733
0.636439	5.04248
0.430006	3.94854
1.1615	4.25086
0.568832	2.75431
0.3928	2.05742
0.623107	4.66187
0.150698	3.08617
0.108684	3.47002
1.51607	3.65472
0.390319	5.50097
0.524847	3.23679
1.12885	4.54911
0.210228	2.01983
0.0985266	4.71835
0.709316	7.25776
1.16143	5.66129
0.997779	2.77374
1.13575	2.16082
0.290454	7.54993
0.114896	5.88544
0.528066	5.70288
0.134392	1.87592
0.255509	3.47523
0.209222	7.47659
0.370291	3.60312
0.186253	2.54406
0.230976	4.51468
0.0761043	5.27835
0.920917	3.76699
0.0471425	5.31823
0.263614	2.60103
0.34134	6.97353
0.467265	5.37321
0.499014	3.67651
0.0781317	6.3056
0.517578	7.53762
0.171842	4.92392
0.165752	1.66497
1.11381	2.88885
0.0920408	5.01894
0.0714873	6.17081
0.169217	6.96922
0.857096	6.91685
0.337629	7.79038
0.119087	4.06281
0.492332	3.04268
0.467417	5.6608
0.989703	3.01415
0.0604	8.02045
0.250297	2.9814
0.46049	8.26256
0.26994	3.43359
0.358005	4.63284
1.78068	1.45825
0.611213	6.70281
0.326793	2.74732
0.27044	3.99471
0.0634756	2.62054
0.325882	3.48268
0.203308	6.37907
0.207198	4.61298
0.367812	3.48223
1.96195	5.13938
0.233371	6.93758
0.988482	3.64361
1.41653	3.0264
0.211093	3.03797
0.160402	7.98825
0.166907	9.10127
0.161459	5.6662
0.784122	5.65114
0.166123	3.62938
1.2416	3.69442
1.87143	3.61625
0.193834	4.40667
0.264538	1.89531
0.4177	6.04983
0.13568	2.00217
0.0638732	7.68322
0.501984	8.30969
0.380292	5.12623
0.283173	3.34346
0.0840776	5.5438
0.24732	2.78235
0.462683	6.43414
0.170711	3.51556
0.265683	3.5575
0.49952	5.67289
0.137137	6.43689
0.884708	5.20589
0.93648	2.39596
0.2323	4.89729
1.20101	1.40135
0.193428	4.08086
0.315558	5.3497
0.374854	6.82257
0.511184	6.93021
1.38677	4.75097
0.295279	7.64442
1.21142	2.44049
0.231964	1.00349
0.201122	5.40934
0.281693	7.51636
0.232068	6.55994
0.0860597	6.49325
0.680108	5.17343
0.382838	6.43043
0.101883	3.42687
0.955104	4.2891
0.257762	3.38271
0.413024	5.75041
0.616104	6.78341
0.891636	3.83679
0.0880758	7.67723
0.613035	4.57339
0.187298	8.90365
0.230798	7.42891
0.123726	3.87534
0.0270748	2.82367
0.174361	5.16368
0.659236	6.78338
0.612376	4.57352
0.13526	7.90483
0.986523	6.40706
1.29686	4.70442
0.680852	2.69445
0.0563092	7.10835
0.889291	3.3371
0.701775	1.78957
1.08965	2.97677
0.218248	4.72251
0.568099	6.68829
0.240531	7.2961
0.857548	5.5556
0.146691	3.1021
0.244273	5.47417
1.15482	1.05564
1.21222	0.887134
0.334832	2.33623
0.792623	7.09954
0.781902	6.55068
0.3421	6.16871
1.52949	2.9563
0.23561	0.88337
0.809302	2.7404
0.407841	5.28556
0.121917	6.18221
0.548431	5.05245
0.355682	6.21743
0.268963	4.05226
0.351503	5.39996
0.105177	3.65215
0.0739947	8.00815
1.29284	4.69223
0.109711	4.07779
0.218383	4.24184
0.215727	1.51078
0.631949	3.02107
0.135088	2.69617
2.24133	3.07456
0.833045	0.770581
0.296543	1.85394
0.293137	2.22461
0.332618	3.13553
0.269381	2.08215
0.312891	5.13057
0.350642	3.81349
0.290838	6.97164
0.821596	2.8727
1.44395	3.24812
0.144756	3.53447
0.877282	7.23529
4.28608	2.40192
0.132018	2.6043
0.136948	9.71404
0.127668	9.63015
0.159694	6.38303
0.892943	2.98257
0.322837	4.30336
0.547008	5.37771
0.408567	4.3567
0.304142	6.73528
0.646777	5.42033
0.300593	4.7041
0.101999	3.76922
0.187494	8.9714
0.0346015	5.1116
1.40693	2.3946
0.933744	5.36546
0.221748	6.12932
0.0581238	1.71041
0.035871	7.03609
0.310442	6.7975
0.216287	7.81043
1.09198	2.1775
0.972577	3.46524
0.0939636	6.41235
1.34174	3.52941
1.0353	2.34788
1.44081	3.72794
0.134324	4.41656
0.191585	5.80951
0.953773	5.52599
0.283768	6.33741
0.602296	6.60963
0.935885	2.30055
0.397583	5.23986
1.04758	1.19951
0.0950483	3.29882
0.216178	6.10891
0.293686	2.92781
0.501787	7.63148
0.283797	4.28294
1.29639	1.84856
0.286765	2.10532
0.83651	6.72078
1.08882	2.52315
0.143256	4.57987
0.214654	4.03532
0.233493	5.92428
0.272899	5.61173
0.101106	6.5904
0.0756816	6.80583
0.230621	3.85227
0.26315	2.70276
0.0882009	5.35783
1.02729	3.4012
0.440989	4.98708
0.748387	6.24071
0.628609	4.62184
0.195974	5.48865
0.387818	6.01592
1.73286	2.68145
0.39799	6.02136
0.907687	2.84696
0.172969	3.44315
0.424867	4.42615
0.31687	1.60352
0.945748	1.78354
0.65725	3.15553
0.164562	8.38591
1.08207	3.26871
1.36179	2.68928
0.174864	5.48491
1.14257	5.3716
5.75055	2.32468
0.126425	5.76957
0.149468	5.46171
0.158538	1.70444
0.161769	7.13628
0.475799	1.46511
0.204281	6.02468
0.954013	2.74985
1.24543	2.11261
0.427074	6.06498
0.16213	1.49711
0.161262	8.09604
0.213992	3.80314
0.234529	3.15836
1.31338	2.56998
0.297802	8.28855
0.195787	0.343907
0.66014	4.12012
0.501065	5.991
0.0526566	3.76236
1.05852	6.64831
0.816813	3.28583
0.12412	4.0236
0.0899441	6.52318
0.247485	2.07819
0.106572	3.78509
0.164352	9.41431
0.121949	6.53198
0.536554	4.79808
0.420489	5.91587
1.34391	2.78597
1.34426	3.10104
0.113299	2.03445
0.0915625	3.23677
3.33712	4.27842
0.41297	2.91927
0.642724	3.77528
0.299479	5.90558
0.813554	3.56995
0.599261	3.77593
0.0775834	4.24907
0.731198	4.00387
0.235072	5.67918
0.0997246	2.69685
0.759408	2.98915
0.136512	4.09216
0.356541	4.50125
0.0590062	4.38909
2.23811	3.15342
0.758166	3.7532
0.268387	1.44389
0.114129	6.81863
0.180734	4.90893
1.10759	2.8618
0.259132	4.6563
0.93821	2.35323
0.100798	4.71904
0.394306	6.66855
0.266218	3.64604
0.373873	6.77339
0.168555	4.60187
0.560228	5.47371
0.281856	6.46448
0.776069	2.78275
0.225071	3.59631
0.0881205	7.99826
0.701861	3.72445
0.975492	4.31837
0.402878	5.38889
0.408479	4.86173
0.319635	2.89364
0.490559	4.89847
5.61274	2.63618
0.179179	6.71014
0.337343	3.27095
0.0877878	7.95487
0.533717	3.3874
0.130711	2.35785
1.36246	3.57597
0.360036	2.95354
0.384934	2.36895
1.42613	6.83952
0.321303	1.37589
0.215292	6.78683
1.1654	4.51598
0.449276	5.149
0.0695759	3.53026
0.371816	5.89438
1.00765	5.33423
0.086643	5.31269
0.0343837	5.77529
0.308057	7.14397
0.213641	2.57148
0.148106	7.9122
0.358111	7.69645
0.501673	4.78948
0.211634	3.73329
0.564591	4.33922
0.224741	6.44223
0.303899	3.58291
0.539832	6.04639
1.32187	5.99106
0.885175	4.05674
0.0581979	8.02487
0.781631	2.71807
0.832236	3.48003
0.17186	3.43231
0.0588605	6.01301
0.0805123	10.3003
0.256505	3.16533
1.12533	3.06562
0.1467	4.44509
0.743224	3.9904
0.374099	1.50431
0.101215	4.47563
0.47501	5.57982
0.889894	1.5764
0.147158	2.09756
0.227486	3.81805
1.03043	3.00051
0.0764803	6.74094
0.391436	4.96282
0.18349	1.56665
0.486525	2.20844
0.309974	3.33642
0.481294	5.47066
0.0970736	4.50655
0.245184	3.74721
0.329292	4.91797
0.862033	1.6269
0.138107	8.71583
0.349449	3.24471
0.173658	1.72422
2.78764	3.70787
1.49119	6.79423
1.63167	2.70536
0.194972	7.63156
0.354155	2.69924
0.393576	4.12298
0.118409	5.4847
0.163687	3.5983
1.59505	4.42886
0.276665	3.91301
0.193585	7.56759
0.372512	5.51684
2.42658	3.7751
0.351419	1.21642
0.350256	4.99651
0.345081	9.48416
0.641451	4.7877
0.211442	1.40096
0.132012	7.61159
3.23815	2.29354
0.562616	5.46137
1.02994	2.54493
0.184239	8.12476
0.345129	2.16079
0.63391	5.2768
0.157971	6.71085
0.253733	6.11713
0.185113	4.38769
0.73098	4.20544
0.174449	3.53507
0.0674164	5.23784
1.09328	3.32638
0.793879	2.66609
0.298018	6.11629
1.42568	3.16493
1.11609	2.56769
0.163681	9.08414
0.12252	3.50317
0.212875	2.93047
0.275602	3.99018
1.11132	1.09207
0.148772	3.85321
0.286638	3.19538
0.122093	3.80975
0.413838	5.8175
0.452393	2.97701
0.230395	3.96016
0.212106	8.81088
0.21288	2.26526
0.392758	6.92024
0.270678	7.71495
0.470774	4.8399
0.715812	4.29889
0.182868	2.71624
0.128361	3.28556
0.263401	4.32607
1.67169	3.31483
0.175997	3.15913
0.945804	4.73962
0.111302	7.8542
0.262322	8.85933
1.56449	2.08209
0.329245	5.40183
0.26702	7.24204
0.676649	5.2551
1.14222	0.352872
1.26127	4.77319
1.55097	1.92564
0.88983	2.00707
0.196627	3.32473
0.339809	3.80457
0.749675	1.88028
0.203617	5.39154
0.466195	6.24073
0.240826	3.67151
0.114683	6.19602
0.133243	7.94108
1.0778	2.51572
0.156846	9.24232
0.277546	6.54896
0.311522	4.18852
0.285968	2.22254
0.135547	4.85193
0.884013	2.87746
0.18033	3.18256
0.31165	3.88516
0.218939	6.49814
0.340905	3.92851
0.223728	3.75153
0.555109	4.34286
0.273976	6.6952
0.400207	8.889
0.710771	3.46652
0.062183	10.1569
1.08082	2.40818
0.144993	4.97244
0.183403	8.09007
1.45552	1.72025
0.397422	6.07861
0.189448	8.51611
0.158153	10.0746
0.278814	3.76754
0.332816	3.13977
0.604279	5.80114
0.296883	3.15726
0.250849	2.44384
0.250064	6.24604
0.134102	8.45185
0.904	3.02797
0.702732	4.18445
0.394584	2.59308
0.14106	3.46873
0.110644	5.53777
0.626935	5.42017
1.95216	5.52187
1.17513	2.81847
0.785314	5.61576
0.0734065	3.07543
1.48601	6.9407
0.222736	3.14149
0.239088	7.22391
0.232757	5.15287
0.193803	2.9191
0.160896	2.00541
0.139405	2.32965
0.995639	3.80572
0.328828	1.78776
0.466455	8.16672
0.848221	5.74357
0.364672	7.04674
0.191645	3.4256
0.242803	3.79447
1.11253	2.94468
0.162168	4.37948
0.460785	2.70794
0.278962	4.38964
0.331158	9.6468
0.301753	2.14551
0.765657	0.62038
0.35929	5.86494
1.22675	3.90698
0.446766	6.32293
0.208533	1.96969
1.28453	2.22737
0.143972	3.7734
0.213465	3.9018
0.722025	5.02847
0.274497	5.11856
0.31231	5.53675
0.0826697	7.47071
0.0958002	5.32105
0.199083	3.20173
0.222345	8.19439
0.417473	2.85678
0.271113	6.00631
0.571541	6.75455
0.384173	5.22324
0.140603	4.60508
0.235202	6.6069
1.42908	4.66296
0.213348	1.61199
0.447303	11.1069
0.442184	4.24461
0.198608	6.6952
0.278858	6.60577
0.520584	5.5486
0.796181	4.5222
1.8375	1.77897
0.219494	4.05932
0.617029	7.62299
0.694937	4.52815
0.385658	3.94185
0.143697	3.70897
0.221242	1.47025
0.321123	6.08122
0.153782	3.73028
0.289128	4.42214
1.58324	2.36549
0.178578	3.40617
0.159641	4.2276
0.242151	5.37639
0.492144	4.73747
0.139017	9.3241
0.526937	4.8299
0.324001	6.96731
1.08268	4.43615
0.30102	1.80687
0.331943	9.42301
0.129453	3.39252
0.91518	2.42787
1.16728	1.74899
0.237663	6.13579
0.212991	7.1162
0.119468	4.5148
0.40089	5.96284
0.150534	4.78593
0.50759	3.93135
0.779241	3.0433
0.15124	4.90324
0.177592	8.51372
0.272031	4.92022
0.158138	7.82481
0.716643	1.97917
0.18589	2.86617
0.374264	3.72079
0.579198	5.12099
0.0773574	6.57532
0.572147	4.09579
1.16365	2.85604
0.165939	5.02193
0.203616	4.81616
0.122969	4.14966
0.273939	6.49124
0.559927	5.69418
0.373597	4.98594
0.264961	3.94854
0.212999	10.2935
0.0895415	6.09751
0.804782	3.60106
0.936793	3.14054
0.411538	5.91521
0.392356	4.24651
0.603788	4.26595
0.322005	6.86555
0.056662	9.50839
0.394463	4.35403
0.523728	9.24837
0.262795	8.38291
0.467874	8.00382
0.171213	3.06986
0.366221	5.55334
0.676307	3.03597
0.415171	4.0684
0.237621	4.66543
0.753246	4.72173
0.128714	4.42924
0.259107	6.42017
0.156246	4.81839
0.228206	5.39279
0.530158	6.6251
0.110415	4.16384
0.206008	3.5093
0.408738	1.37472
1.10354	2.2243
0.142029	5.0294
2.08616	5.35398
0.274827	3.77127
0.245216	3.4965
0.268812	7.02477
0.702422	2.41403
1.8248	4.8498
0.793075	3.09743
0.428339	4.88778
0.450839	4.96792
0.0899045	7.0185
0.0455666	3.8593
0.110643	1.21571
0.361571	3.40708
0.0869328	5.36725
0.263786	3.3183
0.355515	7.13248
0.300755	2.75107
0.436262	6.26746
0.447093	6.69458
0.206607	5.17627
0.160653	9.12817
0.768015	5.40041
0.263251	3.38935
0.280823	3.11351
1.00643	2.36215
0.239974	7.86636
0.35772	4.48406
0.762107	8.24597
1.0512	1.96196
1.35807	3.19839
0.243804	10.6265
0.15983	2.25841
0.41054	3.16248
0.464008	4.99087
1.00412	3.72608
1.1751	1.50835
0.751943	2.43665
0.301545	3.44097
0.316603	3.9894
0.291521	5.59522
1.29103	2.32825
0.200986	7.63606
0.242689	5.2178
1.2697	2.90579
0.268794	4.94226
0.567879	5.0433
0.12694	7.73311
0.211985	4.85906
0.095151	7.82581
0.6439	4.69976
0.306802	6.88538
0.100619	5.4386
0.267607	3.00334
1.44594	4.74746
0.499988	5.65716
0.127422	6.70655
0.75116	6.38361
1.15595	4.20781
0.723983	3.74324
0.391262	3.55793
0.159564	3.43342
0.215406	8.34445
0.0996578	5.6582
0.965598	3.87745
0.0491009	5.98906
0.158827	9.26147
0.0834403	3.75699
0.604412	4.87822
0.110448	2.61639
0.269735	4.48938
0.115106	4.33032
0.14621	7.63223
0.0945958	6.41378
0.431785	6.09244
1.37675	3.47523
0.236568	7.99235
1.17775	2.55331
0.17643	5.43889
0.289036	6.25257
0.202348	8.12237
0.258954	5.23555
0.992528	5.22158
0.161349	5.08831
0.110208	4.77067
0.299319	3.69423
0.16364	6.18346
1.33442	2.38
0.114049	5.83575
0.223805	7.05153
0.0228085	4.23767
0.245002	4.03979
0.20204	4.97492
0.623818	5.64845
0.700841	4.65181
1.84914	2.86493
0.852135	2.72966
0.251267	3.29629
0.271533	2.75382
0.0973567	0.502062
0.415097	5.76381
0.641103	4.14703
0.59522	1.53048
0.609495	3.53624
0.0797398	6.19869
0.132299	4.38175
0.470567	7.42406
0.21818	6.83663
3.19636	3.07961
0.296493	2.37686
1.01734	3.01831
1.31731	3.26247
0.168621	7.14907
0.330383	3.10885
0.200654	8.90688
0.268449	7.09465
0.111361	0.7718
0.502597	5.5248
0.333941	2.08555
0.189899	1.86752
0.473222	5.90909
0.198171	3.35532
0.332769	6.22686
0.0898477	6.75968
0.396511	2.65656
0.741509	2.87675
0.134025	6.66979
0.130254	6.38087
0.258446	5.24147
0.0384721	4.58249
0.607784	5.53858
0.241812	6.78123
0.0870014	9.1517
0.218287	7.93394
0.353079	2.9536
0.837287	5.20055
1.36161	3.59516
0.812725	3.31905
0.65853	4.33157
0.455809	5.33791
0.100861	6.12504
0.106441	3.32921
0.536989	1.40111
0.0701949	6.89408
1.26689	2.08222
0.196992	4.48543
0.339285	2.80825
0.253398	5.6393
0.636992	4.25857
0.271435	5.4835
0.2145	8.08335
1.26294	2.55018
0.458036	5.45745
0.690633	7.15702
0.317215	1.3182
0.641502	1.8678
0.488932	4.36871
0.830978	4.49145
0.338049	3.28823
0.186495	9.2482
0.202118	3.95753
0.10356	2.64147
0.165448	5.5443
0.298579	3.07608
0.0956948	3.97026
0.717629	5.77489
0.183939	6.79226
0.719252	3.06244
1.66571	2.78733
0.224172	8.5365
0.291568	6.71851
0.118235	6.14936
0.20911	2.23291
0.459981	6.96814
0.171361	6.005
0.326357	5.12234
0.131783	1.81088
0.461712	1.19602
1.15074	4.88768
0.613996	4.17484
0.845746	1.67059
0.314256	4.79689
0.322756	2.52341
0.438386	4.97108
0.521604	3.01979
0.82441	1.68346
0.299928	7.37163
0.566323	6.67593
0.951103	5.03757
1.23392	4.69407
1.79718	2.63592
0.163696	2.63536
0.124169	7.9144
0.313564	4.70429
0.940482	2.59934
0.330802	7.27848
0.865532	5.18665
0.186209	8.53287
0.247363	2.55254
1.22491	2.92788
0.30023	5.33761
1.34879	4.30979
0.554567	4.80973
1.10182	2.0244
0.230969	3.99573
0.616786	5.78417
0.0931394	6.27437
0.48861	5.52133
0.341966	8.55855
0.204988	2.37385
0.0965779	6.50593
0.49399	4.85882
0.217631	2.86297
0.53249	2.36753
0.490789	1.00507
0.319273	5.52089
0.332096	2.69443
1.10232	2.98771
0.187552	8.62842
0.181344	3.66847
0.274494	4.72793
0.657089	3.13067
0.0426263	3.84791
0.331939	2.39735
0.223286	7.1076
0.168721	4.92893
0.135972	2.02831
1.53897	3.21803
0.381037	3.96942
0.0625722	2.21638
0.332319	1.70956
0.495918	3.95161
0.861649	2.85963
0.138927	6.73047
0.71223	5.75986
0.0986605	5.82459
0.11564	5.7131
0.213528	0.578214
0.248436	8.2842
0.243163	4.42132
0.0623245	5.284
0.134785	5.48866
0.212833	2.60611
0.179322	4.17507
0.146438	2.04474
0.754905	1.82773
0.161059	1.98736
0.175361	4.47223
0.353784	5.4983
0.207573	5.41477
0.705888	3.81926
0.538397	4.81662
0.334713	2.16921
0.203219	4.43836
0.0464623	4.03785
0.773511	5.10098
0.29805	8.46321
0.106512	3.8076
0.261225	7.8381
0.170118	2.00889
1.08691	3.93487
0.445791	6.38676
1.03374	0.690377
0.313182	4.77329
0.0804427	6.13453
0.347934	3.11389
0.377612	0.510106
0.921733	2.70345
0.150423	1.72973
1.62738	1.1632
0.563432	5.07579
0.816598	2.32206
0.220667	7.33213
0.241601	5.63771
0.775476	3.69537
0.157487	10.9026
0.303778	5.17734
1.60031	3.51543
0.518353	5.671
0.208113	3.91131
0.112664	9.06017
0.908122	6.88092
0.652966	4.81759
1.09571	2.54004
0.0794897	6.70032
0.671227	5.20483
0.364185	6.22457
0.432829	3.53173
0.983351	3.32663
0.0969645	7.31483
0.217294	3.2209
0.229997	4.84472
0.17743	4.457
0.754226	2.69843
0.500077	4.63217
1.01842	4.91623
1.34704	1.0541
0.521643	3.4285
0.478117	2.02779
0.88955	1.95181
0.531886	8.759
0.22644	6.45444
0.6427	5.33845
0.403645	5.25671
0.239909	2.39086
0.0681645	4.00959
0.936157	5.87916
0.180116	8.37218
0.646761	5.83094
0.424746	2.32799
0.0468239	4.50318
0.368116	5.71636
5.04065	3.4368
0.898533	2.12862
0.815907	4.47349
0.191071	5.63498
0.275485	0.830666
0.149633	4.70907
0.10744	8.22028
0.155459	3.60803
0.0452428	6.45856
0.589129	6.58046
0.015403	4.28001
0.106641	8.04084
0.464826	3.88391
0.0831064	5.17526
1.26763	2.38255
0.8201	6.52206
0.413395	2.57445
0.728313	5.1507
2.26113	4.26192
0.21465	4.21178
0.283843	4.00596
0.166943	4.92334
0.572392	4.56559
0.28381	4.40878
0.0891906	5.8941
0.197028	4.71993
0.262642	4.049
0.141721	1.15952
0.375615	2.73728
0.246779	6.79571
0.280033	2.9859
0.448375	1.33065
0.466761	7.80448
0.545482	3.83123
0.276087	5.00289
0.247095	3.4578
0.585028	7.62857
0.432847	6.64341
0.379279	8.78724
0.793706	3.18971
0.934492	5.81726
0.470843	2.40607
0.988151	1.75739
0.145665	5.00344
0.427544	6.53884
1.25387	1.49708
0.178632	5.0073
1.02129	1.3682
0.4033	4.15113
0.155221	1.64801
0.263911	4.99564
0.146937	1.6809
0.223618	1.32369
0.267045	7.45502
0.119555	5.86888
0.245299	0.753592
0.0676281	5.67034
0.238865	5.61588
0.329405	8.34259
0.769537	3.54688
0.040135	7.05779
0.712512	3.5391
0.173672	3.7317
0.168133	6.98681
0.0766127	3.24569
0.342137	9.95623
0.231624	3.54133
0.592118	3.9
0.0815735	2.49182
0.306438	4.71474
1.54073	4.35273
0.725571	6.74234
1.38094	3.98505
0.750505	3.13799
0.334086	6.39339
0.214916	7.06167
0.193041	1.27032
0.204005	5.42891
1.41445	3.3283
0.54589	4.85967
0.25377	3.64032
0.184545	3.03594
0.135772	4.00475
1.33738	3.01137
0.263648	4.53468
0.431704	5.59283
0.295278	2.60292
1.47746	2.34466
0.670458	6.53097
0.127481	5.18328
0.680887	5.37216
0.191963	3.25603
0.160104	2.1226
0.160022	7.24668
12.1586	0.663595
0.627453	3.60349
0.168595	2.52167
0.36227	3.17335
0.250247	4.75911
0.720763	3.09623
0.890391	3.84964
0.168708	5.34409
0.163272	3.34624
0.229638	4.50715
0.960987	3.72932
0.330217	5.42191
0.287143	10.7589
0.508924	5.21488
0.15962	2.51044
0.237291	3.15764
0.737854	7.3274
0.138711	5.71364
0.0466824	2.99989
1.30083	2.52771
0.127651	3.70227
0.227534	3.33604
0.375441	6.32876
0.166363	5.90592
0.494355	5.80394
0.188421	7.37379
0.740427	5.36452
2.05787	2.14409
0.524608	4.42626
0.159753	1.27132
0.19919	6.54904
0.2515	4.13162
0.198047	7.71724
0.244074	4.47851
0.277181	7.63643
0.205492	5.83913
0.919661	2.13121
0.0732259	2.33748
0.157688	7.49479
0.119106	2.51998
0.324786	2.17903
0.371989	5.96861
0.274094	7.60096
0.198659	7.89335
0.251098	4.48108
0.153691	8.68679
0.139145	6.3536
0.313586	0.78298
0.1913	8.74787
0.691535	4.20039
0.923999	1.70266
0.0885209	5.73076
0.165411	8.01788
0.434314	5.8862
0.873993	5.41073
0.815044	2.10218
0.838626	4.33921
0.512991	8.58247
0.772504	2.94555
0.167187	9.00497
0.911067	7.10935
0.146594	3.72229
0.121348	3.22225
0.279726	6.80309
0.989934	2.19528
0.634423	3.77326
0.156781	3.33648
0.803801	5.33429
1.70594	2.25546
0.127351	6.56215
2.22773	2.66703
0.349756	2.08998
1.4447	2.94479
1.33834	1.35025
0.571298	7.83302
0.120938	3.49776
0.663819	5.94152
0.372164	4.36846
0.751999	3.62053
0.562752	5.762
0.980441	3.12649
0.154228	5.60631
0.158029	1.67456
0.110518	11.0006
0.664654	6.10641
0.716499	2.67506
0.397778	10.5733
0.345553	7.22504
0.214148	7.05512
0.401532	5.4668
0.126851	8.88391
0.373583	6.08294
0.512382	5.44327
0.991038	4.93332
1.2032	0.715079
0.154798	6.85372
1.02469	3.30983
0.335107	4.28499
0.406806	4.08201
0.268169	4.13863
0.656497	5.14932
0.143714	3.93274
0.0621426	6.18316
0.39819	1.78536
0.293569	8.29592
0.207145	3.0918
1.516	1.58926
0.578259	5.00031
0.232451	3.58046
0.150694	5.13028
0.213479	8.08343
0.406337	2.96464
1.25131	5.59306
2.80929	0.893473
1.02469	4.63863
0.173212	7.19807
1.19427	0.820475
0.713054	2.03733
0.439962	4.86722
0.227836	8.3538
0.224492	5.18122
0.204488	5.13274
0.0978957	7.91747
0.179476	3.13613
0.374667	2.75309
1.15215	1.03304
0.143433	6.2645
0.143217	9.01289
0.143154	2.89294
0.937533	2.70029
1.1822	1.57362
0.204707	5.32645
0.678315	5.42623
0.291529	4.14424
0.407696	7.71859
1.67897	3.41919
1.0562	6.01871
1.08748	5.52968
0.145125	6.67293
0.30526	4.8629
0.863511	3.13393
1.22729	2.37012
0.369038	2.22315
0.0271008	4.72952
0.166365	4.11326
0.761419	3.97559
0.167916	5.90389
1.01551	1.45729
0.377015	2.26223
1.10086	1.5017
0.8305	1.2709
0.0396155	6.56356
0.213322	1.54148
0.552492	6.6665
0.90312	4.08724
1.64864	5.2816
0.151982	2.62559
0.152706	3.36998
0.203461	3.8434
0.156456	1.93835
0.186604	6.69223
0.110062	4.27343
0.656401	5.10592
0.258232	4.54561
1.42259	5.50444
0.370583	7.43742
0.395546	3.84082
0.380246	3.37628
0.227402	2.12401
0.536559	5.88611
0.209712	5.50447
0.742049	4.20463
0.259667	6.88962
0.285957	6.00424
0.096589	5.81679
0.0670124	2.86683
0.817574	6.37308
0.803695	4.50395
0.60534	5.50949
0.187271	5.65072
0.679029	5.10353
1.2271	3.76109
1.09046	7.05621
0.201039	2.58029
0.0854112	5.21038
0.0738799	6.83364
0.507392	7.08392
0.418406	7.86034
0.061972	2.4227
0.170831	7.41953
0.0706161	4.85453
0.202125	5.19545
0.156134	2.13584
1.13499	1.49934
0.074816	6.38291
0.193303	5.44347
0.326992	4.66943
0.304398	8.21442
0.310891	3.49383
0.255203	4.76904
0.275822	4.26643
1.05653	5.36463
0.137622	5.94925
0.926041	4.27334
0.462215	2.92174
0.146527	4.04554
0.272621	7.35617
0.979568	2.68949
0.179552	5.1449
1.265	1.42935
0.204966	8.39925
0.835265	4.7133
0.773196	2.8555
0.0836124	6.46051
0.125925	4.03602
1.04297	4.45726
0.143439	8.33642
0.160298	4.10552
0.292151	4.53097
0.244322	6.14566
0.162818	5.58359
0.868269	5.62346
0.217983	1.70669
0.147736	4.2899
0.234992	4.56675
0.291339	5.53887
0.106384	2.84292
0.341937	2.93629
0.984719	4.29561
0.852033	1.6085
0.877004	3.94667
0.164244	3.963
0.229641	4.781
0.234852	4.06119
0.992662	2.42956
0.46641	6.24996
0.358117	6.34261
0.297062	5.60927
0.332969	6.71895
0.35044	5.53295
2.5499	4.39344
0.476001	5.36965
0.084921	2.93951
0.696128	3.87395
0.134482	6.44668
0.148257	6.11906
0.394527	7.6326
0.178753	8.64332
0.924063	3.05751
0.179702	4.48186
0.97852	5.1503
0.139942	6.48707
1.57283	2.35188
2.31306	3.78768
0.0756689	7.71453
0.838032	2.71447
0.261671	3.11662
0.311114	2.82741
0.66033	4.93209
0.177179	5.60405
0.471403	7.61944
0.887778	3.60684
0.396464	7.62429
0.167162	4.74557
0.410535	3.60899
0.7161	3.59033
0.147572	5.72948
0.246922	7.21559
0.130794	4.98194
0.311656	1.77778
0.19352	5.25244
0.404749	8.34368
0.131141	9.67911
0.694415	6.67022
0.422991	1.77856
0.38047	2.55523
0.0579347	2.17851
1.46012	2.72359
0.0964282	4.96246
0.0815154	4.62225
0.139115	4.29381
1.02006	2.42974
0.773022	2.55319
0.436242	6.4916
0.241985	3.21629
0.127713	4.83534
0.202907	4.77603
0.460177	6.20812
0.839604	4.08541
0.144061	3.26393
1.3785	6.82761
0.695298	3.77003
0.0890851	9.83237
0.706432	1.89584
0.663523	0.807047
0.220825	6.08934
0.398726	2.49481
0.08579	4.49365
0.374945	7.1923
0.10912	5.33457
1.3575	3.77848
0.801786	2.26921
0.273907	4.28356
1.45746	4.04537
0.165288	0.607238
0.383068	7.51861
0.407735	5.90557
0.322593	3.52375
1.03608	2.52736
0.166733	5.23077
0.13606	6.75525
0.189982	2.5044
0.48119	5.87286
1.27152	3.88426
0.103455	4.31681
0.165695	4.14284
0.0546688	4.38721
0.164561	2.14155
7.05537	2.86336
0.0724304	6.16814
0.27079	6.21022
0.0421235	3.72782
0.795881	4.10382
0.157553	3.22958
0.831923	7.23126
0.256159	2.48152
0.264756	1.66335
0.233392	7.25894
0.126661	5.06795
2.34821	3.91131
0.291661	4.16956
0.68854	5.54922
0.224847	5.42476
0.3443	6.71068
0.890332	2.17835
1.07979	5.19909
0.929662	2.14545
1.60325	2.2385
0.27022	7.35001
0.456383	6.26306
0.277218	2.83079
0.405617	6.71171
0.715203	3.87682
0.925121	2.5928
0.187018	4.24994
0.209211	3.54242
0.455322	4.51321
0.194675	6.18017
0.655652	6.61519
0.654295	3.70724
0.199014	2.58638
0.0919536	2.8928
0.728333	3.87067
0.927079	2.04046
0.10818	3.59331
0.21301	5.12352
1.33541	3.50673
0.243524	9.80679
0.263226	6.40256
0.228798	5.56192
0.133363	3.39734
0.110352	5.55627
0.415078	6.11601
0.154131	5.02828
0.261504	3.85105
0.371343	6.34316
1.30839	3.22554
0.149739	2.11623
1.19596	1.08044
0.153255	3.75071
0.325512	6.6667
1.03134	2.28597
0.468795	5.88536
0.580532	4.92603
0.327997	2.9117
0.234788	3.69597
0.334053	7.40562
0.252053	3.46213
0.31334	6.40346
0.355188	6.54553
1.19289	1.18039
0.483803	8.3715
0.239471	2.13773
0.090078	5.38753
0.718419	3.17882
0.060747	1.80741
0.137911	4.18094
0.183226	2.34766
1.02264	2.69443
1.76875	2.61781
0.112519	6.45311
0.661504	5.05023
0.481477	5.58009
0.943345	4.65095
0.211899	4.72851
0.190166	3.5272
0.161905	5.74038
0.166767	1.29978
1.18233	3.52571
0.180555	4.80966
0.372874	5.57541
0.0552618	4.60055
0.286664	6.31826
0.176708	6.94735
0.379815	4.47563
0.95676	3.17211
0.650959	4.60899
1.28942	2.84428
0.0618828	2.80796
0.155927	6.25815
0.293585	3.27631
0.0947085	7.08505
0.0261235	7.16569
1.46448	3.08699
0.0252394	4.54857
0.488471	6.01549
0.175351	2.91982
0.093003	5.74601
0.880865	3.39397
0.0762309	4.34746
0.461478	4.97562
0.43135	5.74151
0.668321	4.71184
0.599289	4.33057
0.236465	4.90149
0.454733	5.97296
0.190581	6.16819
3.42158	2.99208
0.34448	7.73932
0.279899	3.69948
0.124983	5.06226
0.229187	4.65331
0.282911	4.23297
0.760566	2.92707
0.301822	3.89404
0.175676	8.87554
0.237828	4.28948
0.597993	6.22986
0.713887	8.26768
0.960913	3.01148
0.311681	5.18139
0.335949	7.02563
1.16035	6.06321
0.280397	2.34315
0.178481	2.38389
0.511486	7.84079
0.16602	4.90186
1.19974	2.96022
1.12675	2.95014
0.129906	2.73514
0.302513	6.24611
1.43615	1.88679
0.129543	5.08864
0.253829	4.04892
0.647903	4.57445
0.0987381	5.47954
0.57532	4.56747
0.470155	4.86505
0.274394	3.87866
0.0479178	3.60676
1.19525	1.84952
0.83309	2.67251
0.0814897	2.69516
0.330957	8.27293
0.817121	5.13413
0.304551	7.38823
0.540907	4.64389
0.354207	5.76722
0.323061	4.26735
0.0989842	3.08387
0.155061	1.78006
0.53149	3.42901
0.546688	7.57692
0.0855818	6.73402
0.362976	5.4233
0.644135	5.94521
1.38658	1.68267
0.581783	4.43893
0.129626	2.45457
0.256076	5.40633
0.5186	5.88439
0.234955	8.17751
0.801315	4.33223
0.205355	2.83689
0.393974	1.67079
0.455407	5.7255
0.12351	5.63568
1.32157	3.42397
0.440651	4.49407
0.717665	4.35797
0.210676	7.04946
0.13739	4.30264
0.206777	5.14979
0.107541	1.87276
0.110528	3.99411
1.0067	1.96357
0.129819	4.86757
0.498346	1.61996
0.2481	1.74563
0.118805	2.65988
1.12639	1.3727
0.121154	5.05495
0.158497	1.41545
0.173051	4.03786
0.186371	4.53256
0.446318	7.56735
0.411172	8.82743
0.523025	9.47549
0.205011	4.04813
0.918798	3.15455
1.32137	1.19846
0.257611	7.28151
4.43834	1.30119
0.263211	4.92269
0.213251	6.26741
0.728631	1.60046
0.555378	8.20705
0.325338	6.43894
0.0955273	3.58974
0.27268	1.72444
0.546337	5.08577
0.139988	4.0104
1.19039	0.863309
0.221038	3.82424
0.641934	3.68244
0.539632	4.17247
0.307933	3.92846
0.877156	5.02777
0.195066	1.81638
0.566306	5.06841
0.573064	3.25994
0.176911	7.86346
0.0448363	3.28717
1.23864	3.3839
0.263188	8.37827
0.481054	2.65467
0.451571	1.31273
1.58004	1.34933
0.281585	11.014
0.243888	3.56366
0.22899	4.37006
0.82769	6.38624
1.65091	1.62186
0.636548	6.00511
1.19517	2.65538
0.357669	6.47008
0.832877	4.33102
0.113402	2.12276
1.36557	2.95953
0.261913	1.57246
0.792411	3.45123
1.00501	3.36559
0.0763997	5.55013
1.38754	3.22076
0.113606	7.785
0.192104	1.59855
0.236391	3.46971
0.317112	1.96413
0.366373	1.80124
0.544872	5.94565
0.427871	7.46898
1.26404	3.49687
0.674828	4.26397
0.265521	1.79875
0.814599	2.24974
0.233546	2.22235
0.127997	3.79658
0.126648	5.39344
0.957955	4.20154
0.205761	5.29496
0.591091	4.44519
0.593026	4.442
0.070628	2.13112
0.0617026	9.66595
0.3301	7.86782
0.283224	6.16732
0.920514	3.16945
0.0989669	3.19105
0.413719	5.31554
1.04295	3.36433
0.327936	7.13992
0.478494	5.5189
0.0571234	7.41123
0.089043	5.09615
0.42273	5.61372
1.67335	6.05527
0.280456	5.50747
0.610946	4.582
0.12053	3.56608
0.0607647	5.63515
0.180238	4.00601
0.55989	4.01717
0.946008	2.06771
0.136238	4.22315
0.227427	3.81784
0.194021	7.27498
0.0801855	6.37441
0.247243	5.83874
0.492952	5.69226
0.153898	6.57099
0.29026	1.6717
0.372386	6.23721
0.4655	3.72385
0.324074	1.55329
0.260354	5.96383
0.227754	4.71055
0.341349	2.93089
0.129722	3.24615
1.0153	1.17209
0.539934	3.99011
0.489145	6.52648
0.200694	2.76993
0.240315	4.3676
0.141886	5.51738
0.130454	4.42249
0.927316	1.69115
0.0877126	6.0332
0.692422	3.77548
0.106007	9.94459
0.285833	6.02492
0.164769	3.67291
0.0744593	7.28911
0.228121	6.19963
0.270631	4.92557
0.272475	6.74407
0.435407	7.60257
0.211505	6.2144
0.298036	2.16826
1.5605	4.09237
0.280353	4.01059
0.311453	3.4127
0.940227	3.06215
0.188624	5.73176
0.134413	5.06121
0.552442	7.71455
0.177935	5.47764
0.094808	5.1004
0.293955	9.28464
0.0793149	4.94144
0.321903	4.95094
2.32288	3.60666
0.350872	9.53403
1.34142	5.81053
0.162374	2.98751
0.522304	3.94291
1.02323	1.81339
0.381943	3.13778
0.611475	3.93389
0.169047	3.67118
0.483233	2.92356
1.85318	4.19911
0.205301	5.26743
0.184632	1.79899
0.357291	7.00225
0.284718	2.96051
0.3978	6.99095
0.381508	7.87824
0.115539	4.85122
0.250385	7.56253
0.175926	5.76026
0.172951	5.61506
0.854848	2.06396
0.223258	4.04007
0.27802	6.12925
0.318648	6.12087
0.213132	2.93258
0.0880952	6.67436
0.203461	4.01929
0.17035	2.09383
0.235024	6.8383
0.0998948	3.09995
0.964844	1.6412
0.272494	3.32792
0.597338	9.48535
1.65107	6.38182
0.18167	2.92137
0.294933	3.40276
0.211218	6.69567
0.119147	10.4425
1.13078	1.28692
0.784255	2.13674
0.237358	5.23371
0.125006	5.16185
0.400021	7.9486
0.345993	5.02241
0.165187	8.61366
0.294295	1.86734
0.424345	6.85228
0.12909	4.69216
0.154997	8.99089
0.113276	1.92485
0.351306	4.67404
0.327562	2.75642
0.243873	4.46906
0.170405	3.0863
0.109276	5.67239
0.0685458	4.51478
0.112173	4.46954
0.612071	3.69137
0.698818	3.82456
0.368326	5.47434
0.211893	5.61213
0.0210307	4.33751
0.715495	3.60015
0.249371	5.78815
0.0911688	1.81732
0.145172	1.90665
0.155036	6.10229
0.134453	6.66036
0.996998	5.77457
0.345936	2.07237
0.44459	7.34808
0.720454	6.20856
1.3323	6.69591
0.8517	2.41826
0.0542606	7.52985
0.348974	6.6366
0.265695	3.86761
2.70933	1.18535
0.0686765	1.14315
0.194887	5.04272
0.595186	3.75538
0.315476	8.62998
0.158536	6.9036
0.388987	4.50555
0.258453	2.46837
0.118499	4.28419
0.883951	4.93884
1.2877	1.32966
1.41043	3.40487
0.271257	7.27834
0.261897	4.58702
0.0861803	6.14382
0.151713	4.49422
0.718604	4.57925
0.162503	2.03773
0.12384	10.0554
0.0864242	3.24512
0.162119	7.25955
0.390516	5.18265
0.799997	2.38902
0.345385	2.9624
0.599738	6.32673
0.267049	2.68782
0.319026	2.64952
0.220583	4.21031
1.10443	6.54087
0.722551	7.22686
0.675025	4.80763
0.228196	2.71655
0.143102	5.6352
0.105313	2.424
1.12602	2.25167
0.412945	6.07982
0.29294	8.84888
0.395549	3.73964
0.991074	7.09415
0.104547	6.69296
0.63233	5.59258
0.846925	3.44946
0.269953	1.4075
0.107231	5.06521
0.169761	4.4027
0.22549	2.38255
1.01081	3.16821
0.684189	3.08026
1.03992	6.20953
0.792289	3.20514
0.313769	3.40964
0.887592	1.36444
0.23013	6.6024
0.384862	2.91493
1.55336	5.54528
0.66322	3.93161
0.373933	4.76748
0.111226	3.357
1.38899	5.04782
0.166057	6.16593
0.266426	7.84321
0.309045	4.54624
0.583218	1.26342
0.133811	5.03274
0.249956	4.68968
0.190484	3.78461
0.137088	2.58254
0.395099	6.89801
0.32993	3.15022
0.22876	4.98907
0.200097	4.00425
0.0885037	9.7108
0.847079	7.83051
0.640324	5.01094
0.355714	7.73605
0.604045	9.1047
1.10888	2.14323
0.401294	2.91209
0.0913976	4.93462
0.352581	5.50827
5.44424	2.10689
0.291404	5.783
1.09721	4.39616
0.145928	3.23623
0.288486	4.18211
0.319016	6.31294
0.345635	3.71792
0.234693	8.59901
0.188686	8.72551
0.137445	7.3605
0.750337	3.11461
0.136598	4.09437
0.398802	7.20696
2.61355	2.66689
0.660789	4.6011
0.475018	5.45988
0.751331	3.71724
0.129811	4.81683
0.112318	2.78343
0.245368	6.41047
1.70604	4.25385
0.335514	7.86545
0.0963126	7.71167
0.240123	7.36314
0.32515	4.47772
0.195842	2.80085
1.0662	7.15979
1.05788	4.40753
0.24497	6.16445
0.912344	2.8739
0.884265	4.42618
0.320387	5.58535
0.119419	3.27701
0.228606	2.86717
0.192638	3.53363
0.28303	8.02895
0.0785865	4.21948
0.389402	5.74092
0.142105	2.5048
0.298736	3.156
0.515153	4.44474
0.238977	3.50861
0.228682	6.46699
0.192005	4.24846
0.404264	2.77115
0.492838	5.944
1.91621	2.87529
0.336596	9.40111
2.36487	3.2408
0.113022	8.97881
0.138782	4.65547
0.396087	3.38239
0.416865	2.83093
0.187502	2.15283
0.230152	8.48274
1.2273	2.61927
1.04601	5.77442
0.136101	6.26159
1.01565	2.15229
0.436651	4.96054
0.200917	3.55623
0.152573	6.24156
0.37761	3.68279
1.38524	6.0054
0.101675	7.73795
0.157538	2.5937
0.760785	2.39777
0.89721	3.04595
1.23519	0.568559
0.515382	5.07415
0.548886	5.26475
0.0809824	2.59937
0.216753	8.47534
0.247934	6.24171
0.33716	2.22636
0.285541	2.39439
0.946954	4.93743
1.15171	3.53357
0.0720475	3.44187
0.603956	2.71274
0.235029	4.91581
0.174977	6.88307
0.0837058	4.73054
0.134199	3.86355
0.162957	7.45259
0.0751277	1.23361
0.572322	4.91727
1.18074	1.38906
0.124403	6.2916
0.173601	8.68454
0.199074	4.84605
1.5533	5.21677
0.337872	3.81916
1.99082	5.06296
0.0917474	4.58888
0.476113	2.9781
0.309161	6.85063
0.9962	1.98182
0.691725	3.59883
0.247658	7.5569
0.537054	7.26302
0.103269	3.01109
0.987546	4.71713
0.210363	5.06422
0.99765	2.44965
0.406744	4.96392
0.433246	5.52805
0.166748	6.10612
0.209895	8.02348
0.23978	4.18848
0.0673229	3.86584
0.218718	3.45252
1.22747	3.1842
0.388608	5.89185
1.86713	3.23974
0.180831	3.24286
0.204688	7.7841
0.658914	4.80712
1.58082	5.70511
1.34918	4.38485
0.149685	4.5068
0.100468	8.94628
0.158026	7.23344
0.169546	9.63604
0.235758	4.44159
0.104556	1.95314
1.26976	2.71317
0.216564	8.10723
0.190765	5.38839
1.64816	3.77026
0.394884	7.50015
0.971808	2.71194
0.659047	4.46845
0.431756	3.07858
0.466832	5.47337
1.03149	4.56508
0.339311	7.32597
0.0505359	7.39076
0.091336	7.22158
0.591603	4.43991
0.160082	5.75647
0.177601	4.57079
0.967424	1.28111
0.903029	1.9858
0.300231	3.36729
0.983415	4.19453
0.316863	7.40984
0.316711	2.54577
0.22897	3.34936
0.246107	4.69718
0.205748	5.81445
0.298116	10.2882
0.0792815	1.49256
0.56505	5.07464
1.52024	2.21203
0.212753	3.26788
0.270158	5.21928
0.246119	1.68405
0.456582	4.72628
0.13347	3.55735
0.886965	2.77819
0.126325	2.81647
0.520612	5.86461
0.856208	3.42038
0.349332	2.10898
0.524781	6.63988
0.290644	7.95264
0.126773	9.76922
0.385295	2.71095
0.297382	6.77194
0.342993	2.92774
1.45749	1.52478
0.289364	5.55443
2.05774	5.83261
0.186154	9.53472
0.340164	4.64587
0.120345	4.48222
0.264817	2.70339
0.657945	2.63439
0.655557	5.20064
0.351934	4.31954
0.297701	3.41837
0.1323	3.96058
0.175736	6.21136
0.14327	3.64654
0.840538	3.12906
0.158356	2.01287
1.10749	5.22052
1.04542	1.72687
0.123996	5.62172
0.32334	7.79895
0.567615	5.85494
0.34112	3.31118
0.291796	3.03995
0.186133	2.45902
0.772095	4.2785
0.0681634	6.45751
0.216986	3.25984
0.678393	3.47117
0.0722801	8.17409
0.222873	2.22829
0.0215926	7.45712
0.871201	3.75424
0.0768015	5.25646
0.309288	6.58315
0.133855	5.44672
0.293383	5.09397
0.760575	7.2565
0.114953	5.5251
0.132007	4.15507
0.183367	4.66036
0.140315	6.06186
1.15669	6.91706
0.919253	4.32377
0.331755	7.10455
0.46488	6.87064
0.226913	2.89729
0.30108	1.55321
0.184172	9.38343
0.00851099	5.98694
0.328334	7.92708
0.415867	1.00938
1.13186	2.49168
0.123552	3.22356
0.535943	4.72911
1.86528	2.94006
1.1657	1.66074
0.101871	3.85295
1.42623	4.6024
0.510522	3.95826
0.244376	4.15898
0.120332	7.75833
0.0846851	6.76248
0.423132	4.79574
0.181577	4.40671
0.0877589	7.93798
0.476164	4.60071
0.238841	6.71111
0.937193	4.64242
1.08735	1.88102
0.163418	3.30362
0.391934	4.40492
0.552655	4.8139
0.694635	9.03737
0.372294	4.64807
0.194821	11.8323
0.455413	2.3747
0.125079	6.14372
0.350676	3.13706
0.131775	5.47329
0.159605	6.55233
0.143465	8.50923
0.207361	8.89668
0.124204	4.03559
0.288478	3.41722
0.261163	3.83994
0.592429	4.40837
1.13612	3.63116
1.26183	4.76531
0.463362	4.26999
0.189037	8.65623
1.29834	7.03712
0.165047	3.5046
0.151841	2.5614
0.140305	5.26273
1.35255	5.43294
0.207296	3.22488
0.315129	6.81058
0.179606	11.9643
1.48725	0.650048
0.311405	2.82578
0.987321	4.65328
0.0717504	7.71924
0.217162	5.3354
0.148415	4.07264
0.238346	8.22843
23.277	1.0488
0.136023	4.08438
0.19277	8.86478
0.215457	8.02122
0.134272	7.01838
0.466196	5.47383
0.432495	5.14607
0.069027	9.90243
1.94088	2.29375
0.0964845	9.04743
0.294826	4.43242
0.120357	7.05877
0.772793	4.39264
1.55906	2.22834
0.616314	4.44257
0.25241	5.50861
0.261908	6.09323
0.329892	4.11256
0.253394	3.20674
0.233031	2.8709
0.353697	3.63779
0.0914023	3.70439
0.0270399	4.64976
0.43182	3.75168
1.28265	2.66729
1.44018	3.64613
0.88993	2.00862
0.408883	7.74994
0.170707	5.39328
0.111024	4.83169
0.211485	8.52268
0.940637	8.38505
0.372189	7.43305
0.13298	7.08718
0.280625	6.46251
0.240438	7.69414
0.115847	5.7992
0.623212	6.35979
0.747896	5.48868
0.131965	4.70519
0.171567	3.88943
3.94967	2.07261
0.536953	4.91673
0.328285	3.98431
0.172492	1.63039
0.177156	1.34316
1.23982	1.80597
0.379953	4.41166
0.692597	4.06806
0.647127	3.50533
0.691673	4.7106
0.21427	3.68875
0.399947	6.84043
0.329664	4.894
0.739815	2.34315
1.40063	3.60142
1.81803	4.11807
0.284159	2.65459
0.807071	5.42958
0.232458	4.4567
0.13669	6.85497
0.231159	7.84806
0.108101	8.74226
0.359317	1.9876
0.346252	7.2054
0.706528	4.1546
0.0829671	5.77669
0.145116	5.45232
1.38971	1.46522
0.214323	5.46688
0.307402	2.14493
0.315621	8.08553
0.62475	4.02822
1.38146	5.52213
0.231782	3.36094
0.144459	7.01981
0.166512	7.69567
0.151059	3.57508
1.77425	4.06178
0.242902	8.38484
1.01255	2.41225
0.845009	3.82301
0.206259	4.40498
0.283955	4.58713
0.108864	9.2387
0.175357	3.04006
0.0642069	6.83737
0.588022	4.61597
0.420715	5.17841
0.166689	5.74204
1.78457	4.09639
0.407436	2.48261
0.335814	5.3463
0.0971526	6.9207
0.117448	3.86342
0.084316	3.50139
0.218099	8.02022
0.0910071	7.25528
1.34804	2.02985
0.425786	3.29324
0.255961	7.31742
0.215341	2.32977
0.167446	6.8166
1.04771	1.02722
1.05897	4.66835
0.0846854	5.55951
0.448006	5.2793
0.2007	2.9221
0.15619	2.31456
0.223843	4.19796
1.63592	2.7891
0.564757	6.96479
0.437603	3.23114
0.455441	3.05956
0.147708	3.91687
0.096569	6.76325
0.413802	4.46163
0.169978	6.95314
1.15337	2.62823
1.55574	5.50763
1.25952	3.8915
1.32077	2.1165
0.103411	3.07338
1.53647	1.49927
0.369175	6.18627
0.218424	2.8384
0.314349	4.25669
0.0314566	5.59059
0.205386	4.20096
0.232249	3.81758
0.82759	2.15847
1.44995	5.26907
0.166417	3.61313
0.101315	5.28181
0.176701	4.89692
0.687284	4.10274
0.134255	4.70201
0.214243	5.1024
0.117937	6.08797
0.143101	2.384
0.468192	1.75549
0.196868	1.65799
0.131308	2.41055
0.567609	3.5815
0.630948	7.1712
0.169227	3.99402
0.366251	2.8471
0.227802	6.82177
0.117568	3.50489
0.204916	7.93223
0.120209	3.93162
1.34371	1.73545
0.363484	2.97669
0.215579	4.93849
1.06894	4.9703
0.186018	4.2128
0.669799	6.60892
0.265762	6.50498
0.103649	5.53264
0.0777308	3.22026
0.241563	5.56524
0.36164	3.84899
0.141661	9.76919
0.329358	5.03137
0.338012	8.96604
0.114584	3.66389
0.385943	7.30805
0.347981	7.28663
0.248093	8.02925
1.55479	2.16717
1.38902	1.09228
0.262839	4.22708
0.0892685	3.35039
0.469538	5.81621
1.01914	1.25378
0.711552	3.61595
0.176959	6.78446
1.16372	1.5373
0.342286	6.34673
0.230882	7.59146
1.87816	2.09276
0.245021	6.5122
0.32159	7.09137
0.0858454	4.50903
1.01617	4.35028
0.202151	7.99157
2.13966	2.0447
1.30479	2.30768
0.190935	4.02805
0.263695	4.46411
0.351737	2.52241
0.352827	7.63484
0.106511	8.28393
0.121284	2.25604
0.94095	2.92918
0.147824	8.7222
1.05165	3.79097
0.12892	5.51109
0.431045	4.98968
0.379505	5.56314
0.315257	2.0253
1.09886	0.992623
1.39576	4.18286
0.160419	4.73342
0.577007	4.82655
0.34144	3.61847
1.02755	3.96494
0.73165	3.5443
0.253334	8.19376
0.496504	2.78323
0.736508	5.56474
0.399438	6.97649
0.353215	2.93353
0.273046	1.69272
0.958751	4.96341
1.05506	2.75006
0.969023	3.36953
0.22078	4.41101
0.480452	5.85995
0.408957	5.28492
0.241662	4.19939
0.317811	1.69299
0.376057	3.8473
0.177361	5.73743
0.0837406	4.31039
0.286671	5.28182
0.349931	4.09028
0.507513	4.47614
0.263389	6.91976
0.849358	1.82181
0.335341	5.19211
0.120568	3.01661
0.214367	5.68367
0.37056	1.90996
0.579998	4.04404
0.738382	3.70417
0.194748	5.84498
1.68682	4.36301
0.413752	6.21642
0.405275	7.26716
1.59539	1.1848
0.0823188	7.71948
0.685765	3.71552
0.447824	6.52025
1.32456	2.61849
0.4542	8.29237
0.517385	6.09721
0.250795	4.2373
4.44089	4.16633
1.18655	4.21342
0.239536	7.52065
0.535718	4.614
0.196068	6.25495
0.100175	9.88795
0.0872696	6.41496
0.109855	5.62907
0.430998	3.48807
0.143729	0.997207
0.237515	3.93991
0.0473807	5.42903
0.82171	2.47522
0.19235	3.30503
0.815673	8.11894
0.411852	4.10258
0.184609	4.11707
0.120679	8.97431
0.359832	7.25117
0.64954	4.71124
0.365441	7.34329
0.188134	9.45118
0.229365	2.97052
1.10919	3.44157
0.935329	3.10419
0.229121	7.4198
0.799114	4.3276
0.173292	4.52316
0.425611	3.50167
0.252093	4.0407
0.290304	3.41326
0.225641	6.37717
0.068455	10.6665
0.0470136	3.74333
0.502852	4.65395
0.677901	7.54834
0.973414	7.37592
0.403563	8.54227
0.222196	4.97693
0.406305	6.52337
0.276909	3.06923
1.54912	1.91013
0.486066	7.07459
0.091803	5.66403
0.333074	6.56881
0.722608	3.9008
0.637883	4.84936
0.128102	5.73138
0.196237	5.95271
0.794544	1.08839
0.241341	3.63578
0.126628	5.56109
0.0383474	9.58184
0.193686	0.797601
0.18664	3.0059
0.305417	7.55515
0.173118	5.5382
1.20392	3.80974
1.11895	2.10799
0.134014	7.88688
0.302034	3.72826
0.0654085	4.04249
0.115744	4.50163
1.27003	3.43741
0.826698	4.26283
0.129935	10.9481
0.303675	7.11454
0.314976	7.89015
0.0861415	1.51404
0.0896192	5.66344
0.630811	4.86878
0.172498	2.17499
0.11468	4.00012
0.730969	6.03943
0.937822	4.65425
0.398015	4.63696
0.50013	4.62917
0.0752961	3.41516
0.188414	3.33468
0.355804	3.93406
2.50819	3.19076
0.0608982	3.90361
0.119308	4.99825
0.158183	6.69574
0.313325	2.98898
0.224408	6.51532
0.0859829	10.4599
0.776921	3.33201
0.163814	6.89823
0.0763392	6.36099
0.808845	4.42159
0.823453	3.87788
0.694057	6.59571
0.109688	3.71881
0.820819	3.89141
0.0882489	5.46835
0.069937	7.53417
0.527352	3.99703
0.477231	5.77424
0.0869225	4.00052
0.669564	3.60292
0.712032	3.31256
0.315575	3.49346
0.509343	5.50037
0.139586	2.80229
0.592395	5.24352
0.705782	3.53082
0.159624	4.1725
0.470462	4.82502
1.45443	3.95845
0.345481	9.64976
0.488836	5.43884
0.169529	7.9457
1.23232	1.42075
0.598592	5.19768
0.245095	6.19552
0.5621	3.81234
0.137282	5.55364
0.122486	3.15993
0.422946	2.6141
1.47979	4.70637
0.721351	4.61934
0.17471	2.2491
0.851901	3.12303
0.29817	4.14809
0.229817	3.02067
0.0789217	5.51105
0.654217	4.72784
0.217949	1.66347
0.306748	8.50642
0.333295	5.78642
0.165686	3.77536
0.100376	5.98249
0.155029	2.54817
0.191175	2.73479
0.209789	3.47004
0.65969	5.56727
0.199528	3.57208
1.27003	4.03203
0.125033	5.27045
0.190269	3.34444
0.269141	6.99235
0.266002	7.04555
0.0692913	6.03875
0.256501	3.28852
0.546593	3.66806
0.957465	6.46735
0.327981	3.34141
1.98413	3.46068
0.231413	6.69293
0.200369	2.28114
0.162329	6.46532
1.17143	1.43387
0.898757	3.99224
0.204382	5.10897
0.390932	6.08403
0.160675	4.4662
1.41903	1.68488
0.453215	7.88485
0.319418	6.69588
0.13566	3.24707
0.131217	8.32832
0.947811	5.44131
0.662456	4.55891
0.8989	2.23854
0.111313	6.95831
0.832537	2.58185
0.209336	3.83622
0.285228	7.04845
0.147615	4.0305
1.63066	3.16136
0.258712	7.89241
0.652851	3.44736
0.221967	8.51313
1.56207	2.55526
0.231124	4.02859
0.111094	4.59627
0.464139	6.00006
0.0548504	6.04809
0.245238	8.25436
0.0891013	8.62214
0.695799	3.94101
0.25649	4.3815
0.238078	1.22643
1.27628	1.47208
0.182474	6.78341
0.33003	5.9372
0.313754	7.72841
0.818792	2.9968
0.405904	9.24358
0.155335	4.49702
0.533635	4.10172
0.289303	2.91756
0.222841	3.19934
0.1358	4.0053
0.830523	6.56763
0.151544	3.97397
0.394962	6.48564
0.168679	3.36211
0.884112	4.11621
1.55395	2.76287
0.945242	3.94073
0.317184	5.38754
0.827102	3.79459
0.405604	4.03967
0.241844	4.15632
0.611792	5.24964
0.152768	3.03168
0.0805752	3.45203
0.319681	1.81485
1.21426	3.15684
0.739521	6.10392
0.384018	5.17931
0.32791	4.62929
0.457079	6.08848
0.143688	9.68604
1.47798	2.09458
0.246871	6.02636
0.16319	3.76031
0.155772	6.57223
0.148251	5.53237
0.183745	3.18907
0.364724	1.64497
7.28347	3.11403
2.67207	2.72757
2.35284	3.36207
0.30129	2.82353
0.415562	2.82087
0.128563	7.72951
0.267809	6.86177
0.205243	3.47094
2.64815	2.25801
1.3901	5.41134
0.243855	6.75164
0.470716	6.08225
0.314237	6.5438
0.373294	2.22874
0.111725	6.29466
0.183131	8.95152
0.691937	3.30346
0.145467	9.62314
1.3698	3.2084
0.5607	5.27542
1.36014	1.00097
0.200185	5.53887
0.767636	4.09575
0.853443	4.83496
1.03623	4.17051
0.133219	8.12678
0.820075	4.054
0.21114	3.30803
0.889342	6.25215
0.330859	7.83491
0.382815	7.76085
0.217801	1.75989
0.621984	4.47574
0.361674	3.19369
0.108915	3.04302
1.34889	6.15932
0.300857	6.69908
0.491516	5.36224
0.150506	3.34016
1.08506	2.4036
1.51867	3.59283
0.4357	4.65688
0.529205	7.68983
0.238606	6.0362
0.130988	2.85284
1.08765	6.11576
0.122281	9.34235
1.15735	3.98816
0.334524	4.98405
0.712615	3.75154
0.10872	4.37828
0.99344	3.70232
0.684181	3.7113
1.21902	5.22543
0.254043	5.46316
