0.103823	4.36122
0.407698	3.43515
0.252527	7.68712
1.01432	2.94233
0.671232	3.10759
0.541565	4.03291
0.407655	9.93226
0.577882	4.92515
0.669755	6.02174
0.44565	3.98363
0.615946	4.69216
0.132918	5.78606
0.318644	5.29113
0.559479	7.33131
0.148957	5.60867
0.58428	6.76826
0.2685	4.59681
0.740345	4.6168
0.235885	5.38562
0.450203	5.23981
0.892746	5.45671
0.602877	6.2896
0.175278	4.45917
0.251876	4.90077
0.164782	2.26597
0.906139	6.83347
0.121651	6.29938
0.37524	3.49433
0.179668	6.92505
0.344641	2.13468
0.143646	5.29547
0.18305	7.33038
0.292271	2.85897
0.898924	7.51139
1.92524	4.43579
0.546357	6.70322
0.80842	8.41233
0.758471	2.65339
0.19665	7.88582
0.371589	4.14517
0.328208	4.269
1.1713	2.37903
0.455647	5.5644
0.155483	8.64276
0.526861	3.75919
0.137237	2.73612
0.0791738	6.45072
0.659021	2.71232
0.567291	6.32486
0.614614	6.58875
0.141573	2.8996
0.295717	2.87247
0.317823	3.66515
0.637102	5.64974
0.144433	4.27964
0.10725	3.34848
0.251629	3.99492
0.601913	6.51027
0.0332075	4.86705
0.637647	5.34762
0.376937	1.44722
0.229319	1.08325
0.417016	1.90691
0.856893	3.01598
0.380274	5.22928
0.0933147	5.92008
0.437783	1.88876
0.144794	1.90028
0.62275	5.25584
0.320108	5.8365
0.305454	6.83275
1.12829	4.74294
0.757701	4.12582
0.101888	5.3519
0.177329	6.2112
0.72943	5.42238
0.183216	2.85036
0.114718	7.16306
0.0545408	5.42751
0.120805	4.55654
0.260439	1.68311
0.231497	3.60087
0.736921	1.547
0.118744	5.65951
0.443283	7.5676
0.185018	8.46267
0.520746	7.47359
0.257021	1.93501
0.45224	3.81842
0.229094	4.33426
0.237817	6.73468
0.129665	6.44453
0.424078	4.52013
0.825155	6.68944
0.749364	7.11427
0.118425	5.27858
0.244088	3.67956
0.127667	3.52846
0.710715	5.14215
1.33865	3.47604
0.34684	8.10395
0.15836	7.66109
0.168412	7.15176
0.151142	3.66726
0.360665	3.79789
0.550259	4.81105
0.28579	4.55745
0.503069	1.92224
0.38847	2.84228
0.165172	4.33072
0.330968	4.67814
0.335619	5.52545
0.287282	4.79447
0.191672	3.91049
0.127268	3.01334
4.57907	0.672696
0.149902	3.94352
0.098231	6.3608
0.300314	1.88222
0.212574	7.94939
0.310481	2.58938
0.542309	7.17662
0.50492	4.392
0.819928	5.88491
0.337647	2.09072
0.0896358	6.57636
0.548208	5.05351
0.915529	8.11816
0.635103	4.31472
0.714192	4.01072
1.1168	5.79529
0.41291	0.961527
0.15774	5.86777
1.57506	5.13884
0.376159	5.12738
0.174594	6.14582
0.118122	2.39996
0.684744	6.75278
0.353783	3.02577
0.476722	8.09199
0.129082	2.43687
0.684113	5.49138
1.73775	4.45698
2.91207	2.18705
0.256271	10.0772
0.111347	5.39039
0.165211	5.63552
0.189653	11.2858
0.269334	2.87204
0.389526	7.18941
0.591382	6.13561
1.45783	2.66153
1.34571	4.65478
0.165062	6.66664
0.235568	7.61523
0.152323	5.298
0.662379	2.36813
0.148307	3.40826
0.297081	4.82981
0.480082	5.12807
0.156738	5.00422
0.143644	7.09663
2.14862	2.87145
0.305601	4.97584
0.179966	6.77331
0.559785	6.33101
0.349448	4.95724
0.485743	4.48019
0.110891	11.9799
0.535716	7.84033
0.446129	7.85918
0.710365	5.92014
4.01731	2.17019
0.677269	6.67723
1.54104	3.08974
0.412192	8.50616
0.715485	2.52391
0.415448	5.58509
0.195805	9.67061
0.406435	8.59358
0.431292	8.53059
0.121247	7.34233
0.155548	11.3349
0.455596	3.62341
0.541628	7.4653
0.177358	2.85544
0.344301	4.81532
0.267368	3.94126
0.448423	4.43831
0.189317	2.49572
0.13932	2.90457
0.452069	5.03374
0.180291	1.9561
0.443817	5.19902
0.299018	4.14125
0.512072	6.08469
0.0997903	5.24733
0.520498	7.73174
0.201599	3.12045
0.508615	2.23282
0.159698	4.8058
0.139516	6.10989
0.607933	5.84775
0.285763	6.50522
0.0818108	7.91338
0.119411	2.9741
0.280949	5.68334
0.256305	6.3154
0.450824	5.81446
0.129582	8.56729
0.144729	2.67698
0.625571	5.16105
0.1931	7.1195
0.113855	6.46179
0.479517	3.65586
0.159975	1.53709
0.838952	8.88863
0.0278627	7.77118
0.296281	7.70284
0.520365	4.52715
0.101283	5.50164
0.805286	0.411593
0.122049	4.15286
0.221023	4.23078
1.4474	2.98666
0.638588	6.43411
0.997073	2.05758
1.29026	4.53124
0.40278	3.96709
0.940498	6.35081
0.390562	5.58356
0.789976	1.4758
0.895393	3.33606
0.0775521	2.01005
0.0740813	7.03188
0.221555	5.75386
0.478628	3.98537
0.826703	6.53719
0.244975	3.837
0.242928	6.8579
2.0579	4.25556
0.356336	5.37351
0.0899477	8.88358
0.224028	4.79365
0.214122	2.57641
0.0964406	3.49442
0.32238	10.6052
0.446739	8.04677
0.438038	4.25869
0.376552	3.38864
0.713498	6.03384
0.147093	4.02465
0.208364	0.628453
0.195415	7.50955
0.32589	2.45987
0.648426	5.45205
0.410867	9.18441
0.306579	2.56803
0.070519	6.26771
0.0761044	2.04558
0.128198	7.43193
0.192627	4.65218
0.893343	5.88506
1.63197	2.37587
0.703553	3.46052
0.570097	8.00853
0.636661	3.77766
0.676987	4.26105
1.03095	6.45291
0.673296	6.17095
0.409859	5.92269
0.468066	5.22596
0.988051	5.88057
2.17021	1.90823
0.264293	6.45047
0.461754	2.40005
0.674531	4.22587
0.207973	5.47735
0.098657	7.5658
0.0776905	3.94489
0.359664	2.27111
0.218142	5.27095
0.16509	6.25736
0.296791	6.34222
0.44981	8.42369
0.207851	6.32079
1.78633	2.00052
0.343359	4.72394
0.224767	4.39084
0.758725	5.15747
0.138996	8.59661
0.141841	3.25714
0.352629	1.40504
0.602695	5.86672
0.253156	4.01963
0.241833	3.21241
0.575158	4.43546
0.0846818	5.77374
0.203501	7.19355
0.0565427	5.79363
0.394531	4.51206
0.293052	5.66613
0.537413	1.87708
0.398382	2.82658
0.431562	5.99837
0.229567	1.12708
0.571756	5.02555
0.165369	3.95111
1.63731	3.1172
0.182281	1.15047
0.114428	4.21081
0.13912	2.59123
0.5917	7.01885
1.08842	4.09814
1.15405	3.36909
0.0948304	6.6313
0.348442	9.65638
0.0928151	5.61983
0.0988021	6.47332
0.218046	7.56503
0.247842	6.53827
0.20227	5.69084
0.0785856	5.71773
0.438248	4.28024
0.11452	7.19728
0.354313	3.8924
0.11237	5.27091
0.0758373	5.68686
0.213852	3.44988
0.262024	6.87089
0.434065	5.47166
0.405222	7.93186
0.723893	5.85459
0.714986	5.73459
0.278401	7.4701
0.469493	8.08265
0.319498	3.16889
0.357693	3.93398
0.13751	11.8004
0.105464	7.23857
0.694952	4.84817
0.324352	9.47715
0.399632	4.29536
1.676	2.12672
0.457179	7.62125
0.0891101	9.72299
0.403052	3.2278
0.554178	5.50252
0.619527	4.27927
0.086663	3.8607
0.860474	3.02288
0.343562	7.58506
1.8451	0.657844
0.070913	6.05569
0.0971987	5.42943
2.22495	1.52426
1.02495	3.32844
0.316048	7.09277
0.58104	3.21602
0.500359	8.15045
0.5387	3.50653
0.522196	5.45449
0.298779	4.9603
0.282455	3.96765
0.197659	8.17352
1.60056	3.46502
0.520218	3.68386
0.315827	4.33649
0.536354	2.57543
0.155125	6.32355
0.593742	9.88849
0.231247	8.04019
0.34214	7.96726
0.123113	4.12263
0.297058	6.35588
1.80533	3.90032
0.694544	2.13369
0.309334	9.83391
2.71345	3.80234
0.485963	7.14489
0.302595	3.94071
0.675321	4.70897
0.441304	4.04114
0.202507	2.00842
0.191631	6.23615
3.15994	1.08663
1.0093	5.23051
0.0530163	8.20981
0.0411745	6.13784
0.26503	7.45751
0.088279	7.18644
0.314622	4.4001
0.589678	3.99044
0.214669	5.25226
0.213765	10.5708
0.719192	0.974792
0.247946	3.10245
0.579165	7.48336
0.170953	6.80184
0.602555	4.16076
1.63062	3.30863
0.401096	7.90382
0.661597	3.22411
0.765123	6.78101
0.434053	5.93505
0.898111	4.9823
0.728099	4.57439
0.142538	2.42515
0.112272	9.34721
0.415815	7.87045
0.28752	5.76043
0.40957	2.84386
0.47543	4.01158
0.0158911	8.02203
0.437738	4.59426
1.53344	7.14278
0.277391	6.19971
0.0352615	8.39711
0.620796	7.48699
0.244254	7.411
0.169033	8.95002
0.0865612	5.21445
0.379636	2.91598
1.83436	1.22763
0.616237	3.83894
0.703237	5.3538
0.268019	3.5584
0.182571	6.09157
0.438534	6.76668
0.428472	5.17761
0.0878848	3.35274
0.142934	2.37786
0.120816	4.56072
0.261373	3.67564
0.622829	7.5697
0.406965	0.981974
0.357109	9.55803
0.285604	4.25909
0.22306	5.638
0.345821	5.63539
0.146628	2.68069
0.314279	7.19637
0.291303	4.79653
0.514183	3.79162
0.28986	6.61214
0.318735	3.7211
0.422322	3.27262
0.302168	3.49855
0.921086	3.5199
0.344595	4.47239
1.67356	1.65145
0.109452	1.62094
0.142499	5.04537
0.0605375	5.38453
0.713809	5.22248
1.51467	1.98395
1.04925	3.49744
0.443614	2.73728
0.0888753	7.40044
0.132837	4.37158
0.507806	6.65779
0.693969	1.99949
0.311179	9.19453
0.171748	5.34465
0.28609	7.20086
0.151865	8.83631
0.351794	3.37091
0.282368	2.95141
0.111183	6.49701
0.239863	6.67685
0.250653	5.53174
0.784968	1.17299
0.653445	5.2065
0.185291	1.73076
0.248986	5.02632
0.117622	2.68358
0.110974	4.59778
0.136056	5.41598
0.288902	5.73369
0.700741	2.37151
0.137572	6.87535
0.498425	6.61237
0.736202	6.74235
1.18709	1.36335
0.562508	6.05471
1.04446	4.96363
2.28942	3.61657
0.146486	3.6212
0.489437	7.97048
0.70913	4.87413
4.17602	2.03153
0.474882	5.80184
0.378208	8.90042
0.138402	2.3388
1.53442	3.02901
0.161652	3.67715
0.200365	6.10628
0.939589	4.46564
0.259474	5.15558
0.266315	7.9858
0.827488	2.51337
0.481491	8.17527
0.388042	8.6797
0.101408	1.46719
0.101318	5.37651
2.75392	5.11334
0.188417	2.89773
0.106774	5.06662
0.377268	3.29874
0.390998	5.18439
0.432004	2.85032
0.575685	5.37319
2.41035	3.29619
0.701018	5.61551
0.290885	5.53536
0.0700709	3.93026
0.171778	5.39187
0.271666	10.3771
0.668546	6.27506
0.114496	3.62704
0.125289	3.55091
1.04292	4.7475
2.03764	0.923642
0.0770574	5.95303
0.111005	4.04451
0.538841	3.71338
0.141257	4.43755
0.31345	6.19678
0.263319	6.21439
0.784085	3.39128
1.72542	2.98825
0.137786	4.20297
0.74544	3.01417
0.136178	6.57896
0.486014	3.28211
0.283915	4.27117
0.413061	3.74218
0.272717	5.41047
0.111173	7.34544
0.153336	2.03171
0.0861649	7.12856
0.106988	5.33165
0.648473	7.22808
0.527738	9.12828
0.658892	3.01098
0.31068	2.97221
0.218251	3.2408
0.274342	3.40587
0.352834	7.20826
0.445355	8.89371
0.153908	2.1994
1.93084	3.24907
0.246505	7.21017
1.49026	3.63948
0.476748	2.26042
0.469921	6.9388
0.700796	6.90963
0.452076	5.58038
0.138903	1.50694
0.860137	4.99643
0.520355	4.69406
0.155443	5.11639
1.1968	5.71137
0.0417663	8.80899
0.652273	3.57412
0.571127	3.45367
0.10786	5.04283
0.105173	7.49121
1.60937	3.32825
0.0294815	2.92258
0.459181	7.10901
0.762989	5.39233
4.13258	1.62263
0.48806	3.8347
0.386479	5.40858
1.81338	1.45708
1.9996	0.336618
1.86615	3.04913
0.176303	6.74106
0.204009	5.61825
0.0655072	8.24984
0.736557	4.4494
0.295253	4.97262
0.12339	4.82603
0.270026	8.88573
1.06502	4.59913
0.548545	4.24378
0.637339	3.88305
0.319895	3.73978
0.511386	8.18013
0.583408	4.55184
0.22828	4.22912
2.6607	3.40842
0.225824	4.07531
0.427927	1.92291
0.182334	4.71217
0.158964	2.43062
0.270141	8.42655
0.219676	2.11341
0.214755	3.5442
0.318509	3.81309
0.36011	6.5688
0.590204	6.72986
0.195425	3.04157
0.217861	3.16976
0.117514	7.88447
0.186671	6.826
0.192094	3.88373
0.0420578	2.22802
0.318175	6.89853
0.159141	5.61899
0.195763	5.08046
0.162324	5.05337
0.113044	5.31453
0.630907	5.34772
0.287	4.45739
0.260115	2.61281
0.905756	4.17429
1.43886	2.69108
0.252052	4.06779
0.153584	3.2004
0.198096	5.78605
0.542916	7.79531
0.298491	4.506
2.07331	2.91925
0.451367	7.47508
0.307176	8.41839
0.197966	7.95591
0.193599	5.48872
0.1489	6.88032
0.353678	2.95594
0.25416	5.54083
0.470299	7.83689
0.3781	3.36255
0.26905	6.72771
1.95732	2.37573
0.673796	1.45437
0.149916	5.47935
0.152915	6.69284
1.14126	4.50363
0.284621	7.35131
0.33724	4.61971
0.142523	4.67608
0.231836	5.02682
0.268334	6.88917
2.94219	4.22372
0.15238	3.67256
0.164662	6.42349
0.0917455	3.72331
0.160529	3.78608
0.149322	10.9823
0.135587	1.7906
0.106398	4.80939
0.717253	7.75388
0.63577	5.80754
0.501901	3.31866
0.545978	8.54689
0.64593	4.58442
0.0833167	5.17615
0.291677	2.25354
0.663396	3.32868
0.235526	2.73777
0.727139	3.99187
0.531308	3.93742
0.176969	6.09696
0.65596	4.92351
0.377084	3.78435
0.375872	7.98262
0.235483	7.19294
0.279212	7.55492
0.157031	8.82836
1.00571	4.80713
0.651574	4.77819
0.122467	7.17358
0.286972	6.45997
0.423616	4.90859
0.536247	7.16571
0.450115	8.24986
0.046901	10.0991
0.712369	3.44839
0.345771	8.83509
0.21388	5.411
0.606562	6.22262
0.916808	4.74713
0.107017	2.48469
0.181498	1.0416
0.308354	3.21741
0.454582	7.72404
0.31353	3.25772
0.258094	7.84256
0.21757	6.67071
0.352272	9.05622
0.168921	2.46939
0.330899	5.09637
0.258976	11.164
0.344255	7.2218
0.812057	4.8907
0.103965	2.50703
0.320988	4.88754
0.453429	4.69096
0.213562	4.96199
0.448874	5.916
0.24448	7.57436
0.131437	3.27775
0.416773	6.29907
0.184367	2.1461
0.431169	5.24838
0.387965	8.5707
0.705834	3.46386
0.161972	5.82113
0.641213	4.88416
0.209194	4.14681
0.185128	4.66258
0.319929	3.71403
0.161395	4.30348
0.483913	6.56729
0.432409	6.62448
0.155883	8.87706
0.167402	6.50193
0.226618	3.55447
0.232011	7.00605
0.718518	3.21393
0.316549	9.01122
0.196643	3.36047
2.2971	2.467
0.320058	2.51993
0.217999	7.01929
0.834797	3.79129
0.55929	4.71184
0.0857963	8.91042
0.255659	6.03641
0.339528	4.92019
0.182282	3.82465
0.187037	4.21914
0.416258	4.73523
0.206081	3.21322
0.277685	4.60244
0.368771	5.80188
0.691849	6.64138
0.260511	5.98984
0.270437	8.15657
0.333372	4.37215
0.354949	4.3685
0.730045	5.15462
0.657011	4.75186
0.439051	4.3267
0.360061	9.32962
0.26079	3.07663
0.0924234	4.66565
0.203595	4.72309
0.092961	5.36139
0.469782	8.22531
0.732852	1.82663
0.783344	1.11589
0.436994	4.75716
0.724166	2.7078
0.855356	4.28661
0.787915	6.78722
0.380344	1.3367
0.101064	2.16136
2.10428	1.57636
0.291782	4.51852
1.75788	2.00291
0.179011	5.63608
0.121646	4.31711
0.145988	7.53334
0.457456	3.25095
0.315873	3.31329
0.591416	5.22556
0.234012	5.11102
0.401679	3.13095
0.4457	4.96299
0.578742	3.70025
0.398691	5.15226
0.0939246	4.22219
0.740382	2.08515
0.128468	3.31742
0.249869	6.46173
0.786315	2.67642
0.349945	5.33085
0.26646	3.28085
0.294133	2.8306
0.791791	4.09551
0.762072	3.50369
0.229397	10.4172
1.12982	4.606
0.116512	7.08404
0.0691256	7.82895
0.300854	6.30991
0.148707	1.43708
0.268898	3.18153
0.677073	5.43585
0.235854	7.39633
0.340233	7.51247
0.0984303	3.52182
0.271325	5.03188
0.467976	3.91793
1.3699	3.69193
0.638687	6.04155
0.580011	7.23902
1.81105	1.17028
0.42055	3.65947
0.321323	3.59916
0.319094	3.35925
3.60838	3.31876
0.582365	7.39473
0.972237	6.30843
0.274763	3.82941
0.206313	3.56877
0.854587	4.10323
0.523342	0.966567
0.136026	4.9563
0.533752	1.84034
0.152319	7.21476
0.643588	3.25582
0.297646	3.67369
0.672752	4.61697
0.19078	4.44938
0.133182	6.86045
0.244849	2.47111
0.382917	2.85946
0.585343	6.51905
0.149723	6.76022
0.572144	5.684
0.369482	4.74259
0.12611	5.23505
0.739886	6.80543
0.0846081	5.67127
0.113647	4.53873
0.240804	4.21064
0.451668	5.26004
0.154436	3.51206
0.0914282	5.49653
0.135444	4.43842
0.171856	6.69886
0.232378	4.40343
0.249873	3.0932
0.732886	4.00979
0.336488	1.75412
0.0753083	5.89374
0.558665	3.00944
0.313013	8.84057
1.47966	2.81706
0.46009	8.57171
2.27815	1.63262
0.110622	5.12768
1.11809	5.94415
0.24317	6.24489
0.72455	3.32689
0.262537	8.19525
0.749646	7.47568
0.277262	4.59019
0.266178	2.46444
0.147488	5.42238
0.175036	5.57135
0.162713	9.06247
0.482598	4.30851
0.77365	5.79645
1.29057	1.3565
0.505598	5.3469
0.0577973	4.87555
0.629911	3.58441
0.284976	3.32908
0.522923	7.21091
0.275298	2.33238
0.271367	6.8756
0.366663	3.683
0.0948858	1.538
0.170074	7.46199
0.162729	8.94409
2.15006	4.59605
0.417434	5.47416
0.0906623	3.91712
0.620054	4.20689
0.287257	3.39226
0.214992	4.65002
0.367082	5.92207
0.977036	1.16373
0.2221	4.47118
0.601737	4.47697
0.340049	6.10017
0.62283	4.66343
0.26036	2.02035
0.259668	3.86111
0.311274	9.38571
0.737626	2.30582
0.138514	5.51561
1.98257	1.2404
0.166228	4.45108
0.674633	6.64411
0.194747	4.72052
0.299387	7.31078
0.327655	5.68761
0.141253	6.91878
0.668349	3.43817
0.743166	2.64481
0.226093	5.19053
0.214435	3.5215
3.00268	1.38229
0.508888	5.35562
0.29413	1.63756
0.124181	3.84384
0.118541	4.00256
0.613428	6.95482
1.2378	4.39271
0.221495	3.05307
0.265025	4.81052
0.135085	3.5724
0.520065	5.25675
1.44752	3.7409
0.579062	5.24924
0.138004	8.08309
0.271799	2.84802
0.152933	4.69032
0.277785	3.84354
0.375587	5.08631
0.0847504	2.58024
0.304477	9.78947
0.0410366	3.13975
0.133754	2.95451
0.115297	6.60303
0.587034	5.5012
5.21899	1.34299
0.161424	3.7405
0.345357	6.70772
2.41221	1.23504
0.731936	2.54952
0.55819	4.87456
0.532448	4.40232
0.274566	4.84236
0.35773	6.72989
0.0635123	5.87955
0.11057	8.01071
0.325224	0.797705
0.146312	5.18786
0.300073	1.56489
0.249717	3.91928
0.269801	9.12245
0.237533	4.37933
0.609792	2.56923
0.0678628	5.5944
0.281939	4.12247
1.48673	4.29558
0.186146	3.30164
0.353814	4.86509
0.713109	2.73691
0.173916	4.03853
0.439501	3.87869
1.18693	3.93489
0.391745	7.72131
0.556942	6.6003
1.0309	5.13371
0.519572	5.04808
0.19017	6.15573
0.1364	5.7253
0.439828	7.9696
0.758895	2.84488
1.55975	4.22042
0.537713	6.14526
0.456617	7.55022
0.292566	5.44118
1.03288	6.32632
0.676926	3.42316
0.0592797	3.77557
0.371093	5.04936
1.91802	1.3116
0.42878	5.4381
0.188488	4.92743
0.474284	5.38711
0.567362	3.477
0.103739	6.45251
0.550998	3.99676
0.626531	3.13014
0.486225	6.52705
2.56384	2.1463
0.2437	1.54152
0.494945	8.2477
0.573866	2.95688
0.0651027	9.65434
0.407052	8.3133
0.261293	6.2371
0.246988	4.86398
0.100382	3.71705
0.202858	8.93898
0.561642	2.79373
0.665704	3.4086
0.323166	8.97176
0.181685	4.67588
0.159253	7.98328
0.426063	2.14681
0.763775	6.11454
0.249483	5.89968
0.582744	4.20267
0.15105	8.91056
0.25216	5.10215
0.215614	5.12488
0.153663	4.35967
0.688832	4.74513
0.100245	5.19066
0.276694	4.79836
3.8982	0.836571
0.206998	3.5931
0.153833	2.36588
1.81359	3.48598
0.524497	8.37317
1.05908	2.87742
0.0947209	7.80587
1.28338	3.45234
0.283743	2.96104
0.282989	3.75904
0.16483	5.24444
0.109636	6.79078
0.465071	3.64503
0.673798	4.17811
0.695942	2.09983
0.594691	3.05172
0.132901	2.93236
0.352971	1.92339
1.43578	2.86297
0.218464	4.8538
0.316135	7.87277
0.972693	5.65221
0.636921	4.9363
0.0710562	7.88299
0.303547	2.85213
0.324026	2.12227
0.501026	8.84381
0.607408	2.60525
0.145821	3.17267
0.192936	4.59333
0.509222	5.14879
0.280815	6.15175
0.372909	3.9946
0.151931	4.06312
0.796665	0.130782
0.227514	6.10449
1.11916	5.19
0.632406	3.15108
0.131157	4.63696
0.173902	4.86019
0.188859	3.82305
0.419959	8.99643
0.158617	4.38578
0.716883	2.94541
0.48622	2.8852
0.262101	6.7027
0.106909	7.68821
0.704345	3.87597
0.682805	4.27538
1.89789	5.02785
0.362856	5.49888
0.251192	2.99524
0.0844032	3.31219
0.285699	3.06906
0.419357	8.45313
2.24437	2.42606
0.181998	11.3352
0.410454	2.8574
1.70269	2.90425
0.57371	6.52481
0.117357	7.2522
0.0829114	0.841779
0.407407	7.31173
1.18018	4.32826
1.18528	2.8367
0.70871	6.51739
0.151396	3.58652
0.157993	6.61983
0.554288	3.47734
0.0455962	5.95867
0.548827	5.93063
0.176814	4.30326
0.772754	5.05708
2.26623	3.1836
0.632239	8.39902
1.67075	1.94461
3.01337	3.71057
1.28996	3.38472
0.728867	2.96746
0.0904504	6.42871
0.0730627	9.74085
0.248307	3.95228
0.119186	4.98584
0.342129	5.03742
0.978764	4.73112
0.14173	3.64612
0.126395	6.53742
0.361007	8.32542
0.0824971	7.51818
1.76016	1.45922
0.0995729	5.72082
0.219937	5.89883
1.38396	4.05968
0.231496	1.63788
1.29913	4.62184
0.152499	4.37295
0.25974	4.00187
0.185696	1.57584
0.437472	7.69386
0.54514	4.35693
0.263908	2.78825
0.241224	1.59274
0.564444	2.74286
0.166548	4.24205
0.513657	4.54253
0.261555	6.79701
0.203044	5.57392
0.337407	6.5843
0.297917	6.64224
0.0594325	6.45782
0.162687	4.71769
1.19709	4.18105
0.123058	8.40133
1.16525	5.71563
0.142177	3.49212
0.172663	2.82789
0.0878139	9.57262
0.194271	2.04408
0.146744	3.68586
0.487964	7.97147
0.167986	2.81664
0.251437	3.1877
0.164482	5.71461
0.189692	2.48408
0.176898	5.2459
0.802429	0.486881
0.216517	5.24558
0.308619	8.76193
0.446721	9.39498
1.63059	3.19647
0.102784	5.44785
0.900951	5.72441
0.226084	3.38128
0.267562	7.19406
0.302542	3.59763
0.134661	3.65332
0.137043	1.48756
0.214579	2.68579
0.482653	5.59547
0.19678	1.65826
0.107252	9.87847
0.428462	4.54944
0.243191	3.97552
0.27832	7.54997
0.627814	5.10465
0.559535	4.32932
0.59086	3.5331
0.736445	2.1332
0.445577	3.56831
0.0492803	7.25886
0.130684	3.25174
0.220132	6.08644
0.173732	8.91338
0.451345	4.35419
0.191767	3.91443
0.11068	5.10436
0.112458	4.99163
0.144203	4.78898
0.0469961	5.72464
0.0991367	2.08037
1.05931	5.39085
0.395463	3.82822
0.05654	4.59438
2.15685	3.29405
0.0590113	7.41204
0.924957	5.18964
1.28417	2.88893
1.18919	5.72439
0.0790983	4.18581
0.183387	2.83101
0.428002	2.22013
1.31317	3.96002
1.15253	2.7131
1.43262	3.73251
0.568819	5.00504
0.682495	1.38207
0.282363	6.04058
0.241597	4.35277
0.785119	3.43669
0.325007	6.52957
0.651639	4.18738
0.046079	4.43641
0.150942	4.19444
0.352759	3.63026
0.608742	3.40278
0.929444	5.36925
0.136579	5.97381
0.158586	5.02865
1.38193	4.00946
0.634839	3.83972
0.193755	4.31482
0.0330889	4.46005
0.292063	3.34161
0.251972	5.06868
0.376303	9.16634
0.989172	5.69007
0.364993	9.11497
0.149991	4.17189
0.101194	3.42558
0.535022	5.85761
0.207017	2.73395
0.180968	3.19989
0.332627	5.99428
0.497576	2.60681
0.335974	5.42702
0.121123	5.42693
0.477427	3.79649
0.135216	4.34021
0.239525	4.73134
0.368145	1.48792
1.09103	4.82192
0.0894328	9.41356
0.261496	5.22707
0.235603	5.26782
0.240316	9.70963
0.34093	6.00293
0.507848	2.78541
0.154221	11.8017
0.727134	1.96873
0.229692	6.61968
0.425477	6.77218
1.15331	4.45138
0.238556	5.29606
0.4292	4.76767
0.299247	2.12947
1.64675	2.98701
0.455453	4.61298
0.0898077	4.83283
2.13843	2.53568
0.0720523	3.13031
0.163221	2.0512
1.31651	5.16878
0.211396	5.96225
0.731101	4.28312
0.165732	4.02899
1.08247	5.2644
0.0818196	6.88174
0.0984721	4.24761
0.42579	1.66134
0.256466	8.6488
0.05422	6.48318
0.669834	5.41307
1.44823	2.93448
0.696377	3.27117
1.11956	6.67376
0.860895	5.59192
0.301355	11.4042
0.855806	3.07638
0.125575	1.93308
0.339567	6.02175
0.191992	2.65558
0.145901	6.63499
0.519252	5.19116
0.881921	3.38773
0.127829	5.92565
0.380098	2.8579
0.228789	1.614
0.626046	7.39774
0.319887	6.18253
0.187705	2.57638
0.138537	6.82258
0.149021	4.83675
0.373043	8.86163
0.145694	3.0176
1.26674	3.82527
0.29579	7.77689
0.647333	2.60049
0.518591	4.14299
0.300603	6.16418
0.366405	10.1321
0.204619	4.91331
0.382125	2.51324
0.794617	5.75819
0.0937033	5.2549
0.152895	5.81007
0.338832	6.46289
0.723371	3.68727
0.805271	2.9815
0.283994	7.01706
0.615033	5.29709
0.128209	2.46157
0.466505	5.09877
0.0839555	7.87823
0.29342	11.3064
0.383021	5.54745
0.369963	5.19344
0.478587	4.73147
0.218596	5.59171
0.944828	4.32435
1.80089	3.34119
0.636241	4.92858
0.162374	5.7723
0.280334	3.19736
0.68094	6.63522
0.520353	2.29532
0.393306	3.42217
0.218439	1.54677
0.228985	7.92423
0.23759	3.88769
1.04682	1.81847
0.139228	4.07409
0.158175	2.3096
0.576682	6.70111
0.391577	4.73282
0.822002	3.7131
0.590632	5.18198
0.216473	3.89847
0.752165	1.99837
0.0845551	5.80398
0.649928	4.11346
0.703306	6.76176
0.651658	2.88874
0.094911	7.14483
0.667083	3.52215
0.729416	3.61162
0.137697	1.32943
0.94774	5.41894
0.0920788	7.29207
1.75245	0.897597
0.596102	7.6774
0.637294	2.67175
0.786865	6.45149
0.19114	2.96472
0.0919649	6.10516
0.370303	9.40074
0.346724	4.57658
0.479743	6.28018
0.204574	2.65036
0.176525	4.63152
0.639672	0.909839
0.950082	3.36211
1.01265	7.30466
0.340728	3.28319
7.19725	1.95519
0.205355	1.91333
1.15401	2.65699
0.364878	1.70965
3.55508	1.51902
1.10053	3.94663
0.769397	1.44313
1.29631	5.9089
0.158127	5.06135
0.436762	2.89392
0.817914	3.316
0.148749	2.07213
0.692381	5.00169
0.692453	4.93718
0.247295	9.89877
0.439822	8.87828
0.441383	5.27174
2.47807	3.76388
0.254787	1.59863
0.738942	4.35803
0.131831	5.90992
0.508795	5.65827
0.865315	3.47508
0.312576	3.39396
0.421188	4.99142
0.804669	6.61371
0.130519	3.15499
0.428738	0.592339
0.332918	9.21482
0.81332	2.00636
0.216122	1.11469
0.635414	3.04906
0.317877	4.81425
0.82393	4.65324
0.362493	3.23885
0.636989	1.98958
0.222844	4.50536
0.181872	6.68722
0.0372937	4.1429
0.804531	2.76754
0.40297	0.801253
0.954331	5.82584
0.589905	3.34126
0.311707	4.99429
0.701403	4.01764
0.236545	1.18275
0.0655884	5.69133
1.80273	1.82791
0.355822	5.53157
0.507888	4.45408
0.609398	8.13205
0.22569	1.58816
0.121287	4.09116
0.985594	5.26621
1.5743	3.55012
0.317169	9.53698
0.408528	9.26077
0.486397	5.40908
0.281896	2.48778
0.574131	4.69576
0.0845642	2.35097
0.123506	6.36745
0.370814	2.95038
0.407972	3.08704
0.273591	1.9384
0.150969	5.95051
0.131471	1.90323
0.479353	8.01175
0.103753	2.64882
0.205844	3.23163
0.409167	5.56866
0.63143	3.61455
0.467038	3.05659
0.0750431	5.86273
0.844937	4.13114
0.265237	2.07633
0.0837808	4.33889
0.320988	9.66082
0.107524	6.21342
0.136154	4.48532
0.344426	2.66686
1.37149	3.99803
0.310744	7.78009
0.160408	2.11629
0.466928	1.9468
0.094233	10.5526
0.315981	9.23093
0.365558	1.03663
0.179979	3.11916
1.06487	1.63989
0.0875582	7.56631
0.329484	5.33357
1.15719	4.60749
0.902166	4.02832
0.2375	2.81202
0.0636025	8.25685
0.075801	3.96227
0.511607	2.50379
0.359932	3.69075
0.2081	5.4348
0.38988	3.1611
2.83279	3.11737
0.119956	9.68855
0.446991	8.8206
0.903911	6.25428
0.19068	4.65194
0.292738	6.05922
0.249138	7.65839
0.202703	5.51029
0.905522	4.83399
0.245259	1.90131
1.16017	4.22748
2.1645	2.41449
0.168549	3.84617
0.196499	4.36065
0.445694	5.47208
0.105724	4.43
0.343799	1.97839
1.21646	2.33758
0.384083	4.87753
0.157958	6.82897
0.144122	1.38715
0.215354	3.0139
0.611877	4.48705
0.132226	4.84034
0.218522	4.43864
0.700431	2.38497
0.261387	3.785
1.1257	3.31469
0.36772	8.84157
0.0853536	6.94439
0.19753	11.4361
0.183927	3.88874
0.399491	2.75293
0.495372	5.58331
0.668464	5.44265
1.72873	3.09958
0.571152	3.96486
0.401703	9.16946
0.144557	6.29793
0.263601	3.77424
0.350211	5.99988
0.341737	4.44281
0.218649	3.68671
0.406256	8.11024
0.677234	3.03319
0.0811703	3.61728
0.762267	5.68427
0.153148	6.85508
0.502585	4.55486
0.936379	3.2234
0.383959	8.70026
0.265194	2.0358
0.637339	1.69863
0.542478	4.60411
0.19267	6.87214
0.169696	3.58888
0.0500178	3.396
0.215333	4.15454
0.884759	4.98188
0.740169	2.14161
0.340968	2.85589
0.999243	6.17315
0.568634	8.94195
0.537534	4.91277
0.114569	6.06746
0.323867	9.4374
0.682295	2.1357
0.500624	8.16341
0.155922	5.03338
1.07786	2.54295
0.190737	8.47279
0.818876	5.97643
0.202817	2.8877
0.213295	6.09146
0.408703	8.57225
0.220855	10.6873
0.196784	4.46188
1.01656	5.4691
1.02844	3.11407
0.416238	3.85081
1.76001	1.05282
0.215398	1.86811
0.732254	3.18033
0.474892	4.47336
0.23532	3.42867
0.17233	9.86285
0.343192	6.04623
0.0764395	6.94494
0.471749	4.83813
0.120898	2.994
0.170782	2.0926
1.48708	3.51089
0.0827871	2.62424
0.277607	2.52541
0.229984	3.8656
0.449945	6.42195
0.126239	2.71123
1.97537	3.94634
0.343942	8.70159
0.195002	4.03231
0.245819	2.49432
0.17977	5.70752
0.160485	6.77277
0.336024	5.24755
0.173843	6.12466
0.186421	9.2815
0.689969	4.84941
1.57401	2.30207
0.159384	4.29841
1.46357	4.27695
4.49187	2.11263
0.0792061	3.65506
0.178295	8.62875
0.215189	7.94057
0.267955	4.4348
0.509041	7.0367
0.140206	7.5929
0.581917	3.98585
0.401866	4.84789
0.353412	6.1891
0.88088	2.3305
0.277551	4.62089
0.11617	3.62295
0.140437	8.83163
0.169611	1.92159
1.26814	3.63565
0.725758	6.91752
0.117077	6.49651
0.0961777	3.42954
0.28955	1.83748
0.299292	7.63898
0.287288	7.00319
0.396969	8.63636
0.355776	9.03264
0.0402707	6.24053
0.412986	9.9364
0.55928	6.74905
1.5475	3.11023
0.0992673	5.30356
0.259391	4.67502
1.5142	1.32364
0.258638	7.06879
1.09104	2.49543
0.335994	9.39184
0.377126	5.08422
0.429039	7.8628
0.0918673	3.0472
0.367668	4.3262
0.287255	2.3297
0.883002	4.26956
0.237659	5.8627
0.865696	5.70255
0.244509	5.59281
0.904085	6.23865
0.282794	10.1955
0.128816	4.45537
0.374282	3.95037
0.424778	2.74079
0.233862	5.97062
0.222174	3.57579
0.323331	2.35071
0.21484	4.3372
0.219886	2.48018
0.197023	4.683
0.4558	8.14722
0.52653	4.43054
1.29881	1.72469
0.525137	6.10018
0.217054	1.33545
0.467674	5.11012
1.93135	1.13568
0.551241	4.12214
0.258076	9.95931
0.213523	3.83753
0.383812	5.12402
0.0863591	8.36617
0.699607	5.67448
0.520029	5.35929
0.359138	5.09191
0.41089	9.02665
0.617724	8.08375
0.160344	4.83988
1.10922	5.55003
5.18224	2.76616
0.143508	4.20188
0.278278	2.58942
0.120696	4.89763
0.259636	4.91406
0.218495	6.45713
0.359479	4.00794
0.819567	6.74714
0.89158	5.22879
0.504068	5.13168
0.0731597	4.66142
0.186162	7.92236
0.0834196	4.26898
0.215662	3.51624
0.955317	5.35671
0.301643	7.81285
0.239625	2.20557
0.305718	9.07312
0.558644	5.03991
0.0344947	2.99621
1.1195	6.34812
0.502342	6.7233
0.20599	2.84894
0.273765	3.68017
0.185514	4.93999
0.121064	4.68363
0.221338	8.34976
0.246628	3.5268
0.627393	2.16152
0.57181	3.48207
0.697153	7.29373
1.43122	2.44764
0.146418	1.81571
0.121299	3.40351
2.29125	5.73947
0.327611	5.29913
0.765943	1.77717
0.307894	6.31841
0.809972	4.25879
0.601335	3.94094
0.121197	3.68771
0.399767	7.75491
0.344887	2.88856
0.0677043	3.24816
0.542039	5.91052
0.100006	4.03635
0.427878	3.29234
0.127083	2.79269
2.5512	2.05857
0.779811	2.99172
0.259492	2.20963
0.281289	2.71449
0.396349	0.86338
0.794186	5.61629
0.418444	2.80013
0.201821	10.8302
0.151431	3.88686
0.305013	7.56378
0.27009	2.45978
0.385075	6.00232
0.16356	4.69897
0.677619	3.23848
0.21044	7.30295
0.428014	7.68202
0.188748	5.21936
0.31962	1.79263
0.75586	0.720628
0.771282	5.89411
0.492885	4.35638
0.502281	4.03225
0.174338	6.81192
0.528294	4.37576
4.88667	3.17483
0.293307	4.13954
0.325747	4.12934
0.250698	4.38466
0.56085	2.90983
0.192651	2.04299
1.28661	4.02764
0.0960444	8.17538
0.325265	4.97584
1.77908	5.78945
0.102644	7.21129
0.395736	4.45173
1.10972	4.8562
0.349038	6.61393
0.0953432	2.69065
0.292667	6.38804
0.984964	5.41988
0.0559218	2.66015
0.331695	1.20917
0.249166	8.15382
0.134907	6.08742
0.252141	7.21847
0.595724	4.55938
0.510665	5.1965
0.0735562	7.87032
0.544279	4.65675
0.342728	3.77822
0.219673	5.50587
0.875685	2.53915
1.96853	3.46872
0.500768	7.97454
0.342147	1.30949
0.736782	2.75048
0.390171	8.3501
0.17406	3.00737
0.150744	3.57634
0.33753	7.22564
0.0963281	6.72533
0.685287	6.82585
0.181071	2.21254
0.565634	6.17131
0.0792192	8.06783
0.099849	7.07669
0.317893	7.13027
0.731103	4.1668
0.127097	4.23889
0.11712	6.60714
0.366355	9.29157
0.0885992	6.13657
0.388678	4.85462
0.158015	2.65852
0.464081	2.56133
0.0958622	7.01848
0.455971	5.74358
0.188327	3.30671
0.280235	2.85141
0.313302	5.30493
0.633497	5.21268
0.141971	9.01737
0.197698	6.8074
0.174736	3.25893
2.68263	3.97262
1.00592	8.495
1.80812	1.26107
0.315372	5.54629
0.0842651	8.39738
0.364526	4.32964
0.0634504	7.15184
0.104227	4.50278
0.477904	9.95418
0.146459	7.56979
0.256992	7.09067
0.369581	5.13711
1.26277	7.13145
0.351513	3.83313
0.45662	3.93241
1.08987	2.25426
0.545795	6.08459
0.161519	2.98245
0.373009	2.75746
3.03806	2.73533
0.61709	3.91902
0.266339	10.1756
0.219775	7.96789
0.133325	8.20407
0.57692	5.56393
0.26161	4.40542
0.224339	7.04756
0.211265	5.79116
0.716773	4.01303
0.0910877	3.43487
0.15815	3.12244
0.804156	5.89836
0.49329	6.18979
0.432335	0.896305
1.38631	3.37307
0.53087	8.01274
0.218095	8.16535
0.0968845	5.00274
0.0892725	6.57425
0.219291	6.13708
0.120585	11.9577
0.204699	3.56922
0.156419	5.98333
0.0850113	5.56016
0.400032	5.53604
0.492393	3.45852
0.26702	4.60717
0.308732	7.32046
0.188196	2.7722
0.668978	2.8194
0.356435	6.3471
0.395011	6.87573
0.708066	3.60839
0.0606514	3.89846
0.0906723	2.55517
0.213788	6.13556
2.02915	0.658376
0.14297	3.03651
0.975586	4.45767
0.351435	1.17385
0.122967	10.203
1.01405	5.75633
0.401623	4.89234
0.389537	5.87866
0.699868	5.37752
0.102815	11.986
1.41596	3.94163
1.10244	5.169
0.594673	5.60694
0.191177	4.49882
0.391711	2.11879
0.53979	5.76356
0.114103	6.85967
0.536822	5.69992
0.203202	2.47604
0.379064	3.21563
0.296243	6.84124
0.330616	9.68342
0.162768	9.29022
0.367653	5.91973
0.183669	6.95025
0.123755	7.38723
0.141571	3.39064
0.502844	6.85168
0.173074	5.00751
0.299157	2.66286
0.26448	4.87384
0.424532	2.70336
0.13717	6.78623
0.575837	3.61702
0.338566	5.16623
1.13341	1.63616
0.875494	2.29457
0.237125	8.30641
0.481681	8.09767
0.171135	4.63453
0.240784	7.10307
1.10574	4.60911
0.449124	4.68381
0.318899	5.93305
0.46796	6.13162
0.130384	6.51929
0.113798	7.52045
0.904063	3.27581
0.198696	3.83632
0.23949	1.58767
0.261297	5.90116
0.276897	5.8016
0.440398	7.58115
0.765185	4.06165
0.424553	3.08257
0.120317	3.80108
0.170458	2.33031
0.455756	7.0204
2.2037	4.95577
0.499114	8.63327
0.760442	5.73635
0.124466	1.92638
1.07291	8.32406
0.230846	3.37115
0.193935	7.98071
0.196379	4.79578
0.219589	2.54289
0.156165	1.97149
0.239963	2.0399
0.423155	8.74552
0.0470869	5.42084
0.929766	4.31319
0.786632	6.3729
0.516652	4.36836
0.178391	3.49233
0.249375	5.1868
1.10684	4.03775
0.171081	3.90159
0.351209	4.86058
0.278167	4.3268
1.08946	2.58493
0.160275	6.23589
0.704976	2.81657
0.473106	4.71193
0.52316	8.74273
0.553427	5.40831
0.19908	2.35483
0.813685	6.05893
0.0965096	3.87973
0.177244	3.69841
0.726588	4.43073
0.263417	5.25941
0.414249	2.84011
0.275476	2.22583
0.107322	5.6855
0.164912	3.46831
0.49781	4.89367
0.445789	0.575626
0.213057	7.43629
0.75661	4.96419
0.334511	5.4904
0.171032	4.17516
0.457053	2.17135
1.79367	2.92631
0.160098	5.76265
2.00126	4.46497
0.37251	4.35267
0.272085	4.32556
0.242632	7.2924
0.56743	3.41051
0.621851	6.19205
1.77844	2.22705
0.136824	5.5042
1.0504	4.15299
0.354263	8.17419
0.36977	4.62863
0.160768	3.95182
0.280584	2.45443
0.297434	6.17488
0.0763101	5.54852
0.36823	3.69593
1.32673	4.10304
0.158603	3.93036
0.0953235	7.02043
0.2739	4.71508
0.734282	1.55575
0.101213	9.44473
0.623201	2.64477
0.229955	8.70996
1.05048	4.57856
0.248172	1.38847
1.17815	1.25321
0.0230781	4.7505
0.274758	9.37682
0.771094	6.2592
0.3719	3.25151
0.380423	2.32518
0.171037	3.95785
0.529019	3.60376
0.180419	4.26904
0.507345	4.51148
0.714465	4.3037
0.150678	4.05395
0.181561	8.09767
0.347569	2.26794
0.468889	5.29317
0.671006	2.15753
0.164674	5.38694
0.25237	4.98731
0.707391	4.19458
0.346759	2.74617
0.623245	2.50734
1.05281	4.5088
0.137453	2.67981
0.259695	2.6368
0.0944359	5.2655
0.373078	4.85168
0.539546	5.52667
0.38729	3.84224
0.241445	3.86664
0.898818	2.68111
0.0934833	7.46777
0.625266	5.61475
0.379723	9.31655
0.399823	5.7696
0.440657	3.90438
0.546904	4.2848
0.336323	6.21429
0.209056	7.05516
0.376724	8.12024
1.27626	4.5524
0.337451	6.94422
0.931889	4.01876
0.0493921	5.8063
0.418672	5.25701
0.469569	5.73899
0.421563	4.31935
0.18053	5.58668
0.559631	6.96324
0.117951	5.31616
0.296749	6.48752
0.139811	4.87203
0.29731	3.93182
0.831635	3.44337
0.14909	2.11142
0.218526	4.49633
0.147392	6.90401
0.310572	9.70036
0.191695	2.82414
0.903254	9.03572
0.201366	5.82332
0.214983	2.42259
0.350056	5.89557
0.610496	3.8273
1.67455	5.3192
0.313484	8.36362
0.468709	4.20708
0.475766	2.55454
0.245522	3.01404
0.108022	2.72842
0.0683397	1.73544
0.138235	7.77914
0.0947179	5.72966
0.178944	6.4993
0.35165	7.30909
0.218663	3.70619
0.728614	3.53736
0.311262	8.14435
0.23736	3.13093
0.208496	8.31577
0.935917	4.1023
0.249499	2.43543
0.27274	2.40603
0.534709	7.51882
0.0859845	9.85471
0.399731	3.53559
1.85046	2.84278
0.257668	10.2874
1.10246	4.88622
0.959902	2.7491
0.0857726	4.70787
0.396521	3.42591
0.527847	4.14573
0.912048	4.70597
0.549161	7.64992
0.659311	4.16396
0.225071	6.43838
0.283514	5.07296
0.389153	2.9937
0.722419	6.74488
0.317523	6.03092
0.265111	5.64017
1.16406	3.77201
0.282641	4.41926
0.551406	5.52147
0.390552	2.28845
0.200767	4.30626
0.311807	2.44646
0.759288	2.00878
0.308496	6.44383
0.125966	3.32202
0.189211	3.47885
1.86842	2.78755
0.721989	1.68552
0.178013	4.40693
0.868404	5.68322
0.523974	8.53137
0.464642	7.04052
0.408982	3.75176
0.0959204	5.03541
0.243778	8.09315
0.156839	2.65646
0.388518	8.32115
0.148345	2.43643
0.266364	7.67748
0.112159	1.22572
0.443745	6.63377
0.0308105	5.30029
0.279942	5.02005
0.131324	4.00764
0.364237	5.50886
0.213676	3.97746
0.509899	5.07219
1.61269	1.58433
0.430045	5.81135
0.302701	10.5027
0.123596	6.50725
0.305331	6.52092
0.157765	9.23521
0.18207	6.97049
0.718512	7.04412
0.16227	4.99104
0.0605111	2.94961
0.246079	3.28233
0.272633	4.90678
0.546842	8.22774
0.257368	2.30528
0.300245	5.04908
0.138766	1.09536
0.20579	6.32993
0.17246	6.45612
0.734839	4.25426
0.526609	6.65777
2.13671	0.911279
0.608166	6.11414
0.17268	6.65504
0.159921	7.68141
0.14359	2.23957
0.57125	4.43597
0.610977	3.62161
0.646595	1.51492
0.583378	3.9369
0.227611	3.54761
0.139585	3.54612
0.639918	5.32151
0.435266	3.21828
3.63208	2.31779
0.256973	3.16277
0.3452	9.29016
0.867132	6.31795
0.324489	4.13285
0.472316	4.18268
0.20986	8.66881
0.488189	4.54017
0.0961566	1.94792
0.654393	3.9155
0.20732	6.26517
0.0862552	3.30459
0.768462	2.08932
0.13458	5.87429
0.311632	6.13594
0.123739	5.91831
0.223233	6.88035
0.557818	5.75313
0.233544	4.59576
0.202142	4.40009
0.225455	5.52902
0.17444	3.2205
0.764683	4.23083
0.351106	5.45713
0.293697	4.77583
0.275369	7.51569
0.291134	5.02197
0.583021	7.09814
1.37682	3.53733
0.699281	5.303
0.68406	3.91884
0.585055	4.17848
0.0913762	6.16546
0.089652	4.9127
0.570121	1.12613
0.147749	3.40136
0.818301	5.92207
0.124975	5.55445
0.280249	5.23431
0.213749	6.5871
0.717933	3.61612
0.381148	3.8196
0.173423	9.10924
0.895092	5.05506
0.55544	3.88132
1.02132	4.69266
0.136348	6.8696
0.555096	3.519
0.602223	2.84939
0.479796	8.00727
0.169253	7.31732
0.513504	4.85901
0.194332	3.67168
0.113164	4.51815
0.186067	3.07291
0.135879	7.53599
0.116341	4.19314
0.561892	6.87989
0.29376	4.6182
0.576602	5.02552
1.80181	1.81493
0.148813	9.09549
0.268915	7.11331
0.122815	3.53186
0.192245	2.9086
0.70301	3.45491
0.388263	1.23377
0.376136	5.18973
0.166034	4.12902
0.504539	2.87169
1.46848	3.11612
0.759751	2.54072
0.486746	7.15911
0.303012	3.43219
0.0986305	7.20107
0.449533	4.88021
0.462318	4.03764
0.631231	5.63598
0.395292	5.81014
0.731607	5.52863
0.709003	6.76762
1.32017	4.38335
0.708137	8.417
0.166469	2.73589
0.319884	3.65746
0.293785	5.11068
0.66941	4.35892
0.568338	4.05478
0.63291	7.04817
0.28668	6.19576
0.155531	6.89638
0.29103	10.2436
0.294235	5.19928
1.55081	3.18114
0.508795	4.57439
0.337299	9.87516
0.317044	1.32249
0.665645	4.62092
0.152166	2.40211
0.590415	2.58663
0.737543	4.233
0.166927	3.01042
0.287146	3.18619
0.414816	5.23691
0.178057	3.64442
0.565246	2.73124
0.153397	7.16934
0.110887	8.73204
0.118855	7.58496
0.625462	7.23312
0.21971	7.0595
0.218568	2.50488
0.270434	4.56309
0.76401	0.608031
0.167602	2.96484
0.273681	3.55023
0.187544	8.18654
0.101673	5.96922
0.153466	3.44939
1.78729	1.36658
0.124805	8.25856
0.131306	2.50466
0.0571527	8.99468
0.407363	4.45094
0.792323	3.83277
0.31046	3.99868
0.677699	6.37092
0.145496	4.92288
0.185724	4.90784
0.0622722	5.29326
0.135266	9.26232
0.204425	5.97442
0.147455	2.2526
0.247135	3.1054
0.248001	3.4384
0.0898528	5.20683
0.146737	2.26935
0.411333	7.78833
0.132867	3.1196
0.181987	2.24469
0.400728	5.62173
0.244072	4.14832
0.59043	5.34213
0.459257	5.22344
0.168634	6.73177
0.152478	3.49033
0.125691	2.4749
0.962923	3.44984
0.642469	4.10215
0.105251	5.2627
0.403115	5.57819
0.0915929	5.76112
0.557429	8.15683
0.721849	2.51372
0.416206	7.76068
0.439603	4.14235
0.191296	3.59778
0.216133	5.82941
0.200437	2.81983
0.40404	8.43651
0.0852073	3.53085
0.839231	6.75958
0.664233	1.75172
0.806326	3.555
0.270381	5.95813
0.212291	4.83474
0.679721	4.80379
0.884997	2.53112
0.154612	7.73201
1.12194	5.8781
0.372163	7.69562
0.167709	6.16564
0.342713	5.76074
1.63029	2.87914
0.620604	4.97153
0.825411	5.34701
0.095477	6.48033
0.593978	6.09397
0.365498	5.24117
0.45688	2.88151
0.51219	7.6012
0.360942	1.29157
0.145158	6.12596
0.212558	6.55077
0.133282	5.85086
0.732145	3.31245
0.141457	9.77163
0.972596	5.35104
0.796491	6.2044
0.507897	3.43869
0.405083	3.29515
0.764537	4.36201
1.17297	4.40516
0.364163	5.79381
0.60043	5.50868
0.318101	7.02
0.0604634	7.0726
0.0256821	3.68617
0.774095	6.86622
0.322756	6.14309
0.526904	6.74022
0.133371	6.96558
0.161138	3.19137
0.368351	5.34316
4.1608	4.08036
0.680478	5.49139
0.450453	7.52886
0.154201	5.57244
0.216339	2.57741
0.190403	5.21486
0.444709	2.68485
0.147519	4.32186
0.222663	3.76417
0.89039	3.83538
0.0598436	1.84936
0.353442	2.80239
0.458268	3.89823
0.15	2.60905
0.336917	10.059
0.844332	6.25347
0.476073	3.31086
0.73266	5.06256
2.82718	2.94234
0.209984	5.3256
0.149265	6.84642
0.282585	2.93587
0.447538	5.64385
0.178906	6.41803
0.127604	4.79039
0.276155	2.7609
0.235477	5.9047
0.0731339	4.77596
0.222596	5.72401
0.273973	4.9204
0.277397	1.36845
0.11084	8.20934
0.799907	3.75139
0.455621	5.85785
0.225184	4.88427
0.184612	3.80882
1.00738	4.62886
0.593482	5.44469
0.991591	2.40549
0.563055	6.30788
0.796254	6.92158
0.508672	0.809476
0.533619	7.36698
0.06486	6.39481
0.600991	4.41181
0.359752	9.32272
0.269981	2.67378
0.451871	7.75835
0.413465	4.86178
0.0164923	5.15167
0.154282	5.98195
0.10572	4.35722
0.254539	3.37412
0.302874	6.95119
0.118759	4.73371
0.245294	2.3864
0.0780524	5.96878
0.267525	4.29103
0.60611	4.51158
0.812916	2.94892
0.104825	5.20683
0.716202	2.86846
0.033668	5.93516
0.3565	4.39649
0.089131	4.10017
1.12868	3.11234
0.268907	1.10199
0.286326	8.52163
0.0534189	4.20472
0.318524	4.53855
2.09734	1.78233
1.16156	3.55782
1.56327	2.85882
0.64979	4.07362
0.249854	8.6152
0.368009	4.40826
0.041517	6.45628
0.262967	4.35716
1.62829	1.63038
0.767439	1.69629
0.185894	3.11296
0.0481835	4.77738
0.129562	4.26856
1.06461	4.94803
0.194395	6.05556
0.604014	2.97747
0.124683	7.79584
1.44582	2.65323
1.03564	3.41928
0.135534	4.86661
0.686476	3.79332
0.190356	3.98289
0.125808	2.35681
0.347119	1.30605
12.1346	0.683711
0.592953	3.72429
0.173257	2.55782
0.112084	8.51995
0.465992	2.22471
0.596037	5.60337
0.868688	4.51482
0.139	5.61899
0.169986	5.1632
0.189636	5.25972
0.517041	7.5047
0.425634	4.83506
1.27941	2.8301
0.602442	3.59221
0.132244	2.39543
0.202418	4.82345
1.01287	5.38884
0.308189	2.09805
0.0290105	3.50812
0.900753	5.79903
0.149384	3.01461
0.136948	5.35963
0.426921	5.13307
0.220706	5.10085
0.299946	8.01639
0.291392	5.37148
0.544628	7.12356
1.91243	2.90902
0.569647	4.42434
0.0656899	3.51054
0.308326	3.14145
0.206544	5.70586
0.402011	4.0475
0.192936	5.81479
0.313421	7.1328
0.331079	3.18968
0.468895	7.83516
0.140452	1.43641
0.380794	2.57716
0.101768	3.24615
0.0814296	7.38217
0.375889	5.41457
0.198722	9.06264
0.230875	7.93839
0.239253	3.27248
0.201264	8.23051
0.3039	2.89898
0.151219	5.79103
0.476245	5.2735
0.503062	6.69572
0.702809	5.36268
0.143462	5.70658
0.199746	8.48734
0.535396	4.02073
0.966273	4.08077
0.523042	6.22617
0.503895	7.17629
1.16171	3.60666
0.261846	9.135
0.243844	8.1823
1.70447	2.82942
0.235596	2.89364
0.131748	2.95527
0.293053	6.58031
0.584887	6.78923
0.838278	2.03684
0.133986	3.23243
0.626294	6.68669
0.605199	8.80218
0.137992	4.79381
2.4651	1.60984
0.28906	4.49056
1.43292	3.00497
0.75467	6.42081
1.16614	2.96991
0.0944675	5.56615
0.833918	4.50275
0.435271	2.83723
0.582367	5.79785
0.740793	3.67827
0.531969	7.64167
0.12003	5.63546
0.225349	2.09704
0.56467	4.93826
0.797022	5.00815
0.567476	4.91502
1.46352	4.06076
0.5772	4.31825
0.286477	4.79354
0.380999	5.11021
0.307483	4.12636
0.398236	5.79645
0.76462	2.21515
0.860775	5.93058
0.356625	9.45076
0.239427	3.79281
0.37664	9.27006
0.362065	3.80162
0.449463	3.02733
0.316872	2.29353
0.432278	7.55509
0.127861	3.16422
0.137761	4.51187
0.433112	1.55225
0.469116	5.69266
0.235049	3.21527
1.22978	4.05567
0.483781	6.34786
0.28152	1.44382
0.0426808	5.32455
0.177376	8.47453
0.41989	2.20445
0.738306	8.31495
2.65966	1.72677
0.595171	7.75861
0.272863	6.30105
0.260091	10.4989
0.842957	2.63837
0.476426	5.14734
0.492157	5.92111
0.131703	6.42684
0.261892	2.74825
0.382941	1.16831
0.0451308	3.36235
0.48217	3.1449
0.11624	11.8231
0.170846	5.38568
0.132984	9.13421
0.114401	1.54334
0.529951	7.12888
0.964551	4.76833
0.213641	7.01672
0.975061	2.24484
0.234237	5.20652
0.690055	4.57572
2.11917	0.515973
1.51214	1.95067
1.46686	3.27405
0.297294	1.90484
0.339075	4.34568
0.765105	4.72354
0.898609	5.23937
0.143565	7.14274
0.0790421	4.74219
0.0869649	5.94873
0.908223	2.17842
0.294011	3.2023
0.0614119	12.1096
0.355482	3.63906
0.304657	9.28803
0.617975	4.68302
0.0932641	6.57266
0.135639	3.12057
0.549675	6.0008
0.45421	8.00809
2.54665	2.51458
0.0454259	2.5372
0.13442	3.33361
0.151957	3.86807
0.0817998	4.42294
0.421508	3.37882
0.121361	2.50693
0.866177	2.03266
0.228213	5.46373
1.95522	3.52855
0.104834	10.1772
0.453127	1.17631
0.254794	5.06435
0.229017	2.61605
0.805456	1.63216
0.18623	6.11701
0.624437	5.79842
0.177857	8.21411
0.332153	5.86013
0.147636	4.67512
0.0789171	3.79607
0.932958	5.53328
0.971627	4.28871
0.718985	4.32286
0.297596	2.33278
0.469696	7.54737
1.10519	4.64
1.80018	4.18797
0.167997	3.65778
0.0889191	5.42075
0.13704	6.01016
0.759678	4.84886
0.718479	4.27318
0.0164283	1.62442
0.295548	5.3691
0.126174	4.76438
0.204137	4.23445
0.0225534	5.23389
0.162585	11.5053
0.121982	4.67052
0.232685	4.67138
0.168053	7.51379
0.397087	6.27778
0.279741	5.31509
0.138593	6.5306
0.231347	5.70525
1.08052	5.29361
0.160238	5.35537
0.855683	4.9671
0.516966	1.96349
0.180389	1.44874
0.330419	7.004
0.727287	6.20906
0.239836	4.01964
0.67758	6.88334
0.176889	8.35842
0.552295	7.19259
0.791048	2.05772
0.108213	6.64418
0.182025	5.03485
0.881267	5.62822
0.21884	7.71592
0.133396	4.68191
0.200053	5.62248
0.443611	2.6693
0.225845	4.3345
1.33007	2.86663
0.0473912	5.21992
0.206554	1.1109
0.381249	2.45393
0.29858	6.65679
0.0781843	3.88967
0.135261	7.46972
0.836345	5.48503
0.531999	5.87814
0.463884	8.02301
0.115064	3.70346
0.480294	1.48701
0.122298	6.65066
0.225527	10.5152
0.662221	3.98637
0.414919	5.30046
0.269455	4.86679
0.332757	6.79728
0.444337	2.38483
2.46776	4.55023
0.444495	5.60446
0.104158	3.38804
0.470817	6.47651
0.275408	3.85705
0.10213	6.7214
0.72307	4.56831
0.312571	6.48383
0.371135	8.71883
0.184161	4.70671
0.667146	6.98244
0.278704	4.34163
0.807836	7.16288
2.07785	4.4095
0.206262	4.0209
0.630446	5.64202
0.222666	4.98617
0.151229	7.21624
0.795034	2.22079
0.192367	5.35316
0.794522	3.74557
0.789016	4.29853
0.750126	3.42273
0.154287	5.43675
0.384101	3.01652
0.65893	2.04889
0.14642	4.14328
0.316558	5.7258
0.176844	4.47773
0.397295	2.12721
0.240582	4.47391
0.918463	3.96112
0.157405	8.776
0.925233	4.63446
0.0213708	8.50051
0.282227	4.28201
0.0454242	3.15982
1.26717	4.07886
0.0784527	4.45286
0.129736	2.99181
0.0930142	4.59831
0.552176	6.89053
0.783355	1.87234
0.449341	6.00899
0.0927818	7.00644
0.190739	2.91949
0.156524	5.42222
0.714105	2.50411
0.554083	7.00952
0.152212	5.54837
2.1149	4.7403
0.538824	4.9794
0.155457	8.69195
0.560719	4.17107
0.371143	5.41765
0.36679	3.39582
0.382186	3.43209
0.136559	1.45893
0.7277	2.94142
0.141014	4.23785
0.779637	7.57168
0.737935	2.75005
0.139997	6.78939
1.73485	1.6915
0.153115	3.43258
0.490592	4.75348
0.425678	6.00253
0.149024	7.58952
0.502276	7.72558
0.128308	4.79208
0.268785	4.29822
0.100051	4.6905
0.716744	2.80875
1.36077	3.224
0.120003	3.28691
0.19947	3.9936
0.0574956	3.75842
0.0659478	5.0525
7.50725	2.67861
0.117607	5.71682
0.371465	4.07486
0.0347941	3.13554
0.376733	8.41487
0.176111	3.74287
1.64049	2.56866
0.109654	6.90812
0.225518	3.77001
0.543028	4.95102
0.129895	3.15653
2.757	2.88591
0.164006	6.67409
0.656412	6.05785
0.266152	3.8278
0.442041	5.49868
0.565519	7.03892
1.703	1.24861
0.786427	4.51702
1.55649	2.62111
0.25233	7.00599
0.45827	5.82653
0.145853	6.79353
0.435671	6.8167
0.69049	3.47155
0.266168	9.642
0.053671	4.35637
0.147588	3.18778
0.523198	4.3478
0.205977	7.26615
0.934179	4.3418
0.483286	6.17644
0.206634	5.44204
0.0888187	2.77259
0.577497	5.80764
2.01268	1.04641
0.0804439	6.26366
0.260256	3.92431
1.27768	3.92198
0.923798	2.95639
0.355835	4.86272
0.250096	4.93243
0.152052	4.71571
0.13442	2.77375
0.637171	3.6129
0.234317	2.21576
0.262141	3.86279
0.373079	6.73987
1.20375	3.99714
0.102192	3.98287
0.141618	11.8043
0.156225	5.06673
0.419433	5.30117
0.296759	9.9406
0.416167	6.12951
0.515244	5.43309
0.127999	7.06841
0.306719	1.49406
0.436135	6.01619
0.161211	6.10129
0.324051	6.75455
0.507381	4.7493
0.199843	11.2795
1.00551	4.0875
0.151469	3.69499
0.129478	3.70834
0.571569	5.06747
0.103549	3.02184
0.133999	7.12989
0.0741717	4.89655
0.505549	7.79353
1.90633	1.67971
0.107341	6.29985
0.655087	5.24132
0.331226	7.04445
0.585513	7.43079
0.154348	4.82133
0.0822772	6.1228
0.252762	3.62382
0.120816	3.77055
0.95312	5.24417
0.103398	5.56791
0.336397	5.72964
0.125807	4.31536
0.213985	7.42513
0.377244	2.35715
0.37098	4.61599
0.367756	8.89545
0.418276	7.17724
0.819227	6.16087
0.134248	2.48968
0.265493	3.2318
0.202407	4.90835
0.182085	5.01452
0.10365	6.94298
1.51861	2.85102
0.151397	2.46315
0.592057	5.16127
0.121862	5.28412
0.138448	4.87374
0.838097	3.21819
0.181138	1.64494
0.441968	5.02476
0.431147	5.34137
0.459587	6.60433
0.742762	1.50442
0.368406	2.06528
0.49586	4.23474
0.264001	3.39507
3.37051	3.05649
0.53113	5.91738
0.141754	5.03671
0.167217	3.48186
0.196879	5.46217
0.185819	6.39704
0.76847	1.45032
0.300259	4.39273
0.166816	9.20289
0.29797	3.44102
0.917707	3.03952
1.67226	2.49188
0.306724	9.45139
0.290729	4.26061
0.546033	4.77413
1.39294	5.02606
0.197265	5.75398
0.197806	3.13437
1.26232	1.82489
0.18229	4.34987
0.423345	9.4569
0.448483	8.74259
0.0628901	1.85411
0.255174	4.7129
0.974568	5.44949
0.168261	4.27007
0.245499	4.22342
0.758929	3.43111
0.319474	2.21925
0.708837	1.13608
0.483472	4.10986
0.207277	5.58706
0.149225	2.87387
0.446035	8.62488
0.626273	4.6128
0.0507774	3.5089
0.64156	4.03594
0.772958	5.33552
0.272904	7.12891
0.605143	2.36313
0.357057	5.93811
0.394512	1.7992
0.0285499	4.40112
0.0704966	2.80318
0.51159	3.37542
0.862829	4.57926
0.226683	4.40909
0.316413	5.43493
0.821456	4.24989
0.948736	5.47194
0.609691	3.79249
0.0900334	5.50133
0.333662	3.84368
0.635739	4.45581
0.358781	6.55958
0.597574	6.57477
0.0598775	5.63854
0.286765	1.26687
0.541978	3.77016
0.176333	2.96211
1.37939	3.11939
0.0805802	9.55775
0.443574	7.69228
0.257202	4.53704
0.130701	5.51456
0.205811	4.66384
0.0789386	5.13283
0.0366921	4.93894
0.359425	9.22065
0.221521	2.56485
0.480426	1.23209
0.199829	2.0781
0.123331	3.24578
0.351603	9.48998
0.22922	3.4329
0.160925	3.18326
0.151532	4.91678
0.16136	5.74325
0.664948	4.29628
1.11071	2.39098
1.47617	3.76447
0.221869	4.08164
0.784415	4.80138
0.717695	6.77909
0.279463	6.55383
4.15878	1.85237
0.4124	1.12335
0.285795	5.37749
0.632724	2.16945
1.09303	4.55012
0.177619	9.57089
0.146224	5.14784
0.285849	1.31711
0.720004	2.17768
0.124355	5.10133
0.24769	10.5572
0.274145	2.04959
0.765098	2.56723
0.54563	3.13831
0.195672	6.76462
1.24259	2.14555
0.283338	1.32139
0.677177	3.94238
0.490357	3.90868
0.242193	5.5331
0.0956469	2.94623
1.03674	4.83807
0.407747	5.93384
0.332812	5.12359
0.35003	3.92101
0.934908	6.0998
1.43916	2.35001
0.29152	1.94661
0.263477	2.3118
1.36371	2.62092
1.52464	2.7513
0.577237	6.46495
0.846036	5.76133
0.232945	8.46099
0.572437	6.97417
0.0752156	5.52554
1.42061	2.47332
0.206491	4.11566
0.740343	4.12183
0.571048	7.16926
0.167837	1.01662
1.61551	1.44056
0.260515	5.36223
0.0807791	5.42464
0.21744	2.9316
0.260968	1.47678
0.237189	6.07139
0.798891	3.73025
0.797226	3.71749
1.1265	4.66829
0.599645	4.31895
0.278873	3.01543
0.764576	3.50022
0.217017	2.09812
0.284691	2.61328
0.258363	2.08349
0.503738	8.21412
0.0756502	6.99172
0.526556	5.50192
0.536314	4.27017
0.0800157	1.83261
0.0363547	10.1683
0.707842	2.76901
0.202901	9.08816
0.567078	6.71759
0.0934976	1.72617
0.406668	4.95697
0.718793	6.27474
0.590509	4.06352
0.692695	3.5195
0.101187	6.58364
0.104844	6.14351
0.307555	7.7342
0.546593	10.668
0.37863	3.74955
0.694933	1.84073
0.173538	4.25849
0.203527	5.37751
0.199901	4.23273
0.305154	7.86266
0.496414	6.91939
0.111433	5.39542
0.197636	5.44885
0.336255	3.29916
0.068756	6.80401
0.201677	7.47237
0.413019	6.67156
0.379002	2.83697
0.214862	4.58575
0.411838	5.16353
0.441465	5.21961
0.306972	4.34767
0.24131	6.40062
0.181359	6.56831
0.0886612	8.70379
0.170602	2.94674
0.535305	6.88518
0.721585	2.01603
0.619662	5.08031
0.208781	3.39277
0.118757	7.44229
0.111106	5.60269
0.166942	4.00372
0.448239	7.54372
0.124508	5.84096
0.704966	3.6553
0.267688	7.57244
0.0819645	9.18516
0.0654369	5.06043
0.198165	1.10795
0.245584	5.76553
0.0636172	7.1757
0.213938	8.03476
0.943776	2.33693
0.267641	4.59278
0.219197	4.52876
2.05952	1.33864
0.215216	5.38053
0.280794	3.56882
0.477284	7.70176
0.281156	5.0307
0.115098	3.60329
0.941625	4.71066
0.199164	5.43612
0.220246	3.21673
0.89537	2.86353
0.198274	1.09909
0.366372	4.31269
1.60413	5.69832
1.11439	2.27123
2.02684	3.13267
0.198171	1.14097
0.571841	3.11926
0.35301	9.14086
0.102013	8.42602
0.648229	3.58626
0.133233	5.02458
0.185846	7.40826
0.659608	9.47226
0.259115	3.97572
0.0587166	6.24225
0.518102	4.60743
0.200558	3.07572
0.659773	4.02003
0.72758	3.37068
0.129173	4.55418
0.277017	7.13822
0.275808	3.56541
0.278974	1.83541
0.68493	3.49541
0.211134	4.18741
0.472727	2.1254
0.305105	6.35914
0.197361	3.27539
0.123753	6.24451
0.281193	0.717667
0.187228	3.05264
0.190628	7.33654
0.100323	3.91155
0.105705	11.7469
0.288031	3.88156
1.45332	5.31377
0.709277	9.9538
0.141667	4.32743
0.205149	6.26788
0.341565	5.16969
0.292766	7.51101
0.253511	11.0774
0.694364	4.1906
0.221791	4.8904
0.11207	5.25873
0.739964	4.38633
0.3988	4.16247
0.103648	9.27339
0.0380632	8.08483
0.632058	4.88298
0.195004	2.64997
0.159555	8.64242
0.0898124	1.25333
0.467969	2.8839
0.0663325	7.52524
0.298465	4.68239
0.121071	4.796
0.113567	5.75111
0.0867637	5.50468
0.170516	3.82156
0.667214	1.33623
0.674186	4.00402
0.413028	5.24882
0.13509	6.55996
0.0650551	2.94215
0.582742	5.40019
0.389172	2.45116
0.0474836	4.36263
0.112269	4.54879
0.285514	2.45137
0.169665	5.5141
0.900719	6.31166
0.0736947	7.71073
0.646003	5.54872
0.762293	5.82871
0.925603	8.43576
0.491183	6.81338
0.0820111	7.04924
0.430865	5.66195
0.291547	4.23108
2.70615	1.16908
0.0720057	3.3075
0.217568	4.97807
0.504214	4.33243
0.865583	1.61269
0.311232	3.11704
0.226489	7.22342
0.14381	6.68518
0.0863846	4.35575
0.938908	4.54747
0.726839	6.57561
1.53262	2.63646
0.259389	7.12774
0.225579	5.65943
0.11739	5.31115
0.17068	4.44585
0.542206	6.3238
0.164647	5.34943
0.303131	7.33109
0.106129	4.33658
0.216855	5.79604
0.405274	5.35328
0.441133	6.40592
0.277071	4.63924
0.74788	5.09516
0.141491	5.37296
0.143295	6.90271
0.154152	6.10045
0.936486	7.77898
1.4374	1.19445
0.651254	4.64213
0.184829	4.60605
0.035405	7.04037
0.10972	2.45554
0.28558	10.225
0.512854	4.74253
0.758118	3.79876
0.367901	3.84689
1.46062	4.79997
0.23154	4.39879
0.759388	3.59598
0.283884	9.52491
0.209044	3.24073
0.111652	0.822795
0.133217	5.14048
0.218256	4.11994
0.351794	9.12377
0.616741	3.91317
1.39776	4.38641
0.55932	6.22875
0.209021	6.20159
0.436428	8.0214
0.141776	8.33077
0.087617	8.28213
1.56655	5.46276
0.527337	5.44778
0.371769	4.89287
0.0525048	2.50796
0.572757	9.47027
0.345174	3.1963
0.398869	5.7194
0.330871	3.70613
0.566523	1.80539
0.214997	3.752
0.157262	6.08523
0.143379	5.62179
0.138833	2.78191
0.404665	6.67247
0.152717	7.13302
0.196719	5.91382
0.229418	5.62991
0.12151	9.31199
1.2355	5.71771
0.884556	2.44406
0.713764	3.75207
1.68763	3.31578
0.236725	10.7883
0.438448	2.6743
0.0892524	4.84087
0.343601	6.29795
5.02912	2.49371
0.328999	2.20979
0.605886	8.19112
0.104111	4.53537
0.162379	7.01823
0.362012	4.9621
0.26946	4.51325
0.32023	7.00278
0.183287	8.72798
0.239618	5.1104
0.746306	2.31879
0.188103	0.438611
0.61907	4.896
2.37796	3.36621
0.719913	3.34014
0.537646	4.64919
0.620207	5.30684
0.154781	5.141
0.101512	3.15016
0.353989	2.12061
2.27525	1.93294
0.784346	2.58392
0.329893	2.77322
0.34169	6.46598
0.208436	7.34604
0.190815	1.58488
1.34539	6.06604
0.640037	7.68609
0.245162	4.46223
0.753532	4.74501
0.609411	6.77866
0.367285	4.30258
0.100883	3.03694
0.108235	4.64804
0.0996685	4.84707
0.490907	5.21916
0.10701	5.51163
0.444236	4.7464
0.0495459	5.17781
0.23582	4.0269
0.367116	6.5516
0.24317	3.54065
0.452245	0.734612
0.168445	3.53225
0.118586	8
0.781245	1.54816
2.06993	2.12492
1.06167	2.29771
1.64976	5.40668
0.192961	8.06737
0.169447	1.78785
0.218712	6.71699
0.520411	2.74921
0.0778874	3.85252
0.412695	5.74619
0.901998	5.26248
0.946049	6.38902
0.0779105	6.80488
0.337704	9.26448
0.344298	4.83103
0.314999	1.30863
0.310886	3.43136
0.41758	3.34271
2.00738	3.8205
0.306887	3.98456
0.0938782	5.31051
0.747659	2.78444
0.584744	5.70964
0.286519	10.2744
0.389206	6.5339
0.858434	0.962522
0.0859437	4.32454
0.182005	8.85495
0.304696	5.80528
0.406452	3.24012
0.199658	5.33913
0.925243	5.18025
0.556134	8.17683
0.0798329	2.88064
0.517282	4.82045
0.215447	5.31919
0.26749	5.62711
0.0885497	5.96319
0.0882766	6.05753
0.287472	5.46612
0.09986	2.72825
0.597283	4.01621
0.28275	10.0216
0.200283	3.16115
0.121073	9.79593
0.113401	6.68193
1.32461	6.04059
0.475816	3.18358
2.75692	3.32418
0.083548	4.53935
0.523704	4.49413
0.309306	5.91167
0.354788	8.45603
0.756034	2.13806
0.356351	6.18421
1.05392	1.01577
0.0905085	4.37849
0.834004	5.80869
0.284436	5.50193
0.736129	6.02108
0.425612	4.78074
0.419335	5.59523
0.189272	5.1995
0.287569	7.21311
0.142746	5.79401
0.157781	1.56552
0.260673	2.324
0.947236	5.32413
0.449972	5.41178
2.19137	1.90095
0.189202	4.66723
0.254467	6.77638
0.335407	8.19254
2.56835	2.92951
0.757589	7.63783
0.170452	4.92741
0.174416	7.91465
0.327361	2.70269
0.44268	6.32703
0.222726	3.667
0.0707432	2.56422
0.773692	6.56487
0.21325	8.24186
0.348475	3.93124
1.9407	2.32091
0.716576	3.45362
0.344272	9.33589
0.462986	7.15618
0.462665	3.27863
0.434048	4.66959
0.8809	5.69897
0.32878	7.96345
0.026579	6.1933
0.122109	5.93924
0.763361	2.25415
0.344683	2.30153
0.215654	4.22492
0.687883	5.32007
0.701026	5.29464
0.17749	5.89044
0.570376	7.72103
0.431762	5.29339
0.127145	8.20375
0.263934	1.7171
0.277288	3.63719
0.241432	5.01182
1.25793	1.69313
0.0860344	2.96408
0.75877	2.15151
1.38958	3.2128
0.163589	3.9798
0.222407	5.5676
0.171033	3.92321
0.458275	4.22936
0.0996918	6.71203
0.291106	9.34639
0.109199	3.02818
0.305584	8.50412
0.385396	8.63132
0.244388	5.52262
0.70545	5.19279
0.657287	3.29569
0.334386	6.79721
0.140271	6.78471
0.272436	6.41336
0.181027	6.1439
1.16105	4.1821
0.084183	9.13127
2.0827	5.77135
0.516185	5.0841
0.297475	6.18322
0.0774689	4.90776
0.221624	5.23109
0.577063	3.60251
0.902955	1.98699
0.0982437	8.4745
0.310422	2.73874
0.171954	3.78811
0.288017	4.26545
0.106762	2.61955
0.685985	4.35673
0.0874594	4.04275
0.723242	7.52492
0.182916	10.8172
0.1225	5.1836
0.204784	7.95556
0.500136	6.8061
0.184791	6.20035
0.215989	3.83622
0.200538	2.45019
0.641504	5.38643
0.169139	5.07024
0.174455	3.05057
0.530868	5.85419
0.230288	4.31379
0.200677	1.90572
0.109111	6.38131
0.509577	7.59702
0.142219	3.0881
0.316438	6.73607
0.227601	3.50344
0.25443	4.6589
1.10486	4.90329
0.142638	5.19053
0.199072	1.5423
0.181148	1.31922
0.278467	2.69395
2.21202	2.64187
0.561962	7.87001
0.41352	5.31672
0.774345	2.60773
0.0947344	6.9999
0.0331812	7.8689
0.499208	5.75151
0.125516	3.82587
0.636768	4.65693
0.165899	7.47349
0.535272	7.79476
0.119681	3.39378
0.711854	1.87359
2.18924	0.771559
0.311908	10.1262
0.0901987	3.52715
1.90315	2.27674
0.578263	2.55305
0.417132	0.774464
0.376623	2.0258
0.0297539	7.35999
0.350544	5.71026
0.331152	2.08574
0.343664	1.04889
0.413243	5.51339
0.311167	5.87459
0.608619	7.29812
0.253103	10.355
0.10262	7.92466
0.382878	5.01458
0.439459	2.22272
1.95515	3.00489
0.441826	2.83354
1.29417	1.92391
0.327006	4.29421
0.266601	3.60424
0.180256	6.65221
0.138689	4.86567
0.370459	2.61863
0.235919	7.59361
0.372475	6.11992
0.106574	3.2945
0.142126	6.1189
0.16402	6.778
0.556986	3.58884
0.399253	9.47018
1.51117	3.46895
0.657811	3.82939
0.16024	9.18768
2.25212	4.36418
0.239059	2.53265
0.144334	3.80999
0.177407	4.20062
1.90251	3.04332
0.218582	3.46407
0.326734	6.45802
1.24388	1.74794
0.900369	5.89697
0.23456	5.48433
0.77451	6.35323
0.290633	2.37001
0.169263	5.84394
0.14476	2.5955
0.306922	7.00957
23.4006	1.02627
0.189307	3.68817
0.238243	7.34782
0.161907	8.32658
0.329138	2.89267
0.588527	3.54256
0.49391	3.67946
0.232379	7.9797
1.93093	2.36755
0.386726	1.91026
0.242195	6.06492
0.240387	3.41629
0.555631	6.44932
1.54902	2.34595
0.647862	3.20405
0.32331	3.72056
0.390112	1.39613
0.201863	6.48256
0.144946	6.43234
0.192167	3.92524
0.482104	4.21031
0.117976	3.30108
0.0416228	5.36996
0.512746	3.44195
1.10239	4.23458
0.410062	10.1203
0.767506	4.35616
0.867343	3.00164
0.184804	5.58515
0.272233	3.26292
0.363181	6.26111
1.76249	5.25253
0.542106	5.63052
0.145236	4.87193
0.287269	6.61898
0.295582	7.33205
0.135855	5.63117
0.710003	5.76742
0.66573	6.55758
0.0768587	2.9059
0.152981	4.43778
4.09745	1.81784
0.595917	4.11194
0.17829	6.33931
0.0993002	5.61302
0.127054	4.09887
0.838895	5.55996
0.39672	4.69626
0.483493	6.93149
0.406543	6.75458
0.57646	5.7525
0.166308	3.80853
0.0981146	10.0131
0.196177	7.79346
0.643166	2.05423
1.40821	3.71187
1.27669	6.15954
0.220608	4.51881
0.922364	4.34909
0.234583	5.3533
0.298445	3.7602
0.254743	7.14515
0.282272	5.84084
0.230303	6.67056
0.418581	6.43953
0.716521	3.37607
0.13617	2.91694
0.159186	5.16621
0.808962	6.32558
0.188474	5.00305
0.198878	4.3676
0.643466	3.18138
0.436462	6.86759
2.02609	2.90849
0.237616	4.19151
0.279515	4.9949
0.412012	3.47162
0.105231	5.04525
2.29653	1.96025
0.332065	7.15143
0.284216	10.1262
0.462987	7.81856
0.262841	3.59687
0.267586	3.68297
0.226017	3.80637
0.125698	4.58829
0.167541	4.10507
0.473195	6.29002
0.488209	4.67603
0.294506	1.25905
2.40467	1.47539
0.215788	4.55399
0.35902	4.47008
0.261592	4.08633
0.137808	3.52801
0.0846206	4.57303
0.41712	5.83963
0.234276	4.45047
1.13188	4.03983
0.355044	4.49295
0.257374	6.97969
0.199219	2.3198
0.298907	4.73007
0.248867	10.0252
1.25936	3.14242
0.176171	2.98595
0.624319	2.6215
0.149583	4.00877
0.188607	2.98642
0.19413	6.42224
1.74655	2.02908
0.922596	4.10748
0.400298	3.70966
0.445621	2.71477
0.0562707	5.79571
0.112089	6.23209
0.26098	5.94472
0.38652	3.36271
0.331039	9.84198
2.2498	3.29276
1.40912	2.83793
0.771637	6.41876
0.12987	3.9575
1.25565	3.9481
0.38268	5.19498
0.211088	2.74744
0.315732	3.51808
0.111655	3.03497
0.156336	5.81312
0.292387	1.30772
0.642253	5.0141
2.06516	2.79341
0.225807	3.19848
0.15536	3.54673
0.165684	5.42255
0.204047	9.84416
0.148259	3.43118
0.112022	6.8402
0.217993	2.41176
0.225822	2.61262
0.477871	1.82545
0.0576065	5.07203
0.134603	4.61363
0.612668	2.31606
0.950797	4.76
0.163824	4.03755
0.35806	2.29903
0.37804	4.66558
0.0735306	4.60025
0.315335	5.06821
0.17429	1.82374
0.725727	6.91398
0.294264	4.92042
0.237832	3.11195
0.621806	8.10844
0.16177	4.25613
0.796797	5.3107
0.314649	5.43035
0.136165	3.15684
0.0981107	1.56097
0.225671	4.46953
0.386328	2.18138
0.256008	7.9117
0.402039	3.93276
0.929589	2.62796
0.178674	2.94676
0.724945	3.13638
0.417663	7.17328
0.530364	4.7745
1.50577	2.59134
0.787311	6.38704
0.156588	6.59048
0.112609	2.89127
0.438302	6.43372
0.599629	6.41319
0.648888	2.7424
0.354495	3.06278
0.387924	8.87017
0.400111	5.68974
0.256232	6.24442
1.78526	2.66619
0.252379	6.87254
0.473707	5.28679
0.139658	4.09526
0.868423	5.72932
0.27001	5.99792
1.64965	4.25704
0.829671	6.02572
0.131044	6.02234
0.16605	6.77154
0.232701	5.53927
0.463277	5.68498
0.145298	9.19892
0.126332	3.8932
0.310525	9.47432
0.157243	8.82234
0.520892	8.20565
0.086034	7.80585
0.479138	4.78156
0.435408	5.27683
0.238299	1.90661
0.295708	9.64385
1.57901	3.25141
0.135164	3.00043
0.387837	7.52842
0.282098	5.13163
0.568418	7.71856
0.337634	8.55237
0.473774	5.22037
0.377778	3.4811
0.691446	5.67599
0.204645	9.37721
0.147463	7.28212
0.25623	2.04978
0.621555	7.38262
0.61419	6.90031
0.361233	8.76092
0.104464	6.40819
0.643178	3.95664
0.373384	5.98597
0.413833	1.17121
0.177626	5.78427
0.400138	2.90401
0.238482	4.20034
0.125132	2.83564
0.229172	7.09711
0.317221	4.37631
0.586744	2.74961
0.307204	6.86489
0.617502	5.23802
0.377501	4.59356
0.199405	3.23759
0.149675	5.58672
0.107659	7.82849
0.658723	2.15535
0.630956	4.69162
0.267887	2.38288
2.25822	2.00809
0.131495	10.3876
0.72286	2.61709
1.11221	4.98347
0.346856	2.57335
0.513186	6.42151
0.594673	5.20267
1.15134	4.00871
1.07252	2.14322
0.669448	3.46082
0.145607	5.95031
5.13381	3.72705
0.62411	8.07756
0.198419	8.60436
0.639084	3.89389
0.243102	4.39061
0.123675	9.60003
0.0546925	6.73431
0.170552	4.90721
0.39106	4.52808
0.100591	4.15322
0.241492	5.13853
0.046249	6.3823
0.703158	4.15945
0.0512293	5.78859
1.95866	3.2192
0.404624	4.79837
0.235928	3.92917
0.282695	5.58677
0.518577	4.74549
0.803138	3.59372
0.588487	4.0201
0.356973	6.38432
0.194399	4.8049
0.682198	6.84208
0.754858	5.09068
0.24873	7.36195
0.426102	8.08895
0.0136617	4.25131
0.394254	3.63985
0.176909	6.63264
0.14004	6.50562
0.347794	5.18986
0.370396	6.43436
0.168307	2.84155
0.234246	8.35072
1.16901	4.27245
1.10176	6.57893
1.00014	2.74442
0.0207978	8.2068
0.300865	7.65095
0.211014	5.77455
0.772462	7.18753
0.749656	3.59388
0.174584	1.92492
0.405026	5.6041
0.78756	1.89724
0.753585	3.30982
0.216247	3.51365
0.3168	3.99132
0.595295	5.60879
0.274342	2.81726
0.204843	3.75802
0.351338	1.72026
0.159725	2.35127
0.173678	2.75803
0.208261	9.24591
0.315724	1.02662
1.2269	3.89632
0.207833	10.1616
0.213155	3.93247
0.314349	4.394
0.0659116	6.08341
0.0752135	3.29762
1.04442	5.17918
0.477637	7.65853
1.05833	1.83213
0.356546	6.49931
0.459894	5.19079
0.0799726	0.432194
0.0730051	7.05273
0.320122	8.66319
0.0963264	4.48105
0.107604	4.22691
0.869181	4.91246
0.840554	5.35997
0.334481	4.83274
0.349257	6.0909
0.0589506	2.16429
0.182692	3.37995
0.210371	6.09685
1.57617	5.8216
0.127121	1.27622
0.163621	2.64038
0.124595	6.38893
0.151905	6.56238
0.256126	6.98744
0.263383	7.8173
0.756246	4.56231
0.312519	3.77143
0.175065	4.97056
0.706731	5.44641
0.537853	7.19009
0.849421	5.16828
0.109807	4.84961
0.39281	8.56584
0.0889594	6.16397
0.156913	3.4623
0.430494	5.46998
0.610062	5.6608
0.125781	4.64136
0.663367	3.17101
0.49476	6.77672
0.237553	5.64415
0.110393	10.7161
0.0410507	4.69676
0.725829	3.23978
0.728224	3.7834
0.067892	5.70714
0.42912	4.39888
1.78892	1.93281
1.16621	2.53555
0.662673	2.52466
0.444348	5.44466
0.276393	10.2807
0.664458	4.63693
0.321669	4.58082
0.757259	1.66134
0.296634	2.48504
0.0543103	5.0306
0.286603	3.98444
1.86461	2.96176
0.804104	3.97458
0.127293	4.14562
0.681765	5.93364
0.293963	4.96693
0.184317	2.62951
0.0670524	5.39883
0.739373	3.37383
0.109528	5.36585
0.752729	3.56272
0.334252	5.44913
0.121547	3.62885
0.138431	4.38733
0.0930934	3.12354
0.132253	4.72117
0.252718	1.59209
0.534173	6.42338
0.0924537	4.87521
0.685539	7.67142
0.203483	4.20219
0.109722	3.96564
0.261997	7.20852
0.363448	6.19003
0.301901	3.10466
0.219962	2.49228
0.472186	3.9466
1.67445	2.14313
0.13693	6.77334
1.82233	4.07565
0.398749	3.42732
0.122457	4.07253
0.414085	2.54085
0.286128	10.1689
0.466671	8.32252
0.191499	5.20309
0.504621	4.56017
0.164912	4.26969
0.456225	9.24358
0.838432	4.28281
0.254065	7.55103
0.109554	5.17901
0.369503	3.76401
0.990773	5.20614
0.563509	5.54707
0.602943	6.13124
0.285832	2.63917
0.502487	6.72338
0.21994	3.21712
0.277623	7.25632
0.123309	4.35618
1.90335	1.17582
0.414203	5.6071
0.672095	3.8779
0.365778	6.32981
1.6158	2.05347
0.175939	4.54372
0.189436	0.843123
0.896992	1.13469
0.172778	1.60167
0.0661627	10.2698
0.35815	4.84167
0.597425	5.52299
0.182663	6.0833
0.218139	1.73953
0.769739	6.13528
0.340478	2.5964
0.249953	7.01996
0.620009	4.51994
0.736769	3.94353
1.1894	2.73594
0.0589726	7.14172
0.738757	2.50645
0.159722	5.91703
0.154287	5.94623
0.0837217	4.42574
0.912858	5.8407
0.164192	3.60687
0.486636	5.86483
0.128758	3.25867
0.525779	7.39596
1.7207	1.35281
0.518521	7.72829
0.37302	3.69948
0.390752	8.47951
0.203614	6.72861
0.162274	5.98853
0.706179	4.35464
0.206944	1.07846
0.100819	5.03973
0.239714	3.51836
0.389566	9.71335
0.735112	6.16389
0.385267	4.15636
0.40091	3.72903
0.425287	6.48746
0.542209	4.85618
1.23374	3.98951
0.287404	5.25901
0.157022	3.97206
0.367844	3.17958
0.102398	5.53518
0.138977	4.151
0.40344	3.51333
7.91404	2.90398
1.83208	5.01185
2.23379	3.68927
0.257863	6.42968
0.546458	1.94064
0.381032	1.36271
0.160163	8.07787
0.20505	3.48557
2.36908	3.1774
1.47317	5.21843
0.361176	3.05432
0.549724	4.9014
0.349675	5.76977
0.187321	4.73899
0.151021	3.06072
0.333275	6.80603
0.815467	2.0055
0.278046	7.53639
1.24401	4.04401
0.701163	1.99502
0.486012	8.48784
0.312304	3.38842
0.640282	6.00522
0.626136	7.04525
0.637078	6.98901
0.391166	2.93893
0.566644	6.26139
0.127883	5.88754
0.848226	6.72273
0.739047	3.03517
0.636528	4.85327
0.19169	3.03076
0.677767	4.54937
0.346137	3.71953
0.144846	5.10322
1.01112	7.78552
0.28495	6.67588
0.522394	4.96172
0.185341	4.24105
0.235583	10.5646
1.87739	0.982567
0.444716	4.80329
0.857072	4.66866
0.365313	3.39483
0.0876369	4.64619
0.949676	6.81813
0.276263	5.46945
0.747483	6.91324
0.225355	6.61602
0.119276	11.1762
0.109033	4.39053
0.54136	7.62061
0.83646	2.56193
1.0221	6.29313
0.293091	3.42697
