0.333817
1.05475
0.595686
0.945488
0.398186
0.170779
1.31532
0.142573
0.269473
0.665573
0.318462
0.301267
1.41658
1.5127
0.347395
0.473262
0.378997
3.44824
3.87451
0.751586
1.09535
0.407612
0.694331
0.340589
0.47982
0.344233
0.902757
0.6662
0.280509
1.28184
2.29888
0.445947
1.44172
0.423177
2.07759
0.526089
1.49872
0.162421
1.39601
0.585596
0.215444
0.851818
0.712819
0.442262
0.823391
1.02616
3.00327
0.383874
0.592083
2.36095
0.33391
0.534904
1.04215
0.716957
0.246689
2.3981
0.576989
0.722298
0.340727
0.089591
0.529712
0.613561
0.464699
1.38328
2.86537
1.16411
0.480025
0.415701
0.357141
0.239201
0.460692
1.10785
1.26447
0.384493
1.0189
0.742282
0.557666
1.14927
0.526009
0.709325
0.68856
0.363139
0.414909
0.5101
0.707006
0.286894
0.299106
0.74421
0.390919
0.743732
0.356409
1.74784
2.34289
0.192707
0.311085
0.25141
0.624387
1.50345
0.285397
0.484764
0.404821
2.88109
0.491449
0.500775
0.710369
0.564729
0.457987
1.3283
0.150694
0.6783
1.24506
0.41713
2.13008
0.61335
0.56824
0.836558
0.449055
0.955964
0.511217
0.323224
0.241307
0.798518
0.56448
1.69554
0.783554
0.889717
0.453683
0.408397
0.199336
0.515893
0.386839
0.445501
0.577839
0.296773
0.906015
3.11126
1.13549
1.00639
0.55014
0.982079
0.345589
2.89883
1.27121
0.31778
0.714947
1.08565
0.401061
0.202702
0.352958
0.334915
0.815729
0.616341
0.671705
0.295523
0.419509
0.960742
0.477619
1.98963
1.32017
0.929611
1.09206
0.296662
1.86991
1.56467
0.473593
0.773923
1.16009
0.840393
0.716543
1.0161
0.458883
0.329211
0.381152
0.537845
2.74461
0.310773
3.06903
1.60648
0.573728
0.505128
1.69339
2.77322
0.122187
0.461664
1.15994
0.630458
0.33897
0.447922
0.345578
0.495183
0.219396
0.422947
0.483194
1.82634
0.383718
0.617595
0.830087
0.529897
0.432062
0.977743
0.827674
0.2255
0.957716
0.602527
0.201846
0.266207
0.653479
1.78839
0.536821
0.718555
0.391349
1.24199
1.41549
0.300176
2.51109
0.48707
4.17159
1.53744
0.262332
1.16213
1.22229
0.399098
0.449676
3.76752
1.01764
0.520838
0.693255
0.706716
0.457093
2.1718
0.464359
0.687228
0.733383
1.43
0.830268
0.949736
0.504663
1.60164
3.24677
0.294266
1.22841
3.49092
0.883988
0.468794
0.774932
1.13094
4.42648
1.69906
1.08512
1.20149
0.272242
1.11396
0.630757
1.10228
4.01638
0.754026
0.368949
0.654205
3.07416
0.901786
1.18045
0.557725
0.992802
0.316487
0.327362
0.185825
0.82774
0.706645
0.828644
2.14081
0.45167
0.498151
0.338419
0.295982
0.161984
0.350396
1.39871
0.320112
1.23507
0.800698
1.28914
0.781148
1.11282
0.822071
0.832337
0.390026
0.172021
0.205455
0.698811
0.655992
0.836156
0.334086
0.813908
0.671505
0.68169
0.314118
0.739413
0.429806
0.622817
0.768546
1.3184
0.521499
0.335013
0.694271
0.72338
0.651784
1.82989
0.181192
1.61854
0.0778882
1.06359
1.09675
3.13066
0.87468
0.346519
0.365344
0.509482
1.22953
0.47739
0.482267
0.457192
0.577931
0.183145
0.320898
0.416044
1.04349
2.43115
2.27054
0.838096
0.433584
0.219657
0.891439
2.18194
0.263421
0.672205
0.650117
0.480893
0.921295
0.364375
0.985651
0.112557
0.351543
0.414089
1.06358
0.860884
1.51222
0.570282
0.305303
0.271098
0.268858
0.651081
2.07459
1.1067
0.439794
0.178003
0.772485
0.502362
0.21972
0.763441
0.390716
1.02705
1.33655
0.534389
1.03976
1.63146
0.535898
1.57369
2.22787
0.781375
1.15508
1.27601
1.22374
0.334914
0.624516
1.92611
0.160144
1.67508
0.369847
1.05844
0.654681
1.12592
1.31189
1.03736
1.52169
1.72612
0.586692
0.162105
0.542179
1.34191
2.28852
3.36088
3.08757
0.403735
0.184155
0.614904
0.244356
0.408325
0.512381
0.717084
0.374453
0.368078
0.148626
1.21166
0.167018
0.42849
1.05378
0.621223
0.506369
0.365638
0.193758
1.29932
0.609007
0.435762
0.780198
2.47794
1.53992
0.12435
1.21711
0.361173
1.34246
0.419416
0.46325
0.365323
1.27987
0.222496
0.807644
0.674834
0.829912
0.671441
0.740854
1.20429
0.141405
0.642319
0.613018
0.756944
3.55835
1.87621
0.283978
1.41402
0.576124
1.77197
0.742154
1.16282
0.169483
0.313851
2.34935
0.892269
1.6762
0.47574
0.386469
0.297331
0.241926
0.905154
0.387868
0.580869
0.793479
0.376151
0.411803
3.68226
0.449759
0.138755
0.627772
0.346231
1.66031
0.551507
4.09311
0.482641
0.737922
0.839535
1.02648
1.05228
0.548971
1.10721
0.987714
1.81766
1.78157
0.764033
0.201187
0.984608
1.80029
0.856302
0.852265
0.308868
0.517912
0.801894
0.74254
0.798887
0.778494
0.345105
1.05851
0.75029
0.377848
1.7
0.426043
0.532687
0.48598
0.536084
0.554214
1.08881
1.17831
0.965781
1.37558
2.4444
0.310727
1.28386
0.215594
0.73609
1.08814
0.468498
0.283429
0.489586
0.634207
2.28169
0.478511
0.420213
0.892262
2.0327
0.727381
0.517315
0.879373
0.566226
0.718048
0.382087
0.759041
0.576571
2.47158
0.858976
0.603815
1.16101
1.64953
0.83777
0.700552
0.691821
0.710847
0.569177
0.66338
0.99394
0.94042
0.236015
0.330721
0.726632
3.9042
0.327349
0.525982
0.567404
1.60292
1.51325
0.177372
0.817761
0.236011
0.579249
1.48663
0.332528
0.189936
0.550647
0.225136
0.759027
0.377383
3.10516
0.348193
1.00865
3.16989
0.663472
0.12079
1.25282
0.422017
0.247175
0.313543
0.116928
0.29156
1.33951
0.201402
1.27392
0.750659
1.14485
0.176371
0.395384
0.552384
0.800117
0.692687
0.731809
1.44179
0.66813
0.474839
1.08056
0.450567
0.304499
0.358096
0.597725
0.395526
0.324237
0.831136
2.5154
0.883196
0.50882
0.342459
0.626335
0.588581
0.797119
0.375338
0.213252
0.311035
1.45146
0.707253
0.37723
0.751464
1.38026
0.778285
0.45628
1.50191
0.425447
0.821285
0.389317
0.8104
0.106444
0.116094
0.810341
0.47559
0.228643
1.06667
0.520584
0.971995
0.732651
0.311396
0.85986
3.87954
1.04467
0.347297
0.790272
0.817479
3.39226
0.449654
0.40558
0.894329
1.03078
0.586166
0.350391
0.526923
0.176523
1.2362
0.450555
0.787918
0.750831
0.375322
0.73758
1.16667
1.1167
1.50817
1.77877
1.05766
0.934912
0.367244
0.714585
1.99186
0.533082
2.15221
0.456541
0.346302
0.689847
0.28826
1.82205
0.990163
0.353475
2.59476
0.639738
0.786905
1.29753
0.641875
1.19646
0.467484
1.05926
0.589316
1.13962
0.719718
0.427795
1.27473
0.459253
3.84938
0.926924
1.12858
0.150406
0.244493
0.775824
1.54388
0.215367
0.412773
0.365605
0.321042
0.800247
0.212905
0.223054
0.854245
0.299919
0.986385
0.705618
1.42106
0.785453
0.385506
0.807818
0.709971
2.18206
1.07977
0.910215
0.484202
0.333143
0.26017
1.53324
0.660895
1.15093
0.425984
3.85052
0.28365
4.24764
0.177104
0.480831
1.26474
0.439905
0.859462
0.640618
0.560955
1.06363
1.54638
0.398666
1.04028
2.00233
0.56855
0.853671
0.154498
0.423782
0.401088
1.43957
0.456652
1.52956
0.612689
1.65754
1.07865
1.98694
0.484027
0.211225
0.839441
1.80681
0.190826
2.1517
0.512121
0.445672
1.67941
0.564514
0.721963
0.271654
0.511616
0.521618
0.95988
0.194899
0.850848
0.421752
0.345733
0.54358
1.41971
1.4069
0.783297
0.337411
1.35641
0.376691
1.03334
0.704284
0.787777
0.770793
0.312279
0.708635
0.7919
0.308005
1.34175
3.8216
1.79462
0.619477
0.291171
2.26902
0.709714
1.23163
0.202761
0.513845
0.256852
0.144789
0.269072
1.39295
0.775369
0.752105
0.900144
0.0732476
0.507517
1.02742
1.11767
0.398721
0.42233
0.876538
2.2877
1.57747
0.273694
0.486549
0.53449
0.819
0.290062
0.749691
0.0428787
0.409224
0.403202
0.312867
0.373112
0.808357
3.14557
1.36109
0.657797
0.343925
0.470835
3.38987
0.527264
0.963293
0.669052
0.461504
0.481835
2.76441
0.530915
0.495111
0.816284
1.44491
0.655092
1.08047
0.755218
0.426681
0.235101
0.392322
0.774108
0.0657901
1.45865
0.254823
0.424147
0.591498
0.328412
0.461297
4.0241
1.18583
0.330958
1.15784
0.879323
0.948264
0.398176
1.58442
0.890859
0.531835
1.44256
0.496619
0.377973
2.46964
0.381883
0.819327
0.24834
3.45269
0.896317
1.29695
0.767298
0.754818
0.598336
1.36809
2.63111
0.950112
0.439181
0.815669
0.529461
1.97289
0.402638
0.308422
0.228848
0.883659
0.564442
0.217978
0.849136
0.598323
0.60524
0.960837
0.334147
0.379336
1.34734
2.1338
0.716595
1.25001
0.592307
2.56898
0.610627
0.543795
0.58094
1.18371
2.36491
0.82102
0.169966
1.16748
1.10625
0.411418
0.752805
3.12177
0.8568
1.36048
1.20854
2.05558
0.535632
0.722642
0.607764
2.42914
0.615113
0.634419
0.693062
0.47534
0.19482
2.11886
0.967751
3.90374
3.22641
0.412412
1.77088
0.463838
0.980337
0.245207
1.70964
0.884653
0.485052
0.79149
0.799213
0.198545
0.439703
0.706968
0.193267
0.645895
0.464943
0.424489
0.520196
0.661369
3.31221
1.03021
0.399334
1.2773
0.343184
1.10611
0.606838
2.0463
0.772916
0.336342
0.306138
0.52748
0.876912
1.02071
0.812683
0.650894
0.668184
0.469792
1.31839
0.623284
0.4572
0.387803
0.743056
0.851107
1.15294
0.322837
2.52238
0.0702961
0.491046
0.480444
0.96936
0.237155
0.198863
0.714805
2.84063
1.87055
0.464453
0.562524
0.361071
1.34016
0.780076
0.076992
0.28546
0.545673
0.87393
0.722493
0.196339
0.452991
0.548878
0.856087
2.99373
1.32698
0.591928
1.67832
0.828274
0.287851
0.595385
0.714703
0.294584
2.45048
0.486758
0.524498
0.165951
1.61417
0.213974
0.25229
1.43959
0.58784
0.377093
0.424831
1.3016
0.458972
0.43779
2.89188
0.216712
4.57296
0.353145
0.658843
1.74418
0.573775
0.354524
0.235146
0.800245
0.371558
0.501066
0.446164
2.36401
0.316291
0.958214
1.52368
1.24521
0.619642
1.4056
0.238819
0.294831
0.505356
0.643325
0.597005
0.340643
1.84899
0.506569
1.3277
0.315673
0.266543
0.276484
0.364045
1.00511
3.26741
0.855966
0.126204
0.368696
0.803529
0.518123
1.10322
0.634178
0.410121
0.264537
1.41557
2.44142
0.551925
0.219587
0.201809
0.896605
0.962545
0.656596
0.440459
0.398808
1.3185
0.420402
3.84803
0.306773
1.41965
0.524666
0.319473
0.40572
0.849794
0.142824
0.246475
0.734703
0.215116
0.499882
1.10501
2.36222
0.607401
0.65506
0.564656
4.59736
0.478427
0.219702
0.222811
1.23462
1.49929
1.17957
2.92207
1.09495
0.95461
1.05693
0.688769
0.548574
0.46288
1.96051
0.552992
0.343917
0.277439
0.922492
0.457202
0.294349
0.934623
0.290232
0.94352
0.887601
0.477173
2.05849
1.2779
0.572615
0.636542
1.07817
0.862028
0.84866
0.333067
1.42709
0.105615
0.42538
0.567582
0.541831
0.45699
0.532133
0.386237
0.777826
0.40229
0.125932
0.327616
0.837469
0.614305
1.32771
0.352824
0.74401
2.48898
0.538811
0.563269
2.34625
0.632167
0.896577
0.499984
1.4531
0.311538
0.366327
0.271031
1.60135
0.558408
1.10996
0.362861
0.85151
0.688274
0.392074
0.380748
0.15278
0.312679
0.607758
1.95788
2.93209
0.72498
0.279814
3.50936
1.14937
1.94364
2.08452
1.1234
2.90923
0.220803
0.374595
1.02505
0.831947
0.251975
0.631901
1.17938
0.247303
1.37188
1.73315
0.588064
0.938732
0.844016
1.06334
0.766942
0.547776
0.566142
0.243144
1.27508
0.253906
0.635601
1.10554
0.225361
0.225121
1.30939
0.552846
1.45878
0.223325
0.33683
2.60279
0.307117
0.2287
0.539319
0.731365
2.66622
1.06582
0.229703
0.371211
0.567488
0.399704
1.24988
0.3495
0.725463
0.86057
0.445664
1.37066
0.824488
0.296986
0.585257
0.720691
0.345016
0.501148
0.617122
4.86001
0.957339
0.6229
0.499943
0.715246
0.521919
0.681511
0.595406
0.234318
0.745999
0.46599
3.1134
1.79052
0.319803
3.48877
0.876643
0.962043
0.471087
0.650555
0.767208
1.87947
2.5925
0.509306
0.162336
1.04861
0.935648
0.991923
1.55895
0.66513
0.296506
0.430524
0.83976
0.529035
0.19563
0.841815
1.09515
0.466269
0.295344
0.420947
1.12935
0.957563
0.668854
1.74432
0.28335
1.20839
0.684481
1.13411
0.884381
0.683665
0.426175
1.44457
2.45793
0.305831
0.399626
1.4606
0.62283
0.925575
0.828495
0.428543
3.27096
0.71078
0.468688
1.47332
0.312707
0.680149
1.08778
2.05414
0.390903
0.560407
0.653743
0.560024
1.62358
0.376046
0.551456
0.974437
0.398889
0.69616
4.88909
0.382727
0.906824
0.298
0.435533
0.717662
0.327529
0.198789
0.408464
0.560015
2.21695
1.23513
0.523647
0.122863
0.703118
0.552272
1.48133
0.889496
0.616396
0.963273
0.519786
1.40019
0.650628
1.19891
0.323677
0.491678
1.26337
0.499973
0.352348
0.467099
0.717812
0.71769
1.00235
0.550992
3.6987
1.25995
0.652636
0.24668
1.47259
0.437994
1.00784
0.559425
1.20762
0.846743
0.278225
0.293738
0.514696
0.579647
0.53502
0.0875231
0.39045
0.34483
0.781556
0.397158
0.491499
0.38044
1.78149
0.350251
0.395509
3.08516
0.788492
0.320753
0.880354
0.4856
0.793822
0.322508
3.14376
2.93425
0.956105
1.5662
1.33239
0.149046
0.451074
0.383993
0.744331
0.294955
2.83447
0.527851
0.475841
1.34313
0.671484
0.888711
1.01166
0.344998
0.227524
0.986713
0.312732
1.35722
0.836962
0.593674
0.871271
1.9022
1.57373
0.962804
1.14234
0.282251
0.0911092
1.29312
1.3191
0.24358
1.58597
0.218468
0.515039
2.61096
0.0690247
0.984976
0.441408
0.599028
0.369929
0.691619
0.105671
0.439892
0.663147
1.10407
1.89974
0.441256
0.742262
1.12189
0.882967
0.693808
0.69837
0.625531
0.717889
1.18609
0.900329
0.665361
0.559
0.253969
0.264349
0.510142
0.446565
1.18592
0.164342
0.384806
0.865756
0.774367
1.45893
1.10893
0.263912
1.22807
0.87848
1.23599
0.420658
0.737652
0.63301
1.61375
0.402013
0.59272
0.283598
0.71678
0.688934
0.263609
0.326157
0.182796
0.924629
0.500416
1.14401
0.726815
0.430068
0.629037
0.63628
1.11856
0.268601
0.240828
0.362421
0.320183
0.246727
0.310167
0.541519
0.436485
0.674575
2.21432
1.7537
2.76934
0.542993
0.347753
0.660874
0.24966
2.16049
0.519224
0.585751
0.257109
0.450965
0.804573
0.686359
1.44993
0.248541
0.988684
2.66004
4.58
0.436596
0.94991
0.439527
1.02097
2.26995
0.433047
0.574433
1.8168
0.821824
0.302069
1.9438
2.7697
0.600291
0.306215
0.231292
1.01637
1.26582
0.397345
1.11437
0.654604
0.695869
0.663822
0.218232
0.16562
1.14619
1.16747
0.357216
0.241013
0.0688467
0.602485
0.383477
1.03381
0.694625
0.216021
0.652495
0.22296
1.18006
1.23421
0.323516
0.811377
0.516572
0.784685
0.517425
0.442925
0.248368
0.429292
0.584782
0.264435
2.90101
0.200115
0.414845
0.694446
0.518524
1.04764
1.20392
0.679034
0.910009
0.332491
0.702463
0.562208
0.539359
2.2186
0.387884
0.573585
0.663648
0.209966
1.15569
1.39152
0.4931
2.17744
0.428981
0.13487
1.10988
0.558948
1.72922
0.459825
0.089616
0.277986
0.371085
1.23519
0.167488
0.638512
0.254086
0.666451
0.207905
0.54551
1.75726
0.615058
1.40439
0.601124
0.600845
3.73835
0.602474
0.975068
0.403501
0.456596
0.868517
0.332927
1.17305
0.923739
1.04063
0.143749
0.938361
0.961021
0.365713
0.804401
0.886587
0.618239
0.495114
1.74375
0.294317
0.582909
1.30001
0.748594
1.3728
0.488291
0.81454
0.298223
0.37157
0.492352
3.51371
0.463293
1.85045
0.305495
3.48824
0.214216
0.237995
0.357217
0.476878
0.7359
0.353251
0.950758
2.24123
0.253797
1.22924
0.333845
0.546434
0.41279
0.270105
0.296839
2.33175
1.4727
0.766937
0.387486
0.295218
0.567966
0.899657
0.559011
0.712146
2.17033
0.220545
0.336743
1.0683
1.65089
2.1704
1.81573
0.646627
0.424626
1.06404
0.849837
0.612364
0.841058
0.647466
0.800945
0.387713
0.0916173
1.20863
0.231824
0.186535
0.880083
0.817376
2.63845
0.58876
0.503317
0.684285
0.702295
0.620195
0.797332
0.526082
0.36707
1.61566
0.311317
0.801559
0.159162
0.391238
0.83941
0.511871
0.986389
0.327212
1.46625
0.588286
0.266766
0.10058
1.66738
1.11619
0.499334
0.413802
0.938772
1.67409
2.4184
0.891385
0.160555
0.794024
3.73153
1.52609
0.17021
0.541896
0.117377
0.625622
0.456686
0.375659
0.463561
0.353296
0.619307
0.860277
0.552548
0.529216
0.849621
1.62962
0.262503
0.414369
2.84253
1.28009
0.783615
0.683247
1.19356
1.70616
0.855402
0.770687
0.979147
0.560582
0.674518
0.495805
1.38244
0.439444
0.197213
0.612694
0.664775
1.65139
0.304848
0.827791
0.44754
1.62142
3.1334
0.35077
0.389031
0.433519
0.185679
4.4421
0.614671
0.189334
0.664667
0.624718
0.703324
1.12206
1.85723
0.246661
1.55549
0.783081
0.220308
0.813363
2.17745
0.652215
1.21643
0.431143
0.193787
0.258601
0.172552
0.855369
0.12284
0.857249
2.07245
0.385212
0.199912
0.444591
0.32259
0.500907
0.176426
0.321795
0.464612
0.277173
0.574909
0.78489
1.42654
0.31156
0.325286
0.438414
0.616442
0.841899
0.732647
0.386197
0.304402
4.87887
0.589738
0.832155
0.350756
1.41868
0.822052
0.39449
0.625625
0.23653
1.4833
1.34278
0.990332
0.429338
2.39419
0.655975
0.610868
0.877893
0.246966
0.151918
0.406512
0.799043
0.862314
0.588804
0.573239
0.586071
0.662396
0.289962
0.594332
1.52921
0.653723
2.31231
0.215061
0.731882
0.167165
2.52494
0.738367
0.125695
0.549096
0.730569
2.95813
0.74363
1.63855
1.50198
1.39561
3.39965
2.38904
0.703143
0.960558
1.29665
0.366072
1.68806
1.32079
0.522923
0.136152
0.296202
0.383121
0.670302
1.18236
1.06671
0.5003
0.353357
0.811272
0.885655
0.421594
0.563564
0.870898
0.64291
1.22108
0.206765
0.450335
1.65249
1.45633
1.93831
0.701024
0.163054
0.447536
0.755326
0.415772
0.415496
0.650581
0.430361
0.381989
0.246515
0.557009
0.387932
1.27068
0.264015
0.304609
0.219928
0.429932
0.253266
1.40346
0.13566
1.00015
0.890647
3.84884
0.49717
0.451436
0.553854
1.74773
0.587389
0.120353
1.83806
0.796041
0.813433
0.592569
0.330242
2.07476
1.16476
0.919438
0.449104
0.171481
0.662018
1.24961
0.894509
2.28113
1.05403
1.45918
0.41243
1.03661
0.600699
1.01142
1.67412
2.77356
0.518996
1.73659
3.42676
1.74447
0.272601
1.24122
2.14667
0.198433
2.60072
1.26444
1.12461
1.21524
0.454936
1.0785
0.583694
0.782948
2.93512
2.13433
0.338321
0.508101
0.38456
0.646152
0.471766
0.439263
0.849092
0.687423
1.37436
0.658217
0.997246
0.347953
0.242046
0.269202
0.565189
0.662072
0.715338
0.448512
0.385814
1.09132
0.178674
0.863716
0.350691
0.819077
0.631035
1.61594
0.633229
0.642351
1.23525
1.74831
0.557748
0.736126
2.29335
0.4183
2.15367
0.451367
0.709821
0.714468
0.292787
0.837153
0.628043
0.327409
0.476483
0.270865
0.460812
0.814669
0.818779
0.584419
0.48018
1.85259
0.704693
1.57633
1.06689
0.583643
1.06371
2.81271
0.99435
0.626925
0.401035
0.683366
0.500469
1.16103
0.473548
1.48779
0.397465
0.679968
0.563754
0.825938
0.26482
1.70774
0.847936
1.64242
0.432393
0.350904
3.39002
0.182474
0.749117
0.417914
1.1059
0.362151
0.782417
0.46163
0.416286
0.365497
0.189733
0.414981
0.685585
0.31796
0.541641
0.670664
0.922415
0.369344
0.522194
0.930448
0.68705
0.583654
1.20783
1.20123
0.21505
1.98183
0.26351
0.0851493
1.88737
0.730429
1.18105
1.66365
0.999908
0.619251
1.33323
0.903024
0.427689
0.201671
0.573935
2.8303
0.445038
0.85242
0.55963
1.07168
0.160942
0.581789
1.14114
1.43803
0.607684
0.785881
0.435178
1.05296
0.425663
1.06551
0.704747
0.858934
1.3553
0.98556
0.510063
1.01189
0.600939
1.16305
0.738567
1.6472
1.04633
1.88025
1.25548
0.385743
0.191326
0.624488
4.60655
0.443547
0.29879
0.41019
0.912573
1.08468
1.47341
0.684105
1.20171
0.603587
0.795508
1.92694
0.588716
0.362795
0.904388
0.500247
1.26134
0.663889
0.670995
0.2677
1.73213
1.58352
0.36374
0.50834
0.470109
0.792025
0.29284
1.1661
0.755126
0.301876
0.481735
0.663825
0.229441
1.79486
0.309475
0.916685
0.502762
0.619349
0.461378
2.98031
0.119313
1.18377
0.362597
4.57107
3.06991
0.56133
0.447194
1.34077
0.373484
2.13261
0.353975
1.79633
0.408274
1.24288
0.748129
3.29005
1.12311
0.767534
1.56723
0.827158
1.31524
0.215609
0.643826
1.31948
0.11227
0.64843
0.452334
0.237463
0.469326
0.365225
1.40506
0.608473
1.11119
0.138212
0.367046
0.938423
0.865468
0.292162
0.825844
0.223814
1.09802
0.868494
0.582743
0.321951
0.305467
0.322204
0.60245
0.39648
0.918804
0.805249
0.857652
0.589857
1.67777
0.548568
0.896991
1.62177
0.13742
0.950569
0.205457
0.225892
0.450219
1.15066
0.75049
0.489612
0.631655
0.782298
0.698411
1.76895
0.976622
0.578037
1.16153
0.533778
0.668888
0.447878
0.582137
0.374437
1.68299
0.636859
0.534149
0.326759
0.323624
0.773866
0.639986
0.345563
0.439739
0.509036
0.42063
1.0197
0.915047
0.47984
0.485314
1.93174
0.881944
0.669929
1.05329
0.43483
0.898126
0.482005
0.264647
0.501777
0.444315
1.08585
0.842509
0.51503
0.439601
1.88989
0.815834
0.252738
0.488981
2.77407
0.234334
0.592828
1.09935
0.762943
0.927365
0.0908725
0.559834
0.696236
1.50632
1.17026
0.4082
0.365674
0.138692
0.672249
1.06272
0.719945
0.91167
1.67048
2.51543
0.37161
0.249261
2.75075
1.67658
1.01829
0.359955
1.42531
0.883299
0.557352
0.437062
1.38341
0.822726
0.10681
0.546472
1.29432
1.37905
1.49345
0.654392
0.184729
0.685968
0.407463
0.640094
0.347266
3.58728
0.487865
0.383831
0.398241
0.622234
0.415093
0.5782
0.0526014
0.766261
0.789283
0.387854
0.462703
0.435556
0.396209
0.930936
0.34923
1.53123
0.13818
1.61074
0.242112
0.182232
1.8851
0.0628791
1.96763
1.61691
0.895385
0.351539
0.470313
0.0826278
0.910369
0.408733
2.14371
0.510662
0.274486
0.625429
2.41529
0.470358
1.89169
1.05484
2.63918
0.593665
0.916323
0.366413
1.34118
0.848396
0.193363
0.46082
1.01369
3.31162
0.947647
1.87445
0.304359
0.47189
0.407026
2.51234
0.434685
0.506228
0.190003
0.505596
0.575282
0.562698
0.238508
0.412308
0.390671
0.665984
0.459917
0.382474
0.763402
0.688111
1.01428
0.401324
0.319616
0.265653
0.114857
0.867551
0.513803
1.15118
1.74799
1.69909
0.131201
0.168881
0.631391
0.487517
0.906739
0.36046
1.4179
0.63396
0.864832
0.262743
0.196383
0.496215
0.586502
0.611222
0.482679
0.666177
0.66665
0.521193
1.52553
1.20489
2.41134
0.632103
0.289562
0.593639
0.854568
0.456547
1.13125
0.791165
0.887833
0.623032
0.365521
0.155302
0.960782
2.00314
1.52923
0.861215
0.949554
0.358255
0.515565
0.342368
0.364916
0.844224
0.267636
0.23006
0.639044
0.374895
0.801794
1.28543
0.30865
0.446655
0.883351
0.342375
1.06025
1.48329
0.449694
0.958673
0.812411
3.68349
0.422823
0.302707
0.173418
1.33139
1.04737
0.495679
0.11291
0.627446
1.89285
0.640372
1.42992
0.749691
0.891813
0.572909
0.658716
1.04967
0.691537
1.09238
1.14482
0.625319
2.43275
0.116368
0.64514
0.439902
0.926473
0.527788
0.557698
0.635319
2.21964
0.879961
0.489264
0.610338
0.244161
0.577424
0.968718
0.635805
0.632085
0.974043
0.56542
0.43155
0.140798
0.416935
0.557716
0.367853
0.491695
0.889024
0.482902
0.281443
2.78045
0.950205
0.531092
0.244356
1.26049
1.19736
2.07332
1.29756
0.449305
1.03552
0.640832
0.445145
0.438915
0.626073
0.376109
0.30032
0.18516
1.17412
0.59302
0.702081
3.07142
0.9095
1.46189
0.139701
1.42486
0.429151
1.05362
0.603857
0.992069
0.94346
0.212916
0.68306
0.648385
0.523679
0.797167
0.480305
0.857801
0.786342
0.233419
0.719788
0.555948
0.869965
0.529562
0.69081
1.01859
0.261424
1.10742
0.389752
0.415896
0.84935
4.9052
0.685013
1.28002
2.54525
0.271953
0.301168
0.756971
0.92337
0.395905
0.451066
0.59771
0.627754
0.571794
2.28514
0.99067
0.171266
1.34699
0.442152
0.332833
0.22097
0.247703
0.405508
0.746431
0.200195
0.512485
4.0289
0.600538
0.234081
0.410421
0.100624
0.759773
0.242779
0.358317
1.02449
0.472977
1.32627
1.32624
0.211203
1.4818
0.394337
0.583845
4.02555
1.81749
2.65365
0.478266
2.00795
1.24819
0.676243
0.453751
0.967112
0.394082
0.603053
0.56755
0.118953
0.758547
0.924545
0.191071
0.774417
0.315752
0.333929
0.804469
0.291289
2.85148
0.485538
3.06546
0.198153
0.718449
1.05496
1.96458
0.653237
0.224174
0.469961
1.14386
1.83794
0.961354
1.18957
0.302396
0.321784
0.377468
1.15036
0.455804
2.04516
0.816472
0.602664
0.975038
0.463788
1.25454
0.722572
1.51788
0.466682
0.181842
0.973215
1.20456
1.20444
0.34142
0.568493
3.15859
0.782315
1.46076
0.610998
1.27809
0.293038
3.64016
0.456867
0.389979
0.753376
0.165064
0.316791
0.423111
1.27194
0.611346
0.287898
0.488142
0.365521
0.827246
0.296443
0.659292
0.402892
0.432009
0.310451
0.619612
0.211317
0.614486
0.239668
0.877017
0.245249
0.847524
0.358525
1.14754
0.766996
1.03227
0.531338
0.567462
0.522544
0.836533
0.539441
0.324881
0.68955
1.34185
0.294856
1.85762
0.472722
0.428707
0.58564
0.393359
0.433389
2.54731
0.80258
0.452756
1.09257
0.837027
0.86174
0.354771
0.59154
0.648774
0.418576
0.82543
0.682244
0.394979
0.458804
1.09363
0.434305
0.56877
0.988527
0.542989
0.148093
0.147701
0.29223
2.44932
0.110067
4.33098
0.559609
0.546883
0.626725
1.24369
0.555134
0.389445
1.23163
0.570858
0.58417
0.256398
3.18009
0.956634
0.896495
0.416754
1.67103
1.23903
0.450768
1.82409
1.21508
0.858157
1.37532
0.682068
1.53033
3.68252
0.283529
2.06186
1.05328
3.43798
0.794834
0.424636
3.60093
0.156686
0.300009
1.35013
0.482696
0.203339
0.666283
0.566152
0.392254
0.62531
0.546036
0.230753
1.04581
0.488883
0.985263
1.05933
0.593046
0.643595
0.408181
0.59053
0.213084
0.246913
0.208184
0.241109
0.866682
0.809466
0.491239
1.07741
0.635648
1.21557
0.794982
0.418609
0.228339
3.83368
0.411466
0.901637
0.879717
4.59617
3.42351
0.232327
0.565108
0.610607
0.259665
0.175546
0.433259
1.37691
0.292001
1.20438
1.57109
2.58279
0.4161
0.967585
0.529454
0.603079
0.162428
0.295457
0.441073
0.887466
0.706192
0.764444
0.36996
0.392124
0.398021
0.348804
0.5655
0.361444
0.227042
0.631106
1.60318
0.264127
1.1494
1.18188
1.27673
0.642195
0.505214
0.190519
0.173645
0.356402
0.590448
0.421901
2.73871
0.294293
0.404665
1.1117
1.34946
0.299013
1.71354
1.65528
0.465847
0.150455
0.420112
0.500212
2.52819
0.365104
0.2557
0.931535
0.798006
1.23282
0.428789
1.14538
0.616383
0.685479
0.565498
0.411763
0.933992
0.199658
0.363944
0.259641
0.174781
1.00857
0.334863
0.675974
0.202334
0.665852
0.596122
0.542421
4.15318
0.436956
0.398929
0.387455
1.24867
0.502398
0.910162
3.29943
0.560305
3.05316
0.247693
0.312536
0.470383
0.662727
0.671926
0.514696
0.977836
1.8931
0.685661
0.501556
0.776734
1.23706
0.611474
0.344454
0.533379
1.04312
1.41379
0.820501
0.721603
0.787532
1.02293
0.486775
0.375693
0.885438
0.117137
0.769691
0.46136
0.664648
1.04019
0.792998
0.55476
0.896014
1.43845
0.548454
1.21968
1.70952
1.22615
2.07982
2.16312
1.50064
1.15394
0.900231
0.699775
0.569757
0.645548
0.70845
0.774466
1.57906
0.52254
0.0776017
0.222094
0.358653
0.43549
0.297407
1.65989
0.516998
0.751978
0.669676
1.85341
1.49281
0.946267
1.01012
0.515709
0.58243
0.516608
0.247491
0.445649
0.175152
0.374889
2.03457
1.16926
1.28353
0.226433
1.18047
0.298439
0.880339
0.330685
0.56068
1.90834
1.60547
0.21275
0.406536
0.473714
0.392493
1.0075
0.920385
0.583606
0.207388
1.05532
1.10092
0.221339
0.913378
1.44358
0.52728
0.70309
0.494706
0.707424
0.268796
1.11655
1.31146
0.25931
0.229631
1.34395
0.475237
0.924866
0.51868
1.63054
3.1251
0.067104
0.287684
1.44295
0.648019
0.462364
3.26787
0.326802
0.254905
0.915555
0.658438
0.737231
0.42563
0.802226
0.39611
0.116628
4.61997
0.149754
0.50173
0.445151
3.24286
2.37762
0.935124
2.26971
0.808575
0.247064
0.762213
0.880472
0.528308
0.567139
0.436306
0.817784
0.966862
0.496454
0.317474
1.17108
0.982031
0.268545
0.801848
0.71678
2.18524
0.510608
0.534365
1.33528
0.297456
0.618497
0.779074
0.57874
0.363058
3.47539
0.837503
1.6023
0.499924
0.317879
0.553785
0.692958
0.467915
1.21986
0.604582
4.22545
1.2691
0.0550868
2.075
0.999574
0.331214
1.1424
1.28442
2.30711
0.43897
0.797488
0.792878
0.992342
1.87631
0.123952
0.463952
0.978363
0.696561
0.939337
1.13781
1.41357
1.3514
0.824715
0.47273
0.389172
0.725443
0.844232
0.437997
0.313591
0.771549
0.756516
0.567752
0.140411
0.498845
0.920398
0.36311
0.72642
0.486542
1.90498
0.515395
0.668503
0.66268
0.766547
0.56651
0.284068
2.31048
0.133254
0.795307
0.453165
1.00676
0.877945
0.333349
0.763633
1.39688
0.536904
0.586665
0.832515
1.1408
2.29111
0.935246
1.55362
1.14055
0.677571
0.75184
0.533964
0.273562
0.438522
0.11579
0.432608
1.30785
1.12895
1.17659
0.811616
0.513924
0.707907
1.1454
0.40653
0.347955
0.58032
0.527618
1.29581
0.430816
0.901957
0.67763
0.736533
1.14977
0.217119
0.348413
0.390092
0.599188
1.06678
0.960822
0.926461
0.733802
0.249863
0.715474
1.80714
0.473994
1.83263
0.266327
0.630539
1.02023
0.68254
1.62537
0.293462
0.873638
0.539311
3.23738
0.280247
0.61078
1.46121
1.07282
0.333223
0.874035
0.597243
0.190936
0.808048
0.64392
0.389211
1.42855
4.90212
0.500141
0.551329
2.55348
1.17525
0.443695
0.366481
0.299987
1.03137
0.367706
0.308106
0.829845
0.459797
0.458591
0.332847
0.868232
0.472721
2.02847
0.173254
0.763272
0.618942
1.55777
0.664037
2.41941
0.694675
0.515669
0.29785
0.946565
1.32626
0.975931
0.365317
2.14671
0.215217
0.231974
0.586168
0.304145
1.41134
0.357535
0.365508
0.657013
0.325646
0.737986
1.1167
0.525966
0.45658
0.791912
2.26541
0.34729
0.447118
0.74612
0.107449
0.245517
1.21986
0.508487
0.885231
3.53702
0.412959
0.0823379
1.08456
1.03639
0.339996
1.87834
0.285096
1.6923
0.530765
0.737413
0.140752
1.57373
0.539645
0.906164
0.90887
0.89579
0.75118
0.349507
0.815273
0.61515
0.940506
0.217498
2.69736
1.09412
1.51438
1.62799
0.940169
1.67024
0.210058
0.319468
0.909571
0.600903
1.20863
0.406703
0.370825
0.289459
0.982084
0.874993
0.9227
0.386562
2.03497
0.856952
1.42706
0.808517
0.487432
1.14414
0.533958
0.690916
1.06041
0.306511
3.11782
0.167844
0.735683
0.194304
0.697574
0.966856
2.60543
0.495198
0.235437
0.45039
0.320325
0.628623
0.844359
0.479924
2.22128
0.842473
0.791986
0.143724
1.79821
0.515529
0.778209
0.236835
0.5508
0.321008
0.488901
0.39002
0.498308
0.290667
0.504801
0.662639
0.999174
0.694014
1.48697
1.00367
1.12052
0.252
1.48169
1.36675
0.746082
0.232776
0.406066
0.183097
1.82077
0.368168
0.510511
0.616812
1.48244
0.577175
1.96611
1.47121
0.488663
4.33887
2.00322
0.824001
0.62474
0.838647
0.267572
0.261614
0.156956
0.696942
0.871626
0.534779
1.6445
1.79846
2.39047
1.72449
1.88267
1.04905
0.421965
0.709198
0.702116
0.891572
0.192991
0.15952
3.11413
0.470854
0.790651
0.170476
0.134982
1.64907
0.438043
2.09572
0.659953
0.227574
0.559635
0.374624
0.221811
0.364833
0.730258
0.486084
0.605996
0.41335
0.224987
0.975179
0.337595
0.108233
0.497727
2.35463
0.251054
2.22812
0.285998
0.672682
1.41324
0.365945
0.430482
0.30229
0.406304
0.179841
0.351898
0.428331
0.476795
0.326762
0.407256
0.285017
0.795081
0.292479
1.72063
0.379758
0.422634
0.414944
0.545959
1.09303
1.6848
1.51638
0.557909
0.460307
1.65426
0.851997
0.7123
0.453494
1.22267
1.10937
0.859804
0.4336
0.656188
0.603249
0.172846
1.88889
1.6238
0.464658
0.330457
0.290664
0.503591
1.64732
0.356212
1.40848
0.37109
0.985587
3.2892
0.268373
0.318417
1.18386
0.506999
0.601923
1.28527
1.35591
0.74684
0.633882
0.240455
1.01135
0.888324
0.205948
1.91591
0.366275
0.229932
0.717243
0.641896
0.220476
0.314873
0.666905
0.248506
0.998199
0.479333
0.351409
0.847367
0.372999
0.229156
0.184963
1.36599
0.191516
0.815748
0.395127
0.317874
0.27678
0.812812
0.909516
0.169184
0.163629
0.488756
0.325882
0.960694
1.96192
2.98713
0.386703
1.45105
0.239504
1.82165
0.240525
0.940724
0.853105
0.491095
1.19757
1.00827
1.1396
0.619256
2.15157
0.387141
1.00467
0.358234
0.354659
2.59847
0.90078
0.576588
0.437971
1.26928
0.315803
2.24592
0.46605
0.777094
0.499594
0.721755
1.64854
0.243286
0.977957
0.35306
0.311352
0.416867
1.68055
0.279308
1.1773
1.7999
0.868775
3.608
0.759794
0.158585
0.34575
1.34404
0.441013
1.91073
0.800188
0.87729
0.508921
0.378043
0.247825
0.583357
0.229433
1.60283
0.145717
0.480161
0.860187
0.638283
0.804299
0.834461
0.428654
0.288301
1.82516
0.0489108
0.535617
0.867044
0.181752
0.411525
1.03382
1.25842
0.96498
0.308402
0.752997
0.542395
0.491874
1.11637
0.492863
0.859226
0.355774
1.25989
0.363933
0.815924
0.30147
0.680554
0.638899
0.330809
0.332256
0.245481
0.770124
1.13637
1.34579
0.868288
0.318881
0.994752
0.612368
1.52262
0.39672
1.49295
0.717953
2.9621
1.75976
0.608252
0.765979
1.32218
0.174472
0.379261
1.63301
0.935047
0.469946
0.672166
0.190941
0.43812
4.16095
0.583664
2.38337
0.442242
0.92543
2.96324
0.497517
1.07653
1.04105
4.09007
0.170842
0.408218
1.65828
1.2321
0.727068
0.542954
0.567719
1.11395
1.00238
0.693428
0.825955
0.760774
0.369153
0.291877
0.174457
0.422249
0.524021
0.45662
0.323932
0.674531
1.82752
2.18456
1.84724
0.797919
0.298625
3.58933
1.10808
0.624947
0.150845
0.290553
0.496394
0.486612
0.584311
1.02496
0.755746
0.520797
0.865029
2.24739
0.283431
3.78268
3.25186
0.596273
0.905104
1.49078
0.962338
1.18659
0.273451
0.264281
0.328429
1.39576
3.46785
3.63883
0.173919
0.772582
2.7145
0.551705
0.779454
0.651823
0.965114
0.170747
0.214323
0.178658
1.28029
0.325104
0.662783
0.707238
1.36431
0.796095
0.2261
1.6025
0.528805
1.37117
0.521834
0.506431
0.82909
0.794844
1.16045
1.41014
3.49192
4.39319
2.45465
1.7523
0.771702
0.802758
0.794089
0.348721
1.94068
0.282973
0.19688
1.55742
1.77209
0.145697
1.32242
0.748623
0.611082
0.291664
0.670519
1.04554
0.776742
3.70688
1.55877
0.844371
3.60017
0.447032
0.612285
0.837821
0.987054
0.322729
0.605593
0.489605
0.911344
0.389305
0.408437
1.23002
0.612701
0.286714
0.386759
0.836073
1.05946
0.127515
0.364391
0.291107
0.354245
0.46419
0.512541
0.461577
0.264703
0.308759
2.12365
0.754398
0.705036
1.25291
0.20627
0.749947
1.07574
0.570912
0.607182
0.845146
0.947878
1.45696
2.04892
0.279621
0.986823
0.390256
0.639307
0.476304
1.06434
0.193716
0.292033
2.34469
0.367092
0.512127
0.495653
0.733138
0.61822
1.43617
0.318424
0.192308
0.896999
1.38468
2.06728
0.780306
0.351781
0.581145
1.91618
0.695197
0.678432
1.48796
1.48159
0.471182
0.754175
0.772109
0.318933
0.286214
0.207855
0.550905
1.23565
0.488504
0.767516
0.215479
0.464506
1.47751
1.73635
0.569027
0.145824
1.42765
0.0749473
0.320684
0.72677
0.431427
0.37263
0.213873
0.30052
0.454905
0.446878
0.630742
0.522659
1.79977
1.29606
0.479598
0.338514
0.433706
0.466966
0.40198
0.403776
0.458433
0.786361
1.03113
0.992951
0.867271
0.325346
0.487047
0.482559
1.03883
0.400083
0.842507
0.932966
0.755519
0.241657
0.750677
2.62304
0.407469
1.49163
0.393632
0.297897
0.426159
0.715104
0.261357
0.297769
0.667302
0.957265
0.151633
0.362123
0.441957
1.29193
0.763461
0.584366
0.0945862
1.05033
0.288796
0.566781
0.448743
0.240375
0.835254
2.12877
0.422767
0.317259
2.80856
0.71852
1.22627
2.94836
0.801133
0.518098
0.432638
1.33431
0.497667
1.39571
0.359911
0.725089
0.984596
0.177818
0.352956
0.641579
0.4996
0.736948
0.413355
0.681805
0.896274
1.12768
0.571736
4.28696
0.601719
0.335454
0.472253
0.170554
0.443026
0.28714
3.0945
0.800763
2.28498
0.906637
0.860634
1.18469
0.267951
0.781234
0.952645
0.415435
0.72172
0.182455
4.16488
2.85614
0.43668
0.182116
0.684168
0.368565
1.11168
0.816309
0.45969
0.533838
0.464217
0.736834
0.268911
0.615778
1.09763
0.804941
0.758407
1.11358
0.52701
0.661094
0.605206
0.175387
0.825134
0.449778
0.195278
0.575962
0.454351
0.507239
1.56049
0.132597
0.352729
1.17889
3.45967
0.456268
1.86129
0.90193
0.470845
1.04415
0.683326
0.215724
0.704673
1.65629
1.1569
0.190262
0.494152
0.707214
3.61798
0.457078
0.688549
0.603296
0.121708
0.418695
0.891762
1.40609
0.132424
0.973859
0.387777
1.35995
0.816094
0.725855
0.291591
1.81512
0.927671
0.891924
0.642412
0.659585
1.28791
0.426766
1.18279
0.901257
1.29018
0.212705
0.622736
0.223672
1.06503
0.751131
1.27886
0.928794
0.317296
0.910176
0.825037
1.18006
1.25523
0.697879
0.743202
0.267762
1.91133
0.644288
0.63159
0.171587
0.507676
0.181091
1.43687
0.243779
0.540988
0.258774
0.199339
0.960114
0.590238
1.17176
0.924251
0.806751
0.47957
0.655792
0.230476
0.432422
0.766485
0.6589
2.24526
1.05433
0.760079
0.766618
0.400542
0.344099
0.813618
0.982738
0.89518
0.244457
0.105637
0.422963
0.428163
0.373557
1.09245
0.249724
1.48602
0.994436
1.05476
0.732094
0.409473
0.308207
0.978722
1.10128
2.91819
0.324019
0.362116
0.511945
0.824868
0.95307
1.12278
0.79907
1.1389
1.45168
0.567106
0.82968
0.771775
0.836462
0.713407
0.739483
1.12058
0.759267
1.03637
1.46135
0.399218
0.787524
2.08781
0.563085
0.398825
0.489792
0.528123
0.339116
1.80691
0.417176
0.249573
1.36577
2.61788
0.506497
1.0176
0.250484
0.312419
0.864347
0.42253
1.73579
0.390494
0.430714
0.311035
0.0680273
0.211223
0.642962
0.691758
1.07748
0.450157
0.651187
1.08351
0.450489
0.149411
0.341324
0.582584
0.221386
1.49825
0.26607
2.05476
0.747877
0.365013
1.12281
1.6512
0.281438
0.960403
0.44849
0.291353
0.159104
0.449186
1.30636
2.82959
0.272775
0.367208
2.2084
0.933065
0.847738
0.412869
0.400479
0.917108
1.24711
0.787644
0.275257
0.637684
0.545543
0.443896
1.03606
0.394398
1.71476
0.79834
0.393602
0.593
0.424777
1.34785
0.759565
0.382607
0.885755
0.828527
0.794847
0.260917
0.612297
0.935267
0.515664
0.34188
0.399862
0.465583
1.38019
0.568719
0.353353
0.847183
0.814988
0.793339
1.24481
0.274245
0.622081
0.801164
2.51529
1.02404
0.572882
0.220668
0.981095
0.586602
4.35613
0.353348
0.89054
3.86929
0.475339
1.00685
0.415811
1.5431
0.730668
1.63784
0.474432
0.196223
0.404192
0.773583
0.26622
2.12828
0.859022
0.35816
2.3807
0.184815
0.752691
0.25958
2.29887
0.424131
0.701052
1.55543
0.440078
2.10771
3.30093
0.686641
0.485938
0.789378
0.243022
0.953193
0.784958
1.69747
0.670186
0.518269
0.383782
0.827917
0.791219
0.304268
0.563826
0.801456
0.712532
0.203803
0.394169
0.999807
1.2845
0.340122
1.09939
0.483353
0.18028
0.998094
0.428888
0.823867
0.621287
2.29106
0.970337
0.766279
0.365046
0.853815
1.27835
0.495009
0.789298
1.29297
0.13313
1.66711
0.521509
1.13694
0.207594
0.172899
0.591077
1.59128
0.69193
0.63765
2.86943
0.840427
0.866208
0.603967
0.411678
0.809588
0.530312
0.243251
0.891753
0.195837
0.265004
2.15124
0.191928
0.832568
0.358537
0.450525
0.619499
0.545839
0.186617
0.601152
0.274767
0.601801
2.07857
1.42035
1.05942
0.156429
0.638775
0.589831
0.263818
0.0580144
0.61977
1.69085
0.720964
3.28103
0.196107
2.58567
0.687391
0.401159
1.3926
0.295191
0.559911
1.37675
0.231344
0.288593
0.502634
1.43951
0.69306
0.648507
1.18595
0.953068
1.68869
0.202908
0.936042
0.522708
0.256526
1.38717
0.182718
0.469146
4.5329
0.325169
1.80578
0.270741
0.293146
0.112381
4.27243
1.4733
0.953317
0.238244
0.626062
0.215623
0.42089
0.846115
0.474417
1.36222
0.792101
0.633066
0.681437
0.531491
1.51149
1.69803
1.16445
0.511992
1.14491
1.42637
0.584527
0.190927
0.691506
0.222791
0.603385
0.319114
0.438588
0.218371
1.94668
0.862365
0.355896
0.595785
1.116
0.38913
0.475527
0.605382
0.638233
0.722924
1.78174
0.282988
0.241964
1.26828
0.511714
0.0934231
0.620413
0.96398
0.700327
1.22535
4.17851
3.15145
0.747588
0.387828
2.39687
0.242615
1.39735
0.633017
0.336293
0.408101
0.236725
0.301787
1.0621
0.448996
0.331049
0.680912
0.879395
2.61032
2.19473
0.284459
1.62295
0.647176
0.599108
0.391899
0.448005
0.386411
2.14603
1.15625
1.64064
0.648434
0.660472
0.824352
1.22963
0.212601
0.964111
1.21013
0.271783
0.853993
1.07556
0.972703
0.721103
0.924353
4.9127
1.08858
0.108073
2.02165
0.485887
0.445782
0.77991
1.44953
0.611336
3.11917
0.729587
0.624091
0.32833
0.285713
0.371698
0.345827
0.132453
0.323875
1.32083
0.403449
0.372717
1.30414
1.33592
1.01459
0.655809
2.09251
0.905447
1.78142
0.618331
0.173417
0.692073
1.21979
0.15759
0.573361
0.639047
1.46982
0.693358
0.95945
0.824724
3.06878
1.11671
0.992821
0.400051
0.963542
0.950641
0.275209
0.42527
0.516044
0.749496
0.702148
0.79614
2.71066
0.503212
0.471093
0.781309
0.828906
0.509199
1.22156
1.54114
0.205152
0.432873
1.26251
0.760132
0.914268
0.644497
0.509263
0.472346
0.630109
1.48894
0.684374
3.71731
0.148314
2.40564
0.730192
0.357355
0.607274
2.13448
0.136909
0.602146
0.522595
0.473539
0.220197
0.562863
0.939604
0.832527
0.715229
0.147845
0.306125
0.465455
0.18249
0.302871
0.59341
0.463397
1.39114
1.45925
0.346738
2.47192
0.714132
0.864925
1.91907
0.494875
0.779687
0.282384
1.15682
0.703782
0.9681
0.406211
2.00216
0.593718
0.34534
0.489822
0.696415
0.427723
0.665512
0.472061
0.847305
0.585584
0.282629
1.63201
0.575553
1.04321
0.271377
0.828458
1.75692
0.51158
0.965165
1
0.814421
0.585041
1.71529
1.03359
1.68551
0.424582
0.318001
3.89956
2.11607
2.47587
0.956795
0.835966
0.675498
0.0480098
0.659249
1.08265
0.126053
0.212537
0.417146
0.262133
0.326325
0.882527
1.04908
0.955732
2.22609
0.287245
0.133698
0.382038
0.268645
1.17825
0.616428
0.72269
1.66621
0.77915
0.322336
0.283918
0.55511
0.796745
2.40779
2.14732
1.25568
0.161491
0.401798
0.432232
0.441681
1.45017
0.341476
0.991358
1.81805
1.84066
0.335991
0.458449
0.53861
0.651828
0.588668
1.07927
1.26119
0.104002
0.608247
0.133621
1.98631
0.959051
1.72794
0.164997
0.58096
0.618108
1.2694
0.291137
1.13268
1.74421
1.03735
0.988232
0.333158
0.464511
0.966791
0.908795
2.0514
2.93371
0.263364
0.685352
1.56014
2.79772
0.367084
0.270928
0.560206
1.28193
1.46787
3.99551
0.944237
0.987539
1.0876
0.487874
0.490434
0.28391
1.35456
1.75348
0.980125
0.281989
0.568166
0.572553
0.269967
0.522771
0.68591
0.418897
0.543002
1.35203
2.43565
1.38112
2.35121
1.15814
0.981917
0.721671
0.666846
1.02722
1.50383
0.343333
0.45412
1.01755
0.640486
0.493903
0.763283
0.400639
4.16987
0.184967
0.432984
2.52615
0.662101
2.14952
1.42924
0.133495
3.56943
0.286976
0.335542
3.03468
0.28078
0.92862
1.2513
1.58745
1.40644
0.39526
1.0795
0.168749
0.446987
1.28488
0.33061
1.42913
1.32297
1.62018
1.7052
0.216999
0.742337
0.884343
0.210881
0.392134
1.40882
1.62867
0.816761
1.06732
0.648869
0.432998
0.290052
0.893794
0.374085
2.00838
1.24896
0.685753
0.508015
0.232026
0.888002
0.588448
0.635807
0.508406
0.306808
0.374483
0.361133
0.530496
2.06731
0.588273
0.124263
0.455418
0.122723
0.639856
1.34679
1.13096
0.734842
1.49795
0.195827
0.832369
0.195929
1.51153
0.751514
0.420514
0.456883
0.387103
0.582496
0.510919
0.244424
0.752292
0.311145
0.415087
0.951388
0.875617
0.749103
0.753626
0.168658
0.722559
1.34122
0.186232
2.27532
0.566867
0.866311
0.75108
2.70329
0.610712
1.10852
0.335783
0.63887
2.47
1.6315
0.785252
0.474266
1.35351
0.93771
1.82369
0.504896
0.292557
1.2136
0.906406
0.425752
0.281328
0.342793
2.34397
2.48267
1.57299
2.541
0.295992
1.13235
0.448203
3.89338
1.75962
1.82413
0.556866
1.41807
1.61678
0.225432
0.30641
0.326351
0.286031
0.455622
1.15973
0.328811
0.862759
0.37753
0.420975
1.77603
1.00123
0.569412
0.865435
1.18077
0.867162
0.585565
0.349797
0.179366
1.22843
0.305902
1.23658
4.20531
0.241552
1.54952
0.155356
1.71484
0.414248
0.307385
0.620966
0.558922
0.7509
2.22057
0.779937
2.58526
0.933029
1.36985
0.913575
1.52694
0.923431
1.0068
0.412356
0.568973
0.447975
0.955906
0.692676
1.22822
0.288269
0.34472
1.04592
0.189891
0.435093
0.509038
0.834654
0.307759
0.546517
0.585829
0.977567
0.618593
1.8063
0.167707
0.898202
0.197359
0.992062
0.239711
1.48093
0.508355
0.782
1.02306
0.443761
0.746708
1.9585
0.582106
0.637507
2.21297
0.569249
0.338465
1.41348
1.04039
1.30636
0.998502
0.546998
2.4487
0.771708
0.207407
0.928334
0.470986
0.265042
0.780145
0.8571
1.3996
0.905071
0.499807
0.455316
0.297126
0.441779
1.16115
1.07676
0.904519
0.296771
0.443404
1.05909
1.13881
1.78813
0.69494
0.563224
1.84186
0.784719
0.500108
0.321296
0.483722
1.62798
0.404302
0.924
0.894843
0.172743
0.573883
0.234521
1.44469
0.546065
0.705419
0.477442
2.80884
0.564359
1.70544
0.654669
0.655219
0.242752
0.42803
0.467078
0.964795
0.853876
1.23405
0.632679
0.333173
0.204752
1.31331
0.434627
0.28269
0.989092
0.501354
0.283312
0.476486
1.56168
0.977118
1.28193
1.45862
1.70752
0.453335
1.19528
0.261681
2.05102
0.71375
1.89165
0.94984
0.596422
0.584789
0.401743
0.295607
3.88984
0.511673
0.341728
1.23422
0.731922
0.620968
0.908958
0.41522
0.18271
0.44355
1.3223
0.322217
0.840169
0.413787
1.44631
0.186994
0.771691
0.472013
0.979275
0.32513
1.02042
0.300511
0.436713
0.476542
0.15362
0.313183
0.346423
1.2766
0.802262
0.698318
0.805134
4.95
0.587881
0.439139
0.527992
0.779664
0.47741
0.883349
2.11618
0.606352
0.510738
2.03211
0.880092
1.11258
0.190059
1.56063
0.359366
0.351591
0.238946
1.30578
0.696529
2.82765
1.89498
0.691763
0.386134
1.9657
0.835894
1.6832
0.745189
0.65343
0.413252
0.296084
0.884857
0.544704
0.868402
0.266591
1.38799
0.518771
0.687021
0.307995
1.52862
0.329347
0.900563
0.84932
0.467801
0.0454692
1.2818
0.537653
0.616492
0.346413
0.164089
0.959638
1.00721
1.27156
1.10359
1.21166
1.06453
1.01113
0.337904
1.96669
1.03295
0.274689
1.28187
0.452306
0.273498
0.250702
0.680358
1.38956
0.957816
1.40278
1.34613
2.59453
0.184606
1.35844
0.700261
0.302473
2.17465
0.334924
0.583391
0.474957
0.373537
0.684607
0.655475
0.461825
0.299612
1.20996
1.07717
0.240741
0.797588
1.51845
0.378661
0.300344
0.234971
0.66385
0.9902
0.771687
0.258089
0.930283
0.739352
1.90344
1.51092
0.681941
2.96718
0.325784
0.571857
1.30389
0.494287
0.235159
0.590435
0.31447
0.916409
0.200494
3.83174
0.414954
1.24558
0.68708
0.237787
0.400244
0.654687
4.15632
0.148219
0.229501
0.0925944
0.420494
0.654082
0.754072
0.540242
0.78054
0.489796
0.437364
0.141253
0.18049
0.836489
0.497456
0.670366
1.43532
0.345817
0.591707
0.852419
0.381821
0.229325
2.13976
0.844819
1.06309
0.397969
0.375559
0.348905
0.744607
0.617947
0.673614
3.88913
1.91718
0.286181
0.631588
0.990475
0.60312
0.689473
0.981489
0.443251
0.57815
0.923213
0.698263
0.915577
1.04214
0.337263
0.854985
0.290989
0.81037
0.422345
0.394033
0.427594
0.423702
0.571712
0.560292
1.01085
1.00498
1.29093
1.64824
0.908313
2.12264
0.454158
0.998079
1.59493
0.396609
0.31974
0.207669
1.12778
0.213115
1.45192
2.25676
0.685406
0.473
0.225495
1.7081
1.13134
0.976878
1.22654
1.24912
0.771813
1.46092
0.479916
0.633188
0.273194
0.458497
1.60077
0.913373
0.374383
0.360334
0.162247
0.384199
0.797491
0.777467
0.395933
1.89952
0.544078
0.343243
1.63906
3.43172
0.255082
1.13466
0.815594
0.421033
0.960287
0.357306
1.08434
0.514457
0.115191
0.860929
0.450777
2.53684
0.80489
0.256591
1.33332
1.12908
0.874293
0.6303
0.380952
0.398715
0.88372
0.916839
0.274471
0.842268
0.25512
0.737291
0.181128
0.394084
0.264729
1.61406
0.509577
1.01288
0.187572
3.54288
0.496912
0.234176
1.78159
0.133043
1.82733
0.205996
0.283072
0.956153
0.190944
1.9366
0.421327
1.1108
2.08495
1.06479
0.674067
0.147822
0.465706
0.349705
1.07495
1.06958
0.629983
0.107328
0.823797
1.15998
0.874187
1.09088
0.328774
0.511431
0.68508
0.18022
4.46239
0.484639
2.13648
0.945621
0.337939
0.457942
1.09972
0.305088
0.439596
0.684648
0.335607
0.377232
0.597417
0.341606
0.640421
0.728126
0.804988
2.06548
0.582316
1.5971
0.531484
3.11075
0.509854
1.93768
0.966141
0.0671798
1.0083
1.94298
0.511019
0.21234
0.464663
0.381362
1.29559
0.248284
1.16457
0.140267
0.575679
0.619697
2.58142
0.224638
0.0792428
0.586349
1.32208
0.170718
1.21303
1.24278
1.23001
0.728555
0.372075
0.613419
1.686
2.69019
0.445119
0.200382
0.323064
0.3486
0.459054
0.746697
0.370154
0.782217
0.312392
0.245789
0.584324
0.153214
0.519031
0.901248
0.3589
0.346362
0.934718
0.803851
0.26132
0.611695
0.981782
0.541083
1.26295
0.639805
1.30751
0.286509
1.01693
1.89849
0.712527
0.688401
0.879695
3.24188
2.09808
1.0032
0.504427
0.863865
1.64384
0.564922
3.50974
1.11636
0.127209
0.115062
0.627044
0.0917669
0.26569
0.607732
0.73822
0.476674
2.26034
0.478581
1.07585
0.333018
1.0214
2.5011
0.180327
1.3902
0.325453
0.457509
0.778945
0.33218
0.716894
0.409678
0.377724
0.887354
0.220414
0.6306
0.196156
0.588572
0.247796
4.85915
0.748772
0.581319
3.74003
0.308622
0.686207
0.636589
0.248666
0.240122
0.948055
1.28031
1.46667
0.852288
0.512898
1.89315
0.124088
1.31566
2.01921
0.253955
0.0873901
0.559015
1.02329
0.604477
0.455032
0.369971
0.251677
0.479797
0.56705
0.510064
0.601917
0.411388
2.29846
0.439771
0.0963765
0.256944
0.656502
0.401947
0.603942
0.627415
1.31747
0.470736
0.57527
0.595539
0.591011
0.406894
3.32839
0.225835
1.4331
2.97991
0.177263
1.51144
0.533316
0.660857
0.448668
0.938637
0.359174
0.173127
0.735264
0.669315
1.37073
3.43038
1.27064
0.611493
0.412641
0.34377
0.303146
1.59377
0.881695
0.276303
1.11104
0.490744
0.135271
0.411232
0.637701
0.424479
0.20612
0.325309
0.349362
1.90991
0.355189
0.703638
0.79172
1.05789
2.60866
0.313373
0.610655
0.455713
0.719568
0.106809
0.617555
0.376746
1.29075
0.131347
0.876924
1.43993
0.684506
0.563617
0.393653
0.248909
0.481606
0.566005
0.57103
0.869046
1.04268
0.543688
1.06306
0.763333
0.315182
0.753095
1.14801
0.635359
0.590235
0.678234
0.651513
0.632686
1.92929
1.18727
0.616524
0.867816
0.559482
1.00223
0.706854
1.0564
1.27354
0.234778
0.371612
1.27723
0.22408
0.281135
0.153332
0.39295
0.565752
0.351969
0.911496
1.26496
1.11629
1.03448
0.730041
3.35739
1.86966
0.611277
0.627798
0.490461
0.323786
0.213481
0.780104
2.56544
0.464783
0.533664
2.34704
1.52642
0.698381
0.760194
0.120597
1.07394
0.281771
0.637109
0.717615
0.829301
0.281536
1.78306
0.822804
2.14162
0.609193
1.78728
0.660806
0.721353
0.533817
0.377141
0.722872
0.862482
1.5275
0.33234
0.427457
3.75444
0.24448
0.200721
0.411527
2.13954
0.93456
0.480782
0.518532
1.21501
0.375103
0.5161
0.439332
1.68482
0.497677
0.727716
0.281229
0.311368
0.721912
0.823864
1.43304
0.37146
0.578359
0.398479
0.212298
0.662273
0.283123
0.452195
0.344361
0.630243
0.238686
0.731123
0.442183
2.51574
0.300653
1.92659
0.729248
0.214357
0.579057
2.25094
0.298397
0.874937
0.42885
0.549033
1.07569
1.74762
0.853667
0.664019
0.627834
0.253887
0.904484
0.659808
0.694303
0.246666
0.692708
0.831468
1.0567
1.09436
1.62264
2.28364
1.28062
0.684385
0.182995
3.86457
0.911669
0.676221
1.55999
0.237235
1.05663
0.443694
0.691621
0.659607
0.909574
0.354355
2.89633
0.481913
2.19559
0.719438
0.827128
0.736121
0.799157
0.229786
0.934935
0.0773295
0.286398
0.957231
0.38154
1.14891
0.453583
0.464951
0.476381
0.316456
1.40257
0.122786
0.491397
1.95919
0.456216
0.51271
0.435115
0.844948
0.486813
0.738868
0.778321
0.356316
1.53585
0.845232
0.421532
1.834
0.651962
1.00162
1.34952
0.56372
0.38556
0.508594
0.09652
0.438801
0.54196
0.54341
1.22696
1.10597
0.335142
1.41639
0.702264
0.474688
0.257827
0.46976
0.435008
0.234424
2.78627
1.20985
0.563143
1.12591
0.834842
0.432195
0.780476
0.788105
0.410026
3.19458
1.01199
0.34122
1.84093
0.63592
0.584448
1.08665
0.945506
0.538932
0.50531
0.715166
0.360256
0.335995
0.185811
0.598869
1.67791
0.478892
0.562709
0.884822
0.512121
1.43745
0.0764304
0.806966
0.488977
0.118988
0.576423
0.653108
0.805988
0.228407
0.772591
0.475306
0.642807
0.542265
3.4151
0.170661
1.22493
4.04972
0.276689
0.375597
1.40994
0.244119
2.16053
1.26732
0.878713
0.736511
0.916131
0.837107
0.558336
0.792842
0.634159
0.419306
0.658817
0.491129
0.250909
0.938738
0.586659
1.32697
3.82321
0.67594
2.3888
1.14046
1.05557
0.370951
0.358641
1.15933
3.46059
1.40613
0.762559
1.02293
0.315056
0.273157
0.296841
0.805567
0.160893
0.766882
0.441382
0.641122
0.793972
0.122139
0.419027
0.545197
0.219178
0.400304
0.263872
0.793034
0.381217
0.249594
0.372333
0.259246
0.428383
0.817811
0.366948
1.76585
0.569678
1.27991
0.346421
0.936244
0.277095
0.77601
0.177714
0.702606
0.736094
2.08779
1.18132
0.319711
0.908326
1.53004
0.987868
1.26191
1.58057
0.996807
1.08838
0.758909
2.78665
0.447522
0.543912
1.00145
1.40397
1.92562
0.996098
2.38996
0.145136
0.884914
0.227231
0.420324
0.253063
0.820505
0.67772
1.33251
0.50594
0.70688
0.482385
0.255922
1.38825
0.627029
0.524329
0.190548
0.43728
0.463474
1.06788
0.447938
0.785182
0.399458
2.52097
0.378062
2.46426
0.310944
1.6129
0.264086
2.06851
1.17808
0.247664
0.476595
0.646895
0.482617
1.33317
0.256819
0.176486
0.307326
0.444281
1.87431
0.481902
0.464002
0.295557
0.469668
1.86403
0.620246
0.0932943
1.35386
0.536314
0.230953
0.403059
0.704642
0.480037
0.874624
1.42124
0.117869
0.307916
0.957037
0.435384
0.723408
0.248513
1.44194
0.462341
4.16784
0.265887
0.41931
0.410956
0.762369
2.2566
0.319759
0.572126
1.99718
0.11631
0.525332
2.16963
0.572914
0.328696
0.431737
0.451939
1.27102
0.243823
0.742325
0.74739
0.507904
0.908266
1.45564
0.625539
1.83779
0.588984
0.302288
0.924116
0.256367
0.569846
1.45099
0.449715
1.27629
0.423715
0.168173
0.179498
0.181145
0.731354
1.20874
0.38674
0.4957
4.38868
0.831769
0.273611
0.765743
0.182862
0.139362
0.61679
1.29532
0.280459
0.361364
0.233478
0.642197
0.386285
1.2392
0.556687
1.36603
0.731303
0.806885
0.471673
0.720315
0.439692
0.456095
0.317909
0.739535
1.97733
0.620987
0.332864
0.830494
0.382734
1.16687
0.480899
0.48669
0.755198
0.432945
0.189569
0.332391
0.206915
0.348942
0.341605
1.41116
0.619146
0.722842
0.361825
0.201928
0.505368
4.15912
0.49062
0.54242
0.317541
2.03916
2.48468
0.862675
0.147304
0.640465
0.810659
0.703231
0.661453
0.29427
0.379409
2.54956
0.236575
2.74324
0.477743
1.30077
0.234524
0.311018
0.285184
0.460823
0.659058
0.379427
0.463669
0.700868
0.339529
0.821374
4.55514
0.540152
0.978911
0.664185
0.539013
1.22582
0.695187
0.183682
0.424771
3.34825
0.28243
0.498258
0.32969
0.956695
0.415973
0.318705
1.09644
0.626026
2.17465
0.724197
0.231545
0.282339
0.281197
0.921614
0.307915
1.8819
0.878697
0.930225
0.565477
0.617461
1.19271
0.59078
1.27044
0.422099
0.61984
0.811781
0.580369
2.0607
0.583545
0.885086
0.30156
0.766839
0.708671
0.699742
0.858067
0.240614
0.43058
1.16964
1.54454
1.51322
0.525741
0.504042
0.71627
0.511654
0.207315
0.474517
1.02674
0.423374
0.873069
0.43729
0.623342
0.606744
1.06262
0.444745
0.922514
0.544632
0.430072
0.273198
0.234086
0.492
0.410785
0.13222
0.900525
0.124146
0.234135
0.271209
0.721195
0.537158
0.580316
4.94463
0.569951
0.760198
0.18853
0.575263
1.25026
0.236156
0.955772
1.61278
0.963809
1.7975
1.28833
0.982713
0.912343
1.59155
1.60187
1.04564
0.582197
1.69926
0.580456
0.243138
0.559965
0.557379
0.474713
1.20227
2.85499
0.599502
2.54322
0.630329
0.469823
1.0488
1.35766
2.37091
0.56393
0.113414
0.915914
0.483487
0.427154
0.135969
0.282158
1.24347
0.0986236
1.14309
0.303709
0.708892
0.234068
0.723709
0.516745
0.268351
1.54232
3.57597
0.644228
0.813515
0.669494
0.70284
0.528415
0.321473
0.579234
1.29257
0.54644
0.810799
1.18117
2.29756
2.25807
1.74266
0.756873
0.427287
0.372766
0.893915
0.739836
0.672094
0.318291
0.074944
1.08931
2.52754
0.912836
0.561668
0.50305
0.475874
0.17392
1.02956
0.34329
0.258171
0.388658
0.383804
0.348987
0.992708
2.02619
0.510617
0.166342
0.372342
0.759047
1.08199
0.406927
0.995824
0.506534
2.98762
0.994909
1.00456
0.433966
0.661385
0.601733
0.997204
0.641664
1.18887
2.52223
0.582054
0.444809
1.03524
0.794684
1.46701
0.447955
0.310652
0.544859
0.573197
1.73316
1.41247
0.07606
0.8138
0.311518
0.85859
0.339169
0.340482
0.767563
1.3181
0.803409
0.539332
0.182432
1.22244
1.24293
0.537759
0.2359
1.39188
0.31664
1.54402
0.260431
0.368045
0.822768
1.60643
0.289236
0.445898
0.695526
0.470968
2.40309
0.568509
0.59127
0.850536
1.0096
1.49155
0.844434
0.230116
0.700968
0.651512
0.852691
0.717329
1.49495
0.335727
0.511812
0.34756
0.256689
0.371284
2.52837
1.09352
0.91538
0.620014
0.745974
0.652531
0.969072
0.149971
0.848766
0.587974
0.283663
0.325317
1.49301
1.11178
0.529457
0.520956
1.0865
1.19767
1.10963
0.220151
0.979813
1.2462
0.198303
0.452539
0.845868
0.80168
0.414257
1.19311
0.427567
1.07998
0.325084
1.06628
0.67669
2.33004
0.152236
0.836423
1.76755
4.57071
0.81748
1.76028
0.253935
0.399517
0.861722
1.19546
0.241053
1.27515
0.20846
3.96099
1.15249
0.182342
1.4766
4.20235
0.911189
0.388649
3.67824
0.0956032
0.333428
0.679858
0.783092
0.314032
0.615938
0.357715
0.430836
0.62229
0.790012
1.02457
1.10441
0.295
0.797206
1.06569
0.714855
0.138588
0.187346
0.281878
1.06156
1.77182
1.45331
0.576719
1.68346
2.57839
0.504636
0.264631
0.471552
0.240851
0.485887
0.504182
1.10556
1.69257
0.383582
0.467424
0.621525
1.42689
0.467125
0.696421
0.419571
0.678545
0.90912
1.68122
0.553354
0.734198
0.259768
2.00798
0.857559
1.47761
0.913391
0.590482
0.134019
0.500513
0.314606
0.696111
0.593142
1.39872
0.879989
0.767503
0.305992
0.711019
0.544471
0.801544
0.642139
1.24292
0.788561
0.569569
0.143437
1.421
0.900705
1.44876
0.597997
0.275668
0.263365
0.731602
0.758996
1.77772
1.02583
1.16031
0.384715
0.693882
1.69486
0.635032
0.574145
0.571003
1.2579
0.200808
0.693338
0.435036
1.25434
1.216
0.568422
0.492596
1.049
1.55261
0.811911
0.0870022
0.757941
1.08325
0.831485
0.610356
1.08271
0.449111
0.229578
1.90837
1.87255
2.58306
1.09554
0.414553
0.44632
0.567613
0.928253
0.42986
0.910347
0.261404
0.638155
0.262604
0.240074
0.409981
1.16306
2.11708
0.534491
0.609665
4.49258
0.262152
0.599771
0.755785
0.77566
0.41332
0.59976
0.291012
1.1055
0.351259
0.451489
0.875489
1.19829
0.18162
0.390484
0.711387
0.360353
0.392187
0.570143
0.639755
0.717486
0.615889
0.574011
0.180777
0.343977
0.628805
0.910201
0.423535
2.03435
0.813529
1.14851
0.400355
1.58683
0.4693
1.1501
0.58618
0.95485
0.26099
1.68646
0.802551
0.497528
0.30881
0.514704
0.47309
1.38605
0.410676
0.446617
0.665226
0.363811
0.240506
0.528847
0.40622
0.630014
0.32165
0.91345
0.768825
1.45262
0.333574
1.20029
1.01312
0.331793
0.293697
0.788262
0.629604
0.448481
0.513514
0.461299
3.07236
0.683696
2.59675
1.66376
2.04032
2.1054
0.241198
1.83224
0.531334
1.08075
2.53515
0.554401
0.149763
0.458453
0.580561
1.15839
1.75013
0.205285
0.978824
0.681644
0.504403
1.02007
0.753568
1.37643
1.36348
2.55512
0.794891
0.886363
0.411
0.64386
0.954718
0.467524
0.589618
1.8275
0.35537
0.455738
0.558398
0.641333
0.437689
0.470179
0.538607
1.31065
2.83076
0.981086
1.02983
0.463029
0.598475
2.0636
0.693453
2.44937
0.952192
1.46
0.23556
1.35037
0.248648
1.25006
1.21907
2.0521
0.435982
2.1718
0.567026
1.67391
2.59744
0.292457
1.00267
1.58052
0.560308
1.49673
0.893804
0.919332
0.417518
0.549637
0.332455
0.324841
1.69605
0.326861
0.523425
0.210391
2.10653
0.346079
0.934308
0.754106
0.448254
0.434522
1.01938
0.0867118
0.346722
0.706152
1.14005
1.00918
0.357415
1.02299
0.298082
0.543416
1.98686
0.775952
0.744146
0.435673
1.63777
0.394649
0.325803
0.463061
0.126204
0.487572
0.290745
3.26478
1.08508
0.247731
0.778226
1.41058
0.723793
0.563558
0.959281
0.0786337
0.567341
0.789029
1.04113
2.34044
1.04968
0.830489
0.51705
1.02195
0.769794
0.801188
0.498968
0.155424
1.07174
2.45362
0.607504
1.19838
0.304164
0.822452
1.30738
0.384093
2.41514
0.262156
0.664475
0.848834
0.457087
0.498529
0.242469
0.185061
3.54501
1.18475
0.985656
0.709998
0.367397
1.01542
0.547392
1.73927
0.665316
3.71902
0.573494
0.937823
1.59926
0.356478
0.725381
2.80833
0.547926
0.52562
1.10968
0.259783
0.767385
0.907328
0.810944
0.742828
1.03305
0.569016
0.732272
1.28189
0.181052
0.612386
0.86689
0.823555
0.440312
3.10295
0.869245
0.30843
0.164422
0.561453
0.574781
0.167933
0.200302
1.30656
0.402706
0.949807
0.514276
0.450707
4.44643
3.50339
0.471022
0.240321
0.890482
0.589267
0.234041
0.604424
0.233819
1.95529
4.21521
0.264373
0.283534
0.90055
0.271973
0.707145
2.22153
0.443788
1.1587
0.143729
0.913426
1.12175
0.480047
0.481211
0.741326
0.0310758
0.957893
4.60383
0.388053
0.163414
0.25523
0.769289
0.421691
1.00255
2.32739
2.11171
2.64459
0.619187
0.962804
0.943426
0.784462
1.39869
0.464593
0.191025
0.992774
0.60566
0.288427
0.263683
0.763877
0.752349
1.55984
3.18224
1.19426
1.39673
1.94421
0.297089
0.0325791
0.840403
0.0429538
0.596725
0.306916
0.518495
0.541231
0.770536
0.163042
0.678061
0.891377
0.531423
0.830928
1.82333
0.830831
0.257861
0.52249
2.28012
0.382628
0.871666
0.711442
0.236453
0.422368
2.04375
2.27416
0.754618
0.470844
0.952801
0.634825
0.133728
1.76873
0.201602
1.70875
0.399263
0.497159
0.308375
0.736682
0.65659
0.554632
1.67668
0.991387
1.28268
0.7167
0.225126
0.740571
1.48042
0.593256
1.08023
0.77809
0.369029
0.673035
0.300178
1.48402
0.398715
0.601394
1.20769
0.309594
1.58263
1.74545
1.41657
0.228715
0.821119
2.54219
0.395933
0.38271
0.574913
0.724522
0.589594
0.94309
0.313223
0.726798
0.420065
0.515579
1.34495
1.54127
0.799728
0.511935
0.629835
1.81987
0.675673
0.487355
0.311146
0.410459
0.346565
0.659885
0.188915
0.707039
0.581385
0.600782
0.272504
0.727173
1.03608
0.52773
0.331373
1.74816
0.471679
0.908057
0.532817
1.05421
0.122851
1.7849
0.584728
0.786818
1.13409
0.486593
1.01727
0.389845
1.21425
0.259503
2.37807
1.1298
1.19798
0.513555
0.385557
0.936715
1.22335
1.12302
0.496533
0.0616728
0.924784
1.15478
0.503867
0.409185
2.28098
0.752258
0.260337
1.09457
0.471621
0.321235
0.434892
1.76868
0.857141
1.46198
1.6687
1.82674
2.49686
0.588907
0.914199
0.506965
0.486558
0.729472
0.66762
1.0922
0.482651
1.3316
0.225527
0.166245
0.780025
0.929084
0.956698
0.291574
0.0516824
1.22423
0.83589
0.322959
0.199529
1.88243
1.55348
0.379275
0.154858
0.487243
0.557627
0.462872
0.434344
0.667634
0.494937
0.765477
1.52836
0.304368
0.612286
1.71518
0.527394
1.18511
1.47129
0.431848
0.703728
1.52369
0.75124
0.850655
1.09359
0.135466
1.12659
1.42798
1.11272
1.26535
0.61804
0.911875
0.558045
0.624764
0.11971
1.0192
0.767357
0.431167
0.992174
1.54221
2.74429
0.256231
0.812169
4.6993
1.08304
1.48335
0.355459
0.176983
0.645092
1.29267
1.10255
1.50774
0.426504
1.06794
1.1161
3.24501
0.729223
0.754313
0.949717
0.429027
2.55808
0.89798
0.934287
0.889314
1.00683
0.431016
0.966499
0.216028
0.416107
0.603129
0.35812
0.507207
1.04782
0.0943508
0.30685
1.86696
0.0866434
0.634671
0.779387
1.41178
0.570171
1.21449
0.464535
0.335877
0.430739
2.07216
2.96891
1.69899
0.743104
0.725143
0.299777
2.40614
0.405506
1.02069
0.801634
0.531046
0.489178
3.32146
1.01045
0.861036
0.198315
0.421283
0.449396
0.892477
0.42039
1.63717
0.538317
0.520627
0.404554
1.10737
0.674721
0.255308
3.03268
1.19338
0.94722
0.288146
0.208788
0.385351
0.306792
0.430002
1.42021
2.79114
0.367269
1.30363
0.649942
0.169044
1.80687
1.14297
1.08877
0.847927
0.681127
0.533045
0.525022
1.47291
0.22669
0.864343
0.23873
0.549904
0.836908
2.34028
0.322833
0.461602
2.05405
0.464858
0.864105
1.17973
1.20129
1.11688
0.235459
0.720643
0.566506
0.394823
0.941507
3.2408
1.67972
0.54119
0.468909
0.393676
0.475384
1.06536
1.68162
0.374049
0.444584
0.728895
0.939294
1.17109
1.13876
2.01956
0.385562
0.777847
0.503729
0.466794
0.341108
0.403039
1.11438
0.454937
0.526877
0.275904
0.398694
1.40361
0.235497
0.326827
0.396762
0.310418
0.322257
0.49556
1.13393
0.79571
2.19108
0.346108
0.242179
1.49518
0.14299
1.3313
0.275922
1.22373
0.631599
0.445282
0.98224
0.281954
2.57287
1.23362
0.344218
0.195356
0.249477
0.722546
0.0921386
0.380326
1.54677
0.44048
0.258208
0.402205
0.555469
0.250312
1.15826
0.91672
0.611605
0.527225
0.821009
0.283361
2.88666
0.468854
0.294268
0.433402
2.48851
0.0852425
0.568557
0.319707
0.130904
0.369094
1.007
0.213862
0.800496
3.74086
1.21083
0.508419
0.66979
3.17252
0.697492
0.369337
0.288176
1.16492
0.600557
0.562525
0.226691
0.697433
0.163137
0.525976
0.924643
0.718375
0.815884
0.678149
1.8563
0.342689
0.69286
0.361093
0.437936
0.927209
0.366042
0.363559
1.26559
2.92043
1.05911
1.51606
0.592635
0.390291
1.00039
0.4573
3.39343
0.519522
1.86822
0.41498
0.499555
0.109603
2.32998
0.570307
0.435923
1.28911
1.67467
0.741885
0.608643
0.510476
0.405315
1.07116
0.738385
1.27305
2.8397
1.48273
1.18227
0.832549
0.395178
0.471039
0.96063
0.720109
0.656944
2.07578
0.83133
0.492948
0.444892
1.10134
0.319342
0.760763
3.16594
0.458981
3.14221
2.35097
0.354823
0.509905
0.461505
1.46752
0.805083
0.77795
2.369
0.518412
0.327114
0.199514
0.682441
4.86069
0.67595
0.558751
0.564975
1.80801
0.871648
0.600829
0.86101
0.771198
0.276874
1.72819
0.549106
0.902895
0.361646
0.859251
0.927361
1.19493
0.623561
0.499184
0.604138
0.946067
0.710078
0.795365
0.767078
1.27698
0.572865
0.393447
1.51236
0.279642
0.878333
0.594724
0.18443
0.437015
0.0898521
0.664062
1.34878
0.953958
1.06524
0.601757
0.397948
2.26614
0.274749
0.509387
0.359884
0.685805
0.416449
0.0574791
1.12429
0.715445
0.323922
1.13782
0.322097
0.669355
0.477238
1.04345
0.147315
1.88947
0.264884
0.4058
0.332789
0.417992
0.236341
0.811029
0.800814
0.697882
0.386557
1.04722
0.150478
0.665676
0.812031
0.284755
0.462259
1.99121
0.868516
0.805167
0.786461
0.703306
0.368951
1.46788
1.35271
1.02431
0.711162
0.582577
0.768954
0.948208
0.746248
2.01695
0.756115
0.507203
0.728696
0.88271
0.444356
0.569614
0.581099
0.80646
0.654679
1.59016
1.00571
0.824751
1.01785
0.711824
0.353042
0.35431
0.14755
1.09131
1.44903
0.298094
2.44603
0.959019
0.906346
0.182532
1.11122
0.801836
0.333036
1.20032
0.634191
0.491534
1.01421
1.47543
0.379971
0.43127
0.337658
1.28766
0.211682
3.39757
0.772967
1.14414
0.678668
0.492761
0.636829
1.153
1.30771
1.32088
0.538858
0.856165
1.27259
0.463183
0.586949
1.90453
0.86599
0.22573
0.27485
0.531096
0.5755
0.326025
0.654402
0.573486
1.11375
1.3212
1.29074
0.998563
0.88499
2.51582
0.678365
0.312366
1.58051
2.23176
1.05327
0.815561
0.113294
0.89909
0.781497
1.11509
0.687785
0.840879
0.90706
1.63951
3.73425
0.858016
0.921832
0.317362
0.92038
0.349864
1.12701
0.196908
1.07432
0.532688
3.40536
0.917092
0.509208
0.314299
0.273245
0.743832
0.374568
0.262761
1.39922
0.554487
1.06137
0.516025
3.30751
0.359442
0.476742
0.392501
0.35811
0.929171
1.2403
0.856028
0.570806
0.316589
0.23429
0.500395
1.19601
0.55146
1.55591
0.375358
3.99949
0.652544
4.27975
0.936642
0.613784
0.901911
1.14238
0.391292
2.47312
0.900299
0.670987
0.85119
0.38796
0.620899
0.550674
0.560834
0.351901
2.23112
0.686214
0.521019
0.783449
1.46861
0.380996
0.65186
0.480955
0.937648
0.108915
0.697477
0.183432
0.418571
1.18142
0.389236
0.194565
0.567203
1.27946
0.716631
1.46204
0.694604
1.42691
0.728089
1.37568
0.299838
0.57833
1.21308
2.59217
0.808786
0.727623
0.625319
0.642418
0.254174
0.512852
1.00631
0.477908
0.439635
1.35493
1.12783
1.3939
1.75801
0.573127
0.202603
0.692501
1.26203
0.304165
0.814257
0.250595
0.456995
0.342824
0.830903
0.491064
1.23907
0.672945
0.436042
0.863648
0.823912
0.633214
0.533663
0.167931
0.254093
0.651211
0.255145
0.381079
0.880393
0.334627
1.1017
0.744202
0.34473
2.32724
0.435806
0.794305
0.556968
0.173072
0.697229
2.0422
1.30917
0.36697
0.759183
0.673015
2.06089
0.705215
0.661257
0.792664
0.371457
0.310507
0.186999
0.770141
0.707979
0.362731
1.17835
0.843167
0.850239
0.379003
0.571695
0.825448
3.08644
0.431497
2.9985
0.252909
0.570817
0.658416
2.67708
1.45893
0.413493
0.582466
0.437343
0.474221
0.44008
0.754438
0.387042
0.312208
1.02109
0.9731
0.636102
0.326084
0.574733
1.6818
0.106634
1.80052
0.954866
1.25251
0.394632
0.257108
0.219321
0.859816
0.588132
1.15588
0.411366
0.359262
0.58757
0.242964
0.163693
3.1741
0.625842
1.26514
2.77884
1.09062
0.108514
0.515092
0.578932
0.94899
0.74757
1.02468
0.471212
0.807586
3.14424
0.482958
0.257956
0.657714
1.42264
0.468363
0.143985
1.74314
0.463013
0.445037
0.416711
2.10558
2.60083
0.938354
0.227773
0.549184
0.380344
0.404966
0.686142
0.525096
0.151352
1.20641
0.938507
0.321408
0.328837
3.95688
0.687744
1.01864
1.05967
1.20044
1.12751
0.617054
0.340745
0.535152
1.47806
0.927745
0.282319
0.854149
1.0612
0.392215
0.788898
0.310081
0.125677
0.360597
1.42022
0.23
0.255695
0.752467
1.09916
0.792774
4.39294
0.699925
0.271411
0.441619
1.74318
0.333347
0.343963
0.545464
0.652262
0.548835
1.21038
0.436053
0.411026
0.475337
0.579671
0.654023
0.324893
0.154213
0.330991
0.439596
1.41198
2.28009
1.36958
0.299164
0.58868
0.306547
1.14536
1.66268
2.51858
0.929659
0.276239
0.263967
0.68804
0.431606
2.25534
0.341326
1.12413
0.11628
0.225395
0.977516
0.686748
0.287007
0.196966
0.892014
0.3891
0.658663
1.3424
1.21686
0.231636
1.64066
0.188756
1.00451
1.95575
0.544612
0.273141
1.80223
1.44793
0.811421
0.41813
0.544107
0.587358
0.59323
0.765429
2.7565
0.792438
3.68988
1.41035
0.555032
0.166357
0.984382
0.223853
0.176228
0.58383
1.16421
0.765782
0.813104
1.69219
0.527687
0.895352
1.78216
0.500215
0.518562
1.62404
0.550898
0.255938
0.896164
0.950035
0.675441
0.971503
2.14925
0.911053
0.530715
1.10356
0.188115
1.44163
0.179847
0.349146
0.581733
0.414476
0.432725
2.89045
1.03722
1.27906
1.03567
0.226594
0.341779
0.807909
0.813766
0.196648
0.341591
1.46143
0.601691
2.15181
0.234406
1.7635
0.3775
0.777207
1.98317
1.38165
0.841311
0.257709
0.664681
0.380182
0.469238
0.345146
1.47285
1.97037
1.82231
0.776902
2.14199
0.415925
0.636137
0.67544
3.19582
0.173377
0.815697
0.50132
0.285565
1.21053
0.313005
0.798114
1.13284
0.358928
0.357568
0.829348
1.28275
0.396117
2.0364
2.1382
0.443014
0.743107
0.165632
0.673012
0.407673
1.76144
0.37088
0.0839953
0.229022
0.45165
1.14588
1.01518
0.793667
2.5069
0.292498
0.31747
0.318843
0.302163
0.520586
0.955439
1.52565
1.18707
0.645649
0.342352
0.438868
1.30011
1.75025
0.386654
1.02451
0.695281
0.411988
0.336914
0.287754
0.698074
0.281517
0.517744
1.36325
1.5976
0.738765
1.00552
0.728741
0.371948
0.488169
1.34849
0.0641241
0.86645
1.21313
1.1822
0.769444
0.449857
2.32626
0.29655
1.14306
1.29721
0.0858786
1.63435
0.448609
0.237492
0.371977
0.475539
1.33833
2.34597
3.70468
3.33727
0.462938
0.500307
0.321284
3.01431
0.649546
0.667112
0.241124
1.13763
0.4977
1.11915
0.322414
1.18303
0.407764
0.932793
0.415556
0.391327
0.378431
0.632687
0.597029
0.421685
0.131683
0.759075
1.12443
0.451944
0.448099
1.12639
0.845876
0.663147
0.917297
0.419056
1.64051
1.24915
0.210175
0.459514
0.241497
1.60046
4.21706
3.10943
4.26109
0.372077
0.724262
0.215005
0.110462
1.04683
0.453441
0.435001
0.222047
0.652269
0.28838
0.484318
0.659994
1.80387
1.89287
3.27768
0.287829
1.65988
0.629647
0.378189
0.570529
0.682094
0.588363
0.45017
0.505551
0.695478
2.22689
0.663434
2.45287
0.225719
0.367925
0.352891
0.157577
0.338099
0.211786
0.35543
0.633926
0.355955
0.213192
1.10789
0.594624
0.319784
3.13898
0.856643
1.45315
0.582936
0.159814
1.61309
0.450243
1.33612
0.553284
1.07342
0.479181
0.567396
0.952713
0.890476
0.79667
0.27942
0.383654
1.0239
0.488125
0.343576
0.644133
0.539469
0.605853
0.39222
0.657728
0.50601
1.48091
1.1605
0.293467
0.821928
0.822421
1.7971
1.95322
0.22805
0.565783
0.458093
0.42762
0.666254
0.43833
0.162703
0.891089
0.522187
0.615789
0.792151
1.19444
1.17417
0.246188
0.249723
0.361454
2.73743
2.14581
0.140762
0.950888
0.481269
0.643912
0.840284
0.0661117
0.155366
1.14952
0.473415
0.649215
0.513126
0.306762
2.38518
1.14255
0.545246
1.32299
0.407596
1.56808
0.268329
0.389284
0.225121
0.783593
0.86484
0.313148
0.313066
0.84004
0.320987
0.40782
0.919804
2.45806
0.868308
0.794685
1.01436
0.86347
0.161182
0.306934
1.24364
1.66878
1.46492
0.316262
0.696037
0.595307
0.226432
0.636578
0.332161
0.511986
2.15241
1.14781
3.79069
0.293633
0.883957
0.459508
0.35472
0.694847
0.280309
0.518722
0.497079
0.82732
0.440453
0.24728
0.502478
2.56867
2.80159
0.47502
1.00194
0.430079
0.617778
1.71789
1.37602
4.28683
0.206006
2.16212
2.75958
0.878011
0.496385
0.530481
0.271197
0.624938
1.31251
0.315475
0.741825
0.415854
0.585475
0.685038
0.333394
0.59997
4.31914
0.797133
0.45919
0.252848
0.488065
0.504677
0.613776
0.44594
1.03501
0.628469
0.842854
0.35126
0.704295
0.651899
1.03147
0.623972
0.886994
0.128208
1.58183
0.233761
0.524966
1.22291
0.707291
0.461083
0.24529
0.574481
0.696294
3.10983
0.740184
0.235199
0.783276
0.349799
0.729355
0.696611
0.390077
0.321979
0.142294
0.554062
0.502736
0.624518
1.24519
0.528954
0.14837
0.653209
3.15655
0.605661
1.351
3.3525
0.292233
0.272272
1.27042
1.04695
0.499531
0.492181
0.58432
0.98844
0.967533
0.833575
0.34454
0.739203
2.34006
1.6761
0.125362
1.18061
1.33288
1.21311
0.58432
2.10314
1.58968
0.93786
0.364162
0.586956
0.853806
0.956446
0.574501
0.853465
0.634152
1.65369
4.79371
0.325694
0.905643
0.661627
0.645968
3.14905
0.537399
1.84131
0.652084
0.957276
0.818959
0.200687
0.723815
0.626324
0.443532
1.26714
1.41052
0.38794
0.16296
0.942983
2.76115
0.302287
0.893293
0.229682
1.09899
0.549075
0.584048
1.24635
0.277197
1.67791
1.39121
0.58378
0.627493
0.110576
1.69157
1.39225
1.59928
1.01346
0.347233
1.43415
1.71129
0.689426
0.870141
1.91326
0.193859
0.481245
0.271002
0.895515
0.807325
0.66094
2.60686
3.04534
1.18835
0.838936
0.1728
0.608694
0.527969
0.299943
0.552833
0.465174
0.451545
0.460601
0.264268
1.21495
0.442602
0.386056
0.128303
1.00512
1.37694
1.53132
0.906707
0.474686
2.15417
0.570192
1.89588
0.09962
0.176723
0.471611
0.919863
0.601406
0.43943
0.631709
0.787164
0.93051
1.971
0.351734
0.709127
1.82315
0.825571
0.337232
1.37405
0.900675
0.3088
0.966175
3.91749
1.37902
0.201215
0.535368
3.02471
0.509235
0.168574
0.822645
0.416866
1.34501
1.23491
1.08454
0.263986
0.774788
1.47012
0.216967
0.830993
0.252865
0.281543
1.98035
0.921134
3.24514
1.98904
0.344774
3.77384
0.759886
0.338977
2.37366
1.12758
1.04662
0.5027
0.225186
0.639594
0.464892
0.329645
1.30108
1.80199
0.4375
0.116978
0.191826
0.64962
0.494112
2.15404
0.597279
1.51924
1.42705
0.631742
0.571774
0.333549
0.887095
0.396465
0.625551
1.02972
0.613166
1.47136
0.65151
1.50248
0.73102
2.52293
0.351592
0.529476
1.07218
1.26419
0.80462
2.88799
0.729917
0.720339
0.880778
0.637462
0.251954
0.362775
0.457192
0.275639
0.226174
1.2835
0.216334
0.370741
0.389394
0.320817
0.185959
0.97783
1.60446
0.629343
1.03177
0.139321
0.305231
0.810841
0.309763
0.883929
0.725992
0.310382
0.316075
2.9657
0.669972
1.09153
1.23541
0.481481
1.02409
0.914282
0.773321
0.486519
0.562102
0.854869
0.235531
0.389433
1.73166
1.36323
0.49
0.17205
3.81055
0.644521
1.00701
0.241197
0.55078
0.422794
0.726777
0.715786
0.587352
1.11905
1.32267
0.576609
0.417254
0.335392
0.729532
0.237597
0.144951
0.667218
1.08779
0.768574
0.657467
0.279865
1.40776
1.62256
0.898523
1.16915
0.203808
0.905605
0.794673
0.27016
0.690376
0.739858
0.497974
1.12124
0.341693
0.212071
0.615995
0.409167
0.304654
3.72987
0.428541
0.552616
0.288928
1.26086
0.690897
0.886324
0.229954
0.786988
0.62993
0.0888618
0.871615
0.202597
0.376306
0.926388
1.32544
0.431997
0.628072
2.13876
0.369422
0.254273
0.636247
0.314492
0.342077
0.825306
0.589462
0.849831
0.67341
1.64582
0.300426
0.648575
2.68481
0.667231
1.05092
0.370997
1.67587
0.535469
1.80469
0.439154
0.879703
0.288784
0.488288
0.931891
0.154868
1.34946
0.955808
0.542218
0.698587
0.470579
0.41536
0.697871
0.846278
0.290219
0.409966
0.297117
0.44117
0.743045
0.608201
1.58003
0.256669
1.42089
0.205688
0.547364
0.469561
1.11238
0.623852
0.530945
3.31689
1.16763
0.858717
0.633614
1.78481
0.667552
1.72434
0.304099
0.425765
0.679711
0.170822
0.722973
0.182262
0.279212
0.133571
0.507656
2.64242
0.588161
1.66247
1.53728
0.224694
1.72726
0.704457
0.663929
0.296106
0.306693
0.31714
1.59273
0.686362
0.708997
0.852136
1.78558
1.70279
0.661002
2.38932
0.47725
0.456818
0.483238
0.657394
0.582044
0.56558
0.25388
0.548271
0.494035
1.13474
1.59523
1.26803
0.83412
0.169472
0.3665
0.436315
1.06229
0.41907
0.765962
0.989772
0.643447
0.268239
0.412919
1.19789
1.18922
0.532614
0.49566
1.02372
3.52418
0.395806
0.3031
0.777092
1.13921
0.357732
1.11899
0.622648
0.591837
0.959861
1.11888
0.320158
0.27781
0.56114
0.165125
0.492526
0.785789
0.801481
0.366489
0.932527
0.303986
0.455222
0.17495
3.64459
0.566459
0.427529
1.57158
0.318004
0.582537
0.881173
0.0468712
1.53532
0.455079
1.13319
0.299813
1.50544
1.11324
1.41426
1.66126
1.34752
0.329332
0.112727
0.991435
0.584708
0.577977
1.44918
1.20699
2.75599
0.307093
0.785691
1.42122
1.495
0.340848
0.73345
0.373005
1.54245
1.66069
0.294201
1.29037
1.10031
0.538752
0.250874
1.29123
1.04116
3.02966
0.258965
1.35893
0.645718
0.329913
0.393995
0.229837
0.844934
0.268633
0.2864
1.54168
1.1645
0.279267
0.383803
1.39833
1.34252
1.18714
0.184383
0.761266
0.965418
0.642196
0.577845
2.14241
1.10109
0.8956
0.264984
2.66349
0.291007
0.351489
0.301463
1.98889
0.884066
0.362763
0.595743
0.779428
0.42963
0.128506
0.474271
0.419551
0.333387
0.255457
0.779557
0.404674
2.42298
1.30134
0.456456
1.11029
1.28074
0.366166
0.773033
0.852862
0.697463
0.818533
1.44535
0.955652
0.558165
0.905154
0.814583
0.84055
2.71973
0.0473381
0.307621
0.112136
0.352854
0.552754
0.695006
0.888044
1.10275
0.653142
0.339171
0.746689
0.676147
1.22568
2.20462
0.44923
0.850422
0.529887
1.75368
1.16713
0.674182
0.470874
2.58754
2.57074
0.866318
0.421138
0.173726
0.443978
0.318371
0.554864
0.788418
0.280623
4.91423
0.138667
0.142778
0.639878
0.79548
1.1779
0.350419
1.40248
2.34242
0.231219
0.860288
1.19306
0.583324
0.440166
0.184612
0.756335
1.04143
0.435973
0.297731
0.810377
0.541364
0.176662
0.521302
0.661045
0.981797
0.492412
3.32537
0.189095
4.38905
1.62427
0.658308
0.196087
0.547115
0.653397
1.19877
0.50808
0.468249
0.39698
0.70166
0.438945
1.38099
0.342952
0.702477
1.26637
2.0357
1.71966
1.04822
0.774371
3.03009
0.304127
1.38316
1.02887
0.612745
0.568192
0.293323
0.870178
1.82669
1.18105
1.22417
0.15823
0.716435
0.463084
0.867982
0.531294
0.360206
0.303575
1.48465
0.422104
0.669
0.73226
2.13957
0.521577
0.260993
0.347739
1.0047
1.37449
0.628138
0.300403
1.18104
1.25555
0.194776
1.40707
0.531203
1.0025
0.362457
0.392384
0.145113
0.236779
0.781074
0.18926
1.43884
0.571825
0.563292
0.479988
0.586485
0.351086
0.849432
0.256476
2.47234
0.138385
0.142701
1.18969
0.194513
3.17802
0.722967
0.476381
0.870594
0.578197
0.570677
0.595247
1.16309
0.291876
0.967588
0.534674
1.09989
0.48992
0.713999
0.598993
4.42651
0.634012
0.552011
0.126362
0.116153
0.485804
0.403341
0.363271
1.08149
1.43178
2.73199
0.604102
1.61167
0.784939
1.50451
0.594142
0.27322
0.281621
0.342537
0.71034
0.4804
1.23967
0.767904
0.998649
0.93837
1.28034
1.03759
0.955065
1.24851
0.861705
0.323011
0.732406
1.08299
0.14947
0.509455
0.519797
0.427321
0.854434
0.755956
1.70093
0.548375
0.818224
0.427084
1.48873
0.522343
1.5771
1.01383
0.563981
0.498794
1.0782
0.180084
0.553649
0.845334
0.998372
0.0995247
0.437753
0.51545
0.803255
0.134909
0.842075
0.412908
0.948135
4.05143
0.529222
0.19672
0.301493
0.463666
0.850739
1.41586
0.835855
0.297762
0.483511
2.16611
0.434896
0.738757
0.404818
0.22679
2.04673
0.47559
1.2141
2.13643
0.459192
0.704759
0.923419
1.49092
1.14195
0.728699
1.35835
0.625131
0.176065
0.236639
0.769318
0.489673
0.462188
0.293868
1.59992
1.29565
0.756497
0.700326
0.535501
0.560046
1.66731
1.24172
0.260499
1.14937
0.429324
0.111344
1.03427
0.379491
0.924942
2.12535
0.519307
0.359196
1.03109
1.9626
0.790689
0.500309
0.36838
2.17177
2.69923
0.437336
1.4988
1.26944
0.387787
1.93275
0.823338
0.462366
0.224436
0.662281
0.476875
0.931275
0.287274
1.12487
0.282187
4.94221
0.344991
0.333622
2.14126
0.138599
1.07012
0.619689
0.171975
1.25798
1.96214
0.77196
0.907194
2.77943
0.440867
0.701371
0.57115
0.624082
0.44368
0.552857
0.54318
2.39145
1.70245
0.280776
0.967746
2.61203
0.457395
0.678293
0.284279
1.46035
0.949905
2.30793
1.44665
0.283716
1.63281
0.645365
0.671842
2.34586
0.847566
0.263085
1.14739
2.53148
0.551917
1.73932
0.170683
0.1753
0.685591
0.384337
0.390255
0.716163
0.270271
0.765433
1.20875
0.0873554
0.170845
1.39317
0.850186
1.16051
1.0713
1.24904
3.62931
0.828367
1.76529
0.587361
1.14972
0.65251
1.0391
1.77228
0.529778
0.406419
0.570593
2.03353
4.19738
0.569916
0.963727
0.976392
0.585534
0.0618947
0.526418
1.14802
0.567974
0.216031
1.62571
0.622104
0.713044
0.491186
0.815696
2.425
1.44521
4.82849
0.38282
1.01625
0.501244
1.45583
0.235071
0.228991
0.73662
1.57292
0.249154
0.298641
0.523851
0.331752
0.986871
0.710871
0.591665
0.400093
1.56065
1.21005
1.12732
0.933278
1.81479
0.400511
0.379623
1.73542
0.807954
1.50583
1.63084
0.821771
0.615857
1.23708
0.332105
0.844116
0.332886
1.15649
0.482535
0.288069
1.41989
0.361756
0.468802
0.442901
1.98533
0.510711
1.44823
1.4063
0.849684
0.228519
0.62719
0.56864
3.46527
1.04304
1.4306
0.378186
0.61365
0.533056
0.377314
0.921602
0.184409
0.734828
0.309692
0.871159
0.663546
1.2436
1.86184
0.496645
0.399514
0.555137
2.34705
0.754383
0.845918
0.543489
0.300818
0.64365
0.436669
0.519254
0.345609
0.652848
0.649284
0.644256
0.53932
2.23946
1.81333
0.416458
3.72059
0.495853
0.768059
0.246054
0.293456
1.17918
0.416212
0.238042
1.05557
1.10956
1.24725
1.16844
0.823936
0.676573
0.569688
1.05666
0.301087
0.216898
0.198751
0.216943
1.25781
2.196
0.445967
0.569588
0.98715
0.733418
2.98069
0.254563
0.726258
2.99836
0.712069
0.455968
1.64077
1.73783
0.186541
0.162147
1.26583
0.772046
0.294829
0.405093
0.60711
0.615848
1.85499
0.212739
0.366039
0.670971
0.355502
0.365091
0.94951
1.17769
1.28286
3.10357
0.56932
1.71785
0.625431
0.311791
0.198505
0.968923
0.319508
2.25171
0.308125
3.48696
0.810832
0.476434
0.902229
1.63042
0.50042
0.53364
0.330522
1.06251
0.351598
0.503748
1.90729
1.03275
0.262726
3.10756
1.4575
0.590577
1.2307
0.640754
1.68427
0.75686
0.668103
0.577443
0.875195
0.697826
0.527502
0.855174
0.383838
0.285369
0.528493
0.397502
0.90577
0.238873
0.510879
0.125045
0.255881
0.383185
0.657236
0.380319
0.683232
1.29535
0.422655
0.924525
2.54249
0.404046
1.04823
1.00195
1.92139
1.50093
0.0803627
0.451208
0.440414
0.498825
1.55612
1.5419
1.44641
0.510681
0.500845
0.717593
0.194731
0.387938
0.376096
1.18718
0.766053
2.46492
0.739139
0.59098
0.757928
1.21123
0.172632
0.805059
0.303819
0.605912
0.239394
0.674383
0.391101
3.69162
0.466906
1.63225
0.984673
2.08373
0.786507
0.818384
0.708942
1.50119
0.620521
0.31965
0.812184
0.372929
0.19906
2.24658
0.816383
0.624105
0.734205
0.559662
0.782802
2.45358
0.407311
0.471884
0.280028
0.408353
1.26696
0.497467
0.504633
0.537242
0.18722
0.480416
0.388058
0.288615
1.19643
2.161
0.330887
0.42174
0.801532
0.2479
0.165123
0.22364
0.336835
1.67021
0.402111
0.486516
0.210277
0.510414
0.925952
2.16514
0.857293
0.901492
1.23932
1.75663
0.979818
1.53323
0.237151
1.23111
1.00973
0.175872
2.63632
0.34831
0.206427
0.781887
0.491287
0.582635
0.224635
0.224132
1.23675
1.25053
4.25781
0.99559
1.29024
0.990432
0.252341
0.273303
0.481473
0.780659
0.264398
1.01629
1.143
0.358373
0.568196
1.76157
0.509707
0.62044
1.11471
0.472129
0.263196
0.745507
2.5637
1.05612
0.511188
3.93063
4.70668
0.875973
0.437149
0.646201
0.63569
0.95618
0.986671
0.350606
0.834109
0.92192
1.20695
1.16579
0.347416
0.307776
1.00024
0.276219
0.320043
0.359866
0.353906
0.216177
0.333454
1.38044
1.36259
0.383811
0.781727
0.612374
1.6918
0.348274
0.364585
1.40315
1.58403
0.703456
0.0787302
0.422679
1.10454
0.274035
0.482302
0.183072
0.101049
0.469516
0.443407
0.436935
0.767954
0.420162
0.294783
0.791665
0.207331
3.87173
0.30571
0.498287
1.13243
0.244163
0.459046
0.520453
0.666257
0.341991
0.886492
0.179068
1.06083
0.468595
0.5629
0.142134
0.63481
1.64264
0.741378
0.881569
0.384328
0.266082
0.329874
0.635449
0.323161
1.80051
0.539477
0.811274
1.35566
0.753092
0.211913
0.200899
0.285111
0.494247
0.144882
1.6849
0.839184
0.86134
0.414479
0.860787
0.133229
0.416985
0.203892
0.674133
2.51809
0.232355
0.789426
2.14524
0.724242
0.92786
0.939394
2.60419
0.199421
1.36603
0.91538
0.602053
1.18032
0.450748
0.740872
1.43733
0.792073
0.336814
0.386543
1.34313
1.13079
0.565718
1.16409
0.633279
0.547726
0.81921
0.939476
0.480767
1.51841
0.490731
0.334012
1.94365
1.02855
0.308783
3.65878
0.278365
1.0728
0.461623
0.393037
3.10492
1.68322
0.43259
0.38872
0.653064
1.11352
0.718769
0.895075
1.21666
0.289092
2.461
0.718414
0.685104
2.07142
1.05541
0.468831
0.645966
0.461295
1.40841
1.11127
0.869053
1.26406
0.883038
0.517763
0.379036
0.966722
1.27045
0.342759
0.357384
1.57051
0.759729
0.508663
0.277514
4.53665
0.374544
0.426958
0.886166
0.48377
0.754279
0.0799844
4.73409
3.78348
0.748634
0.948842
1.29175
2.51064
0.78198
0.752888
0.457859
0.274369
0.367704
0.982117
0.682655
0.493184
1.15121
0.786943
0.572338
0.173632
0.21811
0.768956
0.956995
0.672906
0.925347
0.239161
1.184
0.589657
0.518339
0.811327
1.02283
0.647637
0.55908
0.394676
0.80127
1.05792
0.996339
0.416466
0.750212
0.657934
1.78513
0.34948
0.262843
0.443337
0.444529
0.143069
0.690872
0.694148
0.502472
0.276954
0.690769
0.641871
1.29606
0.829671
1.67965
0.385852
0.758397
0.881349
0.0541887
0.328287
0.518405
0.972592
0.9321
0.474297
0.58141
0.264595
0.300515
0.359627
0.525026
1.57051
0.620784
0.839868
0.923598
0.177369
0.598035
0.547487
0.582017
0.177677
1.02063
0.774285
0.0811927
0.19368
1.0603
0.318037
1.11738
0.650318
0.605205
0.610966
0.496159
0.856342
0.620012
0.348702
0.538943
1.76342
0.747624
0.674384
0.346975
2.6719
1.60343
1.00433
0.147596
0.552974
1.30096
1.01194
0.372375
3.39452
0.113747
0.764569
0.327509
0.464521
0.560706
0.259317
0.578549
0.450667
0.270538
0.220885
1.28859
0.612007
3.58517
1.10571
0.817309
0.736391
0.701326
0.381435
1.26661
0.388389
0.51045
0.628289
0.442591
1.33604
0.978817
0.521646
0.446754
0.602429
0.448189
0.915218
1.45281
0.360015
0.678881
1.02408
0.0797985
0.21078
1.9516
0.851186
0.312319
0.244997
0.489617
1.9138
1.2466
0.313252
0.421866
0.473791
0.2277
0.402013
3.30854
1.45631
1.4699
0.384077
1.16232
0.451447
0.325002
1.94578
0.890552
0.435119
1.17842
0.136315
0.512805
1.69022
1.13865
0.934616
2.0304
1.12761
1.08161
0.131111
0.58574
0.176475
2.83519
0.533609
0.20523
0.864322
3.09853
0.371075
0.281392
1.13146
3.19594
0.0867716
0.499847
0.600813
2.68125
1.30231
1.37141
0.371926
1.63102
2.22759
0.68289
1.02582
1.8184
0.862465
0.959953
0.496891
0.813422
1.0319
0.979986
3.58669
1.89363
4.25218
0.811901
0.298679
0.450491
0.652521
0.195391
0.360204
2.28794
0.111616
0.828601
1.76629
2.25441
0.540488
0.589407
0.228478
1.20814
0.707954
1.52471
2.1413
0.326751
1.97125
4.19972
0.215872
0.666588
0.582392
0.377189
0.261325
3.03829
0.284584
0.75818
0.470628
0.315987
0.56005
0.665896
0.592892
0.277153
0.600641
1.2453
0.468576
1.52837
1.55331
0.977428
0.830118
0.315628
0.246334
1.0389
0.31267
0.253518
0.556973
0.598316
1.48295
0.489255
2.7873
0.453589
0.550748
0.602523
0.609779
0.611147
0.597169
0.149526
1.12235
0.416365
1.49371
1.56846
0.501982
1.5663
0.652091
0.250158
0.333499
1.17231
0.867509
0.519883
0.381855
0.684973
0.319954
0.521387
3.32421
0.842242
0.526142
0.334733
0.977942
1.01681
0.297171
0.383213
1.08415
0.911194
1.47067
3.90194
1.55246
0.201492
0.370148
0.430088
1.37104
0.447614
1.81643
0.507867
0.692356
2.3584
1.11638
0.458972
3.50046
1.00975
0.699867
0.415485
1.02545
1.64106
1.07599
0.220461
0.12166
0.645928
0.429598
0.317152
0.578264
3.55036
0.921607
4.47775
0.458613
0.453133
0.900181
2.19521
0.597905
0.78591
1.9317
1.40395
0.993337
0.0326944
3.87744
0.575258
0.219112
0.69621
4.06198
0.429735
1.67517
0.240566
0.434168
1.41412
2.05371
1.82535
0.790125
0.509016
0.343236
1.85737
1.21339
0.707547
0.851963
0.744938
0.128199
2.06138
0.473098
0.384202
0.941531
0.615129
0.502465
0.67213
0.165611
0.380978
0.446886
1.16823
1.21077
0.663001
0.599666
0.138794
0.466391
2.49906
0.719079
0.324245
0.876225
4.35915
0.275993
1.80433
1.46058
0.645764
0.560586
0.450815
0.858218
0.575462
0.852536
0.857498
0.458818
0.421764
0.161795
2.14552
0.314092
1.04583
0.729067
0.322811
0.571365
1.4306
1.84137
0.531896
0.381521
1.3212
0.851535
1.50632
0.509754
0.672255
0.971423
1.59699
0.658786
3.37577
0.171696
3.55857
0.202156
0.796902
0.532841
0.750184
2.16347
0.515107
1.4974
0.395217
0.489047
0.401142
0.315302
0.468567
0.80813
0.666224
1.24467
0.0870307
0.89412
0.907585
0.457674
0.395243
2.48469
0.226855
0.503899
0.792625
0.203613
0.452136
0.287824
0.152521
1.20478
2.12465
0.238364
0.842213
0.7823
0.541048
0.462612
1.12118
0.269842
0.702808
0.548345
0.556735
0.769
0.703188
0.362583
0.265765
0.799942
0.997894
0.160866
2.38766
0.815002
1.01861
0.219738
1.17832
1.15491
0.0716286
0.704927
0.375263
0.493682
0.734683
1.16471
0.700639
0.882843
0.778686
0.339789
0.807169
0.266132
0.648943
0.330873
0.193391
0.31515
0.400717
1.02044
0.442769
1.15388
1.07777
0.597677
0.280704
0.980884
1.33543
0.350894
0.731996
0.242359
1.60724
1.33452
0.705033
1.1053
0.35446
0.780987
0.0905871
0.550964
3.41721
0.275001
3.91274
1.37036
0.561192
0.139389
0.776211
4.90383
0.151891
1.08189
0.801577
1.28025
1.51936
0.172363
0.384826
1.93085
1.29708
0.427737
1.30616
1.09717
1.65064
0.374154
0.563492
0.454946
0.548909
0.661851
0.28615
0.511681
0.587363
0.923118
0.660454
0.71915
0.648151
0.628464
3.19155
0.341231
0.135492
0.974002
1.19291
0.048249
0.658138
1.23717
1.12855
0.257304
0.674926
0.429082
0.442501
0.0365606
0.623141
0.72492
1.50108
0.200142
0.340452
0.642166
0.328558
0.469835
1.97864
1.0929
0.849463
0.463472
0.822963
0.670515
0.342301
2.85281
0.2126
2.59146
0.183492
0.598861
0.850858
0.743448
0.580271
1.33492
0.57997
1.0049
0.496773
0.659525
2.57955
1.44826
1.79318
0.486021
0.683449
0.5176
0.688713
1.21595
0.779126
0.118053
0.427896
0.639836
0.75679
0.54431
1.32419
0.467843
0.298436
0.209851
0.263519
0.965331
1.44869
0.541953
1.37173
0.617759
0.659023
0.94583
0.827953
0.480516
0.24406
1.12417
1.37767
0.361006
0.602368
0.779018
1.15183
0.604486
0.507439
0.381263
0.895549
0.928839
0.402111
1.29874
2.32348
0.785676
0.56039
1.68711
1.50202
0.731609
0.369226
1.01625
0.355074
0.600654
1.09941
0.332901
1.26022
0.335747
0.69486
0.489396
0.796669
0.281498
0.602833
0.352855
0.373687
0.258685
1.23539
0.481334
0.709605
0.737823
0.8206
0.680628
0.887363
0.596715
0.682839
2.02388
3.62139
0.217161
0.631626
0.151099
0.281387
1.31277
0.622325
0.48585
0.2716
0.668788
0.663482
0.887365
0.408444
