1.15014
0.547045
1.67241
0.832924
1.35586
0.559277
3.59346
0.816953
0.161664
0.856277
0.280422
0.712191
0.568208
1.12865
0.869283
1.0001
0.394489
0.923353
0.590531
0.446686
1.27032
0.578854
0.395683
1.59404
1.63732
0.654492
1.72196
0.827775
1.09341
0.968549
4.78682
0.539778
1.39985
1.49417
2.54494
0.338188
1.53981
0.82486
1.30127
0.86609
0.160241
0.955543
0.773971
0.642619
1.28329
1.16795
1.12597
0.551051
0.49687
1.47929
0.847489
0.558754
0.464433
0.638608
0.545121
2.11342
0.536799
0.829362
0.498517
0.449286
0.341576
0.618729
0.195013
2.62501
2.4321
2.92983
0.592312
0.67651
0.519901
0.448148
0.245085
1.21525
1.53161
0.714648
1.07949
0.439028
0.325964
2.58956
0.570583
0.44005
0.860862
0.477222
0.367168
0.767376
0.942105
1.08728
0.438821
1.1717
0.620352
0.861156
1.05994
4.17446
1.98902
0.824363
0.72905
0.378447
0.316689
0.346249
0.450512
1.20313
0.578168
1.5382
0.512808
0.772307
0.780479
0.529419
0.554308
1.40307
1.4193
0.583803
1.36178
1.81816
4.39572
0.718254
0.248917
0.748755
0.191826
1.19166
0.454958
0.947675
0.23852
0.639711
0.89545
2.48863
2.2944
1.52968
1.0513
0.302198
0.378941
0.717492
0.213625
0.824252
0.491171
0.777987
0.483037
1.51417
1.36773
1.35648
0.537365
1.31285
0.734539
0.817791
1.68926
0.37471
1.24129
0.847457
0.326572
0.525433
0.541554
0.810952
1.04573
0.716013
0.533721
1.57379
0.563544
1.08927
0.533546
2.06815
0.902914
1.6565
1.45698
0.599648
1.60208
0.794616
0.428516
1.51483
1.64768
2.45055
0.471263
2.88283
0.115512
5.69585
0.739975
0.279657
1.12605
0.722106
2.36317
1.3152
1.02203
0.452244
0.500958
2.40564
1.13399
0.683712
1.82422
1.80474
0.462809
0.484159
0.618238
0.223388
0.708246
0.518536
0.559065
2.4755
0.437374
0.463365
0.206553
1.20855
0.510613
0.860058
0.787945
0.352558
0.775815
0.399945
0.288283
0.840994
0.752612
1.84944
0.590344
1.14726
0.499916
3.49692
1.49581
1.05187
3.01867
0.848824
4.02786
2.88725
0.310137
1.48652
1.89477
1.12569
0.733945
2.76273
0.741127
0.59269
1.11228
0.999514
0.703399
5.42582
0.443531
0.884739
0.931763
0.258481
0.396078
1.50183
0.631212
1.12546
2.23006
0.313858
1.44748
2.04446
0.854816
0.51234
0.89928
1.37274
3.17282
3.25085
1.21954
1.28141
0.399223
1.37596
0.78174
0.91256
2.51456
1.0792
0.474871
0.787288
2.47275
0.690522
2.68033
0.624874
1.64638
0.701286
0.279157
0.314735
0.930939
0.587049
5.89153
1.89644
0.586636
0.441071
0.316182
0.735259
0.325876
0.446778
1.3705
0.356397
0.853925
0.759733
1.2644
0.693801
1.25361
2.48194
0.358471
1.11631
0.165066
0.320894
0.711777
0.495274
1.57179
0.412131
0.782961
0.756077
0.144474
0.373981
0.87107
1.94252
0.747302
1.76652
1.22714
0.623669
0.277805
0.766738
0.210935
0.405393
1.40622
0.522552
1.64708
0.157308
1.0628
1.2342
2.62263
9.86109
0.284824
0.29811
0.487738
1.46091
0.181924
0.605816
1.00619
0.810589
0.235766
0.444389
0.634622
1.62161
2.26005
1.60545
1.07738
0.487557
0.426179
1.42492
0.919865
0.807021
0.824645
0.91693
0.634606
0.443057
0.0810887
1.17285
0.0622895
0.347908
0.660824
1.35293
0.275364
0.987986
0.965777
0.321661
0.893487
0.618929
1.51038
0.329068
1.17637
0.511643
0.317989
1.31835
0.922736
0.36438
0.786763
0.657611
1.26143
1.3978
0.87991
1.47438
1.20539
0.555776
2.60777
2.21695
0.910414
1.65226
1.07618
1.04165
0.540466
0.473681
3.14049
0.891158
2.19024
0.254652
1.44148
0.574263
1.36926
1.72694
1.19157
0.394953
0.378414
0.717517
0.483381
1.65983
1.50837
2.19543
2.80319
3.01234
0.370366
0.299039
0.869596
0.529583
0.200763
0.360178
0.907109
0.528774
0.481868
0.253157
1.13451
0.29295
0.715425
0.991311
0.616978
0.506549
0.288489
0.21536
1.39464
0.804971
0.190249
2.22088
2.19692
1.02766
0.658524
4.26496
0.525185
0.639483
0.924111
0.749722
0.4227
1.11081
0.518249
0.793782
1.63409
1.82591
1.11561
0.700099
1.16423
1.06038
0.32709
0.549365
1.3865
3.83964
1.41676
1.13133
1.3761
0.585311
2.42663
0.849458
1.22376
0.207706
0.720961
1.02804
1.0031
0.840938
0.326663
0.38229
0.497956
0.40281
0.95369
1.57148
0.689683
1.77777
0.830324
0.51942
0.36064
0.198196
0.570556
0.709198
0.401056
1.24245
0.877076
1.74981
0.480649
1.34314
0.648345
0.983857
1.35148
0.751348
3.05358
4.2222
2.29519
0.959513
1.18337
0.515221
1.37792
2.33638
0.956546
0.302952
0.391599
0.617181
0.743223
0.406283
0.585283
0.929668
0.182705
0.900623
1.72231
0.682351
0.366034
0.827725
1.74947
0.781601
0.227017
0.790037
1.13382
3.88612
1.56653
1.01605
1.37351
0.797557
1.74951
0.311627
0.627337
1.07687
0.261285
0.427067
1.27709
0.695812
2.14427
0.369643
1.1153
1.09486
2.25423
1.56575
0.31315
1.55854
0.674198
0.974032
0.459545
0.7522
0.850875
1.81106
0.56706
1.31651
1.78752
1.77271
4.56033
0.451855
0.809169
1.6024
1.00266
1.30315
1.18423
0.932752
0.580056
0.114751
0.826873
1.7984
0.405232
0.377019
1.10894
1.14822
1.53539
1.12387
1.27474
0.534205
0.999524
4.76637
0.653471
0.78306
3.9223
0.364686
0.978726
0.570356
2.9667
0.435591
1.38978
5.75891
0.518361
1.98399
1.6201
0.434994
1.02483
0.685536
0.351071
0.432242
0.468689
0.503202
0.940419
1.32527
1.56766
0.821782
0.518052
0.990627
0.600607
0.87695
0.984822
3.93018
0.726644
1.1473
1.24373
0.577681
0.407395
0.150241
1.2775
1.06159
0.522098
1.18594
3.20182
0.208092
1.72085
0.31863
0.725597
0.726955
0.546648
0.395981
0.0766676
0.29942
2.00684
0.883244
1.08213
0.749885
0.64865
0.689721
0.447731
1.93223
0.948652
1.23649
0.497939
0.962493
1.0113
0.515635
0.991252
0.429218
0.434466
1.29077
0.684973
1.24785
0.56758
0.928364
0.524844
3.8433
0.970292
0.366732
0.575266
0.61695
0.530568
0.523141
0.214868
1.62308
0.908789
0.70342
0.739076
1.45193
1.16158
0.810825
0.502471
0.70989
0.783411
0.456262
0.860508
1.0647
1.06937
1.03441
1.63578
2.9351
0.835564
0.515534
0.169281
4.01146
0.859332
2.43256
0.748764
1.2578
0.940511
1.0187
1.33498
0.787843
1.07968
3.64119
0.628814
0.877828
1.16654
2.16445
2.5783
0.664413
1.05311
0.515468
1.54022
0.792713
0.260914
1.57307
0.539226
3.32318
1.12622
4.63904
0.692435
0.685143
0.253378
1.54591
0.502285
0.607114
0.718731
0.441044
0.613013
0.569237
0.560355
2.61347
0.399556
0.926027
0.537865
1.34996
0.792164
0.533505
0.660092
1.42176
1.62869
1.21933
1.41993
1.13788
0.479553
0.25029
0.897723
0.626945
1.05588
0.893161
1.44039
0.388369
2.67051
0.370832
1.67347
1.44007
0.539604
1.10989
0.419216
2.03658
1.29412
0.807853
0.879979
0.189875
2.0271
0.359953
0.932802
0.307085
0.509172
1.79392
2.03936
0.683116
2.41573
0.615021
1.72105
1.21719
1.00258
1.06607
0.307367
0.399436
0.952553
0.293088
1.97205
0.489291
0.537754
0.657959
0.363179
0.713389
0.223087
0.417233
0.510327
1.127
0.234289
1.09558
0.694913
0.408855
0.786669
3.02288
0.704396
0.815314
0.655765
3.9391
0.224268
1.09826
1.81005
0.743601
0.868458
0.69696
0.641167
0.983591
0.336419
4.75716
2.04722
1.52622
0.538254
0.397623
1.9789
0.740018
1.45281
1.12202
0.788014
0.896853
0.470466
0.208464
1.57041
0.478208
0.477023
1.47005
0.521483
0.412214
0.692454
1.40975
0.551894
0.557812
1.62139
2.20573
1.11136
0.396047
0.203218
1.09132
0.310286
0.400992
0.747036
0.681863
1.30701
0.744121
1.06935
0.345798
1.44198
2.78037
1.40103
1.6001
0.405637
0.948069
3.28129
0.526427
1.13088
0.676035
1.13992
0.243064
2.6081
0.368618
0.376283
0.637485
1.16767
0.877188
1.01213
1.02417
0.613444
0.321796
1.30554
0.766662
0.41316
0.81757
0.402682
0.22726
0.536816
0.94863
0.357242
2.57602
0.997536
0.858876
1.32097
0.807805
0.649415
0.464442
0.816782
0.624165
1.69669
1.41013
0.60048
0.868722
1.92677
0.551189
0.548274
0.284294
2.18267
1.18349
1.80853
0.806314
0.510736
0.409937
3.35863
1.95657
0.73719
0.550375
0.845907
1.1313
0.859047
0.468702
0.627057
0.306865
1.40264
0.804897
0.444179
0.982178
0.655291
1.54744
1.20161
0.293296
0.683108
1.42536
0.171981
0.904942
1.74532
0.854682
2.7262
0.737127
0.466351
0.594735
1.47507
1.40273
1.04699
0.0796925
1.15896
1.2487
0.655697
0.880586
1.14573
3.82736
1.94624
1.46238
3.4441
2.20228
0.716135
1.69496
2.23744
0.568439
1.97882
0.745582
0.667195
0.266747
1.44169
0.723627
3.18944
2.78477
0.307302
0.929993
0.967221
0.752363
1.05844
0.279854
0.258946
0.640107
1.48084
1.05585
0.551728
3.8483
1.59794
0.13811
0.130958
0.460644
1.04146
0.345802
0.623811
1.42061
0.862612
0.510275
1.73882
0.727517
1.25662
0.59712
0.782226
0.786299
0.406486
0.645437
0.40895
1.58294
1.05787
0.824687
1.01268
0.734672
0.628562
1.55992
0.724707
0.512462
0.610818
0.752748
0.926309
1.22834
0.495999
4.58387
0.309851
0.951854
0.408565
11.3758
0.781708
0.558292
0.960223
2.58813
2.9942
1.34762
0.420808
0.476982
2.6045
0.736462
1.6171
0.386484
0.648877
1.01676
0.858943
0.153699
0.817592
0.508583
0.0583029
2.57313
1.42328
0.336558
0.639517
0.444556
0.374265
0.694291
0.45638
0.434786
3.61823
0.788004
0.696453
0.112854
0.624262
0.672467
0.46883
0.682557
0.981883
0.773807
1.77875
1.06104
0.191343
0.567145
2.6028
0.288526
1.14468
0.513898
0.827923
0.434453
0.496202
0.473228
0.405291
0.603655
0.483612
0.73749
1.0232
1.78141
0.294119
4.26797
1.42559
1.41975
0.347924
4.1191
0.575378
0.487329
0.87038
0.929847
0.683511
0.428104
2.19871
0.795292
0.831247
0.374939
1.72967
0.569207
0.944851
4.43107
2.90134
4.8975
0.904658
0.486997
0.947314
0.645549
1.18382
0.825697
0.612469
0.208684
2.92728
2.0383
0.337754
1.05097
0.499634
0.835841
0.61323
0.752848
0.850167
0.661353
1.07487
0.640064
3.1395
0.409951
1.98002
0.916736
0.480711
0.587948
0.63003
1.65635
0.842231
1.56648
0.279264
0.618423
0.864318
2.29012
0.731401
1.51573
0.750147
2.15999
0.950337
0.440316
0.776488
1.4932
0.382366
1.26956
0.376484
1.77904
0.665541
1.67984
0.183976
1.09442
0.495712
2.57446
1.86337
0.450848
0.411673
0.470074
1.76439
0.276537
1.13521
0.657017
0.608928
1.35856
0.859681
1.33941
1.30711
0.573691
0.364228
1.14691
0.926012
0.917522
0.397323
0.709799
0.217221
0.343403
0.518758
0.717051
0.70041
0.378243
0.318366
1.00053
0.630146
0.315931
0.314242
1.64701
0.750509
1.22323
0.599358
1.12318
1.69888
0.402325
1.00788
0.8438
0.841371
0.337868
0.358923
1.48924
0.468768
0.954998
0.272777
1.18778
0.42951
1.58929
2.08355
0.528567
1.14543
0.638112
0.584289
0.197909
0.198799
0.977052
1.82179
5.54572
1.17602
0.509135
1.12062
0.946569
1.41555
0.628486
0.765345
2.52432
0.160049
0.357121
1.299
1.11427
0.571207
0.56298
1.47949
0.453131
0.508514
1.24058
0.510596
1.60658
1.87572
1.22136
0.813052
1.29206
0.89809
0.378917
1.16093
0.969646
0.356109
0.794772
0.263459
0.334283
3.10309
0.645493
1.09919
0.795688
0.296463
1.78942
0.67073
0.277735
0.534274
0.643868
1.3628
0.108596
0.185015
0.736147
0.771603
0.634906
4.11308
0.544807
0.497509
0.817847
0.564828
2.08266
0.831234
0.47572
1.02589
0.342104
0.696706
0.443667
1.30903
4.14334
3.99886
1.6457
0.464788
1.50045
0.472381
1.03302
1.03841
0.668349
0.688804
0.569261
2.33379
3.27706
0.498652
1.73389
0.868173
1.86402
0.943985
0.586127
0.53597
1.68633
2.1641
0.663917
0.42695
4.10888
0.335979
1.07092
0.744497
0.981135
0.432848
0.609251
1.65576
0.656892
0.503613
1.88505
1.28781
0.256817
0.774094
0.658905
1.22294
3.44752
1.09234
1.61558
0.11897
1.4314
0.830762
1.36328
0.70317
0.196039
1.0012
0.765497
2.44126
0.401
0.602537
2.76231
0.233846
0.7064
0.608403
0.565563
2.38679
0.743273
0.634484
1.02344
0.522656
0.668548
1.381
2.32679
0.183885
0.617953
0.565949
1.07345
1.76428
0.43951
0.135296
0.578278
0.428126
0.943073
2.63159
0.491793
0.641659
0.66945
0.624755
0.381435
0.566899
0.230222
0.964787
0.609834
1.02957
1.58264
0.597384
0.656062
0.934754
0.753943
1.75333
0.526638
0.733168
0.499719
0.740756
1.26854
0.589236
1.77755
0.459129
0.873817
1.22011
0.324684
0.233125
0.416629
4.54847
1.29907
2.00018
0.681305
2.64285
1.30283
0.918801
1.3856
0.579474
0.649567
1.54025
1.01987
1.38724
1.08016
0.917681
1.57495
0.968303
0.619254
0.816784
0.576031
0.239524
0.505217
0.711957
0.804026
1.4349
2.03945
1.01459
0.647631
0.269552
2.05877
0.557447
1.05835
0.846005
1.15241
1.02731
0.814922
3.95417
0.907006
0.479321
1.55583
1.52659
1.33424
0.625273
0.41038
0.834989
0.648316
1.88138
0.526147
0.885791
1.96054
0.314308
0.304571
1.69574
0.533844
0.899848
1.23668
1.03856
4.65548
0.942774
0.699542
6.17618
0.733838
1.39348
0.439715
1.05848
0.251855
0.169055
1.43059
0.77191
0.495804
0.564806
0.336863
1.05192
3.04689
0.313341
1.50558
0.416385
0.212074
0.229546
0.603295
0.124922
0.340658
0.664664
1.17141
0.634536
1.18228
0.582562
1.26888
1.34721
1.88704
0.904141
0.789961
0.761663
1.20575
0.967826
1.67974
1.7428
0.514551
0.672936
0.242008
1.68635
1.57259
0.153893
0.543418
1.14842
0.978521
1.59012
1.31511
1.65434
1.45778
1.33342
1.43951
0.646676
0.681045
1.29037
2.53519
0.656052
0.853614
0.956776
0.920034
0.694293
0.87138
0.298627
0.1535
0.936244
0.593985
4.65058
1.3731
0.410159
0.571414
2.15174
1.25919
0.837825
0.495458
0.325235
0.54408
0.505195
0.775664
1.61172
0.340473
0.296091
1.56441
4.32552
4.97612
1.63807
1.30958
1.93566
0.452483
1.86057
0.537809
1.34669
0.415909
0.78415
1.03789
0.985829
1.27381
0.206098
1.15877
0.984647
2.29038
0.292858
1.24406
3.1663
1.28773
2.491
0.682604
0.743961
0.502261
0.627965
0.428948
0.907189
2.27916
0.303168
1.13282
0.662458
2.01521
1.21005
0.779122
1.41589
0.829479
0.904559
0.0955662
2.30594
0.773531
1.37715
1.14445
0.678489
0.461028
0.558179
2.87732
0.251304
1.17404
0.735411
0.728662
0.710852
0.62788
1.32326
0.756751
0.777509
0.719774
0.445722
0.550589
1.37379
0.570406
1.0499
0.705638
0.63651
0.688868
2.37596
1.02278
0.814359
1.4947
0.597814
1.50327
1.4822
0.780155
0.769176
0.347143
0.907436
0.427787
1.49016
1.3427
0.436007
0.246592
0.320564
0.567019
1.38119
1.03205
0.694322
2.24142
0.322245
0.264249
0.781528
0.36453
0.762135
0.357293
0.803714
0.227247
0.527318
1.69589
0.758204
2.32169
0.569288
0.532842
0.321716
0.92898
0.612333
0.824139
2.4953
0.514283
1.51882
1.91394
1.43746
1.38436
0.444723
0.756412
1.37392
1.00818
3.20052
0.154935
1.46901
0.565783
1.33489
0.676596
0.445808
0.932515
0.418137
0.836224
0.71551
0.851124
0.419077
0.771938
1.58444
0.81027
1.30706
0.316313
0.504514
0.298624
0.231687
1.38809
3.91702
2.70055
0.622711
0.488558
2.83758
0.361599
0.412824
1.00593
0.931748
0.837087
0.712878
0.617629
1.5308
0.464532
1.28506
1.25882
0.587707
0.852507
0.45321
0.406128
3.03972
1.36749
0.700693
0.5708
0.417046
0.674116
6.13389
0.617229
1.0826
5.20783
0.869112
1.16169
1.25819
1.38312
2.05635
2.70234
1.48916
0.352523
1.24061
0.996613
0.63411
1.11519
0.545435
0.789652
0.615475
0.270057
1.27349
0.49251
0.821858
1.29989
0.895648
2.14666
0.740735
1.73656
0.471087
1.572
0.537419
0.961089
0.668927
0.1313
1.08781
1.86901
1.51785
0.723144
0.644531
1.25829
0.861345
1.0963
0.380566
1.30801
0.553321
0.179712
0.154691
3.02206
1.38649
0.532013
0.0927714
0.602342
3.37529
2.19819
0.80207
0.933313
0.635689
1.98056
2.18399
1.05786
0.470386
0.683875
0.71537
0.85002
0.729126
0.769908
0.634576
0.567694
0.967535
0.686026
0.577232
0.606582
0.776685
0.722286
0.433815
1.47956
0.30936
1.50948
0.800258
2.97562
3.28889
1.02991
1.3331
0.715558
0.815721
0.892375
0.577442
1.55694
2.05507
0.535964
0.919718
0.692977
0.470854
0.629135
0.729052
0.712947
1.37184
3.35598
0.801127
0.624942
0.684718
0.778851
1.67047
1.42653
0.67289
0.62284
1.74919
0.361633
1.43779
1.78201
0.156484
0.918692
3.14886
0.767518
0.669986
1.9133
0.907619
1.24315
0.562604
0.32648
0.837859
1.19101
1.12562
0.521113
1.121
1.89995
0.870811
0.545145
0.533665
0.547003
0.805933
0.930337
0.385961
0.567485
0.622595
1.13297
0.688121
0.610828
0.833104
0.746571
0.609861
1.84098
0.821142
1.27668
0.990057
0.315189
3.10482
1.1113
0.8014
0.665394
3.45389
1.39631
0.433793
0.983549
1.90725
1.681
4.57271
0.762242
0.493276
2.21341
0.592673
1.61096
0.781507
1.92434
0.369262
0.571564
1.2252
1.08643
0.198495
1.88918
0.772216
0.661835
0.361805
0.583194
0.887628
0.949892
3.98804
0.339535
1.67931
1.60258
2.53176
1.76878
0.429601
0.676852
1.55247
6.50276
0.826846
2.25728
1.14103
1.70198
1.07557
2.32318
0.54745
0.444846
1.5992
0.379981
1.51488
1.61104
0.714719
0.365956
0.39137
0.711259
0.933223
0.906829
1.31601
1.85373
0.152452
0.992662
0.812802
0.49754
1.96753
1.49243
1.20286
1.74906
0.220896
0.822256
1.64539
3.87981
3.13389
0.787157
0.893796
0.234668
0.820451
0.8565
0.342162
1.7584
1.83495
0.884472
0.259769
0.72258
0.654817
1.86757
0.813044
0.192127
0.64543
0.817616
0.65666
0.97294
0.302725
0.893591
0.554992
5.41965
0.743074
0.574799
0.810948
1.08174
0.927206
0.632203
1.5191
0.347868
0.791419
0.867894
0.326171
1.40592
1.29573
1.39804
0.486499
0.492184
0.767071
1.41741
1.4516
3.83934
1.27181
0.368242
0.443167
1.28799
0.347818
1.09902
1.06333
1.70865
0.788527
2.13387
1.55214
0.94255
0.639159
3.8659
1.52418
0.65227
4.6198
1.54304
0.441156
1.34286
0.653939
1.2476
0.633672
0.125945
2.42857
1.34681
0.599916
1.13458
0.627452
0.631367
0.44819
0.549906
0.971727
1.62941
1.31723
1.33155
2.15013
0.653008
0.335313
0.342913
1.00581
0.735941
0.764858
0.628134
0.343819
1.95285
0.341908
0.316541
0.558909
1.59003
0.587299
1.04331
0.61991
1.41264
1.13928
1.58475
0.364279
0.473265
1.72635
0.950617
0.632855
0.634471
0.697245
0.544027
0.245502
1.21562
0.577878
0.695061
0.522539
1.01516
0.912462
0.484597
0.800142
0.694064
0.541439
0.949142
0.682854
1.07421
1.11915
1.12476
1.30792
3.25817
0.409598
0.517037
0.582325
1.75599
0.688393
3.08173
0.405956
1.27001
0.537178
0.724049
0.287298
1.26852
0.74064
1.126
0.69397
1.77927
0.315769
1.05995
1.63728
0.420958
0.703356
0.349137
1.01367
0.350127
0.950056
0.582358
0.334635
0.736611
0.235883
0.399817
0.840217
0.851453
0.316926
0.403844
2.37107
0.171187
0.786605
1.09926
0.880941
0.903945
0.345341
1.50695
0.372261
3.56815
0.706297
0.537376
1.222
0.359598
1.42531
2.5828
0.820355
0.276819
1.61356
0.485662
0.088864
0.629695
0.655924
2.0949
0.83412
0.909038
0.775914
1.3539
0.162489
0.157595
1.27377
1.32062
0.849916
0.718695
0.615864
0.857809
1.85724
0.628329
1.30354
1.48845
1.67842
0.395724
0.81023
2.01782
0.586728
0.9263
0.798799
0.595221
1.56834
0.499609
1.27178
0.389211
1.11298
0.679396
0.721867
0.609215
2.04053
1.08939
0.878979
0.58471
2.3606
0.906641
1.5867
0.783934
1.13682
3.43856
0.555447
0.675921
1.49947
0.63843
1.05715
0.811632
0.664914
0.293447
1.27726
0.851938
0.502832
2.04546
1.07228
0.978831
0.82942
0.593545
0.640932
0.420408
0.756073
1.31855
0.126078
0.627124
0.232345
1.31882
0.558103
0.97619
0.899123
1.17792
0.357296
1.52748
0.579286
2.17652
2.88272
0.368178
0.68926
1.85208
0.896341
3.83689
0.434172
2.28103
0.38898
1.49748
1.30874
2.80996
1.74553
0.992862
0.695814
4.31018
1.33413
0.519383
0.408178
1.09207
0.0984145
0.641255
0.488151
0.621485
0.483953
0.561163
3.83584
0.718688
1.07352
0.941204
0.592138
0.682719
1.30412
0.490381
0.114941
0.201712
1.05049
0.862706
0.673814
0.465976
0.539537
0.688453
0.661642
1.04932
0.819973
0.338605
1.06882
0.437779
1.16991
0.581652
0.808779
1.40357
0.232719
0.651739
1.01414
0.401864
0.826902
1.33243
0.384658
0.168542
0.897948
0.825421
1.55044
1.63427
2.9958
0.734496
1.19187
1.55804
1.05566
0.555204
0.748373
0.492091
1.02004
0.679283
1.36728
0.795672
0.34076
1.27998
0.759364
0.385462
0.975291
0.91367
0.579253
0.809588
0.670038
0.976415
0.934028
1.24773
0.853321
0.978986
1.751
0.711118
0.629034
0.541908
0.268108
0.231008
0.204278
0.957494
0.816976
0.483748
0.453251
1.70343
1.93605
0.816442
1.76159
3.90899
0.695114
0.342555
0.748235
1.11818
1.11345
0.396965
0.544571
0.880724
0.624786
1.38896
0.347566
0.558553
0.290418
0.439007
1.47298
0.717312
1.27228
0.798363
2.31835
0.973223
0.404983
2.54895
1.35017
1.43468
0.687868
0.749794
1.22904
0.591437
0.353064
0.801295
1.03112
0.794592
0.476274
2.02682
1.13806
1.24524
0.983376
0.61879
1.02569
0.525956
1.00777
0.577179
2.56024
0.409062
0.593972
0.982426
0.673582
0.461447
0.517454
0.219756
1.16667
0.539792
0.711069
0.539636
1.92951
1.16006
0.878541
0.284226
1.88015
0.606823
1.76111
0.698157
0.51061
1.05347
0.566938
2.36412
1.13763
0.313556
0.652574
0.35481
0.949548
0.412763
0.677771
1.03052
0.803603
0.607258
0.842568
2.82484
0.498648
1.47685
1.02523
2.56286
0.590178
3.88393
0.529146
4.48308
1.15787
0.522597
1.82776
0.46082
3.5505
1.50852
1.57761
0.723695
0.878067
0.61165
2.26578
0.691884
0.995231
0.227644
0.823417
0.759031
0.551245
0.604882
0.558247
0.924009
0.868037
0.706398
0.575221
0.809522
0.628266
0.79914
0.657617
1.11261
0.254639
0.265635
0.785148
0.486415
1.39624
0.74576
0.378637
0.330643
0.249894
0.534289
0.47476
0.618356
0.540092
0.642367
0.852681
0.827006
0.64591
0.786852
1.73908
1.72315
0.824279
0.449867
0.92916
1.09386
0.432351
4.08727
1.88193
2.23914
1.66855
0.446387
1.12766
1.42626
0.333578
3.77056
0.2956
5.21747
4.67206
0.231737
0.0645702
0.743543
4.97648
2.44313
1.09121
0.840524
0.658027
1.74529
0.676015
0.563331
0.423164
0.496048
0.555658
0.324638
0.690551
0.881421
1.3429
0.22163
0.637973
0.981434
1.83725
0.995165
0.804874
0.488083
0.805528
0.894574
2.42755
0.458863
2.77199
0.342007
2.5631
0.536564
1.94675
0.0945578
1.78177
2.08845
0.967214
1.13675
0.489972
0.71432
0.740305
0.693213
1.24383
0.343207
3.13927
1.24368
0.815797
1.45276
0.508272
1.59037
0.405504
0.97895
0.617207
0.634376
0.815044
1.39785
0.644788
0.707719
2.1765
0.721086
0.362213
1.3507
0.335914
1.10211
2.02601
0.815385
0.556065
0.78451
0.341259
0.926734
0.720264
0.272143
1.24393
0.308584
0.837504
2.17779
1.34016
0.552281
0.432756
1.58673
1.4787
0.711884
1.57414
0.423165
1.22206
0.8089
0.170537
0.670529
0.276625
0.459888
0.433486
0.328236
1.09082
0.732131
0.356787
2.42167
1.46646
0.98284
0.301258
1.08227
0.501427
5.02297
0.555682
1.38142
2.98553
1.22545
0.839827
0.90681
0.490934
3.23361
0.666081
1.09638
1.17932
0.380857
1.6801
1.5838
0.8323
0.675114
0.295399
1.44409
0.90281
0.924755
0.476203
0.574292
0.898066
2.29999
0.834516
2.97638
2.3708
1.05953
0.688713
1.54619
1.80873
0.497621
0.59197
0.436337
0.21167
0.687703
2.70393
1.30851
0.274866
1.19257
0.626405
0.667435
0.657302
0.375413
0.336388
0.927893
0.245063
0.534848
1.56552
0.762311
0.25146
0.196506
0.399274
0.888937
0.334305
0.629656
0.667341
0.99798
0.931168
1.16468
0.524576
1.09485
2.22148
2.53303
0.791449
0.854985
2.16505
0.640233
2.05444
0.880319
0.520513
0.940923
0.505515
0.404953
1.79473
1.01303
0.273236
0.774432
0.992512
0.320757
0.873024
0.507317
0.53246
0.514054
0.719714
2.99551
0.368351
1.36921
0.956014
0.556898
1.00509
2.12036
1.03479
0.651441
3.18046
1.0621
0.683822
0.740331
1.55693
0.605496
0.77977
0.646944
1.57599
0.599389
3.01475
0.926283
0.93643
0.739994
0.494106
1.44643
4.52219
0.592812
0.762098
0.76941
1.49022
1.29349
1.54958
0.387166
0.769857
2.60405
0.538284
4.17784
0.47164
1.208
0.30287
4.39702
0.699497
0.604394
0.340208
0.430093
1.10032
0.737598
1.04131
1.00151
0.546192
0.401296
1.68707
0.751647
0.298488
0.132629
0.462021
0.565142
0.643925
0.869639
0.830472
0.77476
0.209399
0.38155
0.0758633
0.587655
0.88193
1.11384
1.03738
0.714149
0.659643
0.989672
0.435797
0.877275
0.5909
0.737707
1.3029
3.12294
0.38294
1.56466
0.744737
0.393542
0.625898
1.59048
0.310525
2.25513
0.84195
0.527723
1.3979
1.74826
1.81695
0.282878
3.21017
0.660681
0.341175
0.821318
0.78153
0.390075
0.563518
0.721599
1.03325
0.575169
0.541843
0.977969
0.573478
0.368083
0.638247
2.10984
0.938768
2.19711
0.349516
0.411657
0.771259
1.39288
0.905212
0.598316
1.16128
0.307975
1.3927
1.01571
2.31967
0.898539
0.277997
0.484681
1.14997
3.92611
0.335099
1.24436
1.59717
0.562054
1.61293
0.921921
0.589372
1.90814
0.437812
1.51361
1.37229
1.09749
0.860108
0.642424
3.43624
0.294473
0.460971
1.15476
1.29345
0.73177
0.672341
0.658637
0.48902
0.399472
0.533631
0.35329
1.37757
0.482143
1.29133
0.711371
0.673335
0.824437
0.922305
1.78686
0.561543
0.799992
0.0697498
0.627483
3.93696
0.789122
0.507573
1.38381
0.54179
3.07531
0.629393
0.957534
0.859776
2.4745
0.397003
1.48315
0.713884
1.89073
2.1729
0.361027
1.48948
0.886606
0.543144
0.891717
0.709728
1.96707
1.17154
1.24712
1.75366
2.36745
0.533733
1.5808
0.315818
0.268578
1.07267
0.642516
2.46024
0.712111
1.21764
4.21465
0.67115
0.776444
0.986326
0.577667
0.682195
0.61099
0.226138
0.770746
1.05993
1.17772
1.3571
1.26782
0.525501
1.68153
0.690964
0.683105
0.754354
0.655305
0.40224
0.63206
2.53641
1.18702
1.03456
1.08215
3.61191
0.704493
2.18571
0.899334
2.11444
0.219441
0.907899
1.73275
3.57424
0.517969
0.701565
0.809445
1.45387
1.64477
1.40283
1.16917
0.692009
0.879196
0.838066
0.501508
0.724017
0.393608
0.703687
0.273984
0.0773939
1.46608
0.699837
0.677802
0.570835
0.274396
0.427474
0.722328
3.5076
0.979856
0.571749
1.91941
1.41406
0.276403
0.887405
2.93844
1.62712
2.89198
0.357132
0.452926
0.308625
0.637198
1.48338
0.423319
1.33398
1.95929
0.427701
0.91348
0.898658
1.07442
0.666187
1.20522
0.425795
2.32984
0.694009
1.11959
0.534629
0.880168
1.51009
0.486211
0.52905
1.67905
0.284028
0.868106
0.467536
0.6409
3.61356
1.37027
1.03755
1.09816
1.41086
0.927215
1.50154
0.633165
1.23589
1.89179
1.99866
4.00713
1.87692
0.743291
4.45885
0.70301
0.922639
1.11123
1.64219
0.950586
0.382593
0.180113
0.605417
0.663598
0.712308
1.1785
1.09634
0.75564
0.124794
0.629685
1.39989
1.60401
0.49848
2.42444
0.587026
0.85188
1.13274
0.310173
1.04556
1.10134
0.622941
1.27939
1.10054
1.32619
0.466119
2.15276
0.311738
0.700049
0.274205
1.07227
0.961429
1.25622
0.104895
0.540239
0.581956
0.832589
1.54297
1.49301
0.618278
0.356746
0.683112
1.54218
0.292088
1.22503
0.670345
0.982138
0.954943
0.850052
0.614858
0.594305
1.2051
0.376193
1.86521
1.09418
2.71236
0.551822
1.02796
0.733747
1.29823
2.30832
0.270027
0.380096
0.440934
1.82797
0.606699
2.80573
0.813274
0.463612
1.21862
0.616694
0.952681
0.730522
1.16027
0.633904
0.356547
2.70569
0.319128
4.61208
0.584766
2.78744
4.61515
0.472669
2.06049
0.602708
0.35239
0.182442
0.861697
0.776644
0.390069
0.67538
0.301437
1.17644
0.605807
0.328386
1.46283
1.17143
0.316972
0.987248
0.590176
1.15622
1.77244
0.805738
1.64513
0.23709
1.12459
1.54963
0.643416
0.299552
2.94464
1.53443
5.86135
1.03578
0.378309
0.451685
0.473824
0.552017
1.55285
0.775684
1.72479
1.50679
0.117457
2.36017
1.43348
0.904594
1.96882
1.60471
1.36843
0.433525
0.717
0.528868
1.40024
3.2126
0.714495
1.24251
0.998337
0.279363
1.60705
1.56879
4.1931
5.23835
0.659292
0.533562
0.63819
0.891254
0.988276
0.652267
0.861969
0.962564
0.868613
0.855707
0.751088
1.0687
1.43333
0.52063
1.48013
1.5069
0.212839
0.607602
0.49706
1.97024
0.98679
0.647063
0.27273
1.52607
0.177857
0.863789
0.52526
1.51558
1.17228
0.924668
1.01061
1.33736
0.88512
0.417423
0.89182
3.34923
2.08929
0.661179
0.698619
1.52124
0.921966
0.706547
0.518163
0.816349
1.01411
0.219627
0.541578
1.25077
1.59752
1.26552
1.57414
1.74089
0.739993
1.63037
1.03758
0.492328
0.653771
1.74579
1.6352
0.521188
0.686668
2.65581
0.585423
1.34328
0.75795
0.583061
0.668404
1.32932
1.63145
0.955816
1.326
0.849293
1.11405
0.827679
5.39393
0.404034
0.509457
1.81612
1.2666
1.62461
0.718359
2.66538
0.285068
0.887073
1.03629
1.51827
0.215097
0.978955
3.82549
0.934665
0.80303
1.06432
0.530873
1.13705
1.38256
1.13965
0.95742
4.81695
2.94754
0.859809
2.23069
4.35705
1.4811
0.55876
0.560944
1.02693
1.05139
0.174382
0.918512
0.675701
0.194402
0.762334
1.56262
1.18076
1.74232
1.00893
0.398807
0.551994
0.655061
0.745942
0.383356
1.91266
0.67066
0.155781
0.285408
2.03155
1.47055
1.6338
0.39202
0.752542
0.561791
0.452779
1.21787
0.357806
1.03551
0.44041
0.41367
3.70724
0.392424
1.12202
1.68312
0.750515
2.25427
0.956393
1.2882
1.04459
0.826321
0.285388
0.784951
0.238802
1.28747
0.709516
3.74651
5.43395
0.568448
0.694281
0.988799
1.56903
0.737368
0.448518
0.444058
1.27978
1.03644
0.545595
0.153625
1.1944
0.833823
0.839554
0.475227
0.439467
1.2831
0.38648
1.30051
0.778459
1.41562
0.464585
2.90547
4.50821
3.48683
2.07507
0.906215
0.83531
0.366077
0.323741
0.187111
0.472317
1.13505
0.557558
1.09998
0.372976
1.08245
0.239494
1.06327
0.437732
1.90082
0.690373
0.62507
1.44944
0.210504
1.08887
0.647155
0.629914
1.67069
0.255586
1.62036
0.578414
0.551927
0.767686
0.326733
0.807706
2.41079
0.715721
0.308695
1.80651
0.551201
0.769007
1.25102
0.65203
1.73178
0.686863
0.405271
0.440363
2.68087
0.630014
1.79487
0.284797
0.774098
0.458642
0.966838
0.338893
0.385046
0.386617
0.898594
0.56087
2.85966
0.624177
0.520142
1.45853
1.60834
1.18512
2.53091
2.88387
1.06077
0.143031
0.912605
0.908841
1.31051
1.04838
0.414891
0.549031
2.90572
2.59161
1.98073
1.33941
0.605821
0.72998
0.330329
1.07271
0.466143
0.671377
0.181165
0.900513
1.41559
0.905
0.883193
0.848511
1.35266
2.04087
2.92892
0.893741
3.71098
0.825325
0.403827
0.697
0.778391
1.07115
0.719073
0.593409
2.89693
0.691947
0.861823
0.214693
1.10607
6.22029
0.550118
2.00761
2.02464
2.08592
0.839874
0.680953
0.839545
0.203505
0.650502
0.676583
1.15039
1.25811
0.74491
2.90726
0.433481
0.393087
0.957788
3.10539
1.44134
1.59739
0.30144
1.09327
0.548393
0.610551
0.985525
0.318517
0.662837
4.66092
1.21896
0.784926
1.39058
0.501342
0.813372
0.429374
0.890444
0.362032
1.58219
0.625461
1.10761
0.716903
0.906308
1.24337
0.882888
2.24065
1.87207
0.424639
1.00155
1.55757
0.790858
0.263291
1.68118
1.53106
1.31248
0.596227
1.78516
0.693295
0.446897
2.04025
3.49488
0.511828
0.852714
0.231418
0.713911
1.20978
0.512848
2.01925
0.427201
1.74093
4.457
0.408642
0.241916
1.05987
0.422472
0.230157
0.955739
0.814968
0.521716
0.805483
0.487034
2.29895
1.24551
0.501809
1.71835
0.348701
0.462027
0.938235
0.229663
0.470727
0.182627
1.46776
0.534136
0.329225
0.337488
0.640706
0.966114
0.232748
0.495766
0.437167
1.46186
1.26237
1.4103
0.10889
0.794331
0.305546
0.459556
0.397387
0.653019
0.204875
0.779863
0.130831
1.02503
1.16789
2.73221
0.832477
1.55373
1.0572
0.526928
0.700852
1.47737
1.05162
1.64664
1.31349
0.999555
1.42142
0.261011
2.00047
0.600712
0.157499
0.646893
1.82134
1.8102
1.32615
1.00879
0.72415
1.24101
0.629965
2.21327
0.603425
0.571737
2.88094
0.446965
1.37255
0.835798
1.20668
0.360167
0.541453
1.20755
2.00539
0.514444
1.42369
1.14039
1.57556
2.22595
0.800823
0.32599
0.503703
1.04594
0.488693
1.67678
0.564434
0.618967
0.571619
0.475853
0.355672
0.525485
0.460308
1.53675
0.209323
0.387433
0.673187
0.564546
0.610443
0.69786
0.575382
0.434074
0.514689
0.461962
1.05465
1.0486
0.769985
0.454501
0.554094
1.35015
0.889266
0.374154
1.29655
0.856684
1.22141
1.16172
0.643894
1.60661
0.394181
0.85595
0.644758
1.06009
0.666295
0.659771
0.822308
0.370829
0.398719
0.320643
0.641973
2.27856
1.67712
1.40962
0.476213
0.625741
0.758045
0.418267
1.56717
2.01591
0.996352
3.46094
3.60552
0.877442
0.79872
1.07556
0.163751
0.653025
1.61679
0.434829
0.729528
1.69061
0.424682
0.82402
1.14334
0.573026
1.80045
1.35359
1.65942
2.63682
0.991132
1.81757
1.40304
2.31155
0.679954
0.879294
4.64721
1.3843
0.853576
0.610775
1.84756
1.30972
0.842094
1.52361
0.906846
1.12686
1.05678
0.540062
0.271505
0.933379
0.587853
0.344418
0.909908
1.8674
0.733453
1.96462
0.334681
2.04631
0.755947
3.26292
2.29589
0.812325
0.219738
0.384804
1.04608
0.550995
0.953185
1.1496
1.35725
0.63009
0.456773
4.46612
0.703774
2.79012
3.03922
0.767718
1.12149
1.07903
0.922825
1.77589
0.797709
0.514246
0.581363
0.960368
3.07414
2.63404
0.201822
0.906254
2.55343
1.01335
1.04217
2.0966
1.14253
0.507846
0.76152
0.707685
1.88854
0.493903
3.77517
0.908808
1.48584
1.07546
0.62558
0.802185
0.389332
0.985041
1.60271
0.818564
0.484352
0.689691
1.72542
0.879179
3.07151
2.93008
1.83127
1.27361
0.560707
0.930782
0.522512
0.552388
2.77006
0.280904
0.128546
1.16511
0.434649
0.509753
0.78262
0.697319
0.34268
0.351404
0.969471
1.3457
0.831515
1.79704
2.61479
0.77505
6.12808
0.788932
1.82012
0.783554
0.859943
0.627958
1.07102
0.649821
1.17338
0.579143
0.403389
1.48236
0.896322
1.03242
0.562475
1.13631
2.88561
0.343307
0.697359
0.810249
0.57051
0.929203
0.545318
1.74226
0.990033
0.450736
1.08561
0.564481
0.413395
1.36648
0.765566
1.85955
1.39285
0.340795
1.56083
1.34007
0.916828
1.51868
1.88544
2.03098
1.56459
0.555258
0.366225
0.545671
3.25531
0.457835
0.900335
2.47031
0.372912
1.32495
0.464246
4.63288
0.638183
1.24652
0.345709
0.782667
1.25965
1.31007
3.06461
1.84624
1.00012
0.417817
0.697488
0.604191
1.28332
4.04721
1.24796
1.11493
0.839101
0.578971
0.735347
0.767619
0.284873
0.771346
2.10419
0.388807
0.91681
0.545301
0.99567
0.338958
1.53922
0.361072
0.380954
1.43154
0.17679
2.09541
4.44396
0.918194
0.600851
0.430459
0.627884
1.35267
0.773826
0.204324
1.78169
1.45215
0.951205
0.886025
1.06472
0.302101
2.164
0.243931
0.7344
0.814674
1.04747
1.37122
1.2294
0.945144
0.498769
0.670927
0.719485
1.25828
0.380281
1.39169
1.10621
1.07229
0.672019
1.26498
3.0941
0.476482
2.06886
0.302741
0.214763
0.967802
0.662969
1.98253
0.701569
0.681516
1.02018
4.45175
0.631327
0.54687
1.16416
1.42621
0.382771
0.385737
0.75294
0.342946
0.879807
0.387709
0.36389
0.684125
2.06845
0.239652
0.512529
1.70011
0.956439
1.47764
2.57761
0.740858
0.880342
0.611608
1.47071
0.859584
1.99997
0.274951
0.524196
1.64573
0.865365
0.688931
0.618639
1.6614
0.72616
0.725777
1.03575
0.708631
1.61966
1.67248
3.73129
0.272517
0.758075
0.540258
0.611932
0.310741
0.658262
2.38051
0.65416
4.89012
0.718257
0.56858
2.08663
0.363024
0.48076
0.640723
0.434953
1.28756
0.344004
2.07329
2.51276
0.742528
0.227114
0.524523
1.47102
1.15771
0.929248
0.86049
1.39531
0.515524
1.22701
0.656788
0.661881
0.625934
0.996693
1.53653
1.08858
0.581361
1.79393
0.673184
1.18255
0.923112
0.605326
0.251011
1.00393
0.561889
0.686327
0.938315
1.10953
0.844233
1.98421
2.34962
1.12226
3.57116
0.846149
0.50708
0.900833
0.806899
0.551317
1.46798
1.78914
1.66053
0.710318
0.360213
1.0578
2.67784
0.416735
1.60153
0.747962
0.930578
5.07918
0.863886
1.11472
0.337396
0.727198
0.381767
1.58932
0.761245
1.01236
0.199982
0.929817
1.31433
0.563374
0.618155
1.69811
0.894057
1.10208
1.5071
0.70905
1.51209
0.38952
0.914546
0.393644
1.45224
0.937267
1.08673
1.18279
0.457942
0.869923
0.568008
5.18738
1.37341
0.777134
0.87374
0.756442
0.433132
0.304144
1.5853
0.786556
0.538552
0.357094
0.907587
0.242141
0.849674
0.990246
0.445539
0.720241
0.225569
1.47704
0.777451
1.13412
0.398739
0.827555
0.278858
0.656968
1.53914
0.753643
2.08863
1.04818
0.534226
1.41624
0.823743
0.859576
1.44081
0.575085
0.969559
0.546833
1.2609
0.239423
0.336608
0.567594
1.28268
0.835745
1.98602
1.72697
0.988419
1.0113
0.44698
0.47783
1.20717
1.40001
4.62664
0.221815
0.41891
0.230589
0.892025
1.70114
0.858591
0.886407
1.08286
1.35204
0.951526
1.16102
2.69158
1.73018
0.995879
0.664958
3.33945
0.683196
1.20031
1.29126
0.555771
0.878526
3.49285
2.03588
0.811644
0.482773
0.267314
1.77586
0.410355
0.605131
0.394742
1.58797
3.33221
2.07087
5.06827
0.295111
0.531076
1.44729
0.51598
3.17502
0.275132
2.23837
0.323805
0.319998
0.613694
0.714672
1.02694
0.999598
0.631697
0.554319
1.36205
0.778791
0.444853
0.595106
0.714624
0.184683
3.04464
0.31874
2.59302
0.737185
0.135605
0.97133
1.10337
0.333065
1.43923
0.334799
0.657733
0.252293
2.05935
0.994935
1.80142
0.667088
0.401003
1.67974
0.8619
0.734845
0.597977
0.486082
1.12803
1.14298
0.741147
0.302382
0.482457
0.781214
0.973627
0.113456
1.5722
1.42927
0.491098
0.919787
5.43477
0.266144
1.58426
0.548575
0.826526
0.456745
1.04186
1.68077
0.89251
0.822643
1.12537
1.06451
0.631605
0.33183
0.716172
1.20907
0.679809
0.821467
1.06873
1.03237
0.648636
1.38135
0.452434
0.483025
0.854752
3.27335
1.74881
0.529224
0.209219
0.997886
0.760284
5.62628
0.426305
1.77549
3.1378
0.840964
1.33112
0.553756
0.892731
0.814445
1.764
0.553629
0.342862
0.492157
0.381009
0.423201
0.369093
0.371179
0.378537
1.67623
0.280555
0.925775
0.742858
1.59577
0.504288
1.40098
1.41363
0.923127
1.20902
4.25197
0.744504
0.363731
1.10159
0.368808
0.6079
0.896254
2.22692
0.165539
1.0351
0.506592
1.41725
0.874498
0.564011
0.555391
0.999642
0.565237
0.501247
2.9438
1.80221
0.836126
0.544768
1.1848
0.414548
0.291565
0.293954
0.893248
0.901288
0.546929
1.8399
1.01703
0.581796
0.475155
0.812476
1.17186
0.610645
1.76445
1.27682
0.200702
1.34755
1.00438
0.653137
0.0547486
1.7562
0.79647
1.68506
2.53446
0.144587
2.54721
1.22466
0.344529
1.92749
1.91177
0.476406
0.664863
0.30685
2.42933
1.09025
0.791774
1.83591
0.762224
0.959539
1.06902
0.421335
1.32662
0.484229
0.273605
1.04902
0.685653
0.32667
4.6208
1.28774
0.636921
0.183141
1.14839
0.741247
0.582736
0.79893
1.6741
1.03264
1.76448
2.95228
0.640081
1.86744
0.587385
0.407665
0.902741
0.418967
0.637769
5.31405
0.140441
0.876636
0.75913
2.57159
0.934123
3.86106
1.43808
1.41383
1.05276
0.25977
1.34864
0.809071
0.301311
1.26426
0.451044
1.4952
2.94895
0.255851
0.690451
0.659247
0.190015
0.431035
1.20775
2.06274
1.20528
0.320271
0.873381
1.01785
1.82068
1.27028
0.651185
1.02824
0.94492
0.783472
1.42258
0.698743
1.50296
0.93247
1.16133
0.635249
1.1683
1.48158
0.414077
0.306734
0.93203
0.466483
0.597677
1.23225
0.265732
2.09809
2.14612
0.521206
2.47788
0.702204
1.6827
0.217597
0.39034
0.310513
0.406381
1.00967
4.55581
0.494829
0.371567
1.73046
0.561563
0.390611
2.98197
1.35502
1.5518
1.57318
5.39735
0.362334
0.324086
0.663243
2.88267
0.238471
1.70802
1.03763
0.670952
0.193692
0.158671
1.04092
1.21699
0.401478
1.07827
0.701325
1.86904
2.10778
2.09958
0.760636
1.43083
0.874262
0.80326
0.334456
1.54242
0.454658
1.99178
1.34106
1.40393
1.69253
1.8965
0.643475
1.12478
0.636326
1.13447
3.06941
0.337212
1.16075
1.28864
1.35533
2.1608
0.294694
6.39714
1.54113
0.270295
0.857356
0.615158
0.989466
1.65588
0.6834
1.37414
4.39305
0.829637
0.198296
1.10588
0.550753
0.533948
0.330428
0.10158
1.89519
1.58313
0.295836
0.53724
0.635533
1.83836
0.388663
0.627596
1.07057
1.2134
1.75847
0.703381
0.305064
0.853744
1.34005
0.808668
0.39268
0.561099
2.22381
0.470336
0.347971
1.67264
2.00104
0.891223
1.45047
0.722345
2.97552
0.474081
0.604327
0.319769
0.493309
0.869792
1.04108
0.732006
3.93771
0.445428
0.439868
1.12242
1.42029
0.555856
1.70868
1.02873
0.35864
3.2737
0.59979
0.125871
4.95147
0.889417
0.669339
1.00136
0.562632
0.901107
0.403935
2.66803
0.415312
1.17794
2.50733
0.59225
0.277814
2.41607
0.553672
0.895856
1.86785
0.380388
0.295308
0.674137
1.32893
1.06429
1.03351
0.464827
0.446738
0.910119
1.25622
0.25684
1.82849
0.349812
1.06812
0.865149
0.404262
1.87555
0.722288
0.875024
1.58696
0.816815
1.17317
1.16093
1.72332
0.977066
0.854781
0.443195
0.936406
2.03887
0.232137
0.680052
0.859743
0.486327
0.616843
0.341095
0.23277
0.778746
0.320173
3.10322
0.845337
2.35186
0.572532
1.67968
0.757417
2.0624
1.30401
1.00862
0.93409
1.27052
2.06477
1.38899
1.52714
0.553588
1.04885
1.03649
1.96308
1.99709
1.069
0.7981
0.506352
0.673977
1.75888
1.15954
0.597369
0.446641
1.88734
1.94451
1.05387
0.892859
1.73278
0.425145
1.26208
0.627538
0.275848
0.670773
0.430725
3.10123
0.136913
0.409219
1.16439
1.52998
0.540356
0.300054
0.854245
0.413841
1.75654
1.65835
1.4752
0.341714
0.610735
1.2066
0.54111
0.841993
0.618638
0.92264
0.812351
1.95953
0.739265
0.546197
0.363562
0.544145
0.514419
1.23325
0.803294
0.172019
1.57907
0.309831
3.74372
2.93951
1.29251
0.723283
1.26568
0.857059
1.05103
1.07741
0.942192
0.741902
0.935462
1.70796
0.466331
0.449194
0.865704
0.925161
0.574673
2.01367
0.80028
0.812376
1.53898
2.76988
0.305481
0.642977
3.38816
1.35023
1.14647
5.05556
0.660513
0.559893
1.78363
0.689714
0.474824
0.38738
4.57973
0.995966
1.12839
0.881649
0.473156
0.48283
0.459007
0.291818
1.01813
0.714837
1.04315
1.34015
3.38073
0.890768
2.25706
1.10574
1.02836
0.875979
0.855322
1.07267
0.254885
0.703572
0.429787
1.21496
1.37255
1.31296
0.902822
0.278979
0.985042
0.146584
0.301783
2.33215
0.617679
1.13955
0.907432
1.20181
3.60445
0.35386
0.354656
2.62271
0.452933
0.900244
1.32448
4.1316
0.389487
0.295239
2.57351
0.806069
0.61165
1.09726
0.637843
2.65796
4.1822
1.3221
0.692768
0.50144
1.56234
1.09355
0.90589
0.306531
1.00885
1.87207
0.36992
1.35493
1.52925
0.903711
0.0829591
0.645229
0.515072
4.92057
1.65534
1.06381
0.0184501
1.05322
0.967615
0.481287
0.600587
0.455332
0.45387
0.312451
0.60765
0.609736
3.71219
0.693975
0.483041
0.484651
0.349679
1.44912
0.762494
1.02102
0.311733
0.324487
1.20181
0.343841
0.808986
1.79836
0.87258
0.500968
0.57111
1.13546
0.788809
0.590625
0.527815
0.546546
0.585214
0.317535
0.339164
1.25454
0.579569
0.718746
0.534408
0.978009
2.10939
0.201069
1.91762
0.400263
0.795911
2.44752
2.39319
0.380901
1.36867
0.44984
0.897163
4.07227
1.33463
1.51263
0.438465
5.32181
0.411074
3.31114
0.729091
0.500033
1.20695
1.67103
0.627978
0.624562
0.248825
2.81519
2.55551
0.794208
2.2485
0.99879
1.49196
0.513162
3.13574
1.18135
0.679536
1.4002
2.06035
0.95238
0.674472
0.730851
0.699538
1.19552
0.957827
1.37311
0.502611
0.399275
0.424517
0.371539
0.306589
1.65569
0.346113
0.672123
0.716248
1.26259
1.21287
0.564828
0.500093
2.45505
0.234266
1.46076
4.47428
0.508675
2.87294
0.267684
0.63867
1.08625
0.990954
0.696838
0.616221
0.90507
1.03176
0.789989
2.30476
0.901195
1.04765
1.01199
0.295897
0.879905
0.769407
1.61418
0.643822
0.718049
1.66735
2.84753
1.43877
0.393439
0.462473
1.62364
0.503576
1.01329
1.58848
1.23841
0.548606
0.449927
1.01843
0.865565
0.717705
1.46103
0.538572
2.02357
4.56712
0.42265
0.763194
0.677633
0.560108
0.480144
1.06036
0.419899
1.67402
1.73576
0.992551
0.462508
1.35827
0.692574
0.792293
0.802425
1.00847
4.58766
0.194035
1.80489
2.13583
0.548355
0.786933
0.303085
1.48523
2.13135
0.845376
0.585102
0.978574
0.934858
0.626771
0.731925
0.967591
0.583455
1.46999
1.17328
1.49185
0.282957
1.84717
1.66247
1.32703
1.7418
0.966477
0.605584
2.10348
2.56573
1.89021
0.625042
0.348269
0.874582
0.41998
0.951985
0.677071
0.37463
0.983244
0.484966
3.73926
0.952667
1.14501
1.7799
3.27649
0.421101
5.1082
1.88256
0.295961
0.522077
0.451672
0.461592
0.803322
0.603216
1.28349
1.45371
0.551086
0.82487
1.46281
0.687897
0.745699
1.12527
0.544712
1.05445
1.87569
1.66962
0.993044
1.40934
0.551464
0.645827
1.12509
1.22577
0.336956
0.910309
0.258313
2.95585
0.983395
0.71466
0.554904
0.761038
0.732103
1.62772
0.703014
0.589853
2.73937
0.233329
0.665211
0.973568
1.07074
0.356031
0.795165
0.487709
0.704975
1.94748
0.412459
1.02426
0.705014
0.80598
0.853795
0.807377
0.340936
1.21714
0.304634
0.853709
0.927753
0.0680008
0.24538
0.397344
0.710133
1.71153
0.871195
0.742262
2.96868
0.823307
0.495748
0.757519
0.487602
0.722859
0.627187
3.75355
0.783881
0.635827
0.444032
0.916719
1.62097
0.515282
5.85661
0.789146
0.278063
0.567161
3.17085
0.801653
2.34459
1.49291
2.01147
0.453392
3.43103
0.748666
0.900984
1.96424
0.551664
0.128164
0.538588
0.310571
0.784918
1.03601
0.405829
1.15836
0.534874
0.778231
0.248697
1.63336
1.11972
4.94372
1.69285
0.299533
0.405962
1.21494
0.560467
1.63072
0.367722
0.518529
0.288436
1.60788
1.43089
1.35902
3.92925
4.35503
1.2603
1.17928
1.37004
0.716561
0.243087
1.36756
0.772802
0.285663
0.909782
0.659535
1.5113
0.603081
3.05126
1.14007
2.85826
0.256039
1.32855
1.29016
0.410372
3.9161
0.462088
0.462151
0.968908
0.785468
0.828598
0.538686
0.508009
0.526237
1.17872
0.946513
0.4552
1.46221
1.1192
0.308537
0.100602
0.220716
1.38792
2.05287
0.717192
0.364031
2.1299
0.736935
2.01434
1.28658
0.403409
7.23529
0.77833
0.271112
1.41245
0.529183
0.470242
0.757697
0.437059
1.4057
0.342498
3.04741
0.78543
1.32133
0.936922
1.06466
0.691995
1.25269
2.89175
0.133356
0.286535
1.97037
0.192314
0.753954
0.710463
0.858288
0.877484
0.506589
0.742384
0.341774
0.815145
1.41549
0.929156
0.82539
1.48922
0.604724
0.791989
1.71531
2.71281
0.26051
3.68034
3.64284
0.607786
0.596256
0.496148
0.6011
0.266441
1.14378
2.61804
4.01134
2.30183
0.641414
0.925675
1.2001
0.585502
0.934692
0.210616
0.506431
0.411791
0.839864
0.896681
0.610058
0.647658
0.378367
0.865179
1.83154
1.7563
0.777927
0.560766
1.08165
0.519115
0.651748
0.619127
1.11255
0.660774
1.52522
1.84472
2.2458
1.09629
0.859721
1.73835
1.20431
0.508469
0.443721
0.38724
1.23564
0.645394
1.52754
1.63081
0.698104
0.292397
0.524515
3.19292
1.13764
0.356804
0.491929
1.45116
1.00344
1.00479
0.637483
1.3376
1.20068
0.343721
1.29514
1.67549
0.507757
0.199039
1.02413
0.718372
2.33041
0.981631
0.319705
3.2087
1.12119
0.538143
1.76899
2.69581
0.712936
1.73571
0.853881
0.512875
0.925
0.647487
1.1769
0.707391
0.782996
0.537052
0.466496
2.39553
0.63026
0.653503
0.938546
0.956448
1.19044
0.533584
0.465429
0.598368
1.87528
1.54225
0.496963
0.881907
1.09201
0.665873
0.714819
0.927414
1.24333
1.75109
0.367954
1.16495
0.304314
5.44052
0.276812
1.19882
3.05568
0.721534
2.63912
0.636394
1.06685
1.14888
0.894821
0.891881
0.880807
0.841303
1.84478
1.54388
1.37169
0.315905
1.02017
0.520886
0.501902
1.5026
0.961727
0.407558
0.729175
1.21929
0.945206
0.743938
0.548421
0.883548
0.245847
0.683073
2.87113
1.06314
2.27219
1.51494
0.542903
0.850055
1.32633
1.95601
1.01496
0.48615
0.444614
0.811029
0.915044
0.854472
0.608977
3.95072
0.866556
2.36813
0.382554
2.31683
0.971173
1.85715
0.879518
0.596221
0.781987
0.764383
0.832673
0.297613
0.462864
0.393171
1.76637
0.27079
1.50854
0.38853
1.75823
0.275963
0.719188
0.292755
2.57831
0.193302
0.906795
0.590179
1.16074
0.291641
1.22509
1.35605
0.542992
0.626549
0.617192
0.512341
3.7223
3.16843
0.0800584
0.628605
1.06931
0.577138
1.85326
0.813525
0.351395
0.295778
1.7469
0.427222
1.24903
0.796771
0.728801
0.965135
0.736216
0.545443
0.812242
0.862501
0.665484
0.372627
1.66977
0.582718
1.52134
0.645661
1.23894
1.08431
1.01048
1.31987
0.741572
0.85653
0.602403
5.36335
1.64133
0.916611
2.26045
0.904258
2.31076
0.875243
7.13676
1.43266
0.139376
0.579218
0.966157
0.505417
0.475592
0.500913
0.975488
0.681575
1.51995
1.1052
1.62457
0.281483
1.1818
1.28232
0.880071
0.166063
0.301425
1.79128
1.078
0.436914
0.578268
0.738226
0.109176
0.970182
0.53645
0.382745
1.88525
0.455052
1.12863
1.25101
1.35088
0.751419
2.34605
1.06022
0.183926
0.820517
0.404169
0.347359
0.925192
1.61893
0.344979
1.02416
1.5692
2.03992
0.777155
1.16941
2.29414
0.668048
0.360048
0.987965
0.133734
0.725697
0.321018
0.535295
0.238938
0.332316
0.386922
0.429788
0.585379
0.450892
1.66854
0.274782
0.550494
0.46991
0.694717
0.553187
0.57103
0.300136
3.88333
0.265842
1.0269
1.11042
0.864923
0.385994
1.88831
0.649488
2.96644
1.00495
0.529562
0.937511
0.836833
0.835707
0.884424
0.569319
0.317373
0.38028
0.782702
0.829264
1.51734
2.24719
1.5298
1.35213
0.835318
1.09912
0.540255
1.46353
1.00592
0.763987
1.90395
0.870258
0.228644
0.494583
0.595518
0.592966
1.07821
0.613232
0.577762
1.98882
0.509798
0.894186
0.892682
1.07774
2.28544
0.769147
1.75973
0.514806
0.682303
3.97474
0.81595
0.319892
1.25154
0.355162
0.469782
0.796121
0.218692
1.01359
0.259697
0.757683
1.08223
0.647295
1.14485
0.76279
1.16257
0.592445
1.37138
0.249518
0.449697
0.95147
1.62736
0.612584
0.576276
1.6713
0.77439
0.37442
0.178993
0.895243
0.942846
0.776129
0.28118
0.494391
0.778372
1.01851
1.78186
0.670173
0.941847
1.922
0.131271
0.276277
0.46492
0.516667
0.591524
0.512484
0.716419
1.25361
0.868077
1.34659
0.513433
3.47194
1.9351
1.34389
0.776043
0.378967
0.406831
0.209355
0.828306
5.411
0.67894
0.75611
2.94242
0.930951
1.90125
1.52662
1.03649
1.53611
1.06815
1.12984
0.849187
0.824189
0.294301
2.02516
0.496814
1.09646
0.754469
3.61189
4.56742
0.451671
0.674534
1.11378
1.51878
0.534907
1.25435
0.531612
1.79189
0.637315
0.741215
0.460724
0.765469
0.845143
1.27123
0.581091
0.504014
1.3576
0.588939
0.596275
0.396381
0.504567
0.505679
1.40827
0.641986
2.15524
0.790405
0.153302
3.37396
0.239444
0.31014
0.765687
0.530308
1.51461
0.587576
0.337526
0.340835
0.743983
0.185173
1.7963
0.400359
3.13408
0.441977
2.3745
1.27586
0.0571925
0.83895
1.71035
1.26166
1.0125
0.447027
0.953447
4.02796
1.33842
1.57126
0.691326
0.803973
0.416742
0.727909
0.691368
1.76168
0.384649
0.769533
0.849712
0.735503
1.58134
2.81235
1.81849
1.64258
0.753437
0.263391
2.57309
1.75074
0.646814
3.22819
0.335357
1.33338
0.528572
0.771834
0.884534
1.00428
0.192389
2.44013
0.345914
1.64615
1.55601
1.15117
1.40002
0.893541
1.02674
0.486479
0.363073
0.530033
1.20141
0.858067
1.03403
0.553093
0.96765
0.168119
0.848195
2.03802
0.228444
0.364599
2.14006
0.347857
0.574725
1.50647
0.955528
0.236412
1.81682
2.24328
0.489175
1.36661
0.987621
0.61493
1.7195
0.633341
1.46748
1.34885
0.790854
0.521608
1.10041
0.232039
0.499901
0.518876
1.6852
1.68124
1.34828
0.436695
1.55428
1.43543
0.419217
0.446777
0.494387
0.564187
0.770659
2.22166
3.87396
0.794321
0.405593
1.34182
0.949703
0.583468
0.810842
0.958043
2.28953
1.15334
0.289073
2.41614
0.621158
3.14576
1.32448
1.50796
0.996404
1.90595
1.44363
0.414782
1.06555
0.836109
1.91791
0.934915
1.85716
0.828934
2.28651
0.540562
1.11096
0.198336
1.05534
0.364359
0.561457
0.682039
0.709662
1.07386
0.761179
0.320435
0.436427
0.430813
1.06648
2.9848
0.496325
1.35779
1.27544
0.26877
0.338703
0.599047
0.466631
0.99527
1.71522
0.746567
0.322963
2.84668
1.46094
0.96215
1.16189
0.64289
1.17151
0.533945
0.512765
1.69269
1.01107
0.845054
0.848448
1.62833
0.702888
2.15736
1.04676
1.62581
0.83237
0.662603
1.06596
1.43815
1.20015
0.564625
1.4255
0.868962
0.422691
0.998505
0.661188
0.461462
0.721452
0.696507
0.379271
0.94818
0.175572
0.568771
2.00082
0.598341
0.849251
0.706358
1.04873
0.656581
1.13386
0.496651
0.547776
0.639761
1.74177
0.272225
1.74371
0.433595
0.904379
1.12642
0.969889
1.93799
1.73024
0.616366
1.34785
0.904067
4.17327
1.44284
0.428061
1.12762
1.05102
0.566719
1.4639
0.80343
1.61696
1.01713
0.580669
1.68492
0.391129
0.549209
1.08647
0.74676
5.12731
0.507236
2.16645
1.13188
0.993493
0.449364
0.348916
0.280624
0.890917
1.55193
1.46142
0.44531
0.706203
0.430556
0.838603
1.40117
1.38475
1.26765
0.27069
1.11601
0.921252
1.50629
0.293894
0.42741
0.228581
2.33028
0.0645222
2.27506
0.126966
4.1439
0.107338
2.97469
1.63652
0.322771
0.72893
0.600584
0.977451
1.39794
0.260265
1.0751
0.744964
0.422576
1.51769
0.513647
0.43666
1.69826
0.423974
0.654707
0.510894
0.634287
1.77449
0.800058
0.753763
0.478729
1.92409
0.96562
1.1639
1.23613
0.249473
0.364752
0.283309
0.623763
1.0866
0.256022
1.61522
0.695538
2.61352
0.413631
2.12295
0.787921
0.246781
2.28509
2.00742
0.650641
1.84547
0.486441
0.642403
0.488181
0.474948
0.592382
0.452702
0.832171
1.50761
1.78222
0.90406
0.969557
0.594565
0.856529
1.31667
1.65275
2.26889
1.55758
0.314242
0.519029
0.428321
0.701733
1.78439
0.273868
0.918675
0.516088
0.266308
0.6031
0.374071
0.92724
1.2949
0.365541
0.307749
0.558164
1.15874
0.495348
0.55216
1.12537
0.540576
0.530527
0.72347
0.498336
0.463043
0.221757
0.636594
0.224028
1.07956
0.86243
1.43802
1.27313
0.539522
0.556764
0.514599
1.14266
0.704184
0.259184
1.47306
1.87029
1.05409
0.367529
1.05573
1.10528
1.23825
0.711781
0.710402
0.476582
0.834788
0.441934
1.77588
0.852035
0.384566
0.614105
1.82907
1.49456
0.503009
1.04997
0.772113
0.633611
0.426205
1.39284
0.755453
0.23852
1.33894
3.13139
5.1686
0.904314
0.724803
0.647076
1.12016
0.271808
0.404258
0.754866
2.13092
0.298234
2.31878
0.48664
1.42559
0.321585
0.351312
1.02713
0.512495
0.693355
0.658592
0.437552
0.745404
0.44192
0.895544
5.25525
0.719903
1.63364
0.790573
1.81988
1.15503
1.98033
0.611133
0.958842
0.752272
0.376087
0.48913
0.482809
0.71728
5.03473
0.404989
1.69167
0.431586
0.173792
0.923682
0.16027
0.139075
0.317997
0.803331
0.39388
1.54408
0.513595
0.749158
0.393429
0.673734
1.01917
0.489626
2.288
0.899276
1.18444
0.524636
0.227995
1.78185
0.766702
2.54353
0.290687
0.893644
0.56829
0.281504
1.51729
0.816652
0.443289
1.25451
4.05839
2.16451
1.03869
0.456938
0.996562
0.322887
0.467567
0.824993
1.14414
0.511044
0.903216
0.574683
0.597966
0.665386
1.44246
0.807083
1.4001
0.557391
0.625689
0.345076
0.514069
1.5248
0.569634
0.255726
1.50876
0.308663
0.328565
0.272624
0.980978
0.763267
0.849903
3.81397
0.514419
0.838262
0.552489
0.709789
1.32643
1.18618
1.03258
2.39505
0.905261
1.68615
0.971022
1.38713
0.796384
1.65028
1.75459
1.2467
0.744923
1.04992
0.366854
0.351318
1.00049
0.843311
1.63499
0.974256
2.32995
1.43164
2.72703
1.13654
1.91808
1.33603
1.51237
2.00661
0.872774
0.844224
2.80139
0.279213
0.721117
1.25016
0.454632
1.46143
0.204414
1.67683
0.603245
0.99491
0.390012
0.832703
0.462788
0.684747
1.55187
5.65639
1.01837
0.60606
0.780693
1.31701
0.457185
0.31737
0.964164
1.55189
0.552078
0.87762
0.885337
1.34079
3.53267
3.78179
1.48476
1.08065
0.578216
0.961836
0.380681
1.38149
1.98385
0.288279
1.09491
2.2408
1.32587
0.676431
0.718566
0.750965
0.141794
1.63511
0.515692
0.521919
0.513472
0.395374
0.474766
0.907083
1.80407
0.261764
0.124031
0.901842
0.795571
2.57847
0.403274
1.40275
0.823481
6.14128
1.80008
1.49565
0.396355
0.603367
0.549986
0.786077
0.580387
2.11257
2.28402
1.2261
0.808536
1.20916
1.33275
0.778166
0.292169
0.398245
0.689575
0.411476
1.62476
2.63993
1.08684
2.11094
0.905331
0.423209
0.368854
0.555689
0.858204
1.12665
0.971338
0.451949
0.758267
1.09182
1.5863
0.766323
0.527527
3.60524
0.546642
2.02311
0.602647
0.528346
0.755491
1.25955
0.572621
0.420959
0.504505
0.381578
2.23469
1.00035
2.98049
1.48772
4.3456
1.52081
0.80265
0.399533
0.749847
0.466919
4.17816
0.8436
1.76614
0.617986
0.981817
0.686496
0.400148
1.02513
1.44686
0.971432
0.873895
1.00029
3.13455
0.922643
0.999474
0.379951
0.800526
0.521495
0.319738
0.902844
1.41772
1.15822
0.658921
0.295382
0.443958
2.44353
1.15177
0.31471
0.530305
0.643802
0.228061
1.56177
1.27979
1.2248
0.358554
1.03146
0.555474
3.33682
0.485423
1.06773
0.867963
1.38188
0.218458
0.578645
1.83384
2.33186
1.44178
0.960902
0.252512
0.886823
0.988862
1.01868
0.226399
0.85903
1.18415
1.52482
1.20753
0.387372
1.41973
2.60162
1.62271
0.599277
3.20093
1.44997
0.544991
1.48011
0.907808
0.970483
0.870961
0.368343
1.3535
0.937687
1.55551
0.545534
1.13989
0.502901
0.869442
4.36979
1.58945
0.237159
0.705015
0.80203
1.31416
1.46715
1.54317
1.64352
1.40682
2.34587
0.553272
0.652421
0.837984
0.831056
0.552688
0.850566
1.05093
4.66227
0.369533
0.411122
1.09084
2.15992
1.92131
0.82142
1.06699
0.612459
0.780095
0.984791
2.03672
0.557288
0.432682
1.84357
0.436707
1.12428
0.852328
1.27285
0.33395
1.03861
0.279882
0.881811
2.02788
1.1102
0.970437
0.643777
0.508159
0.631226
1.58835
0.872327
1.23067
1.47956
0.988204
0.538733
0.508448
1.30424
0.773015
1.7808
0.408944
0.474006
0.371007
0.931315
0.947596
1.20778
1.71122
1.86874
0.0803459
0.693425
2.97528
0.184292
6.76423
0.428918
1.10028
0.508495
0.205288
0.881836
1.06277
6.26472
0.51718
0.334343
1.14555
1.47679
1.62345
0.28357
1.07182
1.12993
1.70298
0.655797
4.66418
0.536754
0.357879
0.745984
2.73175
2.53222
1.15004
0.715458
0.432631
0.691521
0.485192
1.31192
0.930114
0.867648
1.11039
0.331396
0.972388
0.396237
1.37238
2.43914
0.774429
0.800519
3.52454
0.450836
0.526595
1.08303
1.18199
0.447612
0.611712
1.30201
1.22194
0.840356
0.321464
2.48948
1.20905
0.459858
0.628941
0.506097
2.03532
0.715349
0.199355
0.623876
0.728219
0.654001
0.787638
0.409613
0.195655
0.381068
1.38111
0.569671
0.774703
0.978321
1.52107
0.405328
1.20506
0.697412
0.858839
0.910329
1.63592
0.436949
2.96136
0.767552
0.769617
0.638254
0.804058
0.74809
1.28603
1.91954
0.615647
0.732447
2.09086
1.75672
0.842865
0.939275
0.719373
0.72971
1.22211
0.609116
1.81375
0.347906
1.27567
0.523741
0.649661
0.651505
0.495444
0.773633
1.90555
2.45821
0.40796
1.87135
1.66849
1.39522
1.0246
1.05416
1.41856
0.679425
0.723598
0.727454
1.11032
1.98283
0.281081
0.496204
0.574805
0.631836
3.71491
1.9237
0.347369
1.77611
0.119553
0.901264
0.582993
1.03319
2.38581
0.854874
1.16186
0.822317
0.887445
0.512907
0.946211
1.29486
0.24432
0.725825
1.42317
1.63155
0.278552
1.08732
0.864286
0.735806
0.537027
1.01588
1.01473
2.40139
2.4338
0.47373
0.565373
0.554977
1.3956
1.12089
0.769422
2.94619
3.61752
0.450473
1.07887
0.158534
0.920216
5.45967
5.41878
1.53045
1.90525
0.709863
0.96136
2.47821
0.857996
1.2739
1.45929
0.875979
0.813497
0.536695
1.4415
0.721699
0.0845886
0.589112
0.324253
1.16956
0.310213
1.82975
0.711022
2.38971
0.3293
0.531008
1.06234
0.457245
0.914435
3.82442
1.23763
1.50298
0.389766
1.37486
1.42908
0.450352
1.25822
1.22882
0.474123
1.64052
0.70835
1.48455
0.485488
0.861607
0.37886
0.437821
0.711882
0.415874
0.841476
0.244481
1.29276
1.5723
0.479999
0.82057
3.01168
1.66414
0.870928
0.328143
0.104656
0.928936
0.551293
0.373258
2.65962
0.79182
0.845798
0.684685
1.17416
0.678726
2.1214
0.473028
0.702643
1.51359
4.30517
0.54009
1.36518
0.205923
0.706769
0.994638
0.839926
1.09117
1.18246
0.761671
1.69175
0.899531
0.747444
0.830248
0.592353
3.68663
2.39703
1.82656
0.745358
0.786809
1.15143
2.09168
2.81026
0.918716
4.50263
1.33507
1.17725
3.08022
0.532576
0.268685
2.79681
0.787656
0.85229
1.47681
0.490832
1.08473
1.40001
0.766564
0.811229
3.18721
0.87509
0.674429
1.14446
0.662072
1.02055
1.01642
0.100448
0.205393
4.58614
0.196049
1.09088
0.520522
0.605542
2.09672
0.138598
0.182446
1.03334
0.549879
3.25511
0.740391
0.405275
4.92857
2.97915
0.624369
0.788568
0.460573
1.21112
0.429708
0.543458
0.657141
0.257676
4.66095
0.655099
0.696857
1.37216
0.29952
0.9884
2.45025
0.784656
1.5052
1.1876
0.618482
1.60903
0.583476
0.417981
0.71063
0.2302
0.691816
2.09471
1.04109
0.232512
0.209639
0.709208
1.11413
1.18649
3.42379
2.15975
2.75971
0.48395
1.13857
5.53759
0.663688
2.30913
0.97756
0.145784
1.10716
0.65272
0.573051
0.579313
0.694021
0.319646
1.19593
2.85286
1.52159
3.77929
1.45696
0.638118
0.115326
0.37386
0.36209
1.10028
0.389625
0.481213
1.34032
0.72009
0.351101
0.835873
1.29916
0.494292
0.376981
1.73835
1.32033
0.344923
0.780764
2.27572
0.667548
0.612007
0.804355
0.509803
0.577279
0.464612
3.70377
0.671174
0.617302
1.01582
1.24083
0.331311
1.33731
0.695077
0.588675
0.75855
1.42479
0.29743
0.821577
0.662772
0.485171
2.43897
0.815145
0.682462
1.61899
0.415615
0.811866
0.918948
0.985562
0.819642
0.843177
0.807576
0.663152
0.677879
0.606066
0.975547
0.872548
1.52891
1.10488
0.549442
1.75965
0.571871
0.406278
0.557824
2.39276
0.619545
0.319518
0.901255
0.858072
0.756641
0.886183
0.680702
0.725623
1.8891
0.878175
1.54222
0.610604
0.544213
1.1571
0.64745
0.841984
0.983379
0.467687
0.485783
1.80218
0.470983
0.563561
0.76851
0.329469
0.784149
0.711554
0.588008
1.41445
1.02775
0.535083
0.283594
1.50656
0.793285
0.487852
0.981784
0.992339
0.799515
1.43284
0.591853
0.506254
1.1485
0.869852
4.13608
0.443967
1.22384
1.12961
4.12129
1.45677
1.49805
1.31671
1.91555
1.16729
2.48964
1.56289
0.875833
0.442519
1.81668
1.00932
0.556916
0.714744
3.04353
1.17789
0.344405
1.50861
1.04835
1.07063
0.939996
4.15802
2.2023
1.18414
1.77702
4.62874
4.64508
0.405733
1.52201
1.14527
0.886418
0.919376
0.129159
1.08908
1.8268
1.42347
0.377361
0.676665
0.514108
1.10608
1.01419
1.1165
0.220479
1.2905
0.953922
0.371696
0.435086
4.07517
1.11314
0.905235
0.251173
0.658226
0.627047
1.84892
0.583146
0.103052
1.02691
0.763099
1.15721
0.40984
0.582136
1.08053
1.03129
3.70752
0.955558
0.700358
1.05954
2.57087
0.833287
1.10118
1.22367
1.12122
1.41548
1.36125
1.50975
1.4321
0.618901
0.694618
1.77078
0.132275
0.61375
0.391005
1.37206
0.72018
1.18245
1.08326
2.27982
0.475614
1.11412
3.81213
1.00885
4.79151
0.472514
0.467528
0.642147
0.686519
0.993222
1.55004
0.430948
1.25987
0.834148
2.30412
0.925889
1.59378
0.675832
0.0372779
2.25359
1.32293
1.05399
1.09042
0.459058
0.30105
1.39014
0.498783
0.42351
0.516639
0.443259
0.842004
1.19863
0.822019
0.749283
0.474095
1.0359
0.663326
3.64587
0.825639
0.290228
1.54253
0.692197
0.450405
1.60035
3.88007
1.78111
0.631401
1.15878
0.633205
0.598608
1.71639
0.53572
0.988733
0.909612
1.51639
0.848575
2.78956
0.998513
6.35258
1.2897
0.907204
0.424826
0.588089
0.398873
0.881265
0.683066
1.10651
0.147196
1.10836
1.1074
0.680551
2.87395
1.04224
2.79328
0.971309
0.297379
0.564229
0.274899
0.575274
1.15818
1.8379
0.457435
0.24892
1.77833
0.722
1.9112
1.23038
0.797278
0.906889
0.98202
1.60449
1.79069
1.66085
0.647588
1.50408
0.404203
0.30946
0.0661038
1.88605
0.240494
0.352799
3.27606
0.393091
0.742721
1.33458
1.52826
1.53589
0.984289
0.815672
0.690707
1.0311
0.236769
2.00525
1.21321
0.846356
0.760093
0.595881
1.08289
1.5641
2.84919
1.03554
0.74299
0.489967
1.02762
0.927163
1.05784
2.62614
0.526255
1.08133
0.574136
0.518801
0.306312
0.560192
1.14537
0.648287
0.633613
0.243286
0.680316
1.69689
1.06455
0.834814
0.668696
1.10051
0.65317
0.951784
1.56874
1.01737
0.691528
0.772269
0.473554
1.53973
0.543356
1.1546
0.7956
1.46854
0.435469
1.30525
1.1754
0.476769
2.10658
0.998387
0.758136
0.756325
1.28131
0.935806
0.532325
0.217471
1.68913
0.626539
0.539727
0.264258
1.93463
0.939887
1.57053
1.82858
0.898261
0.44623
1.1898
0.367661
2.11166
0.626367
0.543039
0.725137
2.57769
0.230056
0.384073
0.412545
0.160004
0.267234
1.02793
0.668547
1.1165
1.73966
1.23852
0.819591
0.82557
2.36694
1.0533
0.59576
0.559469
1.59052
1.47274
0.832205
0.934419
1.41309
0.0505977
0.386052
0.301873
0.710945
4.65523
0.731732
0.989723
1.85852
1.55283
0.268496
1.05453
0.638871
0.855513
0.686327
0.666501
2.76647
1.2558
1.13428
1.59882
0.531572
1.21331
0.53174
1.4416
0.582141
0.99564
1.27388
0.150325
0.207203
1.42881
0.958042
0.472237
0.86084
4.22266
0.7557
0.693581
0.702808
0.556996
1.11717
0.64579
0.690198
2.66121
1.13971
1.38402
1.90188
0.283574
0.485093
0.318865
1.5332
1.25928
1.86603
1.6731
1.04795
0.713443
3.23424
0.219407
0.882844
3.14907
0.820634
2.84185
1.97832
0.583353
0.31508
0.595308
1.49262
0.375412
0.466437
3.73451
0.894772
0.506728
0.276521
1.42013
3.44367
0.861332
0.587003
0.257498
2.26992
0.999749
0.724604
1.36279
0.818677
0.314427
1.28106
0.64846
0.498592
0.347881
0.888088
0.710492
1.28021
1.3154
0.933566
1.19564
1.51022
1.50131
1.23731
1.05044
1.4013
1.09469
0.675914
1.28067
0.558533
0.539396
0.33669
0.666849
0.0752932
1.04076
0.333889
1.06707
0.539606
1.47268
0.615279
0.606781
1.40396
0.877575
0.341267
0.449987
0.816673
0.919136
0.294489
1.29144
0.976242
0.529443
1.41005
0.932643
0.346482
0.943139
1.01441
0.625498
0.570978
0.241127
0.745187
0.6495
0.887366
0.63952
1.48919
1.72964
0.913049
0.514886
0.741061
0.234638
0.868122
0.674518
1.02879
0.677672
0.638528
0.567506
0.809525
0.826129
0.641668
0.646917
0.302995
1.16248
4.82183
0.820916
0.488115
1.80077
0.450623
0.130399
1.31484
0.579596
1.0453
1.49816
0.491482
0.678795
0.60308
0.24005
0.708155
1.63837
1.79106
2.34307
1.03985
1.38938
0.76959
0.606914
1.0024
0.150245
3.71557
1.32808
0.4599
2.63829
5.20543
1.38542
0.220678
1.21294
0.585993
0.744681
0.644346
0.702918
0.565859
0.921214
2.24057
0.48087
0.746526
0.169557
1.44183
0.283804
4.12973
0.965713
1.16478
0.615035
0.620236
0.852883
4.5355
1.30201
2.48156
1.47849
0.796138
1.49332
0.540983
1.65739
3.34495
0.890915
0.654394
0.390653
0.561654
0.705204
0.355373
0.529599
1.8451
2.11888
1.17276
0.471081
1.56422
1.037
2.52757
0.402745
0.336565
1.18795
5.86485
1.49495
0.576986
0.689162
0.829811
2.45743
1.10497
0.818036
0.490208
1.4873
0.984953
2.29628
0.425202
0.808335
0.340832
0.786051
0.69828
1.7674
0.419217
0.690508
0.412135
2.95822
0.307948
0.265675
0.478359
0.560141
0.490505
0.737595
0.385883
0.779187
0.477461
0.754545
0.376024
2.31154
0.530973
0.507359
0.465814
0.573259
1.07935
1.20322
0.298947
0.522075
0.930425
0.738133
0.435427
1.55936
0.657237
0.858184
0.296633
1.06591
0.792175
5.17701
0.825477
0.332406
0.782523
7.41451
0.602638
4.70562
1.44788
0.453739
1.35333
0.514
0.48919
0.776085
0.76749
0.647531
1.13713
0.656105
0.554185
0.825422
1.9312
0.466414
0.320804
0.744156
0.946863
0.367794
1.03276
0.267064
0.598998
0.678057
0.370827
0.62792
0.91466
0.962852
1.10071
3.96744
0.54897
3.91504
1.08174
1.81316
0.464822
0.677984
0.254685
2.25448
0.474563
0.571708
0.606159
0.603819
0.204228
0.977576
0.944297
0.438995
0.636517
1.62114
1.43728
1.00047
1.19059
0.597788
1.05217
3.72972
1.45596
0.885713
0.892763
0.580103
0.185058
0.810727
0.248502
0.359611
2.81752
0.887619
0.75915
1.17697
1.00212
0.539751
1.59214
0.402855
0.576648
0.813049
0.192242
1.25278
1.13648
0.291128
1.56523
1.95662
1.09118
2.9945
0.965345
0.999758
1.09864
0.673182
0.737957
2.1341
0.88505
0.0912084
0.618844
0.530637
1.14627
0.928129
1.7288
0.884044
0.511462
0.530304
0.725106
1.54965
0.431412
6.65211
1.5752
0.832365
0.627592
0.797551
0.743775
0.563201
1.08067
0.591092
1.60592
0.327579
0.603302
6.6188
3.59262
3.99251
0.401405
0.476945
1.89945
0.492054
1.16899
0.691858
0.512147
0.536811
0.986548
3.47244
0.264302
0.500404
0.86366
1.05918
1.83689
1.73749
1.14467
1.52745
0.510194
0.426444
0.566856
0.908085
0.882169
2.87014
0.630285
0.838292
0.875045
0.44883
0.542315
4.29787
0.811645
1.21086
5.30484
0.810666
0.179765
1.05825
0.399903
1.29597
0.894409
5.3762
0.55552
1.1233
2.35689
0.400323
0.703648
2.36525
1.52808
0.688163
0.962348
1.44363
0.429259
0.552137
0.406073
1.60137
2.67308
0.585977
0.406024
0.631466
0.626949
0.712041
2.29202
0.957598
0.370253
1.59655
0.295651
1.12331
0.639723
1.28327
0.628908
1.26797
1.28815
0.951564
1.34569
0.546182
0.210755
1.13135
0.533501
3.19187
0.457634
0.494158
1.38254
0.458978
1.187
0.974688
0.281737
0.495103
0.760096
0.981585
0.472182
0.705411
1.87533
5.09458
2.34397
1.84975
0.688529
1.00517
0.913905
0.426542
1.15629
1.14302
0.603799
1.01855
1.62806
1.17524
0.56258
0.535453
0.697682
0.632234
0.54484
0.309306
0.562052
0.683998
1.11897
2.18284
3.58585
0.469797
0.24405
0.595247
1.48945
2.81802
2.6222
0.632423
0.592639
0.470995
0.859374
0.53598
1.56528
0.202092
0.724748
0.563525
1.8689
0.178262
0.940262
0.965383
0.82945
1.26512
0.24025
0.737146
1.35996
3.75635
0.295056
1.11814
0.873342
2.50031
0.803793
0.65933
0.883469
0.705053
1.37515
0.873384
0.772437
0.635044
0.798393
0.527977
1.17053
2.24255
0.817569
2.39364
2.89317
0.713083
0.258721
0.271976
0.238253
0.243877
1.68064
1.59279
1.58022
0.63235
0.666885
0.319598
0.512959
0.904979
0.552575
1.82465
1.89602
0.403347
0.184002
1.1443
0.809903
1.51265
1.12523
1.00614
1.37069
0.61421
1.20975
1.81351
1.76837
0.532639
0.64325
1.32198
0.38503
0.808876
3.56171
0.958981
2.19328
1.50803
0.826418
0.422758
1.07709
0.820779
0.637282
0.677721
1.36933
0.805013
0.851458
0.230505
1.69576
1.82905
0.484438
2.17104
1.8809
0.441461
0.692685
0.883145
0.725793
0.130185
0.540715
1.74164
1.72146
0.784259
0.851932
3.08182
0.752836
0.225301
0.85336
2.98779
0.305181
1.18406
0.68459
0.664414
0.867241
1.22637
0.787097
1.22847
0.445498
0.70654
0.882173
1.27494
0.617159
2.04306
1.64675
1.06932
0.975341
0.131513
1.10476
1.21251
3.26805
1.62388
0.800207
0.626324
0.994688
1.04802
0.806355
1.07131
2.48591
0.0911545
0.307274
0.235074
1.07576
0.77566
1.31935
0.962056
1.10606
0.589534
0.387746
0.656308
1.57563
3.14364
1.8847
1.13213
0.535347
1.09079
1.11524
0.473896
0.924511
0.281519
0.847428
1.57065
3.18127
0.723825
0.705825
1.61043
0.786764
0.411373
1.54235
0.258253
0.757399
1.43787
0.737086
2.02241
0.635308
2.08076
0.752463
1.66457
1.07575
0.708296
1.04959
0.711942
0.737035
0.372342
0.502863
0.970092
1.99186
4.34812
2.88688
0.727277
1.52817
0.45241
1.66545
1.32821
1.52673
0.620017
1.03235
0.571935
0.553086
0.608728
1.37228
1.1304
1.14674
0.489115
0.413902
0.506889
0.631762
0.667342
0.359324
0.598776
1.17954
0.9929
0.922866
1.87789
1.91881
1.21824
0.697512
1.05192
0.596889
0.303807
1.48265
0.541355
0.389946
0.845952
0.57282
5.77813
2.89074
1.5133
0.702966
1.42084
0.787112
0.64085
1.51084
0.815336
0.456776
0.486263
0.378095
0.617446
0.462262
2.0335
0.736717
2.40476
3.51783
0.804263
1.69947
0.877163
0.337973
0.718942
0.78875
1.81285
0.583791
1.00563
0.90044
2.45977
1.50497
2.28988
0.800175
0.55376
0.324746
1.2219
0.378427
0.337277
0.918794
1.14741
1.131
0.525713
1.72881
0.542222
1.06904
2.7347
0.251776
1.49713
0.706429
0.450052
0.671842
1.49464
0.990479
0.380467
1.21635
0.589307
1.83137
1.82653
0.630954
0.232748
0.389211
1.18218
0.302225
0.208625
0.300268
0.789764
0.730673
0.733368
1.92931
0.255823
0.630483
1.24062
1.46669
1.99904
1.44652
0.27321
4.03973
0.887441
0.157655
0.267063
0.653817
0.804542
0.786236
0.36739
0.680613
0.937823
0.735276
1.65574
0.86315
4.45486
0.782692
0.725953
0.733431
0.195957
5.48066
2.37215
1.93342
0.653125
1.18718
0.580222
0.686485
0.565721
0.19141
0.770112
1.77808
0.197099
1.06
0.0507043
4.81101
0.998538
0.70573
0.903513
0.471827
0.968083
0.462613
0.250429
0.87258
1.55878
0.689159
0.199234
0.439073
0.78493
0.207289
0.997984
0.500981
1.98353
1.70104
0.588001
1.00865
0.983437
0.417321
0.56772
1.67037
1.58055
1.10831
0.448087
1.25357
0.99189
0.262374
0.433341
0.243172
0.953598
1.96109
1.78924
1.96351
0.398574
0.865039
0.561605
0.645138
0.793117
0.292632
0.506366
5.7283
1.43608
0.490961
0.475473
0.995304
2.65449
4.97575
0.577799
2.60081
0.245576
1.09631
0.734459
0.859307
2.17464
0.885144
1.82075
0.784254
1.70921
0.437488
0.332711
0.579314
1.60155
1.87456
0.414904
1.02779
0.770195
0.0967988
1.01234
0.553512
0.513485
3.99525
1.86494
0.777739
0.4445
5.39243
0.866667
0.296207
0.478197
1.09514
0.8434
0.688024
0.523305
1.33879
0.912921
1.10369
1.04392
1.47217
0.342814
0.269101
0.55315
0.916627
0.937245
0.139652
0.473151
0.288901
0.52226
0.836942
0.447025
0.672311
0.507613
1.41057
0.347152
0.690555
0.946708
0.258369
0.27444
0.279217
1.21663
0.456792
0.727148
5.25847
1.06533
0.517016
1.88076
2.77523
1.15685
1.2795
6.44522
0.460579
0.780299
3.41665
1.09566
0.31938
1.09723
5.6304
0.608581
1.61874
0.472113
0.36837
3.81466
3.29816
0.767459
0.549041
2.09892
1.98189
1.66396
0.592311
0.825244
0.614967
1.2248
0.481818
1.77853
1.03542
1.76442
0.568701
1.04006
0.670754
1.14204
6.0836
0.367725
1.2168
0.477404
0.709364
0.650942
1.17197
0.919574
0.551336
0.845494
0.385399
0.418388
1.0623
0.884966
0.481121
3.48478
1.58062
1.13373
1.1274
1.10391
2.72435
0.635844
0.909696
0.0839021
0.269497
0.561855
0.412247
1.00904
0.561528
2.1864
1.22536
0.749787
0.115876
0.422508
3.41255
1.6451
0.468592
0.556508
0.635723
1.60939
1.87303
0.691326
1.02807
3.82347
0.205566
0.614438
0.636983
0.663541
0.811332
1.08035
3.27719
1.78129
1.31128
0.787287
0.436948
2.32303
0.703425
0.131494
0.835727
0.823013
0.315291
0.413376
0.644791
1.31164
0.250431
0.820843
0.379955
0.573412
0.699131
1.46801
0.838161
0.592187
1.08618
0.39653
2.09418
0.68047
0.637923
1.22152
1.28207
0.246018
0.433816
0.775736
1.73521
0.984406
1.93218
0.790808
0.252225
0.83908
4.95928
0.861511
0.539519
0.527706
0.586544
0.921828
1.73163
1.30657
0.399136
1.84121
3.09878
1.89239
0.995988
0.314675
0.417646
1.45199
4.14177
0.648788
0.650806
0.809802
0.437149
0.608273
0.757144
0.452452
0.730843
0.493626
1.0918
2.50426
0.641164
0.644643
1.66331
0.684424
0.523
2.64585
2.87157
0.943391
1.82553
0.815575
0.330277
0.370305
0.690508
1.11181
1.35375
0.540452
0.373399
0.736962
1.00988
0.785831
2.2384
1.04361
0.891336
0.680281
0.788865
0.911392
0.546903
1.05799
0.416673
1.23944
3.55886
0.306222
1.27913
0.65197
1.55282
0.374665
1.83958
0.397165
2.42965
1.45264
1.038
1.27637
2.25295
0.931379
1.56495
0.433591
0.236113
0.433128
0.906827
0.723211
0.560866
0.410709
1.21216
0.361304
0.611563
0.492826
0.603181
0.264168
0.841988
0.973089
0.677283
1.3549
1.01111
0.193274
1.01565
0.364922
0.746151
1.48424
0.689389
1.32908
2.67178
1.22919
1.15729
1.42346
1.72853
1.72668
0.745981
0.558984
0.930874
0.52164
0.431672
0.789515
0.486444
1.62324
1.06014
0.686419
0.267208
1.75644
0.401337
1.88045
0.62973
0.632727
0.538235
0.778245
0.589581
1.02445
0.399025
0.682885
0.842174
0.412591
0.45742
1.49475
0.881201
0.228544
0.745436
1.68581
0.743997
0.815725
1.02021
1.77208
2.26717
0.704246
1.97034
0.466011
0.560877
0.710298
0.486301
0.914266
0.844781
0.447405
1.73263
1.05277
0.298981
0.301164
0.707015
0.567121
2.50802
0.946627
0.364477
1.93292
1.77545
0.876421
1.50585
0.290988
0.898381
0.80234
0.667575
1.27416
0.31586
1.20276
1.02883
0.901888
0.45876
0.896864
0.222721
0.486489
0.987092
0.292042
1.12415
0.491529
0.520134
1.6162
0.357075
1.43541
1.01803
0.266144
0.695313
2.47257
1.86642
0.388407
0.547793
2.14163
0.72903
1.92289
0.571708
1.4552
0.787692
0.72
0.988221
0.487253
1.3599
3.87534
2.00524
0.993613
0.744797
0.93279
1.22541
0.68854
0.503512
0.545522
0.365097
0.550002
0.557377
0.745338
1.61775
0.371329
1.32077
0.448552
0.281514
0.373609
4.50436
3.1546
2.18357
3.06575
0.941122
1.09363
1.70333
1.77455
0.866165
3.19854
0.463654
1.41329
1.16128
0.317571
0.895351
1.0517
0.249242
1.18826
0.53649
2.0305
0.82878
0.711903
1.44743
0.455367
0.915402
1.01066
0.551928
0.451466
0.530137
0.231135
0.594119
0.871032
1.44069
1.6548
1.61645
1.62838
0.537307
3.42633
0.228148
0.684789
1.02146
0.723973
0.807048
0.795587
0.558941
1.45437
0.434468
1.53658
2.23034
1.07517
0.601326
0.477542
0.464876
0.215383
0.529059
0.56343
0.344297
0.831631
0.582278
0.822715
0.257076
1.44812
2.17517
0.426298
1.22427
0.369897
3.00097
0.646667
1.06313
0.823321
4.39525
0.628688
1.62342
1.47507
0.0952468
1.51312
1.44057
0.325756
0.313369
1.72336
1.11196
0.423075
0.567645
0.395156
1.09476
0.776405
0.731703
0.697019
1.09808
2.59754
0.684236
0.847553
1.56747
0.363582
0.503634
1.22129
0.452253
1.61609
0.612667
1.66025
0.599347
1.27363
2.51924
1.54525
1.02592
1.39404
0.495602
0.0714213
0.282204
1.40015
0.492908
0.643194
1.25407
1.91536
0.434158
1.96331
5.85541
1.29271
1.51245
1.89461
1.01409
1.26921
3.25595
0.823552
0.814144
2.32649
1.04202
0.662674
1.57469
1.01643
3.71984
0.68991
1.21715
0.88311
0.434809
0.409874
0.485843
0.919356
0.426432
1.06175
0.551115
1.07904
0.378934
0.109756
1.43076
1.36562
1.16862
0.493871
2.26109
3.10163
0.959714
0.802556
1.94425
1.59246
1.8632
0.719088
2.20044
0.754662
0.395964
0.433063
1.80321
0.623827
0.360899
0.997575
0.774979
0.586532
0.167982
0.70572
0.616944
0.55536
0.431915
0.884766
0.529286
1.63631
1.14405
0.415893
1.66315
0.855571
0.396237
1.40028
1.11436
4.49737
1.77687
1.19459
0.696713
0.919093
1.28162
0.843912
0.486029
3.95621
1.88424
0.417154
0.162626
1.03895
0.537788
1.76163
0.674388
0.953713
1.41605
0.285123
0.637871
0.288897
0.920445
1.68012
0.326121
1.07831
1.02113
0.251388
1.48021
1.4849
0.387419
0.917913
2.50904
0.741338
0.452491
0.998699
0.911268
0.173076
2.87417
0.702443
0.715584
2.8046
0.195012
0.541001
0.327839
0.665076
1.1694
0.468664
1.36703
1.77343
0.494603
0.998144
1.02205
0.302411
0.734724
1.84263
0.82982
1.52793
0.801595
0.473263
0.718967
0.831192
0.749566
0.522699
0.715561
0.429389
0.383369
1.24803
0.244784
2.35278
1.02289
0.610995
0.318023
0.901141
0.976729
1.47897
0.582448
0.548913
0.418847
0.91698
0.723783
1.64599
0.248479
0.854897
1.50361
2.4141
3.02226
0.283595
2.58018
2.15899
1.95706
0.352336
1.47617
0.412371
0.94021
0.643647
1.02964
0.300048
1.31218
1.32571
0.331525
0.675403
0.484071
0.556206
1.80447
1.02591
0.77775
2.72452
1.91052
0.868458
2.22191
2.75419
0.414902
0.449707
1.9264
1.3022
3.26897
0.279575
0.294698
1.10463
1.57398
1.19383
1.62896
0.680086
1.72917
0.277833
0.716616
0.393166
0.513711
0.940088
0.402351
0.656102
1.14324
1.09027
0.661261
0.923146
0.370218
1.22831
1.83441
2.42026
0.30898
0.755885
1.38561
0.0638772
2.74253
0.827563
0.443809
1.17276
0.417533
1.84618
0.824045
1.35852
0.245613
6.42405
0.907068
1.59545
0.830648
0.685991
0.577798
5.21423
0.681215
0.289804
0.53099
0.0521512
1.14589
0.362411
0.613858
1.1449
2.706
2.60056
0.454007
1.45876
0.64503
0.235643
0.705508
0.258332
1.10955
0.18883
0.84542
0.460361
1.20075
0.821751
1.23972
1.1403
1.1906
1.5932
0.565247
0.696541
0.699293
1.05802
0.780884
0.675041
0.353704
0.874507
0.912716
0.230772
1.21898
0.990407
1.83455
0.935745
3.89816
0.569981
1.46369
0.938212
1.21999
0.832992
0.981813
1.57609
0.991141
0.598873
0.487565
1.08735
1.41524
0.546484
0.29435
2.51777
1.35902
1.15134
0.987735
0.387874
1.69881
3.8614
0.559507
1.09728
0.647628
1.19287
1.03046
0.722211
0.481354
0.29571
0.753742
1.48709
0.464167
0.782007
1.6561
0.256606
3.55678
0.577342
1.49979
2.3392
0.484034
1.00367
0.345899
1.66435
0.752817
0.781458
3.08274
0.623526
0.376486
0.491197
0.375583
0.846999
0.276701
0.581444
1.17464
1.66032
0.295683
0.720336
1.39248
0.486371
0.894336
0.666562
0.316292
1.27094
0.430602
0.0971418
0.980267
0.717644
0.374175
2.49144
0.259133
0.670055
0.50887
3.64349
0.903393
0.474227
0.429839
0.862307
4.75609
0.302439
1.5229
1.6628
0.582831
4.70071
1.80308
1.05779
0.322173
0.717561
0.455008
0.597101
0.593578
0.994969
0.26769
1.68459
0.362778
0.751909
1.66544
0.954108
1.18403
1.68281
0.809709
0.906101
2.85116
0.860016
3.62431
2.42327
0.774484
0.682328
0.960337
0.219882
0.571898
0.605987
0.508343
2.47928
1.51335
0.709973
1.18168
3.10076
0.214459
0.489052
0.786038
0.992712
1.24703
1.64787
0.77787
0.279348
0.40944
0.944555
0.780265
1.03397
0.569266
0.598973
0.807997
2.32541
0.959493
1.2987
0.454684
0.262027
0.549851
0.463229
0.511096
0.43912
2.02603
1.11567
1.50567
0.35065
1.88689
1.35381
0.940674
3.31282
1.92175
1.22442
1.80996
0.505608
1.28867
0.534678
1.08005
0.463613
0.788043
1.4377
0.958418
0.673643
0.982512
1.84493
1.98721
0.347729
1.14783
0.34723
1.00493
0.0807515
0.739381
0.810451
1.3156
0.326535
0.046805
0.847827
0.779023
0.82457
1.31738
2.88472
0.752772
2.35684
0.54915
1.32697
0.699531
0.834373
0.742936
0.999962
1.15258
0.96746
0.694001
0.978539
0.973659
0.612241
1.22023
0.593162
1.57223
0.34526
0.952737
1.23241
0.118127
0.144184
1.71542
0.430539
0.358142
1.04126
1.03864
2.75685
1.12647
0.995766
0.611002
0.827409
0.96114
1.11569
1.16816
1.418
0.377499
1.03933
0.417865
1.04301
1.52403
0.834286
0.847956
0.691223
1.48562
1.53645
0.91402
0.37921
1.91982
0.742471
3.23685
4.69511
2.87689
0.834784
0.395033
0.568744
0.601461
0.536019
0.487226
1.09058
0.33573
0.686879
1.13331
1.46134
1.71987
0.753731
1.09459
0.640414
3.30285
0.669147
0.259767
0.463704
0.770615
3.01635
0.620837
0.478837
1.9577
1.1517
0.786627
0.171677
0.76715
1.43496
1.93164
0.672161
0.280574
0.295093
0.982352
1.17318
0.240823
1.10098
0.475235
0.738349
1.6527
1.56059
3.15354
1.37319
0.809096
0.251971
0.470924
1.03797
0.224555
1.20411
0.528788
0.370705
1.42309
1.23709
0.608466
0.345089
0.397269
0.817298
2.6889
0.746346
0.56904
1.44036
2.41011
1.28434
0.452413
0.397827
0.811434
0.198267
1.34174
0.658675
0.651926
0.15093
0.73455
0.790827
1.42426
0.436263
0.399101
0.322134
0.452824
0.479476
1.95496
1.03904
1.48798
2.70845
0.433205
0.731421
1.71748
0.947915
0.43363
1.56205
0.435256
3.71179
0.86221
1.51767
0.798703
1.86607
5.71868
4.61614
1.4736
0.800166
0.90514
1.9188
1.62044
0.831897
1.44745
1.25114
0.393039
2.97076
2.13632
0.463031
1.10579
1.03406
1.05741
1.13
0.662909
0.310452
1.29086
0.907812
0.555168
0.354344
0.70748
0.654531
1.51409
0.566169
0.486332
0.105334
0.553042
0.137316
1.21529
1.62797
0.986112
0.391249
2.74009
1.39263
0.42134
0.778865
2.13405
0.368138
1.1827
0.761584
1.19208
0.749623
1.12207
1.71212
1.0439
0.416373
1.3187
1.15731
0.907916
0.483326
0.768431
0.277791
1.80003
0.678634
1.29007
0.908276
1.01679
1.59923
0.770211
0.716882
0.796402
1.74599
0.476436
0.55257
0.293796
0.683712
0.605939
0.793092
1.14217
2.52804
0.968896
1.22572
0.308344
3.52154
0.721715
4.34319
0.924271
1.22867
0.615984
0.807775
1.05804
0.875041
0.83321
4.10713
0.721272
1.50669
0.954332
1.17053
0.621071
1.01893
0.621172
0.406303
0.651349
0.35111
1.36483
0.538929
0.914935
0.843717
0.318984
1.69052
1.39489
0.446841
1.14758
0.861962
1.23248
0.427139
0.501979
0.391815
0.221334
0.525609
0.447938
0.595717
0.343875
0.95097
0.0827401
1.66119
1.3158
1.79985
1.3975
1.20655
3.11798
4.66486
1.54794
2.4772
0.310613
1.02753
1.24542
0.55291
1.60151
0.118665
0.317052
0.537702
0.593554
0.613124
0.383128
0.625096
1.74964
1.21048
1.1174
1.32211
1.72333
0.239452
0.339474
0.363102
1.75297
0.577515
1.21991
1.18377
0.838379
0.427943
0.316552
1.4027
1.40071
0.473686
0.289931
0.587124
0.205538
0.664456
3.46577
1.0395
0.949237
2.07342
2.07501
0.506808
0.53023
0.762192
0.434421
2.00902
0.486434
0.673645
1.26298
1.21496
1.18146
1.14887
0.54325
0.527571
1.12175
0.487149
0.795967
0.644975
3.87501
0.285913
0.163306
0.486046
0.590304
0.503348
1.01121
0.659096
1.04851
0.456259
0.660075
2.47055
0.781546
0.895487
0.467749
0.656991
1.68134
0.221707
1.05058
0.422641
0.452108
0.618293
1.17862
0.616727
0.842487
1.13047
0.385354
1.29153
0.41571
2.25602
0.674392
0.32373
1.48385
0.732884
0.276544
1.00516
6.52543
0.249473
1.15278
0.184912
0.69451
0.946885
0.652332
0.554658
1.57539
0.713884
0.805004
1.06893
1.87565
0.363146
0.365077
0.839056
0.587962
1.69533
1.56895
0.702749
4.32455
0.612802
0.559739
0.302713
0.64923
0.766955
0.34416
1.54144
1.05766
0.563957
0.51858
1.13492
0.900276
0.702094
0.316248
0.593145
1.33722
0.743677
0.600244
0.660445
0.190912
1.29834
2.72811
4.16609
2.19723
1.03418
0.777504
0.299637
1.65436
1.20112
0.841438
3.58165
1.03571
1.28302
0.384173
1.58118
1.55303
0.219464
0.76807
0.563662
2.16824
0.626808
0.725596
0.459697
0.501663
0.888017
0.533365
1.51751
1.55696
0.513931
4.51475
0.397804
1.15919
0.414391
0.331062
2.91731
3.31475
1.82415
1.84211
1.04642
2.36801
0.460545
1.43979
1.66462
0.267278
1.88142
0.466338
0.339897
1.21812
0.870545
0.688626
0.70547
0.870323
0.809221
1.71208
1.00984
1.45139
1.62629
1.07123
0.636321
0.936347
1.00703
0.359808
0.511481
2.22124
1.44864
0.770181
0.514305
1.26119
0.949691
0.854272
1.43206
0.960756
0.904247
0.907767
2.99579
0.584501
1.32082
0.119584
1.44659
2.55802
1.02298
0.612773
4.13902
0.561982
0.642864
1.69753
0.675953
0.522058
1.06952
0.978903
0.785435
0.618186
0.852862
0.851937
0.463853
1.01199
0.412273
0.581643
1.51621
0.643782
1.06871
1.06614
1.00287
0.647747
0.919949
0.514897
1.91777
1.36752
1.18309
0.449222
0.937976
1.01966
1.37456
0.479694
0.685368
0.434597
0.530001
0.574626
1.60409
0.802557
1.2223
0.757368
0.978311
1.46993
1.52319
0.67184
1.05011
0.412318
0.788261
0.899704
1.00923
0.348461
0.619472
1.00354
0.80405
0.54897
0.982715
0.574631
0.856951
0.445189
0.566025
3.31669
0.75235
0.640286
0.862239
0.265158
0.718641
0.791902
0.386577
0.662134
1.82835
1.24531
0.447961
0.306031
1.20142
0.131877
1.15217
0.698845
0.184327
0.377074
1.73615
1.08294
0.678259
0.205547
0.490773
0.861229
0.788995
0.707383
3.64495
2.99178
2.62252
0.835211
0.636927
0.725862
1.09628
0.509858
0.445602
1.59837
2.02032
0.597637
0.61508
0.698906
0.728242
0.357347
0.130939
0.465165
0.878068
0.279317
1.45611
0.427587
5.6717
4.2856
1.06799
0.58651
0.606404
0.597864
0.975794
0.719667
0.944605
1.4725
0.720778
1.27516
0.927646
0.952625
0.76862
0.219551
0.556953
1.03997
1.26071
0.422863
0.361057
1.16169
0.250563
0.570355
0.52905
0.807251
1.15099
0.48442
0.451178
1.06794
1.38408
0.481118
0.482046
0.630878
3.20806
1.01557
2.86049
1.14824
0.760637
0.792265
1.20421
0.504709
0.535157
2.45844
1.13906
0.886117
1.38284
0.806512
1.99091
1.0505
2.39143
1.16076
2.12312
1.6231
1.03041
0.436575
3.69419
0.263449
5.28668
1.0697
0.785013
0.517835
1.63415
2.01889
1.0631
0.93439
2.41303
0.1594
0.513726
0.568468
2.27115
1.19176
2.68378
1.30306
1.28732
2.38499
0.301393
1.73885
2.64848
0.426849
1.73499
1.01551
0.8589
1.69761
0.367934
1.42033
1.18244
3.73378
4.12696
0.482491
0.520464
0.451072
0.336308
0.610579
1.26516
0.175412
1.22474
0.535292
1.1784
1.06806
0.460544
0.493901
1.70988
0.772923
1.09466
1.57965
0.642648
0.875061
1.35105
0.420226
0.293242
0.163409
0.601077
0.285272
2.75712
0.395287
1.59516
0.488369
0.456032
1.98988
0.536694
0.553376
0.629206
0.726457
1.29301
1.96021
3.08474
1.36754
0.644835
1.52253
1.098
0.521334
0.375249
0.470617
0.838575
1.13704
1.90111
1.45992
1.5538
4.65244
0.356865
0.404101
1.14504
0.659411
0.531579
0.561869
0.264921
1.47979
0.443504
1.89428
1.47862
0.381622
1.79502
0.774634
0.698473
1.14484
1.96335
0.81447
0.342335
0.541127
0.666562
0.926575
1.27233
2.47539
1.21481
0.653672
0.629127
1.26931
1.28343
0.434645
0.676115
2.07158
0.858484
1.72887
1.76215
2.10538
0.606575
0.365305
0.517368
1.40466
0.402612
4.51131
0.714571
0.732429
1.59831
1.69137
3.04252
2.70446
3.56794
0.666939
1.56954
1.29414
1.12684
1.26821
0.696523
0.524888
0.735987
0.689137
0.621357
0.398432
3.3291
1.72339
3.92008
0.36513
0.878999
1.20239
1.99902
1.13684
0.838977
1.19855
1.17398
0.770356
0.304816
1.22922
1.92607
0.38534
0.75273
0.524276
0.579911
1.87674
0.242374
0.258592
1.88207
1.7268
0.236652
1.00573
0.525656
0.544176
0.98022
1.41823
1.6105
1.15768
1.63877
0.674323
2.23412
0.440937
0.414599
0.614188
0.642548
0.769933
0.795585
0.892329
0.450721
0.705928
1.58378
1.48998
0.928802
0.7353
0.612952
0.927978
1.77349
0.505442
0.541073
0.994638
1.43773
0.587924
1.17495
0.981523
0.563208
0.963321
0.530193
0.622903
0.774583
0.93348
1.01408
0.90477
0.405546
0.238729
0.790054
0.80266
1.3937
0.767363
0.28071
0.919268
0.972684
0.838202
0.700279
0.650011
1.29779
1.57258
1.18694
0.643832
1.08029
1.06681
1.27579
0.522387
2.65295
0.674753
1.64513
0.387653
0.509751
0.392068
1.6968
1.28801
0.587893
1.1304
0.279616
0.220825
0.436459
0.326188
0.535456
1.07809
1.74459
0.715008
0.36209
0.825306
0.795624
7.49885
0.690712
2.64629
0.349753
0.337761
0.217467
0.344792
1.01561
0.718591
0.18538
0.806212
2.00103
0.287975
5.57389
1.06408
1.08222
0.522764
0.975528
0.627464
0.381699
0.715382
0.95186
0.597293
0.664775
1.23092
1.92416
1.02485
1.17305
0.438208
1.89249
1.67427
1.50587
0.259731
1.31952
1.39418
1.2958
0.584902
0.689032
1.23559
0.416346
1.3216
0.987863
0.680878
0.801527
0.565716
0.873327
0.434376
0.420444
0.86137
0.375595
0.616373
0.800356
0.949481
0.570949
1.29054
1.20815
1.24133
0.480487
1.59453
1.65081
0.516241
0.908433
0.220966
0.502629
1.22943
4.29208
1.10541
0.476128
0.727144
0.981925
0.733579
2.36195
0.431133
5.62089
0.67875
0.819302
0.233753
1.79221
2.1264
0.381166
1.16097
1.87408
1.29121
0.793488
0.341505
0.308625
1.24584
1.43659
0.890287
1.21141
1.28702
2.32203
0.708568
0.465784
0.409544
3.50407
0.715761
0.503002
3.26615
0.62315
0.203805
0.902465
1.53246
1.8887
0.323176
3.4916
0.296622
0.143257
0.916595
1.4983
0.150418
0.924362
1.16599
1.08854
0.293184
0.534602
0.756868
0.351329
0.593904
0.685586
0.711648
0.39669
0.485291
0.473237
0.919785
0.436142
0.466349
2.02019
1.20055
0.64443
0.753995
0.294059
0.898284
0.845195
2.62431
0.669004
2.37903
1.28264
0.891304
0.769989
1.56952
1.01145
1.594
0.846608
1.13915
1.09087
0.750636
2.32758
1.59581
1.58129
0.680738
0.672825
0.4855
0.739746
1.18414
4.43669
0.202154
0.279099
0.746695
1.44252
1.42895
1.06745
1.09603
0.36915
0.316128
0.366625
1.60365
1.58072
0.989822
3.37603
0.525056
0.948552
1.0674
1.5427
0.448861
0.620629
1.35856
1.40317
0.225329
0.578922
1.02556
1.10252
0.525055
0.961709
0.600948
1.08378
4.57252
0.573057
4.28296
2.52938
0.936377
1.39749
1.3651
1.13391
0.791944
0.587872
2.85866
0.380073
0.740421
2.46932
0.515943
1.85747
0.802446
0.583067
0.509001
0.619299
2.10647
0.53123
0.321945
0.883866
0.705275
1.72307
0.711648
0.720072
0.707577
2.5294
0.446447
0.533945
1.02367
1.77068
1.24292
2.04363
0.320564
0.571385
0.768543
2.03103
0.897612
0.573922
0.515043
0.770922
0.164606
0.99615
2.75608
1.70023
