0.909857
0.844985
0.127644
2.96238
1.08498
0.195616
0.695786
0.217016
0.96282
0.176522
0.865042
0.273074
0.435594
0.512871
0.774355
0.450991
0.753197
1.6864
0.264339
0.170918
2.2273
2.24249
0.468334
0.971601
0.336943
2.56215
2.2585
1.51608
0.719508
1.58128
0.570455
0.82828
0.976658
0.546317
1.337
0.244482
0.733563
1.74797
0.871703
0.666709
0.207224
0.794014
1.11756
0.815821
0.796333
0.56218
0.602185
2.06161
2.3987
0.915335
0.899387
1.5662
0.323939
0.712241
0.478921
0.856917
0.483512
0.272799
1.90955
1.08521
0.589105
0.436674
0.556294
3.42207
0.847107
0.639121
0.45071
0.841917
0.855633
1.27919
0.831643
1.00479
0.574837
0.747299
0.298202
1.31425
0.517712
0.499564
0.209674
0.852913
0.535982
1.02681
0.753566
1.77812
0.794042
0.37603
0.716513
0.58605
0.493971
0.874015
0.642918
1.21926
1.82414
0.321827
0.247334
0.555595
0.756618
1.56212
0.855241
1.11093
0.222988
0.657455
0.227703
0.398042
0.949789
0.499998
0.120266
0.705896
0.285643
0.287751
0.97096
1.15892
1.7728
0.663009
0.327433
0.263445
1.7767
1.83729
1.16326
0.556742
4.09585
0.650521
0.729695
1.81251
1.52057
0.621012
0.487627
0.61402
0.257021
2.1927
0.720778
1.14157
0.496076
0.876527
1.21111
3.20945
0.311484
0.418927
1.68478
0.434126
0.822131
1.29097
1.0761
0.676943
0.428631
0.490582
0.579958
0.5062
1.21472
0.267547
0.217132
0.947418
1.31657
2.53985
0.3683
0.797257
0.611267
0.444125
0.561845
0.894066
0.497245
0.525922
0.787806
0.612563
0.828804
0.326776
0.575734
0.705276
2.84024
0.667436
0.727775
1.26393
0.598289
0.196353
1.11101
0.960693
0.951871
0.703912
0.819114
0.807017
0.596993
2.64228
0.623758
0.72758
0.873481
0.969518
1.25547
1.21172
1.82505
0.508284
0.465593
0.88151
0.715455
0.938291
1.28164
0.772213
0.105144
0.966656
0.684512
0.865323
0.458604
0.88572
1.28728
0.455037
0.388312
0.759641
1.26624
0.475888
0.76547
0.599217
0.484276
1.01194
0.595351
0.733468
0.741519
0.932377
0.481185
0.380805
0.888639
1.52111
0.402502
0.392994
0.602083
0.588863
0.766974
0.626567
0.777529
0.95495
0.827819
3.36329
0.68271
0.400543
1.05989
0.565678
0.853456
2.06359
0.397871
2.3532
0.283496
0.709533
0.86457
1.10883
0.536171
0.468737
0.520224
1.14896
0.515469
0.824778
1.97571
1.88678
1.13432
0.811399
0.913751
0.90112
0.161048
0.138488
1.56647
0.540097
0.43317
0.456312
0.863154
0.890592
0.566257
0.937162
0.498628
0.742927
0.593792
1.30721
0.566845
0.260765
0.100064
0.736146
0.455068
1.73455
0.590201
0.729713
0.522744
0.809172
1.05728
0.397976
0.335683
1.29697
0.365268
0.961663
0.608324
1.71862
1.60133
0.62806
0.922606
0.749614
0.928925
2.00306
0.979719
2.06777
1.14494
0.684743
0.803403
0.585445
0.499296
1.00123
0.404959
0.369169
1.14712
0.896523
1.10776
0.283673
0.958294
0.256161
0.97119
0.643743
1.07163
0.526573
0.427026
0.688928
0.593843
0.694925
0.528572
1.53443
1.10354
0.536023
0.996431
0.640834
0.697515
0.536645
0.987412
1.16866
0.705837
2.0994
0.655677
0.854362
0.616435
0.506426
0.403555
0.522355
0.411373
0.666315
0.907587
0.939792
0.55191
2.65544
0.654214
0.799124
1.02302
0.605388
0.546787
0.564585
0.89439
0.961618
0.625347
0.334065
1.22956
0.786127
0.900064
0.939379
0.850652
1.06914
1.28861
0.290298
0.551795
1.01681
0.52923
1.39319
0.265952
0.424666
1.04691
0.460408
0.916446
0.523392
0.991298
0.839113
0.729045
1.85884
0.504324
0.674976
0.884301
1.04741
1.09153
0.939345
0.204061
0.266246
0.235814
1.12054
0.861612
0.961445
0.71242
0.741543
0.163561
1.37109
0.839173
1.0092
0.78198
1.07828
0.737855
0.317977
0.438622
0.137075
3.41425
0.965141
0.621876
0.349676
0.660417
1.28393
2.9432
0.397953
2.07551
1.02961
0.848224
0.781786
0.509851
0.0532695
0.333485
0.878718
1.83627
0.496238
0.737677
0.744783
2.645
1.60257
0.308612
0.811399
1.98004
0.398898
0.355625
1.00974
0.713539
0.989232
3.27274
0.252564
0.653325
1.27256
0.34858
0.6804
0.923243
0.786637
1.18294
0.878963
0.482556
1.18593
1.3308
0.378514
1.57849
0.334603
1.85006
4.34454
0.518088
0.328504
1.11007
0.813451
0.904146
1.37588
0.349215
0.536808
1.08404
0.476555
1.27267
0.188331
0.388096
0.697721
1.76015
0.146609
0.41578
0.977401
1.04736
0.609417
0.337196
0.561915
0.609577
0.797291
1.55786
1.11807
2.41519
0.519195
0.345002
1.50454
0.576795
0.734529
1.98704
0.488671
1.02008
0.658573
0.489236
0.595653
1.03223
0.874611
0.464758
0.524092
0.670671
0.525925
0.564968
1.76303
1.42591
0.750576
0.369039
0.319803
1.6685
0.922906
0.96541
1.16411
2.82258
0.778426
0.722963
0.348888
1.01946
0.892127
0.630366
0.999212
0.295677
0.846734
0.479783
1.08095
0.399458
0.980195
1.08831
1.75424
0.487513
0.860021
0.993285
1.60768
0.755866
1.00279
1.34432
0.913078
1.2317
1.12938
0.962553
1.70508
0.271446
0.467357
0.950478
1.11861
0.986307
0.745798
0.957629
0.339354
0.291296
0.738458
0.405188
0.634253
0.999498
0.603226
0.515113
0.517119
1.73868
0.75172
1.71139
2.36664
0.344502
1.02141
0.322406
1.93596
0.867099
1.65127
0.308459
0.0977246
0.0855078
0.7902
0.525507
1.21775
0.530097
0.658457
0.540642
0.422523
0.320619
1.06669
1.52619
0.473993
0.757831
0.648678
0.981505
1.69914
1.9191
1.03346
0.828416
0.962313
0.421344
0.690504
2.38022
0.819224
0.43471
0.960419
0.883381
0.25736
0.296726
1.14592
0.649277
0.565554
1.76456
0.814697
0.694352
0.48994
0.549447
1.09402
1.22724
0.634181
0.116849
0.13918
0.919676
0.503421
0.352802
0.395666
0.732036
0.466904
1.32437
1.97348
0.560979
0.368255
0.85239
1.7561
2.451
1.07018
2.56563
0.396543
0.788764
0.612374
0.859488
0.791483
0.894398
3.73494
0.578024
0.278192
0.702968
0.426794
0.344676
1.23649
0.839932
0.781473
0.887467
0.336301
0.53015
0.702007
0.914093
0.845973
2.07353
0.411711
1.09918
0.556426
1.14971
0.636533
0.596161
0.513199
1.03208
0.588174
2.15677
0.318451
1.49744
1.00289
0.119649
3.84876
0.726836
1.67231
0.383945
0.821255
0.830773
0.744897
0.470932
1.14883
0.749074
0.51109
0.889032
0.446065
1.6522
0.828408
1.67812
0.756372
0.794643
0.922322
0.484608
0.748941
0.36248
0.806605
1.16268
1.49689
1.63401
1.44846
0.43742
0.664497
1.62199
0.819146
3.49182
0.784083
0.412815
1.47344
0.590437
0.911151
0.625642
0.545459
0.650282
0.555045
0.853182
0.742261
0.814528
0.356438
0.261424
1.1186
1.1142
0.941244
0.335453
0.300689
0.394994
2.86984
0.534575
1.33501
0.653666
0.626907
0.164395
1.94727
0.241703
0.744039
0.357967
1.01474
1.61031
0.713987
0.329215
0.391608
0.712837
0.269316
0.384919
0.450494
0.471035
0.644219
0.671562
0.403467
0.821998
1.74769
4.50354
0.838216
0.76906
1.27813
1.36061
0.161362
0.480432
0.845489
0.967499
0.69137
0.699903
0.733588
0.317984
0.681337
1.46023
1.45828
0.978657
0.466001
2.57562
1.93675
0.287829
1.91599
0.55358
0.908376
0.447605
0.552346
0.20295
2.19121
0.71293
0.868052
0.316996
4.26284
1.68376
1.72348
0.807452
0.543619
0.756792
0.380516
0.720709
0.925817
1.10984
0.683248
0.999285
0.375189
0.17896
1.16413
0.894523
0.842806
0.422349
0.984178
1.784
0.175512
0.527207
0.890713
1.2086
0.813191
0.892953
1.1771
1.27817
1.10383
0.274975
0.743969
2.48838
0.392995
0.710742
0.712088
0.448259
0.493408
0.596701
0.914311
0.477585
0.777529
0.409476
0.476379
1.01173
1.1905
1.32052
0.443001
0.793824
0.598026
0.827254
0.72272
0.501421
0.610494
1.45991
0.117415
0.66615
0.930381
0.551682
0.522409
1.1759
0.230467
0.606883
0.632424
0.532046
0.299113
0.649647
0.175171
0.40897
0.470807
0.725902
0.804046
0.562721
1.09416
0.573061
1.35407
0.830295
0.503947
0.73521
0.949022
0.454528
1.2127
0.614414
1.08147
1.35334
2.00733
1.23967
2.45674
0.823011
0.658199
0.849372
0.498739
1.07916
0.385543
0.374549
0.355991
0.300904
1.3083
0.290082
3.55628
0.529843
0.98783
0.8765
1.03348
0.604406
0.58455
0.616578
1.00999
1.21231
0.1705
0.923456
0.247729
0.952137
0.616864
1.62456
1.13771
0.904572
1.70587
0.643759
2.14091
0.417765
1.11029
0.739883
1.00725
0.72842
0.179987
1.11571
0.662422
0.140256
3.98133
0.617804
0.741446
0.647426
0.50106
0.538791
0.454031
0.823564
1.04851
0.993868
0.25297
0.713823
0.583705
1.27823
1.70028
0.769112
1.37428
1.34706
0.450684
0.399047
0.659887
0.65298
0.741519
0.697987
1.5206
1.03909
3.06943
0.548406
0.654959
0.313326
0.525189
0.653391
0.529844
0.433417
0.738101
0.497761
1.05539
0.511194
0.552637
1.03621
0.428236
0.967598
0.309594
0.835586
0.871503
1.60599
0.282798
1.61136
2.10831
1.66772
1.08754
0.724083
1.30765
0.452631
2.74343
0.449849
0.957137
0.738759
0.532445
3.71018
1.16237
1.37283
0.355273
0.542264
1.70162
0.498004
0.818663
0.987079
0.420011
0.201889
0.670169
0.647829
0.699868
0.637581
2.00917
0.472953
0.555955
0.816371
1.72038
0.28987
0.673288
2.29648
0.632809
0.698949
0.37393
0.207987
0.73281
0.367121
1.6911
0.715582
0.970731
2.08738
0.417306
1.80924
0.926711
0.789171
0.627032
0.810454
0.904639
0.867011
0.276852
0.92117
0.493071
0.655363
0.589834
0.203481
0.770391
0.576488
0.104206
0.741507
0.838682
0.612471
0.665551
1.23979
1.04861
0.906654
0.682774
0.763158
0.604781
0.768666
2.01431
0.661815
0.23899
0.448947
0.62299
0.610751
0.578996
1.11393
1.2226
0.826999
0.30453
0.545163
0.612583
0.807969
1.99189
1.14266
0.255848
0.838767
0.896513
0.212181
0.551298
1.18894
0.452552
1.18752
2.68038
0.933741
0.509285
0.910695
0.442315
0.631478
2.81899
0.310767
0.499767
0.562151
0.541287
0.438052
1.4649
0.684871
1.36954
0.492532
0.88138
0.151275
0.541662
0.321033
0.261106
0.447659
0.883635
3.31504
0.677137
0.983037
0.906578
0.730298
0.987107
0.837638
0.983885
0.624481
0.912662
0.86689
0.413401
0.30003
1.16258
0.340829
0.0953531
1.11054
1.61781
0.662668
0.390762
0.947826
0.563745
0.379287
1.41536
1.5507
0.682345
0.71849
0.98583
0.425009
0.903086
0.627912
0.980909
0.727663
1.14549
1.52248
2.33654
1.0865
0.592529
0.418022
1.12381
0.990831
1.00571
1.16599
0.955276
0.325655
0.472261
0.711485
0.575319
0.85642
0.80566
1.07948
1.86827
0.773427
0.677976
1.65135
1.33366
0.379362
1.47338
1.11917
0.701382
0.992926
0.39027
0.86783
0.815015
0.612804
1.00745
0.345209
1.62669
0.554406
0.321816
0.620997
0.724434
1.59267
1.05235
1.49387
1.0836
1.19006
1.30263
0.34492
1.80349
1.11654
0.639531
1.24799
2.55799
1.22593
4.56385
0.7299
0.502758
0.168136
0.891802
2.02848
0.224901
0.694695
0.459155
0.288625
0.756657
0.721788
0.50688
0.768851
0.405377
0.686084
0.612094
1.12506
1.09755
0.198848
0.870941
0.746389
0.718678
0.769916
2.46215
0.755787
0.943576
0.396433
0.475877
1.39674
0.939879
4.39664
0.194051
0.905153
0.8171
0.859331
0.742203
1.07249
0.688493
0.675571
1.1723
0.405506
1.10235
0.750934
3.40496
1.00808
0.941877
0.908248
0.345487
0.291746
0.542406
1.02775
0.181812
0.687159
0.401188
0.881302
0.109348
0.512481
0.703767
0.923338
0.390772
0.659414
0.613748
0.131489
0.662065
0.195514
0.481124
1.43474
0.43003
0.405534
0.613854
1.07441
1.11909
0.609065
0.264275
0.500117
0.457506
0.311188
0.222534
0.704749
2.99301
2.0908
0.402682
1.05249
0.336941
0.806218
1.03065
0.865888
0.9087
0.120363
1.65035
0.460566
0.657142
0.364138
0.532336
0.738523
0.701219
0.69071
0.437142
4.42394
0.783487
3.73501
0.415367
0.577927
0.439234
0.581338
0.475922
0.610555
0.416948
0.737144
0.914571
0.452656
0.829925
0.478304
0.339195
0.835485
0.377273
2.58862
1.68944
1.17298
0.603608
0.611463
0.881705
0.731096
0.36228
0.51419
0.27711
0.426141
0.45701
0.959501
0.295288
1.34453
0.162954
1.43753
0.880788
1.40121
0.690807
2.97715
0.297499
0.628409
1.93963
0.755086
0.632523
1.09077
0.647256
0.464403
0.138086
2.94708
1.82021
2.26742
1.50968
0.490576
1.56904
0.829407
0.876139
0.589578
1.1744
2.26025
1.75963
0.72802
1.38856
0.478213
0.784628
1.87689
0.397019
0.760416
0.804686
1.14103
3.31799
0.346003
0.527677
0.975642
3.90222
0.0690362
0.744128
1.14745
0.443869
1.00791
3.56969
1.21524
1.48265
2.48108
0.608475
0.697553
0.694299
4.21676
0.653634
0.612927
0.448793
0.768229
1.88089
0.625758
1.20294
0.8366
0.59664
1.7943
1.58215
0.897779
0.879491
0.73029
0.583936
0.476627
1.61404
1.21395
0.557644
0.809744
0.670719
1.37877
0.626389
0.204653
0.287978
0.301625
1.45291
0.214513
0.463567
0.94504
0.487497
0.879941
2.1544
1.03295
0.584131
0.401567
1.0268
0.616694
2.05195
0.23034
0.859212
1.3543
0.850373
0.64385
0.887789
2.49844
0.767764
0.395163
0.598134
1.36366
0.784291
0.986558
1.8878
0.488126
0.381822
0.136367
0.502949
0.815074
0.586072
0.510314
0.32166
0.971229
0.691303
0.363492
0.347675
0.633825
0.813539
0.512462
0.577567
3.73296
0.586814
0.637569
1.38835
0.722746
1.5811
4.58369
0.422001
0.285114
2.78347
1.24132
0.82074
0.626736
0.194844
1.57337
0.971485
0.913096
1.24641
0.492573
0.346181
0.629668
0.848531
0.932652
0.387913
0.99804
0.73972
1.02205
0.54022
0.488931
0.6539
0.931231
0.788479
1.01437
1.62646
1.1079
0.177135
0.78658
0.971491
0.393712
0.187217
0.85357
0.929448
1.07442
0.460028
1.02458
0.703007
1.99049
0.425758
0.754768
0.491274
1.2037
0.760937
0.187945
0.762884
0.889763
0.36845
0.840195
0.612456
0.197892
0.450973
2.17
2.74791
0.169028
0.546965
0.345747
0.26718
0.642429
0.561018
2.27077
0.430121
0.688869
1.85925
0.783318
1.02025
0.291296
0.742399
0.651692
0.400676
0.780918
0.970764
1.10879
1.16726
0.829506
0.157131
0.823036
1.73187
0.598349
0.4777
0.566111
0.871057
0.729806
0.150363
1.63153
0.662076
1.96797
0.958016
1.18135
0.543554
0.176351
0.435042
0.856219
0.336083
0.590989
0.713851
0.565116
0.391241
0.812599
0.62259
2.91536
1.50245
0.44864
0.249851
0.650717
3.51807
1.69388
0.865537
0.860199
0.344458
0.509329
0.854378
0.66869
1.13087
0.487984
0.609313
0.555523
0.921589
0.525434
0.371368
1.03787
0.503398
0.88814
1.27519
0.294603
1.33724
1.0196
0.195394
0.36728
1.2584
0.713589
0.997703
0.70028
0.553036
0.796338
0.404769
0.713333
1.06485
0.702228
0.258961
0.227409
0.839601
0.270913
0.922186
0.565559
0.482497
1.60611
0.762796
3.53602
0.534668
0.609274
0.865105
1.11709
0.275254
0.964133
0.85597
0.793215
0.734142
0.641605
0.187235
0.571202
1.54582
0.943711
0.677409
1.20951
1.75325
0.944977
0.515616
0.705865
0.836108
0.585979
0.733785
0.68993
0.576647
3.66722
0.736434
0.502171
0.700488
0.72923
1.06585
0.691262
0.704244
1.48819
1.03171
0.388274
0.340219
0.396704
1.04096
2.14864
0.895405
1.55695
0.512189
1.42274
0.689314
0.8722
1.8456
0.539155
0.297686
0.82563
0.517397
0.241161
0.336947
0.231636
0.382805
0.758407
0.702174
0.867042
0.755252
1.11582
0.804464
0.464657
0.630083
0.441325
0.478937
0.843514
0.443531
0.626623
0.941038
0.557607
0.407089
0.854343
0.441651
3.33328
0.568166
1.08012
0.517337
0.505906
0.413438
0.484998
0.352045
0.214795
2.23682
0.411871
0.412259
1.35951
0.506201
0.693419
0.91248
0.343929
0.133539
0.474158
3.55233
0.572286
0.730266
1.58882
2.17813
0.359111
0.671374
0.614286
0.799272
3.75474
0.873667
0.810684
0.700127
0.485841
0.556222
1.09458
1.20495
0.465057
0.408894
0.782293
0.424311
0.534176
0.906562
0.216016
0.991415
0.503483
1.14154
0.653316
0.886791
0.605901
0.305353
0.821436
0.74911
2.9284
0.36246
0.399342
0.328966
0.106051
0.854826
0.615964
0.562887
2.69333
0.433626
0.311562
0.802945
1.53288
1.2739
0.889828
0.550856
0.443729
0.643435
0.416314
0.613165
0.687612
0.19218
0.650089
1.26815
0.78879
1.03132
0.795718
0.623098
0.407596
0.277309
1.45376
0.655647
0.536828
0.334268
0.586859
0.635035
0.446696
0.875857
0.995872
0.755792
1.03437
0.79366
0.553159
0.37131
0.527097
1.02953
0.378224
1.26615
0.851722
1.21024
1.19616
0.784301
0.900095
0.324102
0.905272
1.04144
0.726644
0.676996
0.597603
0.313937
0.707196
0.331415
0.527666
0.448283
3.26294
0.605924
0.384643
1.01631
0.784052
0.179661
1.13776
1.52554
0.289254
0.943666
1.26974
0.163124
0.861088
0.366619
0.299192
0.560546
0.565158
0.826084
0.665982
0.447214
1.64133
3.53557
0.450198
1.30539
0.378007
0.705385
0.562816
0.669187
0.682501
0.299979
0.469627
1.2112
0.546926
0.734626
0.472917
1.22247
0.55185
0.651294
0.407635
0.631712
1.08465
0.858298
0.912038
0.947525
0.581923
0.0618992
0.462909
0.755421
0.636217
1.59986
0.550134
0.63074
0.825275
0.854693
1.175
1.5281
0.338701
0.525512
0.593524
0.715451
0.955385
1.38625
0.584621
0.669238
0.6852
1.03979
0.826113
0.9368
0.535011
0.860609
0.24178
0.828725
0.753256
1.13517
0.788904
0.587228
1.15248
1.10679
0.424963
4.29085
0.836047
1.85922
0.972391
0.671508
0.476546
0.275335
0.377067
2.41088
1.42879
1.4128
1.10819
0.708608
1.2306
0.222676
0.563583
2.30049
0.518691
1.18432
0.642471
0.675888
1.88242
2.24579
0.917985
1.66628
4.02665
0.292719
1.03313
0.785775
1.04266
1.60364
0.655532
0.838536
0.395899
0.950498
0.668913
0.852087
0.430271
0.567205
1.3625
2.37947
0.973041
0.86711
0.650736
1.13365
0.98585
0.53385
1.08113
0.970721
0.32192
0.314896
0.815136
0.582653
0.878205
0.819262
2.33232
0.673319
1.02749
1.28126
0.650856
0.709928
0.252274
0.732482
0.592209
0.582396
1.37136
0.735522
0.962435
0.316049
0.693391
1.14733
0.430694
1.97446
0.862386
0.733564
0.672988
1.72641
0.738144
0.602979
2.04747
0.748644
0.911489
1.05775
1.23201
0.660439
3.90001
1.5061
0.33556
0.906884
0.410243
2.0901
0.892967
0.387201
0.471971
0.857875
1.79911
2.22684
0.28653
0.399653
0.998648
2.71145
0.467036
0.720356
1.4154
0.986104
0.320565
1.21104
2.83212
0.427298
0.404907
0.695273
0.255667
0.945756
1.97545
1.01048
0.620096
0.589606
0.398726
0.208148
1.44819
1.07293
0.465069
0.650628
0.740226
0.473897
0.831196
0.994234
2.46259
2.60281
0.663746
1.07301
3.72783
1.40892
2.24965
0.350568
0.501739
0.600101
0.240764
0.711273
0.428185
0.979821
1.00369
0.617567
0.813833
0.181417
0.769965
0.784495
0.597583
2.97894
0.30409
3.2342
1.62217
0.842364
0.744998
0.87735
0.538741
0.611483
0.81959
0.683875
1.17106
0.530642
1.88481
0.808093
0.97163
0.435465
0.647673
0.982367
0.563271
0.477604
0.712386
2.00045
1.52808
0.619939
0.16635
0.538735
0.446021
1.56364
0.66119
1.15121
0.683863
0.44309
1.07267
0.666216
0.731771
0.350725
0.575664
0.571572
0.683128
0.376767
0.530029
1.02158
0.705539
0.562217
0.336642
0.541381
2.30804
0.367207
1.00702
1.06487
3.51788
3.73942
0.71937
0.391849
0.954017
0.557344
0.7648
0.507029
0.703289
2.01544
0.362443
0.936329
0.466073
0.905437
0.504678
1.64172
0.99973
1.20752
2.17625
0.524668
1.00586
0.274821
0.460804
1.55555
1.55739
0.649637
0.890065
0.667793
0.727675
0.457386
1.53217
0.729131
0.492545
1.03936
0.624703
0.224603
1.05968
0.488916
0.507702
2.59016
0.77641
0.751661
0.843594
0.881924
0.383559
0.482118
1.03953
0.178265
0.703787
0.797721
0.763545
0.748277
0.692997
0.98491
1.09498
3.6557
1.75841
0.721061
0.644374
0.640454
0.280524
1.25737
0.85291
0.542876
0.761678
0.295601
0.273237
0.55426
3.1639
0.357539
0.476062
2.1671
0.376496
1.04718
0.806137
2.0894
2.10327
0.374773
0.702362
0.816228
0.349729
1.45871
0.446619
0.239333
0.618466
0.281471
0.732496
0.768831
0.306429
0.420867
1.06707
1.41563
2.35527
2.86986
2.00037
1.91221
0.776019
1.68953
0.863844
0.414441
1.42147
0.647455
1.17678
0.849207
1.82384
1.02569
0.31831
2.88914
0.935779
0.639025
0.831494
2.62708
0.595778
0.7644
1.4397
0.741152
2.41751
0.918311
0.826002
0.836508
0.766001
0.552463
0.207348
0.655311
0.80799
0.26582
0.39129
0.559599
0.295736
0.696418
0.403172
0.451108
1.44336
0.666273
0.435076
0.722124
1.35949
1.89947
1.41828
1.14862
1.64381
0.843599
1.18014
0.781361
0.725649
0.486376
0.558471
0.850898
0.475936
1.02988
0.783361
0.622979
0.488278
0.554228
1.16964
1.03603
0.365772
0.304518
0.750764
0.299207
1.66139
0.424392
0.547323
1.01075
0.587902
2.35149
1.0544
0.768839
0.328529
0.418861
0.336216
0.330468
0.81545
0.549009
0.424428
0.293678
2.06987
0.6297
0.672645
0.219376
0.359408
0.771793
0.455065
0.512105
0.664501
0.882554
0.73308
1.2578
0.901143
0.857325
0.134772
0.90294
0.776593
1.187
2.92907
3.80337
0.784959
0.405334
0.212767
0.406987
1.58474
1.25306
2.09007
0.663854
1.43147
0.391761
0.914265
0.462505
1.57936
0.546359
1.03011
1.00508
0.5323
0.814118
0.354413
0.519602
0.506072
2.45522
0.144897
0.90789
0.282919
0.638959
1.19982
0.922428
1.11084
1.17796
0.994462
0.942153
0.276274
1.1046
1.20164
0.298187
0.861118
0.836812
2.45995
0.396045
0.523187
1.1969
2.20046
0.353664
0.179168
0.818956
0.887308
0.49439
1.53892
1.82497
0.471424
0.307724
0.676402
0.835124
0.354921
1.64676
1.46422
0.490717
1.0543
0.476865
0.675017
0.837721
0.202624
0.515511
0.755692
4.26319
1.15358
0.617811
1.16628
0.0822823
1.13451
0.46712
0.307719
0.331247
0.336475
0.591527
0.372929
0.46736
0.953092
0.700761
0.415177
0.461818
1.68319
0.68902
0.833419
1.54445
1.36311
0.254527
0.324682
0.371697
0.302888
1.68972
0.366206
0.327963
0.616687
0.888746
0.644471
0.711658
0.701034
0.524774
0.864212
0.459505
0.355467
1.05937
0.866107
0.695329
4.40068
0.221156
1.13569
1.611
1.6948
0.596927
1.28214
0.327972
0.670418
1.05145
1.48496
1.08082
1.2638
0.885218
0.416512
0.31902
0.524058
0.503459
0.830183
1.56827
0.920304
1.71545
0.988153
0.34335
0.337991
1.18721
0.695086
1.13873
1.07006
0.178748
0.84579
0.375399
0.66668
0.697322
0.343444
0.617571
0.573021
0.458566
0.931896
0.687257
0.768269
1.70965
0.891221
1.09315
2.5984
0.587441
1.6901
3.19506
0.954017
0.77238
0.734194
0.700129
0.867823
1.74922
0.600107
0.934068
1.08874
0.702886
0.454704
0.187025
0.320961
0.658235
1.20019
2.37103
0.412478
1.54027
1.2039
0.496459
1.28711
1.25535
0.836901
0.488213
0.813429
0.291886
0.626679
0.984409
4.27866
0.441469
0.382973
2.85655
0.656292
0.512857
2.99676
0.308716
1.15635
0.16858
2.66308
0.791372
0.634348
0.611868
0.452876
0.669886
1.10953
0.226962
0.403928
1.93025
0.934169
0.569988
0.640788
0.31459
1.28662
1.02942
1.1845
0.068663
2.47889
1.16783
0.688374
0.574928
1.04979
1.2204
0.401664
0.723978
0.81101
1.11145
0.474385
1.01
2.64395
0.730741
0.70878
3.10886
0.21451
0.886809
2.38772
0.506566
0.32343
0.617383
1.38621
0.594556
1.3892
0.843859
0.506247
0.928256
0.351644
0.707167
1.4174
0.443983
0.819731
0.26494
0.47737
0.340719
0.302507
1.73292
2.62427
0.779373
0.799235
0.515702
0.615649
0.323523
0.366419
0.409417
0.740941
1.789
0.597072
0.904545
0.538047
0.840063
0.815701
0.591348
1.01586
0.512384
0.464615
1.00071
0.800573
0.79038
0.894516
0.441106
0.604402
0.923159
0.533135
0.691817
2.45515
2.29358
2.78146
0.639418
2.19091
1.97358
0.342264
0.873114
1.28295
0.848997
0.392162
1.7904
0.480938
0.309471
0.66532
0.288136
0.843895
0.746037
0.645119
1.95531
1.70944
0.61955
0.699733
0.59516
0.403427
0.311459
1.22329
0.805382
0.842068
0.597993
0.334151
1.05398
0.726641
0.817256
0.377784
0.303838
1.178
0.757577
0.94482
0.348646
0.780671
0.27738
0.543663
0.827308
0.593472
0.491361
0.715118
0.350983
1.33624
4.5247
1.04809
2.49505
0.411203
1.47725
0.257117
0.974372
0.405017
1.52582
1.02161
0.753528
0.363805
0.811751
2.31994
1.13643
0.923174
0.822023
1.74476
1.13736
0.687086
0.495757
0.973539
0.650821
0.597066
0.630746
0.624173
0.647654
0.657613
0.569471
0.40032
2.7511
0.741173
0.514116
1.34611
0.118806
0.480837
0.66157
1.01091
0.588573
1.02906
0.484739
1.17004
0.547871
0.661434
1.62015
1.22155
0.487918
0.385083
0.653493
0.387206
0.186404
0.635609
0.379018
0.652943
0.33186
0.429041
0.973392
1.10485
0.571595
0.295098
0.258625
1.07845
0.585833
0.484818
1.68918
0.320998
0.891627
0.320655
2.04558
0.958909
1.06228
3.97514
0.41003
0.264552
0.92998
0.315495
0.922905
1.3035
0.732461
0.393863
0.543001
1.65326
1.04301
0.430159
2.62401
1.13742
2.24773
0.604971
0.310327
0.190332
0.808453
0.739445
2.97446
0.607021
0.780877
0.861977
1.11558
0.697355
1.01083
0.791489
0.3549
1.00298
0.527959
0.177771
0.344271
0.816532
0.978246
0.485515
1.49841
0.964324
0.30535
1.32862
0.747267
0.320911
0.491636
0.331797
0.145518
0.222109
0.335905
1.16977
0.952241
1.52472
0.814236
0.28407
0.128583
0.719561
0.921415
0.62342
0.618582
0.212865
0.558165
0.253553
0.190328
2.81387
3.11185
1.06706
0.358461
1.16974
0.37183
0.67295
0.478421
0.77389
0.640801
1.546
0.603024
0.300298
0.621005
3.09303
0.511435
0.162714
0.12546
0.513743
0.636879
0.349202
0.368922
1.73056
1.59086
2.9906
0.696643
0.762653
0.611407
0.278809
0.830542
0.945521
2.10754
1.39396
0.828193
1.07363
0.8899
0.254002
0.52027
0.454108
1.04482
0.822982
0.59767
1.36713
1.49541
0.165126
0.808345
0.427266
1.30225
4.66566
2.62143
1.03845
0.182816
1.54457
1.55788
0.340839
0.419021
0.389259
0.665449
0.871197
0.884465
0.660508
0.578767
0.17926
0.718722
0.68054
0.142827
0.717576
0.551023
0.688593
1.35339
0.561342
0.252514
0.84763
0.174007
0.720647
0.704549
0.205693
0.562285
0.92456
1.10689
1.54953
1.19873
3.31333
1.90516
1.43004
0.521713
1.11557
0.665008
0.542784
2.63635
1.08955
1.04245
1.088
0.70058
1.207
0.316297
1.02078
1.05883
0.268849
0.948469
0.614528
0.24599
0.483073
0.66245
0.618706
0.578147
0.409851
0.893494
0.128963
0.719532
1.21557
0.418924
0.642621
1.15036
0.870849
0.722137
0.316925
1.57397
2.48403
0.70048
0.601174
0.697967
1.02497
0.453877
0.2658
1.13121
0.470182
0.7976
1.14474
0.538685
0.948996
0.36331
1.39758
0.416711
0.92059
0.404181
0.568744
0.218985
0.573023
0.863996
0.664358
0.672396
0.703697
1.05637
0.341382
3.18098
1.07517
0.322618
0.301924
2.58637
0.536532
0.764311
0.535232
0.125002
1.15374
0.57781
0.342491
0.406371
0.77707
1.08416
0.561053
0.582178
0.253719
0.639795
0.64798
0.331772
0.190473
0.416424
1.24712
0.965669
1.31873
1.25506
0.564865
0.174403
1.0992
0.610287
0.275323
0.590373
0.896797
0.505129
1.31193
0.583439
1.01757
0.416356
0.498485
0.788675
0.519841
0.246302
1.06984
0.769806
0.734304
1.11588
0.623687
0.632011
0.471697
0.66491
0.577133
0.621321
0.200963
0.203542
0.622416
0.864781
0.397825
0.912016
0.622476
0.3615
2.13581
1.58371
0.783251
0.918327
0.705336
0.626367
1.39849
0.180869
0.116075
1.71974
0.647808
0.580667
0.584441
0.655186
0.527186
0.969721
0.593285
0.447561
1.98905
3.5699
2.96995
1.04832
1.34374
0.994397
0.792661
0.463282
0.961534
1.48367
1.02299
0.668608
0.965338
0.791413
2.31601
0.84479
1.06591
0.484475
0.973928
0.39943
0.833184
0.304903
0.71418
1.4222
1.19491
0.942422
0.780449
1.08783
0.504081
0.789304
0.334242
0.488146
0.385029
0.777254
1.22366
0.597154
2.59716
1.24145
0.592485
0.664076
0.775236
2.16651
2.64604
1.26567
0.895962
0.693474
0.991984
0.599894
0.777286
0.759758
3.64592
0.89955
0.258972
0.295024
0.610997
1.04666
1.45766
1.27488
0.936946
0.93059
0.676621
0.64089
0.638297
0.834768
0.758347
0.978948
0.676065
0.238759
1.23845
0.681856
0.637238
0.738078
1.97119
0.576116
0.668296
1.782
0.465001
0.729296
0.5373
1.03695
0.997545
0.313257
1.32415
0.285829
1.102
0.487423
0.511694
1.02411
0.430393
0.717837
0.250721
0.49657
0.274879
0.314196
0.652838
0.630303
0.702085
2.22751
0.871331
0.510787
0.78209
0.306371
1.46537
0.713532
0.408634
1.39989
0.587543
1.08897
0.78096
0.404208
0.50742
1.50657
1.00379
0.326026
1.99879
0.366131
2.88345
0.78364
0.677851
0.8186
1.74912
0.976433
0.7288
1.92493
1.51838
0.369019
1.68754
0.532792
3.46618
0.944738
0.522497
0.653281
0.33162
1.79995
0.768436
0.405951
0.606635
0.790666
0.545794
0.531653
0.542944
0.97084
0.656365
0.523075
1.28541
0.857599
1.01695
0.176505
0.923168
0.833978
1.2552
1.02956
1.15615
0.719583
1.9794
0.848199
1.68233
1.38848
1.5475
1.00216
0.244269
1.33248
1.18024
0.849308
0.445734
0.554514
0.722096
1.07872
0.837601
0.686069
0.945914
0.720714
0.570996
2.76409
0.487347
0.477491
1.26039
0.836357
2.26286
1.19281
1.58227
0.408853
3.49589
0.795348
0.56456
0.294432
0.282484
1.10875
1.22168
0.651057
0.651093
0.441236
0.779004
1.30453
0.683309
1.45176
0.452332
0.758957
0.358935
0.679872
0.655992
0.41719
1.23699
0.588771
1.85911
1.02746
0.580957
0.209695
0.391349
3.37498
1.59564
4.215
0.708585
0.367544
0.713968
0.708
0.559697
0.870628
0.757389
1.10536
0.765668
0.62703
0.65395
0.520888
0.675727
0.409789
0.59637
0.703247
1.19585
0.601355
0.268703
0.552329
0.319213
0.379068
0.499955
0.869387
4.82186
0.593595
1.617
0.842123
1.70093
1.08238
1.69642
0.762579
0.72038
0.992889
0.4596
0.589349
4.8986
1.49469
0.0611491
1.2036
0.794286
0.32606
2.03431
0.8245
0.696944
0.635634
0.431764
0.922563
0.395504
0.471265
0.701552
0.743568
2.59973
2.69203
0.674597
0.54569
0.408738
1.10501
0.397099
0.893844
0.769167
0.585589
0.998183
0.954121
0.250721
0.871974
0.52973
1.00487
0.844242
1.02505
1.19239
0.68467
1.14567
0.965189
5.06227
2.18844
0.692781
1.51248
0.706015
0.878425
0.29046
0.972271
0.388875
0.275485
2.10827
1.05329
0.617924
0.538262
0.23153
0.459764
0.999496
1.07945
0.200912
0.389399
0.619606
0.548442
2.03084
0.631801
0.511502
3.71369
0.764104
0.302506
1.45085
1.59935
1.27837
1.19154
1.22869
0.905732
0.13867
0.822888
1.52892
0.951862
0.706652
0.954295
1.25012
0.32942
1.58536
0.581504
0.702051
1.92239
0.216844
0.379118
0.438498
1.03505
0.299478
0.879815
1.56661
0.840251
0.602099
0.602633
0.731511
0.360075
1.17788
0.266117
0.62525
0.676204
0.164759
0.736832
0.753903
0.5517
0.656829
0.473688
0.699761
0.526135
0.397115
1.13221
0.951868
0.591486
0.608931
0.82017
0.607073
1.5495
1.8985
0.802941
0.681909
1.19877
0.396273
0.811476
0.659451
1.15665
2.50328
0.974512
0.613612
0.727857
1.99864
0.957737
1.32956
4.77234
1.28717
0.475175
0.41304
1.34676
0.777107
0.960077
1.40091
0.40603
0.519503
0.333052
0.599355
0.651808
0.763949
0.174344
0.504302
0.652302
1.70517
1.10838
0.955712
1.00557
1.12251
0.567913
0.547136
0.564422
0.36569
0.738558
0.314732
0.466957
0.390553
0.309522
0.399746
2.65209
2.21891
0.399717
0.460987
0.553377
4.1018
0.976752
0.845765
0.460181
1.12705
0.805693
0.831871
0.667562
1.04522
0.29136
0.760094
0.331314
0.667403
0.604169
0.565806
0.384486
0.825498
2.34595
2.23357
1.01078
0.780977
0.887887
0.358817
4.13011
1.00792
1.78554
0.170283
1.63876
0.576156
0.867786
0.298677
1.10524
0.571876
1.24005
0.736152
0.896085
2.3981
0.578167
1.08347
0.746914
0.593765
3.92593
2.56212
1.01789
0.838633
0.62626
0.568915
0.670396
0.762806
0.629015
0.738151
0.89508
0.420574
0.618161
0.541158
2.07468
0.448645
1.14522
0.347576
0.728511
0.819088
2.12485
1.25662
0.840441
0.510313
0.835084
0.549471
0.680102
0.345634
0.937301
1.48077
0.563128
0.857611
3.29115
0.635667
0.75502
0.706785
1.04934
1.72457
0.38459
1.03205
0.94458
2.41394
2.07772
0.324432
0.134794
2.31842
0.718366
0.950073
1.17084
0.776619
0.115334
0.196854
0.302084
0.680964
3.76558
1.14059
0.337692
0.833319
0.989865
1.97072
0.449096
0.741611
0.8111
1.0449
0.257183
0.448357
0.555404
0.87783
0.466046
0.466844
0.502039
0.98618
0.378111
1.35547
0.665406
1.20483
0.621878
2.48665
0.801865
0.769801
0.508872
0.951127
0.767015
1.13374
0.616135
0.742246
0.244215
1.1219
0.568729
0.632172
0.590782
1.56699
0.827
0.770331
0.617936
0.655802
0.813447
0.431208
0.902318
0.720838
0.410135
1.13326
0.724223
0.973388
1.68403
0.412035
0.873342
1.22035
0.899544
0.661187
0.88321
0.536957
1.00721
1.23758
0.451602
0.540036
1.87264
0.518785
1.03567
1.01777
0.896362
3.255
0.977554
0.580275
1.67859
0.641822
1.25632
1.10079
0.78976
2.99552
1.17914
0.709688
0.317182
2.00387
1.6971
0.441861
0.851417
4.29685
0.83927
0.400502
0.397205
0.677394
1.4142
1.49233
1.10018
0.863566
0.453916
0.636753
0.613511
0.426141
0.60272
0.187059
0.266647
0.835747
0.293884
0.248702
0.307938
0.470256
2.39978
0.638638
2.26226
0.324278
0.661431
0.539084
0.539636
0.630142
1.18285
0.713737
2.68883
1.03533
1.1869
0.232244
0.398371
1.19801
0.306822
0.60867
0.387375
0.197709
1.39296
3.36973
0.719461
1.04934
0.692697
0.583048
0.608251
0.983425
0.340722
0.467959
0.16939
0.461817
0.44003
0.529995
1.73184
0.530456
0.449897
1.1291
0.526943
0.560667
0.583634
0.278491
0.263527
1.01837
0.0875039
0.359567
0.582108
0.93029
0.409027
0.900479
0.193361
0.837912
0.605523
0.477186
0.680381
0.200782
0.499467
1.09772
0.682021
1.59692
0.366007
0.585077
0.516268
1.8582
0.56792
0.656322
0.490261
2.06446
0.854162
0.864008
0.681153
0.818586
1.49929
0.66947
0.907657
0.279172
0.993825
0.482261
0.68133
1.24937
0.427234
0.584661
0.387418
0.267916
2.18342
1.25317
0.880041
3.2067
2.01605
1.84238
0.490798
0.600057
1.25813
1.64288
1.03298
1.26323
0.341511
2.71628
0.772987
1.33073
0.475521
0.617174
0.715612
2.30005
1.6577
0.147709
0.863115
0.468525
0.458427
0.478066
1.267
0.418642
1.29878
1.63975
0.653509
0.205377
2.51746
1.28749
0.293206
0.758826
0.904074
0.311262
1.32882
0.550955
0.986225
1.04829
1.6157
0.898899
0.722804
0.267536
1.10624
0.524764
0.316686
0.948333
0.874789
0.842467
0.645599
0.71068
0.756384
0.474021
3.44844
3.33061
0.871949
1.30633
0.636445
1.0057
0.466057
0.843527
0.743534
1.23195
1.2034
1.44778
0.845463
0.303939
0.147498
0.650927
0.606735
4.25768
1.07639
0.540721
0.426716
2.63971
0.611128
0.712744
2.2994
0.773011
0.725416
0.942554
0.618323
0.463471
0.895602
1.03229
0.40186
1.07592
0.905705
1.74523
0.904208
0.308985
1.29551
0.782947
1.08522
0.597233
0.732144
0.420348
1.05348
0.773346
0.934823
0.899218
1.0524
0.379155
0.519645
1.59374
0.429203
0.616074
0.923084
0.494274
0.996278
0.485696
1.14839
2.16287
0.22272
4.01226
0.855716
1.22758
0.737963
1.67077
0.360613
0.819145
0.665339
0.802067
0.97531
2.24602
0.309144
0.811283
0.389825
0.576892
1.62291
0.543511
0.264513
1.24966
0.982522
0.937128
0.256082
0.492704
0.572747
1.13777
0.267987
0.412272
0.637964
2.41359
0.926576
0.326795
0.319054
0.497322
1.80555
0.632864
0.70071
0.576326
0.343417
1.5193
1.03156
0.46817
0.711597
1.97829
1.45557
0.878342
0.815338
1.08256
0.239439
1.78143
0.476492
1.36555
0.701552
0.504527
0.480982
0.619075
0.558526
0.270116
1.42271
0.85254
0.254061
0.737019
0.866375
0.595542
0.374534
0.427508
0.717896
0.423199
0.368903
1.66967
1.1103
0.968745
2.10642
0.354197
1.11155
1.001
1.37182
0.698044
0.474815
0.714353
1.27828
0.341605
0.672498
2.78162
0.67565
0.697747
0.224153
0.939468
0.353492
0.778598
0.931156
0.599138
0.471097
1.48792
0.186301
0.428567
2.97154
0.37331
0.564177
1.72055
0.703251
0.875434
0.979976
0.715929
0.35504
0.395791
0.683099
0.801567
1.30197
0.86317
0.766627
0.752216
0.138508
0.449829
1.17018
0.928157
2.236
0.761119
0.542089
0.767526
1.13182
0.573663
0.437293
0.6282
0.657776
0.306527
0.230188
0.738046
0.373767
1.83183
0.491936
0.880787
0.193222
2.09722
1.45001
0.85651
0.416229
0.669093
0.11048
0.579957
0.559338
0.592037
0.407544
0.921506
0.304436
1.6663
1.1172
0.561395
0.761738
0.352808
0.827864
0.423746
0.422478
0.219531
2.8213
0.296494
0.479282
0.671229
0.571889
1.11948
1.26479
0.902842
0.904151
0.462275
1.35406
2.00983
0.538887
0.287027
0.887655
0.385903
0.667326
2.01232
0.602227
0.597178
1.71165
0.672334
0.613915
0.179476
0.837666
0.706305
0.331479
0.162079
0.85785
1.40004
1.0939
0.653091
1.01529
0.366199
0.781161
0.803096
0.706655
1.51613
0.607621
0.502159
0.716979
0.290114
0.52517
0.669905
0.924946
0.427606
0.937805
0.365999
0.742003
0.336532
0.786748
0.616374
0.731804
0.696854
0.639579
0.243487
0.330347
0.723833
0.911865
1.45529
0.881811
0.841149
1.32109
0.991707
0.660309
0.746919
0.463236
1.13445
3.15767
0.608614
0.316926
0.340332
0.932319
0.671076
2.76151
0.50774
0.833525
0.612175
0.17807
0.562095
0.808358
0.898183
2.39404
0.944162
0.646997
0.357977
1.73102
0.744136
3.87082
0.197125
0.623448
1.87104
0.509483
1.13571
1.17025
1.00579
1.80604
1.37318
0.480226
1.11917
0.964885
1.14736
1.00168
0.638135
0.93008
0.587568
0.489439
0.76487
0.68058
0.807561
0.853778
0.786515
0.209057
1.02638
0.673946
0.64329
0.865382
1.43422
1.05719
2.46318
0.727835
0.382566
1.39495
0.678589
1.02628
0.254054
0.301488
1.74904
2.31694
1.22575
0.550584
2.35597
0.688647
0.778786
0.639417
0.501597
0.138721
0.626597
1.00391
0.604275
0.336415
1.04719
0.753312
0.931964
2.54217
4.81408
0.933166
1.15141
1.8827
0.832425
0.685516
0.502094
1.00342
0.597348
1.44441
0.902465
0.514783
4.00152
0.38189
1.14315
1.52487
1.54752
0.926005
0.87011
0.335597
0.984995
0.360587
0.533306
0.611454
0.768341
1.63613
1.51702
0.171398
0.822823
0.695295
0.356708
0.582255
0.360827
1.39742
0.641828
1.34969
0.725343
1.57476
1.75193
0.909282
0.585404
1.14803
0.83046
0.815324
0.830081
1.47374
0.595255
1.10416
1.1621
2.18468
0.725722
0.863819
1.28348
0.884824
0.409495
0.494636
0.103871
1.78718
0.398088
1.16866
0.550435
0.805843
1.90851
0.410992
2.05521
0.380987
1.11199
0.874223
0.953934
1.42146
1.00182
1.988
1.45421
0.363512
2.00094
1.26428
1.72502
0.472246
0.536535
0.342989
0.845171
1.02113
0.822449
0.812557
1.0576
1.37261
0.756332
0.187465
0.75889
1.80136
0.853055
0.495439
0.601261
0.703769
0.786553
2.16538
1.39303
0.819588
0.411715
0.829802
1.32021
0.442693
0.849975
0.789158
0.325518
0.340477
3.7714
0.949236
0.759107
0.323082
1.13208
1.74068
0.489603
1.51204
1.51817
0.782887
0.219598
1.31927
0.477034
1.10377
0.60536
0.331333
2.0134
0.781954
0.422889
0.937665
0.936208
2.31983
0.940482
0.386336
1.63597
0.541261
0.575448
1.67386
0.796834
0.259232
0.579357
0.685711
0.269797
1.05245
2.4767
0.905451
1.05379
1.10184
0.788288
0.46114
0.496038
1.05958
1.36186
0.537486
0.481967
0.796974
0.521444
1.9033
0.43808
0.215264
0.560735
0.54886
0.838764
0.231342
1.31709
0.625205
1.68969
0.441049
0.739107
0.997915
0.716472
1.16008
0.574513
0.805225
0.710761
0.539121
0.488098
1.35501
0.490979
0.48316
0.712457
1.88986
0.670323
0.569404
1.40298
1.13039
0.809085
0.429352
1.20435
0.766104
0.622198
2.28811
0.536223
0.414925
2.01635
0.508206
0.748555
0.437158
0.804005
0.494811
1.34265
0.478359
0.934038
1.7188
0.395825
1.09037
0.396953
0.659334
1.09671
2.04027
0.191367
0.55428
1.53657
0.118925
1.36487
0.56781
0.755563
1.02442
1.02072
0.596347
0.923245
3.39957
0.673725
0.352996
0.657723
1.17559
0.859339
1.62227
0.995218
1.11758
0.364681
0.624012
0.952196
0.447844
0.636804
0.621891
0.934226
0.351876
0.270093
1.04664
1.13684
1.52422
0.474929
0.468191
0.956229
1.07599
1.03881
0.428523
0.57978
0.281941
0.889227
1.3499
0.504956
0.423453
2.2248
1.14813
1.81157
0.72222
0.330503
0.624671
0.341813
1.94109
0.715186
1.49222
0.178239
0.294472
0.846637
2.12914
0.957018
1.30939
0.610587
0.585308
0.76862
1.00903
0.574562
0.839917
0.807879
0.276891
0.453677
0.931119
0.678569
1.15823
0.41339
1.72054
0.575614
0.9165
0.825377
1.06762
0.748299
2.07848
1.80224
0.832349
0.593376
0.238501
1.05444
0.508115
0.472603
0.679713
0.862442
0.511838
1.68965
0.693812
0.329296
1.32303
0.293058
1.90184
0.570045
0.662737
0.862377
0.750387
1.77091
0.442162
0.951507
1.17736
0.748632
0.436856
1.1144
0.473431
0.370421
0.833185
0.596958
1.11737
0.80572
0.671032
1.19369
1.17806
2.5453
0.625869
0.555677
0.354118
0.260723
0.221029
0.795345
0.512574
0.583027
1.01785
0.665164
0.668996
0.649007
1.73525
0.873773
1.05326
1.25786
0.848055
3.75872
1.0491
0.848784
0.635696
0.464145
0.432094
0.917096
0.886319
2.08411
0.782181
0.662253
0.895703
1.23888
1.38796
1.12559
0.550246
0.350006
0.810828
0.611683
0.183109
0.560979
0.727098
0.731037
1.18908
0.711311
0.460416
0.582022
0.838005
0.246136
0.88202
1.36432
0.514756
1.04398
0.68292
0.899717
1.46609
0.816478
0.173283
0.87043
0.632885
1.24865
0.520641
2.81642
0.899946
1.27235
1.3043
0.168343
1.40737
0.376439
1.72136
0.352873
0.74986
0.53888
1.13407
1.1699
1.43608
0.806122
1.05997
0.412491
0.717334
0.0849679
0.699986
0.9204
0.392794
0.769146
0.831611
0.835053
0.88703
1.26095
1.01127
0.375544
0.440723
0.759271
1.54201
0.677486
1.31752
0.665385
0.405724
0.510794
1.58095
1.20395
0.747556
1.45339
0.813197
0.899493
0.265432
0.814013
0.147132
0.594753
0.183477
0.774336
1.09182
0.167139
1.06641
0.470813
0.581539
0.419923
2.07959
0.289106
0.494604
0.928418
0.439866
0.475496
0.639105
1.07576
0.72092
0.832623
0.544857
0.706785
0.294624
0.639758
0.230421
1.75911
0.670507
1.71836
0.580733
0.333716
2.73628
0.875415
1.95162
0.349914
1.0784
1.35422
1.04583
1.33522
1.7908
0.216152
0.884867
0.297215
0.845013
1.12395
0.189106
0.209817
0.6694
1.68436
0.662426
0.437309
0.618824
0.551125
0.361569
2.32022
0.827149
0.934499
0.568859
0.515787
0.801462
1.8857
0.305051
0.393013
1.53389
2.32433
1.39911
0.275399
0.439537
1.00186
0.692435
1.23821
0.450507
3.28097
0.788365
0.193203
0.955329
0.343595
0.2624
0.288394
0.280897
2.1967
0.891782
3.21671
0.79042
0.541876
0.925178
1.59537
0.613094
0.930627
1.63666
1.75708
0.717048
0.649816
0.74361
0.8781
0.729042
0.506369
0.465728
1.25465
0.323006
0.416858
1.76873
0.807164
0.344709
0.782642
1.88976
0.116545
0.457739
0.334633
1.49604
2.92646
0.642693
1.11761
0.699749
1.09489
0.486619
0.599312
0.99052
1.21646
0.408815
0.520485
1.20481
0.533194
1.06854
1.00211
1.0153
1.06769
0.311617
0.450656
5.00787
0.478779
0.82963
0.893142
0.433229
1.21514
0.591515
1.31661
1.00507
2.35423
0.760301
0.857513
0.625065
0.940457
0.817194
0.863992
1.23895
0.727507
0.842831
0.944592
0.736752
0.33034
0.67918
0.79344
0.823673
1.54007
0.883301
0.298486
0.55705
1.25227
0.591617
0.434774
0.679807
1.50455
0.60278
0.27244
1.08046
0.668568
0.877504
0.417198
0.683858
0.538191
0.622903
0.669812
0.940386
1.31064
2.19006
0.780815
1.14964
0.822092
0.23095
1.35638
0.475575
1.82453
1.13554
2.9373
0.990497
0.432227
0.644235
2.87087
0.342052
1.30472
3.04587
0.381234
0.560078
0.730774
1.35011
0.677646
0.352678
0.491999
0.941517
1.33842
0.529307
0.35743
1.00572
2.85277
1.82012
1.067
0.762138
0.910561
0.603669
0.691615
0.330084
0.413056
0.697387
0.607884
0.592418
0.641877
2.77799
0.574098
0.301879
0.893061
0.753341
0.617874
0.514427
0.301023
0.579382
0.749745
0.454915
0.728168
0.722127
0.427982
0.17148
0.663352
0.265972
0.532146
0.52577
1.03641
1.51489
0.560116
0.963895
2.79337
1.54174
1.34173
0.998128
0.519289
0.583751
2.34983
0.465366
0.376812
0.380255
0.650321
0.703107
1.58835
2.99004
0.888495
0.596904
0.685633
0.499377
0.779211
0.582725
0.50156
2.15165
0.392837
0.532721
1.04084
0.130386
0.432941
0.572622
1.30114
0.416944
0.462684
0.638304
1.08223
1.95493
0.118477
0.777287
0.711892
1.13347
0.400964
0.669652
0.98988
0.624275
1.34144
0.935602
0.79311
0.647496
0.643361
1.10556
1.22453
0.958547
0.356709
0.809251
1.25047
0.410849
1.03185
0.585009
0.688452
0.556393
0.761839
0.574961
0.703281
1.35376
0.405539
0.822249
0.228471
0.869166
2.90423
0.755909
1.4571
0.265213
0.780138
0.635961
3.20996
0.50452
1.89234
0.407776
1.5469
0.702719
1.43962
0.376492
1.24796
0.479074
0.902481
1.0318
0.16347
0.801073
0.585868
0.322469
0.204794
0.143784
1.43663
0.690444
0.639785
0.480395
0.370714
0.463961
0.629574
0.467822
0.257671
1.05348
1.00148
0.56345
4.66396
1.33468
0.99868
1.14988
0.782454
0.817553
0.535865
0.376074
0.790503
3.25854
0.629844
1.06258
0.786409
0.820863
0.299878
0.376676
0.377768
1.13771
0.833631
1.06813
0.524913
1.30485
0.450616
1.42733
1.18421
0.202783
1.62
0.841781
0.625241
0.799838
0.189063
1.22683
0.682983
0.697237
0.457888
1.26928
0.536251
1.2744
0.679747
0.827915
0.464272
3.61179
0.875811
0.482175
0.793668
0.683813
0.755547
0.459987
0.629216
0.547638
1.10724
0.765736
0.407653
0.834571
0.582009
0.539437
0.368224
0.512936
0.864057
0.700245
1.13928
0.622322
1.10786
0.360083
0.684061
2.83438
0.531956
0.600234
0.44898
1.69685
0.83505
0.989219
0.581721
0.628452
0.743002
1.63285
0.416221
0.5533
0.843009
0.672393
1.40726
0.492748
0.838895
0.919734
0.486558
0.767878
0.487388
1.02761
0.806514
0.412034
0.777583
0.562686
1.39328
0.305688
0.881139
0.585851
0.557811
0.228902
3.33749
0.83898
0.774804
0.835843
0.908673
0.699121
0.0463085
0.692832
0.66838
0.706259
0.958336
0.387849
0.798162
0.746437
0.733024
0.288737
1.29677
0.626836
0.478827
3.12513
1.01636
0.820878
0.315041
0.428875
0.469562
0.660227
1.07205
0.218194
3.42328
1.29846
0.938409
0.531831
0.536843
0.505916
0.965637
0.744614
0.618021
0.544708
0.251917
1.42024
2.95567
0.708049
0.969843
1.0656
0.343908
0.785598
0.65483
3.09933
0.889791
0.822142
0.683519
1.07327
0.38457
0.695925
0.541405
0.365997
0.793362
1.65565
2.68274
0.77666
1.91688
0.905992
0.365415
0.229844
0.727497
0.821026
0.818277
0.378742
0.465211
0.282717
2.21635
2.09507
0.657068
0.783353
0.147006
0.590279
1.89899
1.08951
0.315851
1.85457
1.38942
0.739271
0.935456
0.257423
0.759032
0.63034
0.286187
3.83985
0.748295
3.26763
0.509136
0.608221
0.796399
0.93359
1.15743
0.592663
0.190168
0.748096
0.463026
1.13294
0.378126
0.664188
0.436276
0.931548
0.499891
0.491606
0.656425
0.69703
0.854567
0.474915
0.984967
0.936936
1.20452
0.945819
0.628973
0.868381
0.480701
0.23773
1.79285
0.615103
0.837079
0.821706
0.956244
0.73047
2.53421
1.33453
1.38907
0.460398
1.40775
1.17554
0.600087
3.99575
3.42532
1.7525
0.592953
0.932727
0.492252
0.620321
0.404221
0.686678
0.0991646
0.570304
0.498803
1.4862
0.763719
0.637943
0.432998
1.33441
0.370806
0.331248
0.329886
1.66313
0.864994
0.728317
0.647934
0.302776
0.109749
0.974414
3.33271
0.714876
0.854259
0.883648
0.356867
0.215136
1.11995
0.548459
0.687001
1.15328
0.41593
1.14743
0.774462
1.21009
0.651504
0.433518
0.95274
0.748717
1.14119
0.752332
0.587546
0.346617
1.24428
0.765784
1.40023
0.977541
0.812973
1.98986
0.723863
0.611463
0.591483
0.87355
0.634232
1.32298
1.77432
0.343431
0.923821
1.08123
0.603261
0.680889
0.233582
0.778938
0.97792
0.827652
0.343698
0.866593
2.13021
0.705825
0.132245
0.894469
0.560617
3.22696
0.941044
1.00342
0.365383
0.407659
1.58877
0.352208
0.564496
0.419828
1.44668
1.22754
0.595649
1.5452
0.572838
0.361716
0.42736
1.41341
0.697031
2.17643
0.903821
3.0606
0.955748
0.459971
3.52078
0.654617
0.439147
0.372175
1.02879
0.640226
0.595292
3.79886
0.78793
1.3696
0.833887
1.3618
0.679657
0.532216
0.398094
1.0737
0.258603
0.677143
0.556376
1.39394
0.991987
0.378001
0.358764
0.572265
0.534654
1.19049
2.46965
0.583043
0.797949
1.11869
1.29495
2.76747
0.82628
2.62294
0.685173
0.864633
0.113002
0.895232
0.833631
0.439183
0.339334
0.542613
3.57064
0.505805
1.02133
0.874436
1.42785
1.20442
1.18213
0.843413
0.591182
0.565139
0.281224
0.311485
0.190965
4.69759
1.0419
0.574438
0.983234
0.437147
1.67484
0.619252
1.08681
0.504684
0.830583
0.325696
0.591129
1.52386
0.969544
0.839123
0.950578
0.746715
0.882655
0.227665
1.28445
0.705022
1.00935
1.21238
1.39271
0.439556
1.26556
0.597988
0.685378
1.53857
0.533155
0.809124
0.780998
0.999013
0.65097
0.718652
0.917381
0.6128
1.22801
0.911741
0.979689
0.947396
0.551623
0.532714
0.593552
1.00688
1.23207
0.726266
1.3331
0.588681
1.65686
1.46192
0.328648
0.632415
0.994641
2.14194
0.778353
0.937579
0.29485
0.85255
1.46611
0.925708
0.645897
1.13378
1.01489
0.623813
0.279712
0.866567
0.752695
0.742418
2.88983
0.767137
1.02677
3.34639
1.83868
0.908612
2.71062
1.50895
0.129671
1.02227
1.15721
0.674478
0.490787
2.10256
0.947574
2.617
0.336453
2.88332
0.225468
2.63937
0.927088
1.66105
0.592132
1.0935
0.964521
0.580518
0.963706
0.572448
0.953067
0.789244
2.00741
1.09963
1.36969
0.494706
0.606227
1.43101
0.404951
0.462324
0.503751
0.848201
3.66525
0.647368
0.819398
0.683744
0.454909
0.373981
0.338127
0.607567
1.0589
0.88066
0.980656
0.425369
0.718008
0.763991
0.469502
1.25392
0.331139
0.144737
0.342157
0.929903
0.107537
0.269728
1.33354
0.449293
1.89917
0.788441
0.760595
1.57065
3.21748
1.62988
0.375174
0.434401
0.229485
0.459646
0.299304
0.264244
1.43356
0.715821
1.04936
4.14452
1.02244
1.14629
0.612072
0.579628
1.79054
1.48829
0.490414
0.536454
0.764592
0.586709
1.53752
0.29443
1.08937
1.12333
1.33645
0.684644
2.69555
1.41745
0.711308
0.62015
0.512991
0.697437
0.710161
0.347565
1.08708
0.37157
0.88562
0.167658
1.11005
2.42379
1.15008
1.67006
0.357073
0.668139
0.949846
0.739912
0.387849
0.503361
0.243719
0.828031
0.643052
1.1011
0.823471
0.449156
1.41426
1.4904
1.52785
0.662661
0.938218
0.53088
0.790483
1.12352
2.37294
1.69509
0.636554
1.23489
0.935528
0.712187
0.672566
0.436208
0.43994
0.750585
0.985063
2.65305
0.498382
0.863869
0.638229
0.582741
0.769875
1.66536
4.68408
2.69507
2.08807
0.692135
1.48267
0.543017
0.474461
0.614131
1.62691
3.34902
0.513841
1.10916
0.771564
0.377094
1.54286
0.566249
0.431477
1.00604
0.191013
0.88977
2.00609
1.20394
0.705716
0.433864
0.777409
0.668872
0.963628
0.49487
0.276824
0.404015
2.89986
0.446908
0.397088
1.13693
0.879198
2.60392
0.366085
0.780045
0.716636
0.729472
0.140733
0.623423
1.11394
0.459962
1.16014
1.93616
0.767985
0.226227
1.19664
4.10692
0.341797
0.699302
0.983549
0.780083
1.21479
0.666425
0.745739
0.932215
1.20224
0.710093
0.737989
0.453033
0.685232
0.823962
0.526903
0.739722
0.427461
1.10993
0.0776289
1.83372
0.483228
0.545427
0.58743
0.325427
0.987809
2.40606
0.6447
0.445462
0.311371
1.26959
1.03007
1.19021
0.548304
2.09624
0.223536
0.651569
0.350596
0.863766
0.920442
0.754322
1.40791
0.439224
0.573197
1.07157
1.9859
1.12261
0.687927
0.709239
0.441657
0.644384
0.790917
0.686404
0.705439
1.10866
0.190437
0.74456
1.13147
1.49778
0.153896
0.273806
0.370137
2.03039
0.586101
0.311826
1.71633
1.57616
1.0927
1.49247
0.692586
0.491917
0.167446
2.50853
1.38403
0.730975
0.192664
0.854538
0.341382
0.335558
0.402581
0.337045
0.393212
1.61984
0.976285
1.02843
0.345237
0.542177
0.646544
1.01928
0.853483
0.420967
0.210799
1.33726
0.403027
4.86279
0.52987
1.03195
0.345694
1.5242
0.923366
0.381719
1.04741
0.627369
0.494235
0.877603
0.520102
0.454806
0.196999
0.960461
0.405663
0.169145
3.16056
0.444515
0.301801
0.464634
0.447901
1.33587
0.665504
0.987603
0.26081
1.34416
0.647162
0.536944
0.276451
1.04307
0.386664
1.22928
0.862657
0.743335
1.0283
0.915075
0.789518
1.04543
0.683622
1.01212
0.831589
0.676185
0.26376
1.05299
0.607856
0.879476
1.02951
0.455088
0.738137
0.896911
0.291953
1.68245
1.29502
1.39264
0.59308
0.351522
1.25943
0.889839
0.634371
1.00928
1.39717
0.18226
0.217231
0.861384
0.510255
0.278457
0.75195
0.11447
0.895892
0.92631
0.438671
1.43195
0.874167
0.722818
0.405899
0.626768
0.776101
0.811313
0.506428
2.11373
0.702273
0.624252
0.773637
1.38131
0.314136
0.34119
1.35139
0.585766
0.581781
0.265691
1.69153
0.278468
0.535028
2.45554
1.03249
0.346575
0.635276
1.14971
0.925555
0.711462
1.47917
0.859156
1.1444
1.1071
0.285123
0.69331
0.675506
0.36402
3.98739
0.713818
0.853626
0.969642
0.516479
0.956002
1.42457
0.708496
1.2918
0.624037
2.21749
0.763503
0.71759
0.892518
0.909741
1.17899
0.479379
1.28152
0.269299
0.43423
0.940707
0.450573
0.943236
0.173641
0.826777
0.885115
0.93272
1.8672
0.513121
0.855398
0.224446
0.681779
0.433983
0.460572
0.941969
0.868683
0.602326
0.60839
1.97832
0.192886
0.742824
3.32332
1.01179
0.468075
0.669344
0.316196
0.732581
0.965363
1.43218
0.463408
0.656566
0.567612
0.54722
0.465895
0.864388
0.665906
0.40393
0.663064
1.81402
0.613643
1.02763
1.54696
0.611076
1.46899
0.448783
1.18027
0.5945
0.248573
1.28999
1.11108
0.711773
1.50814
0.650556
0.634911
1.02075
1.194
0.492574
0.685187
0.27898
0.227378
0.86979
1.79842
0.934605
0.345446
0.248685
0.77848
0.236934
0.875136
0.718589
1.15047
0.714874
1.31036
0.729945
0.514848
0.820574
0.731659
0.749368
0.179917
0.157923
0.601986
1.63597
1.1579
2.60418
0.850536
1.28565
0.848113
0.403031
2.82511
0.570247
0.345716
0.789716
0.917916
0.239744
0.81996
0.905228
1.64955
1.2659
1.79566
0.744101
0.315709
0.933001
0.99978
0.506523
0.78407
0.735673
1.52645
0.541281
0.685445
2.85206
0.316565
0.564021
0.803319
0.302982
0.829155
0.789042
0.848894
2.36467
0.988132
0.981343
0.688758
1.01372
0.506821
0.569697
0.926484
0.881301
0.375913
0.90858
0.615576
0.959169
1.38606
0.797776
0.525049
0.51696
1.34606
0.658678
1.79931
0.472097
0.557861
0.659413
0.997935
0.737267
1.71156
0.688811
0.445793
0.68925
1.54965
0.443038
0.6488
1.00616
0.605128
1.0031
0.228215
0.147806
0.564601
0.560112
0.454156
0.941273
1.27069
1.05819
0.779221
1.06383
0.543605
0.28506
1.274
0.793746
1.61868
1.50368
0.60732
0.925306
1.02989
1.44197
1.23762
2.33865
0.43839
0.354984
0.471975
1.19823
0.974475
1.31974
1.1488
0.964199
0.609455
0.773286
0.893862
0.349361
0.395988
0.503543
1.3822
0.807248
4.65815
0.610215
1.13061
0.584409
0.430128
0.409244
3.70271
1.36744
2.62238
0.579226
0.499804
0.81548
1.13237
0.622622
0.518102
0.906961
0.535288
0.464778
0.73004
1.61583
0.926448
0.463645
0.901363
0.649293
2.06809
0.284713
0.982679
1.43335
0.494685
0.334956
1.74613
0.371625
0.411374
0.364277
0.8688
0.549028
0.655501
0.598764
0.31143
1.91974
0.383489
1.92614
0.945522
2.37673
0.706059
1.35963
2.67374
0.888302
0.389913
0.444331
2.14839
0.610419
1.27587
0.867207
0.666964
3.05703
0.66047
0.692649
0.129606
0.76777
0.564398
0.448669
0.788081
0.447689
2.85807
1.23188
0.737101
0.34367
0.634235
0.420116
0.653017
0.599254
2.10664
0.611097
0.390692
0.912386
0.946546
1.09738
0.237506
1.02342
1.51046
0.873815
0.208571
0.720749
1.05424
0.769881
0.226776
1.46247
0.712744
1.01227
0.336828
1.08911
0.189549
0.469623
2.15665
0.567878
2.19197
1.06688
0.511556
1.35685
0.362156
1.20868
0.824358
1.45207
0.412616
1.63985
0.558184
0.628057
0.602374
0.574846
1.35527
0.425394
1.18912
2.0515
0.787847
0.121671
0.314683
0.691562
0.808012
1.01763
0.915486
0.726412
1.13682
0.498148
0.743609
0.697339
0.640087
1.42819
0.656922
2.40021
0.457422
0.95594
1.00395
0.897416
0.631413
0.479368
0.845009
1.96329
0.62652
0.629244
0.582168
1.9053
0.636915
0.0593822
0.938013
0.948285
1.09422
0.20275
0.398192
0.263493
1.63442
0.529995
0.668588
0.28541
0.976447
0.847111
1.49368
1.03727
2.77328
1.19374
0.695857
1.73311
2.48879
0.955331
0.714451
0.28854
1.23346
1.16818
1.91202
2.54353
1.5448
1.06743
0.649002
0.730397
0.605821
0.794288
0.835225
0.757718
1.21711
0.767785
1.0513
0.570612
1.7317
0.704412
0.362595
0.510991
0.507615
0.805972
0.832069
0.762294
0.538422
0.530686
0.524115
0.994164
1.26437
1.59832
0.683885
0.310925
0.862662
0.434533
1.17667
0.442796
0.280992
1.27789
1.09221
1.14557
0.792817
1.10074
0.563672
0.874657
0.230546
0.440557
1.97934
1.06811
1.29677
1.12394
0.101398
1.26881
0.63692
3.01251
1.11663
1.85134
0.923943
1.69349
0.502421
1.43583
0.555343
3.75281
0.552242
1.51741
0.345516
0.714408
0.384539
1.93773
1.01604
0.374955
0.473481
0.600893
2.86747
1.29611
0.650247
1.50293
2.01039
1.16665
1.63994
0.493832
0.708456
0.338648
0.938442
0.583661
0.411872
0.713429
0.737833
0.796138
0.792232
1.33072
0.694687
0.955226
0.37313
1.738
0.188417
0.400899
2.04146
0.565363
0.43062
1.01522
1.28138
1.06666
0.403714
1.44306
0.585123
1.60301
2.33425
0.896175
2.21176
1.32612
0.828384
0.479723
2.9404
1.81407
2.44065
0.389836
1.88246
3.37012
0.548294
0.889907
0.57611
0.530901
0.701852
1.17055
0.548758
4.02135
0.703526
0.222759
2.03406
0.688836
0.736536
0.578193
0.414806
1.40814
0.760031
0.845194
0.801023
1.60662
0.56842
0.398815
1.17418
2.03596
0.405283
1.13784
0.964247
0.373265
1.41409
0.86064
0.650989
1.70489
0.251149
0.572341
1.12086
0.467515
1.00355
0.755592
1.44891
1.3487
0.887068
0.465227
0.081981
0.804295
0.991414
0.483904
1.14268
1.3059
0.324617
1.26352
1.21105
0.435534
1.56965
0.11724
2.30555
0.857041
0.753214
0.952724
1.28948
0.360678
2.59464
1.26817
1.02517
0.376251
3.13321
0.654703
0.676168
0.875249
0.579041
0.749253
0.40925
0.631874
0.722146
0.952529
1.03382
4.09611
1.14195
0.947893
0.989054
0.810146
0.452397
0.303796
0.840128
0.507709
0.745588
3.17104
0.621282
0.479239
0.666318
0.322229
0.516594
1.37783
0.742043
1.71671
0.773432
0.872741
0.660966
4.9515
0.97315
0.802306
1.33649
0.767406
0.821902
0.162608
0.397863
3.72959
0.920079
0.379522
0.837483
1.64443
0.431306
0.650682
0.546581
0.319375
0.808494
1.18249
0.651126
0.386852
1.53255
0.872511
0.681341
0.392669
1.06211
0.548081
0.796853
1.71852
1.02143
0.507147
1.70026
0.417152
0.580834
0.836433
0.878943
0.160769
2.07727
0.284316
0.713182
0.641097
0.722404
0.68565
0.391128
0.913694
0.736691
2.82844
2.86767
0.250407
1.44178
1.6472
0.899434
1.01856
0.690299
0.50578
0.951199
0.405588
0.951051
1.03364
1.72912
1.15468
0.817296
0.798524
1.02596
0.319762
0.222501
0.875278
0.9151
1.41716
0.198782
1.50992
0.727474
1.13098
0.607623
0.9745
0.386858
0.64215
2.23974
0.614043
0.827426
0.758401
2.19775
0.452325
1.00392
0.601733
0.438814
1.01451
1.69007
0.144702
1.10396
0.842507
0.571893
3.38718
0.959029
3.74226
0.439412
0.524866
0.645964
0.632199
2.63699
0.353798
1.96709
0.833715
0.704182
0.75129
1.57809
0.724859
1.84766
0.485953
2.44997
1.27597
0.257867
0.697498
2.2126
2.85031
0.486164
0.395139
0.427361
0.603072
1.06562
0.648504
0.529635
0.374598
0.960919
0.889741
0.328547
0.317283
0.78891
1.60042
1.75019
1.15083
0.861913
1.56906
0.394544
0.376378
0.692281
1.31467
0.791352
0.364727
0.873674
3.02885
0.495481
0.383865
0.656837
1.01803
1.4203
0.555834
0.628062
0.700238
2.57815
0.470521
0.595568
1.76151
2.42128
0.898002
0.875561
1.07364
1.56862
0.592463
0.735725
0.581284
1.31724
0.647175
1.96737
0.844885
0.46485
1.25019
0.877025
0.68116
0.851654
0.602962
0.516524
0.874848
2.08528
0.752596
1.75739
0.56789
0.570718
0.845394
2.51969
0.854092
0.386753
1.03586
1.9717
0.490207
0.231329
1.07946
0.703047
0.6027
0.685963
0.7529
0.912042
0.912324
0.545536
0.357744
0.57576
0.636307
0.553983
1.06496
0.678105
1.06183
1.10997
0.744302
1.39205
0.502456
1.88022
0.579114
0.137353
0.713925
0.763426
0.999955
0.562561
1.34368
1.73869
0.217484
0.565336
0.567542
0.699895
2.40887
0.488614
0.715325
0.932198
0.664245
0.760864
0.605452
0.517554
0.220687
0.221657
1.12176
0.568096
0.826048
0.230167
0.80207
0.651107
0.936357
0.94977
0.814858
0.661371
1.16087
0.801935
0.755719
0.603101
1.80354
0.521702
0.479885
2.23851
0.933754
0.822962
1.20495
0.834886
0.785698
0.884191
1.15294
0.475924
3.46904
1.22646
0.842051
0.592319
0.33435
0.504665
0.41624
2.84387
3.0858
0.507009
0.819303
0.617041
0.571358
0.531099
0.407046
0.426861
2.56525
0.544537
1.07411
0.704619
0.525495
1.93149
1.46423
0.716658
0.37755
0.636622
1.61348
1.79031
0.450632
0.832184
0.661835
0.485091
0.52305
1.04771
0.331658
0.315641
0.348135
0.815017
2.10437
2.41725
1.79176
0.583061
1.01986
2.51547
0.957078
0.578909
0.910724
0.647736
1.13326
0.292348
0.439289
0.338649
0.569041
0.247565
0.649597
0.437044
0.777255
0.625687
0.958213
0.547214
0.695269
1.04542
0.399733
1.24383
0.78123
0.759307
0.699861
3.68379
0.788527
0.941756
0.842149
1.65411
0.498287
0.308357
1.26806
0.664341
1.30994
1.0704
1.11355
0.271626
1.59481
1.27299
1.28496
0.92462
0.34519
0.603806
0.584382
0.411253
1.40465
0.369283
0.52832
0.266556
0.978681
0.404171
0.641428
0.824471
0.57025
0.74631
0.743875
2.16824
0.689291
2.24393
1.36087
2.12238
0.90543
1.27776
0.761037
1.18879
0.762
0.596154
0.536643
2.71494
1.91902
0.478833
2.55809
0.352716
0.303034
0.466265
0.584363
0.350671
0.672693
0.431763
0.300837
0.627198
0.236006
0.0263477
0.664213
0.480063
0.525082
1.30463
0.95206
0.608679
0.937182
1.48007
1.00814
0.562321
0.836634
0.694618
1.47766
1.21886
0.98328
0.341121
0.587018
0.718622
0.914897
4.50574
1.18459
0.422305
1.08148
0.601517
0.167436
0.761683
0.494501
0.85166
1.2237
0.855607
0.935948
1.18744
0.764516
0.414287
0.54284
1.15295
0.871602
1.1941
0.695908
0.826621
0.693796
0.80668
0.668097
1.14277
0.724196
0.626641
0.60823
0.351772
0.562697
0.841939
2.22437
0.83563
1.18014
0.751329
1.05554
0.729701
0.703248
1.46571
2.25173
0.454811
0.788539
0.628549
0.149335
0.636018
0.612633
0.760532
0.892866
0.65824
1.61345
3.40366
0.786275
1.72121
1.88395
0.495724
0.673776
1.0843
0.460349
0.587937
0.763006
0.882698
0.953106
0.48088
0.295412
0.988149
1.12417
0.724071
0.83698
0.906955
1.08433
0.609025
1.38087
0.546623
0.654299
0.84903
0.48172
0.720287
0.392224
0.811025
1.38163
4.62308
0.883173
2.23917
0.728256
0.812396
0.619952
0.342576
1.9355
1.30536
0.277432
1.3202
0.542687
0.893703
0.565457
0.417278
1.1952
0.752572
0.586996
0.488884
0.667499
0.261841
1.68783
0.353162
0.573584
0.370337
0.313033
0.755574
0.370983
0.483701
0.796644
0.509339
1.77898
0.637423
0.66811
1.28297
0.764953
0.0599834
0.736373
0.235968
1.14078
0.556457
0.944985
0.468995
0.622005
0.877278
1.13428
0.89248
1.72107
0.386127
1.08925
1.09217
2.52489
0.472801
1.14971
0.532004
0.491422
0.674339
1.79788
0.882819
0.753608
0.804072
0.598779
0.596491
0.761001
1.42554
0.827862
0.386609
0.521775
0.519579
0.380605
0.643614
0.316043
0.575181
0.578578
2.51669
0.807278
1.4797
0.362674
0.105599
3.01371
0.817225
0.647751
1.02439
0.572393
0.93473
0.78625
0.593324
1.39859
0.383986
2.69921
0.884252
1.15462
0.3225
0.674353
0.395933
0.556158
0.700143
0.31287
2.81464
0.72317
1.34793
0.742319
0.592624
0.213642
0.341382
0.758213
0.63286
0.588031
0.286258
2.23165
1.31506
0.750346
0.449824
1.34692
1.26167
0.663163
0.467255
0.637712
0.914058
1.32891
0.805593
0.676359
1.75614
0.270285
1.64823
0.937764
0.572836
0.37688
0.484483
0.420265
0.439159
1.3201
0.758012
0.341816
0.800413
0.684991
1.53315
0.480588
1.42476
0.796383
0.455439
0.65484
0.582423
0.73571
0.63142
0.891367
0.300935
1.98519
1.50847
0.967356
0.964599
0.918635
0.598417
1.64616
1.54016
0.461215
0.490884
1.41159
0.532797
0.305093
0.692089
0.839295
0.162404
1.21006
0.697556
1.46311
1.96623
0.889855
1.53968
1.03632
0.520062
1.03235
0.630794
0.678158
0.500615
0.296867
0.47379
0.662699
0.669516
1.08608
0.563753
0.491524
0.546235
0.913002
0.678825
0.74465
0.767422
1.21236
0.872931
0.699384
0.583682
1.03434
0.62905
0.460955
0.538336
1.26573
1.00552
3.35718
1.08816
1.0207
0.24917
0.528491
0.650054
0.610382
1.28878
0.585674
0.313177
1.41165
1.70629
0.835991
0.867241
0.717434
1.30945
0.894382
0.647063
0.731005
0.570844
0.743936
1.33803
0.611881
0.607567
0.567951
0.881962
0.685572
0.935835
0.819199
0.665983
0.562715
1.00469
1.2725
0.603049
2.68148
0.582097
0.542393
0.856768
0.429821
0.486002
0.922234
0.852037
0.723915
0.228814
1.62261
0.872559
0.438144
0.556003
0.910424
0.463122
1.25074
0.307883
0.762543
2.15275
2.39503
0.369796
0.470755
0.763981
0.527287
0.398813
0.725106
0.610406
0.769469
1.57757
0.200156
1.2816
1.33639
0.82291
2.70815
0.767706
1.17404
0.648053
1.19253
1.30874
0.610052
2.54094
0.539905
0.512006
0.834071
0.558033
1.08879
1.23093
0.165893
0.691588
0.138204
1.03245
0.621013
0.974513
0.862641
0.691846
1.04407
0.661295
0.840251
0.883412
4.22285
0.424431
0.334934
1.29642
0.808828
1.79372
0.676283
1.12013
0.295909
0.361039
0.754391
0.423917
0.6755
0.305326
0.446953
0.468786
0.459279
1.65226
1.60965
0.579582
0.12805
0.852719
4.06902
0.847484
0.75429
2.69847
1.36586
1.82015
0.623743
2.4382
0.518682
0.732108
0.058171
0.701402
0.922139
0.373817
0.363087
1.47018
0.746482
0.272217
0.846928
1.30565
0.313607
0.913269
0.733073
1.68839
1.24061
0.625565
1.37201
0.903857
0.596552
0.865613
1.2614
0.806077
0.331583
1.1118
0.529336
0.600874
0.913164
0.320179
0.611636
1.21864
0.653976
1.09526
1.15948
0.572253
1.47978
0.46464
0.96212
0.726261
1.4616
0.905038
5.01913
0.781711
0.555512
0.490536
0.682194
2.6973
0.968405
1.50533
0.552531
0.887575
1.32977
0.215585
0.533696
0.586205
0.472681
0.766581
1.49651
0.38394
0.590446
1.00775
0.737587
0.888238
0.322158
0.695963
0.281746
0.464026
0.408682
0.497171
0.61906
0.66829
1.40459
0.795074
0.536571
0.482758
0.207932
2.05977
1.2221
1.37047
1.13313
0.318396
0.970697
0.967723
0.85129
1.1046
0.545407
0.607118
1.38256
0.744488
0.424062
0.977702
0.430858
0.444282
0.49316
0.970871
0.916436
1.5367
0.987272
0.825152
1.49482
0.594295
1.26354
0.671658
1.71097
1.0194
0.786371
0.533544
0.596941
0.884962
0.821033
0.50171
1.17814
0.908762
1.22185
0.491941
0.647992
0.700741
0.826771
1.33619
0.229865
0.459878
0.691107
0.88173
1.50142
0.284489
0.704248
0.633004
0.820155
0.524985
2.51237
0.360946
0.579445
0.319817
0.84646
1.21449
0.820204
0.717503
0.931759
0.333169
0.354334
0.507331
1.15966
0.604316
0.515836
1.02648
0.67893
0.683329
0.515252
0.797501
0.645701
0.99631
0.586887
1.41929
1.49273
0.789221
1.54653
0.394285
0.752573
0.752148
0.512306
0.876423
1.44953
1.32864
1.15632
0.432996
1.34751
1.44608
1.05861
1.09696
0.2545
0.921734
0.639235
1.72409
0.702119
0.710082
0.598494
0.253755
0.883694
1.02518
0.375451
0.249436
0.382989
1.06561
1.85403
0.513021
0.464659
0.501348
0.571665
0.628943
0.353601
0.705245
0.413611
0.733292
0.745561
0.59196
0.555128
0.428819
2.15748
0.45351
0.806762
0.431522
0.698332
1.3571
1.74793
0.72152
0.526592
0.694875
1.21159
0.898077
0.528792
0.828707
1.04549
4.2442
0.866694
0.727885
0.739681
1.5229
0.117097
0.34914
4.14159
0.616579
1.54652
0.896202
0.457651
1.27499
1.07593
0.683591
1.16078
0.922367
0.140436
0.769062
0.514549
0.454812
0.922261
0.781333
0.69616
0.429617
0.69027
1.69346
0.931209
1.0063
1.15019
0.206692
0.642864
2.30526
3.64314
0.485632
2.69982
2.19882
1.9914
0.731776
1.24108
0.360497
1.15936
0.295725
1.47291
0.622018
0.563908
0.527921
0.290621
0.840668
0.84655
0.611364
0.595918
1.40559
1.37793
1.1076
0.565612
0.317132
3.02786
0.431561
0.435044
0.966816
1.62293
1.99805
1.36844
1.05589
0.435581
1.51725
0.998698
0.653059
0.726782
3.10345
1.49603
2.31395
0.753141
0.837599
0.501951
0.85608
0.823282
0.69019
1.01193
0.510703
0.651911
1.01493
2.7056
0.478045
0.394774
0.733719
1.17427
2.34735
1.27855
0.444506
1.52765
1.83762
1.50631
1.56133
0.72515
1.47557
1.90734
1.43116
0.858899
0.754752
0.652528
0.605612
0.699881
0.696976
1.38468
0.376613
0.218371
1.55996
0.801982
0.801791
0.878886
0.479202
0.424251
0.254468
2.63319
0.91529
0.997249
0.645027
0.182142
0.841831
4.58682
0.751202
0.532526
0.73591
3.79148
0.691115
0.285003
1.13863
0.311607
0.44496
0.780492
1.96087
0.673494
0.515428
1.18864
1.11892
2.70639
0.767688
1.58552
0.574599
0.677631
0.982412
0.348991
1.03896
0.690557
0.846745
0.388251
0.718623
0.306134
1.3556
1.02321
0.562548
2.68747
0.857905
0.454785
0.91367
1.13482
1.90021
0.685721
0.421364
0.706351
0.245806
0.393453
0.826738
0.861494
0.507578
0.683627
0.506252
0.954788
1.26447
0.953249
0.579018
1.23258
0.184394
0.775142
1.05698
0.342006
1.16915
1.47121
0.861173
0.738689
0.388664
0.523959
0.939949
1.57911
1.09734
2.86817
0.198783
0.210966
0.682979
0.989548
0.470773
0.560345
1.01148
0.893243
1.33482
1.90765
0.691223
3.15993
0.604351
0.667553
1.15537
1.18612
2.54684
0.621955
0.725726
0.185269
1.08667
0.65154
1.58649
0.929225
1.11826
1.63856
0.789443
0.69328
0.997759
0.693885
1.30424
3.36727
0.391944
1.73339
0.841639
0.905356
0.211874
1.13064
1.96167
0.477095
2.79394
2.24289
0.37219
1.47227
0.974389
0.359971
0.90571
0.706932
1.27986
1.40022
1.0316
0.616055
0.646096
0.754209
0.538917
1.31428
1.00281
0.553355
3.3363
0.428745
0.549136
0.285376
0.215298
1.15395
0.658726
0.765511
1.08915
0.895625
1.31725
0.50642
0.710335
1.40944
1.75627
0.508135
0.790786
0.496584
0.334589
0.32921
0.302992
0.643144
0.486128
0.255651
0.504929
0.238952
0.466285
0.344354
1.0054
3.61767
1.55366
0.506545
1.51564
0.789319
0.413702
0.575792
1.14273
1.18225
0.269931
0.768381
0.622055
0.604351
1.37984
0.77911
0.52293
0.670197
0.852979
1.31245
0.617602
0.579694
0.630657
0.592719
0.5119
0.515202
0.260589
0.769744
0.61518
0.981388
1.09931
1.22223
1.26417
0.511871
2.54537
1.03797
1.62466
0.950396
1.31334
1.93213
0.946631
1.44199
1.00078
0.9539
0.819722
4.22559
0.460037
0.33122
1.08633
0.538322
0.584739
0.0941049
0.400526
2.0486
0.544973
0.854007
0.303764
1.56006
0.764156
0.82286
0.572783
3.46287
0.848092
2.06543
0.436159
0.598891
0.274465
0.70418
1.24668
1.05916
0.364742
0.412922
0.912684
0.395666
0.586571
0.720258
1.05955
0.533321
1.06964
0.895812
0.671592
0.581446
0.91216
0.743322
1.62437
1.23204
0.451033
0.951328
0.305362
1.91536
2.23359
0.849616
1.67967
0.470916
1.66878
0.5123
0.436034
1.80136
1.10685
0.322991
0.409236
0.48609
0.496343
0.58806
0.7578
0.818467
1.12882
0.789439
0.331574
0.521354
2.02586
0.743962
0.10619
0.754772
0.406784
0.386107
0.525486
0.583996
0.653021
0.501667
0.397494
0.568838
0.32804
0.464733
0.761115
1.10115
0.294159
0.796021
1.49916
0.861357
0.737049
0.835208
0.805533
0.464579
0.234301
0.554277
1.63351
0.778264
1.32324
0.749726
0.398246
0.698283
2.76219
0.726756
1.40056
0.936857
0.600185
0.420688
1.41296
0.701674
0.820583
0.508036
3.64609
1.01813
0.913332
1.01717
0.419091
1.00674
2.21576
0.954297
0.984696
2.6531
0.410756
0.975934
0.856201
0.592932
0.862171
0.672607
1.07036
0.687765
1.17929
0.50522
0.407645
1.06977
1.81308
2.77437
0.707883
1.75701
0.864777
0.658284
0.845729
1.03251
0.283644
0.209429
0.681226
0.26681
1.71845
0.600256
0.794418
0.680927
0.936639
1.44948
2.0471
0.339564
0.670196
1.48402
1.01601
0.359349
1.17952
0.551706
1.57528
0.542219
0.709721
2.80149
1.36851
0.765425
0.734776
0.831253
0.363457
2.01869
0.872333
1.21526
0.310103
0.800264
0.411899
0.668932
1.30127
2.03692
0.262962
0.666856
3.49751
0.394756
0.784462
0.774517
0.658921
0.499176
1.14061
3.74523
0.970924
0.486497
1.75147
0.517252
0.77323
0.581759
0.85926
0.533006
1.87863
0.424746
0.764846
1.56914
0.61272
0.536798
0.379589
0.882642
0.907195
1.18805
0.656507
0.287778
0.960576
1.16489
0.441955
0.735687
1.17723
1.02957
0.256183
0.650514
0.785912
0.670756
0.544494
1.38659
1.21197
0.667823
0.585287
0.667392
0.271498
1.0451
0.47457
0.548665
0.584738
0.821212
0.524029
0.610865
1.1269
0.871493
0.615169
2.60047
0.499195
1.18677
2.9317
0.614326
0.303723
1.16882
2.66571
0.760451
0.833348
0.517112
0.695206
0.398076
1.50296
0.832292
0.169001
1.83132
1.01623
3.87111
0.776152
0.710135
0.17242
1.74043
1.14328
1.16139
0.690373
0.795713
0.553134
0.765573
1.19374
0.987388
0.678617
0.856156
1.89441
0.820715
0.874719
0.473015
0.629221
0.817716
0.96715
1.18709
0.755352
1.02034
0.313533
0.772748
0.241301
1.20013
2.426
1.22476
1.0795
0.448927
0.505703
0.559462
0.212222
0.884433
0.926875
0.553682
0.603643
1.37552
0.303251
0.302435
0.482208
0.5424
1.0805
0.416275
0.554406
1.82767
0.787717
0.301968
0.616443
0.767215
0.802202
0.187582
0.439553
0.976881
1.28461
0.509463
0.238289
0.144518
1.28359
0.618364
0.709838
0.343478
0.962477
0.553236
2.00872
0.575097
0.290332
0.34238
1.23402
1.77274
1.2285
0.736131
0.353519
1.385
0.350442
0.417487
0.89253
0.802803
0.542593
1.00099
0.492193
2.00867
0.81314
0.460272
0.778199
0.662514
1.0567
0.81372
0.353581
0.6559
1.49262
0.71705
0.0454839
0.496319
1.31746
0.985792
0.741589
0.841102
1.59232
0.559635
0.550657
0.58854
0.419353
0.904553
0.959756
0.835276
0.951488
0.89727
2.25639
0.570055
1.03271
0.279012
0.897056
0.455558
0.923775
0.412927
0.758984
0.747442
0.446231
1.10381
1.01552
0.434017
0.477171
0.717442
0.74385
0.263572
0.728688
1.32245
0.666593
1.99969
0.886989
0.634993
0.648847
1.37777
1.73915
0.50307
0.42624
0.960682
0.979258
0.577384
0.81577
0.597751
4.7623
0.272487
0.76943
0.679825
0.759394
1.37473
0.622405
0.566651
0.746485
1.43952
0.183419
1.58082
1.46167
0.871651
0.38292
0.853605
0.192858
0.593669
3.45358
0.431394
0.867737
0.469203
0.36483
0.454633
0.632033
0.928063
0.85285
0.564616
0.427128
0.948248
0.985632
2.05476
0.702146
0.529347
0.458209
1.05847
1.10552
1.5439
1.08404
0.656281
1.90795
0.553876
0.279872
0.946124
0.368032
0.274001
0.387828
1.15505
0.199358
0.219476
0.514749
1.15439
0.923888
1.01767
4.40109
0.824612
0.270005
1.70026
0.643998
1.15633
0.623145
2.01055
0.632433
0.826816
0.400998
0.820699
0.506817
0.623164
0.735872
0.623196
0.713318
0.76868
0.520516
2.32279
1.02715
1.75206
0.592053
0.746336
1.71145
0.91529
0.434269
0.834653
0.948554
0.68091
0.72416
0.62002
0.230737
2.36202
1.33915
0.62806
0.703633
0.93299
1.10836
0.569572
1.49178
0.480369
0.677896
0.799477
1.11751
1.58693
0.498251
0.698003
0.752418
0.497041
1.39974
0.483448
0.889384
1.79964
0.420126
0.585677
1.45591
1.06552
1.10021
0.804327
1.4453
1.13668
0.931972
0.83133
0.1847
0.631049
1.0527
1.47983
0.319638
0.560769
0.433653
0.643149
0.949351
0.707527
0.670204
0.68303
0.271249
0.876322
0.444343
0.846483
0.658825
2.53134
1.80735
0.761271
0.257234
0.482479
0.191867
0.5277
0.495722
4.08427
1.66942
0.603441
0.783905
1.15039
1.34343
0.538657
3.93682
0.669486
1.94277
0.116554
0.607917
0.926234
0.527123
1.07836
0.426936
1.73668
0.633989
2.16382
0.317124
4.41055
0.970903
0.107597
0.526571
1.06626
1.01673
1.00537
0.857429
0.437594
0.673853
2.65686
0.655287
1.84192
0.767799
0.557411
0.500855
0.312776
0.255257
0.562142
0.543537
0.427705
0.275452
0.771872
1.14711
1.2492
0.873576
0.310092
0.841921
1.04653
1.05067
0.706371
1.95955
0.783949
4.00369
0.549369
0.63875
0.677336
0.601266
0.440867
0.946847
0.861448
1.19697
0.911206
0.697823
0.875269
1.10899
1.34702
2.74814
1.86006
0.335842
0.781313
0.378934
0.418482
0.791366
1.50786
1.59536
0.699948
1.32815
0.716669
0.738912
2.22158
0.596817
0.529352
1.28099
0.508765
0.309456
1.62341
0.996554
0.594132
0.352282
0.787485
0.700836
4.82146
1.66518
0.385798
0.69059
2.21661
0.818714
1.06412
1.18091
0.702574
1.08791
0.743097
1.46503
0.428417
0.655482
0.787695
0.473072
0.9385
0.833771
0.361705
0.870713
0.377991
0.39237
0.394933
0.419383
3.09595
1.06714
0.717756
0.849601
0.367102
0.608224
0.951628
0.56553
0.166154
0.517596
0.847822
0.516629
1.51638
1.27186
0.439542
0.225043
0.745661
0.546585
0.724175
1.0018
0.807156
3.79093
1.01329
0.416252
2.16364
1.07428
0.551841
0.908154
1.62449
0.50394
0.423514
0.791834
1.19764
0.867854
1.06273
0.981882
1.77531
1.15545
0.942648
0.43513
0.338636
1.65092
0.607839
0.634566
2.10527
0.410718
0.686696
2.32637
1.1057
0.848043
1.02334
0.807099
0.652495
0.832857
2.38363
1.13492
0.455097
0.594506
1.23174
0.981047
0.49815
0.96873
0.470562
0.762719
0.82117
1.09839
0.678647
0.61512
0.586622
0.552163
2.04076
0.387815
0.556962
2.27657
1.10451
0.998199
0.497719
1.45706
0.379347
1.34138
1.01618
0.777969
0.759473
0.960368
0.418962
0.40557
0.695197
2.70206
0.959922
0.33099
0.885093
0.420057
0.184174
0.979589
0.789566
0.650132
0.37431
1.1897
0.712837
0.894889
0.697471
0.419822
0.803772
0.76932
1.16794
2.97899
0.503202
0.529203
0.501561
0.547328
0.547005
1.31438
2.03305
0.4494
1.80843
0.608751
1.13528
1.2416
1.09085
0.471942
0.257302
0.625427
0.837195
1.75753
0.547225
0.333637
0.394682
0.902003
0.480679
0.620178
0.348445
0.730165
0.94051
0.877502
0.466426
0.650043
1.2249
0.353315
1.72952
0.593614
0.191052
1.51705
0.650693
0.655073
0.294742
0.442189
0.419836
0.504269
0.306364
0.524027
0.34128
0.686391
0.847852
0.49766
0.475545
1.53551
1.0624
0.595392
0.620353
0.199608
3.38117
0.696071
0.618153
1.02291
4.9162
0.567905
0.521686
0.780446
0.843229
0.690329
0.741933
0.848398
0.416229
0.900986
2.37831
0.375963
0.841638
0.144058
1.63239
1.30385
1.06589
0.789041
1.92398
3.16792
0.336985
1.17776
0.673039
1.2084
0.830322
1.48752
1.00664
0.780629
0.726046
0.436035
0.589412
0.906387
0.476262
2.20068
3.08321
0.516934
2.40957
1.47729
1.03099
0.636924
1.92912
0.684682
1.20151
0.83821
0.291397
0.881775
0.655971
0.390849
1.36451
0.306429
0.583374
2.2205
0.346387
0.525086
0.286324
1.63125
0.583909
0.555196
0.857655
2.40319
0.313987
0.690032
0.635257
0.643359
0.75734
1.38196
0.856014
0.551347
4.18542
0.944218
1.01747
0.385453
3.6373
0.492062
0.90691
2.01898
1.06908
0.279325
0.677924
1.10422
2.37597
2.40928
0.869455
0.612129
0.749431
0.853747
0.415746
0.568393
0.68618
0.294972
1.05052
0.708847
1.43737
0.975173
0.586111
0.440852
0.78315
0.637442
0.944105
0.866799
0.123712
0.871297
0.897285
1.1436
0.789647
0.36909
0.78989
0.545915
0.99326
1.41127
0.203702
0.403929
1.16906
0.682664
0.795843
0.578406
0.274249
1.96995
0.406427
0.81157
1.54484
1.16932
3.38695
1.23292
1.19551
1.31262
0.634899
1.40686
2.46538
0.365035
2.86323
0.316816
0.622369
0.360164
0.478634
1.01733
0.710424
0.441604
1.62
0.606651
2.2662
1.01415
1.11377
0.860734
1.01642
1.24677
0.99581
0.851672
0.631263
0.258067
0.745548
0.899862
0.548714
0.340585
0.707265
0.532732
1.10167
0.688497
1.92924
0.550367
1.81283
1.83603
0.828002
1.48328
0.334241
3.97228
0.494878
0.697436
1.23566
0.469432
0.757905
0.623256
1.62077
0.733275
1.01928
1.50108
0.487895
1.42725
1.82573
2.49102
2.0516
1.39508
0.57776
0.968898
0.623659
1.01428
2.3072
0.883099
0.317426
0.522225
0.206987
1.81425
0.0904044
1.68409
0.840998
0.379257
0.481728
0.506661
1.30515
0.709548
0.344161
1.56734
0.150947
1.12198
0.887639
0.822535
0.38449
0.532445
0.936299
0.67602
0.751784
0.539176
0.395483
1.86988
1.27768
2.48145
0.542553
0.352273
1.14278
0.921387
1.10615
3.15345
0.241481
0.806551
1.00899
0.514902
0.802364
0.374475
3.15776
0.847116
0.621347
1.14051
0.726952
0.36394
0.729226
1.07536
1.39974
0.768369
0.772879
0.342815
0.848757
0.52077
0.23238
0.635552
0.82867
1.16186
0.513989
0.539175
0.921141
1.01777
2.09701
0.541417
1.48737
0.741219
0.845956
0.877754
1.09911
1.79361
1.01796
1.84852
0.937151
0.823192
4.51062
0.506317
0.462343
0.776295
0.358573
1.47143
0.770414
0.389438
1.19976
0.86464
1.18057
0.277592
0.82358
1.07984
0.679746
0.664226
0.820009
0.810307
0.681875
0.606048
0.242058
0.710998
0.344193
0.75075
0.822312
1.51111
0.527652
1.09053
0.489877
1.32124
0.753434
1.3121
0.710804
3.40038
0.961913
0.265352
2.13442
0.710002
0.625172
0.597188
1.51536
0.675884
0.694083
0.783968
0.826068
0.642496
0.211349
0.819899
1.19423
0.507389
1.05961
1.37048
0.777819
0.563627
3.80959
0.587555
0.456301
1.41787
0.642941
0.642228
0.687919
0.802279
0.421717
0.720814
0.369319
0.636363
0.674905
0.693801
0.291632
0.566556
0.388253
0.86405
0.935026
0.408396
1.41417
1.65843
1.50262
0.617039
0.811193
1.13168
0.823243
0.516918
3.00056
0.437682
2.45952
0.284041
1.46308
1.21469
0.635268
2.18151
0.52699
0.168572
0.798525
1.00725
1.60678
0.942162
1.07593
0.344931
1.9639
0.92266
0.498991
0.66819
0.970942
0.693112
0.624419
0.822775
1.90512
0.457547
1.78729
0.216556
0.61319
0.3498
1.48668
0.818029
0.535293
2.03324
0.606518
0.65662
0.584797
0.597288
0.49617
0.82342
0.316528
1.2747
0.350212
0.769581
0.487581
0.637839
0.975018
0.82433
0.39228
3.95671
1.65156
0.552978
0.549272
1.14951
1.42123
0.547459
0.454848
0.858887
0.315485
0.484771
0.954049
0.598337
0.406881
1.24594
1.0106
0.858769
0.608565
1.22046
0.600847
0.726755
0.86457
1.27959
0.631634
0.424545
0.860332
0.62485
1.17728
0.410212
0.786269
0.66659
1.26561
0.616129
0.872461
1.11476
0.561526
0.125442
1.0803
0.941016
1.05066
0.915914
0.723429
0.797604
0.604534
0.979445
0.776756
0.140058
1.51416
0.295142
1.04169
1.54448
2.72429
0.460778
0.958308
1.54029
0.992583
0.662459
1.29839
0.639212
0.69404
0.880402
0.790474
1.89051
0.551406
0.239979
0.908648
1.0448
3.51065
0.633532
0.748189
0.196567
0.858358
0.785942
1.84798
2.91858
0.754866
2.22833
0.209284
0.759942
1.10708
2.19235
0.420963
1.72935
0.760629
1.09528
0.766348
3.63123
0.47908
0.495548
0.716464
1.09792
0.513074
0.469103
0.573904
0.615328
1.14613
0.425933
0.781579
0.581878
0.743229
1.06266
1.09744
0.796937
0.783508
2.73674
0.858957
0.644281
1.29972
0.323124
0.567688
0.304409
0.22813
0.631867
0.849361
0.401091
0.653204
0.742067
1.12414
1.387
0.407941
0.536835
0.667122
0.53986
1.21414
0.756233
0.44768
0.655223
0.3384
0.759649
1.10125
0.708853
0.614186
1.87741
0.61312
0.583977
3.39263
0.319711
0.828015
1.87738
1.1377
0.791833
0.688421
0.713581
0.450668
1.09848
1.30807
0.801678
0.667656
0.788026
0.568832
3.69411
0.748618
1.05333
0.281757
0.450657
1.27211
0.487235
1.92633
0.212033
0.0800667
0.609958
1.03803
1.13631
2.31824
0.465617
1.96653
0.657422
1.03859
1.01128
0.712928
0.313758
1.18807
2.398
0.433246
1.08966
0.919683
0.49083
0.779135
0.879136
3.84122
0.32832
0.74702
1.64099
1.06745
0.279704
0.765814
0.739211
0.701213
1.09277
0.541197
0.789175
0.293898
1.09206
1.21857
0.344274
1.61356
0.964275
0.479813
0.73976
0.536212
0.543558
1.79476
0.385407
0.250364
0.351171
1.14703
0.890091
0.368603
0.845517
0.534161
0.303786
1.19865
0.143627
0.37715
0.513588
0.327751
1.60335
1.22137
1.10554
0.642494
1.04757
1.01448
2.74002
0.806486
0.766449
0.923415
0.334864
0.763063
2.51965
0.422762
0.624319
0.401482
0.891901
0.505243
0.730331
0.778978
1.29413
0.740593
0.396564
0.879769
0.78624
0.925433
1.29574
0.382117
0.396325
0.704339
0.299991
0.326265
0.316514
0.537466
1.19446
1.34282
2.56274
0.715642
0.726789
0.434014
0.485501
3.11648
1.51445
1.11678
0.973647
0.139466
0.4597
0.849969
0.863868
4.76907
1.14552
0.893131
0.778826
0.662195
0.938179
0.920994
0.416034
0.410504
0.391536
0.979492
0.645119
0.887519
0.610614
0.670386
0.81648
0.407821
0.947783
0.722604
3.79796
0.328497
0.711966
1.2089
0.138964
1.30453
0.336266
1.02238
1.2684
0.257875
0.446198
0.946738
0.653412
1.00684
0.645724
0.699009
1.16692
1.07563
0.968867
0.633023
1.62375
0.250996
0.658356
0.673589
1.78889
0.412777
0.258629
0.634063
1.2194
0.790122
0.757134
0.902998
0.865293
2.52991
0.881737
1.14452
0.753945
0.846389
1.14122
1.1182
0.734215
0.43125
1.9661
0.374345
2.0312
1.41046
0.33421
0.34092
3.72019
1.10603
1.37599
1.39556
1.24479
0.485947
0.662062
0.517957
0.737228
0.583024
1.07914
0.982132
0.98997
1.31558
0.892033
0.626312
1.62145
0.468891
0.762904
0.475001
1.60939
0.562535
1.32555
0.342974
0.377405
0.778163
1.3698
1.84952
2.65978
0.550217
1.58487
0.684331
1.6589
0.278819
0.611899
0.613495
0.625981
0.692785
0.428104
0.418717
0.91212
1.20137
1.35082
1.90163
0.768224
0.733543
0.768012
0.687447
0.857943
0.683835
0.856317
1.7308
0.588105
0.427639
0.853403
0.671803
0.65913
1.45314
1.78812
0.226579
1.49635
1.36679
0.46618
1.58895
1.50321
0.490372
0.489886
0.827581
0.421252
0.16154
0.394489
0.659061
1.30076
4.26905
0.291769
0.377685
0.43051
2.2977
0.369856
0.895636
0.375277
0.769176
1.18882
1.36761
0.330192
1.57056
0.556531
0.390875
1.01752
0.618819
0.552241
1.09641
0.534009
1.65645
0.341469
0.209299
0.688724
0.878892
0.830459
0.78248
0.792012
0.830291
2.46184
0.733062
0.763144
0.670937
0.866673
0.942728
1.45077
0.295781
0.0251239
2.49365
0.848836
1.68001
0.75255
0.488461
0.760681
0.849798
3.93694
0.732918
1.19647
0.873339
0.657086
0.777489
0.710647
0.901177
1.27932
0.480725
0.846605
0.789053
1.00246
0.505916
0.280072
0.70024
0.824479
0.46196
0.61016
0.817549
0.690998
0.465058
0.839637
0.440906
0.611438
1.03305
2.90931
0.564361
1.35632
0.242574
0.611974
1.93546
0.695876
0.0772942
0.772447
0.552665
0.391657
0.775632
0.770908
1.00281
0.642835
1.53803
0.926814
0.432781
0.727658
1.10787
1.05516
0.9009
0.734149
0.442488
1.74376
0.502886
0.433926
1.64965
1.19799
0.71964
0.620116
0.727283
0.838975
2.07813
0.918245
1.03268
0.80663
2.04056
0.844738
1.0728
0.633376
0.727891
1.2744
0.341386
1.26298
1.93644
0.301323
0.75469
0.965795
1.25426
0.310229
0.644049
0.287097
0.389892
0.110424
0.861227
2.65864
0.550804
1.66376
0.81887
0.628916
0.386819
0.301409
0.431898
0.386423
0.571985
0.803248
1.70223
1.59361
0.701005
3.91276
1.6653
0.341377
0.305625
0.779903
0.191785
0.854661
0.441921
0.348239
0.729987
0.242587
0.402494
1.0866
0.830283
0.590524
0.478391
0.70736
1.21203
0.799959
0.720501
1.52526
1.00369
1.37788
1.36403
0.543082
0.593152
0.426427
0.914849
1.9728
0.468569
0.393023
1.12201
0.375936
0.514531
0.688591
1.67175
0.841095
0.608415
1.34411
0.524224
0.359327
0.550619
0.480163
0.225301
0.353886
0.631868
0.674499
1.5257
0.353466
0.455551
0.70599
0.889539
0.668094
0.709513
0.61208
0.613738
1.05386
0.854382
0.696471
0.336378
1.20853
1.25424
1.34963
0.786206
0.700955
0.301289
1.81845
1.74849
0.674051
0.50994
0.334834
0.647899
0.282307
1.04796
0.570278
0.429635
0.639186
0.849331
0.813758
0.707272
1.07521
1.09977
0.875977
0.789541
2.94932
0.991709
0.525556
4.85063
1.66858
0.60763
2.49383
0.388995
0.544693
0.449817
0.585921
1.02418
0.603373
1.09982
0.966439
1.08568
1.81767
2.23815
1.30537
0.568093
1.23281
0.76853
0.65837
0.457225
4.79941
2.74408
0.997719
0.22243
0.467599
2.07874
0.456756
1.21861
0.680776
0.288857
1.71333
0.96164
0.325964
0.903018
0.816782
0.433877
0.749741
0.373955
0.142081
0.694912
0.758407
0.134287
1.58623
0.304564
0.564811
0.324113
0.541142
0.307836
0.244275
0.58768
1.00562
0.815367
0.61515
1.0625
0.380233
0.815057
0.609416
0.5369
0.12994
0.64881
0.43589
0.659617
0.824682
0.326759
0.682375
0.487569
0.443646
0.338417
0.981357
0.911817
2.19067
0.861266
0.581457
1.1755
0.542389
0.571793
0.69136
1.42058
0.548005
0.429485
0.586504
0.842853
0.624406
0.926021
1.27222
1.167
0.234909
0.563021
0.628245
0.237244
0.276464
0.765162
0.88558
0.99426
0.313982
0.934262
1.10259
0.573398
0.834322
0.540828
1.33664
0.49332
0.557266
0.676788
1.37616
0.914378
1.53794
0.897071
0.324391
0.326636
0.847423
1.16791
0.631787
2.57789
1.13142
0.796565
1.45054
1.05348
0.556951
1.43075
0.75766
0.810115
0.571278
1.81525
1.11302
0.338877
0.47123
0.73962
0.259829
0.709925
1.09264
0.670117
1.05872
1.32135
0.834554
0.614807
0.218493
0.526328
0.570211
0.678034
1.01055
0.880562
0.12898
0.522838
1.11745
1.89228
0.282524
0.416695
0.708982
1.16805
0.883777
2.26175
0.826016
3.3431
0.517543
0.882192
0.982467
1.09198
0.864913
1.13449
0.592749
1.66969
0.658004
0.842558
0.522869
0.814923
0.42996
1.43518
0.976999
0.872658
0.895481
1.15717
0.250414
1.03043
0.641942
0.86108
2.46207
0.591808
2.91779
0.430452
0.390017
0.478313
1.61185
0.666341
0.636016
0.730547
1.44034
0.592373
0.831652
0.45701
1.16464
0.319884
0.0829242
0.88281
0.898577
0.889013
0.296545
2.03117
0.861467
0.557146
1.44689
3.5329
0.742673
1.00605
0.201171
0.166753
0.811939
0.545291
1.87071
1.01965
0.543589
1.26168
0.759313
0.851817
0.750958
0.534643
0.803235
1.15456
0.639293
0.790279
0.724184
0.555202
0.53555
0.613021
0.219702
0.0578906
1.54364
0.760661
1.23446
0.751162
0.946628
0.464694
0.323501
0.421564
0.673187
0.923987
0.396558
0.654295
0.926696
0.20433
1.28551
1.47016
0.842666
0.683656
1.20507
0.845158
0.536014
0.876328
0.217922
0.219938
1.49585
0.79184
1.29974
1.04691
1.22885
1.25856
0.741994
1.62518
0.908756
0.655948
0.523581
0.846268
0.60729
0.813069
1.07473
0.628201
1.30936
0.218999
0.939956
0.656089
0.514333
1.67866
0.411029
0.21088
0.313413
2.02652
0.460996
0.315959
0.286017
0.767946
2.23247
0.823816
0.6261
0.41042
0.465808
2.74753
0.576811
0.381684
0.770886
0.824775
0.448181
0.869481
0.450844
0.576038
0.554604
1.63019
0.636274
0.807736
2.64886
1.56646
0.317138
0.77908
0.652111
0.986503
0.908957
1.78975
0.354097
1.46838
0.236065
0.695461
1.34498
0.567164
0.730713
0.709411
0.656524
1.03785
0.996473
0.599871
0.046552
0.423934
0.637794
1.5773
0.610727
0.363544
0.30962
0.672903
1.19149
0.654387
0.602207
2.04772
0.878091
0.311483
0.684935
0.416842
0.327196
0.406164
1.12443
4.07786
1.17516
0.571532
0.799316
0.479415
0.869143
0.582104
0.722782
0.481044
1.10446
0.190651
0.893046
0.85648
0.466491
0.576329
0.905074
0.637844
0.306637
0.902243
0.7552
1.24908
0.732928
0.273882
1.34454
0.733518
0.689294
3.14189
0.551666
1.86407
0.94102
0.652967
0.729754
0.700316
0.373037
3.14611
1.41151
0.344418
2.94289
0.830736
1.17221
3.57271
1.12458
0.607923
1.07965
0.41496
0.491567
0.293773
1.25838
0.879284
1.07252
0.805387
2.61773
0.435835
1.50313
0.362004
1.09489
1.06269
0.437102
0.37645
0.403829
0.657364
0.782536
1.19562
0.59334
1.63492
0.464625
0.148815
0.328308
0.657217
1.37017
1.56158
0.714784
0.982913
1.54317
1.30321
0.405347
1.60703
1.14461
0.679224
0.476771
0.397202
0.358551
0.623772
0.331709
0.303022
0.672995
0.627011
0.628296
0.958489
0.613312
1.3703
0.613499
1.00551
0.540291
0.70824
0.713828
1.77566
0.385655
0.653712
0.542884
0.8165
1.55811
0.860479
0.409185
0.957058
0.503887
1.58128
1.32457
0.689817
0.649764
0.999436
0.381203
0.961154
0.49708
0.976198
0.313487
0.614736
2.67256
0.513112
1.24236
3.58579
1.8593
3.64785
0.361881
2.05769
1.01481
1.0139
0.194922
0.250221
1.29917
0.655956
3.22232
1.10874
0.417601
1.20778
0.431279
0.346468
0.61616
0.634839
0.40828
0.375307
1.51513
0.472094
1.6611
0.776257
1.01338
0.330059
0.41217
0.713544
1.89607
0.35104
0.629544
1.79454
1.0749
0.309643
0.6289
0.447133
0.388743
4.50094
0.655417
0.320739
0.487418
0.704311
1.24878
0.919523
0.618583
1.04327
0.705016
0.437645
0.673317
0.881891
0.933484
1.20265
0.473801
0.610105
0.425132
0.741086
0.385275
1.63944
0.977031
0.442808
1.00979
1.05366
1.22181
0.419917
0.271379
0.837802
0.799575
0.334993
1.4944
0.743065
0.893749
0.764468
0.887924
1.07772
0.405888
0.836761
0.309571
0.572384
0.470688
0.83505
0.768162
0.56147
2.25844
0.471444
3.40902
0.404463
0.731072
1.01815
0.523962
1.01954
0.426954
0.358278
0.721109
0.31527
1.51602
0.0573975
1.12246
0.671181
0.499487
1.40388
0.513929
0.503196
0.353992
0.475952
0.461703
0.768809
0.374257
1.39403
0.957767
0.775051
0.452404
0.269296
1.83383
1.02225
0.212489
0.456498
0.277362
0.483801
1.1161
0.744663
0.612877
0.368544
0.58299
0.218654
0.92529
1.90656
1.05442
1.4366
0.443149
0.829407
1.92014
0.377748
1.21216
0.426567
1.46031
4.21098
0.689682
0.366759
0.170083
0.981307
0.506362
0.481082
0.28106
0.667339
0.475867
0.799691
0.555201
