2.74468
10.7127
3.05369
3.76153
12.6791
2.38709
4.43276
10.4642
1.5788
1.04632
1.42193
0.742175
2.85683
2.07951
1.35311
2.70434
3.9531
1.79975
6.40034
5.21255
3.4831
2.56508
6.31448
3.63008
4.76587
2.7577
6.99223
3.10984
2.26079
1.18645
3.85779
4.34844
1.5723
1.98754
1.5943
1.8393
2.26693
2.91108
2.91442
1.97008
2.75969
1.88138
7.42341
5.76556
2.44071
8.74075
3.1607
3.04516
1.45999
2.79244
14.5172
1.35999
2.04967
3.44107
1.16483
7.19356
4.69508
8.37141
1.40434
2.78185
1.22731
12.7376
4.0747
4.87543
3.48524
4.81006
7.30711
5.46084
0.989271
0.662145
13.2127
1.62542
2.72433
12.1951
2.56322
2.00421
5.25894
5.00963
1.10801
1.30348
3.18839
2.96734
1.87711
2.44674
1.31877
2.66506
7.10332
8.92598
4.01781
1.68207
10.8038
1.26695
1.5003
2.44443
1.75317
6.51216
14.7696
2.99598
1.48641
2.29684
2.49126
2.80487
3.35783
3.51699
3.30033
9.85316
4.66379
3.83439
2.92988
1.28742
2.21368
9.0808
3.9376
3.11827
1.57794
4.49869
4.11109
5.02125
3.3621
9.2332
2.35135
1.26761
6.44175
6.82939
9.9222
6.97545
4.84419
4.15778
11.584
3.12636
2.00444
1.61567
3.54509
5.77069
5.39125
4.13783
3.25911
5.12893
2.13819
2.23798
1.40605
5.8067
1.33489
3.41818
1.61973
2.74427
7.55594
2.40112
1.21213
3.84363
5.25005
2.25231
3.28603
2.8711
5.99557
0.932016
6.43851
7.68399
1.76598
6.16762
6.64627
5.54894
0.989517
3.35442
3.66706
13.0639
0.563975
8.56096
2.91937
3.10869
5.05145
4.26842
1.46385
2.74612
1.7487
6.74397
2.46185
8.43184
4.25909
3.3408
2.9004
2.65025
8.43609
5.03628
1.1167
4.3525
2.91464
4.23155
5.36652
5.9554
3.52671
3.33539
2.72648
1.89644
1.38128
2.23203
0.737206
2.88557
2.47217
3.57887
2.60207
1.41176
5.55258
2.9351
2.46511
1.75441
1.73343
0.986857
3.52813
1.31721
1.48375
3.14139
3.06942
1.56852
5.34907
1.48737
2.50252
3.40953
11.4171
2.7093
4.6705
5.50542
4.31758
0.503257
2.33071
1.92057
3.80543
12.8444
4.36943
2.38453
3.47244
2.32468
13.919
4.24492
9.01277
9.26746
7.53646
0.538835
3.06864
8.23137
0.670483
5.17712
2.06216
3.52401
3.33742
12.0701
2.02917
1.95195
3.81939
3.31327
1.0403
5.56023
4.77711
2.17507
5.19969
1.375
3.85905
3.954
2.12284
6.81813
6.77012
11.7997
2.38238
13.2376
1.88499
1.22472
0.996111
7.13563
3.32298
5.90345
3.13071
2.08989
3.83103
3.08758
1.84187
2.26488
2.44244
1.77135
6.8049
2.27234
3.54164
1.0561
3.1037
6.89491
1.83752
2.17182
1.93731
6.35043
10.5759
9.53197
3.66588
2.19599
3.58184
3.41942
4.59977
11.5197
3.43473
6.94642
2.91282
2.81703
1.8405
7.63971
3.09885
2.23422
1.91493
7.77759
1.74061
3.71117
1.59622
6.85986
3.39429
2.58098
5.18545
6.08416
6.33146
0.571133
11.1697
1.13334
3.51343
1.6882
0.821739
10.489
8.06735
4.26819
5.15609
1.39385
3.76086
6.90763
0.693896
3.17502
4.41741
6.57388
10.3964
3.48604
2.51434
10.7548
1.47603
1.81723
5.10074
2.35001
2.60575
6.42524
1.52272
8.06365
2.7034
2.82198
2.0497
2.65225
2.63544
1.86923
1.60052
3.8217
3.855
0.745552
1.21264
8.70489
11.194
9.10315
7.00351
3.1977
6.6746
2.08872
1.07525
4.94924
1.37741
2.26092
3.54615
2.38357
3.01267
3.41382
3.62136
4.87628
2.61185
0.612827
14.4764
1.70982
3.58213
2.2066
2.13684
6.0808
4.84921
6.57247
1.48943
1.48879
8.58958
0.548304
4.10822
3.12142
1.36768
2.85362
1.99597
0.547929
2.29478
4.21029
0.989989
4.72461
5.29925
3.76198
3.40285
2.25061
0.997601
9.09307
1.76217
7.43985
2.0638
4.67514
1.90804
5.39626
5.00298
6.99228
6.7112
5.02411
4.20756
2.65175
1.7989
2.85209
1.61739
6.13735
6.02855
4.3304
0.732659
6.61617
1.07276
3.71017
2.10914
2.24767
11.4301
3.71361
3.81926
4.6624
2.06945
1.86807
2.63333
1.00419
2.72305
2.35625
8.99321
3.71485
4.11304
0.553737
0.843958
1.50721
1.72436
1.99005
0.680188
5.3288
1.69813
12.3332
5.76752
1.85103
2.30637
3.80865
3.40483
4.47978
4.34795
1.60446
4.2294
9.03937
2.88714
1.98425
3.9577
3.2881
2.08616
4.32347
1.83405
2.38552
2.54489
1.06662
11.9472
2.31171
2.70003
5.09814
1.31862
4.8401
3.94338
2.26021
4.77032
1.93427
0.613676
14.4754
3.31192
2.27841
9.96498
7.71586
4.50713
1.90642
12.1703
3.49979
3.13135
4.1031
2.77475
2.82065
11.8599
1.95856
0.442358
9.93065
3.80465
1.72057
4.37563
14.6276
6.71177
1.08542
1.42676
2.21705
2.0128
4.71237
2.77001
1.49689
2.52654
3.46871
2.23177
0.931386
3.22933
3.06659
2.50552
8.11216
2.92829
0.852788
2.16743
2.42913
2.36654
2.64277
2.78252
6.51864
2.0953
1.29162
0.830643
3.52713
7.94402
8.02251
2.89948
4.37748
2.07778
2.59261
1.69766
3.37486
3.94854
2.90478
1.67778
0.392968
2.65117
3.49473
1.17939
5.19062
6.33892
5.72828
1.58506
3.90754
2.63029
10.4728
2.09425
3.31377
3.86539
4.4701
4.65887
9.50723
2.07381
0.678425
6.78002
1.49663
1.87321
0.993667
5.86529
4.23829
1.92981
4.62978
2.9026
6.78169
2.08887
5.12678
1.90046
2.89301
12.2808
2.50582
5.59358
14.6171
9.94971
2.37523
6.51823
3.50761
2.61643
1.76627
4.93527
2.83586
2.66888
7.47305
3.77359
5.13117
3.57503
4.38393
3.00606
1.87037
1.50749
3.51548
1.50655
4.58355
4.42191
0.276776
9.25785
5.50111
1.39021
3.44704
9.65217
1.84672
3.70303
2.39515
4.31965
1.93964
5.27792
2.87699
1.54736
6.43964
6.03212
4.51859
3.15499
3.2399
3.05266
5.00218
5.18964
2.73981
3.67399
10.8935
6.18175
14.6513
1.94491
0.784966
1.78642
3.37097
3.48036
8.16995
8.75682
1.02696
0.745832
1.60189
3.47235
4.39669
6.03138
3.61765
1.97253
5.54055
1.18099
8.63194
1.73557
5.93671
1.90882
8.16524
2.38544
0.862709
2.82687
0.849273
9.18251
11.5212
2.10035
1.35188
1.35847
6.96962
2.53872
2.19916
5.07469
1.81916
1.28183
3.22677
2.95891
5.01757
2.93601
0.801305
2.22841
7.94624
5.76168
6.43067
4.20857
1.12989
3.86666
10.5225
2.69018
2.67481
2.44375
4.05992
2.88404
3.49255
3.80888
3.44407
3.73636
9.85514
2.68181
3.53896
1.667
2.17729
4.17954
2.19564
3.82002
6.03805
9.31988
1.01462
2.15239
3.69885
1.38757
7.19524
4.30393
3.18244
1.77889
10.046
3.51158
1.75944
3.59293
3.95091
3.22497
7.03525
2.06094
8.643
5.69673
11.5873
0.127059
6.80107
9.57588
1.10997
0.856466
5.33051
4.92675
5.57488
5.96844
3.88179
2.94275
4.92114
1.23645
3.20307
8.06763
1.79809
3.95518
0.474033
11.1405
6.71879
1.94708
0.922617
3.38483
3.17238
1.5181
2.89872
2.13517
0.620828
9.89133
2.26597
2.9977
3.17101
4.6706
2.96054
12.8576
2.70303
5.02314
2.5941
5.3428
7.90178
4.80376
3.81469
5.06886
1.21228
2.20956
4.03563
1.80365
1.77868
8.44519
4.69091
3.25202
1.87125
4.20975
3.00122
10.525
2.33681
7.69
5.06744
13.3957
5.27447
3.90326
3.58966
2.53734
3.49619
7.07156
6.35741
8.84549
4.19802
2.5736
0.906951
6.23917
2.5044
1.98476
3.24715
0.923073
2.08344
6.58123
1.63127
8.25895
4.94733
5.98423
1.74083
6.1374
4.48912
3.73843
2.17785
1.71554
3.92347
2.10469
4.72046
3.97023
2.96949
1.27855
2.01131
1.00867
4.44735
5.85303
1.84861
10.6181
5.38812
3.29045
2.59135
5.57394
3.51411
2.41898
0.627941
3.88991
2.73954
2.04386
3.92862
1.66817
1.74584
1.28226
2.97866
3.31786
1.69076
13.2002
7.63445
1.70719
4.33763
2.02644
3.02552
3.46919
5.34069
2.14592
1.37306
3.20012
2.33453
2.57494
8.08934
2.17138
13.5563
2.62907
5.50221
4.60113
2.32166
1.41016
3.8797
6.05756
4.81962
3.96873
1.29164
3.38246
1.58115
4.23887
0.6253
7.31071
2.54381
2.41066
2.51655
3.64516
4.68102
2.9363
3.93326
14.641
2.41857
2.46388
2.29623
8.66048
1.99472
2.24233
3.59521
3.40793
2.73988
4.3234
4.33297
0.84075
0.956293
1.14498
2.88573
1.54406
3.17555
2.19113
2.33555
8.09558
2.40589
1.2197
12.8397
2.29639
4.32841
2.05407
4.07979
7.74128
5.14499
1.68449
7.324
3.20303
2.59355
3.79605
1.58851
3.75955
13.7315
1.49102
1.25312
1.43653
2.23405
4.24711
2.40603
1.65713
0.433526
7.23835
1.98804
0.877759
2.27879
2.33181
1.52637
4.4746
3.99042
2.60005
5.38018
0.571697
10.246
1.19294
3.71241
2.85644
4.76838
3.38099
1.93086
2.6665
3.1986
3.42954
14.4028
3.1835
2.56719
1.53517
3.63385
1.30788
1.84407
6.99006
5.22734
2.11944
4.09492
2.69544
1.06237
5.86279
7.43741
2.13664
3.97277
3.63897
3.66911
1.46903
3.06772
3.45315
3.79851
1.27583
3.84341
3.32827
4.69419
3.97842
2.1984
6.79186
4.82557
10.1427
9.61936
2.77664
2.28079
4.992
2.32384
2.76736
4.14249
0.989347
3.92173
3.87127
0.548819
2.28298
1.96956
4.24472
2.87062
3.37219
1.04178
1.4311
6.50385
5.72374
10.9186
4.50901
3.21235
7.34971
2.45853
2.05693
10.1942
2.0802
5.348
4.16287
2.06436
13.7715
3.94567
7.28838
2.71081
3.11611
3.77133
7.78734
4.29988
8.92401
6.27806
4.19857
3.6892
1.66619
3.07111
2.65277
3.00209
6.1127
5.84932
4.38977
2.5628
2.51797
4.74562
5.90386
1.9194
2.44612
3.29582
2.52287
1.08123
0.400625
2.60744
4.85991
4.05451
6.42955
2.46552
3.94001
9.84196
6.94184
3.33636
1.87015
2.25619
1.81165
2.39712
2.29401
5.06897
1.9666
1.23814
4.01055
1.03484
0.95371
1.0298
6.34501
2.66755
5.09432
5.58871
4.1765
2.53665
3.03513
2.23458
0.777578
1.57537
6.29075
11.5467
2.62412
1.0333
2.0629
4.83915
3.69479
1.22029
3.08635
8.30681
2.51596
1.28771
2.83607
2.34866
5.56016
3.93669
1.0782
2.50568
1.01267
3.43168
4.56893
1.16496
3.65657
5.2187
1.72314
2.61017
4.31904
1.14239
0.767707
4.81067
4.36938
4.96272
1.70453
5.04051
8.113
3.02364
5.38052
1.51295
1.71002
1.81593
0.429131
3.28737
11.4918
2.10758
2.82915
2.68662
3.80509
1.78111
7.41427
3.02605
7.18042
4.43623
3.88245
1.73224
2.22025
2.65508
3.32679
5.06436
2.27398
1.88115
4.11854
10.32
1.60108
1.80203
0.44425
2.24481
2.40827
6.62345
1.84027
4.13415
8.67647
2.99643
3.61664
4.58198
0.893842
7.51002
1.98257
4.94972
1.25204
2.57199
2.22298
1.50106
2.05903
3.58071
4.63403
4.29476
1.24695
2.73376
10.7092
2.34958
3.85594
4.59162
6.98206
5.60588
1.12102
1.32089
3.32853
2.4528
5.19715
1.19715
2.70965
4.51733
2.17486
12.8058
3.47708
4.54026
1.79028
7.36017
3.32343
8.71006
4.23065
2.187
2.58915
5.3736
8.62247
4.89049
5.4933
7.25473
2.42796
5.07058
3.13785
5.61399
3.84915
3.74535
1.58507
1.11136
2.31335
1.57131
3.59069
2.51842
2.64541
12.0711
14.6435
3.07765
6.54236
2.34579
1.28459
2.06021
1.3367
3.18801
2.97004
6.77384
4.50704
1.39319
5.18713
5.38033
2.14602
1.13539
5.96818
5.78688
4.23526
3.88415
10.0309
5.21867
4.38715
3.49957
2.41715
5.74605
2.35703
2.81312
11.5732
2.16637
3.22666
3.70747
2.50385
1.66193
4.31389
14.8723
2.07931
0.989097
3.42369
2.35492
3.04284
1.44001
1.15658
3.25383
5.83569
6.20884
1.74639
1.81104
3.60671
8.13831
1.96572
4.4579
5.34506
1.25216
2.24836
1.57713
3.12425
8.13875
1.54919
6.1968
9.83676
8.01142
6.75127
8.1688
3.1594
5.46273
2.09774
1.92649
4.17047
1.00707
2.43498
3.46538
2.54768
6.31761
3.3074
1.81682
4.00447
4.16569
13.5032
4.48513
3.26744
2.07657
4.57728
6.20963
4.76881
1.13837
5.1387
2.42725
0.806748
3.9916
1.52454
3.22347
6.58984
3.49217
2.50202
3.62284
3.05842
4.0953
4.31501
3.4629
5.53057
2.24974
13.4355
3.91439
2.78615
6.13249
0.899695
1.65813
2.18716
6.51536
1.87355
3.7865
5.84539
4.18576
1.54732
5.12232
1.31616
3.35379
4.2088
6.98548
3.59694
4.99198
3.3185
3.3694
3.14783
2.60867
2.21558
3.15559
6.07633
4.57383
3.109
2.98558
4.95794
1.95884
1.82032
14.7682
3.02613
12.9692
6.40319
8.77182
2.45109
6.08446
3.68384
4.76123
7.77913
3.64688
2.2198
2.80568
2.67928
5.25035
2.26557
3.22775
2.79278
1.54594
2.79452
0.672852
3.21895
2.08166
7.83886
2.27981
4.02369
2.49561
4.71927
1.06894
5.30795
7.85161
3.61631
2.65699
0.591048
5.49135
2.34906
7.38855
10.2391
12.4702
8.03262
2.7947
4.34427
7.07817
2.23866
1.87895
11.4037
3.94392
6.84568
4.20119
5.39429
2.83373
3.76919
2.0511
3.69566
1.13801
1.73843
4.52994
2.30066
3.59716
2.65081
5.45178
1.66364
1.77615
1.3303
3.03992
1.74962
1.2019
3.08005
3.78014
3.58206
2.81658
2.99412
1.66517
4.96786
6.63285
3.5403
5.89853
7.34482
3.04253
7.7246
5.86361
2.62946
1.59259
3.80876
3.81115
1.90218
4.91027
4.32681
6.39891
1.08242
1.50849
1.30333
1.70625
7.71206
2.13782
3.19711
4.95603
4.13829
13.1907
1.95127
1.03409
7.07167
6.86939
1.83991
3.48787
2.65209
6.98047
3.43712
0.881923
1.63085
1.88919
3.59866
4.5224
2.3361
11.841
2.92474
0.536585
4.28014
4.26212
1.25192
1.32451
0.437182
4.09952
2.80398
3.84548
1.00109
1.77748
1.06603
2.19772
1.65808
5.28488
1.66104
2.32784
1.19235
1.41489
1.8473
1.49353
9.14071
0.489155
3.02726
6.01851
2.93699
5.17709
0.375041
1.27795
5.80668
2.69888
2.31828
4.43526
6.25632
4.38071
6.48344
2.92049
3.54702
2.06882
1.40103
5.12853
0.42746
13.5818
0.330881
4.82194
6.01567
3.39084
1.35635
11.7027
2.25877
3.87651
3.66063
0.967726
3.39761
10.3342
2.98448
8.03114
6.72612
7.95833
5.39544
2.78771
2.53444
5.5346
2.38365
1.95704
4.3567
2.04619
2.09989
3.42373
2.73628
2.71349
1.7178
2.43657
1.09282
3.08749
5.32557
4.67341
3.49389
3.12832
0.823208
2.65768
3.00229
2.76889
1.78225
1.64884
5.22698
3.45988
3.41356
3.58523
1.76242
7.75534
2.24146
7.45155
10.3573
5.00405
3.4845
7.86089
4.50159
3.15352
3.11624
1.38628
4.73239
2.00345
3.41122
2.18898
1.00741
0.695803
5.4419
1.80966
9.06618
2.51599
1.89466
9.97166
4.9083
10.6961
5.40132
1.77094
5.2465
5.89665
7.66389
5.90183
3.24112
2.32768
7.06199
12.8674
2.95406
5.23122
4.43369
3.64671
7.3668
2.84965
5.09091
1.59023
1.79653
6.93642
5.63365
3.17448
3.17233
4.3726
2.55018
4.7693
1.41646
5.98226
2.52463
1.11922
3.06927
0.344461
5.12191
13.8093
1.97143
3.65449
3.28256
3.6495
13.0987
0.530324
3.92183
6.48258
3.82472
4.02679
2.80148
8.79791
3.1223
3.17872
1.97617
2.93236
2.55462
1.85921
13.0001
13.0502
1.98368
4.48775
3.03475
4.33684
1.17279
2.58829
1.67176
2.7699
1.61587
9.13063
2.85534
1.93223
2.75291
1.42036
1.34113
13.9924
2.98791
0.385118
3.35188
6.07588
4.64715
2.37525
1.51401
2.64161
1.57916
4.19503
6.81582
1.51265
4.10112
4.41769
1.48758
0.963488
1.15975
2.38708
0.408989
2.69321
1.95534
4.68179
0.694848
2.49152
2.23232
1.17487
7.19537
6.1823
9.28807
4.67208
2.56866
2.65529
1.34992
2.4705
7.28155
3.96449
3.2573
2.33024
7.13129
4.38228
2.22608
9.77764
3.24677
2.4293
2.60903
1.82002
9.49919
2.59839
7.72366
11.4137
4.84953
3.83462
2.92643
9.23392
2.06992
4.60605
3.13591
2.73383
3.54898
6.03685
0.725765
1.26667
4.49834
2.32339
1.93642
12.4105
11.5939
4.56203
2.65509
5.65067
4.72066
5.46883
2.02882
5.48296
5.24662
2.29858
4.76904
1.86096
9.63585
0.581049
4.47256
1.26994
11.8352
4.48625
1.60138
2.31621
5.07568
1.95224
2.14594
2.77476
3.89347
5.1036
9.4194
0.730928
2.1611
5.04492
1.75692
12.9122
3.78412
5.32499
1.46074
1.88314
2.99736
4.22607
8.42846
1.06258
1.92927
2.67763
2.26902
1.46618
5.15957
1.59727
1.75834
5.11324
2.32818
1.05351
1.59577
5.13732
11.9702
3.35531
1.54472
5.06081
4.31176
5.83362
4.10989
2.62872
3.4317
3.49272
1.78893
0.625597
2.15039
1.45516
2.71272
11.5218
3.96745
3.21622
1.4508
2.29324
0.641936
1.61621
4.77202
4.45274
5.63178
2.25763
1.69485
2.56655
6.05085
3.9237
2.34453
2.59479
1.95799
3.37094
2.14664
10.8955
1.56994
1.36938
5.56383
0.943513
1.28612
1.6448
1.30888
2.57857
10.6676
2.79409
8.48274
4.14642
6.61896
5.09414
3.77517
2.53386
2.59855
4.7335
4.26245
4.94726
3.89922
3.14845
1.35485
1.83812
8.64787
9.2396
1.56075
6.30358
2.17848
6.01266
2.13891
9.67277
6.05599
2.58521
2.08046
3.05493
1.67476
4.96526
4.18689
1.46956
2.42015
5.93462
9.10993
4.02761
7.22397
7.67332
4.46638
5.51183
4.19806
6.40842
6.76441
1.30395
1.64951
5.70509
1.25672
5.91231
6.44353
2.86711
2.02366
8.5363
1.23155
2.56812
2.06829
11.9577
2.69152
12.079
5.63122
2.80602
10.5276
2.71176
0.723716
1.46836
1.82464
3.46415
2.47435
5.01877
14.4828
5.19057
1.20147
3.10079
5.82009
3.92805
2.97852
4.76553
12.3865
1.11667
4.23258
4.85349
6.67015
8.32327
0.960388
9.71154
1.09239
3.27856
4.42962
2.54988
4.07228
6.37354
4.96131
5.19185
2.53424
6.90172
1.63111
1.21209
11.6771
3.9697
1.15202
3.98544
4.00772
5.19759
5.93048
2.20279
3.05117
3.33602
14.1876
2.98423
1.8049
2.52637
9.05548
0.910323
4.19439
0.574615
2.32817
1.26387
2.59645
10.4653
1.99418
3.12962
3.20961
1.65395
2.53802
2.43528
1.20892
3.40138
2.11278
2.10476
3.68504
4.01928
7.16139
1.43263
0.684288
2.80686
3.00494
3.20132
3.64878
4.94477
2.52025
4.54413
7.26086
4.63883
5.06818
1.76448
1.17337
3.90376
2.38042
6.1939
3.02317
4.09592
2.80107
9.5202
1.33753
1.46783
2.10807
1.09509
3.30137
2.1665
2.17139
3.89289
1.62017
1.06118
4.48189
1.92964
9.31838
2.45023
1.00381
4.13998
1.86703
2.35114
1.4594
4.79252
2.66446
4.71155
1.53298
3.5801
2.82416
2.07131
1.57519
2.9102
8.46658
5.78981
1.03636
6.98954
1.12384
2.31953
3.30015
1.85511
11.375
2.31512
1.52168
1.68049
3.43305
3.44377
1.78663
5.17295
3.41778
1.94116
5.39631
5.08909
3.77181
9.0248
1.78887
2.52294
1.38633
0.943814
3.14585
2.24572
3.48622
2.43371
2.86183
12.6712
6.82445
10.2395
2.50189
7.56321
3.17644
2.27931
1.23424
11.3675
3.13222
3.33993
3.39607
4.55686
3.62177
1.39174
2.54252
3.86623
0.798087
1.88953
4.9294
3.2775
6.4695
6.80141
0.807811
6.13823
2.58863
0.80255
2.18162
0.167665
0.738939
1.8096
2.3734
9.114
1.6974
2.26842
4.96419
2.03437
7.41719
3.0564
9.18843
6.3011
9.33319
2.49311
2.55464
3.47908
3.05299
2.43204
5.03018
2.56571
9.6902
5.60999
3.48979
2.35363
0.966567
10.2454
3.78583
9.83065
3.48513
0.733987
2.6183
1.31127
4.1102
2.47058
1.41513
1.90868
3.16603
5.84923
2.47455
2.94485
11.4822
3.81506
8.28663
3.56979
4.81977
2.07893
2.77869
6.85371
0.877777
3.99283
9.37641
2.50705
7.54341
3.50557
0.779923
1.97916
1.2689
5.12345
7.36375
2.5615
1.28973
0.612008
5.20904
3.87516
3.01588
3.50287
10.8445
3.48081
7.05109
2.48366
1.89936
2.42483
2.52624
4.15828
2.20463
1.11506
2.67899
1.67047
3.82436
1.88378
5.71501
5.05057
7.08318
0.364833
2.36436
2.06895
1.70845
0.972391
3.9204
1.94393
3.18809
2.76082
2.59747
1.0921
3.00114
9.1223
3.05925
3.38234
3.83036
2.9458
1.54827
1.79864
3.9189
2.06393
1.60167
4.36922
6.31941
2.70595
7.03944
2.95063
0.621187
2.7884
2.14402
4.20145
7.83209
0.515462
3.23284
1.58782
8.37547
1.24581
4.84113
1.94277
4.01503
5.54887
2.48003
3.3797
0.867881
1.31735
5.324
2.76376
4.11169
3.01665
2.2376
1.85257
1.96602
8.79919
1.19096
9.80534
8.2846
1.78324
3.70873
10.8986
3.34403
3.20479
6.57151
1.22722
2.06596
2.53357
4.6571
3.51332
13.5829
1.6724
2.4121
1.15687
5.0403
9.7681
3.11583
6.2628
0.663825
3.6677
14.8349
1.9783
4.64092
1.09866
2.33705
3.68218
5.3191
9.19447
6.10162
6.64268
2.28699
2.03785
3.11277
2.0358
3.56713
1.56362
1.30223
11.9461
2.05331
3.39493
4.27923
2.66579
3.58454
2.72507
0.962515
6.73686
2.94442
6.73727
3.0665
3.47373
4.54833
1.86599
2.27711
2.3873
3.28941
2.0852
3.89025
4.84205
1.8574
3.46513
3.23723
3.02997
7.75302
0.669809
3.38081
2.93613
1.80362
3.71325
3.52707
4.26461
2.69263
2.04566
2.97314
1.61108
4.64904
3.27456
1.50433
9.86643
1.13835
4.54193
2.15121
2.32911
3.18583
0.65626
2.75754
10.0299
5.20211
3.4435
6.09226
5.37172
5.73688
2.24341
13.5519
11.3958
0.813575
0.501365
1.27511
2.17397
1.42352
1.12438
8.18431
3.32884
4.23804
3.56423
10.9618
6.88594
2.58497
5.39548
1.98372
2.2564
0.715492
7.33937
4.04157
6.91668
0.553604
4.62831
3.36875
1.72295
0.894975
5.56757
4.83194
14.9582
1.35016
5.00895
4.62552
3.06157
4.36806
3.67618
3.69925
7.52309
2.52758
5.24446
5.36304
0.881969
1.93109
2.71668
4.81746
8.38865
2.33918
1.6566
0.827713
1.24369
1.51044
1.10835
1.50604
2.75065
3.99477
5.88899
2.43862
13.1773
4.7213
13.7749
1.24541
5.12987
7.48009
6.50457
1.98657
7.06509
11.7245
3.09598
2.3685
6.91481
6.6595
1.64116
3.28103
5.39769
5.33781
4.42571
0.881072
0.832676
11.1756
2.87451
2.50122
14.1269
5.90774
1.67622
3.02289
3.30814
3.26958
3.65113
5.25295
2.51023
3.03533
4.20555
2.95568
2.21984
4.52228
7.26885
6.04412
9.31931
4.9105
10.6096
4.5616
2.22681
3.4478
1.42825
3.74115
6.06671
2.94008
1.77212
1.39584
0.599484
2.23935
5.19414
6.77699
1.56407
2.42581
6.89562
0.806405
1.67854
0.465367
1.00856
5.45923
3.9766
10.3772
1.84961
8.05159
4.06895
4.96907
8.61819
3.12487
7.15398
7.48582
0.453552
3.04935
6.73321
1.9698
5.17626
1.03691
1.91958
12.3516
1.24788
5.00926
4.9065
10.3405
9.26819
4.80022
4.65549
2.04574
4.08996
0.639473
7.58918
1.56134
5.28579
5.79758
3.23862
5.56776
4.80324
4.75118
3.80387
4.86495
5.98888
6.68639
2.14171
4.7059
1.70041
6.51075
1.36898
1.85599
8.60785
6.23223
1.28086
11.2486
5.92327
3.54934
4.51971
2.45238
6.65153
1.08341
0.771266
2.1384
2.4443
1.83363
1.13214
4.81249
2.42073
1.35838
8.84248
3.15399
1.82718
3.16759
6.38531
2.14125
8.8322
4.1907
2.76133
3.76574
2.80691
2.38864
3.84295
3.68755
2.42078
2.34579
2.60541
4.41654
7.05726
9.09785
11.1483
1.7213
7.98315
5.13765
3.60877
1.246
2.29971
2.64746
3.40053
2.05684
0.621849
7.86568
13.6626
1.13103
3.62843
6.46453
13.1158
5.14019
5.08435
8.28684
5.4257
3.39932
1.10704
1.3314
1.48051
1.09122
2.97026
2.75084
3.8305
2.49546
3.44875
1.66638
2.64455
8.60978
7.56277
2.70298
2.3473
2.75324
0.976786
1.88466
1.55584
4.74854
1.7022
5.57961
2.56552
11.1095
3.97266
2.84605
11.3842
2.24128
5.40557
8.82177
3.88994
11.0068
3.95889
3.26526
3.40788
9.12745
1.60471
3.37809
3.58845
3.86562
2.45401
1.69904
4.1642
3.51903
3.73332
2.54489
1.31042
4.16941
2.47057
9.00009
2.33558
8.79077
1.24105
6.00304
3.15035
4.76874
3.29636
1.76411
5.04213
1.15087
11.5175
2.16524
1.73385
6.6901
3.90215
8.68065
1.4946
3.13303
3.57315
2.60275
1.3824
4.08418
4.5841
2.78436
2.35541
8.83592
4.34379
0.731314
2.57115
3.24694
6.8426
11.6066
1.78893
4.05846
2.53366
11.156
1.69636
1.83769
3.74792
1.6436
5.46595
2.23538
2.34478
2.95107
2.48764
4.00977
2.31162
2.45176
5.24375
4.22389
3.10034
3.06556
2.34395
1.65947
5.06821
7.1891
4.43468
2.18428
9.61393
4.85819
1.50289
6.13917
2.37908
10.1806
3.33995
1.67774
1.34654
5.96921
6.52166
3.39263
2.23958
1.46901
2.5571
3.61124
9.09696
0.548157
0.839497
1.96515
2.17786
8.87637
13.2028
11.1655
2.14912
0.757886
6.96471
2.69927
6.14027
10.227
3.039
2.30244
4.79191
2.46174
4.20949
1.38132
2.56457
4.54397
12.9737
1.80184
3.67456
1.34829
4.51353
2.68493
0.710116
11.6556
3.0279
2.29952
6.36709
1.85602
3.434
1.69891
5.67404
1.92887
3.47196
13.2833
4.30032
3.05993
4.14278
1.53928
2.67536
1.39405
3.22113
2.75987
1.49385
0.797846
3.37203
4.98133
1.3371
1.27192
1.98911
4.28523
4.31204
5.90792
2.61154
2.67374
1.29407
1.87644
6.30009
7.92147
5.69094
4.30621
5.98866
4.72862
1.55465
2.76716
2.43722
5.82655
11.4346
1.12287
1.77182
1.69343
3.99522
6.59725
2.11413
3.40806
2.02483
2.85923
0.900628
0.88381
0.955165
3.11147
4.78884
13.239
4.81926
4.86485
1.94189
1.84308
4.52271
8.97236
3.68127
5.25818
2.34265
2.29452
5.62538
8.04334
1.85897
5.53858
2.92495
3.30036
2.99301
4.67348
3.53029
4.86197
7.69954
10.8844
2.33306
1.96003
8.94624
3.92776
7.89571
4.63159
2.40645
0.478776
1.81067
5.63104
3.39879
9.02354
2.61282
4.79485
6.44407
3.42017
3.41972
2.878
1.68593
2.37233
4.68571
0.936858
2.16589
3.72512
8.23952
6.45179
4.13253
3.80407
1.10559
0.918214
1.45918
5.04013
8.8245
8.70921
2.56707
13.3805
10.4595
9.09309
3.3793
7.26952
1.9058
1.24156
2.01837
1.89827
2.30377
1.81605
1.88708
5.92834
5.29569
2.52281
2.48004
3.24576
13.1496
0.754883
1.57968
3.05422
1.31675
5.01876
3.2735
3.12216
2.33061
11.3398
5.25007
3.77266
2.13147
3.21243
6.91774
2.0753
7.53752
1.54699
5.96991
5.9566
1.43867
6.13236
8.91073
1.51883
3.29252
2.50076
1.35067
0.987767
3.14923
3.60528
4.17367
2.93493
1.89668
4.73266
4.79987
1.37991
2.56866
0.911866
12.3335
1.5035
8.05799
6.20575
1.23454
5.27168
1.99648
2.22124
3.79727
3.63266
6.50521
4.06602
1.58333
5.39214
6.53351
5.37166
1.75788
1.82048
2.22734
3.63675
4.834
2.25773
3.35791
1.06136
2.56317
4.41569
9.32237
0.429784
2.71761
3.69831
1.17999
3.33508
5.34788
1.93255
3.61105
2.18353
3.31703
10.9478
2.33817
2.6756
3.59162
6.45732
7.56883
1.28108
1.47582
2.21428
1.01547
3.96599
3.5315
3.70261
3.95913
11.1973
1.6429
3.02019
3.52434
1.53104
0.976287
0.985013
4.50621
1.48228
2.2658
4.41537
6.73324
2.86829
2.82103
0.53021
1.63638
8.32064
1.36062
3.12694
8.44634
4.6756
4.03052
4.4621
4.14518
1.25965
3.44839
2.6559
2.96155
4.52256
2.46612
3.90386
2.22276
8.34993
1.01511
0.451705
7.86736
3.19983
2.52308
1.65055
14.8371
6.52726
3.13181
3.69482
2.41118
2.61738
6.51991
2.70679
4.04154
7.46757
8.03192
0.967104
3.85579
4.26694
4.29319
8.10507
4.97948
3.01787
10.5285
2.15679
13.1393
5.9611
0.938265
2.89319
4.51465
5.32843
10.8151
14.1263
4.29516
4.29371
5.0308
1.43994
3.66451
9.36398
3.05163
4.15823
5.72729
2.32383
3.9606
4.91311
3.78995
6.90225
6.14375
6.27231
3.12943
7.44655
2.26903
1.75562
2.06596
1.49372
4.0213
0.789219
4.73622
3.56397
12.0472
2.94602
1.6593
5.81717
3.9507
6.65116
4.09913
4.43345
4.81931
4.85782
2.84152
14.8068
2.52958
2.38044
3.49989
1.38953
2.1336
1.95791
5.68539
2.88234
0.883679
5.06577
3.19787
2.19404
13.6341
2.48133
0.886749
1.94733
13.5294
8.34152
2.02134
2.16716
0.927608
2.03344
2.41206
13.0873
2.75475
2.00319
3.77283
1.85715
1.03239
1.48843
1.68864
4.82127
4.77274
5.19007
3.71228
4.01007
2.27296
2.94005
2.75068
4.10473
2.69665
4.38337
2.23226
1.51786
6.96596
6.79726
8.02646
2.6586
3.67009
3.81827
13.5793
4.43273
1.53157
4.60219
1.13619
4.99442
8.05625
3.95336
5.62922
3.04812
10.9376
1.82574
13.6683
1.99487
1.56683
6.93518
2.13475
4.92296
3.21279
2.85803
7.13997
1.70096
1.11727
3.90753
2.78841
3.00299
2.49912
14.6107
4.69974
2.97143
13.4891
1.05234
5.11624
2.94715
2.50318
10.1952
4.0808
3.75463
2.79323
2.79729
2.31603
4.61759
4.98251
3.33275
3.38805
5.29323
2.90255
2.63062
4.9074
1.41443
2.5896
0.791958
1.42424
1.23092
5.02799
5.76534
1.53965
4.01985
6.206
8.13367
9.52009
5.96605
3.57256
10.714
2.99013
1.98391
2.55078
1.61474
1.40492
0.955897
2.74817
3.46645
6.68164
1.93849
1.76745
12.0606
2.44993
3.53727
4.02933
4.01564
1.57526
4.61346
1.82176
1.74468
1.61914
2.04477
4.92138
1.10616
2.62425
1.04778
1.31853
8.46194
2.06687
3.02218
8.52699
5.4917
2.25555
5.42056
3.69894
1.42481
2.3007
2.53906
5.65398
0.529511
6.33565
1.61265
1.86719
8.10691
0.774815
3.95803
6.55395
0.939449
5.95345
1.92312
2.24001
1.58343
5.62126
3.94619
5.35286
2.63991
2.86557
1.43343
0.733425
3.01158
3.72667
2.14972
2.04768
6.45903
1.74626
3.02276
4.28097
1.91017
2.73391
3.31654
0.942464
3.62957
2.13116
1.12991
1.63441
6.09569
11.8218
1.34466
0.978354
2.37625
3.44594
2.35961
10.8004
2.51994
2.46131
2.60036
2.5382
8.30706
3.00072
4.44736
6.32206
1.12467
7.32626
3.1838
7.75856
0.768063
1.48089
10.4355
4.39991
2.71897
4.59686
1.465
2.13842
3.62071
2.05959
2.5931
4.80666
6.86172
7.18141
2.26908
12.0455
6.12573
2.20805
1.14663
1.85336
0.528419
5.09152
11.2302
1.22148
2.52216
3.00208
4.25264
1.04693
3.98482
0.698846
2.03916
3.4108
4.88379
8.44805
3.05638
0.974305
1.9818
4.2604
2.19751
2.15398
5.15776
3.50318
3.53469
2.85881
1.49056
4.84396
2.7662
6.57619
3.93032
9.93344
1.92671
4.20284
7.44052
3.4909
1.83304
2.19565
9.74922
2.89622
4.47705
4.53772
1.99826
3.72866
7.1586
9.06841
2.12716
2.36693
0.700265
0.776696
4.42388
1.18587
2.96181
0.903158
2.13631
1.33897
5.15284
4.02621
5.98516
2.27459
1.75985
4.63609
2.5453
8.78688
2.56107
3.54865
5.58629
2.6722
1.32635
4.53919
1.10486
3.59035
4.51189
4.45445
2.75899
5.34123
11.5336
10.3029
4.10538
2.62095
3.42441
3.97094
6.04934
4.94017
4.31031
5.64639
3.7248
5.23537
2.59677
1.51458
5.98048
4.56869
2.01701
1.73415
5.424
7.37801
5.82828
5.76273
5.30264
12.4679
5.81569
2.43482
2.04823
1.57854
3.92987
4.61457
5.98872
13.0441
3.7985
1.30094
1.65707
4.11975
2.21364
3.1805
4.16548
1.02368
1.14658
1.88682
0.981473
10.5136
13.1028
1.18309
1.18035
1.45821
3.32928
13.9166
3.37313
3.00796
4.46724
1.69595
6.1016
4.5318
2.21122
5.61591
4.98336
8.32833
4.15043
9.84692
0.52676
3.4148
10.2341
4.20217
1.91248
1.54097
1.61992
3.55373
3.89509
3.68926
4.20451
1.97962
3.70674
3.62904
4.65165
3.67317
10.5897
1.02585
3.27602
5.99908
2.2815
0.626333
9.72891
5.59666
1.50362
4.87312
6.80698
5.35905
5.67527
2.27851
7.58133
2.1831
4.17444
3.76888
6.63709
1.59237
2.27125
1.95746
2.23221
2.4564
4.0065
3.27523
3.25947
2.4819
4.39363
3.45641
3.08983
1.54435
0.966889
4.8962
3.63116
9.15989
2.95945
3.17856
5.93521
5.28336
1.59997
6.5065
3.96093
3.32052
0.947776
1.78484
1.89062
1.89586
2.38149
2.0527
4.79603
2.47519
3.41194
7.82437
5.775
9.25407
5.73841
12.7588
2.53714
1.94519
2.43398
2.84216
1.09456
2.47828
9.36063
2.15448
1.11493
7.89546
1.55566
2.76835
1.62998
1.31647
2.96014
6.9491
3.4559
3.33991
0.891822
3.89921
2.59772
1.54841
0.790056
13.7638
3.28905
1.21178
3.37321
7.74566
1.47407
14.2076
1.19998
14.4119
3.79706
4.28103
3.77294
1.01637
1.42426
2.47297
4.38972
5.99321
2.2706
1.49021
8.58189
3.02512
2.06887
8.20171
0.971785
2.72028
2.93914
2.95631
8.90656
2.29504
2.20454
3.84572
1.53704
2.30494
11.4074
3.27978
6.46158
1.44183
7.62333
1.04666
1.57224
5.15989
10.8405
1.89124
6.27607
4.38676
2.45104
2.71028
11.5977
2.78971
8.82355
7.30706
5.59885
3.17294
1.57927
3.48412
2.02553
2.50962
0.789698
2.2466
2.93921
1.49131
1.85405
10.8281
2.24096
3.07054
1.63815
2.8163
2.47874
1.77476
1.28583
9.7602
3.32895
0.824247
1.75066
6.60679
3.28498
2.96946
5.38615
5.6653
4.42584
1.74562
5.81505
2.28559
2.6712
2.30786
2.14424
3.35433
6.63067
1.52407
1.65298
1.11306
3.51154
1.57136
3.0865
5.68844
4.09483
5.09989
3.06317
1.89353
0.964092
2.11439
3.06403
3.49474
3.6921
5.97195
2.04245
5.84762
2.80012
3.11878
1.4376
2.64115
3.85971
4.03018
1.77311
3.04567
6.4182
6.03886
5.63807
5.56359
1.74897
5.4536
1.63273
1.8548
5.7844
0.753472
5.59291
5.03625
1.19857
5.01908
3.1275
9.23653
1.21466
1.72544
5.40072
14.827
10.2806
5.41087
1.90074
6.56036
1.67264
3.42896
5.52788
6.39343
3.11066
2.34911
11.4392
1.81146
2.33261
2.68414
2.48201
3.1141
1.94971
5.09761
1.38069
1.94571
7.70643
6.42246
3.2224
3.23865
3.31194
8.03488
2.76276
3.02628
3.15405
3.05193
2.59188
4.45455
4.67363
1.88037
3.99744
3.95833
2.79246
7.0183
6.88952
2.25549
1.27362
1.48765
0.608458
1.55088
3.08129
1.86711
3.67637
6.22676
9.05268
5.53413
2.68578
1.96891
1.86162
2.45282
5.97099
2.87065
2.91091
4.44032
3.50877
3.43236
13.9695
3.22795
4.86348
7.44758
1.54256
7.37594
3.41132
9.23897
2.26431
4.7497
0.859073
3.39522
1.98952
7.5749
1.53952
5.46013
0.78855
8.42583
4.5305
9.29069
7.47272
0.419851
13.0666
6.05268
1.88519
4.12312
2.54828
1.83043
2.78968
1.91552
3.24877
0.578708
2.06409
2.00526
4.40984
1.15096
6.55022
2.7576
3.82326
3.8727
2.66553
4.41906
0.968302
3.40144
8.97732
8.1856
3.63619
3.85276
3.04117
1.51446
1.65125
2.80091
3.9829
2.38667
3.18556
4.37243
4.71837
4.56947
3.69601
3.06363
2.62565
5.56732
4.80783
3.73797
8.73616
6.15947
4.55911
2.23266
2.6207
2.47415
2.45121
2.05657
3.31104
3.45963
4.95945
4.48637
5.23308
7.99509
3.21087
2.39943
2.88055
1.75922
4.16621
2.88361
1.45223
0.940089
5.34772
1.38541
2.16995
3.28728
3.32801
2.7236
6.19833
7.50602
2.86296
6.50132
2.72492
6.78863
4.92849
0.891579
9.27868
2.23044
1.9713
1.77273
3.02364
6.85247
8.83523
3.86149
8.87288
2.05202
5.98931
6.85738
3.17522
3.91717
6.76448
2.91694
6.83038
2.84455
2.35633
2.71088
1.51815
2.07924
2.07663
12.4489
3.86132
2.60587
2.64603
1.4997
2.65945
3.59733
1.45512
2.27838
1.74885
8.20515
3.46879
3.03985
1.52469
12.7233
2.79849
1.38806
5.21718
3.31666
8.14376
1.88594
3.28189
3.45152
2.12616
1.49932
3.16793
2.9187
6.13101
1.62636
3.19128
4.35159
3.65315
3.33704
4.4175
2.44176
2.06961
2.07356
5.17235
1.31527
4.18446
2.6947
2.04615
4.84957
1.81656
6.36704
6.64158
6.91549
3.25455
1.8604
1.69836
2.57463
2.87405
2.07534
2.63792
6.97791
1.13088
3.51631
8.20394
0.836396
3.67772
1.63415
2.6384
11.159
1.73887
6.26733
2.81104
3.46862
2.448
2.43493
3.76053
7.94889
12.2736
4.00704
3.95328
3.27168
4.22006
6.3617
1.13545
3.27499
3.55758
2.9998
2.32747
1.14995
1.56929
1.71835
1.43321
4.49782
3.3842
1.81024
3.967
3.60035
0.672253
0.357988
5.32082
4.66014
8.36401
2.06675
5.59818
2.62349
3.77514
1.29527
1.76764
6.62782
3.68138
2.45804
9.90432
1.41854
10.6114
3.2841
8.2318
1.68315
2.93135
7.55615
3.04103
3.30235
13.1464
1.80242
1.45765
12.5404
2.00918
2.64051
1.5524
1.93253
3.73779
1.02985
1.55653
1.45213
1.74357
1.58661
2.58607
3.28054
2.47545
9.75425
2.37598
4.8801
1.38059
2.68629
2.38024
5.57402
0.870523
3.31055
14.8844
2.33485
2.37009
1.59277
11.2082
4.49816
3.11441
3.45198
4.52313
3.06198
2.39526
3.21078
0.874918
5.32822
1.02516
8.90909
2.95672
2.55163
1.45188
3.78435
8.5746
3.13855
1.14894
2.2472
0.803142
3.68904
4.827
13.3512
2.15827
1.36377
2.36676
2.48444
9.0989
1.88589
3.82991
3.40072
2.97241
2.29425
4.6318
2.19955
2.10469
4.65155
5.9313
2.6806
1.23276
2.03179
4.30491
5.8562
6.23588
3.72258
2.4307
7.27265
6.48975
3.26741
1.91735
2.29976
0.600671
4.96055
2.17631
2.27399
4.42671
2.93427
7.40478
2.84375
2.29997
9.28674
5.27555
2.68274
3.40603
1.18363
6.84877
12.9129
1.91003
0.77675
1.27325
2.42831
2.2053
9.36275
2.61148
2.51878
8.97658
4.21505
7.2411
5.90507
3.55663
2.17598
3.03521
1.30006
3.41708
0.966932
2.81224
3.37108
3.77847
2.10881
2.6119
6.56024
3.27441
1.9927
10.157
4.13442
0.52283
2.92059
4.04443
2.8147
4.61672
2.98849
0.45156
4.78175
1.85924
4.6072
0.748691
2.39429
2.54873
0.649669
9.9344
1.64119
1.84118
5.59485
2.62973
2.0774
4.09043
3.49893
2.4581
7.50016
0.787072
5.36105
2.613
3.04004
3.03376
5.47788
4.81564
13.0277
3.06372
2.76894
2.08412
8.82933
0.906166
6.13643
4.11242
2.59965
3.94102
10.8812
5.36558
2.79663
7.30968
1.58474
6.39078
3.78659
2.93618
5.91276
0.942949
14.0241
9.115
1.39507
2.77264
0.675849
1.84446
1.5299
5.72777
1.88462
5.5782
2.80245
8.7688
3.21354
3.87321
1.1841
2.2154
1.71003
2.32918
1.58233
2.12001
6.40812
1.71916
10.3082
4.90924
2.82909
3.61499
3.16386
3.38928
10.2819
1.3927
8.17057
1.59926
1.60456
2.7624
13.195
3.98086
3.27246
6.2062
7.24138
3.91458
2.12586
3.29712
6.38903
1.18564
0.818038
2.12116
1.96309
4.4312
4.44831
6.81925
1.31972
8.14172
2.70295
2.76783
6.97006
5.92663
3.0645
4.52902
0.921272
2.56241
1.60065
2.15837
1.41392
7.16625
8.86356
2.16332
2.43041
3.92949
1.5495
2.53853
0.628852
5.22163
4.3038
6.41494
2.18822
2.57613
11.305
7.34608
7.53321
1.8036
7.43139
1.8894
2.60764
2.20811
4.60705
5.49638
13.9881
3.66577
2.49386
3.36632
0.697729
4.31697
7.88637
1.26712
1.92581
3.06254
3.1245
6.33346
3.57243
2.67788
2.76081
1.5735
0.803429
0.739057
3.75836
3.393
1.43624
2.51694
7.69255
1.31138
2.08146
3.88972
2.17611
4.77763
12.5747
2.78458
2.58781
2.97583
5.73639
8.98449
3.66092
2.60919
4.30852
6.64629
0.686689
2.40895
5.87462
3.92868
8.18018
3.27711
7.76869
2.13615
2.19533
3.29358
1.95184
2.60933
1.05894
2.01368
2.41523
1.73313
4.71377
2.73818
10.467
1.21221
8.13091
4.14195
1.68137
3.78826
3.5138
1.19688
0.89307
1.30476
5.5085
5.97523
1.90423
1.84161
3.90852
0.790436
4.02882
1.34646
3.05133
1.36953
1.83601
6.3113
5.27733
3.80002
1.83694
1.58951
4.22293
2.7473
1.92891
1.37348
3.33728
1.34134
6.19532
6.20539
2.57502
0.931375
5.41502
6.72317
4.98795
10.5488
2.30278
2.47418
3.70182
6.10043
2.42143
1.421
3.458
1.73345
7.00929
0.825983
4.61983
3.58785
1.89123
4.78353
4.04845
1.42491
1.8414
12.9078
2.63652
1.52819
6.16336
0.858665
2.92655
1.4082
1.67854
2.10952
0.055848
1.61997
2.02285
3.36632
11.6922
4.09844
4.00961
3.98558
5.70041
4.03259
2.86718
0.902871
6.08255
3.74334
4.03156
1.81922
6.94887
3.67684
5.24942
2.01401
4.97851
3.97748
4.94671
2.68523
1.7263
4.7915
2.15031
6.91248
2.70664
11.4652
1.77392
6.98365
3.30795
1.68512
7.90728
2.61645
1.12392
0.970491
3.17916
7.34906
4.75764
2.3073
4.02837
2.54093
2.5658
5.04169
13.8198
4.71541
6.25383
4.26886
1.26039
4.16764
3.2091
3.66139
5.51408
3.44042
4.15132
5.10097
3.84736
5.47873
2.17901
2.58962
3.53234
2.6382
2.62118
1.34979
5.23431
14.1228
0.599423
5.23285
0.342607
11.8882
5.18887
2.68765
6.1361
6.69845
6.39022
7.82893
12.8774
2.09727
1.02425
2.3872
3.64862
2.81102
8.53282
3.65281
2.96007
3.13143
2.09106
4.16814
4.81325
8.58536
1.98076
0.430631
10.1676
3.01477
6.77946
2.93869
5.91901
2.14497
8.78765
4.15762
1.60354
2.51621
0.912662
2.17333
5.96764
5.87277
5.10071
5.21521
0.701392
1.65992
5.84603
1.98364
7.57966
0.444839
3.83287
3.20542
2.5844
3.45311
5.46311
3.70969
3.32759
7.82408
7.01113
2.89625
0.740165
9.8179
2.26998
13.5316
2.11085
10.626
1.82558
13.6073
4.83579
1.96884
2.70195
11.2449
1.04688
1.229
3.28293
0.720956
3.42786
7.5273
3.99308
2.72541
2.98033
2.24698
3.71559
4.90992
2.87208
3.4753
6.65604
1.68181
6.67566
1.14058
3.79828
0.662603
3.61003
7.16411
2.31079
3.20783
2.91593
4.52312
7.32247
4.56291
4.96567
5.09996
1.85371
2.76895
5.48354
6.62177
2.37705
2.14303
2.04272
3.33951
4.66977
3.57388
9.61215
0.985418
2.30379
2.58393
5.35859
12.4464
0.95506
3.25501
2.2348
8.60164
6.61941
3.34386
3.27415
1.33501
4.36949
2.67558
6.61362
2.341
3.14701
2.61774
1.0041
2.25299
0.778516
3.83899
3.18968
1.08141
4.37655
1.75721
1.50748
1.27728
4.3125
1.74226
2.26577
3.74579
2.09317
13.349
4.42795
4.02519
2.06459
4.87335
2.2962
3.72024
1.57036
6.77262
3.65188
5.43358
4.81274
10.3192
1.35254
1.427
0.819201
5.4083
1.78262
5.6418
11.795
1.66961
7.63464
2.27651
2.89733
9.17487
0.791107
1.79945
3.3689
1.51369
2.05409
6.02466
5.27088
1.93615
3.86396
1.59126
1.21762
10.4879
2.69688
1.46315
1.0304
5.31146
5.99353
2.15156
1.77443
1.30144
1.8609
7.82121
3.42045
5.00887
2.60805
4.47782
5.43272
1.96742
4.53704
2.55233
10.0651
1.46736
2.03207
5.13155
0.515947
4.89409
3.26509
2.2875
9.35764
4.21266
3.30612
3.91988
4.5098
1.2078
6.67404
3.71795
5.24451
4.1687
3.28451
2.48145
3.69198
5.99483
11.0382
5.41722
3.16595
2.42558
4.20042
3.35161
3.53448
3.31329
14.5266
3.21583
8.62723
3.58557
0.832683
7.05841
1.81541
3.34119
5.68912
6.03847
9.10134
1.5936
0.957969
3.54718
1.5239
11.451
0.891014
8.71985
2.77111
1.1432
5.33589
2.54491
6.99191
7.92804
2.89429
3.74047
3.81818
3.89215
1.73057
2.77599
1.5753
2.14267
2.10108
4.26904
4.64785
1.24337
3.2137
2.57743
2.37851
0.997807
7.04681
1.15463
7.18217
2.97458
0.623418
2.83036
5.57865
6.06643
7.11966
3.47524
3.40013
4.81013
6.2932
0.473749
2.28958
2.86673
2.87049
1.21583
4.04036
2.50455
2.03244
3.61104
0.868958
4.01968
5.17294
3.76554
4.91524
3.53303
5.922
4.32337
0.670259
0.654167
1.3182
1.53513
3.44195
5.60479
3.38501
4.59797
4.81224
4.89609
0.856345
5.9316
3.96041
1.2887
2.33549
1.13403
2.41149
3.68345
2.63756
1.92593
2.49719
8.16651
4.25856
0.239966
1.86045
5.71727
1.65918
4.76915
3.61408
1.30397
3.11883
6.71853
2.33635
5.14234
4.29207
3.19902
2.4435
1.05751
2.69908
1.64624
3.13157
1.40254
2.7856
3.99039
1.39858
1.02289
1.24545
3.25087
1.83505
0.824826
9.39955
3.4232
2.24009
4.56082
7.04418
4.07469
2.82144
4.40285
2.42588
3.20626
9.74331
3.05742
0.968755
5.62174
2.36561
2.84162
1.12102
2.7444
3.03047
4.74092
4.12312
2.97331
2.19501
1.86957
1.25665
4.91468
7.1451
3.6463
12.3139
1.67039
7.82919
4.73755
12.5212
13.963
3.31974
2.21175
3.03907
9.90881
7.36661
4.27018
5.56187
1.07966
1.50324
3.11193
1.49147
7.10298
6.31909
3.83855
2.4623
9.31295
2.2401
4.55173
7.22976
1.84038
2.33384
1.27108
4.95841
3.1163
4.70854
2.28954
2.59565
5.71157
2.76856
1.78717
1.55787
7.62608
2.90349
2.54316
1.85467
2.51084
4.57541
2.78464
13.0492
1.74116
5.63841
1.42135
2.29751
2.08794
0.989779
2.31705
3.87302
10.1363
3.38492
12.0455
2.39956
3.61583
3.19188
0.354837
2.27623
3.09126
7.81338
6.56968
5.16835
5.82587
4.06462
2.12452
3.70216
4.91355
1.7896
1.53011
0.860547
4.68602
4.45122
2.62743
3.58959
6.15974
2.2859
1.14338
1.0349
0.875474
3.32019
6.26096
3.58197
1.10929
2.90802
2.34789
1.894
1.32769
9.01114
6.91187
2.05334
3.44943
3.3623
10.6439
2.96456
2.48197
2.84649
5.62319
5.75789
1.32255
6.58736
3.00703
0.728278
2.791
4.62002
2.02621
1.03444
1.43245
5.14887
4.08076
3.85739
3.01965
1.51195
2.51396
2.1956
1.9609
9.18613
2.23701
3.59056
2.10406
1.87366
7.40672
5.96691
1.40598
6.26564
2.09827
4.31877
1.59501
2.0251
3.12853
3.69266
2.50516
6.42926
4.21243
2.35081
0.998988
1.84136
1.22914
4.72665
6.04737
6.19921
2.71096
1.22595
6.42735
4.91716
6.27151
10.0428
13.9348
6.44642
1.81746
2.06512
2.08882
0.841866
1.27088
1.98578
3.82255
6.84646
1.56403
2.59236
4.62949
3.89101
6.09366
2.10167
0.792176
2.3345
1.68753
4.19369
5.51806
2.09568
3.8191
3.63006
1.79854
1.31432
2.14439
3.2232
3.62344
1.90527
3.84139
7.86188
2.78259
8.6989
1.60642
4.50646
3.03701
2.3216
3.85788
1.07921
2.08134
3.72377
4.19749
6.67457
7.8494
12.8252
7.70178
8.23194
6.38884
4.86008
3.72563
7.65578
9.29775
4.98045
1.91219
1.57281
2.10149
3.21478
7.94415
6.38192
4.86961
2.87575
2.23459
2.13555
3.84203
2.01084
2.24957
6.62831
4.0627
9.36214
3.71
4.20716
5.9326
3.27732
2.5708
2.03151
3.40512
2.70738
3.36493
1.10809
3.07162
1.60307
2.54233
2.69681
1.27551
2.56278
3.96903
2.19189
4.25979
8.4969
3.72371
1.87123
2.66526
7.05862
10.1765
8.76585
1.8228
6.8595
0.854405
2.70995
5.30199
2.27007
1.94713
3.47666
3.85811
1.7293
0.921397
3.48455
2.72474
9.58215
3.01199
5.71521
0.385877
5.03406
2.27136
4.61144
10.3386
3.04007
1.26357
4.73034
3.55756
3.86016
0.473853
4.52101
4.80066
1.15229
1.79672
2.75812
10.163
4.66725
4.50168
1.96359
2.79805
4.55295
1.35115
2.05336
1.5335
5.07689
0.476788
11.9534
8.55933
7.8221
12.4376
3.98604
1.6224
3.46152
2.01464
4.45219
2.89152
2.8305
5.45171
6.06986
3.76782
4.77324
3.5862
1.80945
8.11974
2.93154
4.52773
8.38783
1.07263
1.37612
1.33735
0.792769
9.46363
6.34318
6.63154
3.40408
1.10543
1.73373
2.69962
3.91433
3.10373
12.3209
1.55247
4.10036
0.962019
2.09502
6.85314
2.7687
0.663178
5.32138
3.10257
1.03357
1.75781
2.72643
4.90575
4.02062
1.60577
3.05712
6.35928
8.75466
3.32981
2.48827
1.23848
0.925388
6.31607
5.12566
3.48783
0.804126
3.03466
1.93432
2.08274
2.8135
6.2078
1.59014
13.3
4.53464
2.88757
1.36015
0.718469
14.6304
3.98633
1.65929
2.128
1.3619
1.27408
5.71732
3.1409
4.90164
11.3595
3.43024
5.72033
8.41442
1.26576
1.56592
1.39237
8.79406
3.72923
6.58796
3.74867
5.19159
2.2785
8.64847
3.0603
2.02164
1.1342
3.35795
1.33803
2.41178
1.83106
8.60205
3.69486
1.83007
0.632473
6.54485
1.24659
6.40625
1.15987
6.39441
8.02182
4.89477
10.6109
3.98159
6.66625
2.20996
8.16764
1.98562
3.97439
1.44292
4.9667
1.98136
2.79632
2.54779
10.3331
1.94076
6.55204
3.14499
1.22136
7.57763
1.26463
2.41361
12.8179
7.23198
1.99547
3.02141
1.75177
3.19275
5.37167
0.793932
5.99766
8.03975
6.00285
2.7205
4.35364
12.3269
2.34829
3.21192
4.5857
4.42819
1.91603
2.61513
4.1538
5.7902
10.5623
4.0058
6.80863
1.86496
12.1813
2.83987
2.36564
3.5781
2.2032
1.37678
5.05016
6.14088
13.1262
1.95832
1.64525
9.99849
2.9819
4.59588
0.95685
2.82759
1.76704
3.21341
4.42188
1.53191
1.7032
1.42294
1.22072
6.3528
2.04215
0.804657
6.52305
4.96506
1.91966
3.66854
1.16209
7.54851
4.63845
1.54923
9.41657
2.6994
2.31231
3.27974
3.44293
3.83214
1.57233
2.27414
5.72622
5.93012
8.13575
3.29427
3.26682
1.65068
3.80119
4.70789
3.61358
1.89904
2.28102
1.32715
2.18182
8.23618
2.06168
1.03488
3.04263
1.41632
2.99542
1.6598
1.31095
1.96936
4.714
1.29006
0.145562
1.32432
3.77418
2.22505
8.11771
3.34432
0.464229
0.894368
9.70231
2.44478
2.53864
0.976007
1.69749
14.5187
7.49653
1.83419
5.71419
6.32963
4.5254
1.8728
4.62833
2.12875
2.59565
6.02145
1.74511
1.49502
2.19046
2.36659
2.87164
2.12862
1.25908
4.19505
2.06408
4.70885
2.9196
3.78561
5.46365
4.17108
5.75069
2.99243
5.31271
2.52217
6.45908
5.69939
2.23588
1.63212
1.17679
6.64255
1.76558
4.12208
2.48182
4.24298
9.881
10.257
6.55577
0.925987
1.81946
3.2303
6.558
1.5957
3.7942
1.7557
1.36637
1.22747
6.17782
4.74344
1.78337
3.43869
6.76713
4.31877
2.85544
1.50462
2.05432
3.1464
3.42985
9.72123
4.04822
1.89265
2.39237
6.97615
11.6293
4.60968
4.3406
1.86845
8.58565
4.15108
2.67381
1.77962
3.9551
3.16165
10.8326
2.54774
7.16291
2.31959
0.802784
2.78092
11.911
0.956419
1.90174
1.98745
12.0071
8.07511
3.86576
1.95397
4.41705
4.12079
1.84989
8.13398
3.41335
11.1011
3.39032
2.52958
1.94793
3.20697
4.80235
4.91753
2.13224
3.94882
1.25309
3.87601
5.16165
12.1332
1.3211
2.82039
5.37944
1.38174
14.9738
10.7717
2.96664
10.355
2.94246
6.59829
2.17612
8.58685
7.10988
10.2205
5.57016
1.9807
3.87391
2.93831
2.97719
4.18058
1.17814
3.75568
3.4201
6.20616
5.4669
1.65545
3.17481
5.39835
2.8625
5.85088
1.36502
2.93901
4.2315
5.26103
5.33733
2.65675
1.1715
1.39165
8.41355
7.01591
4.22431
2.46011
4.88677
1.7217
2.82421
1.04178
5.25938
4.17276
0.851897
1.78972
2.31923
0.460455
4.83783
2.56236
2.1097
0.608465
3.02195
2.59849
4.22491
1.31638
6.16138
3.01245
2.10038
3.10742
9.72995
1.65534
1.09784
6.95938
0.192687
2.54223
2.44183
4.8047
11.4038
4.14923
3.23741
6.84432
5.57119
0.679095
0.836881
2.57454
2.08231
2.26683
2.26951
0.904983
2.06244
4.57591
2.45103
0.991758
1.76184
9.18954
3.15305
14.9833
9.00833
11.1328
12.1398
3.56078
1.25254
4.81521
3.41138
1.41636
3.89641
7.35073
0.835811
3.02875
3.50864
5.92301
9.69693
2.23355
3.71169
2.13309
1.48128
1.17302
2.66799
4.25793
3.27722
4.13086
2.27261
1.20915
7.849
1.98587
4.59788
1.54647
3.63181
2.24741
3.939
0.75015
7.45852
10.2005
2.746
1.11499
4.19176
2.05661
14.0102
3.30975
4.68395
2.23284
0.908815
5.32085
2.95081
2.90503
3.44563
4.5422
7.39664
2.61563
3.76502
9.63507
1.94881
3.05901
2.40904
10.2981
10.3
2.87987
2.7963
3.06827
1.31631
3.20207
2.95254
1.43929
2.89897
1.71224
4.97183
3.4244
3.29051
2.22743
2.08931
5.06631
4.34497
2.42018
2.97851
5.8708
1.68533
5.67217
6.09937
5.92378
1.60179
5.12443
3.60272
2.29698
3.25252
1.5858
1.04919
4.98386
1.62597
9.91823
6.39123
3.24075
3.79088
10.5037
1.41518
2.5822
1.25929
6.47114
2.11078
4.57072
1.55466
2.22351
1.16412
3.67911
3.8755
14.3327
1.14182
3.95369
4.50196
2.29597
1.87535
2.4149
4.4581
6.20658
2.9109
3.51116
1.42007
7.31175
7.18787
5.79466
2.34602
2.08796
5.25702
7.72297
7.50625
1.32316
2.04341
1.80132
3.37392
7.47616
5.15115
7.6898
0.92182
0.531432
4.44024
8.13303
0.927596
6.81653
4.05459
3.25492
3.04773
4.21113
2.26439
2.57745
2.62316
2.96379
4.90516
6.86652
5.94539
3.75327
3.58727
2.93055
1.75695
2.2208
2.14168
4.17476
5.39288
1.65559
4.15726
8.37127
7.43239
2.8956
1.20529
3.45059
3.90398
4.21116
3.88695
2.66061
2.52163
0.616776
14.1619
6.60715
2.45487
3.48059
4.60584
1.36095
4.08445
7.86723
5.49679
2.09649
7.90589
4.52931
0.968558
4.15506
4.86744
4.12322
3.30573
4.03181
3.80948
1.49823
2.22411
7.38595
2.32196
5.66111
1.29679
1.54135
4.28041
0.937255
1.13387
1.52843
4.53688
8.23103
1.93194
3.10407
1.84647
2.74607
2.65405
5.44958
1.73175
5.5253
11.9341
9.90811
2.11833
3.19819
1.32022
6.94523
5.04132
5.80738
6.00798
3.40589
1.91974
3.17118
0.641925
2.16916
1.29603
3.10146
6.3657
4.74206
2.04641
4.20036
1.1268
1.60997
7.70024
1.32876
8.92613
3.57328
2.99557
4.6125
3.4295
7.15614
1.67063
10.1637
1.97638
2.83996
2.59248
7.69371
4.5841
3.42689
1.0801
2.40351
3.29783
2.44725
2.97791
3.16537
2.06982
6.50541
7.94268
3.84582
6.28498
2.99952
8.22562
1.83599
3.77634
3.28318
2.60929
2.38637
2.21868
1.75117
2.40887
4.39133
5.39711
1.967
1.98003
5.83973
2.51607
1.03052
2.19638
1.55435
3.36331
1.33134
11.2916
2.60523
13.6144
3.66851
1.17135
2.57877
0.458477
6.85698
3.4263
3.63199
3.81332
4.32002
6.43454
1.70522
3.23073
2.63145
8.50407
2.60273
2.77284
2.44382
0.829043
4
4.25408
1.60783
3.53066
12.7675
1.4697
3.53225
4.56294
1.96058
3.2553
1.56422
4.00788
4.95611
3.29264
2.45969
0.400776
5.66347
1.38496
6.15101
2.16982
2.23819
4.00987
3.22831
0.64171
3.92681
2.86492
1.93634
3.71617
12.8208
5.78978
4.8129
6.94244
1.17348
1.63275
1.98234
13.9467
3.78757
4.97999
3.48655
4.28297
2.95175
7.13233
2.3197
3.69901
2.25507
11.7514
3.76108
3.5987
2.59264
4.00811
1.99972
1.252
2.06271
3.2471
0.781638
6.25742
0.645058
3.96454
1.95296
2.36416
1.42057
3.98317
11.4184
1.29823
4.71841
1.94767
4.94401
9.49056
3.44701
0.603028
5.26413
2.86342
5.5136
1.42136
3.86811
2.81865
2.22211
1.16136
3.58883
2.45317
2.02982
3.16141
3.23685
3.00502
5.50217
4.45582
4.70387
1.05478
2.82758
2.52042
5.74587
2.22884
4.99024
4.95974
3.87317
3.61344
1.07663
9.52411
3.69761
11.4218
0.55386
2.29079
2.33386
4.84571
0.931873
1.29075
7.84206
2.71818
2.1734
2.69429
5.35479
3.89367
7.01641
1.14702
1.04818
2.57444
1.11744
7.03416
1.6977
1.14706
4.74107
3.26525
3.13703
2.58513
2.60999
2.29565
0.611529
4.77474
3.50485
10.9876
10.5183
11.323
0.677773
1.19985
1.75432
4.36668
3.06795
2.80973
5.28945
0.310114
1.03368
3.22725
1.16379
1.39565
1.16431
0.577378
4.18878
3.82538
4.77923
2.11764
2.45329
3.10126
4.55468
4.51327
4.94375
4.53562
2.46205
1.62555
7.08875
0.903587
1.13713
1.47607
6.19686
3.40386
2.28971
1.40178
4.09885
11.7709
14.1479
3.96789
8.76917
2.76603
2.71376
1.04707
2.13266
1.3416
5.67147
2.97869
0.862315
0.686325
3.05751
2.72341
6.96457
2.58884
1.79543
2.11518
5.51251
2.67368
3.81904
2.65148
4.34493
1.61592
2.45012
0.917764
0.962962
0.952754
2.79403
1.68117
2.32529
5.00568
2.07112
4.9645
7.71675
1.79262
7.71989
12.1973
5.97896
2.46601
3.51474
3.5917
0.496285
5.08123
8.24455
1.75769
3.1311
1.22694
1.90569
5.61819
11.1898
4.04549
1.77993
4.79469
1.54909
4.58358
14.1926
3.43915
2.82139
4.95785
2.44775
5.59559
1.6492
8.54043
1.30703
0.840617
4.80247
5.81391
5.4039
4.07577
5.04327
9.62468
3.00231
3.82575
3.11168
1.70609
7.84478
3.26058
8.74517
2.28818
5.3058
3.33544
1.67015
2.41015
1.69552
0.826406
3.55687
5.39365
6.25005
2.2992
1.05377
2.80836
2.90342
3.57761
3.69031
3.8463
7.67124
2.83513
3.91795
1.93332
1.31174
3.36356
5.0554
4.77201
3.93947
4.65314
3.28267
2.22646
3.44335
1.42308
1.80898
7.7477
4.26575
1.6393
7.74718
1.01533
3.37816
1.67624
4.01513
1.40465
5.32547
1.68101
2.35379
2.51515
6.70822
4.85658
2.76695
4.04157
1.94399
3.64963
2.68604
1.05374
3.50838
10.5696
2.45551
1.72551
1.4661
10.511
2.03945
1.52789
1.8777
1.20877
3.05759
1.85565
1.0995
2.37783
5.18833
2.60361
4.54309
3.81429
1.54841
1.93082
5.09344
5.43849
1.72495
1.48244
0.851673
4.71537
3.55451
2.63163
5.94944
2.70923
4.39552
1.90191
9.21216
3.99481
2.84089
3.26953
1.09315
1.00204
4.16708
1.64936
5.36469
4.04101
1.41907
3.72788
2.49868
3.23496
7.28327
4.40682
3.67027
5.11147
2.04227
2.31412
6.77245
0.838673
2.47867
1.37919
3.62869
3.68004
5.75549
2.35395
2.82968
3.74477
5.37487
14.36
2.76158
2.87476
5.00558
0.957812
3.49539
6.48956
2.98854
1.33303
6.63667
6.85166
5.17566
7.3268
4.16312
6.83088
3.14748
5.69159
1.7279
3.28128
6.36589
3.92319
1.41816
1.02466
6.03072
3.42676
1.57438
2.75933
5.56238
0.699083
10.6767
5.57336
3.61339
4.42334
6.00177
2.79327
1.10513
5.91004
4.78681
3.81699
0.639549
6.50188
11.9118
2.16576
1.68919
6.93083
4.4185
5.44462
7.83626
9.02238
8.32748
2.53949
5.8478
10.8071
6.88377
6.6999
4.34284
3.4639
2.93357
10.5106
6.88901
5.49014
2.55768
2.24514
7.27368
4.64533
1.69805
8.61016
2.35472
1.94802
1.9563
3.69835
2.98959
9.10425
3.7275
3.22786
3.72609
3.52318
1.20324
10.0143
6.0933
1.63242
2.66479
2.28933
2.15786
3.37196
4.04507
4.1144
5.70895
1.0755
0.75226
3.41608
3.43079
4.85974
3.65582
2.74408
4.80563
1.90351
0.80914
1.50149
2.58793
1.83342
3.02062
5.58562
2.10795
2.05324
3.19934
2.06134
3.54564
1.7085
1.48983
8.4592
2.99234
2.97002
0.866239
5.75905
0.803618
3.53715
1.50906
4.34645
3.47493
2.56672
3.56709
9.47833
1.8555
4.16792
4.60392
10.1653
2.07263
4.22136
12.0789
2.02158
2.98212
3.23418
6.09512
8.46378
2.76353
2.58341
4.16502
6.15005
2.05579
7.6085
3.04878
3.55293
4.3414
3.81896
7.27078
2.42279
4.04326
0.344687
4.73028
3.31504
2.73524
3.30712
7.21385
2.76146
2.67537
5.51701
6.46759
2.52287
1.84986
3.55987
11.3451
2.93097
1.58834
3.61118
8.06685
2.81473
10.227
6.99958
5.90308
3.39701
5.52025
0.857926
5.60842
0.531091
2.77019
4.38903
1.62129
4.12505
1.37689
2.59291
9.03946
11.0806
9.23194
6.52885
2.35992
6.28408
3.73079
0.854264
0.77936
3.28462
3.61525
1.66776
2.45161
5.18571
0.796995
2.32717
5.16093
1.3619
8.93499
5.38564
2.71877
7.81344
3.51053
2.51496
3.09666
4.82333
2.41626
1.03825
0.443035
2.56765
2.77552
2.7769
10.0474
1.36331
3.64431
1.69816
2.58008
1.69074
4.62872
1.40514
9.78233
2.52065
4.71226
2.21885
1.84769
6.50567
9.76883
2.66192
4.25856
6.22668
2.85205
4.6296
2.8734
14.222
6.24108
5.39834
2.34821
2.72581
3.37917
1.70201
1.41607
10.5912
1.66476
6.37898
3.01775
3.96617
1.19982
4.80778
3.75448
1.43599
7.71124
3.01921
2.62163
4.25011
2.2452
4.30088
1.72572
4.04209
4.30435
3.22372
2.30482
1.84613
3.80985
3.14389
2.38059
14.2766
3.72535
2.15252
3.90524
1.61853
7.39927
5.68245
2.54645
3.9099
5.04933
4.62915
2.34877
2.08634
6.81613
2.07894
4.48502
7.66552
1.44365
4.49051
0.837236
3.8359
1.66472
2.85489
3.02147
2.70203
5.95023
5.20374
3.65947
1.40378
2.79497
5.32405
3.91762
6.46642
4.25061
8.41179
2.28566
3.19011
2.82791
1.99908
10.4604
6.02168
8.04211
4.17412
10.2053
3.0786
3.68524
0.986661
3.18601
1.09821
0.974193
4.04945
0.815541
6.84654
2.62579
2.10732
3.64264
5.29229
2.62999
2.25362
9.13957
4.08776
2.82794
1.8903
2.6007
2.12388
5.05345
1.26968
4.06508
1.63601
0.713606
2.30548
4.17758
5.26536
4.0691
4.1375
5.08523
3.07221
1.14242
4.28858
2.29108
4.52192
2.18786
3.48523
3.81607
4.8517
3.00307
3.66835
1.40366
2.94942
11.1989
2.56632
4.48832
4.97509
2.14244
4.5259
4.9152
2.69297
1.30035
5.89428
10.4411
1.56716
1.8775
2.32049
9.3773
2.88206
7.18243
4.64557
4.98835
1.38459
9.87308
3.98037
3.98265
2.04795
6.40057
3.42366
2.40447
6.37952
2.67839
5.24498
3.93206
3.36056
2.13197
4.21461
1.87052
5.09646
2.67771
1.06948
2.37402
11.5349
6.23318
8.66011
1.75187
1.01423
1.26402
2.4817
2.78297
5.53109
3.6548
11.5741
3.10247
3.38295
0.536947
1.8914
10.7561
2.1149
4.8785
3.51738
6.05316
4.95541
1.7635
2.82835
7.6264
4.65078
1.9662
2.79828
2.15829
3.09043
2.20382
13.9573
3.29557
7.28251
9.3639
3.64857
2.49844
3.3723
5.12315
1.08871
4.20482
1.51093
1.7524
7.8561
4.96177
3.35841
3.61373
6.3534
3.8431
3.06234
2.59447
1.3873
11.4299
1.55827
2.78841
1.62048
1.96254
3.5869
6.20213
9.19253
2.2495
2.95195
1.492
5.72654
1.87061
6.34438
1.25261
1.22477
6.99061
1.26816
3.6564
1.67441
2.07814
2.15744
1.47721
4.24969
2.66258
2.14834
8.52282
1.1642
3.57491
0.820123
14.2608
0.758419
4.0834
2.66187
4.01079
2.92852
6.63296
2.62048
4.70549
9.32659
0.528336
2.89449
3.9371
2.07949
3.37516
7.98109
2.95223
1.72448
1.71726
5.71211
3.88669
1.59678
2.0047
2.83679
9.67618
1.99126
1.32634
6.86868
3.10898
8.00019
13.6747
4.39213
2.48608
1.17128
1.54436
1.59411
2.35145
2.50242
3.5874
1.63801
1.74574
8.29715
1.58063
0.811464
2.21514
2.93935
1.947
1.85914
5.05283
9.18696
1.95675
1.67909
0.881525
2.48713
4.53527
2.44184
8.3727
0.714331
1.69622
3.83548
5.0243
2.01234
4.44638
1.91052
3.06922
0.568759
2.59428
11.3289
2.04412
2.79659
5.76394
1.1658
1.79032
1.3554
7.61231
2.37557
0.537821
0.794677
11.7109
1.39225
2.62101
7.15575
9.42372
5.71657
2.36928
0.93954
1.52915
5.88498
1.28681
2.31016
2.28626
5.73979
1.31085
12.1111
7.87164
7.87079
1.18453
3.51294
3.89122
4.33276
2.51814
3.22174
4.49035
2.36818
1.487
1.97914
1.77918
4.18149
4.58558
1.18854
1.98278
3.82684
2.27171
9.11444
2.16701
1.11685
4.15037
2.27629
1.28135
3.37493
2.35838
2.07097
4.02344
2.4515
5.74797
2.67148
4.44365
1.20246
5.99966
3.57429
5.64463
0.640023
0.889419
0.462931
2.11363
2.97114
0.686696
6.12665
2.75994
3.17642
2.00505
2.65191
1.07798
1.49963
6.49458
1.86796
2.60314
2.65156
1.3361
2.24641
1.75683
4.09622
8.31128
6.7187
2.45247
2.60183
5.5563
2.11874
2.28744
2.76865
3.01688
2.08431
4.54162
7.75623
1.34894
4.86753
8.13978
7.37893
1.39819
5.58719
2.49592
6.00442
1.65742
3.524
3.79259
1.34513
0.902697
1.24415
2.59446
0.675627
3.75581
3.66033
1.78423
2.89602
1.41017
2.9351
1.87169
1.74726
7.96309
4.64518
6.25391
1.77673
1.57339
7.05432
2.32115
2.25154
3.28469
3.41803
2.71387
2.89844
8.01972
2.38135
2.86169
2.11836
7.82346
2.26491
9.44114
3.57775
2.82814
1.94266
6.45627
1.19388
1.90955
1.97938
1.58162
7.1544
0.539396
2.3057
1.27719
2.08357
10.695
2.25348
5.04442
6.09119
3.49396
2.87303
1.75757
5.03602
1.46655
2.38697
1.89575
7.68977
1.20289
2.26879
2.40884
6.24441
0.898515
5.42328
1.42784
2.1232
3.91005
6.17863
11.0136
1.25783
5.29037
8.27965
6.43404
2.13732
3.44617
3.06466
1.75353
2.87729
2.05547
7.94558
3.98971
2.86698
2.06662
6.05213
2.6745
5.43485
2.70902
2.97423
0.621896
4.691
14.8694
4.1096
2.25236
5.94555
3.12656
5.55924
4.09686
6.54751
7.35969
1.71445
7.1049
1.9647
4.75629
6.35769
2.45655
1.23772
0.806527
3.10174
10.8371
4.55107
4.0834
4.54114
7.71986
7.73255
4.57378
6.60693
1.98835
0.897414
1.8146
4.12026
1.68162
2.57072
9.41702
1.59792
1.9253
2.89591
1.07087
2.13907
5.33505
7.77053
5.18147
2.84356
1.27853
0.964952
5.13532
2.72137
3.42323
1.97138
14.5658
0.72387
9.58541
1.02598
3.47395
2.12041
13.8375
3.2475
7.53844
1.13383
0.451327
3.60943
3.0633
3.13772
0.609637
1.10958
1.39878
3.39977
1.26888
8.90566
0.576199
2.26286
8.60729
5.51274
2.78832
2.78781
2.39841
1.70426
1.0849
4.61981
10.553
1.99895
8.0581
2.07531
1.84946
3.19005
4.96882
1.93758
1.03581
7.53335
9.46644
3.06868
5.47154
1.59129
1.88161
2.33176
3.54636
4.27157
7.21426
2.62869
5.11342
7.50471
6.79974
1.90601
1.37218
3.21343
10.6197
2.0738
5.04507
2.59706
1.67739
2.43943
1.73702
4.71294
3.43829
3.11174
6.20644
2.96942
0.584013
4.45107
1.71569
8.63294
7.87733
1.97177
0.767912
4.74103
5.67214
5.58756
0.902273
11.3799
1.38101
6.14691
0.516564
1.55359
3.08749
2.66645
3.23837
4.34189
6.34966
2.45153
6.41067
6.67352
5.56506
3.77502
4.06802
1.73702
2.87899
9.00334
1.16597
2.02333
9.45232
2.08273
0.885563
3.46799
1.82569
0.934574
1.39106
1.99629
2.42889
3.08292
3.80453
1.48434
2.39073
4.28253
0.855066
2.72702
4.83117
1.96518
3.05657
2.88707
4.93528
2.09441
0.755113
4.79832
4.37184
3.28457
3.98837
5.76241
2.07626
1.23972
2.09494
3.77429
0.399895
1.82781
3.61803
2.68102
2.29408
1.36023
0.611129
1.52486
5.27196
1.81749
6.81413
1.44942
3.09611
4.69732
1.86745
7.41226
4.00397
2.71444
1.78672
2.09488
14.9446
1.6596
5.32783
8.6511
2.52192
8.02936
9.06301
8.74279
3.64931
8.11724
1.96257
3.78656
0.709139
5.06585
6.96985
2.2683
2.86911
2.57867
2.5899
1.52596
1.77701
4.66558
2.03553
2.43175
2.27918
14.7064
2.48122
4.76545
10.029
2.84421
3.07929
9.89841
7.63926
0.91614
2.85564
1.95562
0.89993
6.20807
4.89429
4.01292
2.59115
2.58036
14.2902
2.30129
2.59996
1.92729
1.41983
2.75439
1.69053
9.37935
14.225
0.92134
8.8502
2.56639
13.7349
3.99232
3.03015
6.37679
2.13683
6.86181
1.24081
3.56714
10.241
4.79146
1.19809
6.56544
4.64853
5.42225
8.13857
1.15042
10.6688
7.30817
4.19107
6.1269
7.34132
1.10851
3.8662
1.53847
0.726565
3.19431
2.11784
4.13723
0.799025
1.77557
6.45565
1.96782
4.80658
2.64497
2.84815
2.18124
10.0917
2.20081
3.69371
1.61716
4.79509
7.25061
3.13125
6.24353
6.13879
3.72564
1.34912
1.29893
7.05847
1.47124
6.27573
2.08516
2.71287
2.17805
3.18375
9.33234
1.79866
13.0092
2.08965
4.12408
1.35639
3.78229
5.87553
3.69509
3.79054
3.35632
2.61421
9.50413
4.99115
2.64792
1.41827
1.36109
2.69559
6.4092
1.68891
6.0023
2.06725
10.0592
3.63447
6.17837
7.70795
2.81395
1.24466
5.50826
3.81635
1.11922
4.25467
2.21523
2.55445
3.08037
8.48682
3.28941
3.64578
4.98503
3.54235
1.04682
11.976
6.56892
3.33132
1.9303
1.59468
2.78413
3.67107
2.90112
6.84061
5.65515
11.6625
2.45536
3.99471
6.44718
1.21167
10.3455
3.20551
4.52554
7.84937
0.922373
1.7744
8.09856
2.26006
2.71856
4.39422
3.73729
2.96691
6.62248
4.11882
3.83845
1.02175
3.51716
2.68294
1.98391
3.13742
2.49618
1.38895
2.721
2.41629
2.5619
8.63402
1.58601
2.99257
2.48293
2.72157
1.73445
1.62424
3.70658
3.61237
7.07386
2.91699
0.879989
1.01669
2.83237
2.14726
5.63006
3.32078
3.69539
4.64736
0.595755
5.47293
1.37388
2.47445
1.69914
2.90692
1.78949
0.721634
2.79666
1.27079
1.45607
4.70233
2.14253
2.28764
7.07575
2.93666
1.48843
6.61567
3.49361
7.47028
5.22249
2.26998
5.24687
2.76082
0.584996
0.372425
2.19638
5.75319
1.24282
4.6806
3.40907
9.44151
3.42274
5.37981
4.9048
2.35847
2.70142
6.43223
1.60753
1.13719
9.82934
1.33438
8.69125
2.39321
3.1761
1.07077
3.14049
3.40004
9.67142
6.47609
3.45762
5.14208
3.59399
2.75798
1.6837
1.50166
12.3924
1.26726
7.23914
5.54968
2.20945
2.53289
4.55514
12.727
7.54229
2.20843
4.25907
1.5496
1.01383
4.97329
5.74114
4.09377
1.88747
3.76378
9.63413
2.42157
3.40388
2.64012
1.89388
6.3467
1.31243
4.78084
2.49368
2.08343
1.78519
3.09953
5.75007
3.00407
2.96104
1.84916
1.70902
5.59288
3.13884
2.73891
5.09245
6.4569
4.40839
1.59692
1.69396
2.35206
1.27757
3.12214
3.21262
2.43088
9.13467
3.84685
1.44069
3.21043
2.38603
1.28851
2.82457
3.51402
6.3836
2.77539
1.40791
6.05081
5.02077
1.99779
2.58312
0.56466
1.29388
5.35972
4.32108
2.70519
6.79055
9.76312
1.86474
1.74561
1.23045
3.70015
1.49432
3.32666
2.33359
1.81227
3.78244
2.46549
1.71427
4.54947
5.99185
3.25245
1.83906
2.0893
2.94012
1.41013
3.88437
2.53636
5.73809
2.25946
1.61888
2.54181
1.48262
0.645619
1.02481
4.762
3.59366
2.82937
1.33897
1.37616
1.5772
1.28675
6.93394
2.07568
1.80063
4.49787
7.38319
2.99679
5.9042
1.10863
0.377351
2.61392
3.4422
1.72451
1.57184
4.96719
1.88369
3.40716
2.09506
2.32011
1.88846
3.63511
4.15454
5.83707
11.9713
2.2783
5.69028
2.15427
4.6258
1.82102
3.73524
2.3783
3.50009
1.09275
3.66688
4.0958
9.68876
3.99254
2.7345
12.9334
2.41412
14.4855
12.0148
0.676227
8.80606
2.25307
3.18806
4.54255
5.64237
2.70199
4.11981
1.74151
11.9767
5.73706
2.3664
2.06424
2.40859
2.78798
3.19335
9.98132
10.8862
5.39488
5.17564
3.54378
3.48329
13.3193
2.28104
1.30606
1.66289
4.31553
1.86783
3.24264
1.51099
1.07689
2.23161
2.14327
2.1105
13.749
5.35864
0.233998
2.41133
2.50133
14.4418
3.64283
1.97486
2.31109
1.68019
6.08859
4.89125
4.59752
1.70827
2.29234
2.46011
3.74459
7.3791
2.47117
1.10892
2.85632
4.13974
2.06016
2.13114
0.999448
2.73349
2.93922
3.36236
0.268854
1.4043
3.27304
2.54896
5.14368
7.15208
7.59969
3.08272
7.91421
7.59071
9.33746
3.14553
3.09395
0.981137
2.11793
4.18362
4.45926
1.32978
4.93414
3.06893
1.39638
2.40044
2.82879
4.77512
13.3094
6.76401
7.71951
8.19199
5.98421
0.978069
2.0515
4.84733
2.66229
0.704718
1.52049
5.26583
2.53991
2.27951
1.92789
2.73716
6.44305
4.6499
1.41416
9.24324
8.75178
1.84471
9.48382
3.42741
5.16051
2.58311
6.40042
7.84909
14.2657
2.21991
2.49504
5.60742
1.94159
2.51357
1.82187
8.05289
2.73302
2.44353
2.92701
5.30537
6.29401
8.55075
3.25414
10.9883
1.46866
3.2931
1.32963
2.27794
1.56792
6.82417
7.51338
2.71328
11.9233
1.00692
2.0408
4.49246
9.9155
0.742212
1.67042
3.30753
1.43401
4.86266
5.48719
7.40779
2.56005
2.44614
6.8415
6.87226
8.50222
6.79845
3.74077
1.23998
4.67669
2.78502
4.83481
4.15843
3.34945
3.30636
6.95926
5.80872
1.65287
1.07689
4.89566
2.03077
1.07121
1.31542
2.85317
6.93467
2.89472
5.43205
4.23518
0.971552
3.65858
2.07506
1.57089
1.36198
3.38892
5.40619
1.60597
1.84924
4.32249
2.81892
2.93942
4.45262
4.02932
2.711
5.70784
2.10239
1.9343
2.50603
2.04084
9.6888
4.4405
3.7752
5.03512
9.03828
5.9545
4.3462
3.39108
7.15814
1.25133
3.31488
1.47237
1.87568
11.163
0.983161
4.31298
1.5339
3.44202
3.64884
3.97386
7.65814
3.73939
5.01383
1.53558
3.55994
0.983457
4.12672
3.08307
1.13769
4.99349
10.4223
12.7377
3.33166
6.89425
13.1948
4.55657
6.03511
4.15371
5.72351
2.38968
5.66555
2.99867
1.17011
7.29475
4.04524
1.88593
2.38435
4.34866
3.93037
3.88512
1.96984
2.54741
2.30815
1.91381
4.08248
3.74969
2.51888
7.21109
12.0187
4.36948
5.76549
6.62806
5.1161
2.09327
1.6228
5.05023
3.83791
2.94562
7.21297
1.82267
11.7965
1.85821
3.26807
2.10596
3.97487
5.25213
1.859
1.79349
6.74116
1.07164
4.0194
2.85309
0.629187
1.49749
2.12024
4.67362
14.1417
4.18413
1.64521
7.96926
2.96979
2.29202
6.32975
11.8806
0.876267
2.63644
4.58195
1.46982
6.68191
2.73968
4.57699
1.94834
1.43102
2.09743
1.7765
4.11881
5.60702
1.79006
4.18181
2.71609
1.96237
2.47805
3.10205
1.67017
2.5799
3.38321
1.18907
2.83262
2.68291
2.64183
5.6967
1.38062
5.4829
7.66987
1.36934
2.76085
1.63943
0.346388
2.17355
0.721345
8.7409
4.92089
0.706424
1.83934
3.36427
2.09742
1.78102
5.7034
2.20732
5.02531
3.64668
1.12371
3.38225
2.93984
6.60804
2.76797
0.658361
6.42906
4.84162
7.0829
3.70955
3.25002
4.80149
3.70056
1.83206
1.88327
0.733062
2.57347
4.61304
4.80742
2.45278
1.80937
1.28023
5.38686
2.54718
3.19783
1.09569
2.6604
0.682957
1.65454
2.48284
2.20625
2.15046
10.3486
3.6758
5.10463
1.55817
2.26747
5.92713
2.32018
2.84338
5.91228
3.35941
2.52358
14.6149
1.6554
2.38266
8.29322
4.94485
4.65329
2.27765
6.37177
2.05488
1.89441
6.27343
1.22019
1.05291
2.04057
3.63877
4.63511
1.85603
3.39862
8.39884
4.93487
2.71674
2.00655
2.45663
1.36561
9.58146
9.41844
5.15834
0.738228
1.39081
9.21631
2.44117
4.07895
6.47886
3.35834
1.94837
9.42223
5.88975
2.52396
9.56504
1.2388
3.75756
3.0185
2.75879
3.8502
3.81382
1.45506
2.89606
7.51639
2.70854
1.42251
5.53738
0.783732
2.60489
3.4195
2.97528
12.2563
0.711296
1.00248
1.65442
2.7688
3.6002
3.88797
5.39113
6.67313
1.76209
4.14368
3.03647
3.11643
3.06453
3.89075
5.78595
1.28049
2.78791
1.98868
2.31301
12.6784
1.20805
2.84443
1.54493
1.90007
3.31064
4.39412
1.12564
5.82163
2.60406
3.26572
9.48115
2.43116
4.05157
12.5979
2.50566
2.54499
2.03866
1.9827
4.23951
8.2002
1.0562
12.0996
3.76197
0.977441
2.57525
3.76804
2.28874
1.79674
0.81865
3.51209
7.27021
3.08482
3.26187
0.514196
5.70614
5.59811
2.96375
3.47835
5.30272
5.97132
2.58033
4.54229
3.55302
3.12062
2.88255
2.58945
0.714761
0.961351
4.76866
8.3231
1.76875
4.14285
7.54552
1.22744
13.5602
7.31356
1.16187
7.36007
7.6824
2.89676
1.18483
0.616997
3.11329
2.00014
9.58623
4.98008
2.01528
4.89079
9.20179
4.75061
2.65235
1.56714
0.786518
1.27459
4.6461
3.82443
2.56861
2.50764
2.7046
8.7389
2.61033
8.3788
4.10637
11.5006
2.57191
1.44925
3.13638
8.33209
1.58383
11.2288
3.06069
11.1024
3.20916
3.60876
3.90194
8.48351
1.57708
0.930587
11.4138
5.82317
10.3634
0.764152
5.63813
3.31401
4.43287
6.53009
2.99294
8.93582
4.48982
1.87773
1.11473
1.54992
1.26121
5.72316
4.97876
2.51237
0.602875
3.20582
5.86042
7.4809
8.63339
0.600154
7.21029
9.55424
3.48083
6.91863
6.3233
5.11269
7.89771
1.31367
1.37421
3.47854
5.05079
5.20835
2.48564
2.40937
3.80073
6.41983
4.78558
5.11589
3.44033
2.56674
2.03385
2.82668
8.13966
1.20266
1.97278
5.5136
7.02784
4.99701
4.84953
3.81874
3.08068
1.1788
6.89192
1.61897
2.99324
10.2289
6.15355
3.09446
3.37959
1.76997
2.20659
3.25046
8.99286
2.21276
5.68033
1.21489
3.50199
0.759497
7.50012
2.10795
10.3423
3.70653
4.64079
3.72997
1.01007
4.07421
11.5566
5.93804
5.23528
3.05912
8.53097
5.17197
3.24008
3.63378
4.41448
9.81486
1.22304
1.44522
5.61125
2.57763
3.19101
6.20917
6.28126
5.44238
7.50864
5.41681
4.42308
1.77929
3.29809
2.09882
4.19199
3.74471
5.98908
2.19191
2.77891
2.13964
3.59958
2.68126
5.64766
3.55126
4.4303
9.93889
1.70866
0.425509
2.25977
6.32393
2.4946
3.81209
10.1454
3.99635
6.58672
3.03085
1.01324
4.59682
3.90859
1.64601
1.05435
10.7933
1.51789
3.46397
7.72873
1.76445
3.29212
1.16606
0.907331
5.73529
5.92405
2.29688
12.4781
5.84557
3.23416
1.87852
1.48988
7.80052
1.39816
6.92972
2.77732
2.88547
2.28616
1.44586
6.79862
4.57415
3.10238
5.01469
3.47443
2.53346
3.44099
4.71586
3.27694
2.21294
5.53816
3.07643
2.20523
7.93497
0.936796
9.86851
6.13126
5.98911
7.79471
2.02384
5.4586
3.82208
7.22758
2.49249
3.33472
7.42804
10.9543
2.04246
1.97901
9.83835
8.08821
3.45758
3.99015
4.01791
1.31344
4.05856
0.877408
3.02689
4.66062
1.8953
4.04648
8.60963
3.1737
2.40231
5.66331
1.97043
4.77136
5.06861
1.66828
1.14246
2.02677
2.1416
1.85616
3.54152
1.33957
2.59802
2.9934
1.26786
4.94746
4.01997
2.62704
5.98679
2.50161
2.85144
1.98412
8.05205
2.63433
3.72996
4.05514
4.87642
3.55932
4.04514
2.12449
3.48472
2.49611
3.77505
3.92849
1.59676
2.28801
3.98418
7.92909
5.71712
2.06947
1.62171
3.01159
1.98998
1.12167
4.94033
5.52184
1.50672
1.57989
2.18174
11.2026
1.89559
3.39595
6.60545
2.22465
1.94747
6.42477
4.31037
4.57445
2.90467
1.38408
3.37416
11.3941
2.04351
2.67945
4.76366
4.05281
1.78509
1.39872
1.13137
6.22504
0.625445
10.0815
1.99584
0.619724
1.48117
2.49909
3.64265
1.8086
4.80641
3.30793
1.70732
6.26006
1.9003
7.79007
3.43326
9.43889
3.09891
7.67237
1.00188
2.99727
5.49985
1.86172
3.8419
1.69402
11.3888
2.5227
4.33736
3.77659
2.50468
6.36268
7.14539
6.01958
3.51388
0.925458
3.56714
1.91927
6.26975
2.04105
4.16517
3.13728
3.95219
1.85611
1.32002
2.73185
5.49777
1.84934
3.66664
8.89074
1.6568
8.80809
3.38121
1.18023
2.21985
1.4402
1.3382
2.69893
2.91134
9.65601
4.32466
5.02422
2.12152
2.91359
1.87143
1.50924
1.71432
4.14085
3.94982
1.77478
2.32054
2.03157
4.93077
3.56114
1.66944
0.98964
4.29939
3.27461
3.55659
14.3761
7.35133
5.71292
1.90047
7.6802
6.23174
4.69756
4.55145
2.76735
9.96358
12.0767
0.913138
3.79485
2.13544
0.829678
8.39573
1.57649
3.88617
1.37695
2.31727
1.73747
3.62671
1.12764
4.78162
3.57347
1.45313
3.94738
1.63183
1.63151
0.979184
1.11619
2.59168
4.30003
0.721169
5.75188
6.92725
2.22542
3.47004
2.51091
3.23586
2.63246
3.43688
2.12167
4.30862
1.00092
2.59329
1.1397
1.03843
2.60031
3.44806
3.50751
4.55608
0.764628
10.0492
1.28818
2.02505
3.83395
3.74663
0.713577
3.03445
9.15002
4.14239
3.18539
3.73609
3.31721
3.41069
2.31537
2.37896
7.54366
2.19948
3.27224
1.59413
10.0041
2.60175
12.8289
4.60019
6.17751
1.23651
4.15069
2.94511
4.63358
5.10911
4.6181
5.92088
4.36195
1.60885
9.82015
2.28926
6.01628
2.60974
1.0439
3.07862
2.4858
0.869842
10.45
1.2272
1.70701
5.51004
4.92645
10.7976
0.806664
3.13387
1.42493
5.29566
6.01597
5.30395
3.76729
3.69225
3.31895
4.51925
1.38921
6.30377
1.73804
2.26359
1.12262
1.67356
3.11838
0.753131
10.1787
3.6044
1.81484
1.85181
2.54247
8.20399
10.014
1.30868
7.20459
1.7451
1.07439
4.83689
0.799699
3.61664
3.0616
4.88241
1.34135
3.13119
9.27981
2.54721
9.53783
3.65611
4.2999
2.70308
1.50161
2.47291
6.88264
3.90401
2.08187
4.84088
4.05294
4.49025
2.20495
2.0604
3.48024
2.78059
2.38757
9.36566
3.31097
0.880466
9.54631
1.4642
1.96224
0.34687
2.49006
4.15925
5.06398
3.15218
1.75538
6.60847
2.90533
0.56511
1.96187
1.91874
4.18379
8.80654
2.48332
4.16445
2.50783
3.00522
2.30196
10.9072
1.52241
2.39582
5.68138
5.71669
3.76903
2.31085
1.71303
8.4195
3.26135
2.30312
0.786975
3.81114
2.49838
4.06773
14.0904
2.8014
2.33411
1.31622
1.68404
1.27203
4.05583
3.27488
2.21845
4.77695
7.77422
1.71091
0.785722
1.34929
1.31482
1.25161
1.30616
1.82554
4.97592
10.4796
5.58086
4.2065
5.30524
7.2317
0.855683
2.26585
2.83848
1.96154
2.29272
3.59827
2.05355
1.31054
4.0134
2.09594
2.27078
2.57414
1.17039
4.78479
0.570982
2.45456
7.00564
4.4186
2.8147
7.24075
1.4073
2.32222
6.14458
1.0323
6.22079
1.6174
11.3363
5.74714
1.30039
3.76844
1.16717
0.76261
3.39587
5.51345
2.58771
5.17576
3.43026
1.48522
8.33803
1.36519
4.1506
3.74812
1.22063
3.29345
1.86544
1.7667
2.20605
3.34635
2.73803
5.00807
3.9453
0.79959
0.478592
1.51699
0.907294
2.62011
6.35136
6.67836
0.787333
7.2082
4.46164
6.68577
1.38955
4.6216
5.09519
1.73324
8.91246
1.81691
4.77962
8.65353
2.95083
5.83643
4.22125
2.92637
3.12442
1.89767
1.65482
3.43501
8.71098
4.24248
3.55242
1.71945
1.72629
1.97247
2.97295
1.32093
2.17202
2.38275
1.49057
2.8252
3.69149
8.31205
1.84178
2.9978
5.72049
1.9033
2.21898
2.47167
7.03169
2.78995
0.991829
3.36606
6.63733
1.87792
1.1184
3.02231
1.63859
3.42305
1.80774
2.86861
1.3578
6.78974
0.654734
1.86319
5.01975
2.61788
3.56832
0.65553
0.544713
5.49559
2.0385
5.29498
1.29013
4.13119
1.39727
2.79088
2.69361
1.44326
4.04176
3.299
7.0056
3.09254
0.99049
1.6828
10.9794
2.13878
3.45297
3.43492
3.86212
1.90799
2.63439
10.8321
4.1115
4.04389
3.45784
10.304
0.623981
5.90146
4.9725
3.8747
5.7134
1.001
2.52293
5.61375
2.44065
6.55446
2.67588
1.59965
2.64675
3.29958
2.66383
3.6254
4.1159
2.7905
2.91018
3.04991
2.61839
6.85248
4.28299
9.81794
9.82223
2.74802
2.79628
3.42098
3.65976
1.56347
9.46596
2.84353
3.56363
4.06149
3.93164
10.0021
6.89644
3.5579
3.00117
9.4732
2.6565
2.16017
1.55984
3.72808
7.54538
3.4539
3.23593
1.77705
6.51647
0.948135
3.78387
1.58265
5.13168
1.54226
3.55605
0.319165
10.7977
0.669107
2.87574
3.69246
1.04294
1.62577
2.99041
3.58293
11.7387
2.89899
3.00021
2.35228
1.3394
2.6021
2.67651
1.4995
1.32636
2.27537
3.9505
11.4755
2.81892
1.80712
4.18256
1.23603
6.20324
5.79827
3.17902
5.24973
1.62242
1.66679
1.11481
6.91841
2.12229
3.62293
2.92275
14.0391
2.34043
4.18643
5.43268
4.51307
5.44579
2.70031
1.96806
5.33266
5.28914
5.34335
7.76692
4.70878
3.39058
1.12218
3.02162
4.70399
5.10979
4.67066
2.3537
2.06777
8.70595
4.3472
5.68894
5.5053
3.41287
4.46813
12.3249
1.34754
1.48024
3.17325
7.08717
2.38469
6.58466
3.63629
10.7464
2.64751
2.79239
5.32352
2.32681
3.40284
2.29284
3.10281
4.33433
3.22041
4.14515
5.59072
11.5213
2.64047
1.78992
4.52364
10.051
2.385
6.09318
8.23744
2.36926
3.27594
2.38197
10.121
4.02487
1.21754
2.69405
2.00655
3.36376
5.03382
2.48547
2.81536
5.23328
0.617125
1.09886
13.27
2.36431
8.42993
6.03736
1.68349
2.10079
1.83546
6.04613
1.97887
1.91666
4.69879
2.48781
3.51106
1.29736
12.3868
6.26781
2.52064
3.47355
0.590805
6.86094
3.29522
2.9186
8.36858
3.28235
8.59781
1.80169
1.88314
1.86651
3.13116
3.17255
2.12429
3.50647
8.30984
8.88331
1.96123
4.46109
1.29533
3.97833
6.1436
1.88609
2.20794
3.56563
3.1257
5.10777
6.11312
4.99167
3.05713
1.17987
2.53303
9.23063
0.982381
7.40663
2.23515
2.39274
2.74098
5.85276
2.24515
1.43584
11.7758
0.773351
2.38381
3.84776
2.93015
6.73193
1.55439
5.08256
3.74751
5.69156
10.8804
5.34388
5.96674
2.08361
6.20797
2.54051
2.02305
5.48981
4.17448
2.62815
7.05066
3.71938
2.81508
11.6416
3.19953
3.27087
5.00376
2.63157
1.25835
12.2599
2.33128
2.83956
0.951012
2.79321
1.19625
2.25079
4.38501
1.28856
1.15004
3.42205
5.70396
6.09377
3.94126
3.66358
0.675077
0.615182
3.92949
4.06972
1.32318
3.6151
2.75661
12.717
1.43324
4.22526
3.51344
4.54309
4.2339
3.17611
6.58687
2.78303
2.74337
2.69994
13.5473
8.76299
3.72005
6.22506
3.74564
2.15647
14.9795
1.79448
3.24595
0.763933
2.73768
0.403686
1.71349
6.83952
1.07142
1.22449
1.44051
1.59884
1.84599
5.84686
2.82198
2.12475
7.66632
4.68585
1.69472
2.07493
5.36432
13.8599
7.08423
2.29412
2.35747
1.94855
1.76047
3.17893
9.52677
3.11927
0.994555
0.550533
2.70254
2.73944
2.02491
2.95714
1.82108
4.50331
4.26171
3.35068
3.38302
2.78682
3.26146
1.70581
11.7696
1.40408
3.25944
1.84853
7.17443
3.00785
1.80084
2.32474
3.49447
5.59972
1.42052
2.51121
2.75063
6.13626
2.00912
4.0428
1.50922
4.99952
6.0815
11.2071
0.653453
6.25495
0.723558
1.69938
3.71007
1.62854
0.735036
3.58204
3.34896
2.52198
7.3424
1.9501
1.0923
2.27187
4.22244
1.7362
0.679017
5.31522
3.87529
1.99479
2.15725
3.00349
1.94662
14.1819
5.63967
7.67765
3.91048
3.24664
1.8334
4.27115
7.314
7.71015
1.79158
2.44181
2.05177
5.12875
3.82749
0.98655
4.56306
1.85389
4.34116
2.75626
1.1246
1.96168
4.28703
4.65733
10.1644
6.72208
3.82591
1.66183
1.94818
3.84067
2.32407
1.73893
1.63756
0.690614
3.98469
1.67563
6.18371
6.01608
2.34581
2.88395
1.68709
0.995564
1.74444
1.49717
1.3877
1.96355
3.87422
5.53815
2.00336
4.08966
4.15435
4.72389
5.46881
12.271
2.53077
9.65211
6.80023
1.92648
11.2711
5.83371
3.30852
1.9916
2.33108
5.70417
2.45754
2.00584
3.77714
2.47757
2.00263
1.41082
3.85104
6.57465
3.44207
1.97836
0.905909
4.51301
1.76152
1.31392
0.828333
0.721897
2.13057
1.74186
6.74624
1.15655
12.9348
3.0733
7.75744
1.31817
2.22212
2.03772
7.25258
3.1286
4.10905
1.25374
3.42942
2.69571
0.606606
3.0029
3.23604
6.51544
1.78674
1.90966
6.79973
4.07501
4.01386
3.07789
7.15754
13.4436
3.03359
3.62175
6.43897
1.57895
1.89967
2.1339
3.59668
3.04435
5.42367
3.9713
2.1404
1.54902
2.99261
6.84151
5.75848
1.85171
2.70335
1.44398
0.527673
4.31667
8.42615
7.53706
1.91899
2.75821
1.71303
5.72129
1.34345
1.33882
3.45031
3.7667
2.54078
9.04582
3.02566
3.22552
1.69238
2.24067
1.60479
2.25186
2.73022
7.83158
14.2015
0.427344
2.61922
6.32695
12.4211
1.80566
4.03217
5.93282
4.10332
6.23881
1.89437
1.36658
1.84692
2.59788
2.84067
3.40898
6.12165
1.89123
7.80241
1.94436
1.30339
5.01201
4.75376
3.76653
1.03617
3.33013
8.68628
1.13824
4.70358
2.23593
1.72069
6.31887
0.992067
3.68742
10.2093
4.54954
7.69629
12.0075
2.72105
3.85199
2.77345
4.72692
3.63472
6.516
6.96192
1.43257
2.92931
7.0182
3.95839
7.21479
3.02397
3.40831
1.82736
5.43498
7.17723
3.25613
3.00873
1.19154
1.27654
3.77834
2.31531
4.74643
5.51841
11.4905
3.19469
8.25599
2.47547
12.8164
2.41034
1.41342
1.29766
3.50198
6.1134
0.407375
5.07546
2.03392
2.71564
2.07591
5.8395
12.4157
8.00871
2.46377
6.04336
1.18494
4.28622
7.58909
4.55734
2.97705
2.23197
3.02335
1.74702
3.38266
1.78269
2.78262
2.72827
3.59411
10.344
1.28142
2.84449
1.53646
3.055
1.44825
1.56743
7.24162
6.06787
3.33163
6.79688
3.61349
9.36439
3.36911
2.20324
0.920563
3.47481
13.0436
3.81491
11.2676
2.69201
2.94392
1.92074
3.91784
8.65457
12.2045
0.719959
1.27611
8.88849
1.29091
1.81745
1.58286
5.15424
1.54595
2.96002
3.53476
2.27534
3.15173
1.35461
2.59744
3.73628
3.96442
1.53415
1.24023
1.44163
1.82531
4.0226
2.5674
5.05402
6.10652
12.9596
5.53097
4.34628
3.95489
8.05776
2.50794
2.96935
2.21422
3.24935
3.5339
8.3581
1.9223
2.86858
1.43796
0.945943
0.445996
3.15087
1.50628
2.44882
2.88718
1.89211
2.77617
4.0007
4.52921
0.84025
8.92282
2.5951
2.13605
3.40037
2.44642
2.98713
2.20823
2.81233
2.23369
8.08723
6.20553
3.85835
10.4783
1.86637
4.83325
4.15306
3.86477
2.28561
11.7599
1.12911
9.43747
6.5428
9.07441
4.38457
1.70638
1.11193
2.43368
1.66668
2.13958
1.61318
6.45769
0.741191
0.475935
9.34413
1.74498
0.547108
13.3375
2.06246
12.8737
3.29792
8.6235
3.44678
2.69889
2.29629
2.9718
9.88815
4.29347
3.71794
2.99362
6.2322
1.21729
5.28774
8.19074
4.61581
5.85113
2.63025
5.9471
2.16895
4.00748
1.75003
2.31611
7.40328
2.46734
2.70959
1.58319
4.22331
0.951908
2.77146
8.46879
7.00996
2.58345
9.04193
7.16601
6.42201
0.644196
3.56304
3.67532
3.42554
6.92957
2.85006
3.52111
2.85537
5.00339
1.3931
3.98914
4.61928
1.33631
4.77483
1.76783
3.8648
4.37328
1.52331
8.89628
3.61688
3.71698
1.94949
2.06653
11.6401
4.90689
6.08182
3.99522
2.48448
3.88204
2.41731
0.387249
2.207
7.20901
3.02335
2.61843
4.46501
2.61399
3.99044
5.76559
1.72424
5.00252
2.09761
0.613478
2.71302
2.84525
1.19022
6.62458
6.02836
6.10621
1.87876
3.25383
1.8537
2.15379
6.51502
3.50451
3.06802
3.96912
4.06582
4.6007
2.32303
2.76432
2.11325
2.56339
2.27788
2.58722
5.21602
2.01326
6.17379
12.7696
1.24001
1.85925
2.71715
6.33555
8.75168
3.27533
1.12725
0.756559
2.74924
2.10593
1.5865
1.05244
0.900195
1.73868
1.49401
1.89043
3.35909
6.5991
7.64333
2.08691
3.5894
1.41645
0.950981
3.36438
5.67327
7.72914
1.68571
0.684426
4.1972
5.03335
0.557625
3.18208
1.5428
3.2981
3.29126
3.89473
2.31258
2.41982
9.72505
3.49493
10.0491
0.806793
3.48809
2.54678
3.72328
2.90051
2.82392
3.57707
11.3391
2.47182
5.40892
1.05736
1.02136
1.57447
4.32527
2.12586
8.33332
2.93628
3.39976
1.61537
3.43815
14.881
1.95254
3.76605
2.56421
6.64138
3.18855
2.0127
0.878677
0.631869
7.40737
10.4353
2.26783
2.81945
1.67944
7.27188
2.28809
1.09431
2.44694
6.34415
2.34117
3.88752
1.234
3.01723
4.52856
1.57935
1.46096
4.11733
1.56298
5.15909
0.609938
4.22927
2.83082
3.09442
2.83094
9.19306
2.09974
3.99241
3.10623
10.5032
8.37137
14.7865
8.70458
2.81107
1.62582
3.98696
6.5055
3.90017
6.29361
2.63483
2.46075
1.42304
0.948552
10.7435
5.32347
3.92242
3.39527
10.8436
2.69533
2.90593
4.739
2.72516
3.84064
12.2106
5.53175
2.60474
11.2951
8.45404
1.90562
3.17614
4.11583
10.0957
1.5395
8.41888
4.12362
6.08682
2.50696
4.89791
1.19325
4.25806
1.24305
5.49233
1.60971
3.73599
3.17068
3.36304
11.5847
0.623697
2.27543
4.21906
1.79316
2.05562
3.84629
2.37904
3.37424
1.53186
1.71068
3.76523
3.14345
4.5
1.53416
1.29612
4.20871
1.82177
1.86564
10.033
1.55209
1.8435
5.00526
2.53252
1.5759
3.74509
2.68497
8.73594
3.70665
1.45311
4.90318
0.424462
2.71248
0.629735
3.12504
1.74415
1.90762
2.54355
4.0898
2.01811
7.26247
0.712469
3.73522
1.19622
1.38374
5.57944
1.34197
1.53106
3.23445
5.72732
5.2893
6.26774
1.49093
2.04911
4.22421
6.35413
2.06558
10.9215
4.33249
1.25792
1.52776
1.76009
3.87056
6.24881
7.83884
9.96168
2.93273
2.33897
6.51268
6.03569
4.47695
6.36342
2.87781
13.3396
0.927453
1.56366
7.56236
1.35977
4.84166
2.07717
0.906068
1.60831
12.2373
1.52999
1.08358
1.72847
5.79549
4.06109
3.87441
3.266
1.87689
1.49555
2.86905
13.1263
2.24
1.77449
1.95475
14.5535
1.04231
3.9288
4.4726
2.34906
0.892692
3.48316
0.947662
1.11321
6.18176
0.415746
0.656138
2.72663
2.94094
3.65891
1.40374
2.76391
3.96593
14.309
2.51342
2.28668
3.07006
3.40254
11.8063
1.50462
6.06126
1.49255
5.40454
2.43798
4.28899
1.92761
1.59731
2.82445
2.18361
2.74324
3.10273
4.15242
1.35109
0.779537
2.83926
5.42241
3.18699
1.25638
7.19593
7.49829
4.34264
4.3352
5.81613
4.93296
2.9712
4.18773
12.6121
0.997816
6.59985
6.91439
5.04141
2.71051
2.8303
1.47804
2.46236
2.7365
3.80801
14.3989
3.99422
2.67284
4.22593
3.2784
1.9732
5.96736
0.763986
3.46754
2.74484
10.5881
0.489509
5.78367
7.07304
0.721491
3.24901
3.86579
12.6441
5.7454
3.997
3.22135
1.31287
5.11744
13.1631
2.94362
1.54884
2.91375
5.72316
1.85151
1.08092
3.35451
7.12385
7.90072
2.7301
6.01423
6.40232
3.68674
2.0567
4.91355
4.09278
2.61325
5.15925
3.3966
4.23423
1.63887
2.53918
4.80778
2.79597
12.52
2.08714
1.23477
4.0376
3.8328
4.73028
2.59513
14.1282
5.24356
12.499
3.84062
2.48683
4.10546
6.53892
1.43365
8.34682
4.23076
1.72941
9.04096
1.96139
1.94961
5.24801
2.41781
5.56062
1.95945
1.17864
4.54916
4.74387
3.48597
9.48885
1.16701
8.98375
2.39248
10.8238
1.98374
4.42151
4.63073
2.93912
4.69384
4.82974
4.70665
1.8369
14.9076
3.52221
4.8927
6.30546
1.25516
1.7652
11.3822
4.144
2.91341
2.07529
4.45598
5.32227
3.61526
2.1331
2.01014
7.16902
2.6587
3.31379
6.93293
2.24929
1.29369
2.84947
2.72317
4.64288
9.61996
1.48391
0.860022
4.56762
3.87583
3.45316
3.34938
2.10598
8.31132
6.74521
1.96586
3.05248
2.27709
6.8834
3.60018
1.76974
6.08561
5.44621
6.22143
1.46516
9.71023
5.04253
1.79718
3.61154
0.454427
1.54882
2.78038
5.02239
13.2342
0.490803
3.69957
1.95389
2.56943
0.951768
3.95765
2.44398
4.99645
11.0171
1.51286
1.27254
10.3147
4.76585
2.48852
6.27453
7.65211
3.79417
6.23877
3.35814
1.29742
4.41006
