2.84418
10.695
3.00135
3.74142
12.7306
2.56711
4.30759
10.5259
2.2336
1.25555
1.47263
0.510631
2.9192
2.17257
1.23741
2.62779
3.95749
1.12382
6.41819
5.11924
3.75046
2.81168
6.40666
4.0106
4.93667
2.53534
6.86645
3.38476
2.41053
0.502832
3.50628
4.11454
1.35495
1.98788
1.93461
1.79935
2.2801
2.58391
2.94389
2.15134
2.51309
1.81663
7.10457
5.62846
2.18245
8.59851
2.29868
2.87211
1.211
2.5053
14.3094
1.46982
1.53165
3.41293
1.5284
7.34059
4.72328
8.43295
0.759594
2.19717
0.61403
12.7052
3.943
5.14131
3.38622
5.14864
7.40216
5.44817
0.409365
1.01655
13.4055
1.97384
2.42625
12.3486
2.18674
1.31091
5.27452
4.54298
1.21896
1.42861
3.47444
3.19409
2.2082
2.35293
1.4755
2.72061
7.20727
8.69888
3.92147
1.77914
10.7839
1.38481
1.93501
2.71529
1.41531
6.54109
14.9754
3.18225
1.10108
2.2701
2.17992
2.92449
3.48273
3.57449
2.69275
9.74584
4.8411
3.7271
2.65634
0.875719
1.87996
9.10284
3.54415
3.26202
1.60632
4.5618
4.44168
4.91038
3.17095
9.52519
2.54586
1.74319
6.92326
6.8682
10.0394
7.0979
4.90561
3.83949
11.5523
2.70057
2.52911
1.85928
3.41036
5.30453
5.22422
4.06478
3.82109
5.30576
2.2237
2.39334
1.82895
5.91743
0.693907
3.31001
1.30348
2.69498
7.25966
2.43036
1.45834
3.74815
5.2339
2.16095
2.65673
3.10384
5.9306
0.596675
6.41325
7.28513
1.50398
6.18996
6.80188
5.32992
0.884038
3.61489
3.51377
13.0589
0.838023
8.74161
3.05847
2.94357
4.9929
4.41263
1.76816
3.01837
1.18985
6.80074
2.95579
8.43599
3.76286
3.37295
2.9063
2.37941
8.30281
5.26452
1.33914
4.19949
2.86748
4.25422
5.17711
5.77395
3.66842
3.55651
2.82804
1.9019
1.35137
2.40805
1.147
2.89166
2.51185
3.88956
2.56042
1.06023
5.32273
2.74887
2.34066
0.947968
1.86868
1.34215
3.34694
1.08022
1.20193
3.07629
3.20707
1.82708
5.28897
1.64073
2.82809
3.3151
11.2437
2.62815
4.58024
4.97103
4.44952
0.215704
2.46593
2.06676
3.72161
12.9655
4.29065
2.64694
3.4128
2.04012
14.2623
4.23785
8.91551
9.18726
7.89152
0.727732
3.37857
8.16224
0.466821
5.66944
1.83889
3.44073
3.64709
12.1397
2.10583
1.70958
3.69135
3.49771
1.3826
5.85006
5.05236
2.30711
4.88534
1.59241
3.82973
3.73133
2.42995
7.09585
6.37241
11.6282
2.48109
13.392
1.50289
0.960411
0.932957
6.94309
3.58289
5.58301
2.95004
2.31635
4.11158
3.02221
1.69452
1.88007
2.19969
2.02025
6.70933
2.47767
3.28728
1.54671
3.03282
6.82734
1.64898
2.55755
1.64509
5.99101
10.7004
9.7087
3.84487
2.2802
3.598
3.10605
4.57411
11.7489
2.96159
7.14334
2.78192
3.153
1.95696
7.40641
3.49403
2.92464
1.8567
7.65546
1.91588
3.42081
1.81501
6.95713
3.64382
2.52257
5.11366
6.29764
6.71109
0.542808
11.0018
0.933464
3.56565
1.79609
0.523728
10.4256
8.01374
4.66368
4.80967
1.40552
3.38837
6.76081
0.407668
3.17435
4.24127
6.86401
10.3188
3.0182
2.24841
10.914
1.06895
2.25532
5.64485
2.34419
2.8702
6.31001
2.05309
8.2143
3.31366
3.07633
1.53978
2.69251
2.81542
2.33031
1.51457
3.91411
4.24503
0.612145
1.78292
8.50856
11.3651
9.27414
6.9291
2.93365
6.67826
2.22816
1.28404
5.25323
1.77473
2.4672
3.90363
2.47886
2.89343
3.69663
3.06857
4.91176
2.67358
0.561897
14.5503
2.38827
3.46683
2.25064
2.36064
6.22917
5.10064
6.23921
1.40578
1.40494
8.51451
0.0841331
3.9218
3.48378
1.18681
2.92344
2.1735
0.359698
1.69468
4.46032
1.02485
5.16854
4.99979
3.64358
3.62661
2.55822
0.280783
9.18769
1.34827
7.39052
2.3069
4.59089
1.89543
5.38439
5.08622
7.03166
6.80835
5.04502
4.20646
3.16121
1.39084
2.93408
1.35228
6.5358
5.88058
4.10376
1.15567
6.50197
0.582185
3.74923
2.18672
1.98038
11.6338
3.88672
3.52803
4.62569
2.22366
1.57472
2.85519
0.651534
2.59214
2.40043
8.79363
3.59155
4.3776
0.627314
1.77081
1.88362
2.17734
2.60377
1.06761
5.33419
1.31853
12.1955
5.48153
1.74336
2.22409
3.94296
3.51788
4.60888
4.32843
1.44234
4.16176
9.15248
2.6515
2.44794
4.05553
3.03124
1.65422
4.26259
1.72947
2.6182
1.92074
1.45298
11.9712
1.63308
2.32081
5.43812
1.96829
4.75663
4.22776
2.30505
4.62551
2.06097
0.768763
14.6306
3.5768
2.55309
10.0339
7.44228
4.0764
1.97195
12.2419
3.56394
3.72301
4.2266
2.4403
3.22434
11.9274
2.45168
0.495832
10.0358
3.63594
1.97058
4.42329
14.8241
6.62763
0.604403
2.06739
2.73384
2.16558
5.01083
2.78408
1.41748
2.36991
3.3552
1.95579
0.459835
2.71075
2.49852
2.66284
8.28871
3.57214
1.09679
1.83902
2.87303
2.40322
2.66865
2.70132
6.64495
1.91614
1.4061
1.01552
3.19297
7.94705
8.23368
2.63688
4.24828
2.26117
2.36285
1.48006
3.48934
4.07355
2.79989
1.8133
0.900761
2.60909
3.74019
1.54813
5.31531
6.18205
5.50381
1.80156
4.18325
2.52464
10.4054
2.23651
3.55186
3.5581
4.41017
4.40733
9.59684
1.79582
0.174517
6.80923
1.86943
1.72048
1.40238
5.95262
4.52987
1.15025
4.36444
2.67934
6.98498
2.16196
5.33984
1.83596
3.21202
12.2625
2.45406
5.39996
14.7326
9.80012
2.64231
6.5254
3.59162
3.06427
1.76452
4.77025
2.81676
3.09141
7.52006
3.69228
4.95782
3.21127
4.84157
2.8658
1.75927
1.41228
3.56704
1.45651
4.45208
4.44673
1.21397
9.38716
5.59696
1.30103
2.97098
9.47101
1.37786
3.26354
2.52819
4.38786
1.58775
5.42975
3.03576
1.48352
6.32162
6.19022
4.83732
2.77559
3.7873
3.11055
4.60147
5.28573
2.95026
4.16399
10.6646
6.1324
14.5636
2.55804
0.746555
2.00271
3.28792
3.52135
8.3849
8.53176
0.455306
0.741135
1.3711
3.31645
4.5793
5.81494
3.20519
1.8555
5.75529
1.61615
8.25239
1.54631
5.92793
1.60194
8.19241
2.44142
0.848913
2.94119
0.38332
9.11847
11.5374
1.97582
1.2197
1.21803
6.75127
3.0731
2.56642
5.25088
2.07536
0.732721
3.24729
2.75736
4.93667
3.49634
0.410796
2.33567
8.12989
5.9653
6.43842
4.06716
1.04367
3.81658
10.3073
2.52779
2.84223
1.68511
4.1193
2.89408
3.82547
3.88573
3.00115
4.03945
9.76591
3.00862
4.2261
1.18536
2.00096
3.91388
2.28596
3.78267
6.17257
9.14928
1.32835
2.05403
3.51099
0.958872
7.09875
4.13051
3.07805
2.00083
9.80592
3.01378
1.77626
3.91136
3.55601
3.19452
6.86759
1.65225
8.79744
5.51429
11.7979
0.491903
6.93642
9.41731
1.17964
0.294938
5.53632
4.60879
5.63476
5.7662
3.81342
3.2409
4.94966
1.8007
3.63131
8.33739
2.11027
3.7854
0.243866
10.9037
6.50374
1.25952
0.951365
2.66139
3.27682
2.09743
2.20907
1.79502
0.753677
10.0927
2.00178
2.88125
3.48583
4.80514
2.8531
12.9938
2.8973
4.83102
2.44447
5.35756
8.0405
4.77769
3.87493
5.43891
0.808607
2.5121
4.28802
2.11004
1.49439
8.07527
4.94804
2.90657
1.74317
4.16064
2.97457
10.8709
2.06389
7.74047
5.06548
13.5097
5.35684
3.91005
4.08988
2.89999
3.27248
7.22536
6.2266
9.09511
3.78899
2.96321
0.779357
5.96325
2.51265
2.04801
3.62955
1.47965
1.84087
6.33217
1.6676
8.21092
5.12493
5.78268
2.32284
6.50682
4.43364
3.82183
2.19434
1.77059
3.35441
2.19251
4.67093
3.82554
3.16397
1.89111
1.67867
1.13541
3.98816
5.7136
2.1909
10.3897
5.51238
3.33627
2.78176
5.35616
3.35312
2.75305
0.898246
3.96796
2.72609
2.53193
3.91743
2.19094
1.42986
0.962231
3.13946
3.63497
2.14522
13.2418
7.40209
1.76798
4.24832
2.06619
3.52877
3.29535
5.74786
1.75267
1.22738
3.10469
2.62138
2.18393
8.27716
2.35082
13.83
2.57187
5.52549
4.27115
2.64842
1.24612
3.63515
6.25053
4.68205
3.89879
1.06584
3.93942
1.61713
4.53766
0.574295
7.25844
2.6584
2.89478
2.05167
3.61632
4.68318
3.15294
4.0224
14.4814
2.05582
1.97409
1.64781
8.9723
1.06665
2.39894
3.53162
3.52841
2.55783
4.63214
4.37358
0.695201
1.03353
1.20664
2.69431
1.98329
2.38089
2.00816
2.67949
8.20775
2.73226
1.46094
13.0322
2.32814
4.16078
1.65601
3.95452
7.64953
5.20743
1.40593
7.06184
2.69556
2.46511
3.73505
1.86544
3.77981
13.6587
1.13656
1.29601
1.45679
2.15621
4.10662
2.42445
1.34365
0.440274
7.12679
1.91303
0.521665
2.48122
2.56142
1.74914
4.3771
3.9155
2.37604
5.28731
0.17522
9.97765
1.34147
3.81434
3.23412
4.53815
3.25396
1.91855
2.55375
3.29302
3.29817
14.5483
2.67599
1.97663
0.840574
3.89253
1.18322
1.75322
6.82775
5.36547
1.98138
4.27803
2.8977
1.01875
6.05288
7.34524
1.72177
4.15572
3.331
3.94795
1.61452
3.53217
3.83901
3.67165
1.75089
4.08229
3.65907
4.48263
4.19035
1.87732
6.75918
4.65109
10.3706
9.70217
2.73257
2.0516
4.44539
2.46814
2.927
4.48423
0.732189
3.7012
3.64465
0.725416
2.10122
2.18156
4.59873
2.96717
3.50441
0.943444
1.52127
6.07172
5.48546
11.0633
4.48046
3.37112
7.13878
2.3396
2.03046
10.2463
1.69809
5.51214
4.46958
2.06728
13.7745
3.50507
7.4856
2.96744
2.60356
3.3398
7.51719
4.37749
9.0836
6.07481
4.20767
3.5018
1.56691
3.64863
2.70351
3.31573
5.68738
5.76969
4.36605
2.58633
2.81221
4.65636
6.0749
1.69826
2.64142
3.0062
2.17806
1.06072
0.192971
2.84652
5.06526
4.09832
6.90689
2.20645
3.63217
9.56355
6.86253
3.0729
2.62094
2.0716
2.01263
2.47579
1.88819
5.21223
1.9164
1.76821
4.08221
1.28289
1.33036
1.15496
6.20869
2.43649
5.05004
5.54734
4.0537
2.30054
2.22774
1.59069
1.00678
1.03236
6.25199
11.7285
2.15434
1.06952
2.23102
4.95526
3.02431
1.19983
2.81122
8.13669
2.33539
1.33963
3.21905
2.9626
5.85214
3.99905
0.778835
2.73425
0.707213
3.7096
4.83338
0.515024
4.13393
5.34621
1.61644
2.68241
4.66911
1.32808
0.872247
5.11809
4.22338
4.90461
1.49264
4.79886
8.02672
3.202
5.49135
0.721919
2.04848
1.92143
0.781123
3.49806
11.5856
2.25984
3.12668
2.64014
3.83353
1.39769
7.29285
2.93869
7.43326
4.55197
3.20798
1.73049
2.20388
2.98522
3.45984
4.88033
2.65391
1.71561
4.31359
10.3575
1.3552
1.18955
0.505556
2.10542
1.74083
6.787
1.61057
3.92032
8.76454
3.52885
3.75431
4.3001
0.712234
7.57853
1.77941
4.88083
0.510624
1.93149
2.68515
1.87906
2.23714
3.44865
4.02209
4.3675
1.47545
2.7469
10.5874
2.41225
3.96493
4.52707
7.43506
5.31585
1.25069
0.712975
3.10662
2.2066
5.42025
1.21172
2.7559
4.68943
1.92259
12.8458
3.62796
4.50764
1.6454
7.42522
3.01345
8.56711
4.31277
2.25465
2.75648
5.44447
8.6857
4.54636
5.40687
7.43438
2.26034
5.0148
2.67404
5.87382
3.7442
3.17144
2.11739
0.783777
2.16526
1.71735
3.65605
1.77451
2.36353
12.0595
14.8099
3.7012
6.44591
2.64918
1.52626
2.12359
1.43945
2.9672
3.03975
6.26902
4.37748
1.41992
4.8055
5.46079
1.79618
0.856247
5.78232
5.5542
4.04045
3.76505
9.94815
4.75441
4.23102
3.58429
2.50658
6.21445
2.868
3.14658
11.4429
2.33402
3.60793
3.8303
2.23956
1.4751
4.35349
14.8588
1.64774
0.880364
3.36603
2.07765
2.63365
1.79263
0.835648
3.67996
6.0057
6.04224
2.25177
2.02948
3.98827
8.25346
1.83205
4.58419
4.9537
1.01911
2.08183
1.76956
3.13249
8.27835
1.95185
6.64307
9.89232
8.04626
6.45373
8.08188
3.12586
5.56176
2.11021
2.04466
3.85996
0.90493
2.26966
3.10996
2.15134
6.35216
2.96767
1.73423
3.80907
4.36668
13.311
4.83685
3.51365
1.95712
4.65839
6.33953
4.92241
1.24292
5.21844
1.93234
0.800237
3.70009
1.18404
3.00245
6.71227
3.62728
2.51675
3.70574
3.17379
3.8375
4.45992
3.38808
5.53272
2.20224
13.4121
3.81738
2.75906
5.72768
0.690308
1.81569
1.7341
6.47837
1.92608
3.70912
5.52211
4.10619
1.85666
4.78041
1.6378
3.03301
4.00999
7.225
3.25515
4.69554
3.49664
3.50524
3.03051
2.3206
2.1134
3.23071
6.27526
4.88302
3.68039
3.19897
4.76258
1.74137
1.64832
14.8201
3.54581
12.8259
6.50292
8.82949
2.04119
6.00422
3.64066
4.82069
8.14102
3.35314
2.13721
3.05469
2.45332
5.53043
1.93085
3.20129
2.82625
1.4406
2.82062
0.646555
3.37562
2.55379
8.03481
1.71057
3.7549
3.11345
4.63096
1.96751
5.50142
7.94061
2.8265
2.52845
0.496456
5.57498
2.71232
7.37142
10.3447
12.59
8.27695
2.59961
4.493
7.34773
2.38402
1.55995
11.2862
3.67227
6.61348
4.01615
5.25271
2.81303
4.03702
2.24076
3.95006
1.15144
1.99416
4.54086
2.34893
3.49777
2.9427
5.2243
1.72434
1.97831
1.56457
3.34728
1.91341
1.18263
2.91987
3.93197
3.41663
2.57505
3.264
0.98748
5.39899
6.79829
3.08707
5.56614
7.32435
3.21007
8.00704
5.54342
2.4367
2.20382
3.79539
3.94369
1.63323
4.98341
4.10139
6.59659
0.887127
0.992273
1.60328
1.7795
7.62407
2.09086
3.30849
5.08788
4.33942
13.1149
2.00636
1.1462
7.30654
6.81079
2.18153
3.47046
2.99502
6.72431
3.89474
0.99499
1.62573
2.1473
3.35181
4.9468
2.45585
11.8411
2.67587
0.657016
4.50803
3.74374
0.843119
1.28567
0.215949
4.49878
2.55582
3.32481
1.13734
1.49081
1.24942
2.44102
1.36487
5.25442
1.72021
2.85533
1.00062
1.30994
2.29687
0.893487
9.11659
0.45254
2.62523
5.91022
2.25412
5.18008
0.753321
0.82262
5.75883
2.94946
2.58763
4.65877
5.64947
4.02008
6.65635
3.0059
3.24038
2.44612
1.21731
4.93256
0.87884
13.4643
1.03429
4.55109
6.20117
3.32489
0.944849
11.8571
2.14169
3.59358
3.52672
1.28893
3.71408
10.1189
2.61401
7.93915
6.52674
7.89709
5.25967
2.73429
2.51493
5.46286
2.45677
1.6757
3.88936
1.37277
1.89392
3.65359
2.96177
2.07421
2.52339
2.32883
1.64188
2.35189
5.42904
4.51582
2.9944
3.42804
1.6139
2.36391
3.42776
3.20315
2.24003
1.53738
4.77944
3.61672
3.11279
3.7767
1.88507
7.72735
2.39003
7.1649
10.5094
5.49269
3.13956
7.7696
4.50875
3.10097
3.34446
1.84368
4.20122
1.63942
3.43823
2.60534
1.41689
0.722007
5.76076
1.22178
9.1777
2.23415
2.03327
9.71202
4.74785
10.9009
5.78718
1.73948
5.36781
6.04881
7.39526
5.56178
3.0252
2.66203
6.88818
12.8368
3.07793
5.3612
4.18457
3.99658
7.21241
2.6106
4.93798
1.71222
2.1364
6.98204
5.96815
3.27077
3.22939
4.37856
2.59056
4.65354
1.54853
5.77136
2.84782
1.5752
3.58938
0.586506
5.34469
14.0161
1.80877
3.66183
3.39653
3.27453
13.1392
0.343851
3.87449
6.35915
3.2304
4.05666
2.80389
9.11529
2.53743
3.54491
2.11684
2.96521
2.96383
2.02881
13.1247
13.2452
2.55644
4.67424
3.05895
4.42562
0.743269
3.18944
1.93065
3.25745
1.75589
8.93718
2.99541
1.87997
2.60351
1.5314
1.47142
13.9391
2.49748
0.348408
3.08754
6.20909
4.87849
2.28221
1.22248
2.53926
2.06624
4.12719
6.7138
1.41843
3.71539
4.54911
1.63653
1.21006
1.08787
1.95428
0.410601
2.69101
1.92534
4.59802
0.531267
2.75063
1.88176
0.852954
6.94437
6.3645
9.25247
4.29522
2.41299
2.64969
0.915507
2.50498
7.36945
4.20871
3.21427
2.62638
7.20329
4.20395
2.73375
9.76495
2.82806
2.375
2.38671
2.08516
9.55646
1.87895
7.64484
11.3739
4.92505
3.49142
2.88245
8.92562
2.20671
4.30915
3.25446
2.91396
3.36395
6.27885
0.555132
1.47307
5.01685
1.9177
1.71589
12.2933
11.7121
4.73746
2.45735
5.50865
4.96955
5.75742
1.74877
5.56656
5.42767
1.93767
4.7563
1.83313
9.74143
1.0913
4.49573
1.24802
11.8721
4.66451
1.73339
2.78328
5.22732
2.28848
2.6121
2.34503
3.77915
4.5275
9.55928
0.709203
1.71524
5.33378
1.70736
13.1745
3.78177
5.21186
1.8264
1.75248
2.91259
4.00006
8.64237
1.79835
2.56441
2.23144
2.2423
1.48884
4.84041
1.29091
1.26419
4.62398
2.77756
0.780828
0.774122
5.05608
11.8851
3.01228
1.53237
5.11342
3.96631
6.23017
3.89375
3.08705
3.24777
3.42936
1.70298
1.06821
2.04273
1.716
2.738
11.6255
3.66619
3.68273
1.57025
2.39582
0.322449
1.86373
4.54663
4.72717
5.44422
1.92788
1.46217
2.60313
5.7299
3.62888
1.49213
2.98088
2.13168
2.80974
1.67238
10.9343
1.7773
1.28015
5.44827
0.579672
1.20068
1.79412
0.964354
2.23047
10.3682
2.29963
8.54249
3.93209
6.78813
5.11341
3.68156
2.00548
2.89485
4.81172
4.66144
5.04785
4.00418
2.87763
1.66899
1.38532
8.68134
9.28715
1.5785
6.38315
2.0514
6.00792
2.82162
9.5057
6.01312
2.65754
1.62509
3.05758
1.38421
4.62281
4.09714
1.48312
1.90308
5.83544
8.99072
4.23136
7.53632
7.99113
4.53513
5.46619
3.98402
6.52739
6.47892
0.600924
1.82952
6.0475
1.7793
5.54885
6.35624
2.69803
2.73842
8.45116
1.1841
2.74129
1.9796
11.6668
2.81161
11.9897
5.83344
2.79324
10.3999
2.55226
0.341785
1.05858
1.51474
3.30394
2.03002
4.94872
14.4481
5.27989
1.37382
3.13297
5.87465
3.67582
2.69677
4.88116
12.5421
1.22184
4.34757
4.61044
6.61154
8.20834
0.905475
9.70646
0.842168
3.66999
4.43353
1.84367
3.89414
6.50926
4.82051
5.33835
3.18874
6.81576
0.96872
1.7992
11.5961
4.17735
0.7221
4.05065
4.12362
5.11107
5.61037
1.79744
3.08277
3.35264
14.1933
2.64505
1.28271
2.62122
8.93665
0.36193
4.38239
0.719148
1.97862
0.874164
2.62591
10.6819
2.06561
2.48677
3.1585
1.88738
1.96398
2.53153
0.975101
3.25781
2.32565
1.85963
3.59721
4.11451
7.30479
1.43021
0.380491
3.0809
2.47882
3.09327
3.52988
4.59212
2.82392
4.55012
7.64343
5.00717
5.42975
1.899
0.493156
3.55764
2.73479
6.59786
2.51163
4.30401
3.29877
9.73089
0.999356
2.00564
2.05269
1.12334
3.29965
2.47518
1.40744
3.76311
1.76287
0.471159
4.17551
2.11347
9.2103
2.30873
0.884173
4.13032
1.47925
2.46633
1.18847
4.94525
2.50761
4.09553
1.53222
2.99045
2.91958
1.73449
1.70125
2.627
8.41071
5.51877
1.26823
6.5872
1.06535
2.66627
3.55739
2.32241
11.3699
2.64354
1.5909
1.819
3.5499
3.38191
1.63168
5.06647
3.23898
2.17745
5.49171
5.12941
4.06669
9.04134
1.99639
2.49596
0.844094
1.0037
3.41941
2.22809
3.38622
2.3105
2.67079
12.556
7.19402
10.1347
2.19385
7.47567
3.12062
1.63135
1.4266
11.3211
3.31937
3.27228
3.64175
4.4882
3.15547
0.952249
1.87001
4.11021
0.94524
2.06773
4.98659
3.51562
6.12461
6.87102
0.668186
6.255
2.49712
0.807825
2.64961
0.554809
1.01102
1.47808
1.89998
9.02637
2.01911
2.48578
4.87666
2.50314
7.45096
2.76022
9.36753
6.41494
9.41091
2.70917
2.60479
3.37102
3.18527
2.5531
4.32984
2.91765
9.54955
5.92983
3.53259
1.95801
1.59333
9.99395
3.59774
9.82216
3.00338
0.415767
2.56874
1.29594
4.21005
1.98315
0.889414
2.19125
3.32523
5.49901
2.05004
3.21842
11.8133
4.11258
8.05432
3.96034
4.90141
1.14434
3.06136
6.72413
1.57013
3.77063
9.55772
2.4707
7.65422
3.30838
0.351778
1.95882
1.30423
5.52344
7.21692
2.83162
1.13007
0.796422
5.16624
3.99412
3.2125
3.55934
11.061
3.36676
6.81008
2.39013
2.34068
2.52342
2.61687
4.26826
2.14349
0.724982
2.50554
1.59985
3.7437
2.09115
5.63359
5.19944
6.6484
0.571035
2.95821
2.33889
1.93188
0.627315
4.48922
1.94297
2.62441
2.93171
2.9076
1.76884
2.78898
8.60147
2.95906
3.69346
3.79788
3.27922
1.81163
1.18232
3.35236
1.83114
0.987999
4.60066
6.39577
2.73489
7.10074
3.133
1.21169
2.84158
2.16498
3.83188
7.8155
0.946553
3.61443
1.62755
8.10853
1.17575
4.69712
2.10344
3.9937
5.46975
2.35134
3.12924
0.160514
0.614074
5.06633
2.86374
4.40787
2.45612
1.99866
1.32338
1.64761
8.82252
1.72089
9.78464
8.19748
0.966755
4.13772
10.9419
3.06251
2.98597
6.50896
1.36935
2.18662
2.63686
5.01645
3.17595
13.3604
1.37602
2.53631
0.949723
4.756
9.91488
3.41334
6.33977
0.451078
4.192
15.0039
2.22492
4.83329
0.9437
2.32749
3.86214
5.61866
9.21414
6.49705
7.12374
2.31174
2.50124
3.21165
1.99507
3.03726
1.01056
1.15925
11.7653
1.8067
3.20783
4.2122
2.21453
3.11128
2.5685
0.499028
6.98447
3.31764
6.94817
3.34285
3.47336
4.44209
2.59084
2.19094
2.43671
3.05729
2.37191
3.56969
5.22741
2.27403
3.15231
3.07507
2.86555
7.81152
0.171001
3.20591
2.3846
1.94252
3.98286
3.21014
4.2938
2.35706
2.48814
3.31025
1.78191
4.79244
3.0991
1.89798
9.62444
1.41943
4.89666
1.93654
2.89751
3.21476
0.922307
2.18866
9.74753
5.25986
3.53938
6.11869
5.42086
5.64108
1.73108
13.6346
11.3374
0.482982
0.715482
1.31878
1.92511
1.62313
1.84703
7.8631
3.87537
3.64528
3.16129
11.0853
7.32473
2.38832
5.45096
1.8932
1.7663
0.204218
7.4312
4.20636
6.5115
0.417935
4.35733
3.44213
1.13715
1.25515
5.86235
4.4315
15.0317
1.25102
5.04199
4.64609
2.88532
4.51118
4.14391
3.30298
7.43311
1.87354
4.90543
5.19554
0.749927
1.52551
2.4984
4.84839
8.53888
2.27284
1.45627
0.570779
1.99445
1.5579
0.194072
1.15131
2.99832
4.16543
5.43621
2.376
13.2798
5.09238
13.9149
1.75556
5.25353
7.38831
6.47753
1.89643
6.78285
11.6649
3.13417
2.03417
6.90339
7.03373
2.02299
2.93583
5.47326
5.12556
4.20895
0.981569
0.770009
11.4098
2.62721
3.03837
14.0468
5.5897
1.94321
3.24259
3.33194
3.41179
3.73811
5.09527
2.83944
3.28917
4.61777
2.87642
2.59813
4.33509
7.16209
6.1999
9.50913
4.79351
10.4447
4.86958
2.04285
3.24888
1.51239
3.58901
5.79503
2.7371
1.85557
1.43415
0.912302
1.97246
5.0223
6.77305
1.12876
2.63867
6.81703
0.571059
1.91727
0.685963
1.3127
5.42022
4.13222
10.4877
2.22578
8.09277
3.77425
5.09553
8.37207
3.1299
7.32901
7.06127
0.401366
2.74639
6.82948
2.0998
4.69355
0.570516
1.58903
12.072
1.70382
4.88183
4.3028
10.0698
9.26111
4.56363
4.95457
1.9448
4.39272
0.395975
7.75773
2.03237
5.29605
6.18456
3.02091
5.56534
4.7035
4.85541
3.64704
4.38816
5.96931
6.55656
2.27196
4.7875
1.73847
6.36674
1.99254
1.69734
8.57564
6.12248
1.49008
11.5079
5.76252
3.78891
4.85209
1.64014
6.66964
0.968689
0.307272
2.35896
2.59921
2.45592
1.17947
5.33609
2.78797
0.597255
8.63806
3.62788
2.1946
3.41478
6.36759
2.01092
8.92562
3.82539
2.49995
3.4982
2.42431
2.05386
4.00562
3.76555
2.59419
2.73795
3.12317
4.2951
7.15938
8.77071
11.1313
1.52971
7.92553
5.27334
3.67842
1.37581
1.72936
2.80838
3.06214
1.85036
0.461799
8.1709
13.8825
1.42292
3.58962
6.49667
13.2178
4.66941
4.83883
8.53447
5.38115
3.41514
0.962685
0.454246
1.39023
1.06201
3.22529
2.62749
4.32968
2.49838
3.60961
1.54777
3.15736
8.70248
7.57436
2.36848
1.74524
2.70836
1.26261
2.0448
0.498971
4.65056
1.78142
5.62889
1.84101
11.0475
3.95228
2.92281
11.405
2.41591
5.24426
8.95065
3.9737
11.1908
3.74713
3.07134
3.59591
8.85204
0.878394
3.4856
3.58841
3.72544
2.4567
1.55631
4.34327
3.53974
3.7944
2.5587
1.39185
4.46496
1.95143
9.15101
2.97864
8.78852
0.647156
5.94882
3.28821
4.30502
3.33694
1.23348
4.81661
1.60228
11.6633
2.53115
1.60484
6.54339
4.25467
8.85674
1.00271
3.32664
3.60668
2.09066
1.16924
4.3256
5.13027
2.88895
1.75968
8.84628
4.23854
0.589819
2.2821
3.22955
7.0437
11.7066
1.614
4.03826
2.82068
11.3698
1.71751
1.41009
4.29
1.87665
5.07929
2.27516
2.13102
2.54884
2.80782
3.93892
2.04921
2.14295
5.24655
4.18643
3.03459
2.63024
2.5574
2.18395
5.10331
7.07415
4.34135
2.16864
9.47009
4.84606
1.90276
6.23175
2.29461
10.0138
3.35024
1.80657
0.804067
6.34395
6.48276
2.92309
2.24054
1.59006
2.73759
3.76664
9.22591
0.751407
0.831677
1.71622
2.14799
8.98052
13.036
10.9762
2.15702
0.721843
7.02809
2.43098
6.09077
10.3274
3.01055
2.40961
4.68658
2.89957
3.54331
1.1917
2.9023
4.47998
13.1545
1.25478
3.38701
1.64174
4.73736
3.15776
0.282217
11.6521
2.59076
2.40416
6.67685
2.09612
3.10651
1.922
5.78703
1.92114
3.46868
12.9702
4.46537
3.18412
4.08356
1.83926
2.76449
1.73745
3.45875
2.29669
1.83547
0.838849
3.67541
5.01114
1.58805
1.38306
2.11049
4.11353
4.06881
6.03304
2.84777
2.51504
1.12581
1.81211
6.66885
8.3623
5.77175
4.48989
5.87281
4.93968
0.635274
2.41381
2.11429
5.96617
11.645
1.21993
1.79336
1.87381
3.77169
6.73903
1.89444
3.29577
2.09238
2.33023
0.808971
1.64913
0.618975
3.1792
4.57781
13.049
5.0467
4.93426
1.76094
1.79694
4.30902
9.08503
3.62156
5.19204
2.3468
1.92007
5.51969
8.2323
1.95354
5.41075
2.82435
3.2471
3.04134
4.1882
3.16375
4.73907
7.92315
11.0891
2.42434
2.32659
9.09102
3.57095
8.12422
4.88458
2.22958
0.538841
1.80547
5.90339
3.48568
8.83775
2.64682
5.07948
6.299
3.30589
3.55832
2.5944
1.76662
2.60166
5.06669
1.03318
2.44591
3.0448
8.24815
6.51653
3.9749
4.22348
0.209234
0.439097
1.8069
5.08672
8.88533
8.67747
2.25258
13.3768
10.3417
9.16942
3.93326
6.95304
2.14566
1.77612
2.12826
1.38472
2.00913
1.66959
1.54808
6.05474
5.44275
2.08266
2.5952
3.0399
13.1497
0.622591
1.87885
3.04255
1.06301
5.3874
2.47669
3.2438
2.19712
11.236
5.06486
4.17587
2.37305
2.86343
7.07587
1.57466
7.61445
1.65222
6.29713
5.79194
0.865779
6.06471
8.97143
2.41519
2.99182
2.88622
1.17415
0.66398
3.48811
3.46896
4.17073
2.97241
1.10105
4.77397
4.41196
1.51544
2.24899
1.25381
12.1657
1.52934
8.23802
5.94393
1.77291
5.19662
2.01947
2.75749
3.4016
3.74508
6.55792
3.6142
1.80833
5.38393
6.99166
5.60889
1.82786
1.98877
2.48203
3.33394
4.58935
2.04069
3.15418
0.595569
2.99899
4.5467
9.36204
0.513596
2.77755
3.62795
1.51938
3.15555
5.6207
1.99965
3.4184
1.49516
3.4007
11.1195
2.39988
2.53801
3.53413
6.27576
7.3018
1.61066
1.09351
2.8582
0.841988
3.51028
3.07425
3.25775
4.06156
11.4056
1.75266
3.00676
3.68039
1.56248
0.532412
0.821412
4.71968
1.46317
2.64341
4.26633
6.49722
3.07803
2.34033
0.682259
1.8906
8.29101
1.38691
2.8176
8.46996
4.75575
3.97046
4.1066
4.01192
0.857257
3.21765
2.37166
2.80688
4.30848
1.97334
3.24096
1.7594
8.40329
0.840977
0.674165
7.54078
2.8406
2.78274
2.20999
15.0955
6.34833
3.59195
3.95265
2.94707
2.28255
6.30434
1.89274
3.95893
7.0152
8.17527
0.984113
3.61034
4.78305
4.14721
7.813
5.00969
3.35537
10.4914
2.69428
13.1772
5.90517
1.07287
3.29462
4.77236
5.11552
10.7541
13.864
3.95313
4.33212
5.39079
0.87882
3.1578
9.47948
2.77551
4.0078
5.40306
1.91819
4.17381
4.4957
3.86757
7.07672
6.18402
6.22203
3.48795
7.23661
1.91642
2.41285
1.38901
1.43778
3.73486
0.999181
4.62514
3.1653
11.8559
2.71568
1.56025
5.62475
4.61725
6.7232
4.08097
4.8383
4.79705
4.85427
3.03837
14.9142
2.44623
2.18148
3.38715
0.351589
2.24807
2.59686
5.61315
3.1554
1.55663
4.8508
3.40578
2.58133
13.4695
2.72706
0.938912
2.27924
13.6027
8.19716
2.14552
1.63052
0.693145
1.77859
2.38117
12.899
2.47137
1.89993
3.86121
1.87784
1.4565
1.29189
1.97719
4.65633
4.89018
5.63351
3.93903
3.74977
2.21139
3.32817
2.9513
4.32334
2.75258
3.85972
1.8396
1.38635
6.81053
6.49563
7.98849
2.24677
3.30109
3.83289
13.7451
4.74827
1.65613
4.73562
1.39621
4.97322
8.03215
3.6401
5.6791
3.09611
10.6445
0.897224
13.54
2.13845
1.32678
6.89737
1.93977
5.11161
2.96971
2.38717
7.04709
1.60529
1.38303
3.83471
2.47774
3.48553
2.32087
14.4371
4.27804
2.61534
13.3551
0.139821
5.45866
2.57265
2.2941
10.2785
3.83603
3.20444
2.95127
2.63738
2.10349
4.44517
4.92322
3.53284
3.53142
5.44632
2.92596
3.19029
5.2216
0.996518
2.14802
1.21184
0.982427
0.807895
4.82772
5.62304
0.876748
4.39409
6.31478
7.89161
9.5263
6.39432
3.20499
10.9582
2.88858
1.73524
2.83935
1.29063
1.45239
1.59917
2.13191
3.49889
6.22081
1.94943
1.59271
11.778
2.66379
3.70951
4.0936
4.16817
1.59855
4.1877
2.19656
1.15526
2.10891
1.92998
5.03456
1.54427
2.77853
1.55497
2.0677
8.83084
2.29855
3.50467
8.41391
5.39137
2.78026
5.17619
4.08342
1.42589
2.34534
2.75333
5.29563
0.853557
6.14468
2.06327
2.03675
7.77731
0.765455
3.88894
6.30506
0.562701
5.99265
2.2422
2.93675
1.54069
5.31804
3.91694
4.96411
2.07229
2.68508
0.418915
0.755866
3.30769
3.96387
2.47227
1.94569
6.11199
2.10442
2.39556
3.80248
2.43291
2.14903
3.14532
0.664232
3.22317
1.66289
0.826085
1.26051
6.00965
11.6564
1.20748
0.731121
2.1413
3.24123
2.78062
10.8497
2.64237
3.22784
2.11589
2.4449
8.46404
2.8347
4.72386
6.0113
1.04595
6.86639
3.20719
7.8784
0.512927
1.46003
10.2199
3.79927
2.57675
4.60298
1.6015
2.45119
3.40138
2.57664
2.67354
4.90679
6.58539
7.03594
2.57677
11.7939
5.81027
2.30113
0.942878
1.92737
0.212418
4.78197
11.4422
1.78283
3.09006
3.1362
4.68171
0.407382
4.00987
1.0984
1.84934
3.43116
4.75606
8.82979
3.15706
1.43066
2.02754
3.9484
2.1502
1.90541
5.48431
3.3593
3.00915
3.20321
1.37631
4.68993
3.07046
6.18557
3.92161
9.95415
1.17676
4.36205
7.53285
3.79888
1.59581
2.25285
9.80178
2.64531
4.72189
4.22407
1.91376
3.50812
6.99867
9.26116
2.51878
2.85297
0.656399
0.313647
4.27563
1.47468
3.30704
1.02314
2.13137
1.56546
5.03308
4.14569
5.8842
2.28325
2.24704
4.67822
2.07644
8.69311
1.9482
3.73404
5.57327
3.141
1.21813
4.09075
0.955915
2.89763
4.1577
4.14691
2.34157
5.11945
11.6545
10.4437
4.35487
2.94033
3.75441
3.89906
6.0657
4.65716
3.95171
5.44069
3.91004
5.28581
2.58132
2.00016
6.39928
4.92084
1.6873
2.29479
5.57329
7.50681
5.89184
5.95646
5.41812
12.521
5.38252
2.93058
2.40924
1.15699
3.72196
4.58944
5.94061
13.3333
3.13223
1.73719
1.57119
3.89391
2.02055
3.02833
4.18615
1.73924
1.93498
2.1618
1.25894
10.7194
13.0655
1.18018
1.23734
1.79464
3.23801
13.9358
3.05075
3.48109
4.1587
1.78803
5.80798
4.33987
1.90712
5.40217
4.9158
7.97079
3.96263
9.96052
0.314014
3.46042
10.2369
4.22753
1.9725
1.20088
1.92542
3.9022
3.93008
3.65751
4.27231
1.8566
3.45757
3.43414
4.4402
4.11322
10.7297
1.75354
3.28574
5.78239
2.09994
0.207563
9.65098
5.60591
1.6022
4.93941
6.58085
5.29456
6.09589
2.33633
7.47247
1.79888
3.70251
3.63162
6.89037
1.17625
2.42309
1.34189
1.98417
2.12765
3.81666
3.111
2.88851
2.02433
4.29057
3.57892
3.27314
2.08848
1.08191
5.00037
3.93934
9.44047
2.91747
3.31083
6.06737
5.52381
1.76609
6.49741
3.4755
3.9433
1.06842
1.39579
2.10316
1.40228
2.4445
2.28972
5.22409
2.18333
3.25306
7.56464
5.66999
9.26008
5.60385
12.9034
2.78299
2.1639
2.19001
2.11364
0.98136
2.27652
9.58348
2.05479
1.02402
7.94388
1.44418
3.1313
0.99582
1.38673
3.13793
6.92206
3.62582
3.15076
1.42349
3.80692
2.90462
1.12922
0.612303
13.7997
3.48622
1.57699
3.29284
7.87869
1.73901
14.3914
1.28785
14.4064
3.49907
4.17674
3.05041
1.28978
1.27973
2.52234
4.67599
5.69843
2.25201
1.56288
8.52211
2.50887
2.28077
8.14644
0.977749
2.83774
2.7996
2.79677
8.59891
2.33494
1.8205
3.71233
1.64877
2.44041
11.0444
3.20165
6.11347
2.04027
7.572
0.912468
1.76493
5.2165
10.5174
1.23188
6.38309
4.39639
1.92009
2.52458
11.8975
2.96967
8.99422
7.12961
5.60591
3.21361
1.62315
3.10351
2.45458
2.593
1.24638
2.45253
2.71095
1.29287
1.78961
10.5279
2.20671
3.03687
2.01456
3.01323
2.88929
2.007
0.595287
9.48661
3.14312
1.03159
1.6456
6.6589
2.84086
2.65337
5.38248
5.23942
4.87778
1.94512
5.87481
2.34715
2.93399
1.8515
1.77882
3.28354
6.91558
1.42706
2.29386
1.23825
3.54465
1.09899
2.75319
5.36398
4.08158
4.83804
3.16598
2.25035
1.15531
2.23398
3.06056
2.86255
3.82838
5.71744
1.47684
5.8468
2.68407
3.03358
1.68105
2.31205
3.73509
4.35143
1.94385
3.03134
6.263
5.65925
5.70918
5.32178
2.12806
5.72908
1.37186
2.24287
5.63264
0.903889
5.3129
4.72246
0.985646
5.36394
2.90658
9.40666
1.90882
1.18127
5.61287
14.8198
10.4465
5.09083
1.96485
6.77672
1.3823
3.4958
5.75559
6.18655
2.66778
2.04664
11.332
1.34111
2.42229
2.53739
2.33622
2.69297
1.64974
5.26963
1.5255
1.86909
7.83933
6.30549
3.34767
3.37557
2.88229
7.95501
2.49031
2.91343
3.05136
3.03756
2.8886
4.64345
4.61608
1.92703
3.51663
4.12076
2.7454
6.8795
7.2014
2.04088
0.772453
1.77998
0.588633
1.12236
2.94462
1.21552
3.77657
6.19718
8.79088
5.57591
2.02972
1.92275
1.88269
2.61226
5.93233
2.67243
2.83005
4.36763
3.41638
3.64942
14.0342
3.65827
5.05401
7.40298
1.62657
7.39918
3.69907
9.63948
1.50791
4.60953
1.08812
3.26048
1.49437
7.36499
1.54962
5.81722
0.877233
8.65939
4.34372
9.3989
7.40004
1.50131
13.0351
6.26956
1.67711
4.28155
2.21399
2.41468
2.86353
1.49168
3.29842
0.898307
2.34536
1.60784
4.18184
1.07977
6.6724
3.25115
3.66798
3.30884
2.92237
4.60231
1.00713
3.42465
8.90726
8.47912
3.14704
4.23539
3.44798
2.04323
1.57146
2.5918
4.18528
2.57583
2.87476
4.34157
4.52749
4.67399
3.76773
2.97321
2.79146
5.87085
4.59978
3.61583
8.86639
6.2404
5.06917
1.70717
2.22291
2.11795
2.35108
1.85517
3.35122
2.8105
4.7186
4.79719
4.97096
7.8349
3.72637
2.65352
2.59395
1.62993
4.1873
2.46387
1.64966
1.18962
5.18888
1.64028
1.75724
3.35738
3.27588
2.66299
6.13718
7.19611
3.50783
6.86194
2.33033
6.45868
4.679
1.22328
9.5275
2.02312
2.60866
1.68594
3.46753
6.96071
8.64801
3.38698
8.82195
1.98041
6.36893
6.66777
2.91737
4.35265
6.75801
2.66418
7.03612
3.49423
1.88959
2.87602
1.12119
2.45763
2.26314
12.3315
4.09201
2.98564
3.20406
2.12014
2.32469
3.75253
1.47458
2.00688
1.13081
8.37296
3.60579
3.1156
2.12553
12.7579
2.90942
1.28753
5.18462
3.57772
7.63388
1.56101
3.18928
3.71055
2.17359
1.20813
3.21876
2.35326
6.2616
1.06436
2.99201
4.12378
3.70152
3.11519
4.41085
2.73939
2.33717
2.01732
4.88588
0.975684
4.4583
2.55007
1.71839
4.85328
1.90788
6.44304
6.41634
7.19292
3.07369
2.2416
1.26685
2.35492
3.04342
1.97282
2.95865
7.32223
1.12233
3.3455
8.29134
0.64531
3.85828
1.4791
2.86769
11.2854
1.76851
6.39927
2.66373
3.72309
2.55539
2.62437
3.97493
7.77696
12.0475
3.83274
3.93992
2.87741
4.01391
6.6411
1.91505
3.38437
3.72458
3.00904
2.24089
1.03934
1.75787
1.20986
2.14145
4.51264
3.33077
1.52183
3.87143
3.34013
0.695472
0.73783
5.0753
4.62329
8.21264
2.28952
5.84583
2.84903
3.79074
1.95449
1.86385
6.44767
3.81175
2.60018
9.82892
0.957379
10.4874
3.30249
8.44715
1.60106
2.98359
7.74586
3.01878
3.26619
13.0047
1.31141
1.1218
12.486
2.39293
2.86026
1.65301
1.47449
3.66432
1.38581
1.2143
1.88848
1.97735
1.87893
2.43724
3.77949
2.5406
9.35142
2.42044
4.74795
1.61569
2.57533
2.3961
5.93473
1.22744
3.08292
14.846
2.18843
2.3396
1.81236
11.5551
4.53758
2.81805
3.52097
4.58328
3.2835
1.78979
3.56184
1.00024
5.36319
0.991209
8.83202
2.78558
2.26761
1.16755
3.29633
8.45609
2.88502
0.560529
2.32191
0.236325
3.32804
4.35456
13.6477
2.2329
1.2079
2.29367
2.74524
8.98008
1.50919
3.58864
3.75878
3.31481
1.97742
4.71184
2.09746
2.17769
4.25412
5.88169
2.6306
1.156
2.01223
4.40064
5.73826
6.34864
3.22207
2.33064
7.2115
6.36818
3.00306
1.42395
2.52958
0.808001
5.11981
1.97147
2.53099
4.77417
3.02224
7.48719
3.14544
2.62607
9.17642
4.85193
2.33766
3.55891
1.29468
7.016
12.7836
1.69943
1.24807
0.353416
2.83611
1.68983
9.34877
3.01439
2.50597
8.69003
4.26998
7.16171
5.98764
3.10946
2.39811
2.65838
1.65837
3.10455
1.58853
3.16797
3.46564
3.95686
1.79723
2.75753
6.75364
3.03957
1.92144
10.3432
4.38749
0.504664
3.13571
3.71773
2.72532
4.98633
2.8177
0.328827
4.92479
1.83877
4.48785
0.549448
2.00351
2.33677
0.604739
10.0501
1.73804
2.05402
5.60635
2.61836
1.8666
4.38413
3.41808
1.90634
7.4728
0.149138
4.99848
2.17044
2.60088
3.11924
5.45743
4.95409
12.8033
3.10065
2.73239
1.40656
8.73951
1.01693
6.08616
3.92955
3.03443
4.14252
11.1596
5.31367
2.51459
7.10312
1.32958
6.27452
4.11546
2.58504
5.71255
0.75403
14.322
9.25482
1.65724
2.25137
0.744892
1.78515
1.14973
5.90529
1.61388
5.73281
2.83887
8.64046
3.47037
4.01085
1.32984
2.01088
1.63185
1.60246
1.55143
2.28474
6.39296
2.51652
10.3102
5.16056
2.37375
3.75855
3.29671
3.50516
9.92688
1.71255
8.45226
1.5678
1.97884
2.69482
13.0166
3.94596
3.0369
5.90966
7.2179
3.82542
2.51598
3.17107
6.70331
1.60174
0.401506
1.87999
1.96318
4.45983
5.04081
6.23782
1.51034
7.93115
2.5959
3.0282
7.43108
6.19138
3.17757
4.53434
0.775633
2.76281
0.983355
2.03171
0.65306
7.42376
8.92828
1.93105
2.82269
3.69852
1.77463
2.03671
0.553976
5.21059
4.12893
6.75889
1.71501
2.82952
11.2739
6.9628
7.33817
1.91912
7.50955
2.0097
2.29385
2.42208
4.76352
5.53691
14.0547
3.44873
2.47267
3.64155
0.791707
4.48142
8.10945
1.21984
1.96544
2.57048
2.55414
6.34865
3.2906
2.74099
2.68609
1.83014
0.624026
0.784277
3.64408
3.62659
1.60421
2.45409
7.6982
1.69578
1.60619
3.76624
2.86395
5.35561
12.5351
2.89164
2.93888
2.60955
5.64604
8.91115
3.70104
2.76416
4.22578
6.26068
0.830008
2.40056
5.78826
3.57147
8.1715
3.20299
7.83979
2.18627
2.53555
2.88027
2.2273
2.68024
1.20264
1.55628
2.31591
1.89495
4.49866
2.9783
10.4561
1.17572
7.89063
4.14594
1.57632
3.63719
3.00045
1.43229
1.56672
1.43059
5.17833
5.7807
2.04125
1.52145
3.97068
1.13989
3.7382
1.14374
2.84194
0.839272
2.20584
6.49394
5.34731
3.58459
1.72825
2.0483
4.21406
2.76652
1.75849
1.42032
3.63796
1.38706
5.81364
6.60539
2.46143
0.750805
5.34351
7.0722
5.29831
10.4504
2.7484
2.66684
3.66064
6.41025
2.1168
1.22056
2.99087
1.46046
6.84593
0.917252
4.86348
3.51447
1.82969
4.44268
4.01851
1.88411
1.62019
12.9032
2.97514
2.32291
6.50575
0.597142
2.4592
1.51844
2.27698
1.82225
0.26369
1.74318
1.4343
3.59677
11.511
3.4036
4.25524
3.9087
6.00752
4.27109
2.3321
0.337255
6.17513
3.37149
3.70113
1.67598
7.04986
3.86631
5.01947
1.60536
4.59295
3.57244
5.20432
2.63342
2.02463
4.68571
2.09208
6.87827
2.39266
11.3986
1.91012
7.36117
3.32872
1.87261
8.07216
2.79726
1.35914
0.505073
2.66144
7.0039
4.81521
2.48219
4.16819
2.65955
3.00312
5.45249
13.6858
4.70974
6.16064
3.99509
1.44206
4.06022
3.17107
3.61091
5.45739
3.47956
4.3291
5.11083
4.01849
5.85237
2.1217
2.12084
3.49389
2.45556
2.36722
1.01706
5.41539
14.2281
1.19259
4.98255
0.384029
11.7585
5.00663
2.4163
6.41064
6.91652
6.50141
7.46393
12.7686
2.1999
0.869969
2.27241
3.36108
2.58599
8.74255
3.79996
2.88974
2.95196
2.10288
4.14622
4.5418
8.77807
2.15701
0.545032
10.1803
3.13795
6.95461
3.3513
5.65524
2.06731
9.11801
4.08737
1.88946
2.29358
1.01848
2.48272
5.63702
5.88067
5.18288
5.23295
0.762409
1.02933
5.81288
1.97963
7.52381
0.675571
3.63159
2.83386
2.76465
3.2065
5.03756
3.75285
3.16605
7.47328
6.86912
2.77782
0.267424
10.052
2.23528
13.5191
1.60753
10.7146
1.44444
13.5726
5.29009
1.71812
2.63189
11.4138
1.00069
1.47615
3.65403
0.465245
2.8024
7.63288
4.52491
2.63083
3.02174
2.15852
3.954
4.66854
2.82363
3.18966
6.75172
1.46186
6.65425
0.898222
3.48237
0.734503
3.59642
7.32005
2.35733
3.74535
2.69707
4.68884
7.06137
4.39672
4.73558
4.8934
1.17982
2.96503
5.14861
6.62434
2.12106
1.81048
2.58428
3.3941
4.72442
3.41124
9.98579
1.04531
1.93003
2.91923
5.497
12.2046
0.960157
3.03422
2.51722
8.23952
6.60259
3.25536
3.11293
1.32717
4.11875
2.10401
6.36578
2.61042
3.35931
2.45177
1.08919
2.2974
1.34565
3.89284
2.93618
1.70701
4.22856
2.01078
1.33654
1.14726
4.69608
1.28659
2.32327
3.45325
2.17033
13.3306
4.0447
3.87346
1.50813
4.91317
2.54207
3.85673
2.19825
7.00633
4.04028
5.33692
5.22311
10.2077
0.725873
1.01843
0.980517
5.41051
1.83762
5.11564
11.6552
1.42517
7.88707
2.31397
3.01651
9.11351
0.566591
2.1713
2.99393
1.44768
1.71834
6.0716
5.65586
1.48055
3.63977
1.50388
1.12127
10.694
2.78331
1.22632
1.63022
5.10143
5.90587
2.01625
2.16329
1.54555
1.46091
7.92518
3.65789
5.20803
2.56989
4.40038
5.54231
1.76576
4.54259
2.22891
10.2573
1.47734
1.74083
5.30075
0.952164
4.82635
2.99883
2.28374
9.31483
4.56378
3.03087
3.89184
4.91021
1.32293
6.47885
3.66581
5.59454
4.44619
3.47609
2.55569
3.42372
5.90172
10.7162
5.20928
2.55724
2.5878
4.14222
3.48006
3.19094
3.5199
14.4133
2.68681
8.84601
3.74988
0.690406
7.02683
1.05372
3.42871
5.79545
6.23452
9.23902
1.96852
0.986855
3.74842
1.43341
11.6477
1.15696
8.53745
2.66301
0.866103
5.0977
2.424
6.82342
7.55533
2.61326
3.77208
4.0589
3.6638
2.26013
2.21014
1.79759
2.25865
2.5667
4.0377
4.85779
1.08695
3.08327
2.71951
2.05723
0.822622
6.76955
0.800965
7.2542
2.73477
0.463003
2.42257
5.18049
6.21276
7.20251
3.6556
3.65888
4.5281
6.39149
0.415283
2.39166
3.28309
3.06021
0.867516
3.40097
2.03968
2.60865
3.75401
1.15269
4.15508
5.2034
3.78577
4.49234
3.1798
5.77435
4.16011
0.683168
0.802045
1.34049
1.8678
3.17418
5.24276
3.85491
4.63042
4.88799
4.85149
1.39573
6.03522
4.23365
0.912669
2.44201
0.860811
2.62009
3.79679
2.6298
1.63068
2.41417
8.0831
4.50517
0.79371
1.41029
5.74389
1.28443
5.08294
3.46885
1.34349
3.27096
6.64697
1.69059
4.82816
4.49777
2.69868
2.23135
0.917134
3.11837
1.88708
2.75472
1.60251
2.98279
4.40463
1.39096
0.746528
1.36605
3.53833
1.43569
0.237496
9.11387
2.98099
2.70332
4.91597
7.05372
3.90402
2.56767
4.53986
2.14672
3.40148
9.49044
3.08503
0.663657
5.57232
2.63994
2.2446
1.88631
2.20672
3.02194
4.55129
4.2713
2.88843
2.50211
1.58804
1.29354
4.97301
7.49808
3.64713
12.4195
1.80573
7.97808
4.62691
12.5911
13.7381
3.60877
2.16312
3.22931
9.66235
7.48929
4.37523
5.72748
1.28281
1.6099
3.33526
1.3755
7.28523
6.11323
3.9374
2.15413
9.43866
2.12551
4.9445
7.34527
2.10443
2.31805
1.90421
4.86326
2.78304
4.43969
1.77608
2.70142
5.60697
2.52003
0.897855
2.0171
7.82187
2.99725
2.21411
1.83606
2.78332
4.35455
2.83897
12.6938
1.53666
5.41366
0.938674
2.15453
2.11839
1.07268
2.12646
3.6404
10.117
3.33926
11.8066
2.48681
3.71408
3.19743
0.582682
2.3995
2.72735
7.6494
6.63006
5.19555
5.5511
4.36205
2.48462
3.51157
5.14071
1.94751
1.72021
1.00537
4.5611
4.55792
2.95834
3.65876
6.25579
2.33504
1.39995
0.724954
0.891961
3.39101
6.63241
4.08021
1.27532
3.5244
2.24753
2.39061
1.47853
8.98611
7.08071
2.5142
3.85654
3.48249
10.8743
2.76058
2.10595
2.64482
5.81726
5.83057
1.0237
6.8799
2.84151
0.985376
2.80027
4.88746
1.83867
0.660744
1.63419
5.62468
3.85572
4.09106
2.21803
1.23103
2.55101
1.8708
2.09219
9.47838
2.37976
3.64226
1.60038
1.05284
7.18692
6.00271
1.20234
6.32829
1.90785
4.32601
1.49223
2.08938
3.00373
3.46986
2.50805
6.09954
4.22875
2.29655
0.951402
2.21324
0.506643
4.20859
5.89983
6.43274
2.52483
0.770131
6.12516
4.9893
6.1861
10.2165
14.0764
6.44536
2.12177
1.62054
2.18968
0.720728
0.983662
2.45078
3.82367
6.9467
1.41177
2.34304
4.78434
3.58589
5.97675
1.63067
1.43951
1.87734
2.37277
3.91676
5.5636
1.47362
4.31153
3.86813
2.27507
1.08427
2.39898
3.13293
3.82655
2.01611
4.22868
7.98264
3.24932
8.63474
2.41136
4.61646
3.21045
1.95359
3.91988
1.25855
1.64521
3.68415
3.90391
6.54436
7.95572
12.5773
7.75023
8.17504
6.07872
4.89163
3.16801
7.31725
9.16083
4.52725
1.29766
0.994416
2.40787
2.89108
7.84144
6.72047
5.11812
3.2979
2.59924
1.94852
4.16973
2.32461
2.14684
6.49123
3.45028
9.53154
3.53017
3.97609
5.65273
3.04008
2.16628
1.60947
2.75824
2.97211
3.34142
1.43119
2.68643
1.97504
2.29154
2.26921
0.51545
3.13167
3.74336
2.21633
4.03608
8.32067
3.44489
1.67854
2.69722
6.88443
10.3116
8.53081
2.28351
7.14668
1.31981
2.93731
5.46444
2.23642
1.48169
3.35533
3.91871
1.95202
1.36997
3.33914
2.5441
9.3598
2.72304
5.36951
0.514541
5.18365
2.68491
4.81945
10.059
3.36726
1.8464
4.57233
3.86264
3.90156
1.08434
4.2913
4.22917
0.918591
1.59704
2.68272
10.3051
4.205
4.47539
1.76209
3.00791
4.39184
1.31881
1.86016
1.32163
5.06806
0.999783
12.2066
8.57956
7.74111
12.4007
4.11397
2.03816
3.31941
1.88473
4.05062
2.22955
2.45534
5.38612
6.10084
4.01849
4.87247
2.84629
1.70547
8.10811
2.97984
4.76706
8.26502
0.765189
1.49902
1.22945
1.50948
9.08851
6.50466
6.96923
3.73119
0.776155
1.25655
2.4555
4.20368
3.33939
12.4026
1.32678
3.88284
1.07752
1.97489
7.05161
2.9678
0.814417
5.14403
3.17702
0.790339
1.42098
2.69143
5.03194
3.61319
1.1579
3.03793
6.58269
8.38764
3.55551
2.58719
1.24296
0.863325
6.30591
5.4924
3.29777
0.652192
2.94965
2.54316
2.02826
2.71791
6.20349
0.993304
13.2894
4.55517
3.01317
1.16678
0.267353
14.7181
4.10902
2.22307
1.6156
0.558586
1.30306
5.61075
3.26078
5.26186
11.2767
2.89757
5.18519
8.51872
1.50742
1.92025
1.55865
8.77245
3.72161
6.28858
3.84971
5.40225
2.12151
8.65262
2.74874
2.08814
0.829206
3.68071
1.68229
2.71182
2.05608
8.73822
3.68218
2.32815
0.183615
6.61036
1.21244
6.27247
1.04358
6.20205
8.37198
5.16087
10.6812
3.85961
6.58984
1.69611
8.00168
1.91492
3.70043
1.72474
4.92365
1.60548
3.07618
2.53204
10.4599
2.62993
6.46158
2.46748
1.64724
7.73139
1.71667
1.76551
12.5673
7.437
1.62818
3.20528
1.07934
3.46106
5.15277
0.72618
5.79271
8.1471
6.21942
2.48888
4.51189
12.2016
1.99073
2.90279
4.60243
4.56477
2.14366
2.62558
4.33679
6.04695
10.5508
3.77207
6.87689
2.61883
12.4113
2.90949
1.96243
3.44202
1.70696
0.589758
5.19867
6.32829
12.8549
1.74316
1.74456
10.1815
2.862
4.46317
1.79642
2.93514
1.55372
3.24365
3.77333
1.43506
1.11669
1.45868
0.56658
6.79214
1.97854
0.947366
6.40036
5.04158
2.3469
3.40255
1.27758
7.4315
4.36434
1.69302
9.63512
2.80215
2.28902
3.4309
3.29073
3.96817
1.67834
2.96306
5.99536
5.71873
8.30844
2.74906
3.13379
1.93985
3.58401
4.48753
3.81181
2.10036
2.07665
1.16579
1.94977
8.38824
2.12463
0.750654
3.32735
1.76164
2.75062
1.39852
1.99631
1.33107
4.68408
0.804443
0.480256
1.25837
3.65642
2.48526
7.87399
3.43895
0.813336
1.04332
9.62638
1.67203
2.48082
1.47575
1.80743
14.8174
7.57777
2.36145
5.52892
6.29833
4.18323
2.2951
5.11993
2.3947
2.82423
6.20727
1.49376
1.5507
2.21592
2.43709
2.67425
1.38831
1.52994
4.00491
2.0247
4.7147
3.01241
3.79441
5.55757
4.27987
5.70699
2.61808
5.15608
2.75728
6.51748
5.45173
1.98082
1.46329
1.64945
6.58196
1.90814
4.36326
2.81995
4.60699
10.1668
9.95109
6.27565
1.2644
2.09607
2.89525
6.61434
1.54062
3.75529
1.05052
1.87908
1.10762
5.84804
4.6966
1.44813
3.24981
6.81629
4.56683
2.93367
1.4815
1.95758
3.07786
3.33659
9.60888
3.93064
1.56144
2.59138
6.90126
11.6376
4.28543
4.28085
1.97109
8.59419
4.36776
2.62181
1.54108
3.48896
3.31322
10.9163
1.74183
6.89165
2.09384
1.07369
2.95705
11.9185
0.773883
1.62276
1.52387
12.1932
8.08993
3.47337
1.70714
4.20079
3.86986
2.10756
8.18352
3.8523
11.1209
3.30373
3.16735
2.2633
2.91115
4.64356
5.13449
2.00432
4.44935
1.69631
3.7112
5.12809
12.1714
1.5789
2.95577
5.28414
1.65802
15.0976
10.9118
2.7907
10.5603
2.8363
6.58297
2.38046
8.75801
6.9204
10.1669
5.76557
2.52744
3.94479
2.92746
3.40468
4.18129
0.698342
3.44341
3.35742
6.24007
5.25028
1.44433
2.70879
5.52058
2.82303
6.22726
1.54255
2.50236
3.93184
4.93427
5.15628
3.27893
1.07921
1.53943
8.61683
6.91153
3.82835
2.37517
5.15944
2.14651
2.64755
1.42177
5.04048
4.69755
0.779775
1.47769
2.30033
0.781223
4.80085
2.3473
2.31118
0.439388
3.33961
2.26758
3.99597
1.43321
6.15023
2.63029
2.48067
3.74935
9.81001
1.27718
0.818636
6.82625
0.6243
2.26866
2.1263
4.94677
11.3045
4.41528
3.30036
6.7227
5.88452
0.488541
0.554886
2.57735
1.86349
1.99169
1.80667
1.17645
1.84836
4.64686
2.89238
1.2313
1.7412
9.20443
3.18322
14.7639
9.16793
11.2916
12.0349
3.67583
1.14109
5.00588
3.10613
1.4031
3.36821
7.37745
1.65405
3.37628
3.82868
5.95528
9.43759
2.73291
3.20936
2.15417
1.97198
0.839033
2.46924
4.72262
3.56476
4.10122
1.75709
0.900001
7.72914
1.98038
4.55379
0.74391
3.66133
1.90388
3.87475
0.825457
7.53184
10.4234
2.65377
0.484458
4.07638
2.05785
13.9221
3.05706
4.81034
2.55834
0.67353
5.77778
2.87168
3.20614
3.22452
4.4303
7.2807
2.8857
3.34976
9.49477
1.91829
3.22125
2.22868
9.87649
10.3051
2.61795
2.83012
3.01166
1.0617
3.1767
3.57543
1.08814
2.25165
2.14046
4.8414
3.42783
3.84645
2.31209
1.64346
4.86028
4.01021
2.31092
2.83255
5.90051
1.4796
5.22349
6.3012
5.97817
1.85964
4.9652
4.00084
2.04884
2.8768
2.23942
1.31306
5.00357
2.13602
9.87458
6.08705
2.95414
3.82412
10.2754
1.28519
2.82997
1.20591
6.14311
1.79315
4.41601
1.20633
1.91009
1.47177
3.85497
3.49681
14.2061
0.914278
3.80569
4.53725
2.63981
2.0521
2.55636
4.23106
6.54251
2.79629
3.72384
1.11566
7.38714
7.49738
6.0024
2.36534
1.52717
5.42945
7.5916
7.42027
0.43298
2.48259
1.81788
3.07458
7.50923
5.44616
7.53478
0.480278
0.647563
4.43439
8.4562
0.913394
6.78867
4.29603
3.35792
2.72701
3.79503
1.66607
2.65249
2.15325
3.09467
5.05919
6.74296
5.88823
4.0356
3.66406
3.36031
1.82699
2.47385
2.05984
4.11553
5.55968
1.86948
4.3126
8.03213
7.12187
2.57137
1.35262
3.23948
3.88298
4.47154
3.79186
2.36298
2.50672
0.363457
14.3611
6.35285
2.73063
3.401
4.91837
1.39889
3.66658
7.92176
5.4384
2.56254
8.01707
4.2212
1.43582
4.32071
5.13223
4.12042
3.30423
4.0556
3.73876
1.64867
1.9437
7.25732
1.79724
5.69588
0.811706
1.70996
4.30868
1.02325
1.81009
1.54992
4.76787
8.11146
1.8597
2.9941
1.90655
2.55745
3.3127
5.25717
1.25308
5.40514
11.6983
9.81677
1.91381
3.23853
1.21261
6.78978
5.28902
5.44289
6.24271
3.67994
2.1525
3.03573
0.998262
2.3903
1.67556
2.61162
6.20689
4.52624
1.55549
4.01855
0.884754
1.78038
7.56533
1.1547
8.89914
3.20495
2.81898
4.48423
3.65671
7.32312
1.77422
10.0086
1.96102
2.58597
2.27444
7.81902
4.78004
3.28812
1.318
2.51115
2.99634
2.35205
3.32816
3.19745
1.29737
6.44756
8.17287
3.88135
6.48475
3.14993
8.28626
1.52734
3.38225
3.03993
2.10474
2.25675
2.10699
2.26484
2.64971
4.6309
5.60708
1.46541
1.48234
6.00104
1.9475
0.310877
2.42483
0.972242
3.08571
1.34776
11.3828
2.89866
13.4582
3.25144
1.20529
2.86343
0.309026
6.86845
3.53036
3.27241
4.05224
4.48549
6.14752
1.48766
3.01896
2.77462
8.40399
2.9449
3.32992
2.20806
1.03221
3.69053
4.33627
1.5009
4.05351
13.0452
1.41393
3.97063
4.72389
1.41714
3.52772
1.83841
3.77157
5.35288
3.49726
2.637
0.562988
5.67166
1.97738
5.98198
2.78408
1.82535
3.72574
3.30487
1.00679
4.23522
3.20963
1.42816
3.46998
13.0991
5.95325
5.07988
6.97726
1.04449
1.92692
1.71504
14.016
3.6665
4.67388
2.95359
4.35141
3.0166
6.89375
2.44192
3.11384
2.01835
11.9237
3.43266
3.77039
2.30944
4.13516
2.56394
1.65218
2.08767
2.70151
0.677597
6.50584
0.296404
3.77805
2.1649
1.69083
1.97758
3.87826
11.5197
0.807088
4.92558
1.99945
4.97053
9.24184
3.14674
0.754889
5.70885
2.82468
5.73287
1.55765
3.69401
2.73689
2.19663
1.55004
3.70855
1.93287
1.0001
3.16967
3.10501
2.94676
5.4023
4.05247
4.603
1.07998
2.36461
2.9344
5.83947
1.94667
4.92593
4.58914
4.08632
3.56022
1.08193
9.71334
3.65304
11.6367
0.800265
2.96186
2.76751
4.86374
0.863018
0.531059
7.75368
2.92933
2.27004
2.6292
5.55277
3.754
7.14661
1.22991
0.990266
2.60439
1.29433
7.2354
2.04402
1.74154
4.85243
3.62785
2.67897
2.6136
2.3431
2.33735
0.502547
5.05852
3.47036
10.6735
10.4551
11.3846
0.405665
1.63509
1.934
4.42537
2.66245
2.73332
5.03917
0.250561
0.460131
3.12184
1.03384
1.75119
1.15829
0.710125
3.90614
3.76278
5.05142
2.09572
1.94123
2.69867
4.81398
4.52847
4.95747
4.90562
2.10201
1.65664
7.01372
0.395584
1.14552
1.67486
6.55976
3.88375
2.4469
1.77974
4.172
11.7519
14.0499
3.865
8.85602
2.72553
2.66793
1.67701
2.07304
1.31299
5.83664
2.49956
1.28837
1.45481
2.55032
2.78284
7.07469
2.63048
1.92599
1.93332
5.37115
2.69151
3.80411
3.17227
3.92218
1.19868
2.88305
0.434048
0.506572
0.651619
2.38087
1.57589
1.97959
5.38847
2.66581
5.3083
7.84539
2.36057
7.83926
12.1176
5.64684
2.03342
3.22016
3.84278
0.0372924
5.27795
8.08538
1.60483
3.60098
1.06411
1.30928
5.90813
11.1058
4.16491
1.60801
5.03451
0.904874
4.81021
14.4489
3.24126
2.83534
5.08634
2.05086
5.78278
1.60963
8.59975
1.67756
0.831851
4.80398
5.9795
5.51689
3.87949
4.82418
9.55602
2.9068
3.5614
3.11068
2.25175
8.0021
3.00201
8.92596
2.13611
5.45068
3.53544
1.34736
2.01546
1.50395
0.908696
3.61778
5.29512
6.42922
2.29621
1.70374
2.49786
3.25134
3.96749
3.99062
4.13985
7.30407
2.60206
4.04029
1.89009
1.22208
2.67079
4.88006
4.79387
4.01931
4.45451
3.03792
2.18945
3.25781
1.10714
1.63838
7.69
4.03114
1.45407
7.85929
1.06333
3.5987
1.32159
3.64881
2.11693
4.97849
2.21192
2.8463
2.17546
6.36901
4.83883
2.79271
4.25491
2.09714
3.88691
3.00772
0.786034
3.57906
10.3227
2.81946
1.80003
1.35934
10.2755
2.1232
1.90912
1.944
0.389208
3.13055
2.03314
1.06716
2.1966
5.25062
2.10228
4.28742
3.98906
1.27567
2.32835
4.80225
5.02324
1.82911
1.78035
1.23938
4.54609
3.16364
2.87509
5.78821
2.82567
4.12121
2.04081
9.58497
3.95636
2.77882
3.3781
0.884682
1.4073
4.36986
1.84321
5.62033
3.94321
1.38209
3.68643
2.70951
2.86994
7.19914
4.6064
4.03603
5.35609
2.56538
2.67759
6.55326
0.488309
2.50373
1.46369
3.48263
4.16333
5.77805
2.11513
2.52242
3.16545
5.34908
14.461
2.97511
2.49039
5.37637
1.08755
3.83912
6.3842
2.93213
0.945437
6.77451
6.93757
5.35796
6.91785
3.89694
6.58254
2.80056
5.58443
1.71466
3.76806
6.2573
4.03332
1.3098
0.427331
6.10333
3.40263
1.56561
2.88579
5.83172
0.0330686
10.7131
5.78937
3.27084
4.31293
6.17363
2.41382
1.63187
5.80284
4.97086
3.90165
0.0973045
6.7596
11.8248
2.67887
1.58821
6.74059
4.95296
5.54424
7.91946
8.86223
7.88389
2.55574
5.93964
10.8793
7.07804
6.74247
4.53222
3.98262
3.11528
10.2197
7.13726
5.69536
2.41018
2.43925
7.28708
4.80917
1.17135
8.89565
2.42293
1.47
1.90596
4.17013
2.62542
9.20132
3.72958
3.47052
4.22359
3.82594
1.19437
9.77932
6.14472
1.8259
2.36881
2.24408
2.08764
3.72368
4.0945
4.37843
5.39042
0.746517
0.644064
3.82674
3.41874
5.0799
3.68457
2.78763
4.58786
2.04116
0.984458
1.64896
2.22257
1.76652
2.79873
5.93383
1.75857
2.51929
3.54208
1.3641
3.9638
2.10245
1.29581
8.69573
3.65611
3.14718
0.732982
6.21923
0.949081
3.42143
1.29832
4.3426
3.52213
2.50686
3.51178
9.49907
1.71626
4.32668
4.40788
10.2042
1.73181
4.10907
12.1558
1.46021
2.60922
3.58637
6.21812
8.19052
2.26439
2.61401
3.90474
6.28776
1.76502
7.47325
3.29431
3.52718
4.01918
3.18314
7.34565
2.94085
3.60168
0.510854
4.55695
3.18068
2.36926
3.69255
7.28156
2.61581
2.90925
5.8521
6.35472
2.44261
2.60809
3.30125
11.3229
3.11595
1.6967
3.33372
7.92986
2.85706
9.95349
7.09986
5.76884
3.38222
5.41621
0.652101
6.02725
0.554228
3.42168
4.31382
1.52412
3.90541
1.30666
2.73683
9.12564
11.2895
9.138
6.60373
2.07693
6.50382
4.13013
0.916894
1.11762
3.52705
3.36827
1.81969
2.53031
5.20036
0.202781
2.42748
5.23697
1.42827
8.88662
5.28665
2.66228
8.12766
3.29457
2.87807
2.89906
5.17374
2.57311
1.55363
0.416949
2.11377
2.55126
2.39708
10.1563
1.9043
3.85205
1.77324
2.73924
1.55656
4.51841
1.20456
9.78052
2.53081
4.53511
1.91725
1.75081
6.31789
9.64231
2.27887
3.80312
6.0555
2.79839
4.44338
2.546
14.1443
6.16294
5.81281
2.54009
1.99741
3.96188
2.23272
1.07898
10.6226
1.43807
6.32291
3.10001
4.20719
1.24155
5.04749
3.64098
1.61204
7.63479
2.68045
2.77248
4.45029
1.92824
4.02682
1.83177
3.92265
4.36438
2.55442
2.43856
2.28468
3.9464
3.16394
3.0267
14.5026
3.30627
2.37649
4.00076
1.23245
7.50434
5.8086
2.98066
3.64409
5.18849
4.41316
1.9277
1.8938
6.78437
2.41129
4.74875
7.90974
1.40891
4.93033
1.29994
3.73559
1.19623
3.25798
2.91545
2.25087
5.84504
4.59587
3.63479
1.99613
2.93841
5.08763
3.97977
6.44671
4.44325
8.56653
2.55461
2.76917
3.17963
2.3468
10.5777
6.19101
7.68345
4.49002
10.3113
2.87632
3.77719
0.80643
3.1299
1.12118
0.715618
3.92852
0.804172
6.80787
2.53637
1.96784
3.56749
4.99817
2.82835
2.39944
9.16562
4.52437
2.81918
1.96914
2.37932
2.13826
5.03087
1.7543
4.14974
1.81278
0.684169
2.04699
3.98078
5.05081
3.93748
3.91514
5.10254
3.21176
1.01104
4.49593
1.98139
4.42308
2.46267
3.48963
3.9203
4.68301
2.86341
3.85339
1.91029
2.88645
11.1119
2.84978
4.96934
4.48056
2.14143
4.29734
5.01676
2.72906
0.851455
5.62643
10.3742
1.89547
2.28229
2.08776
9.52884
2.39592
7.13702
4.35983
5.13098
1.26336
9.57762
3.64376
3.49083
1.67493
6.4735
3.3754
2.28077
6.08991
2.62621
4.97257
3.6955
3.21849
1.88425
4.48852
1.90396
5.07882
2.83352
0.655137
2.93957
11.6392
5.88102
8.53499
1.84835
1.59691
1.38583
2.55824
2.53852
5.36765
3.22278
11.6879
2.75482
3.44856
0.262497
2.41886
10.9394
1.46772
4.56911
3.9047
6.05589
4.56303
1.1364
2.91671
7.77303
4.36004
1.91115
2.46492
2.11677
3.01786
2.45789
13.9929
3.54812
7.10254
9.24875
4.0267
2.29962
3.29597
4.94285
1.23888
4.21952
1.42169
1.71568
7.67082
4.7235
3.69515
4.03439
6.16152
3.83572
2.82314
2.36667
1.10903
11.6489
0.959343
2.77072
1.29083
1.79089
3.38746
6.20666
9.29286
1.60831
2.85606
1.40857
5.71804
2.04891
6.26084
1.25682
1.58917
6.66753
1.50022
3.48857
1.69617
2.48463
1.90051
1.51568
4.25758
3.06544
2.9911
8.53932
1.4298
3.78947
0.55153
14.3787
0.658442
3.73792
2.3884
4.28555
2.77257
6.75629
3.17182
4.95713
9.66994
0.505972
2.64219
4.03052
2.15816
3.69777
7.71332
2.81511
2.23961
1.54336
5.71193
4.3773
1.19576
1.75324
2.69141
9.69499
1.38587
1.42362
7.12422
3.12179
7.95919
13.6611
4.28951
3.08804
0.672273
1.38746
1.56352
2.34175
2.3326
3.54961
1.42705
2.13178
8.20436
1.61339
1.31163
2.24126
3.42377
1.78481
2.31468
5.27315
9.5475
1.5451
1.95016
1.08951
2.7858
4.8985
1.73894
8.19667
0.953151
1.94308
3.60724
5.12968
2.31105
4.16809
2.32979
2.73392
0.571686
2.63497
11.4218
2.25309
2.74165
5.61817
1.53809
1.58085
0.781493
7.58845
2.19035
1.19377
0.72517
11.9957
1.15864
2.49519
7.17419
9.17395
5.63575
1.75391
0.766528
1.46907
5.87301
1.54224
2.05619
2.5112
5.84395
0.940385
12.4117
7.63155
7.87605
1.08322
3.72902
4.24986
4.22023
2.75654
3.09205
4.50376
2.39716
0.773817
2.00125
1.6755
3.72618
4.90841
1.71725
1.60209
3.49214
2.46677
8.86414
2.69768
1.90656
4.21912
2.84263
0.886334
2.7216
2.44891
2.1331
3.94424
2.70026
5.89935
2.69079
4.39301
0.84002
5.55477
3.49695
5.61064
1.06837
0.653887
0.320448
2.22073
2.33893
0.805965
6.28333
2.71355
3.13623
2.38236
2.21123
1.22619
1.39014
6.5172
1.86367
2.51224
2.37994
1.10218
1.90363
1.72297
4.08881
8.31197
6.59872
2.68572
2.45835
5.32098
2.01477
2.34612
2.69318
2.4977
2.65607
4.22615
7.79518
1.63669
4.51948
8.02978
7.54521
1.03551
5.34525
2.25656
6.23644
1.81385
3.42027
3.36129
1.12324
1.30006
1.16017
2.52858
0.931187
3.73061
3.61301
1.53281
3.04901
1.95647
3.45908
2.17176
2.10809
7.83291
4.3902
6.45258
2.13956
1.31735
7.10081
2.02191
2.18265
2.94761
3.63353
2.64544
2.5473
7.95489
1.57325
2.58704
1.77123
7.57704
2.27284
9.3806
4.00548
3.40022
2.28875
6.31361
1.44818
1.81586
2.15765
1.26657
7.44213
1.05852
2.3118
0.782137
1.49194
10.8575
2.25837
4.98469
6.08035
3.66855
2.92128
1.02655
4.97277
0.993916
2.7431
1.88595
7.41422
0.571695
2.13168
2.57346
6.2914
0.527089
5.56042
0.800509
1.8822
4.09504
6.22191
11.1792
1.0808
5.37496
8.25978
6.45965
2.41496
3.62444
2.87835
1.75918
3.02426
1.36703
8.36304
3.82972
3.01268
2.18192
5.79187
2.64829
5.43799
2.60237
2.55395
0.776412
4.64006
14.9393
4.21957
2.25167
5.79114
3.06311
5.93435
3.49171
6.45692
7.42377
1.61128
7.50234
1.65235
4.60678
5.95323
2.57814
0.815961
0.973065
3.37695
10.6185
4.78035
3.99192
4.1649
7.91225
7.74863
4.24745
6.8065
1.90388
0.891121
2.21015
3.79305
2.34788
2.12948
9.48323
1.8977
2.16947
2.48339
1.54299
2.31346
5.53684
8.11317
5.5274
3.18085
1.73557
0.917564
4.82768
2.94713
2.83585
1.79335
14.6713
0.291341
9.52178
1.09757
3.11004
2.04598
14.1784
3.69561
7.55541
0.655058
0.41863
3.8302
3.18332
3.26689
0.421532
0.67869
1.81337
3.18764
0.984408
8.4515
0.446019
1.87658
8.50107
5.45929
2.31359
2.37177
1.84448
2.00699
0.802691
4.15924
10.4807
1.48911
8.10164
1.72703
2.06078
3.11291
5.25487
1.55568
1.3784
7.34455
9.39475
3.25525
5.31107
1.99158
2.30153
2.23665
3.36671
3.96624
7.24434
2.6665
4.53919
7.53959
6.74144
2.28255
1.37317
3.28457
10.6244
1.55413
4.80248
2.51255
1.71028
2.29995
2.13148
4.73739
3.31173
3.54994
6.43603
2.97553
1.47019
4.13262
1.66419
8.6617
7.76587
1.62756
0.330781
4.97904
5.8554
5.51802
0.721137
11.3385
0.962314
5.86449
1.01217
1.5881
3.39508
2.16887
3.381
4.50175
6.2823
2.40239
6.46272
6.63268
5.55024
3.93374
3.97819
1.47325
2.58574
9.1771
0.922138
2.40786
9.41671
2.05407
0.692959
3.42996
1.83337
0.611177
1.86889
1.8536
2.88858
2.76895
3.47078
2.11771
1.99198
4.25457
0.54239
2.33474
4.33436
1.92972
2.72539
3.51661
4.67438
2.17153
0.872453
4.61634
4.62077
3.62454
3.95979
5.71995
2.08037
0.987002
1.8916
3.80764
0.743071
1.74599
3.07446
2.98498
2.11899
1.40223
0.79035
1.04765
5.31691
2.18398
7.17782
1.20521
3.52916
4.40829
1.4937
6.93496
4.26614
2.37719
1.37977
1.84276
14.7139
1.52067
5.12296
8.61765
2.76899
7.91076
9.0477
8.92485
4.04033
7.68997
1.45507
3.84629
0.496841
5.09637
7.11493
1.64529
2.35131
2.63095
2.7
1.20749
2.09754
4.4689
2.21043
2.51375
2.80275
14.6314
1.75162
4.86076
10.1079
2.37964
3.42332
9.88574
7.79335
0.602989
3.08339
1.84919
0.421657
6.40924
4.67846
3.80518
2.32769
2.51903
14.3426
1.79791
2.96891
1.66768
0.829728
2.34852
1.89202
9.14245
14.075
0.954024
8.86032
2.5027
13.9436
3.69018
3.29007
6.02316
2.0945
6.97012
0.944645
3.8177
10.2183
4.78333
1.03156
6.22894
5.11366
5.42669
8.31509
1.06088
10.641
7.00697
4.59525
6.2543
7.10107
1.20306
3.6081
1.74319
0.592365
3.16786
2.25928
3.83723
0.763025
2.36677
6.2099
1.47696
4.80182
2.79506
2.58518
1.66106
9.93313
2.26484
3.85317
1.81256
4.91086
7.56074
2.86063
6.32769
5.93717
3.56712
1.97105
0.979587
6.82138
1.02315
6.2304
1.73574
2.09422
2.5587
3.37542
9.37322
1.34699
12.7636
2.19055
4.27997
1.12105
3.09509
6.09546
3.80515
3.41099
3.34002
2.75237
9.36754
5.02416
3.09312
1.54631
0.929531
2.72211
6.32328
1.05038
5.88798
2.28747
10.1784
3.90291
6.07204
7.35618
2.60326
1.25071
5.32828
3.17624
1.74072
4.14087
2.43454
2.37628
3.2279
8.34245
2.72777
3.24146
4.87597
3.55632
1.03855
11.9807
6.44722
3.25821
1.58048
1.65547
2.79484
3.3618
3.33654
6.99082
5.78487
11.5804
2.36919
3.73529
6.48736
1.03844
10.2602
3.44774
4.81041
7.87393
0.865371
2.40663
8.25821
1.59673
2.78301
4.25909
4.01317
2.9117
6.51225
4.35482
3.43596
1.83273
3.31271
2.62886
2.30759
3.2139
2.79622
1.2596
3.23134
2.72553
2.77481
8.74198
1.03454
3.00388
2.63367
2.58112
1.19665
1.31253
3.71433
3.45402
7.34672
2.74673
0.545703
0.739383
2.56907
1.70307
5.5625
3.13896
3.69407
5.03243
1.10185
5.54162
2.02338
2.74413
2.09483
3.10781
2.18645
0.846428
2.75152
0.618839
1.72188
4.76125
2.16625
2.58043
7.12122
3.42668
1.30536
6.54907
3.48232
7.48443
4.91949
2.82349
5.36223
2.55739
1.19296
0.797099
2.3475
5.71096
1.6641
5.26967
3.56803
9.5041
3.52699
5.7332
4.86883
2.14252
3.17033
6.77713
1.36734
1.01978
9.75985
0.475749
9.08015
2.55156
2.84241
1.69753
3.60225
2.7675
9.92461
6.75912
3.49037
5.06337
2.98955
2.40525
1.71434
1.62547
12.4072
1.16858
7.24231
5.59096
2.86856
2.37899
4.23559
12.687
7.8326
2.22817
4.49389
1.81745
1.33788
4.87248
5.93775
4.25269
2.26033
4.14132
9.39614
2.38532
3.18934
2.55796
1.91231
6.41837
0.685288
4.52169
2.75802
2.00944
2.57604
3.20548
5.7913
2.3455
2.73577
2.21806
1.67956
5.65461
3.51659
2.7103
5.18341
6.13389
4.16001
2.1899
1.35924
2.06333
0.74167
2.53891
3.32882
1.7616
9.22471
4.02775
1.7738
3.01682
2.76083
1.25819
2.25574
3.70902
6.44077
3.04258
0.696446
5.96019
4.97447
1.75975
2.53901
0.350959
1.77408
5.64224
4.35479
2.49222
6.92068
9.93994
2.53026
1.68648
0.748159
3.60157
1.33452
3.10914
2.52272
1.45716
4.17742
2.42359
1.02238
4.10679
5.83114
2.80212
1.25617
2.77292
2.7147
1.12035
4.38725
2.16632
5.56255
2.20478
0.850469
2.70993
1.2172
0.526474
1.48438
4.54778
3.30876
2.75605
1.29614
1.89811
2.30745
1.76012
6.90579
2.01001
1.55173
4.17539
7.27808
2.98277
5.84176
1.43948
0.316246
2.4102
3.64125
1.81856
1.46022
5.04252
1.36914
3.36023
1.6718
2.51172
1.61848
3.82
3.94697
5.81414
11.9183
1.87395
5.98701
2.1329
4.72952
2.10982
3.88161
2.721
3.50412
1.02367
3.56201
4.24685
9.6152
3.91648
2.39595
13.1628
1.91974
14.6901
12.4132
0.658107
8.77808
2.22233
2.84472
4.55101
5.58828
2.45172
4.28935
2.22833
11.9039
5.49376
2.16544
2.39818
2.96981
2.39986
3.62374
9.99497
11.0162
5.50769
5.31231
3.69684
3.47896
13.3088
2.54016
1.58123
1.62373
4.03625
1.92282
3.43263
1.61608
1.379
2.24018
2.29765
1.73656
13.9246
5.52802
0.286683
2.23702
2.72875
14.4434
3.28874
1.28928
1.83599
1.31665
6.26689
4.76659
4.43314
2.29375
1.97049
1.8142
3.53315
7.39377
2.13435
1.00524
3.26928
4.16532
2.70007
1.78177
0.559111
2.54663
2.84415
3.35769
0.585587
1.72082
2.67388
2.04455
5.03674
7.2517
7.57018
2.51013
7.74046
7.21989
9.62183
3.29867
3.008
0.65295
1.61826
4.14593
4.55719
1.43233
4.81242
3.39185
1.81233
2.5079
2.91127
4.87591
13.3357
6.57896
7.74107
8.19958
5.84697
0.70972
1.69353
4.5475
2.70844
1.41309
1.74437
5.24571
2.57263
2.11205
1.76651
2.16549
6.51438
4.5879
1.8951
9.08957
8.83456
2.22361
9.58408
3.50222
4.96664
2.18057
6.37851
7.93765
14.2748
2.21544
2.23799
5.6496
1.9696
2.7142
1.61146
8.20066
2.99685
2.68614
2.67679
5.18376
5.93676
8.45488
3.02302
10.9028
2.05778
3.46197
0.648996
2.50875
1.74412
7.05482
7.58133
3.05677
11.8815
0.406673
1.47615
4.28914
9.79754
0.720823
1.50485
3.82982
1.68556
5.08862
5.25589
7.39299
2.60751
1.84868
6.80328
6.65891
8.27771
6.41209
3.89658
1.37404
5.06762
2.8022
4.78938
4.19007
3.34537
3.38404
7.39177
5.77974
1.98906
0.236978
5.05634
1.45271
0.430262
1.18446
2.93466
7.1083
2.90231
4.94934
4.68262
1.02878
4.11076
2.03658
1.54104
1.72726
3.49476
5.39909
1.44585
1.92789
3.88849
2.25453
2.67423
4.31152
3.57865
2.61111
5.82572
2.63636
1.14069
2.64056
2.21118
9.45695
4.28049
3.80064
5.37638
8.97201
5.603
3.99279
3.69857
7.00135
1.85306
3.49773
2.02397
1.61243
10.9284
0.508863
4.12329
1.94443
3.53053
4.0774
3.73776
7.66111
3.80467
5.22288
1.53138
3.84067
0.348591
3.55857
3.31757
1.29517
4.92445
10.5376
12.72
3.40722
6.60935
13.1191
4.81236
6.09325
3.83964
5.90645
2.68491
6.00741
3.40101
1.46019
7.29436
3.87805
2.17864
2.5764
4.37156
3.8732
4.1433
2.3379
2.80545
2.58457
2.37653
3.82449
3.48198
2.59018
7.37667
12.053
4.2059
5.92562
6.54237
5.15968
1.79802
1.71014
5.00301
3.45245
2.75425
7.41318
2.44843
12.037
1.99434
3.41487
2.20206
3.68323
5.20153
1.98563
2.48837
6.47957
0.960609
3.93076
3.13924
1.17117
1.87497
2.47583
4.53754
14.2514
4.2931
2.22902
8.12814
2.65618
2.00138
6.34388
11.7959
1.52757
2.49181
4.90755
1.22328
6.7
2.97947
4.90534
1.95605
1.52105
1.78097
1.99421
3.9526
5.48733
1.44371
4.33567
2.3345
2.13188
2.52375
2.40809
1.94913
2.90985
3.40424
0.927695
2.92441
2.91728
2.68434
5.67768
0.96292
5.88536
7.94541
1.3127
2.48142
1.96682
0.385085
2.106
0.64787
8.72031
4.56491
1.23117
1.65637
2.82458
2.26473
1.96621
5.83131
1.69508
5.16372
3.07886
1.39616
3.10465
3.0149
6.51555
2.27528
0.651171
6.44552
4.51107
7.14766
3.65849
2.97274
4.69107
3.36685
1.18711
2.49074
0.860294
2.60058
4.39414
4.70157
2.76578
1.53334
1.23743
5.95604
2.89094
2.8616
1.46044
2.70445
0.745993
2.03681
2.41917
2.23208
1.41432
10.0955
3.47457
4.79515
1.27736
2.4655
5.95328
2.30207
2.53871
6.06441
3.58543
2.69539
14.4599
1.55586
2.50722
8.32741
5.30391
4.60928
2.43546
6.57911
1.68813
1.39461
6.30278
1.23394
0.563441
1.83138
3.74581
4.75723
2.47036
3.47925
8.52797
4.70505
3.1383
2.0239
2.44248
0.811784
9.74118
9.64678
5.47261
0.457071
1.14973
9.36183
2.01049
4.19928
6.58452
3.46647
2.38372
9.27772
6.00366
2.3544
9.70099
1.27077
3.71906
2.85895
2.76332
4.32642
4.05038
1.18606
3.40558
7.51638
2.88594
1.69258
5.58629
0.207805
2.7487
3.33534
3.25769
12.4871
1.15184
1.20092
1.66266
2.86286
3.88776
4.17748
5.0023
6.66716
1.90454
4.2782
2.65592
3.23721
2.82205
3.97586
5.8075
1.45518
3.43826
1.70129
2.38616
12.8241
0.400706
2.47336
1.64216
2.03817
3.10949
4.41852
1.09918
6.18443
2.57119
3.45838
9.70923
2.19492
4.04126
12.7791
2.92075
2.04894
2.1894
1.90458
4.04874
8.5016
0.321651
12.1256
4.06548
0.715198
2.39773
3.46531
1.85898
1.60043
0.569442
3.87611
6.89384
3.31341
2.75918
0.558306
5.67985
5.37899
2.37421
3.72649
5.4302
5.88589
2.38794
4.77638
3.44488
3.0052
2.95956
2.837
1.13213
1.56581
4.38933
8.49097
1.84842
4.45351
7.64956
0.865053
13.476
7.48461
1.17128
7.47505
7.62075
2.25691
0.910726
1.32503
3.73005
1.96692
9.52769
5.15934
2.44877
4.47659
9.32633
4.36278
2.47812
1.60498
0.235989
1.35544
5.1037
3.75632
2.20081
2.75808
2.36895
8.78253
1.81685
8.36293
3.78454
11.3417
2.47197
1.66207
3.23967
8.06541
1.29863
11.4304
2.77287
11.0192
2.7888
3.30903
4.00934
8.4343
1.72517
1.55724
11.5216
5.61807
10.1802
0.984269
5.92933
3.69642
4.51994
6.55418
2.87369
8.90579
4.55826
1.80843
0.485983
2.1623
1.32047
5.4906
4.78436
3.00364
0.692364
3.18561
5.65642
7.3385
8.31154
0.880124
7.21121
9.56275
3.97685
6.81246
6.10568
5.63029
7.71692
1.35066
1.65874
3.32999
5.33084
5.36373
3.07237
2.1789
3.85766
6.64136
5.02689
4.88802
3.59946
3.0008
1.55996
2.76785
7.93051
0.880403
2.13412
5.42359
6.46342
5.40978
4.56569
3.68607
2.57999
1.61345
6.76444
1.06016
3.0034
10.4097
5.73868
3.02834
3.55375
1.30475
2.01111
2.67567
9.09255
2.73931
5.65866
1.14629
3.72481
0.365123
7.61554
2.02043
10.2786
3.41364
4.93515
3.82981
0.808781
4.37718
11.6002
6.06602
4.7924
3.28308
8.60398
4.85422
3.67917
4.19231
4.1559
9.69009
0.541922
1.2209
6.01449
2.22473
3.07395
6.0913
5.94517
5.22734
7.40231
5.57447
4.33267
1.84453
3.28699
1.78834
4.2402
3.66591
5.76465
2.07527
2.6127
1.91239
3.67627
2.59385
5.41041
3.47274
4.50757
10.2711
1.41897
0.233558
1.86151
6.22052
2.06234
3.74654
10.1925
4.1099
6.95029
2.80069
1.02387
4.361
3.66866
1.12372
0.859074
10.7624
1.41022
3.37001
8.06055
1.74862
2.82829
1.34631
0.836814
5.50368
5.89083
2.61913
12.5811
5.41755
2.91202
2.27222
1.61212
7.80764
0.837159
7.26674
2.49014
2.57096
2.08486
1.58086
6.62634
4.45437
2.43669
5.04642
3.28783
2.61212
3.095
4.81718
3.62687
2.00566
5.19563
2.65844
1.63916
8.15314
0.721059
9.97355
6.16499
6.13352
7.57159
2.25382
5.37178
4.22707
6.92615
2.45063
3.47222
7.2451
11.028
2.56247
1.36331
10.0067
8.02436
3.72658
3.94751
3.65106
1.0192
3.95992
1.10589
2.23779
4.41633
1.56299
4.2828
8.26425
3.01042
2.2059
5.60313
1.77106
4.78895
4.98542
1.69137
1.73321
2.15785
2.4746
2.01691
3.83268
1.32726
2.72522
2.93185
1.12435
4.89647
4.19782
2.55661
6.08339
2.34094
2.942
1.71051
8.03254
2.02
4.39832
3.89513
5.09527
3.67365
4.16595
1.61722
3.35069
2.71646
3.90347
4.15668
1.75294
2.39035
4.22921
8.00353
5.36931
2.58727
1.36824
2.62424
1.78638
1.16543
5.39905
5.62911
2.00739
1.39129
2.69518
11.3447
1.76727
3.45795
6.61661
2.82207
2.53049
6.54477
4.05238
4.07045
3.03228
1.70351
2.95093
11.6326
1.76836
2.51161
4.44562
3.98459
1.20165
1.04381
1.20587
6.4178
1.00238
10.232
1.82825
0.579681
1.6107
2.28773
3.41675
2.02279
4.68623
3.12154
2.19811
6.2144
2.13345
7.85219
3.40413
9.40651
2.95494
7.24789
0.882483
2.41817
5.57265
2.2858
3.69869
1.79709
11.3376
2.74805
4.05166
3.53565
2.46972
6.40352
7.29904
6.01746
3.34152
0.967846
2.99956
2.53292
6.14595
2.13948
3.97296
3.23334
3.3518
1.59383
1.98745
2.72432
5.43577
2.01094
3.04563
8.80073
1.66833
8.54662
3.52925
1.5652
2.25838
0.786404
0.815875
2.77626
3.48637
9.47638
4.19315
5.20589
2.44643
3.12783
2.10922
1.61585
1.23547
4.40067
4.27992
1.1071
1.82484
2.20342
4.93031
3.63477
1.8503
0.508126
4.43045
3.42308
3.81131
14.2305
7.51332
6.02867
2.1817
7.78381
6.21042
4.77715
4.69775
3.17134
10.3351
12.1584
0.306127
4.16484
1.86727
0.710322
8.53124
1.5306
4.23894
0.949622
2.18796
1.47858
4.20104
0.382398
4.93032
3.61252
1.75427
3.87679
1.38104
1.30188
0.97027
1.04902
2.68148
4.2106
0.751931
5.90912
6.85889
2.65268
3.2908
2.55068
3.5359
3.33695
3.35812
1.86618
4.56067
0.805728
2.24905
1.77448
1.02213
2.42683
3.22089
3.38948
4.67882
0.692829
10.0609
0.947699
1.72404
3.82759
3.92874
0.116085
3.12339
9.11882
3.57209
3.20028
3.58377
3.71789
3.51685
1.7692
2.4163
7.48663
1.96384
3.19236
1.44177
9.99345
2.34618
12.7266
4.73642
5.94366
1.746
3.8091
2.99871
4.57993
5.48535
4.8565
5.81494
4.00355
1.54824
9.69785
2.75262
5.89908
3.29859
0.688582
2.85326
2.1124
0.810989
10.5328
0.857186
1.8759
5.64249
5.46651
10.8676
0.904414
3.23632
1.31809
5.46317
6.30899
5.31788
3.49331
3.14507
3.80937
4.48804
1.55589
6.42379
2.24292
2.28994
0.874146
1.42925
2.88389
0.365448
10.3871
3.57189
2.31378
1.09062
2.50794
8.19052
10.0861
0.941101
7.01217
1.83927
1.27722
4.50062
0.983237
3.59636
3.37307
4.82236
1.33073
3.47241
9.502
2.00128
9.87071
4.09144
4.33713
2.90257
1.5539
2.54689
6.67962
4.2448
1.24859
4.86225
4.21071
4.61623
2.61442
1.35361
3.85788
3.12796
2.43905
9.15708
3.10271
0.65024
9.24261
0.853554
1.60125
0.755714
1.99848
4.19135
5.35181
3.25927
1.79823
6.94215
2.45514
0.408913
2.41442
2.06527
4.30439
8.77851
2.5054
4.04968
2.72881
3.38514
2.28241
11.0466
1.04681
2.46869
5.45641
6.09025
3.39662
2.13837
1.90164
8.31696
3.07472
1.48988
0.176447
3.91082
2.60293
3.94069
14.0003
2.69367
2.49963
1.85599
1.41469
1.23718
3.82163
3.34703
1.86964
4.25721
7.50233
1.73047
1.37499
0.636022
1.63205
1.51664
1.13957
1.82739
4.60612
10.445
5.34695
4.05916
5.58217
7.32936
1.06009
2.28932
3.32089
1.72018
2.26547
3.31716
1.86618
1.37393
3.94202
1.49905
2.83301
2.68623
1.2542
4.8698
0.509353
2.93446
6.65413
4.24661
2.92372
7.37236
1.77138
2.41178
6.17043
0.619617
6.34692
1.6804
11.4147
5.81281
1.48221
3.4187
1.60685
1.47703
3.29399
5.45536
2.61314
5.7021
3.79841
1.47135
8.47363
1.38096
3.95875
4.14003
1.18284
2.89005
2.60022
1.60327
2.00806
3.65936
2.45353
4.86
3.96719
1.15338
0.696103
1.67711
0.943772
2.6293
6.42895
6.47314
0.849884
7.18175
4.60653
6.44935
1.04706
4.61485
5.27668
2.35751
8.98823
1.47936
5.06703
8.54193
3.2235
5.7913
4.17292
2.77208
3.23873
1.66412
1.33125
2.93915
8.81082
3.8987
3.47922
2.41227
1.91311
1.27711
3.27408
0.937545
1.80922
2.2915
1.3866
2.83598
3.3967
8.42797
1.40369
3.20391
5.87099
1.6463
2.1578
2.86193
6.85023
2.80503
0.573237
3.49929
6.93186
2.17022
1.7004
3.33937
1.76647
3.28211
1.13253
2.686
1.35049
7.16226
0.685323
1.35284
4.95425
2.6736
3.28414
1.12138
0.468932
5.38509
1.66222
5.11626
1.85736
3.91462
1.85006
2.91408
2.79723
1.37406
3.76219
3.17571
7.13317
2.70333
1.51447
1.87079
10.917
2.53948
3.38693
3.71598
3.729
2.23113
2.75238
10.997
4.45379
3.97628
3.5732
10.1994
0.977997
6.14605
5.02353
4.26894
5.98596
0.986132
2.25661
5.45125
2.30071
6.61627
3.10127
2.17108
2.37959
3.69838
2.74426
3.52177
4.44121
2.10469
3.24704
2.94228
2.62666
6.78936
4.33952
9.86517
10.0306
2.41312
3.03515
3.02471
3.42334
1.56039
9.26237
2.23291
3.72134
4.28595
3.91296
10.0813
6.7152
2.99813
3.03593
9.66508
2.7216
2.43368
1.55339
3.57591
7.62634
3.68293
3.39522
1.62869
6.56462
1.61136
4.06822
1.85374
5.65276
1.66801
3.71223
0.183667
10.7433
0.862631
2.62769
3.35592
1.0767
1.83362
2.85951
3.58715
11.7333
2.62353
2.75532
2.3011
1.98197
2.50697
2.51083
1.2393
1.8158
2.59122
4.07607
11.4764
2.66087
1.37742
4.40707
0.552879
5.82962
6.2907
2.88552
5.40606
2.0181
1.41394
1.34978
7.12339
2.42241
3.37387
2.32686
13.81
2.3566
4.16725
5.35352
4.64272
5.55147
3.14523
1.61398
5.36333
5.39132
4.96235
7.90525
4.97665
3.11538
1.34797
3.03012
4.46732
5.3818
4.47747
2.11272
1.9166
8.55915
4.27941
5.98636
5.05879
4.00263
4.79876
12.2199
1.30098
1.40264
2.91864
7.21409
2.59671
6.72397
3.71944
10.6075
3.09481
3.09659
5.32256
2.44542
2.75337
2.39461
2.98957
4.00682
3.39602
3.53259
6.01344
11.1417
2.92229
1.26874
4.28995
10.1383
2.41915
5.79258
8.05961
2.8043
3.67462
2.66235
10.4253
4.22177
1.447
2.98602
2.09098
2.96685
5.1204
2.1549
2.67723
5.37157
0.807097
1.1843
13.1601
2.15482
8.62959
6.09695
1.63091
2.59954
1.23982
5.70928
1.88244
2.15939
4.66047
2.34462
2.99162
0.856604
12.2274
5.97363
2.6558
3.25844
0.563546
6.78145
3.02998
2.80333
8.25484
3.41263
8.55342
1.37668
1.53569
2.16105
2.63991
2.6068
2.21645
3.2101
8.41748
8.90071
1.86513
4.20128
1.20065
4.01774
6.18538
2.64454
2.48145
3.039
3.42876
5.05373
6.06932
5.06908
3.45282
1.25251
2.01394
9.18838
1.84812
7.23273
2.65268
2.24408
2.59406
5.65229
2.8659
1.70834
11.6112
1.20594
2.27652
4.01544
3.11109
6.5793
1.98215
5.00438
3.81534
5.58286
10.7402
5.11118
5.77976
2.21536
5.77033
2.52426
2.18705
5.64074
4.27979
2.58445
6.9764
3.50268
2.78898
11.7794
3.41365
3.30448
4.91022
2.83273
1.5138
12.0948
2.02052
2.51552
1.08
2.92685
0.478058
2.76012
4.63804
0.455119
0.796806
3.32864
5.89121
5.9338
3.76784
3.7391
0.620611
0.730295
3.36942
3.90304
1.38458
3.51762
2.54224
12.7055
1.11925
4.27815
3.39574
4.29997
4.81467
3.23684
6.28591
2.14249
2.18956
2.33626
13.499
8.66273
3.34751
5.7029
3.72254
2.24648
15.0063
1.7486
3.16008
0.711613
2.84227
0.258192
1.74072
6.72199
0.882693
0.756653
1.09623
1.51403
1.55506
5.82427
3.05047
2.15025
7.73562
4.57027
2.15057
2.38649
5.17917
13.8913
7.33878
2.16998
1.98275
2.35705
2.11788
3.23521
9.47906
2.99973
0.838008
0.551359
2.39305
2.64381
1.76051
2.52206
1.52832
4.70455
3.98352
3.49146
3.34208
2.4456
3.77096
1.90915
11.9985
1.87194
3.21736
1.98848
7.13976
3.32299
1.48611
2.54014
3.72773
5.58932
1.65782
2.53916
2.85142
6.5478
2.26077
4.02792
1.42897
5.32529
5.62733
11.1718
0.343373
6.22084
0.392575
1.987
4.1234
1.40908
1.03999
3.6427
3.00845
2.67541
7.6591
1.18446
0.748154
2.6515
3.789
1.51991
0.272567
5.02258
4.38789
1.80261
2.29309
2.7555
1.71048
14.1109
5.38538
7.74624
4.13935
3.04391
2.24701
4.72245
7.36206
7.82495
1.9261
2.92684
1.80226
5.57419
3.8555
0.667356
4.40985
2.16363
4.46917
2.2549
1.46862
2.40668
3.99646
4.49543
10.2134
6.80773
3.7191
1.43239
2.1223
3.47373
2.77256
2.03694
1.71489
0.712186
4.08733
1.52645
5.86188
5.8757
2.80114
2.33139
1.30278
1.26242
1.85942
1.52061
1.54703
2.20894
3.44733
5.5726
1.92459
4.56379
3.9046
4.67016
5.24593
12.3426
2.45099
9.66086
6.54085
2.27964
11.3685
6.18502
3.45624
1.81026
2.47525
5.41767
2.33892
1.18661
3.68385
2.43513
2.19981
1.1378
3.45528
6.77213
3.2117
1.20016
1.17988
4.72286
1.44089
1.49479
1.19871
0.419994
2.30184
2.15331
6.71676
0.786609
12.9737
3.12995
7.47804
1.35788
2.61831
2.5087
7.16116
3.35742
4.11788
1.27879
3.54191
3.03703
0.436583
2.72203
2.9204
6.41704
1.25274
1.93275
6.73466
3.74705
3.81184
3.39064
7.195
13.7161
3.13818
3.24759
6.68899
1.49192
1.48994
2.56183
4.02536
3.17866
5.41353
4.20202
1.82808
1.5992
2.96176
7.00285
5.98054
1.21306
2.63473
1.35051
0.417631
4.60484
8.54186
7.65633
2.12838
2.76939
1.6385
5.70988
1.1699
0.518967
3.62789
3.82984
2.28197
9.10972
2.88227
3.24774
1.57324
2.5757
1.25443
2.26362
2.69614
7.9986
14.4082
0.952969
1.90661
6.30525
12.3763
1.54551
4.07514
5.89689
4.06407
6.146
1.13886
1.70931
2.23853
2.6153
3.21541
3.43547
5.80399
1.21944
7.60343
1.69279
1.10833
5.10504
4.50663
3.65955
0.941308
3.15479
8.83343
2.03222
4.84164
2.53597
1.33918
6.43408
0.746875
3.6589
10.4279
4.4785
7.43024
11.8463
2.97205
3.99357
2.90555
5.21402
3.31729
6.57573
7.18745
0.932177
2.60153
7.39376
4.50796
7.45004
3.28976
3.84064
1.97605
5.54678
7.23872
3.74229
2.58934
1.9243
1.14696
4.22319
2.53443
4.64187
5.33465
11.7058
2.94292
8.10661
2.43289
12.667
1.91741
1.53002
1.41977
3.4028
6.50035
0.794752
4.87355
2.22426
2.63882
1.98832
6.01019
12.5502
8.13003
1.9052
6.16748
0.937275
4.1267
7.49563
4.15188
3.17327
2.20961
3.06234
1.94223
3.5022
1.59553
2.47307
2.7438
3.8056
10.2647
0.839512
2.70416
1.50103
2.88986
1.33312
2.36958
7.40311
5.97789
3.08798
6.94368
4.00974
9.50498
2.85065
2.20776
0.572949
3.44893
13.0667
3.73447
11.4337
2.92834
3.04612
2.42373
3.4174
8.74799
12.1644
0.619034
1.29001
8.88966
0.978479
1.55595
1.99144
5.2646
0.98995
2.58627
3.20126
1.67434
3.10745
1.15837
3.13814
3.54877
3.88392
1.74271
1.40281
0.769083
1.45509
3.8494
2.40893
4.91484
6.38251
12.8631
5.44316
4.22797
4.13664
7.75309
2.42529
3.36569
1.64609
3.43853
3.19683
8.25385
1.63889
2.76477
1.91772
0.258407
0.767306
3.06278
1.68715
2.45298
3.1236
1.38243
2.92748
3.70054
4.46093
0.721321
8.90724
3.15141
1.90483
3.47377
1.93561
3.27575
2.5806
2.75593
2.20967
8.21341
6.2672
3.86411
10.3987
1.45292
4.87049
4.09078
3.70396
1.69396
11.7846
1.43168
9.19685
6.86845
8.79018
3.90613
1.84719
1.09015
2.68365
1.6286
2.1909
2.4513
6.50249
0.602023
0.369162
9.33791
1.65304
0.128462
13.2883
2.59279
12.646
3.03023
8.71002
3.85283
2.37054
2.01
3.44456
9.51923
4.33001
3.86041
3.56538
6.39591
1.57311
5.17195
8.31773
4.49706
5.99198
2.25207
5.89508
2.10628
3.54812
1.10082
2.20906
7.54011
2.87082
2.2845
1.71755
3.94257
0.702431
2.77806
8.39597
7.39172
2.73931
8.84061
7.28912
6.65283
0.645856
3.50419
3.49716
3.31536
7.27954
2.74236
3.31126
3.17136
5.20152
1.18689
3.93766
4.83242
0.85459
4.67752
1.15052
3.74876
4.66366
1.51825
8.99335
3.99467
3.80733
2.27688
1.48726
11.4603
4.98512
5.72865
3.98524
2.30457
3.64447
2.14767
0.499886
1.94217
7.0028
2.73413
2.98227
3.88528
2.84801
4.01073
5.41658
2.16799
4.70347
2.29919
0.644718
2.82458
3.07047
1.49275
6.35154
5.9863
6.48398
1.84117
3.7574
1.94438
1.80564
6.68567
3.66069
3.5228
4.15961
4.138
4.74712
2.38674
2.45285
2.38554
2.43607
2.58697
2.3195
5.41689
1.57313
5.983
12.8565
0.971706
2.08862
2.80132
6.51828
8.96023
3.31738
0.660791
0.226033
2.90869
1.80374
1.77564
1.02522
1.23946
2.26764
1.96774
2.28385
2.87672
6.06741
7.34853
2.57102
3.05037
0.991862
1.08421
3.37108
5.90151
7.83997
2.04133
1.05932
4.42704
5.49407
0.48446
2.99616
2.03088
3.42686
3.53545
3.98639
1.9452
2.53973
10.0317
3.70904
9.92964
0.422405
3.34446
2.59597
3.70104
2.79413
2.51144
3.80972
11.4865
2.42535
5.41788
0.566757
0.734718
1.9008
3.92965
1.89179
8.4455
3.08709
3.00827
1.17852
3.52545
14.806
2.39705
4.13101
2.31834
6.92624
3.43607
2.40269
1.05236
0.508109
7.35007
10.7864
2.36626
2.5182
1.50622
6.91724
2.7805
0.795334
2.62434
6.6165
2.88318
3.63971
0.9826
3.34794
4.22984
2.07446
1.24897
3.99751
1.43985
5.23701
1.15109
4.71869
3.41196
3.39154
3.00724
8.99267
2.136
3.73979
3.52467
10.6255
7.99114
14.6633
8.48228
2.54306
1.52382
4.09432
6.71832
3.90295
6.59864
2.93057
2.27498
1.33514
0.623211
10.9341
5.89737
3.72045
3.34043
10.893
2.50307
3.00526
4.59507
2.64798
4.2038
12.103
5.78568
2.48273
11.3005
8.43291
2.32655
3.52397
4.31976
10.0296
1.3035
8.67891
4.24585
6.11363
2.76152
4.96421
0.440902
4.4078
0.757812
5.35931
1.97236
3.74808
3.3012
2.89818
11.5193
0.769402
2.16214
4.26626
1.78348
1.93562
3.9638
2.54785
3.4695
1.6846
1.25241
4.00953
2.69053
4.6484
1.4077
0.841919
4.07806
1.65973
1.56201
9.94552
1.97123
2.00919
5.37282
2.68721
1.71507
3.64785
2.49376
8.57856
3.8383
1.46198
5.24364
0.171322
2.76452
1.27433
2.8141
2.13832
1.44523
2.84297
4.05856
1.69158
7.26693
0.531825
3.5952
1.0863
1.50032
5.86902
0.750301
1.42622
3.61575
5.20204
5.50087
6.12658
1.59164
2.20745
4.0309
6.21034
2.18817
11.0054
3.99901
1.45534
1.47964
1.95469
3.52035
6.03057
8.26099
9.79887
3.47725
2.00926
6.69893
5.87533
4.38667
6.04185
2.73236
13.3232
0.387693
1.70573
7.39937
1.53731
4.6375
2.29136
0.475588
2.17836
12.249
1.24216
1.76605
1.59393
6.01578
3.85925
3.79702
3.52922
1.95154
1.94072
3.38971
13.0894
2.48443
1.79707
2.49483
14.4841
0.985025
3.62338
4.20127
2.31773
0.456182
3.12866
0.988661
1.53417
6.21376
0.602553
0.325667
3.12058
2.70399
3.37989
0.730892
2.8606
3.99199
14.2811
2.4384
2.04393
3.14868
3.28883
12.1484
1.59518
5.88213
2.12108
5.69715
2.7404
4.21257
2.0836
0.935733
2.80442
2.34089
2.27401
2.8605
3.68296
1.41995
1.1641
2.91343
5.61096
2.89331
0.873503
7.38864
7.25401
4.06031
3.97239
5.59963
4.85658
3.04751
4.30173
12.7678
0.982238
6.73484
7.22483
4.96996
2.78408
2.53425
1.59252
2.32738
3.07609
4.15631
14.4609
4.16792
2.71438
4.57083
2.87196
1.84466
6.04972
0.388607
3.18147
2.79092
10.8971
0.231987
5.84246
7.12241
0.385394
3.05171
3.78538
12.4226
5.50676
4.15731
3.69996
1.27391
5.5208
12.9854
2.88873
1.20892
2.88405
5.69175
1.84783
1.62385
3.3474
7.0825
7.8748
2.30881
6.00865
6.2856
3.85632
1.80141
5.13925
4.11235
2.84746
4.91795
3.37796
4.10135
1.62388
2.27745
4.98677
2.78364
12.3466
1.87861
1.20451
4.19506
3.58641
4.22032
2.48465
14.4835
4.8938
12.5876
3.33491
2.93603
3.93577
6.74382
1.95213
8.10941
4.72387
1.49147
9.22656
1.21536
1.87715
5.20293
1.98728
5.10647
2.09658
1.12999
4.50408
4.15628
3.65852
9.23566
1.40888
9.04809
1.885
10.7064
2.44583
4.60994
5.02732
2.98539
4.00378
5.0325
4.76624
1.20633
14.8364
3.53751
5.14431
6.55032
1.65003
1.42933
11.5363
4.16084
3.12924
1.80196
4.75823
5.11324
3.81584
1.96126
2.08892
6.55379
2.98709
3.55836
7.06481
2.49464
1.32679
2.54896
2.02548
4.35355
9.45132
1.23256
0.898884
4.79828
3.36697
3.97722
3.2204
2.43888
8.42709
6.88784
2.26182
3.21892
2.6302
6.45943
3.90499
2.18087
5.75591
5.3664
6.4191
0.647113
9.77384
4.95455
2.07509
3.66702
0.573436
2.00189
2.96165
4.49425
13.3295
0.295519
3.62335
1.08438
2.69956
0.944459
3.50568
1.8734
4.91761
10.809
1.78202
1.48653
10.1225
5.03259
2.05527
6.33246
7.46358
3.50723
6.15289
3.46073
1.74481
4.29157
