2.71846
10.6331
2.87013
3.76081
12.8143
2.74499
3.83385
10.627
3.11295
1.75276
1.63842
0.685253
2.9071
2.22945
0.437444
2.39866
3.78463
1.25175
6.4201
4.85163
4.22558
3.10991
6.49508
4.54525
5.139
1.68088
6.56717
3.79658
2.85627
1.49078
2.68978
3.48325
0.83168
2.41626
2.14913
1.79895
1.9028
1.65675
2.68549
2.18215
2.27514
1.27333
6.39173
5.2813
1.14736
8.30832
0.190758
2.15824
0.370162
1.96994
13.873
1.13298
1.03918
3.113
1.57117
7.58256
4.61401
8.50634
1.13524
0.597134
1.11335
12.6207
3.54341
5.51646
2.91556
5.65159
7.52091
5.34977
1.27685
2.21161
13.7766
2.42495
1.63658
12.622
0.933984
0.849532
5.22169
3.39894
0.706721
1.21288
3.91804
3.51846
3.17051
2.14383
1.88813
2.44479
7.41122
8.1998
3.50862
1.44447
10.6979
0.838234
2.53638
2.98215
0.944728
6.48692
15.3723
3.5369
0.629313
1.72105
1.13201
2.86426
3.46211
3.65403
1.23157
9.47599
5.02067
3.66698
1.74491
0.83134
0.798016
9.09819
2.51861
3.25005
1.34997
4.51609
4.92474
4.61529
2.71416
10.0673
2.81009
2.36573
7.78882
6.9255
10.2251
7.30217
4.84771
3.07033
11.4538
1.64397
3.50223
2.21161
2.94003
4.26195
4.76197
3.81555
4.74328
5.50092
1.97273
2.86324
2.57678
6.00984
1.15254
2.87627
0.953552
2.73749
6.62033
2.48608
1.8607
3.57777
5.09522
2.10483
1.35959
3.31368
5.68026
0.849184
6.29063
6.42615
0.471416
6.14254
7.02121
4.87248
0.436033
3.98015
2.98099
13.0276
0.854324
9.12306
3.00013
2.34262
4.70629
4.49954
1.90079
3.67941
0.857155
6.85013
3.64298
8.41433
2.59716
3.18439
2.6025
1.78933
7.96531
5.57441
1.99787
3.71121
2.44565
4.35087
4.64073
5.27646
3.79818
3.72736
2.99257
2.16645
2.01322
2.83201
1.12261
2.70978
2.14564
4.31133
2.17712
0.578804
4.97428
2.49304
1.6378
1.26459
1.79027
1.88918
2.87959
1.29801
0.750759
2.86825
3.18147
1.82607
5.14794
1.54835
3.14679
3.13307
10.8565
2.17219
4.20842
3.73926
4.57469
0.406551
2.29674
2.6546
3.41205
13.1817
4.02864
2.8987
3.19988
0.958002
14.9214
4.22766
8.66066
8.96175
8.52198
0.368956
3.85787
7.96865
0.501204
6.55455
1.57115
3.0465
4.11805
12.2439
1.81257
0.758493
3.22581
3.75996
1.89953
6.30429
5.4661
2.27126
4.11004
1.48085
3.75337
3.00063
2.64988
7.57127
5.48254
11.255
2.56432
13.6855
1.89203
1.06795
0.390113
6.46186
3.86037
4.82755
2.32918
2.33954
4.59605
2.95422
1.06483
0.948521
1.85522
2.18439
6.41417
2.51
2.73087
1.99224
3.06905
6.64489
1.75055
2.92765
0.521752
5.16203
10.9022
10.0265
4.00283
2.11537
3.33979
2.21428
4.40444
12.1774
2.22658
7.575
2.14388
3.52559
2.68409
6.86735
4.2887
4.0454
1.24527
7.40308
1.89547
2.80071
2.31779
7.16548
3.92685
2.43147
4.87706
6.62386
7.37724
0.454384
10.6258
0.76082
3.57464
1.46145
1.37318
10.2806
7.87219
5.33206
4.12554
0.712443
2.67068
6.37654
1.02701
2.93473
3.71999
7.35118
10.1322
1.82825
2.05031
11.2176
0.670545
2.71102
6.61484
2.07025
3.33682
6.06775
2.80755
8.49971
4.31607
3.24642
0.698656
2.82011
2.83997
2.8523
1.98182
3.89105
4.81172
0.620216
2.547
8.05045
11.6669
9.57045
6.71213
2.11862
6.58825
2.33568
1.77312
5.79855
2.19967
2.63521
4.40293
2.47239
2.68265
3.98191
1.66493
4.89114
2.56755
0.660686
14.6853
3.40645
3.15767
1.92927
2.40876
6.46295
5.44889
5.47883
0.857823
1.04975
8.30312
0.401837
3.33119
4.08771
0.986513
2.95978
2.65728
0.602796
0.599697
4.78407
1.0177
5.90325
4.30022
3.31026
3.79723
3.07751
1.95296
9.34972
1.46445
7.26947
2.68913
4.2543
1.46375
5.22421
5.09333
7.17065
6.93003
4.96156
4.02796
4.005
1.43827
2.84551
1.07461
7.23826
5.45612
3.5063
1.59252
6.22926
1.59851
3.79424
1.94267
1.67986
12.0166
4.11185
2.81421
4.39566
2.29812
1.33496
3.21441
0.868519
1.98244
2.29909
8.36234
3.12479
4.78014
0.438979
3.12089
2.42252
2.89582
3.60997
1.02973
5.35178
1.14001
11.8957
4.82358
1.82578
1.62215
3.99309
3.60521
4.79764
4.19585
1.00131
3.94492
9.32209
2.33387
2.96418
4.06595
2.2982
0.491322
4.00597
1.27577
2.77296
0.115633
1.9238
12.0075
0.849879
1.66615
6.05166
2.94535
4.48213
4.66339
2.27436
4.42757
2.03931
0.863384
14.9294
4.15008
2.66801
10.1354
6.87815
3.04373
1.73696
12.3541
3.51693
4.76912
4.39895
2.07208
3.71034
12.0458
3.06368
0.507875
10.2064
3.04865
2.3539
4.36145
15.1967
6.38467
1.2133
2.93408
3.50782
2.33458
5.52264
2.71107
1.27181
1.92622
3.03405
1.2693
0.829895
1.28218
1.12472
3.00386
8.58089
4.59574
1.1365
1.13749
3.42504
2.24967
3.05768
2.33721
6.84963
1.5442
1.66558
0.438431
2.54872
7.90878
8.60911
1.86836
3.80347
2.53093
2.0103
0.514641
3.50074
4.13473
2.55493
1.58978
0.821306
2.43803
4.09684
1.80193
5.49665
5.80357
4.98224
2.09619
4.54895
2.23917
10.2229
2.26173
3.95468
2.7026
4.15049
3.69458
9.76699
1.36232
0.820695
6.85898
2.1852
1.1203
1.58433
5.99004
5.09269
1.10204
3.71669
1.8153
7.36837
1.97057
5.66822
1.78864
3.76951
12.1951
1.99127
4.93191
14.9437
9.45371
2.77252
6.44999
3.47931
3.64934
1.76779
4.33505
2.38624
3.73054
7.58594
3.25594
4.54084
2.26405
5.58101
2.39034
1.10255
0.689632
3.47917
1.21537
3.98297
4.38006
2.54105
9.60812
5.69796
0.82892
1.68279
9.04952
0.596761
2.35311
2.92339
4.34735
0.228348
5.72393
3.39625
1.66962
6.01462
6.47803
5.48545
1.61688
4.64652
3.10477
3.70021
5.36413
3.06157
4.96417
10.1636
5.98233
14.3794
3.49017
0.489912
2.57299
3.0766
3.50432
8.75441
8.02365
1.73005
0.546174
1.30899
2.79682
4.85967
5.28345
2.28558
1.31008
6.0969
1.90845
7.43944
0.8701
5.9168
0.851651
8.19611
2.32103
0.738663
2.99922
0.946137
8.95281
11.5431
1.16284
0.885823
1.34539
6.28329
3.8929
3.32228
5.52438
2.2852
1.31782
3.08708
2.36714
4.61235
4.40634
1.04531
2.65222
8.42551
6.29927
6.3518
3.55965
0.743976
3.56896
9.82965
2.00711
2.81118
0.669166
4.07824
2.56968
4.24284
3.91951
1.88013
4.45797
9.56333
3.34115
5.39013
1.20262
1.08066
3.12434
2.10881
3.8058
6.33153
8.76689
2.29993
1.69518
2.84835
0.797361
6.88283
3.72549
2.89133
2.44254
9.29172
1.89465
1.41214
4.48658
2.61279
3.0285
6.48598
1.69542
9.05434
5.03233
12.2022
0.141862
7.15482
9.04453
1.59704
1.70779
5.85496
3.7785
5.63877
5.31596
3.55058
3.8476
4.90825
2.44189
4.38956
8.81716
2.38252
3.30403
0.400275
10.4086
5.96286
1.22624
0.575313
0.860309
3.26665
2.816
0.912332
1.40123
1.94928
10.454
1.3871
2.62095
3.92465
5.09107
2.49684
13.2365
3.14298
4.34564
2.02537
5.32628
8.24041
4.59506
3.78734
6.05629
1.20445
3.15133
4.67956
2.47653
0.673993
7.25704
5.37489
2.03474
1.01405
3.89096
2.80934
11.5212
1.11611
7.77035
4.92053
13.7236
5.36409
3.70687
4.87861
3.51671
2.54601
7.53137
5.87297
9.53819
2.72348
3.64935
0.572343
5.35655
2.35853
1.71144
4.14825
2.0077
1.46882
5.81031
1.54354
8.08473
5.40149
5.28041
3.0903
7.15424
4.10705
3.80107
2.43209
1.96918
1.94762
2.46562
4.45156
3.30776
3.79443
2.78481
0.733514
0.413243
2.96485
5.3301
2.43057
9.91922
5.682
3.13107
3.21156
4.82626
2.89567
3.22429
0.720514
3.97393
2.83325
3.29121
3.70869
2.77497
1.93667
1.44964
3.13795
4.00792
2.84688
13.2955
6.87433
1.65268
3.99195
1.84426
4.35899
2.76549
6.43501
1.37472
0.220951
2.57994
2.9413
1.34007
8.58926
2.3915
14.363
2.15213
5.44983
3.46079
3.32384
0.460965
3.11583
6.5207
4.24334
3.61172
0.531359
4.82006
1.593
5.08064
0.989341
7.11478
2.76987
3.59382
0.821705
3.44387
4.49632
3.28632
3.9655
14.1665
0.862382
0.524726
0.979157
9.55232
1.49192
2.51877
3.11396
3.70916
2.27754
5.0833
4.57187
0.543889
1.6605
0.857419
1.90254
2.5978
0.308928
1.58176
3.29688
8.42508
3.08356
2.09044
13.386
2.15271
3.70509
0.313929
3.51978
7.48357
5.17232
1.54834
6.4512
1.54043
1.97721
3.45259
2.04086
3.679
13.4957
1.46187
2.11556
1.18443
1.64423
3.6943
2.49424
1.54457
0.455457
6.8478
1.95976
1.23877
2.60988
2.96533
2.37695
4.06465
3.77413
2.04228
4.98349
0.561842
9.39368
1.4887
3.73662
3.74596
3.89652
3.30004
1.53718
2.04629
3.30889
2.91728
14.8132
1.39971
0.80622
1.52879
4.283
0.195394
1.28407
6.43033
5.5677
1.18566
4.60919
3.00878
1.111
6.33113
7.09268
1.18271
4.31659
2.45882
4.3156
1.95162
4.26559
4.42965
3.56172
2.5252
4.3427
4.31079
3.93863
4.53408
1.69395
6.65586
4.18053
10.7831
9.85378
3.06116
1.38386
3.27378
2.58509
3.02589
5.00938
1.21748
3.05135
2.93592
1.04544
1.65778
2.56594
5.16318
2.90964
3.78148
2.15626
1.42876
5.14048
4.93307
11.3112
4.29332
3.41137
6.61509
1.75484
2.18792
10.3328
1.54195
5.69724
4.89182
1.72356
13.7618
2.48708
7.81967
3.18302
1.23328
2.37977
6.89039
4.57417
9.34822
5.58544
4.14743
2.91074
0.891863
4.63224
2.41481
3.96927
4.71456
5.48598
4.18442
2.88383
3.07935
4.30106
6.33853
1.10771
2.90034
2.403
0.979149
0.252838
0.144282
2.98589
5.32772
3.98026
7.76918
1.30495
2.74679
8.9595
6.605
2.36859
3.77325
1.70256
2.85957
2.54419
0.50328
5.38222
1.6334
2.29531
3.9911
1.14268
1.83463
0.877765
5.90358
1.72158
4.95251
5.32647
3.62726
1.67791
1.14099
0.536862
1.34499
1.31169
6.06714
12.0581
1.59601
0.458495
2.42894
5.11815
1.28995
0.472315
2.10324
7.72432
1.4923
0.764873
3.73848
3.88216
6.31397
3.93224
0.684817
2.87964
1.38613
4.0504
5.27398
1.41021
4.88224
5.44093
0.958335
2.83922
5.21504
1.08514
1.08176
5.61295
3.8014
4.61052
1.29788
4.17347
7.82325
3.34464
5.75926
1.39035
2.30522
2.60962
1.38201
3.64995
11.7342
2.50757
3.52591
2.68344
3.71898
1.5508
6.96036
2.5111
7.86011
4.74853
1.64989
1.65686
2.09861
3.39365
3.45727
4.38056
3.17948
1.4398
4.54777
10.4098
1.17453
1.33878
0.363764
1.73841
0.924641
7.0066
2.00752
3.71179
8.87457
4.4607
3.8775
3.65759
0.531043
7.64304
2.20441
4.59044
1.27482
0.203415
3.34986
2.20417
2.23543
2.94022
2.59616
4.38276
2.08427
2.49128
10.2971
2.42512
4.1481
4.23564
8.25762
4.57765
0.780585
1.37436
2.58182
1.53628
5.74727
1.4964
2.56963
4.85353
1.44259
12.9065
4.03782
4.33416
1.36496
7.46741
2.10921
8.20927
4.32288
2.12723
2.95512
5.48955
8.74314
3.70889
5.17843
7.7443
1.81068
4.78931
1.80986
6.29348
3.36617
1.7
2.84742
0.767539
2.04445
1.38832
3.53903
0.666644
1.99265
12.0178
15.1425
4.94521
6.16555
2.88818
1.66505
2.22303
2.10156
2.18319
3.27879
5.13065
4.03249
1.73434
3.88055
5.53477
0.621802
0.59218
5.42252
4.93483
3.40031
3.30963
9.73519
3.65083
3.73794
3.63172
2.25881
7.06124
3.57216
3.57331
11.1794
2.34405
4.16592
3.89361
1.44382
1.0462
4.30128
14.8239
0.270981
1.26351
3.05892
1.49961
1.48
2.38746
1.0347
4.47822
6.3189
5.60132
2.79553
2.55161
4.63926
8.41779
1.50905
4.7623
3.9964
0.761833
1.34008
1.94613
2.89697
8.49508
2.34913
7.43014
9.96948
8.07717
5.81967
7.89461
2.95597
5.73069
2.39793
2.25548
3.27434
2.02934
1.53405
2.33843
1.14952
6.33228
2.01973
1.54022
3.16468
4.56639
12.8968
5.44383
3.8468
1.5366
4.66909
6.48839
5.05574
1.16316
5.2628
1.33552
1.83123
2.86838
0.8232
2.3814
6.91598
3.81074
2.47129
3.82402
3.1375
3.11234
4.55376
3.18673
5.41002
1.73757
13.3365
3.36417
2.33478
4.79207
0.660283
2.21237
0.969752
6.29995
1.70444
3.50802
4.80875
3.9884
2.34796
3.9827
2.69059
2.09207
3.37215
7.62118
2.7367
3.90484
3.63068
3.61789
2.72142
1.46302
1.49869
3.16334
6.56581
5.34059
4.66299
3.45136
4.21657
1.5988
0.872489
14.9054
4.39712
12.507
6.59425
8.91583
1.3899
5.72482
3.45959
4.80133
8.80204
2.59014
1.51353
3.2868
1.803
5.98793
1.17751
2.87753
2.71907
0.789196
2.86533
0.522453
3.41944
3.24285
8.37071
0.754355
2.98089
4.02372
4.39101
3.26791
5.82321
8.08989
0.794517
2.42456
0.692671
5.59744
3.13562
7.27379
10.5127
12.8117
8.69788
2.3455
4.77563
7.79577
2.26916
0.604066
11.0089
3.014
6.10242
3.43982
4.89805
2.68829
4.38456
2.59377
4.25311
0.843879
1.96015
4.42791
1.97754
3.30868
3.33116
4.64828
1.36809
1.88
1.55604
3.82718
1.90805
0.874811
2.30265
4.05654
2.89456
1.94309
3.60155
1.05477
6.10975
7.10287
1.91833
4.90056
7.18779
3.28335
8.52712
4.80082
2.27941
3.01086
3.59012
4.26688
1.35231
4.95121
3.39964
6.94963
0.569978
0.814636
1.80997
1.37037
7.40126
2.11302
3.41933
5.19217
4.6312
12.9483
1.77501
2.15907
7.70436
6.59485
2.46832
3.26738
3.46727
6.10648
4.58153
0.570528
1.09962
2.2959
2.71205
5.64123
2.54579
11.8127
1.8493
0.475221
4.96963
2.64707
0.815586
0.683027
0.352536
5.11467
1.71385
2.12131
1.34664
0.867029
0.798801
2.60418
0.244809
5.19389
1.18884
3.63655
0.441685
0.588997
2.76938
1.47346
9.04646
0.451528
1.43507
5.55661
1.23028
5.04374
0.629223
0.840673
5.55862
3.28057
3.2385
5.01365
4.28777
3.0953
6.92149
2.8428
2.5389
2.93111
0.298616
4.3541
0.619647
13.2068
2.03565
3.79522
6.52628
3.12701
0.754739
12.1461
1.50325
3.02011
3.06954
1.72318
4.16575
9.66222
1.93728
7.71777
6.06434
7.6969
4.87101
2.80586
2.40801
5.31722
2.23096
1.84451
2.64923
0.789892
0.995929
3.95033
3.02997
0.583803
3.80472
1.62107
2.72851
0.833257
5.53457
4.08822
1.82351
3.91082
2.95079
2.09992
4.14582
3.76261
2.77904
1.68191
3.78386
3.77524
2.20323
4.03905
2.13723
7.6029
2.22844
6.50568
10.7734
6.32564
2.1815
7.56043
4.326
2.96696
3.72611
2.64276
3.05126
0.670145
3.29467
3.24384
2.36379
0.747741
6.28783
0.771464
9.3747
1.29397
2.3808
9.14035
4.28112
11.2715
6.42553
1.93855
5.47995
6.22089
6.76523
4.80359
2.37407
2.95827
6.47016
12.7496
3.12913
5.5046
3.66727
4.65789
6.88577
1.8441
4.5111
1.6324
2.44111
6.99611
6.55483
3.3605
3.21082
4.39454
2.62387
4.37315
1.12365
5.30367
3.19986
1.9828
4.37247
0.441499
5.71745
14.4253
1.52121
3.53676
3.45765
2.19234
13.1875
0.478978
3.61712
6.0418
1.70121
3.87716
2.50151
9.69956
1.66241
4.07187
1.90361
2.77976
3.56671
1.97597
13.365
13.6189
3.60326
4.92126
2.85618
4.48216
0.88192
4.30559
2.4345
4.00354
1.60339
8.53495
2.98709
1.47889
1.92699
1.90491
1.30621
13.8159
1.8853
0.381923
2.39572
6.3666
5.23569
2.04406
1.38377
2.40932
2.7681
3.78048
6.48811
0.394161
2.68337
4.8028
1.37316
2.35295
0.218223
0.561321
0.454058
2.59261
1.73786
4.23176
0.647404
3.21573
1.09352
0.937996
6.35845
6.66201
9.12487
3.32973
1.89285
2.43832
0.871445
2.54375
7.47029
4.57505
2.81032
3.22497
7.27838
3.67648
3.42201
9.69427
1.91686
1.97464
1.61304
2.10681
9.62494
0.76385
7.46567
11.2587
4.98886
2.5105
2.55406
8.24037
2.66469
3.56355
3.26988
2.92751
2.69188
6.67568
0.603838
2.30917
5.89244
1.69414
1.30025
12.0261
11.9209
5.06799
1.71778
5.11676
5.32417
6.20785
1.06343
5.58454
5.67519
1.12351
4.66135
1.98908
9.9128
1.80961
4.41117
1.43453
11.9075
4.89515
2.24612
3.41635
5.3994
2.95534
3.16867
1.36024
3.30208
3.17958
9.78772
0.453713
0.999658
5.75285
1.62323
13.6727
3.60896
4.8491
2.01161
2.02247
2.47289
3.40602
9.00479
2.84948
3.48624
1.32
2.13549
1.42924
4.0987
0.382154
0.726143
3.48453
3.46171
0.704887
1.40865
4.8027
11.6956
2.25771
1.02707
5.0509
3.06959
6.92046
3.25559
3.67815
2.60474
3.40654
1.28733
2.40675
1.82675
2.05387
2.53519
11.7976
2.92107
4.48948
1.32463
2.32253
0.621708
1.86876
4.08257
5.24022
5.06287
1.1949
0.899948
2.47159
5.02017
2.82947
0.939487
3.50986
2.19368
1.30361
1.47208
10.9805
1.61794
0.832874
5.06947
0.91764
0.134956
1.94441
1.28958
1.52714
9.71923
1.52079
8.60413
3.3933
7.04706
5.03117
3.4881
0.687433
3.26478
4.83389
5.40416
5.12409
4.0819
1.98853
1.8405
0.434964
8.68332
9.3506
0.969663
6.4689
1.76529
5.9011
3.95971
9.13951
5.89739
2.83253
0.237978
2.84506
1.00498
3.79662
3.90415
1.05234
0.406838
5.52407
8.69595
4.53457
8.07668
8.5742
4.51408
5.3161
3.34442
6.67945
5.78876
1.19239
2.09368
6.66196
2.522
4.71904
6.10611
1.95517
3.84415
8.24723
0.223577
3.03383
2.24915
11.045
2.69452
11.7845
6.17078
2.53941
10.1169
1.96265
0.784742
1.0435
1.16061
2.75117
1.64577
4.65807
14.356
5.46535
1.32407
3.01619
5.84719
2.96355
1.86498
4.96073
12.8188
1.12809
4.48183
4.10251
6.48878
7.94777
0.376552
9.64364
1.49444
4.23382
4.26596
0.85174
3.53795
6.64439
4.42228
5.54295
4.23935
6.61581
1.11378
2.43574
11.395
4.42843
1.27752
3.97841
4.35713
4.81928
4.86343
0.95303
3.11887
3.09196
14.1844
1.59522
0.620142
2.49259
8.64709
0.930282
4.66133
0.74385
0.810303
1.26428
2.74439
11.0772
2.31956
0.857949
2.81332
2.07601
1.13254
2.41198
0.708223
2.65892
2.61073
0.955747
3.20877
4.39634
7.51376
1.52652
0.909255
3.38548
1.03947
2.56441
3.25184
3.7171
3.09116
4.41102
8.36429
5.62131
6.0032
2.10174
1.33028
2.69992
3.3002
7.29965
1.05683
4.51389
4.19539
10.1275
0.64371
2.77009
1.98567
0.23695
3.20995
2.92736
1.34459
3.2998
2.33078
1.54158
3.4073
1.97928
8.97915
2.2393
1.69638
3.96302
0.646897
2.66268
1.49343
5.1406
2.08524
2.65448
1.51563
1.97609
3.00215
1.35775
1.76072
2.17983
8.24083
5.04249
2.48359
5.67097
0.513319
3.1326
3.82378
2.90225
11.324
3.06687
1.25314
2.0695
3.52256
2.959
2.02736
4.68909
2.75735
2.53239
5.6501
5.04535
4.42232
9.06349
2.32421
2.1906
0.886676
0.935421
3.95823
1.7026
2.94866
1.61683
2.01472
12.2985
7.84325
9.87651
1.71665
7.22922
2.67135
0.466173
1.2469
11.1871
3.43612
3.12465
3.94804
4.2092
2.00114
0.819586
0.820738
4.38917
1.04033
1.99666
5.00981
3.78675
5.37276
6.95733
1.00194
6.44511
1.85032
0.811201
3.56357
0.279224
1.27218
1.30215
1.11114
8.81789
2.80403
2.9517
4.5743
3.09798
7.46145
2.02605
9.68233
6.5824
9.51169
2.74894
2.34152
3.0252
3.25669
2.68105
2.70411
3.42687
9.26743
6.48797
3.35482
2.07053
2.32208
9.45706
3.05208
9.78176
2.1223
0.621384
2.10506
0.887103
4.32371
0.348544
0.921546
2.31648
3.8061
4.661
1.05654
3.51006
12.4438
4.59998
7.52393
4.58624
4.92987
1.37991
3.54046
6.3732
2.5174
3.07958
9.87089
1.9749
7.78898
2.73579
0.936225
1.99248
1.53612
6.25054
6.8455
3.49314
2.02418
0.763056
5.07942
4.06952
3.44893
3.69636
11.4617
2.92385
6.22934
2.02027
2.89864
2.38475
2.53281
4.4539
2.2295
1.41083
1.98753
1.75711
3.32483
2.153
5.42443
5.43177
5.67386
0.334266
3.88119
2.57408
2.73618
1.79742
5.46466
1.57459
1.19222
2.9828
3.42237
2.78903
2.49972
7.49199
2.38691
4.04363
3.56183
3.8032
1.93925
1.41321
1.90327
1.21143
1.14421
4.91393
6.43608
2.48988
7.1363
3.3475
1.97092
2.67342
2.28813
2.97642
7.77053
1.01028
4.24157
1.98762
7.50855
0.252251
4.38989
1.98034
3.75133
5.1944
2.33817
2.53828
1.17188
1.21254
4.41742
2.71274
4.83037
1.41431
1.71622
0.877008
0.740727
8.84488
2.70512
9.71264
7.9566
1.22255
4.85141
11.0167
2.30893
2.38391
6.2884
1.26032
2.63257
2.76033
5.61308
2.30307
12.9005
1.03457
2.44838
0.528736
4.01481
10.1644
4.11586
6.43024
0.782997
5.05853
15.3249
2.77613
5.2046
0.478193
2.25684
4.03234
6.10914
9.20272
7.22107
8.006
1.96818
3.22672
3.10483
2.21463
1.5944
1.45092
1.52637
11.3802
1.02969
2.61942
3.88246
1.07161
2.09559
2.08153
0.97342
7.38615
4.07325
7.29816
3.70069
3.24448
4.20411
3.65845
1.92363
2.38423
2.70584
2.92286
2.80674
5.93154
2.88887
2.3072
2.56866
2.41182
7.89909
0.668762
2.73089
0.826822
1.83133
4.35902
2.32483
4.33744
1.55872
2.9859
3.72819
1.64105
4.9665
2.82916
2.92842
9.09978
2.55362
5.47973
1.52956
3.68939
2.99935
0.863406
1.46688
9.16877
5.26574
3.54114
6.17295
5.39507
5.34953
0.839064
13.7726
11.1844
0.783437
0.332086
1.97949
0.902183
2.23889
2.97623
7.13761
4.71638
2.46219
2.05348
11.2904
8.14469
2.0399
5.45959
2.38388
0.268055
1.02638
7.54456
4.36485
5.59547
0.507415
3.63838
3.51739
1.19632
2.33695
6.43319
3.60258
15.1752
0.954634
5.021
4.53297
2.27808
4.8738
4.92854
2.52981
7.16732
0.470705
4.04326
4.80558
0.535877
1.36904
1.918
4.9111
8.78358
2.2514
1.28675
0.71181
3.05043
2.06445
1.59894
0.557077
3.28239
4.39111
4.37469
2.04147
13.4648
5.66722
14.1681
2.27712
5.38801
7.12368
6.33567
1.50415
6.12182
11.526
2.9022
1.48059
6.80566
7.6885
2.42924
2.14989
5.6735
4.6138
3.81775
1.04308
0.512278
11.8521
2.40556
4.05451
13.8587
4.84916
2.57943
3.50607
3.10985
3.68262
3.69487
4.66727
3.53029
3.67091
5.30289
2.35179
3.04011
3.97326
6.8747
6.40174
9.83412
4.44548
10.0983
5.32641
1.27518
2.68425
1.21239
3.23696
5.16172
2.22696
2.06212
1.69535
1.20132
0.945156
4.54822
6.73715
1.25467
2.73751
6.55801
0.600931
1.88284
0.349617
2.22754
5.25263
4.25404
10.6695
2.85802
8.09867
2.96837
5.30485
7.85306
2.91722
7.59859
6.10627
0.471316
2.31076
7.00718
2.44074
3.52742
0.875818
0.541733
11.4764
2.53601
4.48782
2.94453
9.476
9.19379
4.03087
5.39851
1.38633
4.84959
1.24328
8.05553
2.7199
5.31293
6.87918
2.43449
5.46325
4.56375
4.94281
3.51424
3.21933
5.87971
6.25679
2.30299
4.86206
1.88658
5.98489
2.77658
1.17826
8.47069
5.78069
1.9928
12.0002
5.4441
4.06565
5.34689
0.848619
6.61746
0.455645
1.04606
2.82587
2.54396
3.54204
1.83969
6.27768
3.18483
1.65166
8.2016
4.32041
2.65794
3.72476
6.21621
1.59068
9.09036
2.95544
1.83064
2.96872
1.61067
0.835034
4.22632
3.94833
3.02961
3.26389
3.85561
3.94878
7.31345
8.11262
11.0813
1.39095
7.81862
5.49085
3.71072
1.98036
1.23177
2.87753
2.14945
1.54638
0.571038
8.71671
14.2968
1.32319
3.32015
6.49762
13.3948
3.53788
4.26222
8.96234
5.171
3.19524
0.434025
1.76129
0.997236
1.54901
3.66088
1.99982
5.15961
2.5382
3.66287
0.633205
4.02941
8.83715
7.54146
1.33437
0.557416
2.44261
1.15776
1.84644
1.85692
4.47074
2.08216
5.59156
0.460372
10.8865
3.86651
2.87385
11.4294
2.46456
4.87054
9.17426
3.89843
11.5318
3.19436
2.73618
3.72368
8.24509
1.18868
3.50416
3.31534
3.34452
2.1092
2.12729
4.54496
3.40189
3.82474
2.66617
0.991837
4.86481
1.12674
9.40939
3.95679
8.75016
1.02449
5.74689
3.34867
3.37783
3.39999
0.736899
4.27805
2.13799
11.9227
3.09945
1.79434
6.17651
4.78192
9.15963
0.822467
3.4192
3.38885
0.787784
1.35516
4.61487
6.09845
2.81451
0.877015
8.80705
3.82802
0.624298
1.52141
3.24387
7.39228
11.8912
1.72367
3.83137
2.97576
11.7635
2.18049
1.00503
5.18963
2.63575
4.20978
2.41223
1.45048
1.38376
3.09674
3.60173
1.75285
1.33485
5.24572
3.88628
2.66623
1.38407
2.98056
3.09514
5.05605
6.75322
4.07946
1.96472
9.12161
4.64693
2.27525
6.31552
1.91177
9.62613
3.1423
1.49093
0.981731
6.9987
6.33355
1.76711
2.24382
1.50691
2.71822
3.89659
9.44518
0.244329
0.416026
0.533528
1.73861
9.1435
12.6919
10.5684
1.64893
0.777259
7.07677
2.31641
5.87622
10.5053
2.98108
2.3424
4.34453
3.40606
1.88122
0.287891
3.25688
4.15642
13.4907
1.24422
2.73602
2.03678
5.17912
3.98171
0.94604
11.6132
1.42165
2.57319
7.23645
2.88377
2.13556
1.83266
5.87566
2.44209
3.29319
12.325
4.6568
3.41557
3.96434
2.3704
2.61152
2.39561
3.64307
1.2214
2.37315
0.410168
4.09041
4.95069
1.74356
1.3892
2.45463
3.64185
3.60767
6.20281
3.48197
2.46973
0.992263
1.75941
7.31619
9.1733
5.93121
4.69952
5.61382
5.34494
1.59215
1.33762
1.53963
6.11682
12.0339
0.753092
2.12799
2.29839
3.05438
6.9248
1.62547
2.90902
2.02999
1.05096
1.72163
2.63136
1.63775
3.4932
4.23964
12.6442
5.36444
4.95743
1.11376
1.13503
3.66563
9.26972
3.32186
4.92544
2.2141
0.719284
5.21554
8.53435
1.75625
5.00896
2.33513
2.98427
2.98246
3.14298
2.43261
4.51319
8.29881
11.4653
2.43089
2.85356
9.32243
2.60204
8.54902
5.23329
2.44986
0.595557
1.23419
6.37289
3.4447
8.39925
2.78841
5.52697
5.9547
2.74585
3.66062
1.86562
1.67092
2.748
5.77479
1.40793
2.6685
1.35887
8.21096
6.54469
3.4435
5.0053
1.58697
1.64899
2.59847
5.2713
8.9962
8.58271
1.29364
13.3618
10.0698
9.29894
4.81266
6.23825
2.65198
2.25541
2.23941
0.534941
1.52599
1.20257
0.564154
6.19432
5.59266
1.1488
2.41655
2.53673
13.1483
0.601205
2.23243
2.99846
1.19334
5.97942
0.355031
3.27185
1.78192
11.012
4.55368
4.76465
2.65178
2.27513
7.34672
1.22428
7.72844
1.70355
6.88765
5.34144
1.66128
5.84027
9.08479
3.8661
2.58981
3.57876
0.483398
0.765448
3.98974
2.98945
3.98951
3.25114
1.16047
4.76899
3.49806
1.78044
2.1363
1.38112
11.7987
1.21448
8.54829
5.35998
2.31206
5.01941
1.82069
3.78218
2.41164
3.80702
6.63611
2.40692
2.02249
5.29966
7.81265
5.94196
2.18938
2.38792
2.68718
2.67105
3.89892
2.36437
2.44074
1.407
3.55982
4.77454
9.39027
1.30005
2.83243
3.35967
2.18456
2.58937
6.10726
1.96664
2.73529
0.936626
3.56338
11.4252
2.14839
2.03792
3.22061
5.80313
6.69287
1.83612
1.38266
4.10106
0.636504
2.56707
1.91268
2.18718
4.042
11.789
1.87685
2.68574
3.77289
1.11322
0.846693
1.34568
5.04945
1.94895
3.01408
3.82581
5.96324
3.25035
1.39828
2.04256
1.96844
8.2654
1.09686
2.10058
8.5333
4.91959
3.87965
3.18882
3.49087
0.983208
2.43592
1.45072
2.49225
3.92266
0.99889
1.54233
0.649119
8.44373
0.940984
0.284109
6.81289
1.71007
3.00915
2.87362
15.6009
5.91245
4.40468
4.32498
3.70779
1.43874
5.75025
0.901742
3.56337
6.07305
8.38919
2.35944
3.27686
5.74675
3.64123
7.14871
4.9559
4.04715
10.3925
3.49216
13.2247
5.70026
0.469361
3.82972
5.15701
4.63081
10.6086
13.3112
3.05723
4.24456
5.99981
1.57105
1.89404
9.66629
2.18329
3.56786
4.59834
1.44069
4.37381
3.53885
3.8424
7.32946
6.14473
6.1297
4.08861
6.73276
0.91093
3.59516
0.769597
1.2912
2.99862
1.22003
4.3674
2.10351
11.436
1.94091
1.15881
5.11734
5.7766
6.75945
3.80884
5.60247
4.6904
4.72568
3.19105
15.1095
1.91308
1.40279
3.06559
1.96128
2.00878
3.57235
5.32592
3.48374
2.76191
4.23789
3.54996
3.30592
13.1206
3.20809
0.544939
2.53408
13.7279
7.86139
2.16695
0.706702
1.53516
0.780072
2.37608
12.5111
2.34423
1.73368
3.96867
1.76313
2.05
1.45832
2.46312
4.22953
5.00865
6.42936
4.22555
3.04149
1.71895
4.19226
3.01095
4.62545
2.61364
2.56091
0.465529
1.86343
6.42741
5.79586
7.89343
1.50722
2.48614
3.82455
14.0483
5.21587
1.47883
4.9058
1.13038
4.81654
7.91193
2.79313
5.69117
3.15809
10.0172
1.5179
13.2762
2.24105
2.16228
6.72547
2.1493
5.34913
2.69483
1.20505
6.76664
1.12838
1.31879
3.5238
1.7383
4.32053
2.13543
14.067
3.2099
1.98263
13.0712
1.49883
6.0165
1.43331
1.52581
10.411
3.1032
1.96294
2.9609
2.05911
1.44428
3.89067
4.80559
3.82504
3.71208
5.68595
2.73293
4.17717
5.69388
1.68167
1.26505
1.56141
0.713299
1.33631
4.31008
5.25713
1.17956
4.96708
6.42713
7.37106
9.55171
7.15125
2.11514
11.4273
2.31674
1.32821
3.30687
1.58241
2.16654
2.2752
1.03119
3.40701
5.21859
1.41246
2.15396
11.1778
2.70192
3.83428
4.08021
4.43428
1.73354
3.16659
2.92161
1.19177
2.76639
1.36595
5.30754
1.78909
2.87428
2.27366
3.15492
9.50795
2.31978
4.41709
8.13215
5.13897
3.50741
4.54888
4.66929
1.83502
2.52284
3.03193
4.43904
0.546301
5.6734
2.6616
2.17423
7.05629
1.74729
3.5627
5.795
1.40681
5.94827
2.7526
4.04537
1.45382
4.56332
3.62616
4.01151
0.472476
2.52311
1.29543
0.490952
3.85976
4.3289
2.73899
1.80359
5.28514
2.53649
1.37751
2.64359
3.06587
0.665563
2.55278
0.670409
2.22219
1.29702
0.688699
2.1079
5.73337
11.2899
1.40758
0.680781
2.02722
2.56859
3.41181
10.9113
2.54953
4.55095
1.0414
2.2735
8.72547
2.21154
5.14249
5.30971
1.17673
5.84623
2.93644
8.07118
0.665667
0.732796
9.75789
2.36175
2.05841
4.53275
1.61636
2.72513
2.74121
3.35324
2.75477
5.01531
5.93555
6.64379
2.85508
11.2697
5.06848
2.05918
0.564239
1.68413
0.416278
3.948
11.8295
2.33824
4.0578
3.37192
5.36206
1.10759
4.04821
1.38525
1.47394
3.25465
4.3052
9.54529
3.28332
1.69341
1.6491
3.21939
1.86538
1.67578
6.00244
2.77362
1.75442
3.75991
2.09762
4.26857
3.47592
5.32345
3.76536
9.94206
1.0549
4.47555
7.64431
4.26659
1.03231
2.24388
9.89295
2.28736
5.03343
3.39856
1.50248
2.89911
6.59379
9.5971
3.0608
3.65996
0.412439
0.736054
3.76641
1.49729
3.74475
1.0385
1.82157
2.32984
4.71846
4.36471
5.56082
1.83632
3.25575
4.59713
1.18129
8.43798
0.744049
4.06983
5.489
4.1311
1.13119
3.09012
0.438085
1.2239
3.2412
3.4518
1.582
4.55717
11.8773
10.6954
4.66522
3.27505
4.17719
3.76375
6.02013
3.88726
3.1133
4.91424
4.26557
5.25674
2.24496
2.8241
7.13105
5.53166
1.13444
2.99676
5.75937
7.68806
5.95873
6.21716
5.53163
12.6097
4.45832
3.56418
3.00704
0.589372
3.05479
4.36585
5.7178
13.8844
1.48008
2.19374
1.96054
3.32613
1.19613
2.40667
4.1467
3.09665
3.1151
2.40187
1.02387
11.1141
12.9653
0.218772
1.27577
2.20348
2.94952
13.9593
2.09296
4.39936
3.38716
2.12542
5.10256
3.85195
1.48251
4.81696
4.90075
7.20337
3.37931
10.1497
0.828195
3.29292
10.2146
4.20151
2.35979
1.42122
2.07762
4.50862
4.04217
3.36657
4.30198
1.33757
2.75179
2.87194
3.93274
4.83952
10.9698
2.89324
3.26818
5.22536
1.30993
0.917496
9.44125
5.50956
2.12746
5.04318
6.0311
5.04985
6.81992
2.18651
7.23099
0.914143
2.58904
3.23547
7.31845
0.844476
2.52114
0.890028
1.32282
1.59752
3.30564
2.47435
1.81181
1.21401
3.92497
3.53968
3.64958
3.22957
0.961909
5.32873
4.44302
9.94568
2.58917
3.42198
6.23733
5.9387
2.08004
6.42654
2.22995
4.96036
1.88156
1.4118
2.51126
1.14046
2.26439
2.30854
5.9139
1.32946
2.80704
6.9776
5.34175
9.22149
5.21118
13.1739
3.09068
2.1902
1.61143
0.412843
0.860898
1.51622
9.99169
1.65175
0.340442
8.02916
1.69395
3.59486
1.16702
0.877203
3.35655
6.86262
3.80904
2.43723
2.0079
3.36511
3.27759
0.73699
0.621884
13.8451
3.73412
2.02465
2.81345
8.0793
2.58844
14.7502
0.741423
14.3879
2.62581
3.8026
1.45875
1.25846
1.23108
2.88161
5.06503
5.0451
2.58843
1.86945
8.33403
1.98677
2.44229
7.96243
1.13156
3.02974
2.41441
2.38674
7.93847
2.04164
0.750008
3.35771
1.8108
3.03531
10.2765
2.7252
5.30776
2.75615
7.39017
0.451047
2.09883
5.25139
9.83738
0.871934
6.48528
4.34688
1.15162
1.95413
12.4719
3.14758
9.3378
6.68616
5.51423
3.01605
1.13187
2.00137
3.02066
2.37182
2.33349
2.66268
2.0318
0.688465
1.88082
9.88574
1.71279
2.73228
2.58278
3.53898
3.35584
2.06978
1.28287
8.89402
2.65296
1.27324
1.01783
6.74512
1.75585
1.6755
5.2583
4.22807
5.74387
2.33196
5.86194
2.08015
3.62409
0.450516
1.37575
2.83833
7.42027
0.475622
3.12703
1.95266
3.31707
1.45609
2.3904
4.57441
3.9656
4.27612
3.0555
2.71448
1.48548
2.32259
2.74172
1.49745
3.86634
5.19698
1.50404
5.70553
2.19433
2.70634
1.78095
1.2982
3.41126
4.81355
2.39609
3.18274
5.82894
4.79033
5.75832
4.76632
2.81222
6.26371
0.556533
2.54863
5.24469
0.203138
4.60911
4.05327
1.79765
5.9138
2.08232
9.69858
3.03186
0.766956
6.00462
14.7793
10.7314
4.31391
2.39199
7.15664
1.42057
3.51961
6.09357
5.76528
1.38234
1.07948
11.1263
0.511675
2.38721
1.79811
2.53432
1.53997
0.887393
5.57639
1.6578
1.6812
8.03836
6.02127
3.35267
3.4086
1.81285
7.71823
1.53811
2.77531
2.87535
2.70598
3.20276
4.99216
4.29924
2.02173
2.43991
4.26384
2.26118
6.51114
7.80479
1.84575
1.69269
2.47297
1.65672
0.671554
2.3751
0.952237
3.83409
6.02236
8.19911
5.58125
0.875786
2.04896
1.59484
2.65052
5.73864
1.98427
2.39245
4.13974
3.02441
3.82065
14.1357
4.43707
5.31392
7.24139
1.16418
7.40219
4.22824
10.3882
0.968998
4.15115
0.896482
2.87944
0.775953
6.86702
2.03279
6.50847
0.878274
9.06563
3.81896
9.56243
7.19928
3.11391
12.9496
6.72843
0.704287
4.4572
1.59979
3.20789
2.63834
0.276699
3.13254
1.07255
2.52715
0.847501
3.60745
1.39263
6.80641
3.97115
3.25217
1.98536
3.06671
4.8054
0.318869
3.26509
8.74276
9.05445
1.94374
4.99258
4.01204
2.8013
0.81079
1.93573
4.44484
2.59015
2.01703
4.07939
4.18591
4.76681
3.6725
2.44193
2.79517
6.46169
4.05107
3.53263
9.09407
6.29551
5.94707
0.593973
1.15853
1.05408
1.83404
1.37372
3.20783
1.10444
4.11583
5.25505
4.40868
7.46152
4.49632
3.06845
1.84908
1.92676
4.10057
1.16984
2.30372
1.86909
4.75139
2.01817
1.38745
3.19762
2.99554
2.18576
5.8953
6.49616
4.62421
7.51103
1.80815
5.68591
4.12451
2.01782
9.97104
1.05962
3.5518
1.20734
4.12678
7.10158
8.20657
2.37048
8.67867
1.58953
7.05882
6.16679
2.02856
5.03692
6.68226
2.33357
7.38352
4.63032
0.527278
2.95239
0.574195
3.0096
2.8274
12.0651
4.35549
3.58726
4.09888
3.23153
1.45563
3.87353
0.942368
1.51694
1.25697
8.6379
3.76028
3.05063
3.02713
12.8224
2.86989
2.27291
4.9959
3.86955
6.53622
0.655257
2.72889
4.09462
2.21047
0.962108
3.03236
0.709488
6.44691
1.37321
2.52053
3.53882
3.53044
2.9106
4.29679
3.08024
2.60042
1.64688
4.12021
1.13569
4.79738
1.84804
1.69373
4.70673
2.03559
6.51458
5.84699
7.71659
2.5566
2.68075
0.929123
1.77491
3.22067
1.25277
3.37129
7.93881
0.270084
2.92029
8.40958
1.08832
3.98656
0.764713
3.14981
11.5025
1.57053
6.63306
2.24113
4.14217
2.85461
2.80081
4.2046
7.35771
11.561
3.31902
3.81643
1.93824
3.74424
7.11027
3.08431
3.71053
3.81362
2.74434
1.74906
1.63055
1.56525
0.697805
3.23612
4.37933
2.94954
1.00535
3.45128
2.5164
1.94437
0.992753
4.49964
4.34958
7.86826
3.08323
6.27794
2.98459
3.76557
3.09065
1.62925
6.01741
4.08252
2.90929
9.66374
1.36501
10.1998
3.22742
8.80603
1.81652
2.8845
8.05466
2.80866
2.96788
12.6953
1.76977
0.570265
12.3575
2.93909
2.97133
1.94039
0.977134
3.39641
1.57451
0.776829
2.46454
2.02746
2.68615
2.50089
4.67162
2.57
8.48841
2.43483
4.2943
2.18937
2.34393
2.24645
6.54823
1.70646
2.27651
14.7595
1.72601
2.65101
1.75466
12.2305
4.58484
2.04419
3.44316
4.50713
3.48849
1.0872
4.07092
0.64897
5.33615
1.5369
8.63601
2.38883
1.66748
0.422525
2.01086
8.15612
1.97686
1.97883
2.48701
1.50745
2.81252
3.26475
14.2223
2.04752
0.190621
1.80258
3.13303
8.69893
0.309085
3.15231
4.31032
3.80704
1.05728
4.78527
1.72053
1.92112
3.36958
5.67641
2.2571
0.687444
1.53165
4.4328
5.36954
6.47434
1.8893
2.47217
7.00834
6.01296
2.50938
1.9812
3.05902
1.43234
5.29622
1.73944
2.75336
5.37466
2.90759
7.57036
3.5823
3.02608
8.91714
3.86352
2.09657
3.60213
0.780212
7.26225
12.4944
0.939779
1.52029
1.80161
3.31061
0.262651
9.26167
3.57398
2.11375
8.10987
4.25092
6.93172
6.07832
1.99161
2.62698
1.48171
2.22292
2.24572
2.58194
3.70935
3.36426
4.14023
1.32737
2.79388
7.08699
2.74642
1.50839
10.6721
4.70259
0.467286
3.37763
2.95444
2.28736
5.67584
2.30154
0.467181
5.17193
1.54508
4.09827
0.720182
1.67927
1.49471
0.601157
10.2743
1.74346
2.6216
5.59405
2.49441
1.16791
4.85787
3.02403
0.984461
7.35123
1.04611
4.1263
1.54935
1.86515
2.98438
5.27661
5.08304
12.3416
2.84758
2.7535
0.914634
8.50783
0.724065
5.91001
3.34863
3.64089
4.59486
11.6767
5.12707
2.40361
6.59706
0.842019
6.0692
4.58394
1.44099
5.20402
1.35995
14.8974
9.48451
1.76134
1.06666
0.442208
1.21659
0.865133
6.30534
0.82513
5.94082
2.62885
8.35777
3.73988
4.27193
1.14489
2.16236
2.01654
0.732631
1.229
2.91988
6.38748
3.90493
10.2771
5.5341
1.01764
3.86207
3.29904
3.62676
9.18202
2.18174
8.95715
1.33109
2.45153
2.72263
12.6359
3.82988
2.35702
5.24296
7.07739
3.60937
3.00519
2.96663
7.26824
1.83783
1.42823
1.79683
1.46933
4.50281
6.077
4.94674
1.31786
7.44262
2.08568
3.25808
8.27895
6.60439
3.28359
4.44386
0.582769
2.86259
1.11527
1.82214
1.49816
7.86948
9.03912
1.0359
3.38594
3.21965
1.84861
1.23953
0.61157
5.18491
3.79649
7.34822
0.445134
3.30969
11.1713
6.11809
6.86079
1.84374
7.57835
1.73749
1.5601
2.73733
4.9805
5.6074
14.1633
2.78222
2.21631
3.99882
0.932493
4.724
8.49064
0.529743
1.46914
1.3666
1.12861
6.36674
2.44171
2.78833
2.23419
1.72317
1.09035
1.82196
3.58444
3.98504
1.6935
2.03766
7.63986
1.85326
1.45607
3.36216
3.92719
6.36648
12.4217
2.8914
3.40768
1.50556
5.43176
8.7055
3.51832
3.07547
3.90362
5.36548
1.48435
2.46508
5.56139
2.63342
8.08981
2.94753
7.99291
1.93425
3.06868
1.88493
2.67034
2.86896
1.59953
0.618179
2.07482
1.99319
3.86304
3.32643
10.3987
0.499745
7.33429
3.97252
1.37871
3.05681
1.74856
1.64975
2.31871
1.67921
4.43931
5.25499
1.97131
0.908277
4.05701
1.40251
3.00286
1.37081
2.27197
1.76214
2.52792
6.75201
5.34643
2.98118
1.48866
2.52605
3.99079
2.61385
1.56026
1.65917
4.13849
1.88242
5.05919
7.29876
2.07234
0.589293
5.06662
7.71344
5.80982
10.2157
3.50947
2.74341
3.36522
6.93135
1.01616
1.15682
1.71623
1.47035
6.43482
1.47646
5.20673
3.14191
1.45406
3.60192
3.84353
2.30777
1.51814
12.8747
3.34762
3.64657
7.10087
0.667064
1.46274
1.86629
3.08846
0.913241
0.154972
1.90318
1.72966
3.93963
11.1346
1.87947
4.53129
3.5636
6.51335
4.72214
1.53946
1.4509
6.24895
2.3962
2.98144
1.09652
7.20132
4.19724
4.42658
0.427533
3.82011
2.46274
5.63539
2.17362
2.14739
4.33264
1.48714
6.71208
1.8681
11.2299
1.91764
8.03871
3.31143
2.07492
8.36881
3.13413
2.58942
1.70533
1.75272
6.21249
4.88528
2.81182
4.30394
2.63106
3.97012
6.15298
13.3935
4.65703
5.89007
3.36966
1.73297
3.7468
3.30928
3.27705
5.31293
3.32518
4.61718
5.0704
4.19293
6.48872
2.7154
1.68047
3.19072
1.9541
1.42263
1.00754
5.73523
14.4125
2.42947
4.41969
0.373509
11.4616
4.49902
1.94684
6.89718
7.27839
6.72541
6.65318
12.5399
1.96034
1.04148
1.88279
2.5932
2.23411
9.1181
3.85686
2.65597
2.2219
2.04134
3.90916
3.90805
9.11124
2.12873
0.530323
10.18
3.23614
7.20598
3.88219
4.99709
1.68089
9.74328
3.89019
2.04258
1.65085
1.6003
2.7869
4.83984
5.80999
5.21467
5.16393
0.596426
1.1705
5.62335
1.88193
7.33397
0.271208
2.98577
1.84657
2.99568
2.38576
4.11445
3.61759
3.06696
6.69338
6.59157
2.32122
0.708515
10.4833
2.45024
13.4789
0.651506
10.8496
0.668197
13.4986
6.07164
1.27521
2.23303
11.7405
0.967018
1.47924
4.12603
0.740107
1.5146
7.77769
5.45068
2.49602
2.78176
1.75606
4.39968
3.99568
2.48093
2.41742
6.83826
1.03013
6.51534
0.625532
2.54356
0.441352
3.37686
7.55778
2.49459
4.62165
2.05532
4.85549
6.43823
3.94622
4.11745
4.36201
1.02553
3.21259
4.42666
6.64321
1.7897
1.36057
3.29916
3.33951
4.65892
2.85398
10.6901
1.24879
1.4233
3.35164
5.66394
11.6873
0.229802
2.36814
2.96057
7.46467
6.47826
2.89782
2.63759
1.0902
3.48329
0.936794
5.86521
3.37815
3.56485
1.82853
0.7805
2.48082
1.88312
4.10507
2.06147
2.51716
3.75917
2.39966
1.76065
1.10419
5.32294
0.546077
2.56245
2.62528
1.84132
13.2821
3.29177
3.4686
1.68588
4.92248
2.81233
4.0272
3.32173
7.37901
4.6459
5.01097
5.92544
9.93653
1.49914
0.761139
0.443561
5.30943
1.77236
3.89549
11.3423
1.11653
8.31605
2.10188
3.06782
8.943
0.671193
2.69387
2.13077
0.63182
1.58719
6.06646
6.30487
0.906207
2.99298
1.60537
1.77465
11.0616
2.65578
1.34182
2.38881
4.50342
5.71962
1.63354
2.86619
1.43429
0.295764
8.06834
3.92934
5.58327
2.21256
4.05082
5.77806
1.75746
4.52552
1.80462
10.5976
2.24953
0.508753
5.50421
1.18701
4.51151
2.19983
2.1329
9.17873
5.14455
2.46526
3.58712
5.56503
1.00424
5.97274
3.34849
6.18348
4.89874
3.64603
2.34675
2.85858
5.65625
10.0422
4.67342
1.77203
2.86406
3.85442
3.52629
2.41298
3.89927
14.1809
1.53745
9.24759
3.84963
0.847263
6.88284
1.19207
3.66289
5.88733
6.50439
9.45455
2.34478
0.480612
4.02739
1.93316
12.0334
2.0132
8.11427
2.13874
1.46686
4.52726
1.91984
6.5472
6.76381
1.93346
3.59702
4.47451
3.11062
2.89543
1.27298
2.53099
2.11071
3.15031
3.32922
5.11698
0.850423
3.04155
2.97343
1.0563
0.580709
6.11602
0.752235
7.30871
1.92699
0.997011
1.44579
4.21988
6.41441
7.32407
3.79467
3.91281
3.85284
6.49722
0.556593
2.59506
3.8141
3.26265
1.07866
1.91036
1.06687
3.37849
3.78079
1.04599
4.40103
5.09755
3.55894
3.42313
2.29476
5.33848
3.72842
0.511962
0.980023
0.564653
2.65303
2.35951
4.3713
4.641
4.50197
5.00986
4.68939
2.32537
6.23498
4.79218
0.809626
2.23695
0.828717
2.89357
3.82698
2.55698
1.50709
1.86953
7.84478
4.84982
1.79805
0.587606
5.6765
1.04846
5.55715
2.93787
2.04383
3.31257
6.38653
0.536857
4.17384
4.73039
1.45174
1.70618
1.07624
3.91547
2.04112
1.76688
1.97885
3.17415
5.06058
0.932829
1.51238
1.19263
4.02739
0.926862
1.08953
8.47713
1.71936
3.40683
5.47979
6.99094
3.42428
1.67881
4.72873
1.98131
3.49725
8.95776
3.14578
0.894351
5.34167
3.05109
1.20856
2.90687
1.4475
2.7707
4.05504
4.36022
2.61692
2.874
0.518955
1.25928
4.94411
8.12499
3.35115
12.6179
1.98973
8.23408
4.24626
12.7078
13.2658
4.03906
1.66784
3.39936
9.15758
7.68543
4.5775
5.95892
1.78824
2.33709
3.5379
1.45688
7.55617
5.58477
3.92165
1.66065
9.67189
1.78021
5.60244
7.5288
2.42793
1.9569
3.02278
4.54675
2.01109
3.70211
1.51549
2.72722
5.26452
1.67881
1.4758
2.5488
8.20393
2.88875
1.38704
2.45659
3.16814
3.79863
2.91232
11.9616
0.83464
4.92512
1.02604
1.44884
2.19166
1.33614
1.85745
2.90104
10.0381
3.05752
11.3138
2.73311
3.91938
3.09473
0.544853
2.24416
1.57436
7.27984
6.66139
5.20018
4.88347
4.74067
3.12063
2.84853
5.47668
1.90559
1.56306
0.856701
4.33852
4.67427
3.39562
3.69568
6.35408
2.65568
1.30334
1.13888
0.641033
3.28002
7.29802
4.91172
0.911694
4.51222
1.77965
3.2426
1.12258
8.89095
7.35767
3.26575
4.47286
3.63338
11.2909
2.17014
1.15568
2.67949
6.19227
6.00096
1.76557
7.42837
2.36883
2.38822
2.66972
5.28447
0.810772
0.978704
2.09806
6.4767
3.30507
4.35216
0.618989
0.840251
2.42599
0.837477
2.1056
10.028
2.68526
3.50089
0.742545
1.2238
6.6859
5.9829
0.821209
6.41741
1.63633
4.13069
1.23822
2.89387
2.70886
3.01585
2.79961
5.32385
4.04438
1.99125
2.05671
2.71993
1.41144
3.01011
5.46823
6.86925
1.88121
1.49668
5.42945
5.05333
5.89512
10.5299
14.3512
6.51994
2.48877
1.37748
1.97891
0.724738
0.608376
3.09667
3.59511
7.06602
1.09304
1.76472
4.90819
2.74772
5.64175
1.13929
2.12264
1.28845
3.45998
3.35086
5.53204
1.03917
5.16603
4.2291
2.76243
0.472786
3.20979
2.69839
4.1554
2.00298
4.83428
8.16627
4.0697
8.44767
3.7229
4.74007
3.49979
1.17141
3.9476
1.90819
0.632248
3.5599
3.12734
6.1765
8.11344
12.0467
7.86245
8.04791
5.34178
4.81391
1.84246
6.54552
8.82424
3.50728
1.11227
1.23786
2.97272
1.88633
7.5778
7.29415
5.52903
3.87597
3.33053
1.99141
4.71383
2.69012
1.70596
6.12185
2.25783
9.81433
2.96849
3.42128
4.97727
2.39477
1.27639
0.777762
1.19149
3.11788
3.14645
1.99207
2.22607
2.42226
1.67335
0.926796
1.38776
3.97829
3.04343
2.69141
3.57629
7.89118
2.70026
1.45308
2.54208
6.43181
10.5335
7.99077
2.857
7.64068
2.15621
3.2155
5.68181
1.8703
0.740026
3.19907
3.80703
2.09619
1.71466
2.80358
2.17141
8.85864
1.96896
4.55667
0.466793
5.34565
3.1096
5.13738
9.45546
3.8107
2.63154
4.24163
4.25909
3.77292
1.5949
3.90123
2.85111
0.616707
1.29483
2.39617
10.5514
3.21682
4.37872
0.955938
3.24985
3.867
0.651828
1.17362
1.2011
4.99631
1.97698
12.6835
8.5521
7.54969
12.3172
4.16782
2.88796
2.77966
1.02454
3.07835
0.641297
1.28033
5.09501
6.04227
4.39106
4.96398
1.19815
0.98156
8.03884
2.84554
5.07928
7.95659
0.967843
1.12106
0.562936
2.47694
8.30321
6.74198
7.54906
4.28614
1.90728
0.606005
1.53583
4.68143
3.58718
12.533
1.79418
3.24444
0.949178
1.94094
7.35373
3.21472
1.46902
4.7116
2.98507
0.693746
1.4748
2.70748
5.14417
2.52262
0.673243
2.88228
6.94028
7.58466
4.0202
2.59208
2.32292
0.473135
6.1703
6.13077
2.6093
0.598219
2.46457
3.4821
1.94026
2.20199
6.11175
1.06319
13.2673
4.44767
3.14333
1.54837
0.794257
14.874
4.42111
3.02557
0.747773
1.45537
2.30086
5.26424
3.34113
5.8719
11.0811
1.59652
3.9603
8.65677
1.36432
2.27344
2.21484
8.67026
3.53039
5.70586
3.8447
5.738
1.45029
8.64354
2.00876
1.88799
0.704049
4.15483
2.27821
2.95098
2.77915
8.95751
3.42966
2.96643
0.887147
6.64015
1.19304
5.89511
0.344004
5.76544
9.00669
5.53681
10.7741
3.44856
6.38419
0.77435
7.59782
1.4103
3.0891
2.38223
4.66811
1.52861
3.53028
2.10564
10.6775
3.67421
6.20627
0.668789
2.3503
7.98458
2.74275
0.351153
12.0394
7.7854
0.406351
3.4599
1.02463
3.86525
4.62374
1.94805
5.24905
8.32206
6.61902
1.7008
4.69121
11.9137
1.10513
2.07859
4.62927
4.6832
2.18695
2.85855
4.51323
6.45081
10.4819
3.18531
6.94251
3.75554
12.8428
2.97215
1.60917
2.97786
0.895482
1.39843
5.38068
6.67699
12.2911
1.01432
1.7109
10.5047
2.43258
4.15453
2.94524
3.10077
0.992267
3.05887
2.32078
1.66768
1.0818
1.03977
1.26884
7.59813
1.30178
0.900639
6.06449
5.08151
2.85287
3.01672
1.207
7.14091
3.76064
1.40965
10.0289
2.62465
2.3102
3.63606
2.95692
4.23999
1.41968
4.04059
6.4207
5.16107
8.59428
1.33815
2.65216
2.28402
2.88549
3.95211
3.95047
2.0785
1.1488
0.928261
1.35007
8.63343
1.94998
0.932463
3.59316
2.21894
2.01487
1.294
3.0218
0.830508
4.51422
0.881976
0.080001
0.431781
3.34542
2.70752
7.33275
3.42556
1.0533
1.73931
9.44203
0.972236
2.01857
1.88258
1.5919
15.3961
7.67972
3.15746
5.0163
6.21461
3.27362
2.77773
5.99642
2.7486
3.20729
6.52802
2.02394
1.03071
2.70336
2.59445
2.71721
0.866065
1.60225
3.49585
1.49277
4.59623
3.0859
3.64069
5.63681
4.30739
5.47918
1.52696
4.66447
3.17481
6.53211
4.90177
0.867704
0.88427
2.03718
6.35112
1.87792
4.68155
3.36282
5.17817
10.7141
9.29445
5.60519
1.19971
2.44433
1.84165
6.63376
1.14888
3.56964
1.19289
2.6991
0.902966
5.07815
4.4271
0.994862
2.64107
6.84483
4.978
2.8668
1.9345
1.27716
3.02107
2.99116
9.33359
3.60559
1.53234
3.30729
6.70196
11.6239
3.46725
3.93516
1.91187
8.55223
4.72047
2.2139
1.34817
2.53522
3.37686
11.0498
0.611205
6.28298
2.14167
1.12043
2.94318
11.8953
0.608889
1.09686
1.07787
12.5488
8.11207
2.43499
0.926304
3.55807
3.13816
2.34041
8.21133
4.53202
11.1324
3.05848
4.16791
2.45434
2.124
4.15166
5.40889
1.21691
5.29989
1.9932
3.3499
4.89912
12.2128
1.64955
2.9782
5.09164
1.83234
15.3225
11.1639
2.44087
10.9341
2.49319
6.57653
2.61111
9.0612
6.44321
10.0247
6.04155
3.26315
3.87856
3.06245
4.08681
4.06292
1.09663
2.85701
3.02855
6.23486
4.85086
1.18704
1.5773
5.78126
2.42091
6.8726
1.74548
1.1795
3.2407
4.09891
4.78604
4.2745
1.07599
1.72107
8.97342
6.60787
2.9497
2.05232
5.69914
2.86152
1.99526
1.80475
4.43496
5.59234
0.553851
1.2199
2.17831
0.163741
4.6164
1.45539
2.25342
0.645164
3.66935
1.13584
3.29107
0.974046
6.00784
1.57933
3.2067
4.79586
9.93291
1.67275
0.745463
6.57884
0.480933
1.34213
1.86826
5.10545
11.106
4.93204
3.47729
6.3887
6.38638
0.58999
0.681191
2.23136
1.35281
1.59734
0.633776
1.08993
2.11715
4.60557
3.43457
0.97377
1.61056
9.19036
3.00377
14.3047
9.46197
11.5674
11.8089
3.80974
0.365216
5.26227
2.27073
0.717961
2.20238
7.38022
2.71631
3.77606
4.23368
5.93973
8.8757
3.38289
2.11749
2.07077
2.44587
1.50659
1.78746
5.57343
3.95063
3.89714
0.910189
0.725958
7.40988
2.53341
4.28989
1.35227
3.59039
1.62478
3.48829
1.50208
7.59306
10.8419
2.27293
1.17408
3.81841
1.52337
13.729
2.329
5.04446
2.83025
0.672955
6.5679
2.45496
3.53964
2.63263
4.19052
6.99136
3.13135
2.56261
9.17347
1.79057
3.40531
1.51323
8.97654
10.2649
2.09582
2.93199
2.58524
0.541703
2.85815
4.58704
0.595922
1.04456
2.66999
4.47525
3.17335
4.85894
2.11194
0.51114
4.3454
3.09802
1.63059
2.14205
5.88024
1.34236
4.21672
6.58583
5.98564
1.95556
4.58188
4.63803
1.14863
1.83922
3.32709
1.8107
5.02096
2.80196
9.75461
5.40629
2.11268
3.66889
9.77132
0.907336
2.96098
2.19778
5.39066
1.58188
3.93869
0.96698
1.46025
1.38603
4.01214
2.81398
13.9267
0.586645
3.4431
4.47409
3.39824
2.10197
2.88283
3.67568
7.12139
2.35028
3.97265
1.04873
7.46217
8.13643
6.35748
2.14084
0.980728
5.6879
7.32059
7.186
1.90764
3.04591
2.47035
2.39658
7.5031
5.90889
7.23257
0.981389
0.374163
4.37232
9.06702
1.60984
6.63272
4.58071
3.44737
1.99776
2.88589
0.894151
2.7053
0.824216
3.06502
5.20311
6.40948
5.68439
4.46229
3.6479
3.9813
1.70285
3.1786
1.97226
3.75042
5.7688
2.14674
4.46458
7.33895
6.41639
1.87176
2.22019
2.72443
3.70229
4.81176
3.36753
1.54867
2.66595
0.807176
14.7327
5.86444
3.20598
3.26194
5.49869
1.94243
2.83829
8.01148
5.19515
3.12506
8.16175
3.50764
2.21628
4.47007
5.54632
3.92913
3.00285
3.93385
3.39239
1.6072
1.08586
6.90603
0.843741
5.71109
1.18226
2.31781
4.18565
2.12146
2.68302
1.41215
5.11161
7.80703
1.08964
2.71269
1.6095
2.02205
4.44979
4.71539
1.72595
5.14603
11.1873
9.63464
1.52019
3.22147
0.1445
6.43119
5.75268
4.57816
6.59211
3.97049
2.55483
2.55718
2.15595
2.47628
1.96446
1.30661
5.80703
4.0634
0.586869
3.51979
0.595834
2.30582
7.21321
1.12146
8.77999
2.21335
2.15698
4.04295
4.02147
7.61171
1.70435
9.68334
2.44882
1.6322
1.30193
7.99484
5.00688
2.77038
2.4639
2.81755
2.17882
2.26119
3.75551
3.06477
0.985215
6.30188
8.55688
3.73832
6.78093
3.21366
8.34932
1.273
2.34387
2.46481
0.96733
2.19541
1.63977
3.11034
3.08977
4.91909
6.04037
1.09514
0.859378
6.23068
1.1262
1.9171
2.58224
0.92056
2.38871
1.88665
11.5347
3.4168
13.1195
2.28188
1.55093
3.11185
0.477899
6.87317
3.45792
2.31365
4.35853
4.6821
5.57439
2.00584
2.30146
3.22108
8.13679
3.64789
4.28312
1.85736
0.858148
2.97174
4.426
1.23429
4.91995
13.574
1.17979
4.63603
5.02697
0.991292
4.0113
2.30953
3.23582
6.01774
3.75545
2.69537
0.287323
5.57088
2.8733
5.52761
3.80384
1.13572
2.92326
3.18926
0.902476
4.66273
3.66301
1.05669
2.69718
13.6277
6.26926
5.49617
7.01556
0.736117
2.16252
1.92472
14.1298
3.40995
3.95884
1.94692
4.49286
3.08851
6.34328
2.37937
1.6863
1.96179
12.237
2.46687
4.03206
1.8323
4.22609
3.54659
1.95603
2.27525
1.12411
0.508456
6.93159
0.89954
3.23846
2.11589
1.37331
2.59125
3.4581
11.6969
0.960102
5.19909
1.97852
4.99914
8.68604
2.63073
1.22371
6.47602
2.44618
6.07854
1.53992
3.1538
2.61597
2.2476
2.44769
3.92488
0.928847
1.5373
3.01111
2.81672
2.53433
5.06173
3.15421
4.24276
0.314448
1.17612
3.70766
5.9204
1.10119
4.73587
3.72084
4.35896
3.66852
1.58064
10.0676
3.28701
12.0499
1.2236
3.97416
3.37056
4.83643
0.472843
1.9214
7.53271
3.25016
2.56694
2.3231
5.82166
3.30352
7.31108
1.60742
0.902656
2.28753
1.27818
7.60615
2.51968
2.49246
4.91909
4.12632
1.42351
2.33576
1.50289
2.35716
1.36908
5.49018
3.19665
10.0035
10.3109
11.4835
0.599816
2.10268
2.05314
4.33542
1.67935
2.47572
4.40044
0.24063
1.00155
2.82978
0.338879
2.23602
1.95427
1.44103
3.087
3.50455
5.52206
1.94207
0.770251
1.68012
5.32103
4.58168
4.85039
5.47302
1.3418
1.53298
6.77663
1.11395
2.23337
1.5004
7.18993
4.81248
2.36287
2.14525
4.2405
11.6783
13.8286
3.57055
8.97116
2.64082
2.3309
2.94321
1.61981
2.27461
6.16854
1.35399
2.19393
2.83988
1.24456
2.78639
7.26746
3.15608
2.19895
2.49256
4.99488
2.39343
3.66658
4.05902
2.94644
0.982352
3.58922
1.26054
2.17276
1.32431
1.40338
1.13616
0.832746
6.04807
3.74605
5.93725
8.03766
3.26959
8.03154
11.921
4.90745
1.36799
2.53126
4.29156
0.327719
5.51495
7.69348
1.44724
4.3353
2.08594
0.704156
6.38177
10.8934
4.23085
0.600019
5.34583
1.68941
5.14284
14.9417
2.57847
2.61677
5.30095
1.61275
6.09494
2.05169
8.73845
1.83428
0.524472
4.63678
6.26358
5.69802
3.27319
4.33027
9.38137
2.38036
3.02063
2.94383
2.94532
8.26112
2.29374
9.23321
2.11903
5.59954
3.88538
0.625604
0.642278
2.01649
0.232739
3.55424
4.96224
6.67805
2.27794
2.62089
1.51184
3.92603
4.56631
4.37026
4.679
6.48788
2.34167
4.05611
1.9073
1.51481
1.17984
4.42892
4.70343
3.99129
4.00036
2.4287
1.8534
2.56622
0.632927
1.39215
7.48997
3.49756
1.41937
8.00946
1.72931
3.77051
0.425323
2.70978
3.0698
4.11412
2.95411
3.5677
1.8376
5.57092
4.6821
2.7383
4.48702
1.89444
4.38596
3.44809
0.682325
3.60056
9.79216
3.61189
2.05942
0.470008
9.79787
2.17441
2.25583
2.51589
1.424
3.0543
2.1835
1.26907
2.23804
5.24908
0.545893
3.65359
4.37179
1.46648
3.14169
4.10258
4.0267
1.49761
2.89739
1.19394
3.99341
2.2989
3.24409
5.32646
2.85938
3.44905
2.17757
10.2771
3.72747
2.74446
3.64464
0.563648
1.78073
4.67028
1.73059
5.9897
3.61584
1.18505
3.60267
3.1086
1.74063
7.03926
4.83971
4.69605
5.7974
3.36375
3.04242
6.0042
0.817135
2.51132
0.909699
2.98611
5.02143
5.74714
2.13481
1.93007
1.67833
5.18773
14.6551
3.35326
1.59722
6.08451
0.772537
4.60177
6.16543
2.46588
0.89574
6.98326
7.03858
5.63181
6.01934
3.11395
5.96967
1.77231
5.23982
1.60603
4.48283
5.9412
4.32695
0.154795
0.979701
6.18686
3.18276
1.02923
2.80333
6.30525
0.941913
10.7532
6.08812
2.63678
3.9805
6.41809
1.42435
2.18402
5.4879
5.1781
3.90052
0.703948
7.21077
11.6157
3.65385
1.09967
6.30005
5.86699
5.62482
8.09186
8.53203
6.92847
2.46732
6.0144
10.9872
7.38751
6.72682
4.78391
4.81739
3.25781
9.6213
7.63667
5.97135
1.87781
2.75424
7.3164
5.02141
0.765278
9.4133
2.51649
0.426338
1.63626
5.01207
1.53438
9.3439
3.74884
3.72688
5.01389
4.29173
0.210152
9.26724
6.12238
1.60336
1.50676
2.5369
1.45925
4.26255
4.0018
4.69593
4.62909
0.843958
0.614441
4.43997
3.36906
5.34918
3.80837
2.50939
3.98842
2.64396
0.416948
1.99747
2.08742
1.46111
2.01508
6.5031
0.80431
3.19117
4.09462
0.822765
4.65303
2.52865
0.929182
9.11045
4.77048
3.19133
0.734078
7.03581
1.21651
2.99942
1.30033
4.19647
3.62353
2.11619
3.21151
9.50864
1.64404
4.468
3.95461
10.2367
2.05851
3.87541
12.2726
0.814877
1.41733
4.14993
6.38846
7.57074
0.939402
2.70023
3.29694
6.46171
1.09839
7.16031
3.58241
3.20513
3.36954
1.60667
7.45274
3.94353
2.7621
0.403673
4.10413
2.62004
1.53087
4.19186
7.33453
2.18158
3.06471
6.41096
6.04366
2.17889
3.83925
2.68294
11.2519
3.26162
1.5187
2.49465
7.6008
3.0617
9.36118
7.29162
5.5575
3.20988
5.14348
0.590411
6.80942
0.494266
4.48833
3.9992
1.11598
3.21404
1.23888
2.66537
9.24017
11.6856
8.89165
6.70161
1.72086
6.9364
4.73895
0.348768
0.88462
3.83266
2.59577
2.05739
2.42251
5.20618
0.979999
2.33756
5.28635
2.04587
8.78534
4.93408
2.74482
8.71069
2.83923
3.3466
2.47352
5.71643
2.51746
2.70311
0.473314
0.856444
2.09253
1.75573
10.3372
2.52466
4.11302
1.47335
2.66411
1.20024
4.16529
1.93862
9.74297
2.36071
4.04896
1.16515
0.958415
5.87361
9.33324
1.69659
2.66831
5.58437
2.71683
3.93037
1.66184
13.9871
5.94117
6.53554
2.6284
0.460114
4.97672
3.00802
1.74456
10.6418
1.15731
6.15169
3.19825
4.50514
0.95229
5.38556
3.24469
1.65769
7.39609
1.95553
2.77598
4.6887
1.22511
3.29714
1.67444
3.64098
4.34395
0.826054
2.56841
3.06496
4.02759
2.92976
4.15929
14.9394
2.54594
2.50951
4.30485
0.526271
7.67381
6.09228
3.57474
3.03253
5.35322
4.01713
0.385856
1.45648
6.62304
2.84191
5.21447
8.33516
1.44699
5.64813
2.16013
3.37337
0.756156
3.86034
2.64666
1.29421
5.51004
3.17969
3.35736
3.07404
2.87498
4.48015
3.92686
6.38238
4.86286
8.82471
2.83667
1.82955
3.96953
2.87058
10.7652
6.40801
6.87632
4.9301
10.5008
2.10379
3.80945
1.0392
2.8285
0.413713
0.63801
3.45343
0.500778
6.6267
1.97538
1.42034
3.29915
4.23476
2.89782
2.62579
9.16064
5.2039
2.56529
2.18337
1.90001
1.93937
4.98202
2.08133
4.17393
2.0119
1.86394
0.955148
3.56445
4.6005
3.46591
3.28049
4.99195
3.19697
0.380482
4.79827
1.19402
4.07318
2.73112
3.31778
3.99783
4.15813
2.20166
4.10339
2.38515
2.57312
10.9157
3.1627
5.7882
3.37214
2.08554
3.77444
5.09416
2.84735
1.1195
5.02475
10.2027
2.04098
2.87038
1.18516
9.79803
1.69284
6.97791
3.66609
5.28412
0.984347
8.95455
2.69087
2.38243
1.82336
6.53157
3.29306
1.64034
5.45541
2.28909
4.3181
3.15617
2.89264
1.23859
4.85641
2.38686
4.91636
2.8734
0.932706
3.89719
11.8121
5.04872
8.21751
2.77353
2.64944
1.47421
2.56241
1.93155
4.90354
2.22433
11.8792
1.84427
3.56842
0.59096
3.5314
11.2623
0.669219
3.76796
4.51699
5.9466
3.72527
1.60032
3.05252
7.98602
3.61294
2.21231
1.39603
2.09104
2.53621
2.59309
14.0535
3.86225
6.66287
8.95938
4.60202
1.68434
3.1011
4.41142
2.17582
4.01843
1.67453
1.63917
7.28246
4.11916
4.16957
4.7471
5.73321
3.6404
2.32367
1.74933
1.43837
12.0536
0.99098
2.37127
1.09339
1.50526
2.67033
6.172
9.44908
0.864989
2.73702
0.648121
5.66387
2.11152
6.0154
0.788672
1.91262
5.92424
2.33023
3.04104
1.98645
3.29595
1.04786
2.09212
4.0923
3.56619
4.40226
8.55965
1.28753
4.03722
1.69975
14.5969
1.28343
2.76451
1.57869
4.70758
2.15797
6.92451
4.01576
5.28677
10.3028
0.747507
1.89312
4.03095
2.37199
4.21003
7.15611
2.4318
2.88699
0.739426
5.60841
5.20959
0.896798
1.48575
2.07479
9.69296
0.701194
1.34682
7.56928
3.01647
7.83109
13.6102
3.85479
4.00901
1.21731
1.15402
1.22012
2.29456
1.66198
3.40508
0.495411
2.75403
7.97826
1.30835
1.96212
1.99281
4.11975
1.26296
2.85786
5.55632
10.2141
0.561832
2.3917
0.646949
3.19197
5.47452
1.33628
7.76691
0.713201
1.96938
2.92205
5.17185
2.48278
3.37356
2.75523
1.87198
0.657931
2.43377
11.5885
2.44371
2.31493
5.26738
2.29105
1.01469
1.48203
7.48992
2.26609
1.84557
1.86614
12.5288
0.554455
2.04249
7.12242
8.6287
5.34008
0.878542
0.494657
2.10894
5.7096
2.0651
1.73765
2.68118
5.9611
1.65279
12.9814
7.09331
7.81829
0.226642
3.97585
4.91614
3.91334
2.91012
2.62662
4.32419
2.10261
1.20645
1.67342
1.33094
2.73598
5.43188
2.74075
1.245
2.66965
2.41807
8.29534
3.40631
3.11841
4.31573
3.61357
0.814346
1.0231
2.20003
1.88558
3.77957
3.3449
6.07239
2.41729
4.11967
1.31052
4.57194
3.06855
5.48718
2.12336
1.81676
0.556377
2.73596
1.16376
0.314845
6.50995
2.64602
2.76851
2.76119
1.07329
1.91472
1.22925
6.46277
1.7095
2.47067
1.87579
0.871873
1.5689
1.52606
3.88902
8.27725
6.3746
3.01746
2.42216
4.86295
1.77178
2.09841
2.3425
1.17746
3.50943
3.42273
7.83141
2.101
3.70061
7.75091
7.80324
0.591776
4.7069
1.44759
6.59519
2.63627
2.93566
2.23928
0.42395
2.00625
0.416763
1.97358
0.634735
3.5954
3.28902
0.714912
3.05177
2.70497
4.30456
2.93821
2.70886
7.63125
3.81691
6.74961
3.07832
1.08503
7.10278
1.36545
2.4021
2.04336
3.8179
2.13208
2.19187
7.85154
0.812702
1.71421
1.19509
7.01503
1.86759
9.19913
4.70639
4.29821
2.65735
6.00309
1.53151
1.43373
2.32586
1.97624
7.94549
1.36456
2.07629
1.1745
0.777883
11.1642
2.05455
4.70727
6.02694
3.93708
2.68259
1.10952
4.7022
0.774391
3.3262
2.31543
6.85819
1.22155
1.83174
2.88955
6.34361
1.40815
5.73375
1.33939
1.01156
4.32699
6.19509
11.4709
1.12639
5.51891
8.15401
6.41637
2.82176
3.89467
2.3315
2.30269
3.25746
1.12741
9.12696
3.36775
3.11005
2.78694
5.12925
2.4202
5.30236
1.99873
1.34808
0.332997
4.35047
15.0609
4.37653
2.4068
5.33989
2.68318
6.56209
2.13003
6.20116
7.49376
1.16531
8.21459
0.402278
4.14729
5.02994
2.95907
0.846478
0.214366
3.62927
10.1483
5.24988
3.57039
3.22592
8.2271
7.74663
3.36725
7.14488
2.00254
0.321865
2.67118
2.86529
3.45711
0.920879
9.56766
1.96624
2.41029
1.80766
2.33772
2.27754
5.80791
8.73898
6.1044
3.75283
2.49835
0.452271
4.03571
3.23534
1.3286
1.46112
14.8654
0.69066
9.36436
1.85554
2.08759
2.43325
14.8413
4.50148
7.52271
1.31595
0.467348
4.16797
3.2426
3.33819
0.595361
0.901498
2.53717
2.41751
0.985083
7.47601
0.381148
0.998536
8.24458
5.3638
1.00423
1.3359
0.720673
2.27866
0.989032
3.04649
10.3219
0.609974
8.13345
1.03781
2.07779
3.09687
5.77559
0.531713
1.82306
6.87529
9.19183
3.33009
4.96872
2.67298
2.78447
1.96189
3.23518
3.16937
7.25265
2.35803
3.17927
7.52055
6.51216
2.68014
0.666158
3.50686
10.5887
0.480986
4.14492
2.11118
1.6557
1.86619
2.41601
4.58017
2.92362
4.32086
6.81265
2.89882
2.77861
3.41027
1.33387
8.65487
7.45715
0.594721
0.766764
5.34328
6.12377
5.23855
0.598765
11.2536
0.982403
5.21937
2.23904
1.10935
3.80111
1.25897
3.43572
4.75233
6.07587
2.25612
6.45908
6.48038
5.41155
4.20483
3.7405
1.53954
1.61892
9.47552
0.610462
2.93694
9.29856
1.683
0.718661
3.13589
1.72773
1.29157
2.66803
0.982632
3.46047
1.74003
2.61862
3.1807
0.750585
4.02529
1.60773
1.09571
3.10646
1.53819
1.91156
4.54602
4.03414
2.33043
1.6911
4.10544
5.05908
4.08119
3.65866
5.50355
1.67504
0.529385
1.46993
3.66651
0.197769
1.74276
2.03034
3.2813
1.38615
1.65165
0.21227
0.828899
5.29649
2.76353
7.83828
1.61514
4.38279
3.68146
1.0974
5.91885
4.72341
1.48941
1.42059
1.67533
14.2398
0.637118
4.60207
8.50466
3.10907
7.59642
8.95745
9.26921
4.60081
6.74629
0.834254
3.71908
1.37289
5.05231
7.33697
0.953357
1.5489
2.38827
2.58673
0.953691
2.497
3.9338
2.11924
2.35422
3.67357
14.4589
0.512601
4.88098
10.2321
1.58681
3.9867
9.80567
8.02196
0.813934
3.44491
1.75978
1.46494
6.73883
4.13703
3.16122
1.90259
2.06733
14.4372
1.24783
3.35812
1.24851
1.19224
1.66719
2.04237
8.60413
13.7474
0.25468
8.8489
2.25291
14.3367
3.00502
3.5774
5.29894
1.93505
7.12066
0.663177
4.12812
10.1698
4.58511
1.69741
5.49018
5.89089
5.33743
8.59485
0.338063
10.5747
6.36158
5.27558
6.3903
6.54525
1.96397
2.95677
2.30148
0.597871
3.27772
2.29454
3.09001
0.710929
3.1201
5.67807
0.39243
4.72841
3.09437
1.97877
0.620425
9.57995
2.27307
4.03223
1.61838
5.11216
8.12828
2.0604
6.41672
5.42178
2.96185
2.71305
1.59127
6.27319
0.72924
6.10321
1.4307
0.196005
2.95543
3.59025
9.39801
1.09767
12.2394
2.52325
4.39694
0.44548
1.38567
6.44539
3.88178
2.59009
3.26418
2.6981
9.0827
4.92354
3.79659
1.24672
1.61316
2.55321
6.04492
1.14278
5.54941
2.5888
10.3848
4.31251
5.82185
6.59699
2.18048
1.80433
4.8983
1.64706
2.51913
3.72509
2.84553
1.67967
3.37907
8.075
1.45106
2.14185
4.51463
3.72808
1.27582
11.9677
6.0881
2.98578
1.51573
1.57493
2.5989
2.67701
4.07298
7.22186
5.90764
11.4242
2.28335
3.14476
6.60187
1.78676
10.0528
3.82667
5.24335
7.84288
0.375995
3.49615
8.55916
0.555452
2.93733
3.90468
4.54747
2.62932
6.21528
4.61686
2.59711
3.2473
2.63564
2.39258
2.52982
3.34702
3.02897
0.180131
3.95176
3.05446
2.95474
8.94946
0.871338
2.75944
2.78782
1.88089
1.06781
1.47355
3.65926
2.93742
7.85964
2.16494
0.963878
0.7373
1.74304
0.379236
5.36962
2.97159
3.58327
5.63856
1.63667
5.59629
3.11681
2.92068
2.74573
3.17509
3.06536
2.24831
3.14124
1.14572
1.87999
4.74859
2.26954
2.85512
7.13769
4.13197
1.07556
6.33244
3.17293
7.43018
4.26038
3.73735
5.43669
1.75292
2.00886
1.00839
2.41336
5.55109
1.9631
6.29961
3.85256
9.58091
3.59703
6.36619
4.6506
1.95996
3.8014
7.36523
1.57768
2.03615
9.60069
1.61729
9.81995
2.61934
2.09723
2.43599
4.26704
1.18793
10.4
7.27826
3.34829
4.76819
1.91113
1.33684
1.20058
1.55929
12.4124
0.956242
7.17341
5.59819
3.87138
2.04885
3.35368
12.5751
8.34237
1.89733
4.87213
1.88603
1.20185
4.49765
6.21148
4.4049
3.38827
4.71862
8.86979
2.19838
2.61482
2.06156
2.27107
6.55466
1.77012
3.82115
3.23283
1.51734
3.89023
3.11785
5.84454
1.06379
2.46682
2.6593
2.18838
5.67366
4.04879
2.46381
5.34341
5.39557
3.46881
2.95511
0.780325
1.09159
1.10957
1.51556
3.28026
0.612461
9.34801
4.26257
2.30084
2.44675
3.13051
1.45227
1.21057
3.98129
6.44926
3.24242
1.45021
5.67869
4.71018
0.818646
2.16256
0.490066
2.62319
6.07566
4.23305
1.65794
7.11228
10.2398
3.61881
1.07907
1.14639
3.39813
1.24068
2.92932
2.45771
0.766027
4.77847
2.34498
1.07353
3.04024
5.40309
1.52053
0.751479
3.86385
1.91935
0.486639
5.22245
1.11694
5.08121
1.9497
1.30707
2.83381
0.468408
1.66052
2.90618
3.93879
2.59934
2.48334
1.76602
2.93952
3.33798
2.27061
6.82154
1.68142
1.33733
3.35255
7.04445
2.69231
5.62279
1.71752
0.320875
1.54313
4.00416
1.68235
2.1308
5.0819
1.35059
2.97783
0.624333
2.74692
1.53388
4.10733
3.30171
5.63232
11.7996
1.02655
6.51238
2.06583
4.76675
2.79873
4.08798
3.24068
3.24877
0.289889
3.26689
4.57532
9.43591
3.601
1.49603
13.5998
0.919918
15.0763
13.1845
1.26709
8.70657
1.69296
2.26947
4.37411
5.40461
1.86628
4.51152
3.02474
11.7554
4.87889
1.28868
2.94094
3.79068
1.44708
4.34102
9.98354
11.2437
5.58336
5.44682
3.76551
3.40072
13.2894
2.69457
1.47615
1.1519
3.22255
1.65367
3.65807
1.52372
2.12423
1.74691
2.73954
1.21154
14.2525
5.75821
0.359047
1.72753
3.12419
14.4394
2.42998
0.869199
0.706884
1.08077
6.50888
4.39435
3.96419
3.25117
1.07729
0.811538
2.90459
7.40191
1.06597
0.365513
3.9543
4.12929
3.84275
1.49174
0.852999
1.94772
2.2865
3.30586
0.512785
1.89451
1.16353
1.05255
4.65304
7.46813
7.45831
1.17924
7.37256
6.43455
10.1516
3.33489
2.89226
0.826142
0.693307
4.05939
4.56643
1.72565
4.42105
3.93845
2.59472
2.71614
3.38905
4.95629
13.3765
6.17437
7.70066
8.15903
5.50399
0.734435
1.42432
3.77242
2.41412
2.19218
1.72385
5.04075
2.44573
1.65352
1.3479
0.998609
6.62829
4.36144
2.46218
8.71711
8.94636
3.03556
9.76112
3.62994
4.42193
1.35454
6.2718
8.03669
14.2957
1.93871
1.89187
5.61545
1.80866
2.88508
1.36208
8.4886
3.4445
2.82253
2.38033
4.88755
5.15074
8.20322
2.28088
10.6913
2.8372
3.56999
1.40502
2.55767
1.74967
7.43572
7.62866
3.42149
11.7645
1.26737
0.516008
3.77657
9.5153
0.565508
0.721127
4.6894
2.4648
5.39112
4.7446
7.28069
2.44179
0.966195
6.69049
6.14125
7.77404
5.54393
4.02197
1.02978
5.77098
2.8022
4.54223
4.08422
3.39926
3.34666
8.16919
5.58662
2.32903
1.78634
5.22797
0.684292
1.41151
0.578729
2.90597
7.37866
2.88543
3.92501
5.40816
0.784163
4.79715
1.79588
1.75032
2.2908
3.42073
5.22988
0.323876
1.91903
3.03209
0.65203
1.67545
4.00268
2.68181
2.20553
5.97363
3.38389
1.32947
2.73306
2.52858
8.96485
3.75595
3.92428
5.95018
8.81555
4.77019
3.08505
4.10457
6.67345
2.56748
3.78391
2.70511
2.18935
10.4338
1.39993
3.63574
2.41212
3.48647
4.75732
3.04336
7.67859
3.88637
5.48997
1.15219
4.24365
1.26454
2.11989
3.49519
1.44545
4.70068
10.7315
12.6525
3.28155
5.92286
12.9593
5.16108
6.1104
3.07463
6.21386
3.26516
6.58827
3.98902
1.85474
7.23575
3.40486
2.5372
2.64755
4.22891
3.57042
4.536
2.78126
3.02355
2.79226
3.12588
3.38568
2.9866
2.32904
7.65828
12.0959
3.66155
6.17097
6.36075
5.20593
1.18456
1.73188
4.75832
2.48545
2.45836
7.78366
3.65774
12.4913
1.76489
3.48262
2.14266
2.84085
5.04897
2.39102
3.57437
5.8604
1.38327
3.57745
3.39702
2.72321
2.23275
2.85973
4.10762
14.4491
4.43159
3.10625
8.38759
1.64451
1.95974
6.28378
11.5898
2.76355
1.844
5.45178
0.455248
6.62794
3.47306
5.508
1.80074
1.54058
0.898534
2.0296
3.45628
5.10028
1.2317
4.45938
1.76966
2.77519
2.67752
1.0525
2.11092
3.63806
3.27042
0.704326
2.79857
3.30649
2.70791
5.50541
1.40562
6.57235
8.47343
0.493855
1.51545
2.38661
0.301335
1.9509
0.575313
8.61767
3.75773
2.42183
1.98635
1.57152
2.44059
1.78681
5.97413
0.51075
5.27322
1.59844
1.30148
2.87967
2.94622
6.22036
0.875599
1.82045
6.41121
3.67439
7.20329
3.56232
2.15032
4.51664
2.52912
1.0516
3.38274
1.12177
2.50718
3.75813
4.423
3.12155
1.32943
1.21826
7.00994
3.23339
1.81674
1.54361
2.91925
0.419972
2.65779
2.42671
1.88626
0.828929
9.53895
3.20828
4.03191
0.278706
2.43322
5.89737
2.41741
2.00431
6.27432
3.75167
2.6587
14.1377
1.06824
2.44813
8.34698
5.97284
4.32174
2.52183
6.97813
0.637963
1.59062
6.25077
1.34223
0.921657
1.02829
3.72013
4.89019
3.47052
3.45386
8.75113
4.06036
3.86827
2.2161
2.21673
1.41682
10.01
10.0696
5.99685
0.696472
0.454622
9.59179
1.92469
4.53222
6.72693
3.4913
2.99582
8.97376
6.12537
1.61491
9.95773
1.09525
3.47458
2.2579
2.52143
5.12778
4.30338
0.368675
4.39421
7.50255
3.07166
2.09434
5.6419
0.992871
3.02044
2.86201
3.55873
12.9145
1.60162
0.679915
1.80191
2.77411
4.28957
4.58314
4.11606
6.55748
2.27446
4.35119
1.49245
3.30443
1.94417
4.06308
5.79305
1.33802
4.4741
0.434686
2.5639
13.0991
1.54787
1.6204
1.54139
1.93616
2.5155
4.27561
0.087422
6.85112
2.20837
3.89374
10.1611
1.541
3.92019
13.11
3.67558
0.822485
2.71808
1.45477
3.42018
9.06346
1.73812
12.1554
4.66038
1.13379
2.32734
2.62363
1.46623
1.48499
0.724457
4.65811
6.07235
3.57119
1.51962
1.62185
5.69094
4.78713
0.718293
4.00899
5.58609
5.59923
2.33741
5.22006
2.9333
2.59266
2.83751
3.07718
1.96228
2.40139
3.41728
8.79216
1.91589
4.89708
7.86375
0.791527
13.2875
7.82667
1.2042
7.64626
7.42078
0.762759
0.950641
2.4827
4.74734
1.648
9.36369
5.36211
3.31409
3.50798
9.52139
3.41557
1.87919
1.44159
0.953783
1.35364
5.88295
3.38156
0.928952
2.93073
1.32197
8.83277
1.16492
8.26385
2.87192
10.9874
2.00356
2.04704
3.11678
7.47572
1.70796
11.8037
1.85753
10.8306
1.80994
2.39291
4.02868
8.29297
1.99628
2.22347
11.7103
5.08754
9.76133
0.747703
6.44807
4.35344
4.52146
6.58633
2.26294
8.79717
4.5439
1.44381
1.26004
3.03269
1.44943
4.94076
4.30452
3.74011
0.547766
2.89302
5.11051
6.96186
7.61751
0.738515
7.13781
9.52876
4.84104
6.5406
5.61816
6.54201
7.27711
1.06459
1.80315
3.00233
5.75115
5.58744
3.93374
1.48304
4.14025
6.97694
5.34864
4.29469
3.71159
3.7806
0.952694
2.25351
7.42779
0.983965
2.14682
5.12647
5.25152
6.09998
4.01218
3.12738
1.3144
2.12647
6.40742
0.972618
2.72457
10.7385
4.80489
2.73214
3.8074
1.28244
1.55038
1.33343
9.25315
3.4567
5.60226
0.135553
4.19985
0.640772
7.84717
1.63475
10.1125
2.86395
5.41041
3.90092
0.546341
4.81061
11.649
6.24658
3.79627
3.67976
8.6809
4.12419
4.37539
5.14819
3.60015
9.40348
1.62589
0.78088
6.69748
1.1235
2.63161
5.7298
5.17942
4.64128
7.10165
5.75317
3.98033
2.20551
3.04895
0.760032
4.28896
3.23479
5.21777
1.475
2.46246
0.982786
3.78684
2.40817
4.8748
3.16055
4.69358
10.9088
0.364023
0.314242
0.416501
5.89301
1.1292
3.41724
10.2528
4.27519
7.59277
2.07109
1.57479
3.66534
2.91356
0.809955
0.694262
10.6884
0.715445
3.12245
8.67926
1.08692
1.52209
2.01097
0.469
4.93866
5.71104
3.20414
12.7628
4.40337
2.27022
2.57741
1.40886
7.78479
1.29789
7.87467
1.95347
1.89298
1.30745
1.44557
6.17811
4.02642
0.86333
5.03832
2.70803
2.54894
2.06298
4.87567
4.07172
1.81896
4.40053
1.66609
1.21275
8.52109
1.00677
10.1459
6.11254
6.3267
7.08244
2.45741
5.04649
4.83193
6.26983
1.99184
3.64535
6.83847
11.1424
3.24926
0.993474
10.3163
7.84131
4.25756
3.6174
2.66855
0.615684
3.55118
2.25239
0.383615
3.78956
0.397355
4.64176
7.50985
2.34251
1.5156
5.55669
0.857757
4.81135
4.76529
1.58838
2.95175
1.92654
3.24068
2.17934
4.24411
0.475913
2.89224
3.14829
0.591304
4.72446
4.34043
2.33924
6.19408
2.15408
2.8265
1.74935
7.95504
0.463991
5.55978
3.35163
5.63941
3.64472
4.41488
0.84936
2.86672
2.88163
4.03404
4.50544
2.13516
2.31349
4.56425
8.09104
4.52115
3.25439
1.26571
1.88926
1.36617
1.38334
6.20261
5.73685
2.64641
0.40711
3.38377
11.5866
0.951998
3.32125
6.59429
3.85932
3.32094
6.75537
3.58514
2.87027
3.18061
2.20215
1.74374
12.0706
1.59472
1.92432
3.63985
3.68539
0.89044
0.739058
1.59217
6.69216
1.5339
10.4867
0.958312
1.96745
2.82767
1.73513
2.65731
1.91824
4.28202
2.47137
2.75118
6.02326
2.68282
7.89518
3.10748
9.2868
2.63629
6.33479
0.854615
0.791398
5.70188
2.98773
3.15176
1.82601
11.1944
2.82439
3.27776
2.89254
2.36594
6.45573
7.56879
5.88273
2.75048
0.387896
1.6518
3.57081
5.8106
1.88707
3.6507
3.34305
1.88123
1.27571
2.81411
2.89701
5.17506
2.03058
1.58465
8.55844
2.16867
7.96329
3.69696
2.06457
1.84077
1.53252
1.4072
2.79561
4.36648
9.09287
3.71896
5.44995
3.02207
3.39657
2.39021
1.80866
1.36806
4.78114
4.74977
0.944052
0.820131
2.43692
4.81548
3.71833
2.05857
0.940537
4.58162
3.54143
4.13691
13.941
7.75373
6.54746
2.48577
7.91553
6.04608
4.83222
4.89172
3.74931
11.0302
12.2952
1.06663
4.87592
1.68832
0.631768
8.74818
1.72538
4.79339
1.36053
1.58352
1.24932
5.223
1.68602
5.11851
3.51633
2.01917
3.51965
0.621985
0.641677
0.766583
0.540233
2.80967
4.03253
0.444494
6.22506
6.62945
3.25395
2.89341
2.41015
3.95492
4.54326
2.94134
1.39187
5.00989
1.30821
1.54499
2.80873
1.2089
2.05555
2.47836
2.9447
4.79563
0.728945
10.0329
0.875716
1.6444
3.54893
4.18716
0.881444
3.22093
9.02027
2.17391
3.04624
3.20479
4.26489
3.5807
1.15039
2.3319
7.32375
0.992264
2.841
0.977135
9.92055
1.6795
12.5118
4.87489
5.33854
2.41389
2.90941
2.76974
4.31226
6.14528
5.23566
5.47132
3.04866
1.4348
9.41173
3.382
5.58202
4.39313
0.794738
2.01427
1.795
1.25852
10.6685
0.818419
2.41575
5.76603
6.41254
10.9646
0.23043
3.19742
1.29466
5.66475
6.80188
5.19789
2.77043
1.89839
4.63228
4.26079
1.27763
6.56281
2.79156
1.92987
0.740107
1.63166
2.43934
0.813945
10.7654
3.46496
3.07158
1.06006
2.19542
8.08949
10.1931
1.13712
6.5909
1.80207
1.43423
3.62949
0.473588
3.52766
3.86842
4.58094
1.09655
3.99061
9.89241
0.667318
10.489
4.7678
4.271
3.17211
1.25588
2.79102
6.20422
4.75069
1.09776
4.73044
4.40883
4.6699
3.30545
0.871672
4.42705
3.55624
2.55123
8.69233
2.41435
0.871199
8.59865
1.16942
1.13425
0.833285
0.416123
4.23842
5.79497
3.26829
1.61249
7.52098
1.16604
0.629398
3.19232
2.14291
4.4957
8.66949
2.44634
3.67152
3.01537
3.87306
2.43864
11.3213
0.746701
2.33363
4.88045
6.71568
2.35232
1.28961
2.09817
8.05188
2.57633
1.08095
0.940314
3.90394
2.78388
3.54259
13.794
2.14277
2.679
3.09102
2.11878
1.33714
3.10038
3.28823
1.08166
3.13996
6.91828
1.33274
1.97188
1.30342
1.67231
1.9624
0.307614
2.57416
3.76918
10.3517
4.75391
3.53256
5.99826
7.44396
0.870337
1.85502
4.08244
1.27497
1.7731
2.49257
1.63511
2.09383
3.56048
1.3466
3.69602
2.61921
1.41615
4.87962
1.01306
3.56762
5.93863
3.71849
3.03857
7.57333
1.99964
3.03639
6.11015
0.911441
6.51784
2.12803
11.5459
5.81398
1.93035
2.42377
2.20108
2.79971
2.8061
5.2819
2.3342
6.63513
4.45395
1.79154
8.68639
0.868714
3.31477
4.78868
1.40108
2.32991
3.69864
1.42682
2.05803
4.02947
2.12017
4.38829
3.79703
2.12968
0.84001
2.04792
0.26921
2.49705
6.53888
5.99946
1.04866
7.03388
4.7996
5.92522
0.672688
4.63204
5.53394
3.21862
9.07456
0.666552
5.47703
8.27238
3.73603
5.56761
4.01487
2.35577
3.4046
0.665606
0.322358
1.70428
8.94675
3.05996
3.32818
3.40747
1.78899
0.96819
3.92816
0.837772
1.67476
2.16054
1.30912
2.72176
2.51871
8.63485
1.62343
3.51212
6.07523
1.10821
1.58121
3.29066
6.38869
2.82852
0.874049
3.5786
7.44542
3.03212
2.37962
3.66722
1.77459
2.81976
1.56209
2.26217
1.05619
7.86408
0.402198
1.21303
4.65877
2.41378
2.44794
1.17276
0.93298
5.22124
2.01048
4.66354
2.52766
3.54171
2.52339
3.29431
2.87517
1.43098
3.01269
2.7181
7.34592
1.76015
1.95724
1.90015
10.7879
2.98861
3.33989
4.10311
3.22282
2.57069
2.96277
11.2914
5.01477
3.5903
3.54894
9.95355
0.592946
6.52739
5.03014
4.94215
6.56333
0.920819
1.49017
5.04573
1.71626
6.66909
3.88538
3.28087
1.99377
4.29701
2.65009
3.0679
4.91225
0.238193
3.89904
2.47966
2.3694
6.62876
4.24477
9.90955
10.4132
2.00549
3.469
1.83892
2.73525
1.60049
8.85462
0.794985
3.84303
4.5727
3.74375
10.2019
6.29274
1.82013
2.78888
10.0184
2.62161
2.58047
1.58522
3.11522
7.72387
4.26236
3.44517
1.21396
6.55642
2.66888
4.75406
2.38623
6.61038
2.21655
3.79483
0.22292
10.6064
0.877136
2.16212
2.3504
0.337468
2.24849
2.45156
3.49811
11.6847
2.23039
2.38427
2.55614
3.12462
2.60562
1.96463
2.29251
2.73214
2.97031
4.24263
11.4691
2.54256
0.979865
4.67625
1.16263
5.01653
7.19912
2.02449
5.61004
2.99546
1.54327
1.75241
7.45753
2.74525
2.71058
0.745894
13.3279
2.04344
3.99631
5.07285
4.83902
5.63003
3.7183
0.511941
5.27686
5.56306
4.12813
8.15934
5.36342
2.54486
0.99048
3.1013
3.87504
5.78177
3.92408
1.55836
1.93208
8.20102
3.9403
6.4806
3.9806
5.03799
5.34982
11.9781
0.637453
1.28534
2.37345
7.37171
2.67072
6.92731
3.87633
10.2857
3.77357
3.42522
5.28945
2.61502
1.43274
2.23894
2.396
3.21887
3.50081
2.30193
6.73787
10.3411
3.38253
0.738241
3.84282
10.2971
2.37724
5.05802
7.63227
3.49078
4.27923
2.88387
11.0009
4.55671
1.37765
3.35317
2.37757
1.91845
5.1389
1.47934
2.26918
5.54861
1.56434
1.0907
12.9301
1.31689
8.98996
6.23353
1.19956
3.32103
1.2751
4.90602
1.42738
2.28494
4.44766
1.69587
1.56492
0.882233
11.8759
5.38303
3.01466
2.71835
1.72747
6.56962
2.31211
2.58838
8.00914
3.58141
8.40167
1.82641
0.894532
2.77333
1.35893
1.65573
2.5302
2.37198
8.58663
8.93405
1.23799
3.56692
1.73774
4.11318
6.1637
3.8233
2.68221
1.73317
3.86789
4.82726
5.87374
5.05576
3.98092
2.07942
1.24394
9.06012
3.06822
6.84227
3.09145
1.62605
1.92435
5.12624
4.05332
1.98606
11.2406
2.23172
1.57476
4.40367
3.21129
6.25335
2.41721
4.73101
3.74398
5.30536
10.4292
4.49722
5.32855
2.36771
4.79126
2.14666
2.07012
5.83825
4.32516
2.31017
6.735
2.87511
2.7585
12.0392
3.70545
3.1141
4.71397
3.28394
2.52632
11.7289
1.28729
1.49469
1.80616
3.02675
1.69507
3.50335
5.05459
1.38799
0.806329
3.32921
6.13102
5.47883
3.28182
3.8626
0.514733
0.47649
1.95541
3.43325
1.27597
3.03065
1.67238
12.6489
0.756161
4.49211
3.00842
3.79162
5.83045
3.40642
5.58161
1.3333
0.751745
1.70485
13.3969
8.44238
2.6897
4.5599
3.55128
2.269
15.0417
2.03164
2.7514
1.06761
3.05321
0.358061
1.29322
6.41856
0.609136
1.08883
0.819237
0.733425
0.629088
5.68201
3.26356
1.66881
7.82336
4.27074
2.64562
2.93995
4.67271
13.9443
7.77829
2.28127
0.965316
2.91421
2.72561
3.11876
9.34216
2.66823
0.827505
0.404791
1.84085
2.18774
0.952952
1.4916
1.85649
4.96789
3.24579
3.86565
2.94476
1.49817
4.65622
2.19121
12.4245
2.437
2.98459
1.7703
6.98739
3.79973
1.47265
2.62076
4.2299
5.42762
2.22805
2.40897
2.69438
7.27617
2.65385
3.86991
1.5746
5.88218
4.5939
11.0909
0.608484
6.04303
1.01759
2.07799
4.82919
0.528977
0.926786
3.49499
2.14859
2.70468
8.21733
1.06863
0.810688
3.04237
2.6743
1.00572
0.653258
4.28732
5.29966
1.95628
2.3872
2.02545
1.15263
13.9537
4.74071
7.82537
4.36351
2.43375
2.83544
5.47005
7.38623
7.99474
1.83847
3.57015
1.49579
6.34338
3.77619
0.752722
4.1248
2.64466
4.5316
0.999629
1.52672
3.0716
3.15447
3.96781
10.3003
6.96689
3.57643
0.98709
2.20011
2.47029
3.41336
2.2078
2.07026
0.402125
4.23811
0.750198
5.16172
5.50908
3.61171
1.32182
0.868756
1.58084
1.61867
1.3576
1.75469
2.98082
2.35356
5.54893
1.74605
5.35778
3.33526
4.36311
4.64815
12.4686
1.93592
9.63637
5.95928
2.65684
11.5414
6.76582
3.49768
1.75736
2.66064
4.68367
1.95229
1.44681
3.31086
1.89323
2.22175
1.29111
2.45762
7.0719
2.51625
1.27393
1.32359
4.96455
0.571412
1.86624
2.38063
0.975367
2.38544
2.90638
6.55801
1.05084
13.0238
3.16108
6.83326
0.876251
3.11496
3.05419
6.89949
3.6924
4.0034
1.11402
3.70295
3.5408
1.54432
2.13712
2.05419
6.10981
0.888414
1.59638
6.57771
2.997
3.15977
3.86333
7.19681
14.2321
3.15863
2.24922
7.14312
1.64268
0.463298
3.12815
4.81274
3.41871
5.24929
4.5635
0.782881
1.14234
2.58336
7.2275
6.30985
0.878889
2.15004
0.843713
0.462691
5.05135
8.70846
7.81532
2.48094
2.39637
2.30785
5.5898
0.704148
1.51653
3.89553
3.73889
1.30903
9.1952
2.22758
3.30391
0.713685
3.2832
0.447826
2.20442
2.30633
8.26658
14.804
1.84691
0.334587
6.23496
12.2727
0.961599
3.96363
5.76635
3.79065
5.87304
1.5705
2.11493
2.76262
2.52253
3.65755
3.53149
5.07199
1.45949
7.13994
1.57817
1.8428
5.14698
3.85988
3.59153
1.33349
2.52834
9.08159
3.41078
4.96068
2.85246
0.434604
6.55507
0.681325
3.49353
10.8226
4.1633
6.85224
11.5056
3.24286
4.09951
3.14232
6.04147
2.41861
6.67802
7.63186
1.63838
1.68797
8.08032
5.43688
7.90791
3.75703
4.66085
2.14102
5.70681
7.32517
4.53353
1.55404
2.92288
0.322706
4.91348
3.12224
4.27385
4.95946
12.098
2.06812
7.79939
1.95805
12.3556
0.886026
1.80048
1.59257
3.09244
7.16854
1.50125
4.40261
2.25367
2.41064
1.89073
6.2378
12.7869
8.39539
0.47512
6.37285
0.592352
3.58141
7.30595
3.15722
3.38214
1.6483
3.05453
2.03507
3.65399
1.29698
1.61101
2.44564
4.03373
10.0677
0.871927
2.65834
1.263
2.48263
1.81328
3.66331
7.66368
5.71814
2.58648
7.16778
4.70441
9.74256
1.44421
1.94224
0.803108
3.12401
13.0808
3.39683
11.7302
3.07443
2.92037
3.04707
2.1571
8.89123
12.0475
1.15211
1.60458
8.90537
0.746651
0.51545
2.60508
5.38339
1.1412
1.66459
2.58417
0.355656
2.68783
1.00109
3.89789
3.4236
3.65105
1.86242
1.32622
1.20598
1.77541
3.25574
1.79852
4.49101
6.8685
12.6428
5.23409
3.81706
4.30972
7.1042
1.91037
3.86725
0.354121
3.62861
2.2866
8.05095
0.812044
2.6317
2.50071
1.30473
0.399298
2.63567
1.75567
2.08264
3.35088
0.645484
3.00833
2.83798
4.32623
0.511328
8.85042
4.09457
1.57534
3.69556
0.280729
3.81581
3.21308
2.86412
2.01177
8.40642
6.29249
3.76453
10.1935
1.05254
4.87824
3.8595
3.40658
0.388883
11.8353
2.14496
8.68243
7.46289
8.15252
2.69796
2.30825
1.42167
2.88333
1.12872
1.9419
3.75786
6.47871
0.554494
0.502387
9.31094
0.87362
0.506645
13.1621
3.49439
12.1648
2.13562
8.81807
4.4998
1.48667
1.11501
4.17451
8.72351
4.2415
3.9406
4.45298
6.61009
1.98733
4.8001
8.53442
4.0694
6.16905
1.36364
5.73782
1.64348
2.31412
1.06456
1.53888
7.76764
3.76375
1.24145
1.38023
3.2873
1.08836
2.49998
8.22538
8.08421
2.6636
8.39298
7.47185
7.00982
2.00529
3.23513
2.92842
2.79473
7.92747
2.22174
2.63702
3.48372
5.47431
1.32655
3.57974
5.10758
1.60845
4.35772
1.01292
3.59312
5.06272
1.28288
9.1487
4.55686
3.81647
2.97386
0.627093
11.0652
5.01748
4.93492
3.85989
1.67096
2.92007
1.36504
1.0343
2.06287
6.53518
1.91258
3.36148
2.62938
3.11004
3.822
4.61609
2.72784
3.94685
2.68528
0.865072
2.75122
3.54619
1.44816
5.73034
5.82
7.13459
1.45833
4.57513
2.23807
0.643343
6.97117
3.96378
4.1973
4.40257
4.07551
4.91436
2.1988
2.03202
2.80328
2.62759
3.04994
1.76517
5.73277
0.848321
5.47992
12.9996
0.988882
2.31978
2.97625
6.85007
9.32042
3.32202
1.43202
0.859899
3.07661
1.38658
1.69531
1.92248
2.1966
2.91567
2.76495
2.69493
1.91509
4.89946
6.67984
3.23732
1.72669
1.11551
0.38726
3.27763
6.25087
7.98052
2.54413
1.81355
4.74965
6.33757
1.22105
2.35107
2.73356
3.3941
3.90487
4.02393
1.02874
2.38606
10.6277
3.91076
9.64398
1.47238
2.95632
2.27931
3.50424
2.34131
1.45848
4.14888
11.7646
2.70986
5.36702
1.23504
0.673831
2.36592
2.98167
1.20317
8.65985
3.1717
2.06631
0.673019
3.86892
14.6436
3.04459
4.66323
1.60257
7.48146
3.6953
2.87109
0.526712
0.598531
7.14069
11.4764
2.29296
1.53002
0.807577
6.14361
3.44831
0.736238
3.00646
7.13434
3.83781
3.07274
0.495306
3.70482
3.77595
2.68127
0.502698
3.54509
1.23161
5.30014
1.93328
5.54138
4.31692
3.73165
3.29872
8.53309
2.20073
3.04041
4.14502
10.8401
7.14874
14.3968
7.97502
1.71346
1.07533
4.389
7.05341
3.72291
7.1228
3.44416
2.35058
1.21656
0.77019
11.2796
6.91714
3.1871
3.17457
10.9492
1.91758
3.02501
4.19375
2.24866
4.75703
11.865
6.26933
1.84826
11.2813
8.38212
2.72335
4.25149
4.51476
9.85826
0.323758
9.13091
4.32019
6.0539
3.08471
4.9929
1.30317
4.49985
1.0374
4.93537
2.20573
3.64967
3.29716
2.05592
11.3522
0.297653
2.03149
4.23015
1.81461
1.63057
3.98858
2.79044
3.41285
2.39431
0.561404
4.40262
1.42264
4.815
1.24357
1.71318
3.59622
1.18325
1.43698
9.75893
2.42
2.08738
5.99532
3.09025
1.68116
3.64236
2.03275
8.27063
3.85602
0.934453
5.83351
0.236441
2.80882
2.15017
2.05552
2.88482
0.680909
3.15767
4.01341
0.752784
7.20693
0.608775
3.12502
0.286669
1.66316
6.32442
1.06551
0.84187
4.16302
4.02422
5.89998
5.73499
1.6023
2.14203
3.73689
5.85097
2.18992
11.1427
3.2517
1.15138
1.3572
2.37995
2.57496
5.48868
9.05221
9.4657
4.38991
1.03302
7.05008
5.53385
4.06975
5.26899
2.15035
13.2595
1.41852
2.29173
6.99873
1.32935
4.17877
2.70047
0.912222
3.05001
12.2373
1.10846
2.59091
1.44217
6.33003
3.1972
3.4345
3.80331
1.57927
2.73777
4.16098
12.9955
2.68693
1.85974
3.17239
14.3228
1.0327
2.85297
3.42248
1.77871
0.975788
2.12024
0.170553
1.93774
6.33794
0.308455
0.775874
3.65571
2.44316
2.54786
1.15813
2.81637
4.09736
14.2173
2.53464
0.998687
3.22326
2.7791
12.8043
1.88349
5.40273
3.05739
6.18441
3.1891
3.84554
2.8186
1.35296
2.40312
2.54612
1.66133
2.15374
2.43947
1.08265
1.79312
2.71712
5.91108
2.00629
1.51895
7.74973
6.71555
3.27693
3.1294
5.04828
4.52592
3.21494
4.36421
13.0634
0.260391
6.95017
7.86261
4.81781
2.70837
1.57809
1.88547
1.5847
3.58932
4.75367
14.564
4.32804
2.55369
5.11879
1.87897
1.96287
6.078
0.865382
2.30547
2.80298
11.4991
0.507709
5.88216
7.13125
0.816488
2.70256
3.63222
11.9538
4.89169
4.3386
4.58135
1.92042
6.21907
12.5999
2.58827
0.429959
2.8931
5.55518
1.55726
2.30271
3.07068
6.9199
7.76659
1.30173
5.96992
5.93025
3.98218
0.849868
5.56331
4.05955
2.99284
4.44466
3.3884
3.85923
1.67564
1.67435
5.26754
2.62014
11.9718
1.99543
1.4904
4.31295
2.86661
2.99547
2.19009
15.1704
4.07998
12.7337
2.26476
3.73825
3.35393
7.05303
2.60763
7.57029
5.55373
1.68988
9.54099
1.03328
1.39506
4.95552
1.38021
4.1591
2.42074
1.11388
4.3029
2.74391
3.85705
8.66941
1.62019
9.15307
0.470795
10.4278
3.11565
4.89287
5.72485
2.74601
2.36878
5.45613
4.75975
1.2015
14.6697
3.48355
5.51149
6.95851
1.90808
0.193078
11.8098
3.96508
3.44622
1.22564
5.23241
4.62283
4.01831
1.29876
1.84381
5.22365
3.47937
3.82581
7.23009
2.76151
0.685951
1.74021
0.86248
3.57709
9.05853
0.5144
0.26559
5.13248
2.06824
4.82203
2.98858
2.76598
8.60466
7.11406
2.66848
3.27182
3.19016
5.48975
4.31916
2.66417
5.09141
5.11375
6.74877
1.40318
9.84517
4.69166
2.19455
3.53552
0.515126
2.52531
3.00424
3.23257
13.4901
0.619996
3.4199
1.32784
2.84656
1.02785
2.30286
1.15093
4.63809
10.3448
2.14339
1.44413
9.69703
5.48648
0.662801
6.37274
7.0002
2.71667
5.93708
3.43393
2.20788
3.88453
