1.31169
0.628754
0.481468
0.3378
1.08049
1.31088
0.44433
0.537931
0.927531
0.646722
0.482104
0.468186
0.363847
8.46053
0.145383
0.31734
0.372298
0.937312
1.03139
1.20931
0.518813
0.477828
0.213389
0.446799
1.2163
9.82593
0.477354
0.667199
0.694321
0.71903
0.70684
0.472167
0.511947
0.700109
0.72921
0.353837
0.520001
3.75729
0.518891
0.376718
1.76916
0.33045
0.318806
0.475519
0.217157
0.933059
0.370884
1.71709
0.457355
0.638451
0.370241
0.867359
0.426078
0.350417
0.514535
0.876267
0.824258
0.781488
1.04194
1.60253
0.40049
1.08255
0.752639
1.55092
0.376719
1.30438
3.67863
0.649218
5.1711
0.293833
3.70252
0.287114
0.231162
0.50514
0.284388
3.93868
0.283587
0.527167
0.318932
0.579316
0.998976
0.896968
0.653024
0.930883
0.364463
0.725843
2.71239
11.3631
2.77824
1.77429
0.323718
0.805261
0.771343
0.44486
0.304506
1.59072
0.388552
0.65929
0.46705
0.338324
0.439827
0.239053
1.13007
0.47262
0.685017
1.36503
1.42122
0.330527
0.502001
1.18303
4.24121
0.203673
0.459248
1.17292
1.3976
0.813031
1.74289
1.22393
0.806333
0.868637
4.9086
0.611365
0.924316
0.757914
0.178457
0.304001
2.13645
2.1679
0.47071
0.125609
1.17729
0.180236
0.745924
1.52827
0.871966
6.9394
2.38098
0.211163
0.569002
1.45357
0.393761
0.650404
0.845919
0.533537
0.885297
0.287384
0.740574
0.677271
0.50815
1.50749
0.886248
1.6979
0.438139
0.61295
1.39347
0.384289
0.569629
0.717826
0.617962
0.308795
0.395533
0.888031
0.521601
0.907151
0.820272
1.50396
0.704528
0.657596
0.698626
1.94573
0.443571
1.44707
0.53146
0.434327
0.779881
0.343695
0.376749
0.735715
0.592588
5.51572
0.238806
0.485004
0.664931
1.05469
0.31936
0.337056
0.246524
1.69166
1.54855
0.300851
0.414782
0.339498
1.01912
0.271168
0.51558
1.38362
0.459213
0.476414
0.390352
0.609859
0.622183
1.08843
2.17884
0.869436
0.466683
0.228795
2.03261
2.39912
0.208767
0.953144
1.93992
0.467266
0.996557
0.466636
0.436965
3.84884
0.593115
2.53832
11.2094
0.656664
1.13757
0.602911
2.86558
0.69952
0.865452
2.06838
0.814768
0.320032
0.146488
0.573947
0.984379
2.30453
0.376252
0.981773
0.746586
0.454211
1.16898
2.04077
0.914316
0.365472
0.450691
0.505102
1.20187
0.951469
1.04523
0.859606
0.376854
1.24998
6.97297
0.567824
0.372338
0.16081
1.37245
1.63182
2.66758
0.383324
0.230677
0.674791
0.35571
1.32037
0.649618
1.07152
0.474714
0.267755
0.69573
0.304717
1.1029
0.587552
0.871471
0.649689
0.314815
0.725311
0.455886
0.829985
0.820237
0.878568
0.502614
0.466322
0.354198
0.389957
4.33103
0.765024
0.758657
1.01026
1.41485
0.0594327
0.411954
0.39147
1.15143
0.555367
1.01212
2.91734
0.233072
0.372992
0.71542
0.750238
0.350548
0.711224
0.798898
0.967486
0.195326
0.27565
0.309055
0.957046
0.254881
0.680848
0.256865
0.108851
1.11061
1.93104
0.525631
0.367699
3.75556
5.02383
0.496189
0.332209
1.81589
0.324226
1.11448
0.333264
0.959636
1.41818
1.48256
0.305111
1.14942
2.70577
0.422218
0.476211
0.834752
3.77133
0.798332
0.540518
0.150371
0.34567
0.276349
0.357188
1.09279
2.01683
0.780201
1.37543
0.326082
0.808645
0.354699
0.698338
0.437333
0.659356
0.253279
0.829479
1.2054
0.502121
2.2174
1.08526
0.572134
0.395843
0.349158
1.12381
1.68301
0.163239
1.30425
4.0852
0.391769
0.60858
1.08266
0.668794
0.604816
0.3989
0.31573
1.03004
1.30109
0.292499
0.470898
2.26484
0.387286
2.41084
0.591261
0.976268
0.840221
2.78772
0.72014
0.176966
1.46768
0.46961
0.419371
0.531334
0.162238
0.696251
0.484928
1.35914
0.745549
1.02171
0.791945
0.439772
2.39597
1.25746
1.34742
0.973884
0.410514
0.823355
1.07434
3.49725
0.566125
0.647044
1.91028
2.24924
0.473024
0.282888
0.976762
0.769408
0.813149
1.0208
0.650132
0.354873
1.41261
0.43498
0.280431
0.51884
0.573339
0.752543
0.556493
0.649408
0.853808
0.360196
0.375514
0.25515
1.34278
0.272943
0.424403
0.171362
1.19765
2.02772
0.493582
0.457546
0.741356
1.40753
0.180533
0.603479
0.493105
0.409399
0.308563
0.427542
0.515751
0.195415
0.744169
0.449374
0.830338
1.12189
1.52333
1.63211
0.201565
0.591494
0.500644
0.487352
0.500509
0.45811
0.626961
0.522456
1.1755
0.56377
0.823387
0.524816
0.138167
1.10619
0.656838
0.682601
0.617196
2.9488
0.49936
0.407444
0.622443
1.324
0.231195
0.681718
1.14709
1.02284
0.722476
0.991549
0.284967
0.720436
0.638953
2.5361
1.33314
1.38655
0.307806
0.780793
0.234884
1.72279
1.27039
0.7059
1.47731
3.04839
0.268345
0.541796
1.43408
0.735209
0.19261
0.655543
1.13915
0.348689
0.206229
0.332391
0.4559
0.42238
0.650121
0.487292
1.63576
0.856392
2.02677
0.970174
0.687427
0.632776
0.768992
0.224188
0.177841
0.795948
0.25479
0.167569
0.751278
0.697457
1.50137
1.33665
1.08375
0.897758
0.422545
0.333608
0.341706
0.313809
0.690991
0.430293
1.11489
1.17173
0.279581
0.576369
0.628053
1.1244
0.394364
0.511683
0.88964
0.88112
1.05741
0.800582
2.18379
0.763704
0.828932
0.463847
0.420452
0.675474
0.125869
1.39746
0.482949
2.07304
0.17056
0.689701
1.59528
3.19311
0.900961
0.657502
2.91826
0.684258
0.748898
2.37505
0.509998
2.72623
0.276603
0.838466
0.989747
0.520885
1.7869
0.175065
0.477907
0.944637
1.47621
0.519827
0.512856
0.484
1.13566
1.88584
0.558956
0.69672
0.664092
1.20898
0.449391
0.331643
1.52033
0.540737
0.400647
0.287624
0.855543
0.282901
0.485511
1.40204
1.6971
0.739364
0.710771
0.36285
0.519386
0.493174
0.608944
0.545893
0.12475
0.791815
0.084158
0.611542
0.356283
1.55796
0.572686
0.524269
0.149355
0.822268
0.482544
0.841709
1.42962
1.3384
1.03037
0.221447
0.185107
0.156915
1.2609
0.877865
0.393765
0.157788
0.238367
0.47155
3.67307
0.775709
0.272822
0.52071
0.808516
0.408262
0.213402
0.27709
0.531401
0.338224
0.837963
1.6286
2.75584
0.999427
0.847452
0.1356
0.858734
0.660071
0.467363
0.439593
0.232228
0.725013
1.03231
2.0744
2.10955
0.551123
0.577681
0.805513
0.425688
0.674014
0.521921
0.817755
2.32177
0.594603
0.646623
0.623216
1.10991
0.643046
0.900823
0.896591
3.75657
0.423063
0.392521
1.37523
0.6226
0.431808
2.87179
1.22541
2.12319
0.450136
0.575496
0.580116
0.317104
0.460706
1.11223
0.434753
1.28932
0.274684
0.477611
1.14824
0.628332
0.351945
0.596531
0.514127
0.458218
0.283254
2.32829
5.15517
0.592848
0.216081
0.380783
7.15427
0.327981
2.47276
2.20669
0.660284
0.446563
0.392884
3.16476
0.453704
0.191923
0.307193
0.369426
0.608312
0.343501
0.987824
1.28695
0.485242
0.300864
0.742829
0.601351
0.360367
1.84974
0.714424
0.696312
0.695963
1.38445
0.471706
1.50046
1.0194
0.890727
0.369717
1.25831
0.857517
1.27506
0.914752
0.514517
0.31343
0.394537
1.66195
0.643673
1.07434
1.27824
0.637409
0.502227
0.782465
11.6574
1.67629
0.303434
0.389902
0.319194
0.793024
1.18876
0.975392
0.644853
0.477736
0.331864
0.238468
0.151012
1.60259
1.50595
0.433928
0.661702
0.85324
0.320052
0.723643
5.00494
1.16952
0.455525
0.0705393
0.580651
0.267605
0.141875
1.61263
0.645493
0.566792
0.356264
0.634271
0.959661
0.790997
0.27408
1.28935
0.628265
0.542839
0.450747
0.870798
1.23553
0.277395
0.870499
0.27395
0.437626
0.412071
0.68173
1.48651
0.854192
0.448438
1.35557
1.48917
0.552665
0.270651
0.577749
0.201816
0.81359
0.733502
0.558479
3.05322
0.932836
0.522395
0.284253
1.20251
1.44154
1.39007
0.738408
0.302542
0.0943846
0.71387
0.940649
0.997655
0.369334
0.178972
0.764537
0.499337
2.11192
0.917885
0.380856
0.405966
2.08311
1.09287
0.642974
0.172027
2.03724
0.675357
2.72017
0.170497
0.483766
0.352382
2.9121
0.323874
1.66048
0.53497
0.988175
0.43218
0.478769
0.291739
0.81777
0.523184
2.05696
0.417312
0.686735
0.278994
0.322582
0.879803
2.53286
0.116777
1.0322
0.632455
1.51556
0.159171
0.471453
0.683301
1.3426
0.383124
0.811568
0.693662
0.198126
0.38845
0.655698
1.05102
2.64747
3.07911
1.49086
0.465537
0.544836
0.307655
0.697257
0.30547
0.449551
1.48965
0.349005
0.460626
0.48611
0.178648
0.745744
0.590838
0.344163
0.781454
0.293083
0.72433
0.52916
2.25868
0.402313
1.18275
1.3004
1.07569
0.835269
0.649022
0.715038
0.66927
1.8372
1.00456
0.411075
0.349951
0.534333
7.44272
4.36988
0.37013
0.805739
3.53437
0.432409
0.379946
0.858337
0.294532
0.731131
0.264887
6.49846
0.619491
0.295144
0.7602
0.371527
0.335101
0.742937
0.529949
0.271648
1.97796
2.30625
0.823074
2.12355
1.08892
0.693484
0.535791
1.54647
0.311971
0.703068
2.22075
1.23751
0.367642
0.757323
0.48142
0.876914
0.191984
0.441462
1.03449
0.563674
0.973003
0.655763
0.317825
0.844294
0.786606
0.361869
1.07691
1.96135
0.461755
0.659059
0.283898
1.30016
0.728742
0.206092
0.48775
0.663303
0.163522
1.26956
0.277845
1.8243
0.465431
0.953986
0.687181
0.537812
0.387287
0.497247
1.49052
1.15953
1.66009
0.869935
0.767917
0.114099
1.35783
1.10421
0.399017
0.544089
1.86903
0.536556
0.190319
1.27947
0.374351
0.745264
0.534809
3.35839
1.09972
1.47072
0.25301
3.02268
0.267798
0.861792
0.33932
0.547047
0.211503
0.323032
0.874735
1.05928
0.245278
0.594007
1.08557
1.26319
0.861643
0.547604
0.048927
0.191228
0.54625
0.5228
0.268913
0.551904
1.83069
1.98049
0.383643
0.637443
0.972692
0.482015
0.698859
1.05186
0.280688
3.31617
1.41473
1.04809
0.714298
0.572828
0.406481
0.719407
0.52935
0.617096
0.561574
0.879521
0.790186
0.341327
0.542155
0.922617
1.16649
3.33701
0.577935
0.435456
1.10828
4.30689
0.678332
3.86759
1.42844
0.826156
0.740379
1.78093
1.03167
0.974627
0.820307
0.310987
0.582357
0.199217
0.272421
2.72472
0.733123
0.43285
0.657147
0.322959
2.17171
3.05192
0.786061
1.27042
0.491627
1.13939
0.846384
1.79661
1.14381
0.283415
1.03704
2.77451
2.00004
3.70198
0.513595
0.116525
1.37371
0.521799
0.12769
1.56844
0.749161
0.154884
0.479352
0.393117
1.91199
0.447134
0.162793
0.0428495
0.401229
1.28693
1.21811
0.354214
0.800937
0.591305
0.473268
1.15342
0.624044
1.33845
0.456891
0.567282
0.565018
1.93767
0.142417
0.392781
0.594907
1.29835
0.542295
0.940651
2.18193
1.56805
0.634314
1.27606
0.563449
0.449192
0.240374
0.385302
0.325709
1.46904
1.25041
0.236
0.527222
0.861485
2.45974
0.686307
1.62997
0.579064
0.27572
1.71931
0.313629
0.331378
0.145591
2.35644
0.317967
1.20233
0.180846
1.12518
0.754478
3.00089
0.188465
0.766365
0.871066
2.60202
1.05748
0.722914
2.79657
1.79385
0.351895
0.589389
2.6577
0.219852
0.47538
0.745485
0.447625
0.92492
1.03586
0.404272
4.52326
0.745399
8.50318
0.483716
1.25118
0.863162
0.645321
0.323438
0.644367
0.961729
0.218249
1.1496
0.551778
0.78893
0.237948
0.157064
0.325161
0.470555
1.23665
0.351217
0.315288
0.587557
0.440398
0.438699
0.516533
0.827201
1.01723
0.318404
0.440598
4.07903
0.704283
1.85041
1.22742
0.819476
1.16231
0.305472
0.411532
2.51238
0.302975
0.58841
1.076
0.575066
0.518276
0.852592
0.72619
0.436926
2.25765
0.232984
0.554564
0.881332
0.516242
0.276148
3.42346
0.37205
1.09341
0.714021
0.569638
0.939889
0.296919
0.935773
1.73866
0.476
0.527695
0.321456
0.523108
1.40941
0.767909
0.401379
0.192487
4.6837
0.686959
0.86854
0.455779
0.14692
0.593182
1.39671
0.507666
0.94063
2.38055
0.429504
0.366538
0.43816
0.500728
0.454669
1.94401
0.388525
0.658508
2.42219
1.06919
0.252694
0.652644
0.529825
0.246516
0.280109
1.36764
0.452263
0.276986
0.433158
1.38272
0.551143
0.382867
0.315755
0.516447
2.28417
0.425414
11.9741
1.2312
0.290225
1.09087
0.759956
0.666435
6.17548
0.588612
0.555248
2.57965
2.95458
0.441494
1.48177
0.0766234
0.824174
2.80485
0.265115
1.31771
1.71547
0.954941
1.25521
0.466115
0.595756
0.528254
1.99022
1.37618
2.17363
1.31371
0.697204
0.59499
0.580828
0.738867
0.419878
2.0855
0.647376
1.44448
0.712947
0.699785
1.37141
0.468766
0.519725
0.600588
0.877485
0.802029
1.80227
0.26379
0.653316
0.308387
1.59798
0.865511
0.474648
0.675274
0.578374
3.43921
0.471519
0.452504
1.0715
1.52969
0.047492
0.487948
0.340411
1.55996
1.26085
0.869749
0.716643
0.616042
1.58612
0.63528
0.473804
0.616494
0.349617
4.51554
0.568275
0.78222
0.969548
1.10763
0.39658
1.98847
0.617831
1.92174
0.396083
0.912395
0.716799
0.602978
1.64121
0.238103
2.40187
0.7964
1.92182
0.658728
1.00463
0.415295
0.565651
0.542489
2.39232
3.68486
0.345815
0.427435
0.226244
0.304025
0.897984
0.706558
0.447068
0.450552
0.462313
0.152702
0.494685
0.44845
1.25388
0.306134
1.8202
2.25927
0.373754
0.219935
0.416167
0.533104
2.55696
0.3282
1.56366
1.0576
0.662454
0.763076
0.533099
0.663743
7.70634
0.699093
1.13712
1.46241
1.53165
0.439221
0.418393
0.586763
1.53141
1.88471
0.424276
0.656186
1.1561
1.01431
0.27847
0.898137
0.845082
0.433722
0.462991
0.706283
1.1015
3.88607
0.285254
0.203222
0.398012
0.454053
1.05454
1.01292
0.78608
0.457539
0.696824
1.01869
0.31786
0.985951
0.143333
0.326934
0.684147
0.149144
0.391987
0.300183
0.532179
0.909422
1.00299
0.738511
0.674937
0.80079
4.00613
0.406101
1.19577
1.07438
0.764828
0.695036
0.745397
0.937013
0.378323
1.07714
0.258543
0.730186
0.56743
0.337613
0.709614
1.53799
0.379187
0.86046
1.04637
0.440964
1.30041
0.35074
1.51029
0.528002
0.789704
1.5355
1.08779
1.1776
0.448562
1.05349
1.00461
0.513534
0.374973
0.378584
0.907203
0.811277
0.179503
1.52972
0.812421
0.843786
0.311803
0.5743
0.60242
0.262116
0.458709
2.46393
0.717157
0.131465
1.57569
0.607134
1.33569
0.748128
0.623836
1.09691
1.05724
1.48947
0.266812
4.2082
1.89314
0.834416
0.907644
0.416918
0.356261
0.38921
0.327587
1.27854
0.411096
1.00752
0.355484
0.150015
1.14032
1.49638
1.17073
0.250385
0.336523
0.670887
0.739563
0.415722
0.431419
1.68383
1.39655
1.23126
2.35108
0.581699
1.73165
3.05085
1.14565
1.08474
0.227572
0.920322
0.193866
2.29247
0.599394
0.185881
0.519342
0.116061
0.197408
0.871846
0.0583455
2.00495
0.131941
0.998706
0.887737
0.84016
0.85321
0.280386
0.916829
0.370894
0.620725
0.739475
0.456514
0.33436
0.841548
0.407545
0.980026
0.366912
0.734724
0.616347
0.41946
0.698472
0.429795
0.866417
2.15056
0.328725
1.8756
0.313428
0.515398
1.17528
0.27016
0.532632
4.77367
0.98477
0.671942
0.319553
0.434664
3.4657
1.13695
0.792981
2.2195
0.574939
0.155071
1.77457
0.141592
0.442323
0.447573
0.695196
0.210293
0.305327
0.453605
0.591626
0.188079
0.323424
2.34953
0.964961
0.282771
0.0553348
5.41691
0.204754
0.225891
0.607675
0.619886
0.565517
1.18473
1.34489
0.687357
1.01931
0.652968
0.704074
1.65284
0.495774
0.28754
0.264257
0.342552
2.79254
0.727764
0.721106
1.66988
2.27175
0.574237
2.80372
2.3388
0.217568
1.00959
0.519854
1.34445
0.464443
0.834756
0.792384
0.770444
1.26445
1.71446
0.373732
0.218988
2.03621
0.423337
0.797718
0.303638
0.379302
2.42599
1.09532
0.164378
2.97971
0.644401
0.583932
0.414806
0.260781
0.502924
0.650207
0.426385
0.514584
0.320644
0.403059
0.627036
1.24502
1.77041
1.67508
0.727931
0.321736
0.179691
0.514771
0.201791
8.59662
1.49159
1.12845
0.133943
0.0754737
0.904279
0.364926
0.309821
0.588811
0.648959
0.81759
0.80453
4.69622
0.750586
0.70455
0.23266
1.18203
0.916826
0.362162
1.52015
1.4582
0.536533
0.392039
0.876774
1.839
0.237297
0.0742804
0.357187
0.517062
0.476321
1.32546
1.23173
1.35128
0.786651
1.5568
0.470359
0.352387
1.38762
0.55819
2.53624
0.406892
0.954857
1.75882
0.368654
0.478303
3.72095
0.470129
0.401375
0.437019
3.18188
0.366203
1.01844
0.318797
0.628385
0.593086
1.54245
0.415098
3.48833
2.48149
0.310648
0.167769
0.152246
1.01453
0.349006
1.48295
0.379774
1.39027
0.906826
0.172273
0.682417
2.45996
0.878645
1.21907
2.33537
0.637387
0.689287
0.524549
0.566019
0.259352
0.312711
1.15174
1.80196
1.08123
0.351564
0.494277
0.282627
0.210472
0.592277
0.498599
1.5546
0.560104
2.30721
0.538202
1.7083
0.708012
0.762916
0.619771
2.47225
0.676229
0.397346
0.860551
0.515084
0.374225
0.458358
1.24461
0.49414
0.343775
0.558298
0.721157
2.6042
1.85524
0.721855
0.839978
0.344092
0.261468
1.25081
0.6037
0.467259
1.70341
0.340602
0.516461
0.93306
1.30253
0.320641
3.36502
0.837327
0.888796
0.560911
2.54094
0.703966
0.472793
0.462632
5.83971
1.02748
1.03105
1.3005
1.00445
0.259883
0.378803
0.771431
1.17192
0.82004
0.735631
0.568767
1.19626
0.587286
0.310254
0.867394
0.167373
0.72207
0.237682
0.497532
0.306439
0.756078
0.571311
3.55569
1.01236
0.721602
0.925999
1.45263
0.314951
0.100478
0.506047
1.02599
1.51337
1.35241
0.479269
0.185118
2.5629
0.144979
1.40445
0.451415
0.441238
0.692601
0.470298
0.932976
1.15645
2.21546
0.539299
0.463472
0.918218
2.25364
0.874095
1.31218
1.00127
0.675041
4.24578
0.873577
0.345522
2.14353
0.454763
1.01646
0.40546
0.942437
0.332956
0.675128
0.537224
0.579746
1.1192
0.572689
2.66408
1.04371
1.32737
0.568226
1.13829
1.7201
0.61774
0.919321
1.21655
0.745783
0.760349
0.454899
0.536911
0.258623
1.43298
0.372399
0.525558
1.05036
1.45715
1.16241
0.303227
1.96652
1.6348
0.742079
0.834247
0.809277
0.288648
0.937136
0.293668
0.475989
0.455759
0.618328
0.614268
0.354562
0.446634
0.973665
0.491911
1.31598
0.361357
0.300318
0.172543
0.602982
0.425409
0.645571
0.35554
6.4722
0.82582
0.608788
0.223286
0.74249
0.371671
0.492097
0.298086
2.90523
0.178741
0.594162
0.782492
0.819377
0.304666
1.03768
0.522743
0.447018
0.451933
0.280572
1.70304
1.09705
0.487037
0.539243
1.03127
1.01417
1.71246
0.262515
0.830004
0.255203
0.719368
1.56968
0.379016
0.229277
0.592448
1.22172
0.324471
2.07462
1.59595
0.297041
0.432252
0.335282
1.01563
0.596345
0.927593
0.477229
0.299153
0.460279
0.47978
1.01932
0.457937
0.517737
0.64159
0.160468
0.749177
3.58274
0.555631
0.225283
0.623048
0.90881
0.61396
0.336061
1.11097
0.256474
1.15308
1.19132
0.916863
0.597389
1.64187
0.345208
0.751809
0.450966
1.29314
0.952591
0.409721
2.2692
0.721243
0.227861
0.888765
0.418843
0.291249
0.979728
2.23313
0.758809
0.317334
0.947712
0.558239
3.90106
1.00259
0.979024
3.33145
0.203226
0.593664
1.17719
0.788734
0.656999
1.74504
0.707916
0.674304
1.30702
0.139245
0.465472
0.661582
0.681011
0.399371
4.62466
0.231654
0.192937
2.17515
0.683575
1.31021
0.852052
0.452714
0.513303
0.625899
1.33643
0.144278
0.46874
0.495163
1.66032
0.244853
0.224443
0.563967
1.46548
0.904959
1.07544
0.958705
0.352275
0.261563
0.398454
0.322489
0.545617
0.496045
0.415426
2.48536
0.237848
0.645343
2.12078
2.09285
0.415602
0.858677
1.40043
1.36298
1.52448
1.6927
0.464476
0.626692
4.87443
1.09849
0.624654
0.575401
0.603351
0.821134
0.166674
1.00906
0.29736
0.578642
0.196131
2.08116
0.21965
2.86065
0.597252
0.805619
1.24964
0.483633
0.420805
0.44907
0.141287
0.981103
3.02968
0.250237
1.3817
0.833661
0.312091
0.665433
1.30895
0.180393
0.320584
0.361573
0.974067
1.33945
0.876454
1.39435
0.668721
1.05882
0.722821
0.179644
0.32118
0.23774
0.576281
0.441845
0.205153
0.849974
0.192868
0.957853
0.395681
0.19001
0.862308
0.298624
0.732583
1.04688
1.22603
0.900063
0.65545
0.94414
1.40783
0.27498
0.673687
0.602772
0.805071
0.583715
0.0743541
1.03213
1.86506
0.585129
1.23331
0.553529
0.267697
3.31366
0.336974
0.449619
0.424406
0.378008
0.486059
0.320226
1.21268
0.319229
0.45286
0.367824
0.573996
0.607039
0.387842
0.371043
0.59749
0.788797
0.0853889
0.328881
0.965382
1.2661
0.348298
0.491652
1.7674
2.73923
0.748885
0.610201
0.301685
0.435447
0.401584
1.3758
0.584046
0.301375
0.868567
1.06331
1.06688
0.786533
0.293579
1.35397
1.57843
0.278847
0.743573
0.499878
2.50337
1.46626
0.957964
1.94361
0.355973
0.673196
0.320677
0.926425
0.22677
1.81742
0.462466
0.417259
5.71844
0.636617
1.00023
0.38173
1.63344
1.02766
0.435579
0.718392
0.285953
1.80297
0.411709
2.10094
1.70646
0.488521
1.38173
0.238131
2.66253
0.390361
1.77593
0.15137
0.0580316
0.614183
5.64239
0.630672
0.995596
0.542896
0.569471
0.174519
0.430644
0.822947
0.663175
0.305005
0.288444
0.293084
0.476831
0.428089
1.73156
0.62637
0.808874
0.277838
0.545275
0.621576
2.41622
0.65217
2.60497
1.21944
0.538268
0.202541
0.433491
0.343307
0.383643
0.435772
0.641042
1.03496
0.186142
0.631614
0.849615
1.6599
0.666769
0.297364
0.310248
1.37198
0.233692
0.385509
1.4129
0.465546
1.46089
0.27663
0.941948
0.516607
0.929912
1.7185
0.578424
0.425135
0.613732
0.554978
11.619
2.51536
0.904881
0.144187
0.924369
0.574995
0.891899
0.380952
0.930307
1.14868
0.257489
1.35678
0.227946
1.25061
0.505491
1.01946
0.779316
0.30151
9.3312
0.297466
0.1762
1.0678
0.767964
2.19157
0.477726
0.704704
0.7243
1.09998
0.356702
0.577782
0.996806
0.437124
0.339825
0.386921
0.164921
0.419097
0.540737
0.634081
0.729265
1.25901
0.276635
0.458909
0.406031
1.54907
0.421089
0.471943
0.195389
1.1202
0.401344
1.49647
0.375626
1.78518
0.221102
0.82785
0.72311
0.693995
0.447676
0.350098
0.592438
1.38253
0.140503
0.313448
0.273085
0.726845
0.424034
0.36203
1.71042
0.325889
0.476907
1.10374
3.5889
0.40544
0.458179
1.23043
0.638414
0.386635
0.595727
0.393169
0.376138
0.671023
0.457173
1.75442
0.38807
1.11411
0.321883
0.659226
0.552546
0.52579
1.56042
1.23808
0.477279
0.12024
0.591576
0.517343
0.548219
0.420226
0.385324
0.22167
0.713338
0.414045
1.28349
0.922344
0.930001
1.65024
5.97624
0.57439
0.559829
6.52079
0.844349
0.302818
1.49549
1.1739
0.998071
0.335122
1.07187
1.00567
0.470518
3.09042
0.777637
0.941177
0.593825
1.40626
0.0993709
3.62587
0.216089
1.14389
0.901249
0.265624
0.311282
0.273127
0.491813
0.161746
11.8832
2.5258
0.368147
0.448826
1.10921
1.30426
1.06568
0.712275
1.44096
0.585215
0.304379
2.50508
0.75311
1.34302
0.834434
0.818797
0.149806
6.54706
0.664087
0.66897
1.09907
0.770542
0.491076
0.249995
0.344261
0.500743
0.499196
1.09742
0.421143
0.419294
0.298033
1.44717
2.56037
1.07548
1.15016
0.167232
0.944841
0.540583
0.343819
2.9059
0.529232
0.775118
1.07955
1.68644
1.08793
0.228928
1.31799
1.00774
0.50335
0.541853
0.436728
0.782934
0.432664
0.338625
0.776787
0.862474
0.760157
0.622251
0.271873
1.37144
1.95018
0.726276
0.348222
0.13059
0.709028
0.551286
0.231132
0.358631
1.25907
0.291429
0.859225
0.308167
0.182715
0.51045
1.16615
1.22071
0.426965
0.415583
0.186345
0.381117
0.408891
0.293416
0.696794
0.551563
0.638177
1.63631
0.368078
0.254886
0.629334
2.00995
0.820611
0.282398
1.51337
0.125374
3.48604
0.403057
0.281735
1.05038
0.879685
1.67827
1.81779
0.460672
0.316545
0.561064
0.958118
0.658631
0.638015
0.294279
0.881027
0.564687
1.43931
0.200419
0.569782
0.722643
0.976956
3.98917
0.232542
0.390608
0.51832
3.62949
1.27363
0.770821
1.45997
0.367715
0.622916
3.70623
1.93386
0.424635
1.10993
0.144533
0.742593
0.718806
0.828495
0.948715
1.10451
0.334735
0.398008
1.63754
0.463835
0.535644
0.220781
0.368718
0.3674
2.12963
0.343188
4.75739
2.7245
0.472327
0.846645
1.43282
1.1612
0.534957
0.63445
1.11499
1.05305
0.454166
1.25573
0.755992
1.38285
0.259554
2.59739
1.09377
11.7757
0.429093
0.401625
0.732057
0.645488
0.65529
0.496709
0.515324
0.27246
0.574025
1.17182
1.31304
1.65413
0.437188
0.243139
0.49843
0.599051
1.41823
0.490213
1.39549
0.694816
0.181295
0.76914
0.551313
1.25776
0.493877
0.77715
0.977624
0.498259
0.41578
0.438017
0.604576
1.63977
0.325105
0.88259
0.145928
0.307449
0.653806
0.24557
0.253549
0.673023
0.649118
0.398912
1.19646
0.826216
1.05341
0.251534
0.624841
0.541522
0.253606
0.698779
0.817905
0.759104
4.4389
0.34988
0.350293
0.171631
0.195966
0.439345
0.20107
1.10471
1.44308
1.23324
0.295396
0.488375
0.639563
0.455638
0.193935
0.399447
0.170034
0.401522
3.31293
0.856847
0.827423
0.706122
1.15909
1.15985
1.10389
0.181138
0.088699
0.444029
0.781071
0.299181
0.770045
0.660687
2.13633
1.32777
0.334191
2.65296
0.285557
2.76047
0.549545
0.672339
0.24411
0.252731
0.557194
0.63245
2.75744
0.24266
0.670176
0.152937
1.28796
1.32462
1.36274
0.891764
0.426285
0.255493
0.676838
0.059456
0.647496
0.206578
1.30037
0.433922
1.11055
0.702945
3.3566
0.855697
1.00653
0.635753
0.343266
0.813915
0.216238
1.12159
0.0537422
0.856152
0.901993
0.501984
0.470144
0.69022
0.631272
1.4111
0.843089
0.698353
0.501901
0.388885
0.469125
0.711465
1.25081
0.611553
0.487864
0.869672
0.887656
0.285155
0.281257
0.590164
0.343066
0.516351
0.391383
2.39671
0.738884
0.361369
0.214957
0.581695
0.403322
2.22423
0.226049
0.31499
1.44469
0.665686
1.8309
0.719132
0.865073
0.233381
0.71683
0.237723
0.373846
1.09364
1.71184
0.160242
0.261232
0.320039
0.382351
0.503047
2.15052
1.07282
3.96296
0.917535
0.353111
0.263256
0.416542
0.175578
9.13705
0.6352
0.352169
0.444683
0.433038
0.921423
0.50353
0.168773
0.178766
0.440555
0.283424
3.99422
0.599696
0.772058
1.78004
1.52656
1.16787
0.33352
0.645492
1.89062
0.192426
0.524726
0.418968
0.200576
0.617726
0.651871
0.574263
0.328762
0.433822
1.58797
0.740075
0.216093
0.473558
0.596345
0.739004
0.223986
0.454842
0.613723
0.421077
1.36776
0.384702
0.14286
1.00525
0.224975
0.181444
0.932738
0.526154
0.828077
0.396671
0.790822
0.264632
0.619693
0.731651
0.938302
1.70179
2.36612
1.68992
0.422168
2.50612
0.419559
0.437689
0.451083
0.385571
1.15932
0.429501
1.34967
1.03537
1.45444
1.33701
0.14436
0.272695
0.360053
1.43493
0.346283
0.51742
0.625589
0.266658
0.408552
1.50704
1.07741
0.49804
0.449423
0.990078
0.564953
1.62177
0.190472
6.24873
0.59934
1.19794
0.613322
0.357395
1.11021
1.05358
1.48174
0.503
0.678085
0.803879
0.248971
2.70858
1.01644
2.41495
0.466508
0.696488
0.698304
0.472289
0.313625
0.463583
0.825469
1.10824
3.22771
0.395025
0.545896
0.447214
0.486017
0.375401
0.211633
0.620859
1.76231
0.599666
0.972654
0.395044
0.536855
2.341
2.56412
0.209634
1.19546
0.554482
0.866289
0.146841
0.604753
0.589575
1.01809
0.579129
0.160867
0.557682
0.250194
0.329656
0.357959
0.522382
5.65522
0.511719
0.449334
0.575797
0.596551
0.310554
0.424254
1.03858
0.711086
0.676742
0.520386
0.707033
0.654045
0.421619
2.48582
0.613959
1.79799
0.310389
0.244632
0.38329
0.563365
0.604925
0.958529
0.618304
0.0910782
1.27655
2.66129
0.53102
0.882053
0.487687
1.92557
0.350975
1.26117
1.13948
0.446489
0.742187
0.717172
0.730764
3.59288
0.71099
0.162127
0.215523
0.241233
0.514312
0.657964
1.21268
1.08735
0.833499
0.856258
0.597354
0.462217
0.214278
0.383659
0.50915
1.06386
1.02999
0.436179
0.467562
0.436328
0.283321
0.443211
0.588778
1.3592
0.786884
0.249838
0.555506
1.19937
0.247065
3.23942
0.341112
0.54422
0.801629
0.550625
2.08998
0.874346
0.497084
0.388025
0.350708
0.755046
2.03003
0.601284
0.261096
0.831283
0.740657
0.799833
0.660269
1.48501
0.485691
0.711237
1.34414
0.470352
1.63922
0.126436
1.51113
0.390161
0.479517
0.893107
0.656354
1.10843
0.407169
0.374916
0.442774
0.545873
0.362265
0.750328
0.495088
1.03375
0.221651
1.60022
3.98001
0.789631
2.27736
0.560564
0.810191
0.318813
0.876978
2.12953
0.847171
0.346582
0.714393
0.993139
0.377238
0.190461
1.11945
1.05621
1.02704
0.399066
1.63354
0.259772
0.209882
0.403026
0.403482
0.393086
1.0099
0.508669
0.760848
1.3244
0.498673
0.323311
1.61926
0.215245
0.495019
0.680253
0.714811
0.56842
1.23261
0.319698
0.554799
0.7917
0.829492
1.3377
0.730555
0.342067
1.85973
0.547166
0.346713
0.285592
0.712991
0.442089
0.725184
1.28799
0.23212
1.33901
0.199476
0.374503
1.19743
0.499986
2.8294
6.27579
0.446565
1.62777
0.706237
0.842418
0.557123
1.06572
1.99292
0.385006
0.558817
0.525574
2.17417
1.04161
0.757476
0.511772
0.206773
0.836685
0.432653
2.11867
0.234545
0.335557
0.858419
0.433793
6.93898
0.865952
0.92204
0.262177
0.329687
1.25535
6.08092
0.35671
0.238372
0.433454
0.229396
0.836489
0.86123
1.029
1.07748
0.699818
4.59561
0.530192
1.08225
0.863906
0.709173
0.294927
1.16361
0.437633
0.245339
3.38952
0.689248
0.908441
4.29461
2.72957
0.510933
1.52528
0.740215
0.719076
0.676207
2.01039
0.442866
1.30772
0.39856
0.586301
0.795692
0.388264
1.28609
1.02493
0.9048
1.04377
0.583
0.342009
0.414502
0.693991
0.331039
0.897354
1.20097
0.332778
0.721822
0.985865
2.18102
0.488415
2.20036
1.83282
1.78211
0.780825
0.214247
0.549186
0.372053
0.666165
1.13121
0.650382
0.444472
0.274129
0.954881
0.108073
3.64796
0.250112
0.400781
0.636696
0.90699
0.936299
0.952937
0.696739
0.519485
0.657433
1.47422
0.347808
0.524129
0.763831
0.393975
0.531842
0.585821
0.527828
3.47597
1.41729
0.679525
0.383275
1.02569
0.231671
0.493852
0.678216
1.14436
1.11206
0.452731
0.256399
0.551972
0.986082
0.297458
0.714338
0.452663
0.278574
1.30465
0.36193
1.65876
0.530492
4.02748
0.220937
6.07582
0.942022
0.65558
0.383262
0.417591
0.734828
1.41715
1.4784
2.33859
0.590236
2.69684
1.57782
1.12531
0.389317
0.665133
3.26268
0.600592
0.724471
0.488177
0.647287
0.144254
0.403327
1.2035
0.285812
2.50166
0.273151
0.211575
0.725316
0.509032
0.444752
1.21715
0.878935
0.435581
0.240174
0.180682
0.589806
1.08959
0.51093
0.642454
0.675333
0.734149
0.323483
1.09958
5.01237
1.23982
0.644868
0.16355
0.848726
0.460571
0.748789
1.2316
0.105375
2.76184
0.98827
0.674842
0.610278
0.355341
1.6059
2.4052
0.203779
1.18319
0.243024
0.345248
6.97827
0.846493
0.555722
0.852876
3.21762
0.975401
0.370916
0.268085
0.517746
0.90377
0.307338
0.439251
0.832641
1.09756
1.36959
1.62064
0.464478
1.44968
1.08052
0.994747
0.439759
1.52581
0.349817
1.05678
1.09381
0.308828
0.249509
1.18095
1.12363
0.65796
0.079095
0.324521
0.344261
0.517372
0.343495
0.649846
1.39708
0.760179
0.412773
1.24423
0.868224
0.593675
0.531157
0.98912
0.192328
0.130741
0.325465
1.58831
0.472943
0.52936
0.550841
0.292093
0.51641
0.497554
0.702769
0.734204
0.641253
1.20752
0.183096
1.22291
3.07295
1.09046
0.264253
0.900464
0.712693
1.20887
0.223523
2.47109
0.196887
0.50811
0.681688
0.267276
0.432322
0.407198
0.26974
0.605608
1.80566
0.809408
0.0288579
0.342568
0.406765
1.11185
2.07291
0.902991
0.475103
0.118073
0.318228
1.22755
2.43215
0.940165
0.246664
0.495772
0.82733
0.866948
0.446336
1.00615
0.366324
0.420721
0.644404
0.644993
0.958428
1.56263
0.741636
0.795256
1.42822
5.9563
0.45585
1.19531
0.322507
0.781033
0.478976
1.47763
0.631329
0.945612
0.241452
0.555442
0.388316
0.695704
0.279108
0.65259
0.53824
1.3099
1.6795
0.898507
0.869163
0.102595
0.357346
0.252994
1.62464
0.441417
0.925567
0.488502
0.696204
0.189436
1.56489
0.580499
0.1507
0.770292
1.50666
0.361236
0.274711
0.578094
0.364465
0.63492
0.350946
1.06684
0.217652
0.942329
1.12816
0.677926
0.92242
0.272593
0.604628
0.790492
0.904538
0.541256
0.377627
1.81443
0.658799
2.41686
2.56771
0.211849
1.01708
0.297256
5.40648
4.72128
0.175712
1.6279
0.545808
0.572464
0.403972
0.353361
1.64939
0.488142
0.289109
1.14858
1.82333
0.382197
0.658377
1.07283
4.66453
0.158885
0.697985
0.849907
0.537139
1.59034
0.460747
0.397196
0.897233
0.652828
1.28028
0.794873
0.560183
2.24111
0.705069
0.817038
0.141753
0.760951
1.59656
1.18347
0.92405
0.664457
0.270484
0.411045
0.25262
1.63337
3.15941
0.899195
1.85705
0.8833
0.328635
0.551887
0.643599
0.990334
1.5771
0.252766
0.242643
1.17783
0.2772
0.191583
0.637226
0.264915
0.495943
0.88428
2.55667
1.64493
1.1517
3.81269
0.133657
0.290849
1.08762
1.11058
1.42588
1.11815
0.262698
1.45299
2.73873
0.800727
0.276976
2.60468
0.200821
2.02458
0.549536
2.0044
1.3495
0.880082
0.461228
0.504241
0.896331
0.436575
1.28753
0.423478
1.12976
2.81161
0.495204
0.495404
4.01024
0.464518
1.32722
0.395512
0.286519
0.39754
0.67069
2.28865
1.19509
0.69919
0.317237
0.797395
0.873188
0.473988
1.44858
0.230433
0.642562
0.894375
9.08419
0.171646
0.585379
0.458153
0.681403
1.51323
1.49914
1.29496
1.24666
1.89858
0.47796
0.704174
0.624131
0.512622
0.451975
0.566629
0.365442
0.635593
0.297239
1.74491
2.12222
0.729432
0.517623
1.25703
0.583721
0.420569
0.844959
0.58207
3.80655
0.657646
1.44655
0.522815
1.02169
1.16044
0.355903
2.64783
1.60076
0.393386
0.318046
0.549944
0.598101
1.66172
1.85902
0.64709
0.556785
0.463032
1.43012
0.204601
0.189117
0.36218
1.24366
0.570037
2.22847
0.70463
0.333931
1.68032
0.204741
0.204052
1.10162
0.949129
1.6261
0.35156
0.578766
0.525831
0.0695204
1.82865
0.396793
0.126489
1.30592
0.844724
0.350077
0.474354
1.65968
0.639467
1.26908
0.264079
0.547622
2.35565
1.50648
0.300834
4.37444
0.233596
0.345537
1.13939
0.876096
0.339246
1.99309
0.251568
0.671146
0.560387
1.26734
0.755742
0.784021
0.459827
1.35619
0.843303
1.1589
0.59854
1.14107
0.376059
1.35794
0.603501
0.837907
3.32653
0.129197
1.02535
0.410323
0.0736942
1.17759
2.47528
0.211711
0.849729
0.923182
0.0505519
0.839009
0.410689
1.27984
3.86285
1.89339
4.82017
0.517162
0.538192
0.250775
1.31173
0.757905
0.784012
1.20941
0.43808
0.302757
0.792302
0.403891
0.972062
2.47958
0.49283
0.330949
0.393031
0.10553
0.93749
0.209188
0.659572
0.261067
0.955218
0.859602
0.341035
0.557509
0.594974
0.478481
1.28236
0.620863
0.233059
1.16071
0.441074
0.511922
0.433566
1.00274
0.812755
0.315116
0.385744
0.213229
1.94105
0.557147
0.366181
1.08177
2.55385
0.494731
2.63143
0.594728
1.31239
0.494601
1.14855
3.72746
0.0891961
0.862276
1.56415
0.832072
0.660012
0.459746
0.319815
1.15359
0.847543
0.803593
0.493221
2.191
1.68162
1.5133
0.601415
7.26449
2.6823
0.902209
0.230859
0.146186
0.493306
0.243008
3.11258
0.736154
0.992931
0.995322
0.825672
0.604058
0.529279
0.987559
2.3157
0.457709
0.505955
0.160175
0.801374
0.78292
0.362997
0.664118
1.37697
0.123813
0.634251
2.01521
0.3291
0.396102
0.46095
1.1284
0.746401
3.7215
0.57085
0.194361
0.387954
0.461887
1.85716
0.492145
0.577684
0.294364
0.342526
4.40599
0.175564
0.674107
0.576011
0.0901158
0.728427
0.906446
0.965488
0.567682
1.87644
2.29003
1.12882
0.431247
0.163768
0.495348
0.479403
0.0388706
0.524673
1.02731
0.205397
0.631786
0.283564
1.15964
0.493316
1.19111
0.889153
3.87716
0.964813
0.863052
1.02853
0.473553
0.464503
0.317411
1.46525
1.26912
0.656398
0.691129
0.375473
0.490182
1.09566
0.26309
0.442359
1.69322
0.379874
0.370871
2.08397
0.775996
0.58038
0.615527
0.542196
0.298422
1.37292
2.86412
0.29636
0.276408
1.54222
0.884517
0.46687
0.878451
1.29037
0.757613
0.561213
0.216943
3.44981
0.442764
1.42262
0.251062
3.03321
0.861324
0.29213
0.884952
0.484612
1.34374
1.01504
0.169503
0.142136
1.23004
0.275111
0.123492
2.01871
1.28738
1.74458
2.75686
0.253884
3.28105
0.625089
0.75003
0.283143
0.645137
1.94403
1.08064
0.839498
1.36755
0.480089
0.939704
0.436642
1.57358
0.765776
0.233737
0.463552
0.506774
0.291384
0.772104
8.06911
0.154011
0.609233
0.697478
0.599783
0.509722
0.457746
0.431936
0.845518
0.414349
0.634833
3.40376
0.243439
0.486842
0.34606
1.45306
0.638642
1.54598
0.294675
0.884329
0.574213
0.502261
0.969255
0.738973
1.11027
2.12114
5.86328
1.01923
0.130689
0.540902
1.46658
0.239253
0.570079
0.531939
0.277279
1.3202
0.393114
0.461398
0.296973
0.719642
0.541569
0.885771
0.593116
0.505623
1.58715
1.00546
0.486384
0.877754
1.09422
0.468087
1.17978
0.668576
0.357669
1.62197
0.780473
0.701416
0.771952
0.218711
0.392457
0.680982
0.913295
0.478655
0.33357
0.842939
0.327173
0.80956
0.915455
0.594871
1.9437
1.44669
0.320915
0.492361
1.98896
0.80389
0.300717
0.130919
0.579413
1.07851
1.24154
0.376161
1.1145
0.544405
0.237203
0.307573
0.855973
0.782131
0.940426
0.329509
0.243845
0.405331
0.358429
1.18154
0.431992
0.847916
0.720994
0.480186
1.63944
0.152488
1.07105
0.280429
0.28439
0.361684
1.04622
10.7427
1.31182
1.53356
0.560011
1.41042
0.908164
0.199782
0.269926
0.772348
2.01415
1.11668
1.2297
0.584319
0.568774
0.150042
0.123261
1.75515
0.410065
1.05164
0.524361
0.848595
0.540918
0.36613
1.15868
0.398379
0.303908
1.45975
0.641502
0.478211
0.564277
1.34328
0.63007
0.513192
4.44549
0.514894
0.536814
0.821585
0.74962
1.07702
0.979734
1.00796
1.2485
0.529819
1.11809
1.60571
1.16491
0.782839
0.925766
0.451618
0.643464
0.525086
0.127087
0.531085
0.350577
0.201344
0.236582
0.28472
0.429082
0.433299
0.820711
0.473163
0.261998
0.598155
1.09945
0.337187
1.40176
0.296384
0.369681
0.333802
0.794523
1.36289
0.63457
0.77243
0.729077
0.301391
0.517519
0.871254
0.406804
1.74783
0.536242
0.220875
1.14766
0.112977
0.658287
0.225906
0.617903
0.305382
1.11074
0.241525
0.251842
0.411192
1.23894
1.15747
0.273306
0.396783
1.90456
0.514141
0.264457
0.194306
0.448939
1.2818
1.45897
0.222364
0.943986
2.42637
0.582886
2.42152
0.488958
0.280918
0.618377
1.16052
0.239394
2.23069
0.624797
0.788268
2.26802
0.389402
0.691277
0.46126
1.14747
1.56986
0.292166
0.625621
0.946606
0.222023
0.256704
0.229751
1.20863
0.230178
4.06823
1.11214
0.890908
0.7071
0.657845
0.563873
0.565731
0.430351
0.410415
1.04787
0.616321
0.318171
0.578461
1.19934
0.357424
0.347508
0.826066
1.04071
0.535462
2.76572
0.159149
0.285431
0.563659
0.384139
0.409808
0.353011
6.08306
0.508925
1.05883
1.13924
0.20268
1.25106
0.369995
0.81921
0.793498
2.6447
0.814496
1.13924
0.49897
0.412829
0.406437
0.504007
0.884409
0.394156
0.186005
0.369471
0.457136
1.02034
0.144058
0.617938
0.490119
0.973927
0.232082
0.351623
0.406741
0.739053
0.279212
0.412803
0.933984
0.464512
0.835096
0.779374
0.8538
0.244518
0.518187
0.226856
0.739034
0.319699
0.622765
0.688526
0.99891
0.827591
0.443352
1.3236
0.443533
1.32573
1.00799
2.95199
0.556831
1.88476
0.840692
0.778343
0.601017
0.371761
0.879497
0.620469
0.986133
0.675438
0.575882
0.331385
0.253733
2.72468
0.58606
1.42816
0.40462
0.696714
1.743
0.483615
1.02744
0.810518
0.646888
0.536675
1.05048
1.1712
0.770147
0.722871
2.31992
2.57693
1.18123
0.575542
0.905363
0.413191
0.619059
0.331889
0.347699
0.115957
1.16482
1.427
0.428969
0.205789
0.835295
0.314571
0.863126
1.0908
0.737009
0.81079
0.571314
0.935968
0.862428
0.642796
1.35926
0.659255
0.219573
2.13142
0.818906
0.476845
0.624163
0.537681
0.966985
1.2195
0.71073
0.120856
1.92444
1.45262
0.203857
0.950945
0.497045
1.28425
4.96968
0.700758
1.36398
1.6568
0.700382
0.493524
0.967319
0.767782
0.859048
0.436384
0.755689
1.43555
0.119529
1.50447
0.946703
1.08356
0.647917
0.309571
0.188323
0.303972
0.441526
0.732334
0.215852
1.44803
1.30324
0.699688
0.35681
0.70808
0.650584
0.681295
0.439965
0.104036
0.914946
1.03071
0.183226
0.167599
0.380297
0.803895
0.723759
0.571437
0.524551
2.57006
1.21033
0.385535
1.35115
0.268365
2.98969
5.28566
1.52735
1.31019
0.815995
0.209686
0.144399
0.125273
1.87592
0.446818
3.60541
0.614629
0.676505
0.261501
1.59503
2.2676
2.69659
0.637105
0.225925
2.06013
0.949618
1.0097
1.63212
0.562348
0.994124
0.322736
0.786904
1.02965
0.381909
0.460794
1.00411
0.215283
0.756844
1.08906
0.342556
0.577165
0.972543
7.03849
0.427418
0.58914
1.52397
0.567308
0.801729
1.52716
0.278704
0.555939
0.948316
0.852187
0.543852
2.21953
1.38499
1.1541
1.72099
0.637762
1.3746
0.902599
0.372023
0.222651
0.511475
1.12636
0.472979
0.46662
0.293189
1.52252
0.512645
0.392524
0.691208
0.344908
0.499773
1.01489
0.963086
0.201956
0.468925
0.618732
0.771667
0.161985
0.459697
2.09993
0.510026
0.490995
0.881434
2.13789
3.08023
0.846965
0.473794
0.380801
0.492722
1.54406
0.313034
0.698905
0.535338
0.584938
0.218946
0.273386
0.46915
0.636262
1.19952
1.18304
0.55561
2.08992
1.07002
1.12966
0.609193
2.22972
0.316824
2.65493
0.695785
0.529981
0.459489
0.946833
1.00509
0.475325
0.545992
0.539063
1.85727
2.72529
0.448805
0.283686
0.449026
0.122642
0.321415
0.602315
0.193958
0.559043
0.524507
2.37898
0.844439
0.932231
1.39975
0.786707
0.290535
1.32129
0.629965
0.421362
1.29922
0.856431
0.16941
0.81292
0.144117
0.206012
0.64074
0.545457
1.10367
0.639723
2.0181
0.455729
12.2551
1.14168
1.12998
0.692712
0.402443
0.529487
1.70576
0.323413
1.47707
0.171072
1.01927
2.86421
0.0834976
1.07301
1.05753
1.7473
0.464142
0.389234
0.557039
0.168053
1.16818
0.217422
1.10256
0.155473
0.661512
0.492349
0.56228
1.25086
0.118212
0.503938
1.00743
5.41161
0.714364
0.945623
0.618451
0.417765
0.705447
0.256966
0.659118
0.516118
3.69371
1.7531
0.973338
0.473469
2.0564
0.576126
0.603848
0.556318
2.38534
0.780487
0.277984
0.497311
0.339681
0.932848
0.900594
0.40415
0.721937
0.662077
1.02868
0.552037
0.262204
1.38304
0.856062
0.891174
0.938807
0.559497
1.02218
0.991721
0.662996
0.337277
0.697996
0.816912
0.828689
0.569983
0.620649
0.83065
2.3075
1.22167
0.893821
2.21294
0.784606
0.558242
3.30355
0.381107
0.646409
0.385649
1.06749
0.651852
1.10045
0.771823
0.201181
0.823359
0.687912
1.01664
0.672372
0.168617
0.103258
0.494569
0.369503
0.186557
0.734946
0.268402
0.613026
1.27551
0.173704
0.275047
0.93773
0.991507
0.591024
0.589662
0.393574
0.303269
1.09768
0.943019
2.27084
0.907722
0.57143
0.789102
1.07144
0.710868
1.0724
0.473089
1.91347
0.305201
1.35822
0.32801
2.2494
0.82799
0.603999
0.582409
0.281588
1.85592
0.791604
0.0973615
0.305362
0.397835
0.45345
1.03903
1.64917
2.54029
0.373637
0.120941
9.63875
0.820206
0.463103
2.56363
0.804435
0.914633
0.098116
0.876337
0.357723
1.76159
1.64689
0.542036
1.23396
0.571609
0.469289
0.404584
0.179016
1.07222
1.61232
0.496153
0.638939
0.24524
0.241059
0.589024
0.289457
1.05628
2.39366
0.480137
1.59648
0.426507
0.413187
0.338811
0.58274
3.653
0.84855
6.04011
0.397768
0.43821
0.571551
0.751895
1.49361
0.148897
0.882772
1.26025
1.09307
0.509785
1.10771
0.104855
1.09034
1.09491
0.624074
0.530939
0.231271
0.318383
0.389007
1.21597
0.254115
1.00149
0.689716
3.28206
0.328646
2.5895
0.35804
1.15495
0.505831
0.630647
0.488637
0.651259
3.19486
1.14482
1.12053
0.418045
0.937491
0.441409
0.510636
0.41105
0.196458
0.567938
0.867102
0.283367
4.46966
0.566575
1.00552
1.08525
1.00734
0.185283
3.60434
0.424283
0.724951
1.21036
0.605964
0.981913
6.67632
1.14563
0.387701
1.71425
0.818646
0.508909
0.579826
0.519539
0.944201
2.67561
3.01193
0.40939
0.3599
0.471576
0.496459
0.833467
0.552713
0.332941
0.271767
1.79369
1.33875
0.409022
0.589909
0.329531
0.855962
1.36301
1.02323
0.454789
0.616357
3.33065
0.915061
0.313188
1.53396
0.83705
0.823963
0.182953
0.994009
0.8839
0.402982
1.10904
1.62359
0.595878
0.42419
0.794411
0.384562
0.568508
0.992633
0.828708
0.823072
0.695176
1.05603
1.3574
0.663292
0.730007
1.08192
0.412161
0.700333
1.83804
2.08115
0.394378
0.310114
0.0626842
0.746974
2.77283
0.413636
0.632434
0.608848
0.382473
0.343894
1.30721
0.442895
0.969016
1.45949
0.739711
0.344174
0.252491
0.562198
0.797451
0.937759
0.722639
1.07262
3.13714
0.715995
0.860262
1.29921
1.15105
0.390946
5.57272
1.07373
0.723018
0.302179
0.315732
1.6116
0.37414
0.617852
1.05215
1.14058
0.916785
0.561776
0.807016
1.32502
0.454391
0.470534
1.03519
0.331052
0.634863
4.72917
0.656603
0.980937
1.19108
1.01354
0.500085
0.6396
0.686072
0.633466
0.363473
0.83893
0.990073
0.452109
0.0671599
7.75245
0.434671
0.704641
1.9537
2.13287
0.199437
0.936673
0.460553
0.442729
2.10733
0.0802652
0.490554
0.312364
1.47686
0.66584
0.934389
0.521878
1.34029
0.686982
0.534542
0.329039
3.26992
0.406151
0.522516
2.0831
0.881814
0.663899
0.671064
1.01373
0.90609
0.623015
0.531054
1.40598
0.205957
0.461882
0.326769
0.830722
0.140394
1.17151
0.780693
1.62173
1.22785
0.251738
0.62144
0.541383
0.427763
1.65434
1.54638
0.313232
0.550213
0.781668
2.11478
0.43259
0.304931
0.415289
0.434369
0.857083
0.428057
0.411783
0.499131
0.63301
0.522099
0.917716
0.775805
0.333949
0.596065
1.98202
0.789074
0.748429
0.694128
1.0105
0.384318
0.809469
2.5318
0.505318
0.907235
2.02299
3.72701
0.457099
0.886078
0.430135
0.873567
1.00855
1.14191
0.673882
1.77053
0.752759
0.468489
0.217522
3.13947
0.825506
0.372505
0.342935
0.730761
0.783148
1.42078
1.29735
1.27604
0.359088
0.565551
2.3861
0.23293
0.119019
0.929371
0.612394
0.602628
1.14853
1.78309
0.690538
1.08834
0.372832
0.285065
0.634556
0.861765
1.33024
1.70512
0.321533
0.606573
3.5864
1.77714
0.45556
0.378839
0.381718
0.643552
1.43642
0.468424
0.426153
1.6415
0.330064
0.579847
0.352519
0.345868
1.17545
1.13073
0.916249
0.580403
0.536272
0.763743
1.87216
0.159919
0.594517
0.816829
0.680626
0.608411
2.2045
0.799222
0.227358
0.257461
0.31085
2.43671
0.424616
0.814623
0.585962
1.90686
0.510645
0.642191
1.12236
0.674799
0.318404
0.235967
0.392011
0.501557
0.539014
2.95249
0.728357
1.83261
1.55404
0.587745
0.668337
5.94078
7.18416
0.446185
0.410248
0.812754
0.19836
0.517549
1.20381
1.44017
0.945216
0.97563
0.521075
0.288264
1.39742
0.54605
0.479723
0.350959
0.421444
0.459707
0.336982
0.195905
1.27037
1.19251
1.29545
0.633264
0.322029
0.798384
3.12384
0.145835
0.519412
1.2809
2.23683
0.54768
1.30645
2.25165
0.936869
0.539734
0.225469
0.516505
0.645917
1.1539
0.766027
0.416125
1.71544
0.545538
0.474992
0.371222
0.331344
0.833394
0.555709
0.934999
0.829301
1.86639
0.663544
4.81089
0.258685
0.580474
0.859651
0.846192
1.35713
0.98659
4.39136
1.13045
0.115628
1.06134
0.547571
0.464628
3.43857
1.48826
1.21959
0.257779
0.356876
0.736038
1.3942
0.688707
0.16336
0.374527
2.38064
0.293497
1.10685
3.21671
2.26487
0.566257
0.671309
0.147272
0.484357
0.420485
0.101591
0.61307
1.35901
0.482214
0.572661
1.11592
0.54702
1.98862
0.160674
1.23529
0.776797
0.832223
1.0987
0.299534
0.290882
0.655017
0.580497
1.81105
0.37158
0.533692
0.299392
1.22105
3.6398
0.549223
0.208527
2.22983
0.724366
1.62791
1.45286
0.380095
0.800161
1.11512
1.27822
3.75529
1.59814
0.870677
0.402239
0.398914
1.54546
0.152567
1.21004
0.274468
1.05129
0.974428
0.100748
0.391927
0.303445
0.258335
0.389903
0.251152
0.671647
0.793884
1.34175
1.12867
0.594838
0.130005
0.213897
0.782146
0.604095
0.602318
1.08883
1.01803
0.375226
1.1962
1.26109
0.642546
0.708766
0.698099
0.32156
0.640196
0.49011
2.12169
0.266154
0.47815
0.481881
0.258745
1.02658
0.792527
0.420651
0.88321
1.47368
0.280425
1.12268
2.47974
1.73769
0.637183
0.866333
0.292224
0.39583
0.451961
0.323949
0.860849
3.09676
1.3863
0.45833
1.14921
1.23045
0.616309
1.06185
0.375356
0.437571
0.9012
0.709261
0.60191
0.494014
0.978201
1.15788
0.6543
0.319152
1.57539
0.501145
0.243266
0.160866
1.4016
0.418577
0.719833
0.774417
3.77204
0.216854
0.375416
1.19472
1.31279
0.201718
0.405504
1.43521
0.289484
3.04938
2.21285
0.662523
0.291101
0.244948
2.88815
0.222009
0.552835
0.387183
0.753673
5.49289
0.25327
0.299665
0.563612
0.480187
1.27115
2.12619
0.755734
1.00904
0.312478
1.04026
0.973498
0.34122
2.91009
1.03652
0.536494
0.89961
1.35778
0.3444
1.18873
0.647208
0.465948
6.4458
0.880554
1.28917
0.662407
0.841968
1.22016
0.177069
0.258239
0.300083
0.838071
1.93225
0.603253
0.466299
0.981648
1.58902
0.440352
0.767812
0.258749
2.7336
0.119293
0.337078
1.38113
11.4144
0.549304
0.239727
0.335761
0.370746
0.578918
0.428601
0.819083
1.26924
2.40371
1.029
1.09025
0.792709
7.37061
0.734816
0.341274
1.84771
0.870437
0.511072
0.863948
0.422507
0.534312
0.793442
0.536626
1.13782
0.479758
0.0524855
1.47829
0.738335
1.84201
2.07543
0.399357
0.387257
1.01989
1.46354
0.697718
0.667114
0.363044
0.0895899
0.100754
0.816012
0.466132
0.656867
1.90273
0.9829
0.521112
0.71494
0.249764
0.773085
0.427047
0.651915
0.838499
0.655615
1.37941
1.1314
1.74469
0.891588
3.30484
0.300195
2.00308
1.48223
1.19483
1.29672
0.525526
1.16197
0.37936
0.363177
0.356968
0.810313
0.596481
0.91868
0.249097
3.51248
1.50496
0.44843
0.660177
1.43068
0.843081
0.381531
0.389116
0.4822
1.04892
0.495221
0.491202
1.13687
2.14268
4.83785
0.629833
1.05385
0.627953
0.437744
0.795084
0.495598
0.914252
0.448662
1.21978
0.810119
0.304377
0.656803
0.512775
4.24655
0.771218
0.623279
0.274402
0.534176
1.04493
0.484487
1.05607
0.4067
1.36333
1.13802
0.568129
0.865632
0.293255
0.459534
0.970056
0.691743
1.58224
0.616754
0.301113
0.275797
0.426305
0.780478
0.247038
0.222053
0.823482
0.772432
0.618822
1.25659
1.09944
0.28836
0.553804
0.426595
0.817397
0.473415
0.981987
0.17029
0.763082
0.585811
1.30459
0.506634
0.581688
1.43409
0.489154
1.28429
0.369787
0.971789
2.04851
0.493139
0.636296
0.715373
0.25485
0.634631
0.276094
0.731319
0.70312
0.134788
0.730999
0.606844
0.359441
0.314618
0.589334
0.622665
0.438645
1.37936
0.705714
1.06517
0.529239
0.293315
0.43516
0.775825
0.735816
0.430919
0.592221
0.691697
0.475549
1.00173
0.821595
0.279555
2.09467
0.475662
0.211214
0.416706
1.57911
0.345745
0.247236
1.14953
0.145936
0.708276
0.438091
0.54584
0.442472
0.251455
1.05419
1.64062
0.25634
0.676569
0.305519
0.311177
0.394511
1.27488
0.515812
0.507157
1.0808
0.369284
0.824923
0.234996
0.127277
0.314583
0.593704
0.472917
0.421598
0.369465
1.26193
1.70157
1.01616
0.61532
0.330298
1.10697
3.6533
0.230718
0.58077
0.225629
1.12896
0.603496
0.721851
2.57596
1.85244
0.703191
0.622949
1.30973
4.43483
0.554026
0.918381
2.3918
0.424818
1.72611
2.33909
0.14717
0.809835
2.25677
0.144431
0.308841
0.215172
1.07766
0.209265
0.333297
0.154335
0.591611
0.398711
0.502598
0.548597
0.886544
0.186887
0.642601
0.529762
0.391169
0.327184
0.793916
1.08704
0.35997
1.85711
0.924985
0.470157
1.97929
0.715787
0.67003
1.63981
0.317013
0.2539
0.191066
1.29976
0.878513
1.30977
5.76703
1.29365
5.2715
0.530302
1.18852
0.792289
1.36731
1.93609
1.07394
1.19832
0.690081
0.868847
0.727497
0.610984
1.43289
0.437444
0.31761
1.27798
0.760759
4.15375
0.39352
0.588193
7.14076
0.396814
0.308119
0.379475
0.621388
0.37673
0.568515
0.407982
0.773187
0.270489
0.587758
0.899986
1.32231
5.04644
0.843218
1.01589
0.489621
1.22282
0.993486
0.441374
0.646824
1.39491
0.974095
0.273468
0.647606
0.20669
0.439889
0.211806
0.485757
0.372727
3.39432
0.351686
0.859747
1.31929
2.9583
0.407924
0.648123
1.22662
0.389565
0.421313
0.3023
0.3806
1.32846
0.588539
0.408219
0.141104
0.321062
1.37133
0.456117
0.705732
0.140922
1.52494
1.03222
0.298142
0.493279
0.160379
0.551437
0.478023
0.847458
0.362506
0.435025
3.05402
0.844716
0.977292
0.732231
0.533547
0.639108
1.41508
0.609269
0.646693
1.14466
0.455787
0.247827
0.415516
0.22053
1.34507
0.168317
1.44258
0.516066
1.09604
0.966982
1.2347
0.995567
0.437398
0.763633
0.2539
0.269978
0.547459
0.970082
0.328149
0.368942
2.96907
0.521935
0.444383
0.813756
0.575682
1.14293
3.94512
1.44043
0.589672
0.342024
0.262267
1.87713
0.516269
12.3445
0.512811
1.96792
0.631349
0.253607
0.212469
0.747804
0.941206
0.887313
0.199589
1.08352
1.10337
0.375723
0.539336
0.504895
0.501514
0.582776
0.662443
1.97295
0.96327
0.393656
0.336242
0.25944
0.812121
0.337167
0.398704
1.13192
1.98496
0.320694
1.99608
0.813982
1.87589
0.236183
0.464127
0.551482
1.19445
0.670087
0.397014
0.276391
2.44277
0.439353
4.62706
1.53976
0.510388
0.175062
0.940731
7.75612
1.26467
1.08626
1.71115
0.279154
0.91922
0.25249
0.598958
0.188182
1.20434
0.366947
0.672671
0.212991
0.125776
0.364238
0.294369
0.240304
0.689355
0.313355
0.182149
4.6333
0.230687
0.936509
0.736235
0.969516
1.15386
0.146531
1.82739
0.407642
1.70206
0.406872
0.135006
0.65277
0.635714
0.572574
0.816799
0.564652
1.99325
0.394294
0.693229
0.781624
0.0950414
0.839558
4.13595
0.636765
0.516586
0.442745
0.157847
1.08671
0.209262
0.595216
0.801561
2.14748
1.84234
0.370479
0.896651
0.852477
0.43252
0.489457
0.466137
0.0881673
0.898718
0.310566
2.64317
0.498194
0.412147
0.632225
0.378829
1.58447
0.187431
0.684043
0.817026
0.219853
1.32667
0.378034
1.2278
0.952024
0.659513
0.893109
0.311247
0.651394
0.690211
0.20659
1.48602
0.38556
0.5784
0.358754
0.32353
1.73522
0.864526
0.598425
0.63886
0.384941
0.9627
0.906623
1.21943
0.485561
0.425853
0.512798
0.353277
0.293952
0.606364
2.10384
1.27968
2.75589
1.29233
0.836686
0.442303
0.157206
3.53744
0.341955
0.307934
0.367563
0.278562
0.67493
0.956525
2.41622
0.69617
1.14528
0.693529
0.4104
0.777966
0.423916
0.963111
0.783223
0.593616
1.1675
0.848049
0.613722
0.29894
0.30343
0.746476
0.310554
0.5935
1.30196
0.869768
1.46734
0.28561
0.948076
1.09344
0.725051
1.16253
0.857933
1.29055
1.03933
0.799926
0.802834
1.11724
0.324171
0.262211
0.453879
0.571374
0.519873
0.8834
0.622155
0.193773
1.09319
0.397261
1.30586
0.930508
10.2352
0.336959
0.231019
1.65347
1.18945
1.22336
2.18055
1.52236
0.577293
0.93824
1.97957
0.426585
0.658251
0.261584
0.482976
0.912387
0.613105
0.932551
0.47128
0.924435
1.13424
0.613994
0.419254
0.777411
1.12435
0.123168
1.90328
1.42469
0.977566
0.36666
0.779299
0.552414
0.283331
0.894249
0.304562
0.152416
0.850947
0.916771
1.72581
0.258984
0.463885
0.467039
0.197542
0.126106
0.205749
0.662397
0.227361
0.480021
0.600236
1.40714
1.08949
0.415032
2.33615
4.09662
0.538083
0.541873
0.442622
1.99055
0.183087
1.65623
0.310276
0.776863
7.20281
0.880055
0.263988
0.651483
1.2426
0.450562
0.267384
1.19324
0.776405
0.292533
0.553666
1.07599
1.44031
0.804218
1.14895
0.647676
0.298626
1.12414
0.673921
0.660162
1.10275
0.492931
0.264727
0.324496
1.57339
0.917915
0.685012
0.477816
0.341318
0.983476
0.64742
2.03914
0.794037
0.411132
0.509356
0.150798
2.71955
0.985376
0.517019
0.652009
0.315005
1.52013
0.579401
0.840187
0.879034
0.315906
2.29333
0.436632
1.57276
0.195901
0.198369
0.418053
1.03051
0.721136
1.08137
1.9378
0.224785
2.52421
1.69372
2.93309
1.93301
0.302829
0.805385
0.259965
0.353836
0.297687
0.282317
0.5149
0.299168
0.419438
0.371427
0.405988
0.362179
0.118889
0.401114
0.519363
0.937315
1.52346
0.529934
0.274853
0.823298
0.423444
0.782101
0.266664
0.356354
0.51578
1.2171
0.327425
1.84784
1.44968
0.373459
0.442604
0.296688
0.507603
0.846434
0.605636
2.61498
5.36785
1.09884
0.305026
4.56968
0.589655
1.14024
0.88652
0.728805
0.334896
0.621164
0.474544
1.2997
5.09415
0.863809
0.572069
3.93393
0.36879
1.13527
0.889009
0.696319
0.729029
2.88044
1.04821
0.618206
1.42414
0.772871
0.166465
4.41808
2.13769
0.954868
0.516874
0.295653
1.62203
0.325984
0.606034
0.781058
0.912444
0.978411
5.80793
0.868982
1.19886
0.397458
0.929039
0.653133
1.00105
3.87043
0.476313
0.650459
0.469031
0.328854
0.809888
0.226557
1.24815
0.120983
0.503447
1.67916
0.55163
0.281419
0.762399
0.0803194
0.756995
0.501174
1.04143
0.170269
0.376787
1.01603
0.131498
2.8725
1.84806
0.645225
0.565667
0.153409
0.559878
3.05278
11.012
1.61145
0.54136
0.415443
1.14946
2.34566
0.783562
0.388998
1.1567
5.39346
0.272995
0.978193
1.2248
0.804627
0.459869
0.482033
4.02763
0.332946
0.25771
0.499155
2.13312
1.92097
1.44011
0.530964
0.13331
0.32618
0.873642
0.641333
0.264997
0.54757
0.399457
0.534906
0.238273
1.67781
0.727247
0.469129
0.973576
0.329859
0.581189
0.602345
1.03254
0.908974
0.393675
1.02769
0.173298
1.3962
1.34544
0.708062
0.842253
0.725556
2.21931
0.840753
0.241133
1.25426
0.246973
0.362108
0.451898
0.697613
4.03295
0.429005
1.18711
2.04883
0.443913
2.02095
0.188448
0.772809
0.155574
0.339806
0.391386
0.864034
0.568531
0.416768
2.07196
0.637366
0.584587
0.392766
1.39985
1.31919
0.273256
0.417863
0.513791
0.359462
0.468724
1.41642
3.53741
1.12268
0.831586
0.637357
1.70018
1.31808
0.972159
1.16751
1.4346
0.895282
0.468972
0.900118
1.18628
0.16943
0.694011
0.262244
0.0836495
0.435846
0.438463
0.523802
0.30054
0.558301
1.13005
0.777607
0.851049
0.934212
0.342805
0.164089
0.911249
0.808833
4.26972
0.879693
0.742628
0.343219
1.83505
0.375808
7.22094
1.02167
0.607503
0.751211
0.812787
0.904826
0.0948346
0.537069
0.420374
1.28631
0.997327
0.931024
0.43716
0.467348
0.960205
1.11437
5.43386
2.27186
1.53366
0.685814
0.394759
0.624794
0.686756
0.435213
0.260643
0.44866
0.633936
0.219992
1.11264
1.85783
0.455427
0.755224
1.03839
0.928445
0.318188
0.600089
0.216456
0.781865
0.802387
0.386779
0.703984
0.900375
0.860735
0.460922
0.622143
3.31456
0.33533
0.542271
1.91609
0.304109
0.243297
4.51643
0.363158
0.260568
0.195899
0.515306
0.464979
0.616148
0.854774
1.49955
0.548165
0.800511
2.97484
0.757737
0.406068
2.5996
0.628053
0.347802
1.35118
0.494239
0.823749
0.670934
0.368257
0.286368
4.52193
0.330202
0.450204
3.05852
0.660817
0.279656
1.1707
0.701644
0.26822
0.220326
0.638613
0.164266
0.217618
0.875249
0.862711
0.877404
0.592114
0.615203
1.02581
0.447964
0.608446
0.600129
1.52299
1.73363
0.193245
0.382675
0.876407
0.233193
0.75593
1.61807
0.289513
0.712464
1.14501
0.749282
0.758818
0.265825
2.27476
0.860865
0.127019
0.205738
0.588447
0.492885
1.873
1.35588
2.25539
0.586962
0.461222
0.541433
0.727297
1.31064
0.378832
0.739389
1.16545
0.969213
0.812455
0.899624
0.258303
0.998194
0.485524
0.400104
0.507313
2.01813
0.47724
0.0976501
0.554668
0.516798
0.496588
0.577263
0.786349
0.589053
0.465343
0.426553
0.911196
1.53975
0.516339
0.554688
0.596029
1.167
1.5135
0.602146
1.35576
0.87239
0.449591
0.189716
1.02377
0.253456
3.92728
0.973919
0.565717
1.11421
0.421703
0.389089
1.88623
1.10406
0.258327
0.113278
0.494037
0.599562
0.314632
4.40107
0.878578
0.603508
0.450719
3.03492
1.34623
2.44614
0.472131
1.7533
0.343942
0.915734
0.336786
0.183799
0.556925
5.53403
1.37322
3.01968
0.435931
0.8068
0.53146
1.05915
0.840644
0.908857
2.22312
1.22492
0.755005
0.998445
0.633419
0.788029
0.72486
0.356389
0.73593
0.51075
1.01763
1.18968
0.516274
0.69728
1.10903
1.47074
0.821177
0.422965
0.626197
0.408681
0.32004
0.499314
0.7169
0.27101
1.31471
1.23612
1.34053
0.914685
0.701069
0.425476
0.555526
1.21111
0.457526
1.23048
0.841741
0.719067
0.620618
0.294291
0.283189
3.5842
0.333
0.58172
0.0956488
0.558834
0.367908
2.14785
1.08733
0.592103
0.337678
0.0969553
0.0294707
0.482662
0.484926
1.15957
0.422399
0.527414
1.36152
0.57976
0.566403
0.43672
0.604811
0.591789
0.477878
0.812828
1.11628
5.38265
4.66584
0.897725
0.93677
1.94637
0.768397
0.902215
0.254142
0.769317
1.17522
0.187608
0.770744
0.699087
1.00163
0.306347
0.31379
0.313258
0.44166
3.10884
0.366781
0.624434
1.54782
1.04867
0.19816
0.692662
0.348512
1.4704
0.617102
2.19327
1.20784
1.62511
0.618062
0.673096
0.462989
0.278048
1.99243
0.316716
0.814351
1.02745
0.538514
0.950025
0.9685
1.01035
0.341246
1.16127
0.587116
1.37291
1.20936
0.3701
0.441946
0.627646
0.585252
0.328234
0.631569
1.75804
1.30286
0.703703
0.196675
0.921484
0.385197
0.388255
2.18609
0.554237
0.459755
0.719326
1.05583
4.91462
0.254901
0.531907
0.335137
0.937823
2.16071
0.326719
0.445816
2.2118
1.27584
1.11454
2.00349
0.865072
0.667795
0.258447
2.31612
0.590468
1.38187
0.247874
0.428802
0.890054
0.58313
0.471178
0.674382
0.711053
2.76039
1.6646
0.223123
0.98259
0.927805
0.333588
4.20928
0.217432
0.356009
0.982066
0.390813
0.37305
1.61024
0.824519
0.390512
0.66374
4.29371
0.624427
1.08706
1.45457
0.273905
0.390544
1.42309
3.29011
1.1302
0.639464
0.699236
1.07783
1.9768
1.17628
0.989596
0.482661
1.11665
0.504779
1.37544
0.889902
0.517725
0.495792
0.131079
0.757896
0.638703
0.47574
1.2641
1.9786
1.8867
0.482302
1.56261
0.594912
0.41966
0.431211
0.639374
1.13867
1.1983
0.256854
0.606407
0.811493
0.285861
0.720364
0.473836
0.179053
0.373591
0.718365
0.315683
0.121734
0.26698
3.72471
2.57187
11.2366
0.639165
2.97629
0.443251
0.505309
0.688645
0.313269
0.651514
0.217486
1.28493
1.48973
0.310749
0.515049
0.621314
0.918169
1.16591
0.548316
0.447678
0.663865
0.285585
0.706302
0.612294
0.839518
0.435293
0.829732
0.224362
1.16737
1.16438
0.905157
0.596923
2.34852
0.992993
1.50318
0.381392
1.11108
0.59152
1.16836
0.472251
0.60478
5.57178
1.83687
0.33905
0.7203
1.37485
0.191894
0.4711
0.583956
1.21982
0.353027
1.0009
1.07734
0.339103
0.322091
2.54319
1.1774
0.501303
3.13794
3.45012
0.825797
0.596516
1.5499
0.186065
0.0773362
1.14934
1.14237
0.303356
0.857327
0.860889
1.13334
0.448262
0.474182
1.13504
1.49921
0.247097
0.789624
0.167702
0.236832
0.916969
1.67535
0.460398
1.51462
0.588407
1.31637
0.419412
0.373224
0.291618
0.646505
1.68306
0.508833
0.664653
0.554787
0.910353
0.309268
1.8116
0.408958
0.181509
0.265729
0.995842
3.93006
0.413607
0.609153
0.761297
0.604756
0.9529
0.952368
0.65447
0.649318
0.815863
0.490023
0.460058
0.737395
0.950354
1.14147
1.46532
0.834227
0.82658
0.667521
2.54987
1.041
1.63118
0.391572
0.66704
1.1347
1.4781
7.12872
0.179541
1.28045
0.514773
0.615399
0.347927
0.493739
0.797571
0.568563
0.375285
0.405319
0.567248
0.653367
0.248948
0.178653
0.449808
0.759809
2.88795
0.481735
0.474767
0.507526
0.723822
1.22359
0.578292
1.73942
0.469748
0.434123
0.926315
0.834713
1.02063
0.384895
0.71213
0.753475
1.72081
0.808431
0.214518
1.1904
0.669773
1.06631
0.349917
0.639435
0.786184
0.317611
1.69628
2.43209
0.683583
0.430155
0.322079
0.592678
0.451453
0.622712
0.870404
0.214465
0.688958
0.502344
0.293387
0.204678
2.07271
0.735401
1.42555
0.597242
0.129774
1.63735
0.21985
2.14966
0.639294
0.530164
0.483155
0.247984
0.255517
0.640183
0.27805
0.153988
0.640806
0.726592
0.229171
0.509813
0.42122
0.448523
0.930001
0.488528
0.864154
0.371042
0.245467
0.539741
3.39736
0.708432
1.88471
0.532186
0.399751
1.55431
0.436672
1.16017
1.39994
0.79837
0.366824
0.214399
0.79065
0.390938
0.520351
0.359745
0.394391
0.449087
0.406735
0.691092
1.11458
1.01443
0.103933
0.380333
0.994216
0.560551
1.26174
0.784682
0.356863
0.299679
0.573509
0.7289
0.320436
0.577601
0.567722
1.91398
5.77927
5.82355
0.341757
0.171776
0.208441
1.20864
0.509649
0.990733
1.33738
1.30545
0.788032
0.624725
0.350261
0.872834
0.600791
1.68088
0.197604
0.480073
0.203737
1.09426
0.73974
0.436966
0.459105
0.222493
0.461347
0.812563
1.05426
0.224862
0.567121
0.149888
0.947395
0.913243
0.716465
2.38697
0.901672
1.18516
3.93877
0.293081
0.207794
0.79173
1.10569
0.220307
0.328683
0.381167
0.559552
0.359606
0.428218
0.467519
0.868071
0.780921
0.674196
5.11219
0.705819
0.485934
2.48801
0.364247
0.793617
1.093
0.676811
1.3547
0.857572
0.245304
1.42492
0.0936249
0.556011
0.218487
1.67705
0.292041
1.59485
0.972113
1.22193
0.759177
0.621099
0.535184
0.365626
0.44422
0.986006
0.708507
0.357386
0.266755
0.600086
0.580231
6.29545
0.428788
2.40807
0.29388
0.2218
0.379569
0.981377
0.550499
0.539316
1.78333
2.59899
1.30717
0.881101
0.540364
0.788556
0.369994
0.673247
1.61816
0.284732
1.33867
0.394707
1.05139
0.801865
2.33078
1.33368
0.987034
0.545011
0.581682
2.38857
0.380503
1.0029
0.346638
0.578991
4.65784
1.03356
2.78099
0.882793
1.83943
1.49732
0.538322
0.593968
1.96286
0.768221
0.320017
0.2114
0.226251
0.48821
0.342371
1.07033
1.73757
0.40665
0.534443
0.514344
0.389121
0.521913
0.436382
0.800948
0.941266
0.612606
0.760366
1.31488
0.66375
0.475803
0.479186
0.226565
1.73336
0.390985
0.87873
0.59896
0.218707
0.67531
0.417255
0.3573
0.215342
2.13155
0.57563
0.347788
0.264958
0.332641
0.708023
0.355105
2.04193
0.75098
1.66247
0.268477
1.0296
0.625039
0.091795
0.422993
0.394067
1.10925
0.71003
0.278335
1.97661
0.656866
0.269966
0.341448
0.782255
0.343839
0.345486
0.518951
0.197752
0.697154
0.64872
0.542108
0.451396
1.26139
1.14524
0.556956
1.5364
0.213474
0.290715
0.42416
0.894432
1.60738
1.86514
0.471644
1.44773
0.726674
1.13474
0.318642
0.784164
0.332924
1.09839
0.852283
1.86861
0.915876
0.501054
0.731844
0.151469
0.132668
1.22244
0.471682
0.746644
2.02832
1.83495
0.572203
0.953169
1.02555
0.528025
0.329999
1.23278
0.604656
3.00881
2.64685
0.664551
0.424795
0.353038
0.639613
0.546285
0.53354
0.55642
0.310992
0.560304
0.338007
1.03853
3.06896
0.947142
0.304233
1.06028
0.418162
2.21964
0.338832
0.269051
0.160577
0.425193
0.354728
0.346813
0.546128
0.944723
0.827297
0.426833
0.511204
1.99083
0.382077
1.82349
0.378842
0.867299
0.367973
0.394707
0.489249
0.457035
1.06907
0.673878
0.180958
0.831486
0.297446
1.4856
0.592511
1.58693
1.94524
0.67486
1.25782
0.406495
0.512444
0.979293
0.279026
1.12592
0.611705
1.96272
1.31394
0.226077
0.353062
0.847676
0.65169
0.6179
0.256217
1.38332
0.824844
1.05799
0.435435
0.913938
1.41776
0.539918
0.606044
0.513278
0.501379
1.93025
0.259059
0.170493
0.529907
2.26697
0.493068
0.497956
0.480258
0.79709
0.430997
0.960224
0.959571
0.507346
0.351631
0.679897
0.526359
0.932337
1.34136
1.6943
0.462891
1.36109
0.521114
2.89848
0.882278
0.875265
0.705906
1.22374
0.403579
0.879444
0.577488
0.591445
0.314823
0.446229
0.455565
0.822682
0.286146
3.33494
1.09085
0.370708
0.501141
0.635994
0.807488
0.224642
1.67484
0.623263
0.823595
0.684427
0.778456
0.359267
0.754439
0.759263
0.780119
0.87865
4.15764
3.2948
1.39537
0.265284
0.385821
0.173631
0.149943
0.706556
1.28917
0.252671
0.279736
3.43651
0.212392
0.630176
0.206828
0.831041
2.19841
1.08144
1.86729
0.574795
0.250826
0.996049
0.306288
0.744264
0.538455
0.456491
0.878411
0.317422
0.512158
0.999208
1.10792
0.275227
0.747811
0.535539
1.06038
0.179121
1.12085
1.23659
2.04858
0.540842
0.700691
0.326872
0.859948
0.279961
0.301503
0.436754
0.415679
0.550657
0.264554
0.509966
0.282605
0.851204
0.512391
0.319991
0.836706
2.39152
1.64605
0.36777
0.35315
2.15534
0.363808
0.259752
1.10423
0.476267
0.385419
1.12162
1.56334
0.336709
0.127567
1.08121
0.822376
0.347523
0.684746
0.655396
3.00773
0.238302
0.442686
1.18524
1.44717
0.802099
2.10554
0.171586
0.467976
0.255925
0.943693
0.426014
0.5729
0.710684
0.296013
1.1561
1.02719
2.26766
3.576
0.152669
0.876397
5.72536
0.221284
0.289225
0.844521
0.181744
0.42345
0.599054
3.58191
0.271936
0.189221
1.87218
11.9632
2.34851
1.02025
0.342371
0.59848
0.205334
0.473364
0.703894
0.525396
0.18488
0.482532
0.595636
0.742844
0.600678
0.516807
0.204387
0.723719
0.144139
0.983181
0.941579
1.78437
1.27054
0.894834
0.318104
0.436664
0.102018
2.23781
0.504736
1.02916
1.1912
0.307422
0.947012
1.13827
0.697095
1.14359
0.345906
0.976098
0.687679
2.35806
0.184695
0.727508
0.743298
0.467162
0.408508
0.35066
0.462824
1.29663
1.06188
0.145009
1.37042
0.817487
6.74035
4.69254
0.494251
4.39008
0.836212
1.51416
4.67593
1.23338
0.415679
0.402601
0.391645
0.525991
1.63973
0.894862
1.95575
0.413714
0.525176
0.432838
0.32266
0.498775
0.853654
1.40207
0.262381
0.314636
0.833033
0.746442
0.0690044
0.79409
0.0530287
0.189982
2.21904
0.620528
3.46727
2.38641
1.38898
1.22736
0.81549
1.12475
0.875119
0.789172
0.265844
0.439553
0.837001
0.457479
0.791238
2.92038
0.566105
2.94869
0.690235
0.527504
0.452032
0.773831
0.650568
0.727829
0.91081
0.475214
0.329737
0.589429
0.903631
0.830062
0.865308
3.12807
0.404024
1.19087
1.08511
0.209103
0.3081
0.716239
0.992684
1.4334
0.229982
1.30375
2.29971
0.585306
2.82412
0.353216
0.427039
0.34478
1.09439
0.518137
0.584721
1.82608
0.677456
0.439368
0.792879
1.79808
0.556203
0.504399
0.619061
1.00888
2.93986
0.759389
2.24104
0.29763
0.525409
1.05499
0.153246
1.09883
0.576936
0.136554
1.52279
0.452521
1.59099
0.647248
0.461248
0.635667
2.26969
0.212157
0.246268
0.784594
0.24608
0.652566
0.890362
1.01826
0.784248
1.52165
0.494691
0.924734
0.581981
0.556196
0.503648
0.358642
1.05003
0.950081
1.38107
0.246521
0.919675
0.58541
0.326064
1.14036
0.273637
1.52521
0.608746
0.805721
14.2304
0.570236
0.433754
0.786014
1.17578
0.255638
2.28421
0.289399
0.161131
0.602204
1.16168
2.00118
1.32889
0.505942
0.18496
1.1679
0.656391
0.204917
0.494826
0.372615
0.53874
1.78027
0.651558
1.34494
1.27726
0.805986
0.485605
0.512297
0.194679
0.666944
0.894242
0.680999
0.114359
1.97921
0.234282
0.411797
0.0368113
0.432051
0.537321
0.332953
0.492102
0.566554
0.754214
0.402567
1.15913
0.235776
0.693783
0.451324
0.47403
1.20478
0.142781
1.28
5.48841
0.744483
1.22042
0.693998
1.45783
0.459887
0.321962
1.07829
0.36517
0.654869
1.00647
0.455459
1.46874
2.17601
0.767411
0.251233
1.72001
0.334897
1.65756
1.2029
0.346642
0.551777
3.24465
1.24969
0.382146
0.641555
0.581318
2.19529
0.909435
0.230208
0.484921
1.12039
0.601156
0.741483
0.66233
0.962621
0.441253
1.88626
0.523803
0.871913
1.28523
0.147925
0.542553
0.958895
0.0695123
0.170479
2.0915
0.27428
0.187377
0.72533
0.762714
0.776014
0.599295
0.602079
0.977527
1.12934
0.489602
0.571505
0.920325
0.755916
0.557293
1.00117
0.545001
0.32897
0.528389
0.498207
1.0426
0.427689
0.734718
0.306057
0.373812
3.39712
0.162596
0.767271
0.621701
0.608136
0.431945
0.598651
0.136699
0.426286
0.107279
0.504605
2.76124
0.767612
0.836855
0.822323
0.418272
1.86934
0.463496
0.626289
0.488831
0.434267
0.412706
0.345672
0.348388
0.93431
3.19725
0.906178
0.602383
0.51472
0.204746
0.971954
0.495901
0.362591
5.67497
0.616343
0.739855
0.558706
4.4473
0.447135
1.6624
0.717113
2.76223
2.54817
0.40289
1.82866
0.459331
1.07145
0.589132
0.336287
0.275678
0.677819
0.657973
1.28683
0.319302
0.91225
0.449512
0.731653
1.32548
0.722983
0.393775
0.169782
0.512529
0.832096
1.80518
0.900022
0.313489
0.501426
0.856447
1.04381
0.814673
1.08935
1.51884
0.581034
0.37097
0.145296
0.856099
1.19025
0.459041
0.490577
0.87761
0.361978
0.746897
0.224161
0.73761
0.784953
0.60398
0.7058
2.94851
1.83716
0.860235
1.11248
1.61026
1.3988
0.124967
0.547601
1.20766
0.962813
2.51634
1.81958
0.230985
2.2851
0.85228
0.867788
1.60286
0.734457
0.579125
0.522487
0.448271
1.22751
0.328675
0.292334
0.175645
0.45429
0.0239445
0.916972
1.2936
0.579178
0.734847
0.581662
0.405792
0.376882
0.944537
0.306771
1.06394
1.14009
1.61219
0.682015
0.56268
0.876764
0.375906
0.314001
0.918838
0.962559
1.02639
0.358665
0.372943
0.279487
0.952666
2.11706
1.0943
0.500057
0.65352
0.559231
1.71152
1.06231
1.5295
0.836005
0.443125
1.45881
1.32129
0.595165
0.646468
1.22299
0.775691
0.346641
1.07053
0.954055
0.596475
1.38688
0.637867
1.42853
1.59796
2.01474
1.17156
0.570667
2.86379
1.36625
0.308077
0.706832
0.459763
0.435012
1.59729
0.664418
0.979871
2.47473
0.877374
2.66852
0.876005
0.390575
0.349133
1.20204
0.308421
0.285986
0.631493
1.00081
0.732003
0.573306
2.40889
0.58247
0.932252
0.653551
0.445029
0.370019
0.485089
0.300575
0.579944
1.30614
0.384017
0.831046
0.624829
1.84658
0.875701
3.42199
0.575385
0.0741706
0.265609
7.39089
0.364661
0.299847
1.29948
0.293637
0.393777
0.70168
1.01539
3.49788
0.732671
1.49697
0.920692
0.867599
0.371084
1.01388
0.370918
1.08115
0.7043
0.153717
0.125642
0.427913
0.162263
1.05469
0.955624
1.03242
1.37453
0.414061
0.181433
0.143868
0.440917
0.51498
0.809333
0.771383
0.699174
0.290314
1.84779
0.640826
2.15289
0.891418
0.631852
0.453435
1.0731
1.4537
0.862539
0.66926
0.476479
0.156464
1.4457
0.724868
0.962247
0.58432
0.688224
0.243831
1.39464
0.212586
0.487592
1.60949
0.402135
0.57382
0.851542
0.566158
0.782563
0.222043
0.582615
0.602952
0.35118
0.303837
1.01767
0.394807
0.545734
0.666124
0.19373
0.148114
1.56311
1.0732
1.21932
0.501556
1.14881
0.80821
0.551384
0.767044
1.52724
0.776432
1.02146
0.132757
0.463016
0.438057
1.36176
0.532429
0.1518
0.881828
1.21811
0.500515
1.6384
0.44583
1.3192
0.313658
1.03379
0.40587
0.353507
0.458964
1.56403
0.187925
0.651971
0.685203
1.01239
0.417674
0.681725
0.782515
0.624383
0.626365
0.437295
0.913785
0.712813
0.786747
0.386583
0.273245
0.960245
0.166509
0.909414
1.05623
0.781508
0.244807
0.783989
0.678076
0.476462
0.335145
0.393789
0.408425
0.572098
0.995911
1.60672
0.892987
0.0960822
0.148513
0.99065
0.362998
0.350419
0.229171
0.769282
0.292832
0.930148
0.150838
0.913732
0.814678
2.23696
0.2481
0.634154
0.413384
1.28513
0.342488
0.698239
0.268077
0.211876
0.525051
0.847669
0.312884
0.88006
11.6013
0.537168
3.05634
0.422631
0.229161
1.21944
4.12963
1.74997
0.71113
0.281146
2.05337
0.507844
0.441688
0.68155
0.268532
0.424262
0.615602
0.194232
4.659
0.728174
0.891863
0.228578
0.448614
2.49943
0.246534
0.495584
0.561325
0.415527
0.552001
0.660244
0.833099
0.302823
5.8986
2.62913
0.390011
0.927323
1.48926
1.95178
1.5143
1.39155
1.83634
0.397615
0.742448
1.13821
0.734165
0.205737
0.53
2.16903
0.179792
0.343565
0.787852
0.198828
0.599829
0.675416
0.491097
1.84536
0.438615
0.492758
0.754502
0.673249
0.795123
1.47756
0.464529
1.4517
0.76862
1.75967
0.358604
0.361905
0.865985
1.41339
2.24395
0.583891
1.31352
3.89559
13.378
0.424546
0.737979
0.382696
0.624086
2.63815
0.702939
0.110773
1.01663
0.735334
0.351483
0.858633
0.0657711
0.737701
0.681256
1.09276
0.751552
0.688058
0.24451
0.686574
1.24767
0.426555
0.5416
0.451591
0.528259
1.68885
0.348087
0.870789
0.427421
0.910792
0.99611
0.756831
0.487558
0.874665
1.89774
0.863399
0.779821
1.1836
0.72233
0.599622
0.550275
1.32172
0.438267
0.679575
0.812734
0.314834
0.557872
0.642961
0.9193
0.496023
0.616844
0.324449
1.19889
1.1668
1.94093
0.403769
0.456287
0.857599
0.953236
0.380201
1.15784
3.76654
0.327197
0.99007
0.187507
0.087764
1.21435
0.274614
0.495065
4.49441
0.580394
0.333823
0.263158
0.196881
1.35402
0.863314
0.502364
1.063
0.249432
0.716557
0.842861
0.316524
0.743385
0.571616
0.427518
0.731268
0.35283
0.158516
0.389567
1.02952
0.699692
1.48882
0.179795
1.87418
0.672264
0.562402
1.19357
0.586741
0.485305
1.07282
0.256221
0.356636
0.408194
0.740929
0.82938
0.184755
0.263356
1.78971
0.855118
0.416342
1.39817
0.694414
0.419495
2.37694
0.448776
0.571426
0.949246
0.376029
0.228133
0.703474
0.657259
0.126326
0.770037
1.09661
0.589262
1.06264
0.182372
0.244913
0.760872
3.54296
0.277384
0.922543
0.634556
0.35275
0.917451
0.624396
0.326009
0.327249
0.213555
0.536162
0.951793
0.405588
0.255273
1.27596
0.223285
0.275074
0.452993
1.57817
0.350411
1.71003
0.118944
1.21277
0.682501
0.660381
0.818757
1.77628
0.528143
0.400869
1.239
0.775753
0.796916
0.381089
0.620319
0.416784
0.324082
0.763055
0.763773
0.546569
1.72824
0.970783
0.946482
0.534551
2.56874
0.333982
0.353018
1.76693
0.227137
0.962831
0.705823
2.71137
0.652499
0.484388
0.270768
0.296012
0.279621
1.10065
0.218902
0.80119
1.03733
0.48844
0.154531
0.745597
0.282908
0.739802
0.888956
1.34159
0.326248
0.842575
0.382715
0.241154
2.90312
0.684165
0.440011
0.508332
0.275371
2.32035
0.304127
1.8561
0.510719
3.22125
0.272131
0.547372
0.905802
0.567146
0.735966
0.535338
0.266087
0.215213
1.02098
0.523081
0.550675
0.541894
0.739024
0.587186
0.531129
0.649442
0.653803
1.06987
0.624752
1.38509
0.753797
1.96954
0.619724
0.540138
0.874779
0.32391
0.466953
0.339477
0.765173
0.528645
0.738199
0.626534
0.573523
0.496736
0.158799
0.595279
0.923755
0.525538
0.371367
2.10293
0.925361
1.50556
3.26369
2.31177
0.82589
0.865692
1.10115
0.680683
2.54374
1.55228
1.10594
0.419249
1.13768
1.55511
1.12598
0.204582
0.834781
1.12363
0.616973
0.63028
0.212465
1.42739
0.349018
0.858495
0.247877
0.186739
0.23544
1.21105
0.657548
0.483636
0.990517
0.430521
0.567161
0.455544
0.575176
0.767782
0.644482
0.679156
0.239286
0.573799
0.320555
0.402013
0.280149
0.798906
1.10197
1.48328
0.289888
0.141916
0.276826
0.666282
2.26732
1.25855
0.635255
1.38731
0.797996
3.53393
1.45207
0.758175
1.61528
0.332851
0.586739
0.155098
2.8416
2.95297
1.25072
1.38236
0.222579
0.436567
0.971914
1.58272
1.44478
0.574659
0.457653
0.459723
1.25921
0.429637
0.735123
0.859168
8.42483
0.224398
0.311757
0.371958
1.34252
1.03634
0.265175
0.273887
0.422651
1.15125
0.886432
0.659953
0.387068
0.513699
0.153544
0.454852
0.297687
1.88495
0.667587
0.356614
0.699372
0.267227
0.251774
0.977404
0.423719
1.2083
0.693067
0.237265
1.2493
0.171935
0.412528
0.286482
0.630503
0.214611
1.23684
1.46334
0.810747
1.40859
0.599817
0.350001
10.9289
1.29722
2.1283
1.58063
2.02486
0.835302
1.54385
1.00077
0.375787
0.99077
0.113769
0.94244
0.563609
0.741022
0.383988
0.487967
1.04902
1.44293
0.8564
0.906024
1.1314
0.298798
0.673612
0.30737
0.0693894
1.0913
2.44065
0.503613
1.20081
0.684272
1.84762
0.204979
0.824185
0.354963
0.521859
0.265199
1.33131
0.218478
1.08852
0.630157
1.21527
0.23822
0.265955
1.61801
0.409966
0.543901
0.993363
0.480707
0.332993
0.716809
0.41069
0.358413
0.228522
0.799235
1.72405
0.180808
1.08351
1.89169
1.90891
0.916513
0.377246
0.780296
0.440584
0.230544
1.66972
0.307959
0.471071
0.354667
0.504406
0.843229
0.56549
4.40777
0.392506
0.181465
1.39561
0.423715
8.95569
4.18542
0.490639
1.0261
0.235196
0.542613
1.31227
0.345048
0.56498
1.11064
6.63355
0.579852
2.05816
0.631189
0.633182
0.970467
0.88844
0.155787
1.02845
0.749971
0.567526
0.319267
0.641882
0.304155
0.3906
0.469641
0.475756
0.591803
0.331852
0.669339
0.425367
0.811863
0.201515
0.209633
0.597251
7.97753
0.372227
0.615792
0.432065
0.271103
0.772687
1.17994
0.507416
0.436148
2.82807
0.476839
0.489345
0.656153
1.89976
0.233667
1.02722
0.554252
1.26102
0.518163
0.402573
0.652698
0.514072
3.19202
0.483499
0.347461
0.358407
0.515265
1.11529
1.18879
0.238484
0.46894
1.42196
0.191438
2.54241
1.28358
0.53719
0.40304
0.440605
1.0467
0.994996
0.515484
2.02148
0.638505
0.381329
0.870279
0.630085
1.62867
1.02962
0.881401
0.898641
1.03365
0.978635
0.29678
0.914553
0.23481
0.530893
4.24898
2.24289
0.394983
1.41849
0.369179
2.44946
0.482474
0.702398
0.507217
0.465541
0.661132
0.404714
0.893721
0.613984
0.52802
0.746476
0.371801
0.649877
2.88857
0.254776
1.48367
0.521679
0.629731
1.11741
1.18709
0.367121
0.865596
0.18371
2.97542
1.92793
1.33214
1.06459
0.298912
0.388273
0.362582
2.85392
7.23658
0.31043
0.276262
0.934513
1.45418
1.26706
0.409241
0.984358
0.620057
0.517702
0.551049
0.485542
0.809737
0.228269
0.835978
0.536626
0.144951
0.395841
0.545726
2.35638
0.412516
0.413349
0.249363
0.399526
0.555311
0.403556
0.273186
0.231355
0.737062
0.631323
0.235433
2.88918
0.47229
2.03809
2.41674
0.351277
0.843889
0.988761
0.491894
1.73901
0.222259
0.275476
4.0034
0.333053
3.21224
1.0679
2.20076
0.833481
0.693688
0.821643
0.34663
2.84495
2.14232
0.948113
0.426884
0.419217
1.0484
0.459543
0.197007
0.39693
0.51227
0.89639
0.664797
2.04564
0.455566
0.820337
1.2832
1.5419
0.360897
2.12856
0.934478
0.347118
1.19408
2.00504
1.24384
0.272378
1.30186
2.42407
0.370225
1.62285
0.478709
1.16661
0.276625
0.680746
6.31864
0.369843
0.179554
0.475312
0.819009
0.32895
0.628919
0.260899
5.97217
0.506213
1.95539
0.117
0.353922
0.364901
1.06718
1.55107
0.510203
2.85541
0.512835
0.162626
2.83386
0.228676
0.428137
0.467722
1.70453
1.61601
1.74552
0.450541
0.911493
0.813153
1.36906
1.7913
1.21657
0.305126
0.582825
0.661718
1.30159
0.610358
0.517688
0.901929
0.595411
0.198068
0.658686
0.166385
2.16336
0.552151
0.344767
1.09074
0.259829
0.515068
1.47508
1.26983
1.27107
0.173723
0.651354
1.34428
1.49247
1.06766
0.779238
0.257577
1.28914
0.323783
3.02959
0.805446
0.297185
0.69959
1.49535
10.1476
1.97467
0.384756
1.11687
0.253059
0.366386
2.54326
2.00684
1.06116
0.450207
0.712973
0.366849
0.308967
0.33956
2.99472
0.919499
0.536532
0.301348
0.299337
0.258251
0.851872
0.318651
0.421773
1.95516
0.669141
1.13589
0.894043
0.268015
0.338276
1.44917
0.43872
0.651739
0.360244
0.408619
0.776965
0.727795
0.493552
0.618897
0.975011
0.789685
0.454808
1.10115
0.369814
0.43854
0.0986531
3.04884
2.95164
0.619879
0.940421
0.650573
0.26018
0.23013
0.305625
0.676358
4.53814
0.363839
9.07469
0.236146
0.491073
0.671891
0.47674
1.12373
2.11567
0.73771
0.473475
0.534811
1.0935
0.206222
0.726843
0.418741
0.415632
1.03966
0.233581
0.297261
0.346569
0.445263
3.10779
0.384957
0.152993
1.15135
0.831252
0.261035
4.64048
1.40592
0.141885
1.04912
0.377744
0.816058
0.659812
0.794943
0.64397
0.6432
0.760193
0.195045
1.55428
0.88344
0.610169
0.598701
0.36668
0.623592
0.343476
1.17935
3.86319
2.2473
1.25388
6.40995
1.41412
1.71026
0.535234
0.46796
2.7071
1.14442
0.565873
1.07765
0.460847
1.3097
0.0463889
0.559737
0.292362
0.669111
0.880385
0.750972
0.811621
0.630388
0.298673
0.406905
0.140574
3.82417
0.61396
0.273309
1.13275
0.429513
2.7068
0.510256
1.04649
2.85931
0.517426
0.170809
1.4536
1.99792
1.62421
1.17583
0.573523
0.979158
1.03917
0.213468
2.02348
0.317933
0.746594
0.805969
0.315182
1.9238
0.290654
1.03959
0.650035
0.973088
2.28455
1.22745
0.794732
1.0899
0.568592
1.24598
1.24393
1.05248
0.684158
0.657628
0.306061
0.709208
1.17687
0.638676
1.04392
1.37938
2.22996
0.647787
1.77504
1.15924
0.260999
0.669603
0.380598
0.666321
2.04103
1.7279
1.70837
2.36049
0.778746
0.770043
0.600082
0.317366
0.646045
2.69697
0.77118
1.657
0.531782
0.733156
0.483453
0.131385
0.642493
0.545707
0.724505
0.559269
0.446705
0.525883
0.714712
1.28241
1.03871
1.33702
0.446923
2.8673
0.234431
0.297539
0.26901
1.08692
0.788647
0.287567
0.280728
0.579594
0.679422
0.396092
0.46061
3.96825
1.13587
0.367694
0.242086
1.56397
0.876779
3.3792
0.206769
1.01718
1.99398
6.95427
1.32692
0.352905
1.45797
0.661204
1.17574
0.786796
1.34412
0.259031
1.09833
0.97737
0.248211
0.9015
0.538492
2.3533
1.16677
1.87465
1.55722
1.45447
0.762668
0.859675
1.1861
0.621341
5.61699
0.73868
0.85823
0.269225
4.44913
0.272196
0.848752
0.819009
1.09828
2.74568
0.254424
0.606439
0.583021
0.747365
0.79177
0.958521
0.472185
0.470754
0.63339
0.586533
0.408426
0.634549
1.00618
0.570672
0.372495
0.525915
2.44873
0.365607
0.985068
1.1845
0.523998
0.570265
0.186554
0.328097
0.716759
0.280924
0.441508
0.293282
1.13589
1.10979
0.532643
0.438729
0.999424
3.47393
0.340337
0.235246
0.515743
1.78804
0.389944
0.878292
1.04803
1.39009
2.27228
0.526984
2.42889
2.39079
1.28472
1.78348
0.42801
1.14733
0.052087
0.952238
0.39519
0.19999
2.25794
0.218019
1.82532
1.61219
1.01768
0.445162
0.504183
0.699737
1.80775
0.857103
0.529177
0.322505
0.456883
0.750668
0.664106
0.678292
0.486406
0.571923
0.29313
3.69093
1.18984
0.523615
1.2068
0.424404
0.958894
0.607894
0.388465
3.11919
0.774886
0.607561
1.16001
0.236715
0.580747
2.79894
0.272941
1.08203
0.334769
0.068005
0.608702
0.366455
3.78286
0.863873
0.769473
0.502422
0.633351
0.985143
1.00916
1.33864
0.133741
0.349897
1.35585
0.679258
1.46882
3.24015
1.40671
0.285848
0.390654
1.06538
0.631328
0.439208
0.210352
0.451464
0.310481
1.74063
0.321635
0.224698
0.137808
1.96774
2.3679
0.16329
1.00712
0.696838
0.287971
0.770983
0.324552
1.74646
0.318849
1.01475
1.07648
0.82365
1.68718
1.07053
0.313102
2.29506
0.32925
0.137648
1.45892
0.619791
0.421121
1.42794
1.36353
0.457313
0.769859
0.41018
0.433041
0.633712
0.326027
0.445897
0.788221
0.513863
0.619764
0.304893
0.472612
0.515447
2.50924
1.00507
0.775818
1.12465
0.174859
0.319595
0.315829
0.738733
0.259172
0.717522
2.02991
0.426883
1.22955
0.972155
0.670783
0.425458
0.407991
0.92331
1.02304
0.550323
0.206373
0.411481
0.162351
0.153697
1.44396
0.265109
1.07124
0.821707
0.289699
1.88255
1.39158
0.596878
0.40546
0.887574
1.22711
0.238115
1.32511
0.464552
1.13948
0.328292
0.312831
0.366398
0.691719
1.16709
0.544445
1.02607
0.801184
1.75258
0.402751
2.27252
0.225311
1.4958
0.432767
1.15515
0.338489
0.269033
0.342482
0.935273
0.785676
0.686117
4.42664
0.092882
0.313253
0.817081
0.311433
0.583858
4.65836
0.935437
0.269732
0.470008
1.55193
1.03683
0.234501
1.06717
0.414411
1.54929
0.726775
0.565991
1.14802
0.304155
3.28459
0.681388
1.07693
0.428219
0.531391
0.0927279
0.684566
0.639093
0.457853
0.465016
0.459651
0.343122
2.23597
0.504173
0.395466
1.91648
1.21541
1.43629
0.431669
0.212631
0.422691
1.30559
0.320989
1.5306
0.255929
0.442056
1.06435
2.28712
0.720665
3.65436
0.862026
0.445898
0.955872
0.537203
0.726539
0.751251
0.743404
0.384648
0.655624
0.85222
0.810761
0.473173
0.14946
0.405929
0.676879
0.32564
0.902694
0.44581
0.417875
0.283508
2.32435
6.42514
0.326618
2.27842
0.587399
1.01014
1.12209
1.33614
0.39979
0.976752
0.325129
0.80356
0.926393
0.703171
3.66211
0.383592
0.261637
2.69417
0.773993
0.365166
1.51422
0.558393
0.607512
1.94061
0.571387
0.347511
0.387145
0.621876
1.74406
0.208921
0.461508
0.977233
0.972586
1.00791
0.568228
0.134257
1.16259
1.54513
2.78032
1.81121
11.5237
0.998584
0.578142
4.86479
0.78383
0.737702
0.232984
0.660295
0.760626
1.27261
0.473561
0.558836
1.56371
0.332325
1.26789
0.621494
0.618283
0.888393
0.547616
0.253582
4.08196
0.709853
0.437572
0.413738
0.775685
1.0677
0.455729
1.90377
3.73135
0.281481
0.382932
0.80617
0.772475
0.219561
0.979888
0.67294
0.867426
1.54068
0.487592
0.326129
0.786022
1.2834
1.09278
0.563384
0.226689
0.281765
0.0812004
1.75649
1.74605
1.06288
1.51821
1.04505
0.208389
0.355126
0.184591
0.971789
0.261988
0.38632
2.25976
1.40376
1.07427
1.20615
0.32506
0.887632
0.607381
0.696494
0.209454
0.253409
0.398764
0.367732
0.442551
0.713909
1.63849
3.96131
0.288261
0.335655
2.0088
0.967248
0.354693
0.316429
1.34693
0.203317
0.793277
1.59958
6.41808
0.453768
0.853612
0.983939
1.62164
1.85281
1.55617
0.286703
0.21464
0.958381
0.456211
0.898594
0.190381
0.924849
0.809772
0.364054
0.602785
0.649861
0.278371
0.329903
0.607399
0.882627
0.305743
1.36005
1.06448
1.82823
0.587168
1.29135
0.712668
1.0085
0.303967
0.184263
0.874808
0.637945
0.248501
2.27753
1.04563
1.21658
0.390424
0.833353
0.316098
0.259374
0.709074
0.918233
0.333492
0.408313
0.724495
0.255844
0.19553
4.35109
0.867779
1.9573
2.15344
0.919111
0.535307
0.400469
2.16054
0.204547
0.693063
0.751417
0.624089
0.475827
0.221866
1.3836
0.393267
1.7315
0.696496
0.581646
1.03423
0.686051
0.70872
0.868777
0.493895
1.69764
1.93976
0.401356
4.97502
2.44343
0.392846
1.92543
0.326166
0.708846
0.357677
1.44654
0.521928
6.89456
5.17805
0.762944
0.275253
1.07142
0.410438
0.821042
0.862259
1.11739
0.542792
1.34262
1.40596
0.777181
0.592807
0.620111
0.468837
1.37961
1.33038
0.850772
0.779925
0.276949
0.564388
0.285158
0.351008
0.847049
0.0656816
0.33272
0.876556
0.482157
1.18484
1.39884
0.588557
0.866325
0.401896
1.58057
4.52723
0.512155
0.387861
0.318502
0.386435
0.232109
0.479893
0.459345
0.240041
0.380802
1.83896
0.371319
0.259854
0.612147
1.40563
1.25437
0.217955
0.3214
0.372119
0.101284
0.44913
1.75133
0.376109
0.628888
0.23884
1.51391
0.732174
0.978935
0.576651
0.499304
0.620151
0.672477
0.542725
0.317329
0.353693
1.21451
0.74682
0.960516
1.2867
0.303317
0.622268
0.467715
0.446027
2.54871
0.448919
3.53621
0.411439
0.106967
0.859661
0.528191
0.472212
1.33355
1.18381
0.840207
3.51664
1.56915
0.720881
0.899214
4.12397
0.230792
0.190354
0.61345
0.39911
4.23735
0.495739
0.920857
0.940014
1.28434
0.617021
0.39875
0.514217
0.581367
0.37664
0.545379
0.320061
0.386638
1.51508
0.697739
0.706874
1.64567
0.652142
0.521618
0.310253
0.986825
1.02766
0.374235
0.59126
1.874
0.435922
3.05008
1.30676
0.601626
0.67459
2.09475
1.24232
0.455956
0.4464
4.21312
0.28824
0.527048
0.63776
0.571441
0.658971
0.38765
0.836292
0.860496
0.852931
0.502703
0.438306
1.34071
0.825556
0.41468
0.446364
0.24677
0.869422
1.57584
0.590057
7.6434
0.459076
0.330013
0.375701
0.833914
0.348668
0.989534
0.40006
0.550203
1.6151
0.172547
0.59324
1.1252
0.447715
0.301956
0.491642
0.20095
5.20421
0.676617
0.950724
0.652707
3.32373
0.174452
2.27884
0.816074
2.00248
0.670493
0.227643
0.895875
0.444555
0.108769
0.314473
1.44945
1.118
0.660564
0.363734
1.32254
1.09319
0.36276
0.468454
0.15487
0.348102
0.72774
1.4208
0.412323
0.725138
0.52103
0.708105
0.532296
0.625999
0.0656047
0.546992
0.777544
0.875804
1.46111
1.13139
0.769199
0.923616
0.616833
3.34397
0.181305
0.801767
0.158461
0.25874
0.849107
0.85632
4.32443
0.385011
0.898239
0.654001
0.486185
0.678282
0.251431
0.798525
0.87539
0.743771
0.327696
4.52358
0.875824
0.734115
0.393277
1.37055
0.954426
0.640892
0.689966
0.64886
0.637135
0.223098
0.331523
0.439674
2.25189
0.705878
1.01984
0.92246
0.548206
0.48411
0.450889
0.641385
0.670861
0.529775
0.486633
0.977421
0.881398
0.584953
2.88275
0.0911145
0.957459
0.0494015
2.71041
0.139027
0.677352
0.338065
0.333152
0.894628
2.0811
0.229678
1.80521
0.582498
0.351943
0.395548
2.92958
0.342081
0.621074
0.240886
0.91594
0.603385
1.74691
0.771436
0.568682
0.93456
0.604347
0.902842
1.10579
0.49592
0.182326
0.718909
0.773609
0.68613
0.719236
2.02004
0.570382
0.345049
1.06349
0.845391
0.537095
0.545166
7.58027
2.55304
0.685978
0.444909
0.449162
0.526675
0.421186
0.375778
0.40608
0.312227
0.793453
0.231492
0.405522
1.51739
0.132447
1.21792
0.567681
0.966624
0.362384
0.647847
0.688982
0.7732
0.78882
0.754477
0.20722
0.177256
1.33739
1.05684
0.410321
0.566233
0.974598
1.39821
1.00189
0.275301
1.17875
0.519193
0.667281
0.80183
0.330912
2.78411
0.386002
1.33591
0.585588
0.543924
0.513171
0.901387
0.457174
0.937774
0.317874
0.202538
0.920977
0.575984
0.603647
0.546985
1.0174
0.622302
1.37054
0.708588
0.181634
0.409773
0.311988
1.79298
0.922125
0.46834
1.23405
1.6186
0.137712
0.752337
0.342881
0.714513
0.798803
0.174549
0.269635
0.611635
5.89534
0.794879
0.117402
1.00562
0.121719
1.69065
1.32156
1.10752
0.594961
0.268171
1.12916
2.82674
2.45452
4.61192
1.1118
0.291758
0.760696
1.11135
0.11562
0.500383
0.528599
0.555788
0.169153
0.867623
0.586513
0.379474
0.666472
1.25295
0.190635
0.199975
1.29787
0.403242
0.292367
4.90187
1.71018
0.46398
0.863758
0.55271
0.223642
0.529493
0.665002
3.09522
0.393878
0.221946
0.594865
0.743561
2.44129
0.581951
0.286255
1.05018
1.15183
0.646355
0.147279
0.839713
0.368176
0.156595
0.288949
0.486824
1.66851
0.353094
0.85446
1.06195
0.932808
0.118296
0.239984
0.568257
0.31613
1.06175
0.459548
0.653002
0.855417
1.73569
11.1182
1.93587
0.92055
0.405463
1.11064
0.649616
0.667341
0.493942
0.604137
5.83318
0.713277
0.243268
0.43483
0.475248
5.24011
1.15279
0.620908
0.382082
0.698212
7.11381
0.680992
0.308101
1.15295
0.353652
1.05188
8.31239
1.21617
0.631897
0.957398
1.26947
1.15481
2.16137
0.192768
0.179877
0.300827
0.372198
0.413253
0.810407
0.459775
0.294946
0.643335
0.633809
0.184431
1.04354
0.275482
1.30402
1.58851
0.201242
0.3699
0.14591
0.908468
0.331654
1.73078
3.10348
0.507881
1.82549
0.473735
1.09439
1.89039
3.14687
0.51558
0.470808
0.990369
