1.8632
0.578007
0.460598
1.14083
1.42192
1.43536
1.96598
0.437371
0.32538
0.64872
0.338075
0.473935
0.259657
8.74364
0.151498
0.662412
0.844182
0.707507
1.88727
1.46259
0.779749
0.320259
0.622951
0.840537
2.14133
10.089
0.256806
0.41522
1.9981
0.424601
0.552448
0.795689
0.536767
0.496757
0.707829
0.42079
0.577007
3.8822
1.47011
0.311532
1.37488
1.09306
0.666126
0.844793
0.414412
1.04403
0.951998
0.535295
0.341044
2.32738
0.52653
0.807298
1.15825
0.614961
1.95358
0.351642
1.13079
0.84389
1.21405
2.75565
0.509035
1.12094
1.09949
1.17141
1.53544
0.485319
3.6575
0.770113
5.12791
0.143441
3.32872
0.403901
0.299415
0.300157
0.866918
4.46974
0.254314
0.457679
0.426976
0.349604
1.09846
1.42172
0.857621
0.925942
0.33239
0.895139
1.9061
11.1835
3.34206
1.4398
0.407499
0.667012
1.02182
0.513939
0.230397
1.00419
0.435865
1.2114
0.438216
0.134585
0.347607
1.60526
0.885959
0.455264
1.3357
1.33473
1.77104
0.640605
0.466271
1.71615
3.67357
0.367647
0.174011
1.02968
1.42748
1.22279
2.43667
1.65998
1.10187
1.19174
4.8678
0.880714
1.20839
0.997312
0.382885
1.31812
1.26585
2.15609
0.256732
0.215363
1.03285
0.172089
0.697553
1.31554
1.0047
6.78588
1.00071
1.67976
0.177939
1.63354
0.605659
0.626911
0.432641
0.489566
0.61509
0.374097
0.988239
0.81012
0.427349
1.12098
0.954482
0.698614
0.311587
1.32675
0.820281
0.172242
0.419037
0.542033
0.293149
1.11476
0.197907
0.942896
0.477387
0.857897
1.22107
0.604575
0.526204
1.11873
1.69133
1.36827
1.23611
1.46704
0.449627
0.616163
1.15337
1.57505
0.400468
0.740166
0.708615
5.80495
0.240836
0.508752
0.827879
1.61081
0.478629
1.57566
0.28413
1.85933
1.77418
0.53739
0.670155
0.389023
1.86308
0.566572
1.51954
0.701518
0.786959
1.11818
0.549476
0.352967
0.801592
1.15804
2.289
1.12199
0.277154
0.22837
2.28969
3.3757
1.10427
0.594917
1.38228
0.436503
1.72666
0.333942
0.489884
4.56768
0.565366
3.74279
11.2498
0.486439
1.31398
0.485478
2.03726
0.601888
0.707327
1.64079
1.28476
0.710633
0.335293
0.637479
0.788493
2.77956
0.890359
0.85869
0.457125
0.54509
1.23895
1.73667
1.23761
0.53917
0.361514
1.95054
0.461338
1.34333
0.205117
0.643341
0.25014
2.43362
7.31438
0.551208
0.585692
0.185605
0.765902
2.64759
2.62927
0.2784
0.299968
0.650165
1.29188
0.399354
1.27576
2.3136
0.258638
0.45178
1.93771
0.673564
0.424658
0.494398
1.6994
1.76971
1.50095
0.535924
0.532905
0.773937
0.310322
1.0233
0.681291
0.409457
0.731488
2.16858
5.26407
0.552515
0.531165
0.650165
1.31228
0.189248
0.50962
0.364981
1.71812
1.703
1.26265
2.36006
0.368724
1.09221
2.35621
1.23714
0.532193
0.30127
0.424071
0.924487
0.20097
0.311723
0.248578
1.20718
0.227676
0.892678
0.345689
1.50185
0.914222
0.521873
0.513216
0.410564
4.42574
5.18424
0.212948
0.426924
2.11917
0.462873
0.189478
0.606191
0.887296
1.84115
1.53809
0.405702
1.64091
2.65657
0.560881
0.425512
0.799874
4.45786
1.80359
0.594345
0.181739
0.462803
0.37992
0.366883
1.18861
0.657485
1.41949
0.667738
0.341276
1.52055
0.380376
0.45425
0.419041
0.858699
0.239871
1.43689
1.42022
0.474686
2.65806
1.83922
0.899257
0.199174
0.45633
1.32132
1.95987
0.0691458
0.663475
4.13954
0.324212
0.993927
1.16303
0.88751
0.439622
0.252232
0.285446
0.700021
1.59023
0.358584
0.609245
2.92921
0.323199
1.97944
0.454361
1.64596
0.362911
3.32889
1.14529
0.116672
2.6281
0.373811
0.477281
0.838797
0.262812
0.645605
0.219939
2.27913
1.61544
0.244753
1.21398
1.8983
2.35155
1.5065
2.23155
1.9733
0.402535
0.478904
0.659568
3.32358
0.442339
0.286133
2.19714
1.09582
0.488084
0.290849
0.550529
0.366267
1.57975
0.547321
0.408788
0.0938142
1.53782
0.291078
0.2062
2.19889
0.377362
1.22039
1.10403
0.789042
0.430614
1.04637
0.35678
0.480344
1.40694
0.796932
0.201786
0.122094
1.78903
2.00799
0.359757
0.760025
1.29484
2.09367
0.250845
0.407844
0.352272
0.700694
0.337341
0.891342
0.496365
0.721309
0.750339
0.464953
0.483198
2.3412
2.25573
1.12875
1.02676
0.418617
0.752431
0.934743
0.633739
0.958709
0.892948
0.536296
1.7794
0.837012
1.01289
0.510249
0.13469
0.643678
0.704875
0.153732
0.324524
2.98691
0.293426
0.268755
0.577192
1.00323
0.36248
0.454941
1.10955
1.70001
0.854953
1.57935
0.627954
1.59222
0.345884
2.25256
0.656621
1.17799
0.429629
0.584024
1.00072
1.91892
1.55119
1.10378
0.450164
2.53084
0.286996
1.47739
2.31763
1.53468
0.27469
0.682392
1.43488
0.67729
0.486182
0.470242
0.3644
0.873902
1.33488
0.78247
1.5926
0.800783
2.13351
1.64803
1.94178
0.587814
0.899005
0.550092
0.220035
1.03449
0.512772
0.697229
0.96201
0.259119
1.50318
1.0621
1.81445
1.99041
0.311012
0.287328
0.903462
0.938177
0.571207
0.713085
2.21632
0.667372
0.651325
0.77263
0.464773
0.953623
0.258683
0.510527
0.785035
2.30709
0.566756
0.230197
1.22334
1.70872
0.732003
0.442498
1.34652
0.493829
0.230284
1.86631
0.943159
0.827032
0.210001
1.12059
1.75196
2.88684
1.05158
0.460953
2.60223
0.291652
0.934431
2.94746
0.608081
3.0427
1.38941
0.436927
0.927381
0.434208
2.45031
0.0961268
1.50199
1.16996
2.10164
1.09543
1.19289
0.277544
0.909029
3.02239
1.21546
0.369385
0.907765
0.314106
0.294975
0.286108
2.12595
0.434805
0.624018
0.247233
0.776177
0.421336
0.649266
1.77244
1.71476
0.425834
1.50796
0.918033
0.468445
0.610212
0.329335
0.591193
0.140346
1.29538
0.0746207
0.443236
0.178043
1.83516
0.410131
0.37307
0.295866
1.1252
0.564215
1.14639
1.20835
0.831155
0.986067
0.307993
1.03515
0.258085
0.797584
0.660707
0.961545
0.764443
0.270017
1.28901
3.70079
0.373244
0.427162
1.61285
1.59793
0.624562
0.453994
0.668448
0.617137
0.47771
0.992898
2.12597
2.79025
1.49041
0.223512
0.164677
0.937882
1.43543
0.357264
0.492794
0.567537
0.290555
0.382272
2.30448
1.85913
0.57491
0.841391
0.461988
0.554124
1.20346
0.261765
0.712576
2.89514
0.455142
0.153784
0.483848
1.66224
0.230339
1.95843
0.402751
3.53645
0.367928
0.261385
0.957814
0.504342
0.383831
2.26191
0.596289
1.52597
0.940136
0.488398
1.29854
1.15876
0.452764
1.14388
0.556713
1.84842
0.657117
0.785768
0.957419
1.35729
0.793118
0.665346
2.26634
1.52401
0.338102
2.32748
4.58366
0.360501
0.171148
0.375385
7.40048
0.259827
1.35953
0.887676
0.85082
2.36561
0.374468
3.25104
0.442464
0.193391
0.769572
0.57105
0.382094
1.41358
1.4733
0.735054
1.7329
0.982035
1.373
0.446653
0.590147
2.01484
1.62314
0.413762
0.385261
0.54091
1.34447
2.35892
1.51575
1.17716
0.586318
1.44192
1.25976
1.56553
1.77246
0.425485
0.635835
0.569129
2.27033
0.582611
1.43005
0.846023
1.60854
0.856382
1.07065
12.3432
1.66917
0.276729
0.331331
1.2955
0.522534
0.788073
1.04427
0.136273
0.485161
1.13471
0.112054
0.211481
0.150104
1.05752
1.37454
1.33474
0.863638
0.862965
0.66041
4.39464
0.691009
0.764991
0.911906
0.535706
0.440255
1.1328
0.938067
0.469701
0.847747
1.44206
0.364789
0.417972
1.61204
0.576805
0.426387
1.51932
1.42483
0.505271
0.739413
2.05446
0.291128
0.430574
0.343921
0.659122
0.26131
0.572935
1.62223
0.456108
0.314748
0.580728
2.12176
0.711241
0.734967
0.522376
0.248329
0.888475
1.02421
0.418985
1.84669
1.78057
0.450884
0.341127
0.552543
2.3825
0.668056
0.741915
0.607973
0.267109
1.03975
0.518716
1.23158
1.5797
0.173796
0.641713
0.897146
1.51998
0.516623
0.633575
0.430564
2.32418
0.316972
0.492863
0.934193
1.66373
0.486385
2.33038
0.705611
1.28982
0.540175
2.24761
0.26903
1.66702
0.168276
0.851317
0.443488
0.217936
0.223954
0.577879
0.188343
2.34902
0.330636
0.329133
0.97854
0.922866
1.03855
2.1276
0.11218
1.404
0.418156
1.92778
0.735566
0.805895
0.712321
1.30615
0.216511
1.34356
1.22662
0.539243
0.455639
0.817826
1.59976
2.82754
2.41574
2.26563
0.447454
1.90743
0.608407
1.15792
0.343687
0.385283
1.60508
0.193918
0.406482
0.307998
0.396196
1.49126
0.697648
0.572236
1.99656
0.237941
0.272132
0.274131
2.07678
0.66092
1.10317
1.49368
1.22449
0.849656
0.530925
0.349161
1.70458
1.45533
0.399237
1.7699
0.435036
0.722444
7.20375
3.45163
0.317257
0.569303
3.23641
0.368753
0.398206
0.4851
1.05718
0.889309
1.45316
6.30066
0.990162
0.200375
0.867589
0.70138
0.303764
0.271915
0.722098
0.297484
2.51903
2.90139
0.354577
2.11942
1.71379
2.18553
0.399476
0.74781
0.29052
1.53339
2.65855
1.84766
0.407528
0.736293
0.359213
0.397153
0.622849
0.50732
0.449548
1.20362
0.457215
0.814572
0.555411
0.607014
0.523703
0.329959
1.59677
1.75225
0.488608
1.08712
0.316113
0.730778
1.58652
1.00472
1.98621
0.568366
0.445088
2.16885
0.418393
1.4971
0.35363
0.529258
0.814691
0.417547
0.529416
0.719199
2.19892
2.24652
1.33304
1.66384
0.403625
1.41063
1.232
0.967594
1.22061
0.727209
0.9175
0.346106
0.209942
2.72747
0.625671
1.88554
0.176214
3.76961
2.49513
0.821571
0.285939
3.74146
0.328474
1.09286
0.442254
0.887775
1.00564
0.393893
0.412669
1.33227
0.746516
1.00721
1.19666
1.50175
1.88183
0.328421
0.231297
0.168001
0.165841
0.459838
0.228951
0.516974
2.39753
3.22756
0.867402
0.329593
2.21152
0.418287
0.451093
0.662646
0.474152
2.14795
1.23727
2.50627
0.838664
1.21546
0.311951
0.393631
1.49331
0.566445
0.609116
0.420243
1.85562
0.578007
0.301988
1.16416
0.691397
3.03538
0.820787
0.369983
2.32516
4.11608
0.423263
4.07331
1.78239
0.532786
0.315025
1.41854
2.26583
1.52842
0.879561
0.596159
0.430627
0.234416
0.289225
2.4008
0.291731
0.576175
0.680088
1.07435
2.16626
3.31153
1.58046
0.848222
1.05609
0.347735
0.448281
2.59439
0.786432
0.323211
0.586656
1.55793
1.84841
3.71234
1.11229
0.467874
0.757335
1.73435
0.154149
1.12368
1.22881
0.43011
0.536037
0.348347
3.09116
1.56028
0.173196
0.476196
0.347423
0.919743
1.67461
0.562874
0.0632615
1.50643
0.255621
1.26959
0.41617
2.7707
1.35942
0.291499
0.335859
1.48901
0.882846
0.430792
0.52411
1.26202
0.448408
1.35209
1.63289
0.612597
0.575294
0.592654
0.443149
1.43016
1.5133
0.242825
0.458146
1.38563
2.27169
0.193066
0.452777
0.149005
1.50318
0.456177
2.40573
0.885897
0.549574
2.10488
0.293765
0.32177
0.175476
1.69385
0.418137
0.75218
0.290588
1.75162
0.463447
3.00358
0.188585
0.203907
0.513323
2.12929
1.98435
0.813812
2.98426
1.06598
0.602474
0.928581
2.68169
0.228722
0.3773
1.09117
0.185802
1.32915
1.51507
0.736492
5.17723
2.12769
9.25777
0.771091
2.23108
0.942268
0.242547
0.297021
1.26505
0.674821
0.231912
1.44968
0.303306
1.04677
0.22562
0.167151
0.275099
0.462004
0.278244
0.315488
0.156123
1.79852
0.982244
1.29507
0.659448
0.324826
1.3947
0.355821
1.71551
4.86413
1.40336
1.04201
1.52282
1.98793
0.989768
0.490425
0.237218
0.54642
0.645037
0.721124
1.69241
0.266773
1.39519
0.246984
0.322784
2.01154
1.94931
0.482659
0.438057
0.551695
0.930028
0.410678
2.46315
0.592846
0.851151
0.530473
0.316538
0.919188
0.219585
0.471665
1.18334
0.196267
2.10108
0.168524
1.35416
0.715031
1.31551
0.524864
0.281122
5.27843
0.588828
0.782919
0.598984
0.211403
1.6801
1.42078
0.309961
1.49957
2.12889
0.427997
0.628887
0.899875
0.256174
0.221263
2.12629
1.09163
1.8305
1.47999
1.18037
0.262923
1.26491
0.40113
0.828915
0.396229
1.89162
1.51556
0.482129
0.815796
1.55002
0.563546
0.0717824
0.33312
0.687032
2.35511
0.209776
11.3912
1.44868
0.247366
0.4061
0.72987
0.892699
5.77024
0.346723
0.244053
3.02192
2.72213
1.66015
0.775521
0.734473
1.00645
2.05281
0.762636
0.814759
0.640064
2.07828
1.39651
0.748286
1.5618
0.667355
2.52243
2.15829
1.09941
1.76869
0.752385
1.2332
0.639229
1.81088
0.588591
2.44343
1.43991
2.21846
0.52094
0.53745
1.20969
0.370263
0.260298
0.560703
1.20626
1.31565
1.61842
0.468167
0.786849
0.248272
1.75767
1.54371
0.421193
0.231846
1.0253
2.62883
1.07231
0.881656
1.84747
1.10514
0.792468
0.965602
1.53366
1.07939
0.735164
0.288356
0.430244
2.23685
1.31504
1.02169
0.458533
0.749429
0.336998
3.72681
1.96562
1.17522
1.42938
0.855184
0.384306
2.4886
0.303019
1.64967
0.508672
1.4945
1.53802
1.5521
2.11497
0.252164
1.99543
0.3029
1.25554
0.310021
1.45716
0.76515
1.23417
0.600004
2.43194
3.44477
0.262779
0.475631
0.448662
0.585894
0.747369
0.224923
1.17692
0.414512
1.2747
0.391076
0.796769
0.580018
1.49834
1.22976
2.64833
1.7589
0.624862
0.100559
0.3709
0.700518
2.67191
1.54763
1.78175
1.98642
0.724562
1.71575
0.591311
0.262067
8.02974
0.936395
1.0617
2.48124
2.01896
0.226228
0.491237
0.466031
0.882138
1.17412
0.367219
0.857257
0.720484
1.18196
0.277345
1.21488
0.402938
0.724011
0.221834
0.0931114
1.26408
2.8777
0.38021
0.196426
0.282651
0.432796
0.970888
0.252745
0.39927
0.255638
0.545905
0.410085
0.451632
1.53642
0.12063
0.302763
0.722446
0.209329
0.150839
0.800483
1.24825
2.48698
0.625366
1.80552
1.04138
0.583994
3.08641
0.284939
0.624588
0.986426
1.06428
1.20763
1.00093
0.675966
0.289727
0.343179
0.619714
0.526822
0.221501
0.335472
0.46347
1.10553
0.499778
1.64336
1.03008
0.400316
0.851061
0.300182
1.16315
0.553053
0.69181
2.02864
1.32924
1.89639
1.24175
2.76478
0.545752
0.825205
0.363568
0.293724
1.29369
1.21362
0.205846
1.33138
0.292861
0.336539
0.80041
0.442405
0.188836
0.596693
1.3728
3.87759
1.26035
0.348607
1.47764
1.20658
0.434754
0.825399
1.43775
0.90569
1.32292
0.443602
0.361818
4.15568
1.42804
1.21874
0.25243
0.524173
0.342901
2.50219
0.0548798
2.1126
0.378709
0.506891
0.481152
0.244764
0.725711
1.37156
1.5329
0.219808
0.582727
0.766031
1.71297
0.29377
0.615799
0.937734
0.315664
1.22902
2.52676
0.672619
2.125
2.6006
1.74886
1.18435
0.160242
1.12857
0.871007
1.12031
0.0989815
0.238907
0.59112
0.118093
0.201694
1.63108
1.81632
0.702183
0.292371
1.12931
0.887631
0.568135
1.30859
0.408863
1.7926
0.0839832
1.19383
1.37356
0.402274
0.27363
0.305786
2.06695
0.600441
0.552759
0.996446
0.32229
0.585374
0.496817
0.576182
1.23561
2.92696
1.63809
1.89651
0.309057
0.343483
0.628595
0.564749
0.27358
5.05296
2.10757
0.123085
0.484944
0.407186
3.03171
1.40148
0.950233
2.46368
0.81278
0.668114
2.69199
0.245392
0.557909
0.751479
1.79443
0.491441
0.26532
0.417994
1.07964
0.362703
1.91204
2.24253
1.23717
0.180831
0.529358
5.73656
0.255971
0.467724
0.622956
0.452053
0.516242
1.4417
1.65471
0.685798
1.04186
1.98195
0.552645
1.91357
0.717923
0.753482
0.225254
0.345372
2.67985
1.28243
0.887404
2.88133
2.87367
0.668387
3.37019
3.34567
0.655475
0.707276
1.47533
0.733725
0.436254
0.94808
1.44672
1.75053
1.79543
1.92091
0.356074
0.273408
2.28688
0.28919
0.356541
1.32823
0.32764
2.14378
0.763558
0.199585
2.5519
0.63694
0.932055
0.440128
1.73998
0.869368
0.656103
0.582815
0.477139
1.85095
1.59229
0.442673
0.769591
0.749608
2.33177
0.0717152
0.292223
0.421204
0.618691
0.193905
8.00382
0.975762
0.353711
0.233577
0.248618
0.903636
0.274799
0.273101
0.257656
0.090787
0.390505
0.435821
4.03011
0.148626
0.381912
1.10684
1.71384
1.43448
0.886828
1.22362
1.33659
0.811926
0.341906
1.03614
2.562
0.247048
0.124672
0.362144
1.72333
0.930196
1.59341
0.682771
1.04436
0.244438
0.350973
1.045
0.434181
0.679712
0.476696
2.90647
0.560496
0.836422
1.2123
0.58895
0.473041
4.15243
0.460087
0.400198
0.525915
2.07061
0.2027
1.65847
0.430977
0.282665
0.422159
1.63035
0.292773
3.04213
1.7855
0.709593
0.293197
1.11002
1.05827
0.705616
0.617487
0.440841
1.6532
1.55702
0.242503
1.90903
2.82209
0.494418
2.1741
1.07934
0.956542
0.608995
0.73489
0.454737
0.676008
0.739892
1.30071
2.68064
1.3412
1.28491
1.18972
0.480298
0.30837
0.179333
1.23057
0.497144
2.63517
0.739511
0.333494
1.29021
1.70289
1.12573
0.790999
2.51563
0.85188
0.428848
1.04115
0.463714
0.182585
0.591908
1.82319
0.900915
0.506772
0.833288
0.58494
2.45884
2.1139
0.611032
1.09666
0.273891
0.241508
1.21908
0.716086
0.352206
2.78159
0.320658
0.409655
0.461879
1.70759
0.306815
2.34551
0.910401
1.58795
0.537794
2.85384
0.487596
0.249285
1.49641
5.44753
1.58127
1.47711
2.3417
0.620727
0.237407
0.692848
1.22446
2.35705
0.323841
0.757877
1.26552
0.361211
0.336076
0.233924
0.993446
0.161874
1.18673
2.05344
0.636537
0.311603
0.190908
1.8049
3.76744
1.77139
1.267
0.285574
0.138914
0.472281
1.54351
0.560673
1.33294
1.15575
0.969967
0.498567
0.193267
2.21721
0.141743
1.10197
0.539867
0.699195
0.516915
0.373364
0.273023
0.621382
2.82523
0.53198
0.210808
0.874396
1.69208
0.988039
2.20079
0.958432
1.26104
4.09455
0.766058
0.596982
2.53915
0.346829
0.469522
0.255161
1.72231
0.880449
0.779268
0.595632
0.158942
1.10518
1.31578
2.86756
0.488028
1.32731
0.45709
0.423039
1.75689
1.2059
0.486096
1.13923
0.903965
0.379106
0.517919
0.513124
0.237486
1.68246
1.4815
1.2788
1.24568
2.14802
0.229919
0.379568
1.42627
2.28869
0.740909
0.786663
1.17303
0.276063
0.540921
0.237971
0.4649
0.283521
0.776255
0.322842
0.625934
0.506841
0.844805
0.468145
0.893138
0.334607
0.406475
0.174515
0.727017
0.395724
0.835513
0.641192
7.29102
0.976351
0.253574
0.12575
1.85994
0.911221
0.799908
0.407785
2.22723
0.385089
0.766919
1.4217
0.846698
0.733744
0.424332
1.61036
0.36085
0.595261
0.291189
1.78474
1.13857
0.388643
0.9614
0.477883
1.77008
2.61816
0.976482
0.931977
0.280592
0.513741
0.969787
0.380487
0.202535
0.379537
0.944899
0.51024
2.2618
1.71552
0.523473
0.71514
0.331155
0.348747
1.02132
0.457558
0.428905
0.236308
0.645026
1.51272
2.16028
0.753517
0.538338
0.927228
0.454593
0.26184
2.59694
0.579883
0.807019
0.476007
1.13
0.80319
0.843968
1.4936
0.857557
2.11643
1.42752
1.08136
1.3361
0.865222
0.779909
1.50058
0.490612
0.60902
1.5366
0.511622
2.03705
0.394507
0.506086
0.415447
1.44794
0.229828
1.13503
2.26388
0.313494
0.316226
0.679406
0.255267
4.49412
0.925421
1.22753
2.98601
0.0816246
1.17682
0.891299
0.505056
0.556777
1.10347
1.20276
0.634021
1.08666
1.66011
0.391306
0.66215
0.735097
0.418859
4.68492
0.184653
0.256177
2.09217
1.8568
1.02064
0.600487
1.0792
1.24806
0.360783
1.13575
0.248888
2.11646
0.471859
1.3996
0.241398
0.348552
0.631082
1.64812
0.199714
1.61768
1.01677
1.74263
0.25287
0.592087
0.295583
0.749101
1.18944
0.244083
2.9635
0.0420231
0.808301
1.04435
2.43815
0.332964
1.28737
1.34519
1.20663
1.4135
1.60176
0.910217
0.35144
4.83954
0.582084
1.26544
1.52808
0.786477
0.439276
0.788281
1.35332
1.34409
0.514616
0.416333
1.67798
0.291318
4.03322
0.299974
0.769365
0.525363
0.897304
0.411666
0.415147
1.0256
0.93905
3.16755
1.37773
0.548611
0.643219
0.187355
1.84426
0.438324
0.175483
0.421649
1.35992
1.47571
1.33541
1.1409
2.41606
0.449685
1.86977
0.521138
0.299127
0.258398
0.33073
0.608835
0.614584
0.483984
1.01328
0.210079
1.15719
0.174398
0.512652
0.51296
0.286236
1.00799
0.860518
1.43531
0.904002
0.415382
0.586425
1.15103
0.325246
1.30363
0.599077
0.881724
0.373117
0.746408
2.07202
1.30057
0.45944
2.27472
1.5639
0.428318
3.38485
0.31078
0.717724
0.3021
0.210777
0.39035
0.358922
1.19751
0.421455
1.25143
0.297619
0.553667
0.176196
1.71034
0.808991
0.246082
0.807011
0.0510916
1.062
1.60348
2.17275
0.633574
0.38308
2.52285
2.02864
1.75214
0.772974
0.264763
0.385008
0.449204
1.83942
0.659982
0.438078
1.56621
1.86955
0.478949
1.11986
0.547689
1.41852
0.43288
0.726979
0.377219
1.36999
1.90525
1.38959
1.21054
1.98459
0.438475
0.500293
0.299674
1.01475
0.192078
2.4045
0.441534
0.40275
6.18083
1.77096
1.00189
0.778876
1.6771
0.588829
0.246302
1.09831
0.307088
1.17941
1.24739
1.61397
0.982469
0.68698
0.947397
0.350926
2.31087
0.331408
2.91753
0.161859
0.165209
0.798518
5.67359
0.576906
0.398638
0.445421
0.606141
0.145756
0.722575
1.0136
0.928431
0.245179
0.229631
0.60754
0.177575
0.540101
2.57919
0.545561
1.52499
0.319759
0.301871
0.647311
2.04482
0.28859
2.4778
0.419863
0.387594
0.181113
0.409249
0.453999
0.723026
0.494642
0.344093
1.47707
0.337953
1.70981
0.435194
2.64706
0.309756
0.415346
0.486908
2.537
1.71985
0.565809
1.13677
0.962674
0.936116
0.246681
0.259188
0.311057
0.821681
1.30665
2.1235
0.435264
0.371476
1.03856
11.7998
2.99855
1.72997
0.21765
1.73773
0.546647
0.480237
0.43697
0.498593
0.655209
0.172281
1.04565
0.468502
0.88858
1.50541
1.94812
0.855881
0.470035
9.52495
0.308493
0.161001
1.91417
0.727678
2.59668
1.85352
1.35119
0.822013
1.85702
1.1728
0.576267
2.0271
0.735043
0.349541
0.580323
0.168902
0.280748
0.308167
1.70355
0.330796
1.75381
0.282837
0.560556
0.465451
3.18179
0.600931
0.428957
0.128157
1.12402
0.357245
1.96765
2.03197
1.87483
0.722965
0.77279
0.475138
0.845038
0.448859
0.619882
0.640364
1.76258
0.378556
0.864579
0.886892
0.580322
0.283983
0.322712
1.3233
0.577233
0.342859
1.62084
3.25474
0.568642
0.181831
1.60283
1.00513
0.655088
0.896407
0.334649
0.309783
0.23106
2.01098
2.18183
0.268688
1.1802
0.324288
0.725415
0.676482
0.424479
2.01977
2.08953
0.444026
1.59942
1.58895
0.441768
0.673499
0.76449
0.420235
0.30985
1.00361
0.706029
0.791341
0.943362
0.860505
1.93757
5.85774
0.925543
1.23681
6.33108
1.20832
0.469425
1.36235
1.14866
0.875186
0.280412
0.868575
0.220546
0.614524
2.44493
2.30091
1.35894
1.45293
1.48067
0.465032
3.60586
1.21552
0.651603
0.920688
0.229634
1.62387
0.145502
0.494509
0.24443
12.184
3.15214
0.428389
0.787175
1.35991
1.23031
1.09622
0.529731
0.416127
1.12069
0.876505
1.29944
0.518994
1.29714
0.436279
0.485754
0.614926
6.43967
1.0858
0.709228
0.887098
1.41298
0.970173
0.585271
0.110947
0.537228
0.529867
1.31744
0.240506
1.30768
0.37087
1.10936
2.86102
1.02628
1.8338
0.18207
2.53491
0.692741
0.416448
3.54137
1.54825
1.20473
1.4151
1.69562
1.51262
1.0649
0.908757
0.553777
0.437688
2.01001
0.478238
0.537615
0.352483
0.399123
1.3843
0.347018
0.27408
0.56898
0.256275
1.38645
0.743509
0.246014
0.541335
0.217494
1.24613
0.689286
0.831255
0.281734
2.25492
0.244944
0.302139
0.298389
0.183258
0.428052
1.04359
1.10131
0.922338
0.480536
0.153205
0.342151
0.32488
0.174867
1.36249
0.290129
0.253245
1.84603
0.80704
1.23823
1.19243
2.27795
1.49062
0.399233
1.79693
0.307109
3.43633
1.12456
0.17756
1.67132
0.911178
1.6811
1.96035
1.58006
0.740059
1.44495
0.395108
0.868631
1.88268
0.299379
0.314595
1.90474
0.708546
0.722051
1.03332
1.54186
1.51572
4.5965
0.347989
0.364714
0.811958
3.16917
1.35707
0.842309
1.22443
0.0659237
0.559944
3.07575
2.0584
0.449736
0.491689
0.92621
0.624347
0.873202
0.621533
0.428604
1.54884
0.881378
1.7629
1.41664
0.103798
0.344026
1.1167
0.917371
0.362593
2.89933
0.415117
4.54146
1.67198
1.01211
1.11406
0.86524
1.24128
0.536518
1.69355
0.789928
0.792535
0.385718
2.59161
0.167632
1.43003
0.287795
2.96658
1.71194
12.0006
0.416456
0.345906
0.194016
0.981841
0.886518
0.6455
0.975382
1.01655
0.888286
1.93226
0.513079
3.17982
0.283871
0.140219
0.100824
1.76899
1.29823
0.732437
1.16254
0.389243
0.370313
0.479437
0.579136
2.1738
0.192952
1.58262
0.764259
0.780369
0.364519
0.193922
1.9866
1.1178
0.258448
0.763686
0.977034
0.652707
0.227464
0.286914
0.232471
1.81753
0.75479
0.668778
1.31431
1.13141
0.908014
0.392179
0.585008
1.24818
0.241478
0.402001
1.14295
0.369565
4.17615
0.526171
0.403014
0.194544
0.849838
0.406962
0.350715
0.705053
1.1124
2.47355
0.248655
0.453144
0.523629
1.8613
0.744354
0.619536
0.114403
0.255396
2.73745
1.63051
1.69308
0.375158
1.08292
1.43133
1.0914
0.163563
0.312706
0.342069
0.706518
0.521095
0.492305
0.667861
0.894662
0.678104
2.24201
3.35604
0.133348
2.90999
1.03234
0.397054
0.386623
0.383512
1.82021
0.44941
3.47456
0.296593
0.47625
0.136288
2.00029
0.854639
1.39752
1.18944
0.595222
0.468918
0.818439
0.13103
0.723409
0.306244
1.80138
0.841808
0.615884
0.808624
3.01005
0.9336
0.722304
0.573445
0.142259
1.54821
0.149323
0.985956
0.329537
0.721385
2.24979
1.60915
0.278914
0.557002
0.545203
1.98389
1.81668
1.88888
1.21406
1.57334
1.07016
1.20784
1.82704
0.828173
0.526052
1.11232
2.44407
0.228617
0.192894
1.59751
0.304889
0.488708
2.12937
1.71711
0.497999
1.13764
0.330536
1.31481
0.470556
2.37325
0.322069
1.46443
0.803094
1.20145
2.21884
0.944725
0.48565
0.231024
0.633115
0.567593
0.944228
0.850685
1.15819
0.153774
0.886835
0.372132
0.563365
1.91276
2.06073
1.2192
3.71687
0.964165
0.345632
0.176765
0.723202
0.170496
9.21306
0.589155
0.30152
0.414104
0.246201
1.75834
0.593979
0.269192
0.0670665
0.194189
0.234983
3.39115
0.588718
0.230087
2.45436
2.62544
1.42793
0.190644
0.197685
1.51793
0.941833
0.189334
0.596825
0.600065
1.69163
1.33258
0.474144
0.561031
1.77122
1.94295
0.368385
0.277704
0.463473
0.328072
0.194279
0.270741
0.206502
0.921976
1.40327
1.29331
0.385643
0.199845
1.01996
0.213551
0.339972
0.535492
0.594418
1.48491
0.385995
0.93822
0.539499
0.931677
0.542087
1.06706
2.36846
2.69534
1.4886
0.287181
2.40873
0.640675
0.703288
0.13772
0.654149
0.74846
0.54632
2.1256
0.786898
0.92874
1.83545
0.168282
0.262303
0.382708
0.815638
0.484127
0.395714
0.277294
0.270858
0.601403
1.09873
2.17201
1.21235
0.875572
0.209035
0.958932
1.83509
0.480214
5.92109
0.644052
1.39741
0.527536
0.865199
0.898654
0.634422
2.39264
0.676224
0.526011
2.01944
0.647406
1.05025
0.875145
1.89564
0.510678
0.297305
1.75682
0.416788
0.42306
1.39508
0.668369
1.75618
3.22589
0.295312
0.414069
0.717946
0.444873
0.716867
0.333052
1.19313
2.78025
0.725953
0.598693
0.410762
0.34971
1.73527
2.26716
0.237529
2.31224
1.77146
0.858293
0.813081
0.537447
1.0952
1.52113
0.337983
0.319511
0.255005
0.389524
0.280452
0.510617
0.52667
6.03906
0.445477
0.267951
0.652508
0.880833
0.333549
0.40355
1.40532
1.32401
0.350688
1.23287
0.422502
2.05419
0.192792
1.69768
1.27688
1.19318
0.304934
1.21549
0.266807
0.621345
0.327273
1.63547
0.825363
0.0575476
0.419654
2.15185
0.21725
0.472052
0.46666
2.07787
0.564596
0.738374
0.590968
0.301939
1.07819
0.202307
1.00192
4.78847
0.260385
2.21316
1.24832
0.837738
0.479188
0.987076
1.70906
2.56352
0.453427
1.48713
0.176858
0.282115
0.74354
2.01633
2.06071
0.494355
1.4545
0.402808
0.283793
0.793964
0.144588
0.300361
0.950039
0.714809
1.2739
0.347964
0.432819
2.06533
0.453608
2.46608
0.424433
0.538263
1.23107
0.368622
1.08439
0.767128
1.41416
0.739432
0.417984
1.68176
1.93566
1.43193
0.696208
0.665587
0.508558
0.387992
0.577973
1.96028
0.341004
0.997037
0.851965
0.428307
1.50906
0.588665
2.04083
0.715229
0.49063
1.17771
0.242389
1.718
0.5775
0.352199
0.743065
0.626222
0.831883
0.787996
0.785144
1.01914
0.349872
2.31668
3.29758
1.69163
2.43714
0.347449
1.27445
0.477351
0.559714
2.8286
1.3336
0.550093
0.536958
1.10664
0.519472
0.615909
1.17448
0.995673
0.830672
0.719401
0.555505
0.145826
0.249864
0.633429
0.446155
2.13698
1.33125
0.583792
2.04802
1.56749
0.330251
1.4351
0.515468
0.465295
0.622411
0.356326
0.488257
0.658474
2.58342
0.2039
0.362697
2.31845
1.23748
0.607594
0.676429
0.491668
1.26734
0.455661
0.710816
0.590854
1.39682
0.502486
0.399838
0.907322
0.408456
0.896588
0.306624
1.9216
1.98385
1.6338
3.13491
6.51645
1.53733
0.490577
0.882033
0.397953
1.24303
1.26149
1.92715
1.63962
1.29478
0.305689
3.19843
1.67497
1.15244
0.330884
0.163494
1.9034
0.504761
2.4171
0.403722
0.435327
0.446388
0.730403
7.38482
0.670911
0.919692
0.502618
0.157966
1.72114
6.3696
0.499261
0.429694
0.319218
0.292071
0.52141
0.5046
1.36196
0.540384
1.22074
4.34804
0.333321
0.906302
0.829348
1.2069
1.2299
1.27558
0.367995
0.228615
3.5431
1.72507
0.451487
4.06488
3.33025
0.446998
2.34438
0.859579
0.385612
0.824789
0.937238
0.6544
0.888477
0.309098
0.997439
0.40267
0.827579
1.61555
0.590679
1.47294
0.445897
0.790056
0.592461
1.16357
1.42558
0.351533
1.55362
1.65994
0.336183
0.626901
1.30689
1.74015
0.487256
2.73164
2.13587
2.00558
2.14656
0.813686
0.830911
1.15794
1.24752
1.64346
0.181698
0.590919
1.00511
1.00554
0.427482
3.36685
0.69798
0.348278
0.512398
0.754186
2.00796
0.941826
1.34034
0.422445
0.459379
1.47879
0.503278
0.168762
1.53591
0.866161
1.74484
0.667854
0.589201
3.78732
2.18078
0.670175
0.354389
1.93078
0.424383
1.31927
1.57562
1.60311
0.699381
0.447451
0.772272
0.374741
0.786343
0.315685
1.5881
0.146469
0.2825
2.44876
0.510619
0.879482
1.18837
3.39008
0.482337
4.87777
0.957943
0.217408
0.278923
0.677238
1.13669
1.49281
0.510572
1.42856
1.60456
2.95797
1.82219
0.801226
1.37278
0.510276
2.48973
1.46126
1.39509
1.34704
0.615599
0.697512
0.706338
0.776946
0.201527
3.00986
0.148462
0.414951
1.42856
0.359827
0.442183
1.16833
0.449458
0.39757
0.535519
0.640357
1.91512
2.09254
0.174765
0.868037
0.429657
0.305773
0.310258
1.74612
5.63614
1.20077
0.309345
0.183101
2.15074
0.517719
0.36763
2.45326
0.63707
3.07942
1.86625
0.272671
0.717185
0.442079
1.27196
1.41332
0.441128
1.31588
0.339442
0.327612
7.42814
1.34125
0.249097
0.384229
2.74265
1.5678
0.43575
0.207256
0.30492
0.908093
0.572517
0.480862
1.07753
1.74918
1.06937
0.432809
0.951996
1.80878
0.488009
0.771748
0.599352
1.47857
0.230455
1.20685
2.78935
1.39668
0.509813
1.3083
0.837715
0.326875
0.757189
0.405644
0.421331
0.779187
1.19922
0.837222
2.06609
0.751019
0.189196
1.07777
1.0529
0.609845
0.653128
0.587859
0.364818
0.395635
0.649865
2.19917
0.793051
0.565966
0.664706
0.195004
0.374387
0.589398
0.599179
0.67621
1.65773
0.6198
0.726404
0.726415
3.39711
1.46195
1.37311
0.858503
0.715
2.16919
0.754117
1.9827
0.189266
0.344567
1.68601
0.105942
0.767524
0.695671
0.141635
0.591504
2.34243
0.438438
0.311853
0.91148
0.643909
1.44487
2.1349
0.402991
0.568213
0.560685
0.463518
1.90329
2.78168
1.44649
0.214072
0.354929
1.18646
1.14375
0.47114
2.06106
0.51601
0.42722
0.222328
0.545564
1.41385
1.99062
0.524865
1.48054
1.60956
6.46179
0.417612
1.55165
0.92099
0.64356
1.86561
1.46919
0.199888
0.776694
0.708256
0.623922
0.271159
1.53271
0.427178
0.356438
0.435397
1.15345
1.93202
1.64925
1.23352
0.225498
0.219825
0.627305
0.639453
0.714823
1.05829
1.70718
0.53728
0.257486
1.30065
0.629202
0.792347
0.411896
1.91715
0.47942
1.31852
0.43781
0.251311
0.451262
0.267041
0.660914
0.492729
2.11849
2.1676
1.03874
0.1324
1.08363
2.20026
1.54271
2.15914
0.460692
0.646788
1.89187
0.619217
2.56673
1.30609
0.947905
1.13423
0.908369
4.7358
4.60526
0.871846
0.926845
0.520307
0.506706
0.283843
0.330938
1.38
0.373083
0.430288
1.56756
1.99103
0.148777
0.0544995
0.472883
4.91186
0.180946
0.611316
0.710159
0.420821
1.4591
1.34086
0.890341
1.26613
1.47326
0.718368
0.467656
1.5853
1.7641
0.590912
0.772069
0.767512
0.404505
2.12067
0.920946
0.470704
0.562903
0.916605
0.496851
0.302058
1.26346
1.97151
0.636178
1.36958
0.335648
0.872203
0.167819
0.529828
0.528665
1.65196
0.262911
0.292913
0.56552
0.39812
0.319211
0.732153
0.441748
0.958272
0.50035
1.6727
0.921964
1.05463
4.21904
0.282662
0.199001
1.30965
1.26358
0.486408
1.2896
0.736484
2.12117
1.53552
0.773506
0.276042
2.17672
0.162655
0.891034
0.897245
3.28488
0.769324
1.06811
1.38698
0.550315
1.93813
0.584449
1.58161
1.14132
1.22193
2.39491
0.688354
0.172886
3.78099
0.412805
2.32996
0.923535
0.666955
1.29916
0.506626
1.13209
1.93442
0.156423
0.686067
0.863277
0.932635
0.541699
0.421494
0.672948
0.5441
1.37346
9.49011
0.445758
0.376564
0.742344
0.693324
0.362928
1.32558
0.755634
1.06027
2.75031
0.363862
1.01963
0.420937
0.625308
0.481389
0.6615
0.771746
0.528
0.489959
1.50017
2.61831
0.552009
0.572771
2.31619
0.759149
0.371496
0.964471
0.324767
3.21519
1.09462
2.32086
0.949583
1.35952
0.145114
0.255933
1.86399
1.16996
0.307326
0.727482
0.52782
0.977205
1.13441
1.59089
0.814968
0.508041
0.895046
2.26819
0.596327
0.220542
0.553218
1.8277
0.755321
2.54021
0.384988
0.297499
2.52761
0.113256
0.358858
1.71449
1.93093
1.53245
1.22402
0.352638
0.780948
0.0494953
2.52388
0.846414
0.136933
2.82681
0.618625
0.415949
0.604408
1.63484
0.897147
0.644916
0.2854
0.567944
2.64991
1.56769
0.28563
4.36868
0.191535
0.602837
0.487257
0.973369
1.04229
0.908711
0.335293
0.309869
0.456594
1.03638
0.378588
1.08928
0.269713
0.339932
0.750059
0.461953
0.281835
0.768395
0.328878
0.894895
0.855571
1.87347
3.62622
0.57071
1.21829
0.528664
0.0952416
0.919684
1.9103
0.131375
2.04327
1.34005
0.119735
0.452812
1.56248
0.436799
2.7175
2.35794
4.66489
0.40108
0.512293
0.923531
2.62495
0.487992
0.406876
1.11601
0.648179
0.195911
0.426473
0.472309
1.21784
2.01452
0.366134
0.5974
0.459811
0.677097
0.821296
0.242908
1.82192
0.363668
1.02628
2.08663
0.698878
0.607897
0.631586
1.10472
1.03856
0.383994
0.371227
1.92505
0.399704
1.39746
0.428163
0.986395
1.26514
0.275611
0.269363
0.766302
1.61884
0.414087
0.357775
1.80436
2.57576
0.109133
2.7077
1.08744
0.244745
0.627179
1.59381
4.32159
0.517471
0.743844
1.66565
0.453339
1.08101
0.445885
0.69275
0.963689
1.29533
0.926343
0.267542
2.99661
1.86232
1.39669
1.32402
7.57097
2.72032
0.954833
0.400685
0.622285
0.68498
0.717462
2.9424
1.436
2.09239
0.836939
0.98487
1.78347
0.299985
1.44835
1.91564
0.511862
0.461525
1.17288
1.27622
1.04814
0.348351
0.631216
0.416391
0.693878
0.447868
0.687852
0.561721
1.17295
1.36342
0.923911
1.06351
4.35926
1.37217
0.261095
0.334377
0.449696
2.24219
1.30289
0.436872
0.377606
0.520617
4.47003
0.185528
1.83655
0.760691
0.174492
0.544
0.578644
1.47891
0.386988
2.2635
1.65692
1.0845
0.428273
0.723643
1.55387
0.609599
0.550946
1.43827
1.41391
0.402371
1.34752
0.230248
0.943684
0.606187
1.98347
1.16255
4.09922
1.33383
1.71226
1.80816
0.463457
0.39845
0.572522
1.86287
1.50712
1.87069
0.459684
0.711713
2.13207
2.19255
0.279443
1.02656
2.277
1.35032
0.846563
1.78364
0.611646
0.761501
0.646003
0.246365
0.201438
0.684713
2.56461
0.27319
0.343605
1.05393
0.877932
0.521625
1.07385
2.10442
0.485784
0.0537434
0.366339
3.29062
0.41478
0.721108
0.242577
2.87413
0.693318
0.371336
0.575408
0.141422
1.5361
0.793068
0.230644
0.166846
0.865751
0.15074
0.552306
1.76771
2.36957
1.68363
3.36033
0.286345
2.99068
0.786712
1.51534
0.210346
0.495989
1.37395
1.76812
1.83093
1.92478
0.26613
0.364896
0.431448
1.57756
1.6511
0.307722
1.98771
1.51945
0.248883
0.29976
8.34993
0.40026
1.53076
0.702643
0.548755
0.548804
0.654638
1.11086
0.942943
0.348818
0.913978
3.47621
0.456815
0.381254
1.01796
1.75217
1.45627
0.874127
0.332208
1.50536
0.50631
0.925607
0.946249
0.364508
0.86445
1.6689
5.80759
1.16276
0.117706
0.409922
1.32524
0.298968
0.0892545
0.586005
0.293245
0.7317
0.709863
0.743382
0.380707
0.536055
0.510395
1.28169
0.123125
0.438361
1.22275
0.82462
0.701503
0.646624
1.66777
0.398157
1.1281
1.19431
0.232652
2.62208
0.438066
1.79606
1.21708
0.150278
0.377851
1.69687
1.82552
0.594507
0.319552
0.582156
0.561927
1.4175
1.7673
0.734285
0.940476
1.59866
0.566932
0.303451
2.41452
0.255328
0.284479
0.187713
0.753394
1.75093
1.51334
0.398821
0.795127
0.166777
0.238835
0.490171
0.627229
2.16563
0.367346
0.51716
1.38496
0.459866
0.660834
2.10931
0.386227
0.686399
2.00131
0.648435
1.2896
0.279474
1.94214
0.228942
0.289151
0.402858
2.30676
10.6067
1.7226
1.36047
1.94254
1.61618
1.12772
0.488285
1.06257
0.591017
1.29509
0.577374
0.817424
1.65302
0.100047
0.158415
0.155521
1.55153
0.93677
1.85275
0.407006
2.02484
1.73689
0.361348
1.21053
1.58764
0.185573
2.26787
0.84954
0.331702
0.672886
1.41716
0.74094
0.52608
3.62875
0.437397
0.823664
0.587633
0.672373
0.762484
1.07987
0.515002
0.787732
0.589321
1.85316
1.43502
1.01346
0.568992
1.05936
0.251081
0.314536
0.213651
0.218724
0.712624
0.222722
0.152099
0.330544
0.415157
0.641232
0.450892
0.158017
0.95316
0.27508
0.348488
0.973533
1.96709
1.60246
0.537563
0.267269
0.351752
0.48879
1.13431
0.693572
1.65875
1.85345
0.382667
0.981414
0.965378
0.269966
1.04499
0.368579
0.125965
0.308551
0.477126
0.884634
0.273624
1.52965
0.585538
0.728519
0.476531
0.687702
0.504221
2.07519
0.785761
0.244605
0.412891
3.14569
0.0863527
0.659975
0.213156
1.08189
1.65423
2.32493
0.158714
1.2195
3.34392
0.994548
3.48375
0.308909
0.518152
0.95646
0.753141
0.300032
0.800751
1.39978
0.988883
1.89648
1.36079
0.0860457
0.965122
1.53035
2.49454
0.294067
0.524927
1.53761
1.43844
1.65913
0.270775
1.15295
0.283546
4.25945
1.31724
1.05825
0.459375
0.677757
0.869795
1.02132
0.304235
1.06619
0.361914
0.372054
0.19645
0.888964
0.870449
1.04534
1.26532
1.02068
1.70774
0.386629
1.72621
0.205149
0.538265
0.382426
0.540886
1.38911
0.72764
6.41256
1.36714
0.594484
1.25595
0.252511
0.841833
0.189721
1.32358
0.648206
2.21611
0.718466
1.27897
0.716491
1.51363
0.550523
0.89845
1.09365
0.359496
1.30906
0.286436
0.943835
2.29174
0.593283
0.301622
0.311839
2.2945
0.463804
0.46636
0.402818
0.493942
0.148653
0.503263
2.04524
0.815471
1.90362
0.928436
0.816227
0.279812
2.04871
0.194714
0.816207
0.422537
0.359602
1.59341
1.35279
0.798005
1.59055
2.07057
0.286433
0.614332
0.83441
2.05458
0.438999
0.948639
0.561891
2.41192
0.502219
0.137148
1.4311
0.65627
0.379054
1.13649
1.18691
0.196796
0.326556
3.04464
0.337669
2.55251
0.244116
0.749163
0.654517
0.259548
1.20473
0.638882
1.367
0.253371
0.75923
2.34031
1.97208
0.799124
1.47328
1.60663
1.46721
0.417911
1.23823
0.272167
0.382045
0.277635
0.21493
0.31084
0.815582
1.75604
0.287166
0.186239
0.830726
0.172655
1.54533
0.940805
0.875064
0.329672
0.525924
0.424438
2.13467
0.823767
2.01071
0.362084
0.189239
2.0853
0.673442
0.453199
0.790951
2.03673
0.648951
1.7813
1.7477
0.207668
2.59254
1.9621
0.494956
0.979244
0.953899
1.48395
4.93013
0.874187
1.86519
0.832905
1.07698
0.319698
0.366056
1.00525
1.294
0.365033
1.2378
1.01043
1.26994
0.316731
0.290552
0.880519
1.45832
0.175422
0.252231
0.44321
0.490176
2.29481
0.405798
1.65764
1.94347
0.969464
0.124228
0.422677
0.100419
0.914698
0.624278
0.184685
0.609826
2.13613
0.189134
0.211356
0.193096
0.835955
0.442777
0.953481
1.32369
2.4762
0.858066
0.920497
1.56449
0.35279
2.73911
5.73115
2.51236
0.571008
0.590268
0.245519
0.162483
0.177975
1.22571
0.54591
2.96881
0.470047
2.13777
0.181281
2.97565
2.52926
2.24614
0.714967
0.247941
1.99089
2.13765
0.738028
1.00036
0.73384
1.24794
0.824843
1.36071
1.45584
0.568708
0.4906
0.604886
1.57003
1.45228
0.813861
0.331912
0.542666
1.90078
7.13968
0.660318
0.986376
1.47758
0.651974
1.82
2.25669
0.12753
1.42124
0.97713
1.11842
0.630367
2.44052
2.02277
0.535677
1.5401
0.444775
0.386037
1.81146
0.186665
0.0972694
0.597199
2.02011
0.24821
0.494653
0.298009
1.69356
0.427189
0.61703
0.479425
0.334912
0.70894
2.16749
0.52764
0.146206
1.14044
1.28462
0.495688
0.276485
0.253375
2.05706
1.02895
1.37895
1.32146
1.39448
2.20698
0.930309
1.3564
0.247831
1.23117
1.54376
1.67675
1.15834
0.312447
0.925846
0.257091
0.800972
0.388972
0.118801
1.87161
1.40766
1.22529
2.17852
1.30565
1.25349
0.890421
2.18857
0.753125
1.72589
0.76193
1.84369
0.341507
0.202093
1.7481
0.532452
0.886269
0.451661
3.1133
2.56505
1.55988
0.260783
0.347291
0.0728452
0.562452
0.410225
0.17343
1.16727
0.431585
2.07618
1.57767
1.35983
2.23417
1.01679
0.229547
1.76135
1.75248
0.386692
0.575726
1.89892
0.44522
0.763718
0.220345
0.263099
1.51994
0.624785
1.71637
1.32632
2.89859
0.825695
12.0598
1.11277
0.861707
0.862161
0.513492
1.24534
2.50719
0.243845
1.58002
0.629144
0.237882
3.38779
0.0949827
0.37961
1.63451
1.02939
0.314982
1.05711
0.738075
0.144556
0.797526
0.0374568
1.06868
0.579468
1.34627
1.01678
0.555429
0.268629
0.18233
1.1575
1.03028
4.81502
0.35798
1.58643
1.86515
1.16102
1.07002
0.571155
1.73184
0.487438
3.16239
1.48716
2.40432
0.831761
1.94052
0.305429
1.41013
0.690356
2.46749
0.838215
0.393622
0.259262
1.36778
1.53626
0.739481
0.986168
1.31747
0.886679
1.43096
0.885814
0.931546
1.90695
0.900395
0.353036
0.960482
0.774667
0.479674
1.73713
0.383619
0.689301
1.35261
1.51577
1.01787
0.321302
0.676403
0.273644
1.99019
1.37505
1.27506
1.39635
1.72422
1.51909
2.15812
0.429719
0.474107
0.479936
1.58058
0.404307
1.61807
0.897545
0.126582
1.4336
1.2889
1.03615
1.04076
0.409046
0.1611
0.117118
0.955
0.977653
0.762729
0.269794
0.394239
0.749698
0.184892
1.34875
1.35265
1.39323
0.370829
1.9568
0.514815
0.305616
1.77405
0.276371
1.00401
1.43152
0.613069
0.125043
0.58174
0.230016
1.11715
1.6752
1.63047
0.300457
0.912774
0.480152
1.87665
1.36339
1.06757
1.09975
0.363771
1.40565
1.19488
0.144806
0.627973
0.25978
0.729507
0.703289
1.48195
2.37073
0.765714
0.0544862
9.31373
0.690192
0.51301
2.02282
0.889285
1.50144
0.501937
1.9427
0.304098
1.94875
2.22763
1.37387
1.82448
1.0359
0.343947
0.452512
0.122221
1.42553
1.24713
1.51668
1.47806
0.25891
0.830678
0.654314
0.388606
0.720118
2.46994
0.748033
0.760641
0.258129
0.491296
0.278838
1.14609
4.57064
1.40574
5.95914
0.338207
0.407601
0.396833
1.1217
1.62999
0.956624
0.982416
1.13554
1.12042
0.813635
1.12209
0.143037
1.48043
1.25172
1.88969
0.354157
0.315166
0.19688
1.95178
0.708543
0.855656
1.14764
1.64436
2.57617
0.385252
1.27407
0.858367
0.859222
0.54154
0.486965
1.00891
0.58176
3.12379
0.985004
2.24872
0.457724
1.82264
0.682065
0.804713
0.443509
0.148153
0.779048
0.29743
0.272275
4.08959
2.06639
2.16677
1.09565
1.72306
0.651529
3.68822
1.10804
0.937503
2.32679
1.4806
0.731519
6.40112
2.15647
0.476724
3.08755
0.593468
0.397862
0.682498
0.462695
0.258219
2.29849
3.39128
0.480027
0.155267
0.860032
0.424271
0.368244
1.33678
0.937671
0.331981
0.347942
0.944519
1.14284
0.4391
0.234523
1.58144
1.57566
0.478194
0.670528
1.53751
3.12591
1.0915
0.314295
1.37974
0.700827
1.35263
0.220766
0.676542
2.15833
0.452885
1.68263
1.15493
0.883397
0.791748
0.811679
1.59565
2.21447
2.05292
1.94413
0.608218
0.992413
1.15314
0.386758
0.864016
0.870892
0.793586
0.477686
0.526674
1.39862
2.00811
1.15602
0.287833
1.064
0.366195
3.35406
1.43527
0.676659
0.9447
1.07873
1.05712
1.62296
1.35827
1.35868
2.21949
0.895571
0.488251
0.342673
1.4129
1.40296
0.871405
0.450856
0.868818
2.59578
0.199915
0.59406
0.965485
1.39006
0.710339
6.35363
2.32828
0.783962
0.396706
0.236034
1.90222
1.09123
0.343375
2.01713
0.632281
1.03992
1.93401
0.322299
1.0831
0.567141
0.458287
1.18081
0.335261
0.397724
4.78056
0.565545
1.51003
0.655803
0.770393
0.56739
0.54999
0.952382
0.486512
0.332777
0.829895
0.680768
0.654819
0.115919
7.43531
1.05172
0.749685
1.42889
2.21632
0.338631
1.00604
1.68467
0.626018
2.38788
0.470955
0.262286
0.316557
0.497077
1.30051
0.842279
1.03456
0.815003
0.262616
0.452337
0.230963
2.53683
1.19911
0.53613
2.08886
1.87049
0.350363
0.878489
0.712643
1.52849
0.413704
1.3585
1.60312
0.512441
0.426605
0.352983
0.887776
0.204292
2.355
0.382641
1.40296
0.818524
1.21938
0.437526
0.271763
1.0252
2.10855
0.9461
0.301606
0.541511
0.659579
1.5622
0.125046
0.299336
0.311388
1.0622
1.19623
0.675773
0.940779
0.225045
0.590042
0.509874
0.15787
0.629427
0.318659
0.512082
1.94922
0.581054
0.561318
0.387698
1.39642
0.395515
1.30819
2.13541
0.588056
1.1275
1.88342
3.39915
0.583877
1.62341
0.733221
0.872112
0.0954944
0.602443
1.9191
2.17215
1.74469
1.04415
0.567738
2.12664
0.601699
0.231582
0.256287
1.51294
1.65909
1.35894
1.95165
1.70332
0.145096
0.658126
1.68184
1.20311
0.107274
0.387219
2.3887
0.610609
0.697833
1.18608
1.09243
1.11031
0.871976
0.147318
1.10982
0.602894
2.04969
1.51131
1.27499
0.131464
3.16825
0.694509
0.318125
0.788643
0.38836
0.593818
1.91173
0.339672
0.497067
1.20254
1.1173
0.138849
0.290085
0.655161
1.43427
1.05202
1.30649
0.565212
0.397029
1.53761
1.95809
0.901817
0.348574
0.895343
1.09372
0.707424
2.17941
0.821825
0.758748
0.22649
0.294232
1.22799
0.398834
1.34856
0.254386
2.23008
0.328465
0.911459
1.03221
0.472531
0.313697
0.25003
0.52004
0.499939
1.97753
2.94056
0.958943
0.841949
1.94713
0.50607
1.41992
5.55981
7.06322
0.126267
0.683037
0.713363
0.602821
0.539141
1.21511
1.27996
0.392747
0.540931
0.661739
0.270867
1.99165
1.50769
0.39099
0.243814
0.787024
0.680647
0.595889
0.149058
1.25354
0.680614
0.990376
1.52264
0.435495
0.68047
3.5964
0.509067
0.615387
2.19653
1.91379
1.78147
2.2862
2.98797
1.4573
0.574937
0.446226
0.466387
0.503573
0.727776
0.365473
0.434993
2.75636
0.508289
0.349761
0.303978
0.445937
1.29409
1.52048
0.307347
0.948165
1.04631
2.29344
4.42602
0.768905
0.458812
0.713401
0.553832
0.597042
0.510645
4.06962
1.51694
0.195357
0.678158
1.01572
0.645799
2.77655
2.33357
0.771234
0.209277
1.03469
1.29074
1.35843
1.04017
0.615663
0.333951
3.02895
0.309303
0.5985
3.79029
2.85701
0.306599
0.397453
0.474912
0.466094
0.465471
1.01078
0.47366
1.64078
1.18554
1.06066
0.522881
1.09226
2.24806
0.517271
1.19471
1.45624
2.07691
1.05104
1.73947
0.22245
1.51721
0.807282
1.87766
0.396922
0.502889
0.385896
1.18403
3.88956
0.49568
0.17118
1.39871
0.63541
2.79685
1.47821
0.389312
0.766544
0.41879
0.812376
2.6899
0.603744
0.88613
0.921068
0.156454
2.33579
0.347238
1.44786
0.691899
1.23856
0.51305
0.49264
0.316222
0.281181
0.210788
0.433188
1.86396
0.611755
1.15299
1.91859
0.806943
0.939404
0.22255
0.149115
0.861226
1.60012
0.606238
0.850644
0.36566
0.321922
1.09156
2.25013
0.861202
0.759865
0.36403
0.911331
0.462417
1.48063
2.52368
1.62258
0.753658
1.52962
0.288499
0.832448
0.46566
0.498376
0.578371
0.84366
0.224365
1.38789
0.901559
2.81754
0.916157
0.787875
0.384249
0.52503
0.597863
0.420633
0.670947
2.24027
1.24997
0.521055
1.83632
1.00994
0.595417
2.15775
0.612155
0.561119
0.879458
0.370407
0.19253
0.442102
1.56302
0.577945
0.494835
0.344519
0.78914
0.709799
0.855159
0.13376
1.26152
0.319923
0.432639
0.278834
3.97038
0.273613
0.88442
0.633454
1.31409
0.866803
0.325798
1.72237
0.283362
2.74594
1.92074
0.389061
0.337381
1.03536
2.0153
0.218184
0.928404
0.376968
0.693432
5.81259
0.508711
0.304664
0.660298
0.58556
0.599514
2.77176
0.817261
2.20369
0.181792
0.75918
1.99771
0.438773
2.62065
0.743884
0.61
0.636927
1.05832
0.389061
1.54516
1.53358
1.16572
6.91957
1.69095
1.74237
2.50793
1.3136
2.55762
0.637457
1.68883
0.610546
1.15823
1.47743
0.50189
0.375955
1.72551
1.39295
0.531157
1.29388
0.676658
3.38134
0.511203
0.222477
2.61217
11.7124
1.45356
1.47578
0.320914
0.405978
0.407145
0.471666
0.806347
1.43982
1.11964
0.351832
1.11067
0.846838
7.35464
1.2713
0.335023
1.78851
1.46773
0.363054
0.801158
0.445487
1.28324
0.755959
0.616735
0.419108
0.833069
0.00478378
2.16524
0.622275
1.95445
2.48275
0.218616
1.10404
1.51038
1.84309
1.36805
0.618169
0.251338
0.684824
0.188795
1.57667
1.64355
0.362541
2.38037
1.57277
0.347296
1.12341
0.527403
2.35493
1.58379
1.25677
1.7462
0.964717
1.24466
1.11338
1.60696
0.580659
2.33913
0.378951
2.07839
1.20815
0.83995
2.21513
1.10919
1.48226
0.096516
0.267754
0.533855
0.945871
0.257257
1.6503
0.334266
3.06347
1.55943
0.321565
0.74574
0.977917
1.164
0.267293
0.782606
0.734511
0.50686
0.362736
1.41947
0.809848
3.8107
4.28368
0.300027
1.30778
2.0073
0.280109
0.744908
0.473566
1.34489
0.554851
0.857261
1.00386
0.572167
1.26903
1.04005
4.3734
0.576396
0.667351
0.36101
0.613352
1.69161
0.370541
1.76841
0.477811
0.477007
1.04423
1.66779
1.27668
0.211011
0.56741
0.534382
0.334782
1.87645
0.986718
0.207268
0.563788
0.637169
1.55682
0.190424
0.24871
0.799461
1.20855
0.849138
2.0598
1.07322
0.151601
0.435775
0.374732
0.528962
0.461901
1.25856
0.219676
0.137424
0.132297
1.19006
0.383298
0.309272
1.44325
0.483051
0.932316
0.457432
0.856356
1.70253
0.230267
1.46381
1.74828
0.529441
1.37931
0.23738
0.821269
1.3815
0.14417
1.8671
1.52415
0.929049
0.51137
0.408787
1.45701
0.561401
1.19423
0.370872
0.282547
0.797822
0.0668763
0.497902
1.07067
0.343308
0.67403
0.208851
0.573758
0.542967
1.36321
0.875932
0.476358
1.73392
1.55102
0.48543
0.523808
0.869021
0.300183
0.172168
1.19881
0.210494
0.632012
0.322136
1.54918
0.41675
0.260942
1.27394
2.25431
0.271918
1.21799
0.310489
0.389987
0.366483
1.47559
1.20698
0.980583
1.18817
1.4854
0.468377
0.76855
0.338501
0.813645
1.11408
0.581547
0.246224
0.561972
1.77491
3.04373
1.00723
0.87008
0.999562
1.27644
4.12157
0.241002
0.951395
0.258136
0.73988
0.587442
1.44769
3.01169
2.64147
0.236887
0.348941
1.23924
4.56937
1.35139
2.08691
1.80689
0.636392
0.676119
2.8568
0.200567
0.551462
1.67006
0.317643
0.613998
0.176103
2.01913
1.08257
0.233411
0.142313
1.09688
0.703503
1.53102
1.75634
1.88554
0.124102
0.91194
0.309792
0.605391
0.433707
1.45275
1.11526
0.286526
1.56877
1.23293
1.25967
2.83091
0.93786
0.434738
2.08693
0.357048
0.282562
0.195127
1.24847
0.772847
0.584859
5.94065
1.81524
4.82456
0.332203
1.44184
1.07167
0.992629
1.79658
1.61136
0.25357
1.6368
1.1282
1.3941
0.819155
1.93408
0.809375
0.295659
0.191751
1.42045
4.26617
0.330584
0.712626
6.34318
0.50812
0.330311
0.579584
1.28156
0.287879
0.227021
1.06299
0.427912
0.900539
0.150546
0.291831
0.883292
4.67034
0.564371
0.888766
0.692748
1.10013
0.512852
0.341759
0.665231
1.1227
1.38103
0.280767
0.396612
0.348387
1.96794
1.04844
0.664984
0.379887
3.53882
0.273637
1.33871
2.73466
2.84921
0.591608
1.67133
1.78399
0.370744
0.769795
0.0785089
0.44422
1.29973
0.295685
1.05396
0.177564
0.909166
1.26707
0.202037
0.402224
0.285176
1.78367
1.39055
0.242848
0.56069
0.923028
0.313261
0.612788
1.63197
1.56772
0.397214
4.06055
0.393807
0.188338
1.50119
0.499896
0.999379
1.01268
0.402689
0.82995
2.02665
0.788443
0.541053
0.605676
0.80555
2.12728
1.15156
1.4914
0.637706
1.04688
2.15011
1.05572
0.46894
0.328404
0.450424
0.928214
0.274418
0.603979
1.00386
0.738388
0.566772
2.8587
1.10305
0.258685
1.51311
0.40386
0.415181
4.4117
2.22083
0.276412
0.543195
1.41286
2.69873
0.554703
12.1288
0.971171
1.42483
0.609069
0.510996
0.709418
1.40189
0.936496
0.407012
0.654647
0.436183
0.77721
0.785396
0.517833
0.322082
1.45001
0.953487
0.439295
2.50012
1.65075
0.43014
0.464012
0.666197
0.936563
0.100929
0.120343
2.32011
1.62593
0.360072
1.07249
0.878363
1.99548
0.155222
0.308363
0.410982
1.93949
0.714413
0.313761
0.320005
1.51744
0.437811
4.36737
1.53278
1.34702
0.442957
0.565603
7.54914
0.619968
1.31475
1.32244
0.377852
0.750205
0.244287
0.649784
0.172163
0.385203
0.622354
1.73576
0.180931
0.818288
0.451922
0.722423
0.252683
1.22044
0.323611
0.0877291
4.73883
1.16723
0.727698
1.5141
0.550768
0.703589
0.114453
1.92996
0.327407
1.79955
0.499438
0.0855617
0.799414
0.481295
1.6862
0.552191
0.739434
2.53629
0.377233
0.418665
0.561411
0.0343368
0.604056
4.87573
0.818416
0.669753
1.61962
0.125485
1.21914
0.0984546
0.253425
1.63525
2.30227
1.31414
0.642585
1.54809
0.279778
1.43458
0.470831
0.390817
0.386015
1.18806
0.431871
2.82139
0.53424
0.53654
0.677699
1.47918
0.927861
0.42209
0.655176
0.807191
0.391532
1.53837
0.361952
0.547868
0.720271
0.51255
1.7742
1.10205
1.57382
0.54212
0.762607
0.925911
0.38123
0.50899
0.491364
0.200202
2.08806
1.29246
1.54341
0.5551
0.382111
1.6034
1.10763
1.00149
0.440928
0.160295
0.45242
0.411722
0.446456
1.05632
2.10585
0.57718
2.90173
1.06823
0.772597
0.582032
0.368438
3.22738
0.512607
0.620001
0.289331
0.25266
1.11162
0.80913
1.82287
0.905046
1.37143
1.34643
0.853459
0.438353
0.371285
1.09068
1.81654
1.07106
1.73196
0.818749
0.702743
0.219479
0.310858
0.473584
1.30804
1.22587
1.46327
0.563931
2.78637
0.62681
0.532305
1.06464
0.15493
1.0074
0.225832
1.43618
2.31475
0.250586
1.12757
1.57205
0.409707
0.565741
0.402514
1.19085
0.233317
0.642086
1.03927
0.156986
1.72556
0.107568
2.03405
1.83107
9.54861
1.48236
0.130856
2.44441
2.71996
0.644385
2.84682
1.44254
0.304883
1.49247
1.7833
1.00928
0.604357
1.33961
0.983908
0.741991
0.549487
2.24564
0.527011
0.896485
2.05755
1.83326
0.321545
1.9809
0.845634
0.150941
2.33361
2.4002
0.550525
0.290826
0.405205
0.387694
0.699154
0.575965
0.690063
0.394692
0.608164
0.706803
2.12312
0.25414
0.411207
0.863201
1.37786
0.127478
0.442697
0.594244
0.204065
0.250335
0.554699
0.753751
2.69718
0.477754
1.68344
3.09118
0.755451
0.683237
0.319015
1.54631
1.36373
1.02795
0.372811
0.982228
7.25896
0.7209
0.235237
0.328404
1.69647
1.12071
0.726659
1.70755
0.76299
0.323042
1.6224
0.233329
1.10101
0.768243
1.31447
0.395933
0.0942946
1.16423
0.668668
0.208344
1.83087
0.923647
0.194218
0.616199
0.464112
0.871088
0.430283
0.798248
0.103424
1.16851
0.419506
2.14375
0.719686
0.550498
1.08392
0.517711
3.46702
1.12592
0.517689
0.456601
0.249285
1.69145
0.611305
0.253325
0.29819
0.520027
0.98771
0.683369
0.935365
0.175475
0.5185
0.410775
1.53997
0.757847
1.26531
2.84847
0.398567
3.53561
1.71271
3.55351
0.831717
0.512193
1.13556
0.287405
1.20525
0.66322
0.225541
1.63938
0.494996
0.760975
0.448537
0.376685
0.419686
0.474791
0.57438
0.222015
0.776372
2.49456
0.591036
0.32783
1.27662
0.336306
0.467087
0.991507
0.759725
1.67679
1.6152
0.648096
1.53643
0.998321
0.114828
1.78915
0.367387
0.317551
1.63214
0.641048
2.8643
4.47395
1.68981
0.444598
4.50386
2.29439
0.682662
0.430376
0.253536
1.23587
0.424601
0.267269
0.776643
4.6141
0.766387
0.255472
3.59715
0.313978
0.685754
0.751415
0.494193
0.635696
2.80599
1.44515
0.777715
1.57639
0.384932
0.175236
3.90005
2.57253
0.390024
0.101183
0.513936
0.485319
0.0955204
0.336004
0.425649
1.13007
2.59376
5.73199
0.216408
0.910136
0.619749
2.56221
0.403809
1.1626
3.77893
1.0697
0.178711
0.976567
0.820034
0.363478
0.498094
0.983468
0.244869
0.97288
2.36979
0.319483
0.224616
0.610136
0.252223
0.35314
0.609254
0.724165
0.19104
0.219638
1.57453
0.198983
1.6918
1.68945
1.21435
0.723259
1.8132
0.270547
2.27641
11.0164
0.933858
0.453208
0.550123
0.461832
1.99371
0.900551
0.618167
1.63191
5.83081
0.210305
1.04088
1.16058
2.24119
0.550219
0.598912
3.36681
0.28418
1.37279
0.910868
2.47953
1.47306
0.711134
0.728739
0.11193
0.300629
1.04342
1.07199
0.253067
0.901047
0.574559
0.528815
0.24128
1.48515
0.38407
0.59863
1.1774
0.265004
0.491663
0.539066
1.33844
0.931769
0.699255
1.08512
0.437483
1.44474
0.581968
0.797127
0.814242
1.60075
3.08223
1.45264
0.445658
2.07087
0.623432
0.234277
0.258017
1.74583
4.54724
1.51236
1.27304
1.3091
0.314809
2.88793
0.496371
2.33985
0.753424
0.319118
0.112098
1.16124
1.33697
0.673295
1.9099
1.62314
1.1341
0.834858
2.37829
0.472764
0.61119
1.67607
0.197916
2.01316
0.908919
1.00329
3.51504
1.60835
0.336958
0.472915
0.871514
1.1187
0.388031
2.09558
1.76003
1.27722
0.459126
0.575955
0.917234
0.136642
1.06148
0.235801
0.238846
0.411362
0.369428
0.456573
0.211528
0.538733
1.68378
1.41722
0.642259
2.13827
0.374915
0.461002
2.01207
0.672821
4.35026
0.723426
1.45024
0.344129
2.95649
0.412886
7.10592
1.13431
0.529642
0.22649
0.666708
1.00661
0.0625212
0.872564
0.382829
1.57743
0.305158
0.877859
0.636
0.468888
1.6018
0.774928
5.44644
1.83299
1.43002
1.73106
0.264018
0.408008
1.00647
0.40078
0.334526
0.327731
0.332501
1.69287
0.903684
3.16031
0.459679
0.536986
1.86688
1.40321
0.239805
0.996501
0.202702
1.15604
0.92628
0.779984
1.39416
1.51228
1.45119
0.375155
0.56885
2.21177
0.172642
0.332299
0.570407
0.121313
0.267637
3.37013
0.506964
0.530157
0.532655
0.93448
0.275502
0.968911
1.19714
0.481906
0.823467
0.45838
3.49413
1.99811
0.395947
2.72862
1.37966
0.275758
1.41444
0.411879
0.659581
1.05486
0.497795
1.0347
5.31846
0.199038
0.760036
3.34391
0.866532
0.67591
1.90421
0.531506
0.250146
1.47194
0.498207
0.426302
0.499907
1.96358
1.99337
1.98904
1.06441
1.21345
2.24673
0.395985
0.949385
0.647855
1.09998
1.19296
0.222334
1.2477
0.553226
0.507435
1.30627
0.626675
0.327158
2.27741
1.18177
0.468435
1.60124
0.537876
2.86865
1.71028
0.533656
0.521799
0.837416
0.706898
2.71793
1.41061
2.26438
1.17208
0.551469
2.06106
0.681787
2.54233
0.996979
0.717444
1.29734
0.661585
0.626806
1.1448
0.343675
0.984796
0.658633
0.391989
0.293192
2.31069
0.472994
0.201728
0.683377
0.511167
0.198265
2.0983
0.655567
1.05244
0.455521
0.583076
1.87115
0.715274
0.617345
0.376635
0.659549
0.728672
2.0296
1.2829
2.23348
0.162238
0.387491
0.179214
0.918594
0.299903
4.29257
1.19701
0.61136
0.667934
1.09751
0.26885
0.398397
0.497254
0.234165
0.139109
0.539407
1.30007
0.215581
4.39988
1.51904
0.70639
0.455454
3.59998
1.46334
2.21179
0.496591
1.48399
0.368873
0.805575
0.487065
0.306277
0.40854
6.01284
1.42053
2.74866
0.466456
0.11342
0.233423
1.27393
0.710038
1.35674
2.46017
0.783879
1.4331
1.72596
0.79897
0.569874
0.334284
0.350114
1.35221
0.305271
0.827397
0.622022
1.05469
0.558998
0.998556
1.24998
1.51983
0.169455
1.14124
0.835679
0.325631
0.36196
1.43955
0.381854
1.6259
1.56846
1.09111
1.35565
0.30338
1.11137
0.792795
1.22752
0.426182
1.21198
0.751225
0.40696
2.02184
1.02222
0.535487
4.347
0.392293
0.339031
0.18462
0.523871
0.188851
1.03836
0.582199
1.80746
0.711476
0.314863
0.0712975
1.6997
1.20477
1.50577
1.26342
1.69464
1.83216
0.469311
0.519897
0.415228
0.999625
0.70897
0.353843
0.466096
1.74224
4.87527
4.91885
2.43948
1.03508
2.41169
2.03979
1.80461
0.352915
1.38033
1.14508
0.174554
1.0907
0.749316
0.317894
1.65811
0.38718
0.394818
0.550811
2.20485
0.158417
0.904408
2.28122
0.550536
0.71122
0.804855
0.478472
1.03146
1.38021
1.98089
2.05097
1.90904
0.696062
0.46194
1.15281
0.52907
1.22435
0.327572
1.49747
0.923922
0.595835
1.22084
1.35353
1.45812
0.734548
0.468962
0.820095
1.22023
1.51264
0.426347
0.65399
0.57685
0.835103
0.352965
0.345001
2.29384
2.1179
0.456768
0.937143
1.71437
0.732376
1.22438
2.1516
0.629857
0.983256
1.21271
1.18708
5.2016
0.537705
0.404296
0.881445
0.844073
1.63508
0.456
0.360894
1.46093
0.958849
1.46165
1.34591
0.401977
1.38992
0.706826
2.98817
0.527098
1.8004
0.196133
0.735809
0.684511
0.908007
0.984267
1.30203
1.10129
1.79424
1.8419
0.190823
1.10557
0.382418
0.657742
4.85033
0.128616
0.572818
0.524127
1.00286
0.271313
1.32507
1.7095
1.39209
0.51808
3.8232
1.26043
1.33744
2.06491
1.34451
0.346918
1.46109
3.57108
0.155254
0.984248
0.196361
1.65223
1.5869
0.839598
0.535655
0.470252
0.450375
0.650307
1.82963
0.557269
1.21707
0.299877
0.282923
0.90703
0.502046
0.828214
0.96003
2.59989
1.08898
0.450694
2.49118
0.452974
0.42837
0.154829
0.612159
1.73684
1.56166
0.26604
0.743077
0.311371
0.0919653
0.946155
0.880526
0.59479
0.419672
0.391979
0.208981
0.226861
0.460798
3.31076
2.76127
11.6762
0.52291
3.61027
0.527793
0.749181
0.695569
0.172557
1.34065
0.882063
0.75029
0.197324
0.260397
0.512695
0.544564
0.601977
1.66706
0.549849
0.274951
0.987466
0.650137
0.415526
0.722437
0.763666
0.497139
0.358906
1.25174
0.691358
0.697009
1.09571
1.35478
1.99381
1.26947
1.31242
0.720349
0.596469
0.641702
1.38706
0.598748
0.877569
6.38298
1.05641
0.378812
0.407457
0.933816
0.0825226
0.67371
0.669099
1.91206
0.458212
1.54946
2.37181
0.204626
0.299885
2.39702
1.9471
0.292813
3.27141
2.57077
0.909348
0.477236
1.51001
0.277069
0.159227
1.0543
1.9467
0.288039
0.500515
0.594317
0.966898
0.581378
0.283554
0.668713
0.60194
0.405818
0.530707
0.268973
0.265564
0.716569
2.40028
1.13523
1.37264
1.97179
0.701273
0.535168
0.633446
0.460966
0.356674
2.56721
0.682477
1.4156
1.14123
0.926553
0.185171
1.36133
0.539619
0.171946
0.171735
1.45597
4.68156
1.63368
1.20717
1.44528
0.760596
1.27019
1.00886
0.57207
0.728024
0.578502
0.683637
0.79864
1.27334
2.11928
1.43169
0.698255
0.426546
0.760465
1.52001
2.12663
1.78351
1.88925
1.1972
1.60251
1.32529
1.34529
6.42302
0.263995
1.96767
0.408543
1.21645
0.258043
0.951269
0.315554
0.416971
0.3896
0.658843
0.344562
0.595719
0.20958
0.512085
0.587338
2.13683
2.41686
0.258951
0.400492
0.311042
0.927439
1.34752
0.657813
1.2469
0.978134
1.16665
0.470585
0.963076
0.682612
1.69909
0.744457
1.11232
1.4257
1.39685
0.637697
1.87947
0.344164
1.43445
1.32087
0.81036
0.385079
0.307216
2.08998
2.16302
0.676622
1.70027
0.691786
0.456709
1.74121
0.462364
0.777393
0.442426
1.4125
0.813542
0.243825
0.300415
1.9972
0.926082
0.686111
0.823795
0.197244
2.35656
0.780921
1.95196
0.776081
0.519769
0.714354
0.263099
0.790564
0.722542
0.968285
0.106615
0.304941
0.744604
0.198319
1.66224
1.021
0.373889
0.638138
1.55366
1.1906
0.42281
1.12641
0.413572
2.76209
0.467779
1.27071
0.275441
0.378999
1.24546
0.412767
1.86204
1.52974
0.817035
0.157337
0.0923967
2.26025
1.5315
0.875432
0.450459
2.01131
0.961643
0.429921
1.33917
1.54
1.36801
0.273758
1.53945
1.58006
1.16069
2.251
0.7928
0.318311
0.250465
0.366572
0.537593
0.366393
0.4067
0.583157
1.75285
5.94755
5.92174
1.60873
0.342626
0.163653
0.896325
0.61191
1.33349
2.60557
1.09672
0.270356
0.452198
0.709729
0.492055
0.459095
1.27904
0.569784
0.548239
0.425604
0.605954
1.15612
0.578581
0.463298
0.25831
0.942685
0.546139
1.0353
0.930219
1.00911
0.10751
1.06866
0.777974
1.07586
1.73325
0.515297
2.30367
4.09396
0.179917
1.02738
1.71388
1.09455
0.275972
0.240034
0.364981
0.673227
0.422005
0.397623
0.40056
0.647809
2.16189
0.323392
5.15888
1.17095
0.606381
2.21719
0.484415
0.250953
0.517163
1.71712
0.32865
1.34323
0.45047
0.884828
0.270814
0.667376
0.496676
2.14776
0.597811
2.25587
0.582931
0.454593
0.259549
0.547627
0.622181
0.430375
0.435935
0.784678
0.514487
0.923323
0.41999
1.28909
1.2938
6.87155
0.641559
1.37956
0.220005
0.185121
1.32444
1.86581
1.25286
1.49963
1.09045
2.23037
1.95293
1.02089
0.522973
1.81696
1.29308
0.644529
1.64939
1.7904
0.921018
0.869186
0.859979
0.738194
2.69394
1.70748
0.623563
1.24059
1.28694
2.24661
0.392142
0.649501
0.668035
0.776635
4.37716
1.18799
3.4894
0.350413
0.47806
0.752813
1.34182
0.309418
2.38455
0.399343
1.31971
0.198005
0.50547
1.52115
0.342059
1.13613
1.85516
1.37248
0.623949
1.4855
0.506393
1.14772
0.48157
1.73947
0.441819
1.99281
1.58426
1.07791
1.25765
1.16307
0.629805
0.199587
0.940218
0.622053
1.85563
0.21048
0.117803
0.366178
0.792344
0.336424
0.476763
2.22564
0.424864
0.319128
0.263684
0.320032
1.51712
0.660391
2.48634
0.740617
2.36074
1.45232
0.52364
1.11085
0.163981
1.11324
0.273181
0.848142
0.309973
0.735959
1.48138
0.622851
0.410316
0.203995
1.77772
0.192463
0.283926
0.687049
1.20134
0.477962
0.624101
0.175971
0.246256
1.46117
2.60112
0.127457
1.63938
0.180106
0.263708
0.0395545
1.00197
2.88586
2.39617
0.33089
1.61709
1.39557
1.43422
0.277112
0.960675
0.854422
0.44179
0.553878
0.898861
0.817169
0.797315
1.34459
0.425612
1.06764
2.12376
1.04392
2.02828
1.62969
0.740139
1.38929
0.423544
2.11926
0.410837
0.377813
2.01383
0.291609
2.03742
1.48482
0.407577
0.323066
0.382404
0.324708
0.430884
0.498562
0.227107
0.273492
1.1434
1.39061
1.69417
2.95049
1.15507
0.491551
0.937343
0.470271
2.80755
0.653842
0.70721
1.01632
0.969155
0.383428
0.275327
0.225117
1.13805
0.983177
0.408636
0.182541
1.24776
0.304699
2.43929
0.430382
0.717845
0.370168
0.268915
0.732377
0.544912
1.04909
0.391191
0.266163
1.12428
0.279388
1.4518
1.8183
1.73342
0.846552
1.28134
2.0154
0.364618
0.5516
1.31871
0.799259
1.77943
0.560364
1.36107
1.46692
0.374556
0.626708
0.659628
1.37866
1.47319
0.467585
2.21608
0.796879
0.871199
0.535843
1.71638
0.824728
0.653034
0.573863
0.435242
1.12295
1.57554
0.907193
0.221826
0.377916
1.94375
1.57318
0.268158
0.52452
0.606707
0.355418
1.22273
1.87436
1.01151
0.349707
1.05263
1.01478
0.080596
2.27793
1.31123
0.371323
0.97923
0.310366
3.51346
1.21349
0.40081
1.16486
2.17197
0.105849
1.55383
0.067882
0.384551
0.60466
0.318258
0.388006
0.58229
0.351926
3.25037
1.85619
0.882037
0.579962
1.85276
0.513453
0.27053
1.48078
0.486176
1.34749
0.924411
0.925534
1.21708
2.15884
1.34759
0.992679
0.81218
4.73482
3.97114
2.36659
0.204883
0.667399
0.152752
0.289162
0.438807
0.497597
0.442056
0.245115
3.25744
0.210185
0.991471
0.20832
1.03035
2.1609
2.45533
2.84863
0.431714
0.195014
0.26024
0.295128
1.76215
0.873291
0.415108
0.777228
0.603483
0.533179
1.37466
1.91459
0.278351
1.74531
0.347185
2.29945
0.186546
1.99178
1.30124
2.54831
0.53753
0.662847
0.329872
1.46835
0.412585
0.442715
0.237864
0.32003
0.337514
0.837054
0.299823
0.624877
0.821453
0.78217
0.760477
0.507241
1.83095
1.33859
0.908703
0.885953
2.0652
0.518049
0.231921
0.550356
0.55511
0.467008
1.1915
1.57082
0.468769
0.950071
0.928669
1.61031
1.05714
0.737026
0.126001
2.15465
0.969287
1.1291
1.48198
1.61206
0.436185
1.39329
0.305468
0.283724
1.64245
0.726483
0.633293
0.552901
0.210936
0.730976
1.97471
0.716366
2.59111
2.50363
0.318912
1.45946
5.90568
0.657203
0.221953
0.971215
0.180269
0.425754
0.100554
3.08897
0.707251
0.536501
2.63866
12.0909
2.78515
0.619409
1.90095
0.409831
0.183458
0.917734
1.204
0.629897
0.218608
0.313644
0.527833
0.713525
1.29722
0.176249
0.267683
0.99152
0.157994
0.513926
0.548428
3.07664
1.89573
0.821495
1.06994
0.568351
0.211064
1.31533
0.363189
1.81055
2.20147
0.823646
0.307292
1.04197
0.571186
0.638169
0.529928
0.935526
0.274821
2.62882
0.216066
0.872264
0.455271
0.461904
0.407627
1.36696
0.426924
1.68762
0.772524
0.157555
2.60148
1.2178
7.10152
4.83222
0.550378
3.81559
1.31446
0.746663
4.60703
1.08389
0.390008
0.451763
0.427784
0.692124
0.759759
0.727472
1.67675
1.69095
0.712846
0.352506
1.02727
2.11658
1.7508
1.48319
0.418225
0.327562
0.77876
0.208593
0.544334
1.74005
0.354159
0.794044
1.73014
0.717769
3.20043
2.57342
1.31895
1.83039
0.97792
0.897863
1.22223
1.24805
0.243861
0.231132
0.499873
1.05727
1.14258
3.37527
0.601489
2.42104
1.16901
1.03283
1.6046
1.46525
0.854443
0.372571
0.881535
0.998533
0.654458
0.419402
0.66831
1.05893
1.25978
2.40976
0.388628
0.904681
2.23413
0.756478
0.35273
1.41009
1.11022
2.18487
0.436147
0.544802
2.17038
0.229245
2.10926
0.141864
0.86173
0.182187
0.530791
1.13389
0.489282
1.46866
0.370721
0.258094
1.24614
1.51219
0.34335
0.492831
2.23491
1.26
2.91387
0.893562
1.46461
2.08315
0.26807
1.70208
0.242555
0.136371
1.29648
0.483641
1.82385
0.737545
0.978233
0.472548
0.525568
0.864474
2.52467
0.208457
0.641783
0.39388
0.214375
1.0502
1.60174
0.034379
0.422684
0.612716
1.12363
1.25826
2.16225
0.426406
1.23863
0.322582
1.51192
0.883571
1.01076
0.181243
0.576133
0.580515
0.374123
0.955059
0.339239
2.06033
0.631828
1.81555
13.9168
1.78479
0.388535
0.543685
0.754096
0.620827
1.27229
0.413858
0.177941
0.988788
1.06456
1.48761
2.64518
0.525094
0.251611
0.752221
0.184603
0.942763
0.0553077
1.38614
0.494322
0.842891
0.920008
1.53551
0.707576
0.766684
0.384842
0.415875
0.312677
0.528576
0.863872
0.469201
0.810329
2.18866
0.880546
1.13469
0.0706622
0.294587
0.592548
0.22722
0.147223
0.94861
0.87075
0.123829
1.15146
0.267318
1.15235
0.666171
1.87142
0.348519
0.578641
1.99927
5.46233
0.55421
1.13114
1.55524
0.96364
0.513636
0.465861
0.80577
0.869531
1.08834
1.24147
0.541532
2.22173
1.15413
0.553996
0.500963
0.864432
0.430277
0.927987
0.767599
1.61666
0.418764
3.13535
0.943768
0.313676
1.09623
0.556087
2.42206
1.38651
0.277406
0.664473
1.40536
1.26338
0.904809
0.326615
1.3393
0.496112
2.28061
0.465701
1.51588
1.98467
0.895565
0.462513
1.18512
0.196801
0.244864
1.75209
0.33238
0.892138
0.565923
1.65316
0.900176
0.178525
0.463418
0.307206
1.61991
0.365043
0.569888
1.35066
1.62372
0.571276
1.52853
0.781385
1.29452
0.357775
0.588395
1.03362
0.232862
0.656827
1.99249
0.887448
3.2512
0.181009
0.569973
1.3111
0.156826
0.391731
0.231132
0.190499
0.386667
0.138048
0.242262
1.89915
1.1388
0.647423
1.01289
0.261377
1.86936
0.488247
1.34248
0.809136
0.397172
0.403252
0.525145
0.279594
1.24558
2.92458
1.39083
0.143765
1.33335
0.77008
1.62098
0.478515
0.725232
5.79903
0.387106
0.557728
0.585039
4.51119
0.576212
2.13199
1.61394
2.90374
2.60287
0.496965
1.34418
0.441682
0.421122
0.33073
0.425994
0.227806
0.351623
0.428036
2.0972
0.295508
0.932812
0.512573
1.26758
0.274674
1.00304
0.419929
0.31666
0.279682
0.286542
1.05464
0.551621
1.151
0.387254
1.21239
0.743589
0.340169
1.74841
1.5754
0.801223
0.360748
0.424849
1.31213
0.698591
0.37007
1.02097
1.50578
0.940107
0.280297
2.04275
0.0816477
0.966608
1.27713
0.248386
3.59326
1.76329
0.915119
0.314101
0.749107
2.37348
0.113689
0.824789
1.43853
0.253067
1.91222
2.79326
0.531344
1.99405
1.83323
1.23641
1.72072
0.418255
1.29042
1.23017
1.27315
0.574251
0.402711
0.455126
0.419706
0.49901
0.0909382
1.66112
1.57953
1.59045
1.64989
0.295614
0.70438
0.822948
1.01727
1.42452
1.12325
1.28486
1.81894
0.172778
0.422784
1.42139
0.599631
0.229843
1.04763
1.07658
1.75832
0.669075
0.418265
0.543672
1.69367
1.98314
1.53543
0.57829
0.855477
0.658752
0.756756
0.567311
0.532866
0.792289
0.34255
1.5973
1.96845
0.680726
0.846104
1.13202
1.18567
0.42143
2.02496
0.822621
1.099
2.4966
0.375407
0.994705
0.749779
1.20334
1.43704
1.43737
2.46421
1.29689
0.466829
1.18768
1.73502
0.57387
0.893655
1.3931
0.783522
3.92766
0.646471
1.84083
0.637949
0.508354
1.06369
1.83096
0.405329
1.4529
0.716372
0.671981
0.388288
0.655413
2.43305
1.37695
1.11877
0.251417
0.445434
1.04998
0.320195
0.334181
0.472482
2.23373
0.45675
2.34609
1.02547
1.52078
1.63637
4.1532
0.905852
0.151607
0.317435
7.02352
0.445647
0.608206
1.81839
0.451436
0.330549
0.732089
1.76957
4.12126
0.450217
1.44803
1.04494
0.734524
1.00221
0.24891
0.726323
2.70665
1.90293
0.82757
0.338582
0.327775
0.0608484
0.668138
1.07973
0.707655
1.44241
0.463997
0.176396
0.12421
0.473769
0.319901
1.47237
0.511494
0.837183
0.701475
1.31579
1.30205
2.42302
1.7365
0.692674
0.752732
0.815846
2.36288
0.728014
0.355558
0.559105
0.172797
1.44466
0.611331
1.47968
1.0403
1.11111
0.20616
1.14186
0.298489
0.393307
1.32629
0.361777
0.646722
0.546533
0.618258
1.20594
0.193611
1.53111
0.640186
0.314426
1.09534
1.06649
0.584384
0.48998
0.32304
1.01414
0.201646
0.781194
1.72766
1.84196
1.45761
1.05552
1.02747
1.9917
0.323948
0.697605
1.1702
1.2751
0.127475
1.41495
0.684028
0.786887
1.18171
0.206901
1.05835
2.57117
0.391662
0.343172
0.548208
1.68052
0.259156
0.805701
0.278624
0.58889
0.849546
0.945646
0.346515
0.541129
0.413518
0.225241
0.31617
0.217271
0.311596
0.238572
0.932834
0.875841
1.53171
1.71049
1.02796
0.76098
0.749876
0.30481
0.156466
0.456862
1.11688
1.11526
0.695261
1.2567
0.847369
0.684956
0.400508
1.0714
1.44952
0.446981
1.89175
1.9773
1.32311
0.174533
0.34947
1.64651
0.738392
0.229931
0.209445
0.238818
1.30191
1.43445
0.423908
1.14826
0.900425
1.50067
0.77373
0.612977
0.318453
1.62051
0.365417
0.261814
0.207361
0.19781
0.491602
1.21273
0.485951
0.486929
11.4526
0.465146
2.9278
0.48106
0.252997
0.774891
4.52256
2.1451
1.40927
0.308997
2.73637
0.7591
0.383338
0.214175
0.257948
0.592908
1.08844
0.145837
4.66076
0.614815
0.602646
1.36444
0.356336
1.8088
0.253961
0.495077
0.36055
0.730209
1.45668
0.56364
0.964712
0.763916
6.02875
2.10607
0.534591
1.36569
1.69719
2.02701
1.15903
0.676917
2.00201
0.664762
1.309
2.06566
0.784569
0.838102
0.381687
1.87095
0.478262
0.278245
0.611182
0.257876
0.360987
1.79266
0.751018
2.68591
0.961522
0.593909
0.657399
0.625764
0.602963
0.949818
2.46431
0.967577
1.20018
1.75473
0.833716
0.611126
0.544489
1.82521
1.19301
0.529943
1.28797
3.93846
13.0643
1.5174
0.803294
0.264881
0.410254
2.82705
0.861283
0.0483954
0.367716
1.93868
0.291776
0.220643
0.527204
0.832549
1.30446
1.90144
0.234084
2.03701
0.894083
0.555034
1.97814
1.59863
0.149037
0.484744
0.623177
1.0484
0.85629
1.06965
0.411681
0.985732
1.98923
0.823393
0.439303
0.53657
2.81929
1.04171
1.03664
1.1751
0.317085
1.15746
0.327018
0.648076
1.62377
1.2165
0.216247
0.49296
1.77263
1.75471
1.02291
0.410667
0.384734
0.374886
1.2116
1.01306
1.47494
0.517326
0.20564
1.25736
0.317069
0.918862
0.47895
3.4498
0.324487
1.20849
0.366399
0.0925169
2.15973
0.309653
2.05239
3.77588
0.512799
0.452566
0.264942
1.64373
2.76098
0.461842
1.00168
1.05355
0.254226
0.32193
0.389804
0.192374
1.62731
0.205614
1.00062
2.34726
0.355688
0.438422
0.340566
1.33041
0.392532
1.3472
0.358351
1.03788
0.822257
0.613652
2.40015
0.384659
0.787816
2.06369
0.245613
1.5086
0.614331
0.706924
1.83704
0.441829
0.234951
2.01906
1.34379
1.28947
1.03331
2.12974
0.478126
2.36967
0.688527
0.507302
1.36535
0.304825
0.243894
0.33111
0.3507
0.285071
1.04768
0.554234
1.78668
0.461539
0.190467
0.237204
1.18024
4.38006
0.276964
1.17884
2.03292
0.37715
2.20208
0.628931
0.0922076
0.219335
1.32073
0.354554
2.08746
0.634473
0.257888
0.644019
0.107149
0.208901
0.525293
0.711742
0.672676
1.48087
0.699004
1.70645
0.447999
1.42064
0.679267
2.64122
0.441719
0.491628
1.09671
1.71978
0.241605
0.530652
1.6951
0.286034
0.313104
0.566484
0.497064
0.529154
2.17109
1.10309
0.830119
1.01383
1.38593
0.728877
0.310102
2.39414
0.91238
0.890256
0.167638
2.35879
1.02825
0.500431
0.253086
0.375339
0.189646
1.84109
0.204899
0.594086
1.39763
0.407633
0.197215
0.780674
1.39907
1.26855
1.25349
0.896101
0.320332
1.34665
1.35441
0.287682
2.05925
0.676762
0.345355
1.74838
0.471552
2.7829
0.306695
2.19921
0.275724
3.43908
0.63531
0.584993
0.470257
0.851735
0.609385
0.292747
0.653106
0.223901
0.807333
0.913215
0.899994
0.536616
1.36963
0.837435
0.404789
0.644622
0.61741
2.02088
0.755341
1.60977
0.591648
1.22438
0.557253
0.396065
0.632707
0.944606
0.637843
0.301031
0.691472
0.670296
1.88283
0.510201
0.92018
0.483836
0.297347
0.895674
1.26266
0.372973
0.514605
2.496
0.708498
1.39747
3.51621
1.93385
1.54827
0.436459
1.4524
0.502626
2.48188
0.177798
0.313419
0.609743
1.48153
0.400129
1.8047
0.173473
1.1552
1.48902
0.595839
1.16818
0.868719
2.59024
0.238415
0.425876
0.214557
0.392043
0.428161
0.316112
0.666635
1.50988
0.365151
0.467802
0.237223
0.409505
0.571979
0.213809
0.574974
0.376981
0.252872
2.15028
1.07279
0.349327
0.214612
0.499018
0.400452
1.43407
0.385825
0.371264
0.154265
1.38276
2.32569
2.0126
0.378745
1.03828
0.498902
3.4615
1.21871
0.582475
1.01017
1.36465
0.675667
0.138994
1.87479
2.5275
1.08698
0.796135
0.460474
0.401251
1.3938
0.538343
0.667815
0.321966
0.462471
0.290555
1.24827
0.357327
1.57958
0.62827
8.68189
0.738845
0.23222
1.52838
0.164897
1.69838
0.564259
0.558077
0.376772
2.00607
1.67947
0.353419
0.336291
1.44396
0.226723
0.519194
0.203027
0.279828
0.564467
0.529913
0.581221
0.21221
1.86038
0.914647
0.504443
1.78118
1.00948
0.272135
0.985631
0.235385
0.113309
0.195772
0.43251
0.936752
2.50538
2.4544
1.15644
2.35528
0.723205
0.233756
11.0422
1.53983
2.71115
2.2947
2.38883
0.6198
1.44781
0.436024
0.570787
1.39158
0.0489757
0.52244
0.241309
0.617589
0.294792
1.31694
1.68622
0.913197
0.529243
0.626953
2.6392
0.21133
0.572313
0.41214
0.511876
0.710589
3.15114
0.353631
1.03701
0.282774
0.644062
0.145519
1.79329
0.237673
0.274324
0.394251
1.99455
0.762716
1.59343
0.166747
1.36492
0.331891
0.511206
1.63608
0.513334
1.49629
1.05357
1.50797
0.578818
1.17499
0.720714
0.45686
0.200858
0.942978
2.0171
0.145024
1.61932
2.11015
1.70047
1.61608
0.518484
0.636143
0.283694
0.179366
0.784277
0.373921
0.253605
0.730443
0.313819
1.51897
0.255523
5.29064
0.548573
0.174158
2.16202
0.679444
8.62138
4.00645
0.533487
0.833763
0.472396
1.99693
1.38656
0.25224
0.595097
1.63258
6.16908
0.459006
1.89368
0.391845
0.385149
1.32379
0.641538
0.131722
1.86154
0.747105
0.904746
1.03486
1.70914
0.297654
0.426913
1.24101
1.05025
0.253923
0.331387
1.14229
0.35932
1.37179
0.131771
0.159464
0.412214
7.88518
0.505505
0.740138
0.977306
1.00673
1.61417
0.668625
0.434987
0.423575
3.01001
0.552494
0.518193
1.03955
2.57173
0.347404
0.528228
1.33469
0.957684
1.30707
0.244215
0.243113
0.728681
2.35689
1.30077
0.512835
1.05277
0.770155
1.26527
1.62756
0.800091
0.770091
1.3823
0.230029
2.10989
0.356996
0.585382
0.260515
0.474642
1.92724
1.53359
0.445342
1.88162
0.63919
0.453333
0.503248
0.649132
1.66325
1.45494
2.4321
0.40931
1.75928
1.23899
0.690284
0.653932
0.340774
1.0348
4.42706
1.70639
0.470895
1.5786
1.62131
1.47288
0.321455
0.662712
1.50379
0.136907
0.377347
0.459903
0.553009
1.56559
0.637283
0.558786
0.321087
0.969987
3.6916
0.77765
1.60151
0.726617
0.566645
1.70036
1.04726
1.06751
2.06321
0.917729
3.40065
0.533082
1.34023
0.814518
0.122947
0.317321
0.470812
2.90412
7.63454
0.953885
0.364777
0.557858
1.40569
2.2318
0.507387
1.00444
0.360146
0.521681
0.339515
0.514895
1.14107
0.621639
0.537132
0.990741
0.738817
0.920476
0.371823
2.47573
0.65625
0.497281
1.1996
0.422617
0.251451
1.42222
0.539075
0.198765
0.617913
0.949196
0.302064
2.59045
0.707085
1.6045
2.33068
0.233641
0.85857
0.841532
0.626872
1.72131
1.58094
0.445656
3.98006
0.532133
2.92365
1.32346
1.74956
0.820261
0.387553
0.734954
0.54502
1.45963
1.27535
1.56724
0.647392
0.891719
1.30603
0.700606
0.208692
0.643772
1.3156
1.00015
0.269528
1.89099
0.572543
0.445066
1.10231
0.473406
0.366838
1.80564
1.5775
0.337338
1.30728
1.61368
1.64374
0.357171
0.922646
3.08021
0.759066
1.56242
0.619547
0.80967
0.202935
1.53828
6.46934
0.365487
1.80123
0.398643
0.825224
0.275947
1.13196
1.14307
6.52363
0.532539
1.36215
0.193702
0.604476
0.109395
0.533342
1.93623
0.136352
3.41672
1.55895
0.185945
3.30311
0.264192
0.938276
0.188562
2.95278
2.44142
1.54235
0.285289
0.516739
0.217433
0.482721
2.6079
1.28824
1.23549
1.83464
0.603692
1.1941
0.733447
0.262636
1.72602
1.56024
0.3589
0.276693
0.900972
1.85194
0.721739
1.03698
2.17862
0.450261
1.06136
0.646905
0.637343
1.31612
0.228768
1.25646
1.51896
1.88067
1.08829
0.323637
0.266715
2.11797
0.269203
3.27922
1.55329
0.463076
1.68923
1.97629
10.2933
2.02173
1.16221
1.42795
0.999437
0.36004
1.85322
0.905521
1.18757
0.236923
1.77808
0.684796
0.769626
0.977732
2.334
1.85164
1.14597
0.266503
0.380584
0.716989
1.80706
0.736144
0.448352
1.46438
1.14915
1.54392
1.17301
0.657077
0.566165
0.659724
0.83371
0.518337
0.795052
0.679336
0.827667
1.93335
0.240984
1.10619
0.799023
0.961038
0.503239
0.843334
0.502997
0.700257
0.577629
1.93385
2.02074
0.402776
0.647206
0.375077
0.385608
0.610125
0.354819
0.760521
4.29804
0.212712
9.08701
0.23694
1.33031
0.541025
0.640848
1.21258
2.60009
0.5469
0.659135
0.566414
2.18292
0.897293
1.16414
1.20335
0.294224
1.40889
0.291544
0.683105
0.570627
0.259213
2.61729
0.361946
0.164686
1.0656
1.05883
0.23909
4.49536
1.01933
0.676349
2.40833
1.83783
0.646499
0.388512
0.736427
1.24742
1.27397
0.246176
0.162464
1.87695
1.35883
0.450806
0.546969
0.314856
1.07592
1.89639
1.64426
3.41993
0.878302
1.81917
7.14138
1.80411
2.02464
1.05672
1.20007
2.49381
0.940868
0.608549
0.726373
0.169619
2.25693
0.141525
0.689565
1.0063
1.24392
1.847
1.49673
0.728874
0.873844
0.251021
0.313637
0.101748
2.45804
0.39645
0.973171
1.55574
1.30558
2.67853
0.633144
0.553576
3.27344
0.49156
0.145685
0.735094
0.89546
2.73322
1.51949
0.460909
1.02462
0.277337
0.525686
1.83531
0.415313
1.36218
0.750441
0.253179
0.772646
0.842795
1.25555
0.621065
2.04874
1.9825
1.75811
1.10174
0.90492
0.624865
1.12741
1.47961
0.959373
0.486097
1.65418
0.282213
0.965298
0.800032
1.43446
1.17866
1.58451
1.84338
0.486673
1.35258
1.47431
0.624165
0.457071
0.518262
0.642728
2.16617
0.584284
1.60284
3.57608
0.262169
1.0188
1.84709
0.774235
0.308378
1.76803
0.689859
2.60275
0.462769
0.610358
0.971516
0.171823
1.02231
0.857021
1.37011
0.71903
0.486346
0.448999
0.433327
1.09454
1.42934
0.718964
0.319662
2.99289
0.494052
0.427827
0.229287
1.04412
1.27388
0.743396
0.528536
0.579446
1.72729
0.676502
0.203835
3.77152
1.12687
0.47438
0.712151
1.99859
0.620822
4.19834
0.252786
1.08036
2.76835
7.33327
1.79408
0.31313
0.793893
1.71046
2.0525
1.29093
1.79724
0.194105
2.19956
1.24262
0.294219
1.86087
0.329167
2.60156
2.12233
1.44617
2.21503
1.14428
0.618622
1.35257
1.88378
0.439939
5.94143
0.817606
1.27876
0.385332
4.11555
0.603888
0.65797
1.56668
2.41663
2.45204
0.382074
1.6786
0.7816
1.31815
0.286115
1.93063
0.891412
1.12085
0.863482
0.237301
1.02136
1.16832
0.271294
1.11756
0.644319
0.53598
2.2522
0.533001
0.405005
2.23415
1.71786
1.03604
0.187513
0.257692
0.991965
0.597513
1.34975
0.593757
1.42558
1.56285
1.10623
0.494992
2.06397
2.64059
0.336565
0.370163
0.898925
1.47525
0.73932
1.10147
2.1061
0.715078
2.7596
1.36883
1.75105
1.84399
1.07297
1.68828
1.07776
2.28264
0.64676
1.07664
1.46201
0.127427
2.61777
0.333782
1.75617
1.58198
1.47235
0.3099
0.640513
1.08298
0.788015
0.913644
0.254856
0.148705
1.60545
1.05255
1.67222
0.412198
0.687296
1.61666
0.358014
3.49293
2.33057
0.475066
1.28427
1.16057
1.46135
1.82701
1.64285
2.59486
1.39245
0.46968
1.40035
0.571911
0.652287
1.90805
0.756787
0.387068
0.375602
0.689946
1.47093
0.730679
3.39959
0.910149
0.938128
0.359074
0.780719
1.04948
2.16562
0.712417
0.193348
0.189388
0.493814
0.608822
1.10998
3.2176
0.472179
0.826717
0.323476
0.422779
0.728831
0.677408
0.164676
1.24621
0.245374
1.4162
0.324529
2.06493
0.693823
2.18092
2.42567
0.181312
0.620285
1.51682
2.17247
2.28941
0.363721
3.05231
0.40896
0.68204
2.51332
1.59362
2.16606
2.10683
0.385068
2.83401
0.258539
0.270985
0.942241
0.556607
0.494191
0.615137
1.37969
0.267609
0.439505
0.341398
0.422287
0.46858
1.35783
0.409299
1.31208
0.387991
0.832539
0.814835
0.261141
0.574941
3.68699
1.08201
1.28993
2.13398
0.255767
1.26433
0.432546
0.373477
0.251928
0.590837
2.40985
0.510995
0.787677
1.27269
0.569715
0.452714
1.90927
1.09488
1.06411
0.431432
0.402547
0.966684
0.333806
0.152205
1.22927
0.256694
0.541822
1.18575
0.229465
1.60999
0.318279
0.545578
0.459212
1.9107
1.01603
0.160108
0.504832
0.74712
0.975665
0.213592
0.302872
0.289817
0.614929
1.08306
0.205078
0.892886
0.936219
1.76655
0.265513
2.72301
1.2284
1.09817
1.48753
1.32727
0.685042
0.23987
0.349055
1.20275
1.66912
0.477745
4.69668
0.435656
0.466141
0.482552
0.854069
0.697369
4.65977
1.62565
0.823101
0.683992
2.14979
1.2269
0.255614
0.839687
0.490112
2.47911
0.405141
0.727405
0.841456
0.241686
2.79222
0.382537
0.691641
0.787206
0.814909
0.1603
1.24042
0.583194
1.37026
0.503842
0.318137
1.5713
2.26532
0.993588
0.518071
1.92305
0.993303
1.07281
0.536522
0.230306
0.539276
1.80214
0.363729
2.29488
0.361139
0.382172
1.48037
1.91968
0.693708
3.79101
0.742437
0.354344
1.32439
1.73333
0.624344
0.974061
1.23621
0.176728
0.606579
0.777565
1.02756
0.373541
0.480491
0.894426
0.626844
0.956839
1.5775
0.367068
0.228305
0.489779
0.836311
6.47869
1.00659
1.30529
0.125518
1.2282
0.741279
0.90685
0.261076
1.0798
1.19112
1.2706
0.547388
0.553716
3.50363
0.368443
0.849508
1.61106
0.580202
0.171531
0.948262
0.587558
2.00334
3.13524
0.411573
0.152269
0.46454
0.777336
1.5508
0.188645
1.10802
1.07856
1.4614
0.611918
0.413747
0.121458
0.969275
1.94482
3.7137
1.49461
11.2873
1.36661
0.972185
4.60122
0.877073
0.207049
0.591882
1.6373
1.14635
1.25696
0.544292
0.305135
1.32556
0.649063
1.90758
0.547213
1.14074
0.225227
0.64057
0.357847
4.36239
0.701248
0.438199
0.511713
0.88902
1.72708
0.50138
2.26453
3.91033
0.649173
1.22937
0.587266
0.677483
0.990258
0.55339
1.27649
0.510528
1.89251
2.28007
0.157484
0.32509
1.97527
0.963704
0.815242
0.865912
0.348227
0.0717911
0.833385
1.07213
1.55498
0.851585
1.4675
0.314342
0.417412
0.307851
0.330269
0.264942
0.319723
2.34257
0.698124
0.241765
1.68473
0.627116
1.45786
0.3276
1.39324
0.694329
1.13774
0.729777
2.16945
1.12134
1.63968
1.93694
3.51997
1.28179
0.452448
1.85402
0.671207
0.358138
1.14999
2.13943
0.240373
1.40328
2.3085
6.46184
0.29498
0.477952
1.79632
0.951503
2.40583
0.912864
0.713395
0.181865
0.823359
0.690464
1.90618
0.241716
0.260699
0.954844
0.410373
1.28048
1.40605
0.708108
0.367264
0.622079
0.740193
0.228708
1.58237
0.915591
0.631756
1.34363
0.447196
0.278377
2.1913
0.306174
0.252849
0.429868
0.662239
0.327355
1.46617
1.27387
1.26257
0.308183
1.17029
0.364883
1.47688
1.866
0.295025
0.349849
0.434787
2.26246
0.382076
0.282839
4.04253
0.956792
2.07476
1.8884
1.00323
0.738935
0.587216
2.34876
0.234848
0.651554
1.53599
0.281599
0.809966
0.224478
2.53146
1.01231
1.07946
0.700586
0.41932
0.626308
1.10776
0.468034
0.62575
0.374644
2.66571
2.43484
0.481808
4.47684
1.566
0.424397
1.55209
0.313929
0.239578
0.254087
2.16705
0.583049
6.51402
5.53891
0.353075
0.730553
1.15472
0.479747
0.82201
1.95036
1.03247
0.149912
2.27849
0.77513
1.19595
0.444976
0.693763
0.662721
1.03226
0.670325
0.215231
1.93507
0.305951
0.833006
0.357569
1.70355
1.19529
0.0665598
0.710499
0.19322
0.428958
1.0904
1.42126
0.414496
0.500794
1.13794
1.87046
3.86782
0.51975
0.612188
0.890742
0.425826
0.574404
0.504236
1.26554
0.367928
1.52583
1.80371
0.245472
0.329446
0.749577
1.83482
1.52156
0.202381
0.304225
0.407061
0.405487
0.992477
0.795331
0.955348
1.53362
0.234359
2.74716
1.03241
0.362948
0.733867
0.381534
1.4561
0.903845
0.325622
0.266728
0.427407
1.59345
0.326875
1.01891
1.43341
0.234813
1.00207
1.24247
0.268117
3.18158
0.389008
3.86875
0.173344
0.167717
1.36035
0.56121
0.523416
1.48994
0.540622
0.641953
3.57907
0.875812
1.6714
2.51995
4.76123
0.513795
0.395041
0.323657
0.438879
3.41032
0.379751
1.00803
0.680963
1.1119
0.183319
0.63281
1.89033
1.39351
0.782591
0.956123
0.49734
0.458558
1.60582
0.474188
1.17113
1.70283
0.653892
0.36553
0.255209
0.488015
0.94544
0.290138
1.16103
2.34157
0.790306
3.23494
0.745306
0.407083
0.483762
1.88265
1.14257
0.575663
0.748071
3.34233
0.283538
0.56769
0.968796
0.750955
0.82547
0.365395
0.528736
0.84983
0.443332
0.372045
1.49267
2.35653
0.845549
1.26518
0.405256
0.3052
0.545519
1.97276
0.458118
6.7681
0.614764
0.314179
0.812997
0.278211
0.488784
0.660359
0.608979
1.02433
1.21355
0.311287
0.865373
1.35818
0.329531
0.309322
0.311331
0.7206
6.14513
0.720333
1.36567
1.36683
3.34715
0.238441
2.1194
1.09544
1.44261
0.534492
0.257256
0.748108
0.282707
0.446972
1.10867
1.64241
1.63243
0.958271
0.31463
1.57951
1.07315
1.43863
0.316202
0.508028
0.529719
0.438542
1.79721
0.7429
1.10247
0.64448
0.411471
0.48806
0.251795
0.338308
0.503199
0.295767
0.572434
1.58316
1.61842
0.907826
1.09632
0.30854
4.45633
0.636494
0.175787
0.220691
0.700574
0.598019
2.51337
4.26142
0.907954
1.65752
0.31289
0.907578
0.545863
0.27545
0.55063
0.989134
0.694911
0.973432
5.59525
0.885304
0.492324
0.254838
1.07796
0.651784
1.55911
0.66036
0.710575
1.58026
0.183412
0.730368
0.454763
2.88286
1.8864
1.57679
0.849332
0.372831
0.351466
1.29325
0.558662
0.791472
0.290473
0.941575
1.23345
1.852
0.530713
3.68684
0.103329
0.813916
0.941535
2.66278
0.238479
1.4936
0.348401
0.912684
0.728104
2.49427
0.112772
1.03855
0.867195
0.177273
1.53409
2.35471
0.986773
0.641771
0.124793
1.37623
0.576691
1.76446
0.415784
0.343096
1.30595
0.84495
1.58591
2.29656
1.62696
0.268118
0.071068
1.24507
0.637654
1.77365
1.43129
0.222803
0.282114
0.986289
1.28737
0.617968
0.236049
6.8403
2.08903
0.132259
0.163719
0.258755
0.694119
0.915223
0.930366
0.486854
0.416949
1.19347
0.252161
0.458423
0.296476
1.11077
0.840525
0.915651
0.378426
0.313314
0.369059
0.39418
0.438757
0.568615
0.569082
0.148453
0.155808
0.697074
0.533221
0.303586
0.402689
0.894011
0.905365
1.16283
0.248355
2.32479
0.74759
0.99814
0.335086
0.218595
3.59888
0.363761
2.51818
0.571418
1.78613
1.79961
1.33604
0.487553
0.891971
0.143185
0.18185
0.143798
1.58609
0.599795
0.683117
1.92465
0.316868
1.15948
0.454056
0.344684
0.82714
0.498007
0.917726
1.10275
0.611563
2.96606
1.26566
0.24151
0.413318
0.3614
0.414533
1.01891
0.138357
0.266765
0.523894
6.26251
0.688026
0.781958
1.798
0.467383
2.55885
0.598978
1.52936
1.34075
0.223166
0.931144
3.11024
1.64166
3.92292
2.26906
0.43072
0.114536
1.23473
0.299437
0.98614
0.668556
1.37725
0.254281
1.21931
0.252069
0.244384
1.01371
0.329894
0.178258
0.207649
1.62712
0.117766
0.887636
4.72936
1.98712
1.50022
0.440901
0.0788207
0.254726
0.714456
0.996301
4.0245
0.662486
0.557829
0.743437
1.63877
2.42205
1.41502
0.470718
1.15091
0.34336
0.462297
0.56605
2.22515
0.526851
0.12697
0.421199
0.447925
2.16397
0.841895
0.48443
1.30811
1.24637
0.399149
0.290179
0.344664
0.245209
1.10167
0.415245
0.727693
1.23409
1.8013
11.148
1.54617
0.986187
0.668682
1.41232
0.65292
0.353213
0.617152
1.49313
6.06216
1.524
0.424575
0.58192
0.781117
5.58701
0.66194
0.635779
0.316458
0.42318
6.97304
1.64817
0.411965
1.91005
0.576196
1.7273
8.5711
1.07203
1.81011
1.12716
1.95106
0.980984
2.60413
0.475303
0.299743
0.851053
0.998605
0.395267
0.7176
1.66169
0.16762
0.694095
0.931379
0.394586
0.950793
0.256789
1.36612
0.787398
0.74761
0.480991
0.321616
0.718177
0.357164
2.34363
3.44373
0.70038
2.23378
0.369901
0.65036
1.24767
2.91201
0.549319
1.38742
0.259866
