1.89539
0.375986
0.411526
1.27711
1.65431
1.16929
2.63696
0.519701
0.619538
0.336719
0.399967
0.45992
0.336448
8.88771
0.344463
0.453082
0.753687
0.385903
2.21626
1.75734
0.884482
0.47104
0.205744
0.400176
2.37252
10.2078
0.514857
0.563149
2.48815
0.509836
0.833809
0.446236
0.484331
0.697292
0.894153
0.391173
0.582385
3.84094
1.93696
0.315951
1.55041
1.11867
0.502626
0.875578
0.143388
1.37363
0.991155
0.938454
0.511978
2.95551
0.300389
1.25512
1.2706
0.443772
2.53034
0.740038
1.06178
0.690221
1.22682
3.17857
0.207619
0.711563
0.805044
0.872765
1.79253
0.947051
3.50886
0.999315
5.03309
0.317957
2.99654
0.176915
0.186188
0.474124
0.686039
4.69803
0.173064
0.417645
0.15447
0.37182
0.949552
1.60058
0.901423
0.978184
0.282798
0.639858
1.23498
11.0922
3.48418
1.12907
0.112816
0.298964
1.38292
0.401231
0.390861
1.07596
0.117613
1.39795
0.528795
0.45004
0.419766
2.04146
1.4992
0.571514
1.92039
1.25909
1.89035
0.434761
0.395772
1.93042
3.30933
0.196471
0.521696
1.5047
1.71983
1.64446
2.82237
1.55896
1.399
1.20419
4.78628
0.528757
1.07297
1.45178
0.162251
1.5277
1.06938
2.46952
0.558613
0.325893
1.33528
0.260852
0.8592
1.13247
1.39101
6.69601
0.213305
2.20181
0.593171
1.91423
0.409672
0.708984
0.774471
0.484654
0.306632
0.326241
1.25908
0.356425
0.478004
0.762688
0.75571
0.909248
0.201146
1.7482
0.684468
0.43076
0.466695
0.799226
0.501082
1.30287
0.464273
0.640831
0.459791
1.08169
1.1478
0.49066
0.739943
1.26407
2.03885
1.13381
1.48327
1.6133
0.554468
0.420253
1.0278
2.05596
0.122175
0.366191
0.805706
5.87849
0.045679
0.335565
1.09052
1.79847
0.199244
1.80442
0.134784
1.83511
1.83609
0.258528
0.655197
0.404687
2.00351
0.246378
2.10572
0.514527
0.811013
1.33535
0.276627
0.383036
0.647946
1.93079
2.14912
1.13075
0.603158
0.374158
2.38159
3.71618
1.19651
0.353898
0.845483
0.291785
2.09791
0.449936
0.384156
4.83955
0.617663
4.20901
11.2499
0.689928
1.82709
0.641877
1.88668
0.808993
0.980073
1.11888
1.48622
0.570507
0.331691
0.731792
1.20023
2.9798
0.962911
0.627816
0.607708
0.392654
0.829915
1.39569
1.79651
0.396578
0.397109
2.36489
1.08433
1.41968
0.716817
1.06663
0.480636
2.9199
7.45879
0.345152
0.494042
0.275903
0.532041
3.16953
2.57493
0.44236
0.264475
0.843967
1.61321
1.22652
1.77776
2.72307
0.437701
0.239167
2.70186
0.414574
0.634332
0.571871
1.80938
2.00418
1.86612
0.801034
0.470336
1.14632
0.539956
1.56054
0.683359
0.419295
0.636566
2.88084
5.64992
0.682136
0.841622
0.489499
1.57994
0.349666
0.243779
0.396839
1.70726
2.28746
1.68526
1.92901
0.173186
1.07595
2.99871
1.04713
0.317292
0.523587
0.713212
0.652267
0.214328
0.368185
0.3934
1.30242
0.390328
0.985904
0.287177
1.7563
0.336386
1.07488
0.545811
0.292623
4.73643
5.19173
0.497459
0.406248
2.2731
0.16912
0.752072
0.075671
0.842953
2.25305
1.50454
0.380135
2.11948
2.58615
0.416465
0.310996
0.270376
4.69747
2.20857
0.118433
0.202342
0.294209
0.0684304
0.297271
1.34912
1.03029
2.11569
1.35389
0.23392
2.30364
0.0701251
0.69408
0.422628
1.15071
0.343291
1.71064
1.69656
0.473153
2.7563
2.1422
0.930315
0.458839
0.24711
2.23555
2.26964
0.275217
0.760677
4.11341
0.252729
1.12356
0.815881
0.91078
0.339907
0.426153
0.266758
0.424006
1.59028
0.11199
0.504772
3.20349
0.324861
1.52895
0.470773
1.71951
0.676748
3.55097
1.21032
0.408418
3.14686
0.463921
0.417651
0.835898
0.305335
0.839985
0.318228
2.55526
1.74823
0.7249
1.03581
2.27886
2.45088
1.3018
2.53292
2.27627
0.265807
0.630967
0.379869
3.1402
0.571348
0.710245
2.23612
0.899445
0.532715
0.303761
0.952106
0.692047
1.88703
1.01162
0.668735
0.37255
1.52526
0.432318
0.393776
2.85768
0.449451
1.53673
1.44048
0.570075
0.669636
1.09536
0.238836
0.292117
1.74606
0.614339
0.295736
0.29712
1.96914
1.79201
0.483411
0.348457
1.73072
2.17409
0.287981
0.547569
0.475759
0.620093
0.408241
0.952205
0.377299
0.394333
0.751597
0.27487
0.418011
2.78398
2.40798
1.1129
1.06888
0.589605
0.308644
1.07679
0.543767
0.979965
0.485917
0.601558
2.25663
0.497344
0.613637
0.334161
0.118423
0.905449
0.846399
0.666499
0.433724
2.86877
0.4753
0.433527
0.653113
1.79801
0.237373
0.501696
1.28026
1.70999
0.578461
1.91082
0.405708
1.75145
0.485807
1.96489
0.822029
1.59712
0.281379
0.299155
0.911509
1.80201
1.4346
1.13993
1.01219
2.30579
0.214062
1.71214
2.77652
2.09738
0.294098
0.793562
1.9574
0.221876
0.154941
0.278451
0.390459
0.901392
1.59642
0.484991
1.30172
1.08594
2.02855
2.05714
2.40135
0.709558
1.07883
0.214435
0.23268
0.97596
0.277999
0.185511
1.19876
0.699232
1.45914
1.22414
2.06784
2.36475
0.475619
0.368345
0.642869
0.933189
0.730487
0.677334
2.53943
1.02177
0.336193
0.921556
0.680666
0.503727
0.208071
0.542478
0.890861
2.90396
0.954042
0.592299
1.006
2.00804
1.09996
0.380202
1.53189
0.545861
0.304516
2.05398
0.9343
0.710784
0.284408
0.884154
2.13881
2.57346
1.38511
0.403296
2.43089
0.488831
1.30472
3.16782
0.610541
3.10804
1.75911
0.387681
1.41974
0.333741
2.57682
0.129402
2.05514
1.35741
2.20791
1.20806
1.48822
0.526409
0.593591
3.40518
1.31233
0.672021
0.509345
0.796081
0.49838
0.213813
2.45557
0.39575
0.440599
0.0965169
0.540126
0.16171
0.39844
2.0706
1.56222
0.579607
1.65574
0.80487
0.366902
0.589767
0.596515
0.158324
0.142449
1.14976
0.296774
0.393925
0.298174
1.7808
0.402479
0.453131
0.263992
1.43616
0.45403
1.11557
1.97813
1.21266
0.424457
0.301649
0.868193
0.221046
0.257425
0.466944
0.915015
0.395659
0.258246
1.60114
3.5864
0.517494
0.307118
1.9606
1.87258
0.450034
0.0928427
0.458589
0.282561
0.23112
1.34133
2.39555
2.78034
1.40942
0.691186
0.274908
1.43695
1.78419
0.325968
0.265874
0.270884
0.583087
0.594259
2.55505
1.6774
0.354398
0.360402
0.46426
0.480067
1.56811
0.510281
1.07621
3.21399
0.581029
0.541385
0.627128
1.72658
0.610057
2.2501
0.940632
3.28492
0.422364
0.425504
0.87864
0.636764
0.466739
1.96007
0.444048
1.33242
0.650671
0.618397
1.69887
1.3504
0.414488
0.780484
0.429869
2.01536
0.345153
0.6344
1.22185
1.74146
0.730924
0.800702
2.88687
2.05046
0.205789
2.23977
4.27277
0.44283
0.203801
0.241341
7.50302
0.104911
1.09463
0.382953
0.704627
3.13867
0.285738
3.31213
0.310801
0.120084
0.682028
0.204936
0.600232
1.81718
2.09865
1.49351
2.3213
1.0278
1.85563
0.569922
0.429881
2.00113
1.86127
0.682068
0.66313
0.567504
1.79318
2.68041
2.28217
0.988183
0.440294
1.4384
1.47168
1.82363
2.37614
0.303925
0.341414
0.243273
2.45421
0.386061
1.37955
1.45593
2.14486
0.50576
1.48115
12.6686
1.54832
0.391632
0.449295
1.49646
0.392576
1.36808
1.00739
0.513933
0.491787
1.31883
0.359409
0.338931
0.841022
0.783315
1.78061
1.79389
1.28112
0.798687
0.866622
4.03652
1.22547
0.574853
0.752474
0.667337
0.370593
1.15377
1.32053
0.611531
1.02794
1.84835
0.655819
0.63848
1.68707
0.299419
0.612627
2.01452
1.96593
0.385573
0.47949
2.27492
0.110392
0.751707
0.281491
0.424767
0.386025
0.847188
1.72238
0.523645
0.366299
1.13514
2.5459
0.685711
0.529391
0.621954
0.289197
1.20981
1.41593
0.497453
1.07264
2.06742
0.382504
0.324631
0.507731
2.67966
0.479383
0.682228
0.280056
0.350666
1.41813
0.626326
1.37499
2.0915
0.103329
0.424832
0.597595
1.04052
0.902116
0.352454
0.355503
2.37602
0.658832
0.354669
0.81476
1.51289
0.729041
2.08224
0.403316
1.28524
0.312406
1.68362
0.136246
1.51365
0.573336
0.351246
0.358369
0.580214
0.254567
0.278561
0.510617
2.31938
0.239204
0.555046
0.996237
0.74111
0.882505
1.75552
0.114305
1.34637
0.649197
2.13456
0.471176
0.920465
0.925667
1.19229
0.514323
1.20249
1.70585
0.211309
0.252506
1.06226
1.8241
2.82136
2.1509
2.52663
0.447653
2.42526
0.318499
1.27553
0.29491
0.377158
1.787
0.429016
0.263178
0.471293
0.299857
1.61219
0.523428
0.356924
2.42341
0.422977
0.544618
0.583111
1.96162
0.367747
1.43741
1.52799
1.19864
1.2008
0.622654
0.683024
2.1536
1.19993
0.787523
2.3531
0.356626
0.778867
7.04458
2.86665
0.194742
0.559889
3.00867
0.23476
0.317137
0.381334
1.14809
1.1579
1.82015
6.15495
0.660982
0.306174
0.91351
0.545519
0.303272
0.542944
0.678268
0.206611
2.64531
3.08688
0.689471
2.01347
1.73258
2.7088
0.410487
1.62852
0.195139
1.74053
2.82785
2.04637
0.0928424
0.944157
0.398846
0.801003
0.229995
0.381006
0.876068
1.58574
0.952385
0.94989
0.273435
0.549058
0.887874
0.367168
1.64638
1.99085
0.433434
0.784122
0.267486
0.822105
2.30009
0.962517
2.49993
0.370554
0.214277
2.5384
0.256262
1.09427
0.317807
0.342537
1.1054
0.505488
0.474963
0.713153
2.32085
2.62209
1.43789
1.87094
0.632824
1.67478
1.90421
1.09631
1.18016
0.756435
0.922452
0.566646
0.28774
3.26027
0.420425
2.1405
0.540536
3.86601
2.9742
0.850294
0.342116
4.10532
0.134815
0.989136
0.251433
1.04125
0.998641
0.0250912
0.537994
1.64549
0.584317
0.68357
1.39073
1.28376
2.29132
0.455843
0.369653
0.128485
0.56154
0.519045
0.463158
0.577642
2.58115
3.68193
0.853605
0.721662
2.8771
0.429352
0.676642
1.09948
0.241098
1.42743
0.859354
3.04165
1.10724
1.32755
0.39133
0.512462
1.82602
0.609605
0.364722
0.431517
2.35923
0.193059
0.439271
1.05934
1.1915
2.85631
0.982845
0.386094
2.80023
3.90779
0.405808
4.07496
1.6806
0.742957
0.655427
1.79492
2.61217
1.44504
1.11802
0.350768
0.586182
0.172145
0.16001
2.04251
0.550907
0.483981
0.156941
1.21396
1.99861
3.40936
1.81755
0.925889
1.05428
0.96342
0.427024
2.8971
1.12239
0.175251
0.960721
1.0561
1.94609
3.59392
1.40155
0.143154
0.933559
1.99421
0.201134
0.711007
1.49086
0.240746
0.501572
0.329629
3.55857
2.00308
0.0446782
0.181362
0.40655
0.310142
1.96315
0.394726
0.65879
1.76848
0.460097
0.992176
0.648268
3.28871
1.55789
0.495579
0.449465
1.51079
0.75375
0.0642673
0.561887
0.846831
0.3721
1.226
1.27199
0.416678
0.73212
0.555665
0.526572
1.8884
1.73958
0.461484
0.14174
1.06827
2.5733
0.193908
0.354323
0.683264
0.81951
0.398196
2.6049
1.08341
0.333404
2.08746
0.194991
0.290545
0.339759
1.33425
0.231385
0.415236
0.268431
1.99846
0.425283
2.90655
0.131245
0.595567
0.804789
1.77967
2.59412
0.956913
3.12818
0.950603
0.295928
1.0863
2.49489
0.261286
0.344879
1.57516
0.460135
1.97573
1.44905
0.683512
5.43902
2.78968
9.60748
0.793828
2.60071
1.02952
0.537104
0.232063
1.76346
0.757327
0.268327
1.48992
0.417656
0.994097
0.115172
0.0451302
0.12086
0.284034
0.903029
0.103029
0.472526
2.10226
1.11782
1.4605
0.721253
0.544721
1.49529
0.20737
2.10263
5.17853
1.52679
0.393607
1.88491
2.33148
0.411518
0.275875
0.445496
0.94602
0.379206
0.736823
2.15374
0.468525
1.58735
0.633644
0.694039
2.49126
1.75134
0.164863
0.595226
0.403174
0.77178
0.228941
2.01655
0.290268
1.39507
0.513118
0.558825
1.37729
0.380402
0.66675
0.966254
0.490107
2.62354
0.296889
1.53403
0.465427
1.67555
0.257145
0.271359
5.5264
0.820225
0.451083
0.30375
0.254806
2.17836
2.10076
0.454557
1.52981
1.91068
0.226662
0.435103
0.767513
0.442002
0.497061
2.11127
1.15684
2.24097
1.07444
1.52892
0.327469
1.37046
0.427013
0.678476
0.298782
2.09447
2.03119
0.201903
0.75725
1.7164
0.410969
0.517268
0.0441631
0.421765
2.20546
0.371773
11.0802
1.95434
0.402858
0.634978
0.896685
1.21583
5.53173
0.589072
0.474657
3.19243
2.4163
2.10201
1.26708
0.307114
1.28786
1.53696
0.357052
0.580876
0.99792
2.39384
1.1405
0.778528
2.09923
0.705322
2.69963
2.49811
0.987311
1.70052
0.908809
1.43406
0.774501
2.19861
0.169871
2.5031
1.54983
2.76045
0.667899
0.689261
1.39837
0.385307
0.452379
0.615531
1.83821
1.97534
1.56836
0.192669
0.975152
0.322238
1.6589
2.14806
0.308864
0.501863
1.07552
2.05922
1.01277
0.531588
2.0006
1.45413
0.532743
1.12472
1.989
0.658655
1.4575
0.602879
0.613481
2.7762
1.6958
1.23063
0.417669
0.58371
0.346622
3.32366
2.50613
0.924802
2.27424
1.52774
0.108045
2.51156
0.506776
1.84756
0.422577
1.59792
1.88192
2.06211
2.14628
0.1314
1.86388
0.752579
0.849533
0.602497
1.96566
0.636114
1.34906
0.182318
2.46
3.23469
0.221852
0.283307
0.172572
0.350451
1.22607
0.688197
1.30036
0.293199
1.51224
0.241539
0.844926
0.540649
1.5551
1.48216
2.96741
1.8275
0.453302
0.479521
0.378097
0.722457
2.67957
1.92189
1.75598
2.41454
0.565935
1.92473
0.54414
0.680683
8.16175
1.30815
1.72137
2.76694
2.18026
0.505007
0.360907
0.552855
0.718126
1.37395
0.169484
0.532701
1.35825
1.78938
0.327414
1.88513
0.714276
0.648315
0.438918
0.613585
1.23697
2.23369
0.151081
0.179267
0.474905
0.33566
1.4075
0.801973
0.732535
0.484627
0.724428
0.719227
0.250306
1.51899
0.189186
0.370342
0.871324
0.253367
0.468374
0.677731
1.58524
3.03918
0.774437
2.12782
0.920052
0.561382
2.4944
0.479847
0.515336
1.23088
1.53959
1.07778
1.33972
0.541201
0.21909
0.837241
0.286009
0.808168
0.556704
0.378232
0.668702
0.552968
0.281093
1.88398
1.67251
0.344125
0.691816
0.25651
0.622956
0.526924
0.76718
2.03542
1.57775
1.98649
1.46037
3.40573
0.735657
0.712924
0.128499
0.419403
1.69186
1.75315
0.352513
0.851685
0.58924
0.474585
0.704448
0.405533
0.525867
0.292764
1.47541
4.50641
1.33373
0.35116
1.58505
1.63842
0.633006
1.09115
1.56203
1.55547
1.8243
1.20359
0.361009
4.03639
0.847781
1.06658
0.628891
0.274204
0.120847
3.32014
0.504724
2.46387
0.385368
0.948601
0.263937
0.205875
0.802772
1.13092
1.39361
0.362571
0.39374
0.284363
2.23843
0.474034
0.35816
0.684065
0.817086
0.96246
2.7316
0.784148
2.25719
2.26017
1.97366
1.58142
0.381904
0.876425
0.648733
0.633906
0.520745
0.310835
0.472658
0.281833
0.231524
2.09934
2.34892
0.839563
0.325118
0.953587
0.398717
0.930666
1.61528
0.330588
2.00905
0.422321
1.28813
1.98809
0.327997
0.180407
0.59238
2.61006
0.881466
0.241389
1.28536
0.604025
0.162083
0.606097
0.167804
1.0327
3.19432
2.14198
1.99695
0.223971
0.432466
0.699354
0.242773
0.570642
5.12817
2.47659
0.588915
0.32837
0.342993
2.71619
1.59934
0.796083
2.65662
0.983618
0.309607
2.96708
0.337631
0.473273
0.766608
2.53772
0.133126
0.240738
0.297883
1.12546
0.342392
2.41328
1.95961
1.59572
0.398957
0.0598349
5.87459
0.324188
0.134269
0.655811
0.641352
0.562811
1.22004
1.72233
0.929257
1.17676
2.37132
0.46208
1.93341
0.296119
0.585242
0.311876
0.0780992
2.54771
1.39722
0.841457
3.40465
3.05696
0.378822
3.49048
3.76429
0.343127
0.917009
1.78068
0.217055
0.318847
1.37041
2.05252
2.13922
2.14986
2.09313
0.222918
0.139354
2.31718
0.39981
0.52845
1.64376
0.433726
2.15253
0.113224
0.336581
2.2969
0.618561
0.652282
0.298801
2.10364
0.609941
0.807275
0.5087
0.312878
2.47109
1.91506
0.494529
1.44133
1.0367
2.48546
0.565747
0.155704
0.167998
0.256951
0.107209
7.68022
0.900201
0.703036
0.363517
0.368372
1.42598
0.309735
0.0396821
0.659104
0.485648
0.856964
0.807381
3.59627
0.59215
0.543798
1.20712
1.82958
1.59203
0.751976
1.36244
0.977393
0.957169
0.400412
1.01465
2.7677
0.0833686
0.183455
0.330359
2.35961
1.04423
1.64736
0.551262
0.540452
0.659674
0.75999
1.29046
0.278619
0.960894
0.497148
2.91551
0.351197
1.10904
0.916874
0.424335
0.42263
4.40212
0.539101
0.336386
0.410748
1.4818
0.418179
1.90949
0.322715
0.569187
0.45938
1.94225
0.214777
2.76257
1.54774
0.297662
0.323783
1.12732
1.19926
0.514727
1.1201
0.261929
1.89612
1.63883
0.190526
2.27055
2.90685
0.474264
2.42868
0.674761
1.25599
0.389808
0.795796
0.567045
0.388155
0.604019
1.04105
3.00503
1.18737
1.40368
1.51718
0.200026
0.28081
0.563181
1.61248
0.848734
3.44064
0.579336
0.571231
1.38524
2.06695
1.21526
0.992267
2.40598
1.06867
0.137105
1.12088
0.46427
0.487597
0.157615
2.24756
1.03902
0.23137
0.976242
0.800493
2.20099
2.15153
0.812318
1.26237
0.100992
0.153502
0.940094
0.844997
0.479753
3.24256
0.0415892
0.495103
0.553057
1.78733
0.203231
1.66929
0.364267
1.83041
0.35975
2.82764
0.643098
0.509149
1.83456
5.19112
1.63922
1.91152
2.7687
1.12005
0.289458
0.609231
1.70577
2.75328
0.546648
0.497926
1.73129
0.648101
0.536771
0.220907
0.731867
0.351165
1.32136
2.64011
0.581068
0.0587245
0.584996
2.14076
3.85695
1.8565
1.4779
0.695109
0.942701
0.288002
1.91443
0.579634
2.16064
1.57062
1.1104
0.33672
0.266793
2.02269
0.30532
0.896202
0.454286
0.610752
0.714451
0.5131
0.713049
0.978888
2.98131
0.469969
0.432897
1.36195
1.39941
0.57478
2.43692
1.00866
1.40999
3.91791
0.619741
0.228578
2.62661
0.338096
0.396179
0.302096
2.20414
0.680081
0.775024
0.567048
0.552578
0.908457
1.40377
3.02485
0.538
1.85847
0.557165
1.02577
1.94996
1.67831
0.653653
0.950725
0.423696
0.851055
0.292832
0.609538
0.170174
1.69129
1.73071
1.21928
1.39835
2.26352
0.709171
0.358038
1.05392
2.45871
0.81557
0.698671
1.098
0.319248
0.388136
0.139358
0.539047
0.454459
0.935112
0.5638
0.309875
0.400381
0.279235
0.366266
0.348245
0.361602
0.0749497
0.118828
0.51322
0.226927
0.5209
0.445576
7.65512
0.948439
0.600518
0.387598
2.1814
1.01611
0.830427
0.136967
1.73448
0.24862
0.906499
2.12209
0.898579
0.523841
0.844081
2.06063
0.411076
0.458368
0.205118
2.27281
0.826915
0.415077
1.28779
0.803241
2.1278
2.89626
1.02389
1.34754
0.0388559
0.788508
0.378706
0.278525
0.256867
0.642587
1.67102
0.262171
2.22674
1.60469
0.186462
0.533949
0.224495
0.874251
0.856503
0.510491
0.363278
0.344942
0.589608
1.7594
2.54198
0.797228
0.318234
1.12202
0.170763
0.660225
2.02177
0.546264
0.658918
0.609691
1.04146
0.522613
0.794757
2.09541
0.771437
2.36983
1.611
1.18874
1.66089
1.01079
0.691227
1.84174
0.434816
1.04578
1.64663
0.258941
1.99406
0.67738
0.254757
0.543646
1.91644
0.212947
0.946207
2.05749
0.65713
0.092135
0.216006
0.554092
4.75325
1.0593
1.97057
2.66504
0.239277
1.48562
0.89761
0.836447
0.551565
0.457999
0.987967
0.823274
1.67633
2.04655
0.457572
0.689807
0.367642
0.309378
4.62808
0.411188
0.285536
2.06072
2.14973
0.826602
0.399843
1.28664
1.2439
0.536283
1.35913
0.277355
2.75607
0.503996
0.916363
0.41869
0.170673
0.688361
1.93302
0.590564
2.0381
1.46957
2.35617
0.333466
0.110541
0.189239
0.863432
1.20389
0.469433
3.03709
0.43441
1.03059
1.31091
2.39305
0.400018
1.90915
1.88283
1.39516
1.43586
1.44362
1.03334
0.598069
4.8026
0.320782
1.69233
1.7541
0.726662
0.447418
0.42158
1.3929
1.61546
0.510692
0.277742
1.42211
0.251473
4.50613
0.540494
0.214229
0.947149
0.99441
0.306602
0.449313
1.00355
1.3804
3.20492
1.6331
0.787967
1.02912
0.473703
2.51226
0.644102
0.24345
0.066952
1.66968
1.54701
1.02234
1.19345
2.71226
0.70883
2.01075
0.739976
0.316409
0.387107
0.285182
0.357353
0.171742
0.108249
1.51024
0.507981
1.02093
0.422881
0.174275
0.83522
0.255738
0.743196
0.184697
1.87449
1.41525
0.631086
0.884287
0.669694
0.153717
1.47313
0.751942
1.29488
0.548883
0.369969
2.37131
0.667457
0.325762
2.71269
1.81779
0.275118
3.45303
0.272315
0.320574
0.376667
0.33783
0.372891
0.38132
0.795302
0.366895
1.41935
0.431134
0.59843
0.576906
2.36124
0.766495
0.595458
1.08787
0.178936
0.924099
1.71962
2.47702
0.159508
0.359809
2.77933
1.46193
2.24042
0.208765
0.214154
0.338989
0.411235
1.94977
0.399858
0.202042
2.00473
2.20897
0.993225
1.38019
0.236188
1.82418
1.24191
0.523426
0.478032
1.47066
1.71374
1.29377
1.37394
2.04468
0.409481
0.519031
0.216897
0.783248
0.376364
2.51128
0.494427
0.243286
6.37281
1.99532
0.894842
0.389102
1.88672
0.95142
0.347723
1.15457
0.325838
0.828793
1.18206
1.13988
0.665796
0.578666
0.294132
0.14108
1.93298
0.511219
3.31871
0.323138
0.368107
0.950421
5.61785
0.28731
0.508215
0.546569
0.19698
0.267228
0.641471
1.07603
0.866775
0.16343
0.43418
0.387351
0.53747
0.393491
2.92918
0.650373
1.70695
0.197277
0.461698
0.810739
1.8984
0.602028
2.34975
1.1434
0.463946
0.351092
0.390031
0.286377
0.652942
0.31047
0.407049
1.92288
0.262366
2.07437
0.719042
2.97872
0.585146
0.25006
0.285774
2.98246
2.0749
0.467618
1.43456
1.09475
1.17104
0.125302
0.679453
0.611723
0.400281
1.01628
2.67243
0.376908
0.4562
1.14336
11.8989
3.06699
2.24673
0.352933
2.23411
0.285781
0.755499
0.232095
0.93826
1.29314
0.299645
0.60447
0.20986
0.28006
2.08896
2.27307
1.25782
0.314806
9.61265
0.269857
0.203883
2.4022
1.00923
2.90162
2.54542
1.94034
0.609699
2.13194
1.3886
0.698302
2.51866
0.648997
0.133978
0.119131
0.325657
0.488147
0.567135
2.24438
0.586235
1.8611
0.187354
0.501549
0.306328
3.81466
0.445906
0.46828
0.326539
1.88006
0.458011
2.51056
2.72999
2.15641
0.25282
0.848619
0.723273
0.857336
0.287988
0.036509
0.350659
1.70119
0.291007
0.5717
0.678579
0.387184
0.432306
0.283797
0.760866
0.284491
0.317253
1.66803
2.95253
0.398221
0.489364
2.09495
0.708198
0.352706
0.653201
0.183726
0.156994
0.551136
2.57173
2.30747
0.459566
0.835355
0.176564
0.883824
0.468833
0.568384
2.18138
2.3229
0.391454
1.98347
2.03151
0.43222
0.676711
0.2512
0.343149
0.211862
0.628142
0.525891
0.790155
0.75703
1.24999
2.21864
5.76942
0.542371
1.55712
6.17971
1.59719
0.343001
1.59481
1.54317
0.628828
0.40241
1.45949
0.780915
0.581516
2.00032
2.98428
1.19549
2.05482
1.85058
0.211049
3.53999
1.41719
0.394812
1.2528
0.171628
2.13466
0.312642
0.292018
0.317536
12.3221
3.344
0.160137
0.517034
1.75964
1.71055
1.82983
0.742231
0.984707
1.42587
0.77519
0.396226
0.815353
1.06142
0.8498
0.79619
0.17841
6.33343
1.49338
0.395897
0.73125
1.63746
1.13679
0.189718
0.46956
0.563597
0.43904
1.77415
0.426389
1.3731
0.117171
1.24751
2.86162
1.50815
1.86649
0.288845
3.19363
0.780497
0.124351
3.73739
1.73301
1.76415
1.40698
1.49729
2.33958
1.06976
1.4856
0.543633
0.375948
2.565
0.445205
0.778932
0.443862
0.296008
1.59538
0.519436
0.602785
0.481934
0.332265
1.78613
1.29662
0.597193
0.3969
0.221292
1.78505
0.753797
0.702242
0.372246
2.52419
0.192459
0.597676
0.374536
0.302794
0.426414
1.75671
1.05954
0.89043
0.199963
0.357573
0.103448
0.475225
0.340915
1.3258
0.577728
0.47911
1.91897
0.73016
1.27226
1.49809
2.18464
1.88963
0.318407
1.70412
0.3416
3.293
1.00959
0.442783
2.14185
1.35082
1.97435
1.90793
2.06472
0.52601
1.49531
0.468607
0.787574
2.72998
0.31291
0.663981
2.35024
1.49133
0.448249
1.04324
1.57926
1.47889
4.85298
0.382458
0.401886
0.894585
2.8375
1.03781
0.836532
1.36567
0.396761
0.756142
2.69453
1.92614
0.390822
1.0757
0.780958
0.545062
1.19927
0.554201
0.587674
1.45495
0.823611
2.21767
1.31525
0.555309
0.528185
1.20607
0.980249
0.205633
3.14847
0.0665124
4.3533
0.930605
1.03038
0.961981
0.586662
1.25863
0.48497
2.24493
1.45741
0.466809
0.417903
3.02961
0.715189
1.11024
0.208312
3.11029
1.80933
12.0945
0.253499
0.00664004
0.591238
1.25958
0.531124
0.655286
0.748513
1.02236
1.02296
2.6818
0.832564
3.76751
0.423132
0.142772
0.518416
2.23684
1.25581
0.743878
0.735377
0.45772
0.239049
0.636027
0.604252
2.4167
0.457899
1.76775
1.29555
0.878216
0.256357
0.469352
2.45142
0.685504
0.345859
1.1471
0.830114
0.426352
0.614352
0.245303
0.147716
2.2661
0.865603
0.565547
1.40928
0.929597
1.39167
0.256237
0.674711
1.16879
0.130273
0.662735
1.51295
0.836836
3.96066
0.350821
0.21702
0.297675
0.614679
0.471791
0.314879
0.722842
0.950576
3.00504
0.376158
0.484783
0.590626
2.40195
0.419479
0.682056
0.192211
0.494387
2.29941
2.07633
2.44913
0.612173
1.65238
1.46785
0.754759
0.140411
0.220453
0.460549
1.01807
0.2392
0.351469
0.746542
0.649052
0.32945
2.91626
3.65384
0.290134
2.88282
1.24203
0.552042
0.33867
0.279102
2.11271
0.33804
3.71846
0.189102
0.561462
0.285
2.06716
1.02124
1.33121
1.11442
0.498643
0.315663
0.993766
0.322391
0.893111
0.365266
1.92787
0.682428
1.12559
0.607024
2.77697
1.29674
1.2251
0.431067
0.491918
2.23166
0.419667
1.67472
0.250507
0.331618
2.67151
1.78467
0.377176
0.773277
0.645012
2.00571
2.01141
2.32322
1.4611
2.13315
1.32683
1.49885
2.15202
1.00545
0.310872
0.969539
3.04797
0.422295
0.0857292
2.11377
0.0519874
0.501722
2.79347
1.15264
0.383591
1.03783
0.240163
1.44162
0.237348
2.38633
0.199617
1.88559
0.174109
1.60556
2.32004
1.30082
0.383785
0.331695
0.790645
0.203886
1.03561
0.52845
0.822432
0.190866
0.814885
0.195895
0.118449
2.34413
1.9572
1.77761
3.47964
0.746032
0.14318
0.200859
0.54256
0.192906
9.22532
0.756744
0.204386
0.555077
0.349019
2.22531
0.559345
0.315773
0.338227
0.385677
0.243123
3.13195
0.600439
0.617298
2.86917
3.12105
1.56836
0.429483
0.631479
1.07535
0.853209
0.580533
0.598422
0.30777
2.41662
1.77872
0.495334
0.26629
2.16299
2.06511
0.660207
0.22978
0.429784
0.503214
0.564049
0.32181
0.426924
1.19008
1.78144
1.52646
0.405264
0.159236
0.558495
0.369016
0.238619
0.910074
0.254383
1.91755
0.323396
0.672644
0.242811
1.20222
0.80226
1.69065
2.49315
2.84876
1.05457
0.385681
2.21062
0.488333
0.47571
0.51436
0.336862
1.4113
0.508806
2.49938
0.987498
0.547402
1.86867
0.202359
0.379154
0.356867
1.18939
0.328951
0.494937
0.480789
0.194095
0.508182
1.32462
2.50755
1.20445
0.957187
0.704931
0.887775
1.69583
0.123959
5.70438
0.696878
1.60724
0.540877
0.69292
1.22341
0.244892
2.71691
0.288968
0.657311
2.36413
0.25914
0.541483
0.700306
1.53972
0.450328
0.489948
2.07306
0.414156
0.153354
1.56447
0.748927
1.8671
3.10716
0.45684
0.449993
0.624934
0.428222
0.210297
0.183499
1.04604
3.09047
0.818638
0.313154
0.23543
0.395386
1.23824
1.88205
0.327194
2.71752
2.03989
1.16812
0.505108
0.571457
1.22085
1.54948
0.543789
0.301525
0.505692
0.119082
0.27375
0.250288
0.461405
6.18456
0.370332
0.436266
0.413891
0.890365
0.140078
0.232898
1.35688
1.77166
0.568526
1.16494
0.591102
2.45464
0.556035
1.24572
1.20294
0.695013
0.339215
1.24953
0.0807645
0.468095
0.513153
1.7149
0.9813
0.196236
0.906668
1.65527
0.518925
0.865909
0.382739
1.96094
0.245893
1.16408
0.952003
0.429868
0.807989
0.653533
1.05803
5.31222
0.581749
3.05987
1.39113
0.720094
0.544234
1.33917
1.91265
3.06818
0.802997
1.54309
0.582129
0.434952
0.471177
2.6907
2.61198
1.003
1.51258
0.356908
0.45559
0.489827
0.357467
0.333041
1.05793
1.01014
1.80343
0.280872
0.480931
2.411
0.251081
1.91215
0.325437
0.450188
1.03678
0.520572
0.229288
0.98206
1.61468
0.249755
0.148701
1.81799
2.02324
1.6585
0.452648
0.370448
0.825135
0.742148
0.702078
2.05441
0.42446
1.30227
0.798328
0.379535
1.27469
0.131465
2.06391
0.296878
0.50331
1.52864
0.598344
2.33384
0.546208
0.408739
0.701039
0.285852
0.724968
1.00856
0.790461
0.519807
0.286237
2.69186
2.814
1.83616
2.3672
0.545059
1.5629
0.264537
0.934438
3.04611
1.90906
0.377913
0.715774
1.3597
0.259949
0.130862
1.97493
1.63269
1.01069
0.367902
1.25112
0.334178
0.225108
0.487131
0.188446
3.04592
1.15722
0.225911
2.49962
1.83168
0.438104
1.5948
0.915007
0.18584
0.548673
0.696222
0.772774
0.758254
3.12257
0.425425
0.527815
2.88435
1.60151
1.35333
0.761462
0.456653
1.37204
0.531723
0.609475
0.301507
1.9272
0.426753
0.574305
0.898393
0.261349
0.392953
0.243865
2.69312
2.20592
2.29709
3.26493
6.61378
2.01426
0.968289
0.614012
0.59272
1.51698
0.977478
1.90084
1.92225
1.65456
0.520415
3.59344
1.79341
1.12369
0.539638
0.160893
2.37577
0.372562
2.7144
0.175301
0.284031
0.405259
0.60072
7.5605
0.36159
0.60253
0.255068
0.421753
1.82749
6.4651
0.389593
0.250059
0.369151
0.284267
0.822738
0.839406
1.39968
0.388283
1.68453
4.17643
0.364605
0.758202
1.07193
1.24605
1.28398
1.12186
0.35126
0.204946
3.56974
2.05566
0.891635
3.83682
3.69325
0.291035
2.90906
0.891868
0.439234
0.358856
0.387041
0.127547
0.486061
0.429411
0.780771
0.696687
0.68034
1.55943
0.715646
1.38643
0.975865
0.855966
0.457381
1.05424
1.64365
0.0969241
1.64114
1.89648
0.0692716
0.522706
1.07867
1.27336
0.294187
2.8795
2.03363
1.85892
2.61061
0.611268
0.775817
1.13109
1.7818
1.66509
0.540565
0.45289
1.03257
1.56118
0.217551
3.18172
0.451846
0.319472
0.599956
1.1209
2.45442
1.2417
1.48063
0.375469
0.540958
1.45014
0.254817
0.485816
1.93568
0.768523
2.24044
0.566655
0.648741
3.85213
2.61981
0.816074
0.179372
2.1239
0.272008
1.49223
2.06155
1.51172
0.868761
0.26501
0.343126
0.481444
1.16728
0.299789
1.79498
0.489073
0.421907
2.79298
0.259964
0.75656
1.55
2.99522
0.0270776
4.19262
1.33487
0.617049
0.381529
0.405705
1.09627
1.32934
0.493613
1.05886
2.06405
2.96435
1.70419
1.44779
1.7659
0.623503
1.9078
1.5561
1.74271
1.79016
0.802757
0.279525
0.612787
0.547534
0.467555
3.13714
0.313005
0.194183
1.61767
0.503686
0.304141
1.06508
0.860327
0.403941
0.181786
0.252291
2.48647
2.44921
0.628378
1.13978
0.654949
0.685381
0.341912
1.88092
5.87862
1.70894
0.688363
0.29977
2.55822
0.392314
0.673272
2.81226
0.172724
3.08341
2.27021
0.645882
0.893577
0.103562
0.73378
0.919364
0.280403
1.22491
0.0728099
0.342818
7.63957
1.80942
0.610189
0.594314
2.40684
1.69702
0.338476
0.269053
0.494514
0.399236
0.165617
0.277679
1.60685
1.94216
1.08064
1.08724
1.11957
2.22951
0.940198
1.30374
0.472674
1.3966
0.303224
1.97397
3.42266
1.66813
0.248312
1.56354
0.982205
0.478478
0.438178
0.289207
0.256335
0.292775
1.44285
0.85028
2.61047
0.951314
0.361251
0.814362
0.727498
0.678917
0.729393
1.07329
0.223796
0.240222
0.494919
2.33615
0.833946
0.605897
0.169222
0.351218
0.361103
0.598678
0.803493
0.346363
2.07723
0.638912
0.409653
1.40688
3.44756
1.61717
1.59353
1.16834
0.968481
2.40904
0.577929
1.73845
0.27895
0.550026
1.84051
0.298247
0.782723
0.63984
0.328337
0.70003
2.45381
0.370023
0.362382
0.744475
0.167979
1.72967
1.98791
0.555954
0.39354
0.101288
0.356369
2.06963
2.81239
1.81696
0.200201
0.478916
1.67481
1.0731
0.322063
2.57677
0.338173
0.556552
0.527611
0.638133
1.64869
2.01768
0.769716
1.62463
1.95336
6.67288
0.376348
2.00364
0.840116
0.585195
2.26271
1.2915
0.514362
1.13595
0.454854
0.254758
0.429176
2.10949
0.132022
0.421699
0.46377
1.17507
2.00384
1.78063
1.21935
0.290153
0.521304
0.229129
0.53608
0.6039
1.63696
2.00753
0.723993
0.389962
1.65014
0.227056
0.45798
0.504675
1.87717
0.180038
1.48779
0.498221
0.481635
0.652414
0.403527
1.14078
0.203321
2.43739
2.62012
0.689839
0.709318
1.00454
2.72901
2.25925
2.50636
0.483277
0.182971
1.83591
0.404558
2.44844
0.752663
0.7825
0.989454
0.792402
4.39774
4.5411
0.627982
0.339163
0.607515
0.408798
0.24503
0.247409
1.22062
0.549689
0.110819
1.97275
2.02243
0.349326
0.570863
0.577252
4.95509
0.24947
0.181217
1.10277
0.516069
1.54336
1.38393
0.774838
1.73331
2.12052
0.962886
0.592668
1.94402
1.30147
0.840584
1.0719
0.350627
0.600179
2.13607
1.31197
0.613834
0.741016
0.861758
0.407768
0.244364
0.893643
1.46972
1.07653
1.68013
0.807568
0.652174
0.469168
0.261368
0.865269
1.57135
0.178023
0.38064
1.22554
0.160055
0.19714
0.600351
0.235649
1.14043
0.902915
0.949895
1.01012
0.721143
4.30838
0.245969
0.231791
1.15251
1.88194
1.27788
1.42234
0.537727
2.37726
0.620343
1.15677
0.1248
2.05017
0.198169
0.445974
1.03792
3.78064
0.866863
1.63758
1.62974
0.542818
2.21113
0.191463
1.80185
1.40629
1.27886
1.96128
0.693408
0.453191
3.55635
0.404897
2.85096
0.795793
0.384356
1.33253
0.505027
0.871732
2.43342
0.579721
0.442338
0.699463
0.817523
0.404538
0.690187
0.353618
0.683365
1.67011
9.66579
0.198868
0.621243
0.508354
0.830485
0.836361
1.19726
1.50532
1.8799
3.03183
0.35127
0.959338
0.605055
0.563478
0.41892
0.752435
0.499566
0.723213
0.288557
1.17995
2.85784
0.784124
0.286494
2.70986
0.800219
0.294732
0.970195
0.368462
2.78865
1.33866
2.75019
0.755849
1.21901
0.85617
0.463865
1.44982
1.08908
0.410692
0.31264
0.591867
1.24854
0.999839
1.34062
0.28581
0.507571
0.961287
2.69228
0.236807
0.181964
0.356183
1.8668
0.694571
2.66061
0.473365
0.300172
2.81588
0.16827
0.34528
1.85645
2.61122
1.77947
1.23321
0.416633
0.85116
0.15502
2.69869
0.759607
0.288319
3.37608
0.463528
0.359522
0.589026
1.35974
0.910215
1.28638
0.221892
0.192958
2.60213
1.56034
0.165775
4.2923
0.581536
0.370927
0.958859
1.49768
1.14265
0.930885
0.342076
0.463582
0.343739
1.70136
0.485975
0.894082
0.469214
1.1108
0.76614
1.01524
0.51423
0.89687
0.178216
0.202343
1.04364
2.48783
3.63072
0.156957
1.63656
0.306061
0.26383
1.36962
1.49551
0.328289
2.43223
1.35427
0.10186
0.839645
1.82568
0.586881
2.01059
2.35146
4.55134
0.377641
0.508602
0.709428
3.07688
0.769968
0.808776
0.840162
0.445054
0.417773
0.662182
0.335301
1.55601
1.76939
0.396757
0.422993
0.305283
0.207829
1.16143
0.304144
2.11542
0.30213
0.752532
2.55989
0.590197
0.656535
0.707481
1.38019
1.39573
0.382971
0.301607
2.33406
0.348383
1.7345
0.380325
1.52862
1.58369
0.094083
0.450736
0.386354
1.7481
0.532717
0.127978
1.8641
2.455
0.588274
2.63228
0.815807
0.699771
0.592882
1.48511
4.57948
0.113813
0.677657
2.08251
0.725512
1.15615
0.475821
0.51042
0.533578
1.14831
1.09653
0.505882
3.26358
1.93333
1.03313
1.83403
7.69398
2.57756
0.957583
0.239835
0.15234
0.589353
0.422181
2.69504
1.97635
2.61912
1.10344
1.23821
2.41321
0.44113
1.78742
1.93186
0.324188
0.447856
1.14716
1.89485
1.5235
0.313497
0.291304
1.11289
0.26899
0.592061
0.752718
0.225252
1.39434
1.53156
0.907423
1.16264
4.6088
1.64738
0.287655
0.248223
0.433133
2.27841
1.4684
0.481178
0.184518
0.343836
4.40937
0.140069
2.14424
0.521923
0.358826
0.812786
0.510661
2.13169
0.625296
2.28057
1.39288
0.998433
0.449351
0.398221
1.83647
0.223882
0.0851708
1.6696
1.23724
0.232188
1.89095
0.386711
1.13219
0.466698
2.0993
1.20097
4.12493
1.55828
2.01353
2.02833
0.283665
0.309854
0.44583
1.82557
1.8204
2.25816
0.320802
0.645176
2.74054
2.64964
0.396908
1.2062
2.3487
1.69206
0.641282
1.48271
0.171685
0.858975
0.74411
0.482255
0.354199
1.44543
2.39472
0.401872
0.224077
1.20883
1.35049
0.237158
0.759202
2.40095
0.794966
0.613807
0.14582
3.15101
0.329886
1.29444
0.200242
2.63766
1.07161
0.198326
0.829414
0.485152
1.40464
0.569973
0.274417
0.112263
1.24121
0.326208
0.0911798
1.61769
2.67106
1.48112
3.65446
0.236618
2.73986
0.97204
2.1526
0.40429
0.658018
1.46503
1.77558
2.08743
1.96745
0.467255
0.548952
0.305737
1.29989
2.3742
0.183618
2.55223
1.88439
0.28189
0.563191
8.46115
0.155334
2.19611
0.911078
0.680799
0.350296
0.562797
1.15687
0.652463
0.349078
1.0892
3.37447
0.255002
0.475112
0.908052
1.85154
1.94436
0.52063
0.321865
1.95861
0.307349
1.06718
1.5056
0.659913
0.999416
1.37258
5.81273
1.04838
0.337007
0.440518
1.49811
0.286122
0.440982
0.508107
0.221859
0.250237
0.596982
0.164899
0.25595
0.624305
0.530376
1.10598
0.555429
0.363818
1.39776
0.603279
0.628041
0.233975
2.04268
0.300813
1.73272
1.66455
0.150068
2.91994
0.726648
2.05679
1.24396
0.293248
0.287358
2.08959
2.63159
0.595988
0.313574
0.711242
0.218105
1.40128
2.17295
0.838724
0.783648
1.46421
0.222743
0.385478
2.47361
0.625061
0.349058
0.243679
0.825011
1.77002
1.9172
0.1402
0.60911
0.540656
0.2541
0.278007
0.394034
2.69389
0.602712
0.173443
1.72882
0.25693
0.342973
2.38441
0.408094
0.510102
2.39349
0.611787
1.45518
0.32348
2.19898
0.271068
0.160166
0.243187
2.72978
10.5255
1.81442
1.60049
2.36208
1.78574
1.52466
0.130886
1.14467
0.250071
0.799347
1.21652
0.547116
2.32251
0.499121
0.287634
0.291932
1.46685
1.00381
2.26718
0.506781
2.5099
2.26942
0.0243858
2.05776
1.83411
0.360801
2.77388
0.492013
0.440562
0.745777
1.32109
0.899926
0.461854
3.10545
0.424082
0.694531
0.78995
0.965049
0.475291
0.915538
0.400214
1.27436
0.1781
1.94276
0.995071
1.55042
0.842887
1.03672
0.56395
0.667189
0.451053
0.320519
0.78875
0.288077
0.399802
0.204219
0.227844
0.150053
0.31786
0.661091
0.712434
0.407522
0.500657
1.51699
2.68439
1.42409
0.238148
0.274437
0.305642
0.657942
0.828728
0.064264
1.76379
2.25739
0.106803
0.826308
0.634431
0.45943
0.544434
0.450874
0.359109
0.719355
0.161783
0.577404
0.296723
1.83236
0.262747
1.21861
0.232609
0.323818
0.272258
2.48944
1.08148
0.288193
0.29668
3.59328
0.486284
0.319557
0.205044
0.909943
1.99523
2.64446
0.345639
1.43168
3.69703
1.22537
3.87097
0.324284
0.237838
1.24894
0.894509
0.33172
0.909772
1.97008
1.43529
1.45292
1.76476
0.650217
1.11425
1.3995
2.83832
0.297771
0.352803
1.7344
1.77482
2.02187
0.227425
1.65168
0.22773
4.25543
1.03044
1.29094
0.453829
0.866728
0.971723
0.788389
0.450889
1.25965
0.840021
0.532332
0.510264
0.908424
1.04603
1.07679
1.52221
0.71379
2.33139
0.333288
0.973505
0.195918
0.124964
0.397965
0.345035
1.6608
0.58391
6.53328
1.58075
0.516789
1.13381
0.074669
0.80305
0.46065
1.75088
0.378764
1.91543
1.00266
1.49601
0.773613
2.00183
0.161087
0.857375
1.14598
0.328257
1.39375
0.392882
1.08213
2.74761
0.0982257
0.510983
0.505156
2.7022
0.245508
0.44328
0.314095
0.765997
0.397475
0.416478
2.41755
0.855989
2.17506
1.33069
1.29466
0.414404
2.6227
0.185855
0.597957
0.256356
0.622022
2.05563
2.14392
0.640754
1.91396
2.556
0.427891
0.785673
1.0284
1.52441
0.593068
1.268
0.689532
2.9772
0.47388
0.389743
1.69278
0.736717
0.47428
1.59497
1.493
0.316474
0.2096
3.03119
0.469656
2.92112
0.530092
0.940075
0.665763
0.455635
1.45952
0.968296
1.687
0.594896
0.632133
2.82164
2.42314
1.07538
1.40795
0.821337
1.97689
0.484403
1.1428
0.408169
0.489427
0.166169
0.333681
0.228726
0.560974
1.83308
0.387366
0.269001
1.24669
0.426663
1.99183
1.39038
1.19655
0.703658
0.532831
0.618827
2.66697
1.04426
2.46517
0.629877
0.0370971
2.11071
0.938346
0.45162
0.845283
2.56058
1.0813
1.80772
2.06315
0.319823
2.79444
2.00245
0.219544
1.54149
0.765554
1.54428
4.83255
1.11362
2.07775
0.686236
1.41603
0.466907
0.587103
1.44645
1.18898
0.336786
1.4305
1.65429
1.36964
0.965818
0.706141
0.332796
1.904
0.495628
0.264571
0.0941267
0.296882
2.81113
0.177261
1.73918
2.02694
1.34428
0.482394
0.693681
0.489972
0.675324
0.409799
0.281463
0.313521
2.75971
0.154826
0.213218
0.473486
0.197491
0.580275
1.18557
1.42695
2.24162
0.450818
0.800732
1.85153
0.19337
2.45562
5.88531
2.89559
1.26868
0.403259
0.207973
0.364299
0.320866
0.570771
0.416509
2.52617
0.626257
2.57939
0.336744
3.48217
2.52943
1.94025
0.383154
0.217577
2.14148
2.6494
1.17539
1.09096
0.860583
1.53535
0.73135
1.4697
1.52491
0.329936
0.320682
1.01981
1.84599
2.14594
0.487997
0.21872
0.546516
2.06214
7.16099
0.487483
0.886561
1.72945
0.70646
2.21828
2.43387
0.298039
1.90109
0.865157
1.35786
0.659202
2.41849
2.19412
0.544698
1.55535
0.799739
0.907225
2.18055
0.475148
0.406085
0.565958
2.63397
0.389662
0.405429
0.219246
2.11283
0.461721
0.344655
0.331491
0.354718
0.614561
2.56302
0.37766
0.308704
1.08088
1.78365
0.853585
0.283108
0.574852
2.05217
0.872187
1.86216
2.03915
0.685026
1.80911
0.992559
1.50123
0.341984
1.43794
1.52947
2.01482
1.53143
0.314015
1.08884
0.335319
0.635388
0.4289
0.517235
1.96893
1.44641
1.64308
2.14187
1.59644
1.56568
0.911018
1.97601
0.504014
1.00718
0.691911
2.63353
0.344076
0.596621
2.0934
0.353544
0.56818
0.406475
3.59876
2.32337
2.0805
0.38562
0.443496
0.227577
0.330414
0.514474
0.218793
1.33344
0.337189
1.66679
2.41972
1.85636
2.5447
0.903192
0.339209
1.90824
2.57749
0.395179
1.05287
2.25502
0.212449
1.19548
0.282748
0.324595
1.66882
0.590352
1.70488
1.59076
3.28538
0.81484
11.9551
1.82508
0.740188
0.610171
0.207812
1.55451
2.83007
0.377873
1.35942
0.244073
0.622395
3.6708
0.164725
0.830583
2.02995
0.209459
0.451521
1.07026
0.840228
0.131615
1.40982
0.354616
1.67387
0.0900324
1.66457
1.08338
0.628057
0.745771
0.312034
1.47635
0.529625
4.44545
0.711874
2.15176
2.69439
1.43926
0.745157
0.236849
2.00528
0.309528
2.88474
1.10982
2.8829
0.879204
1.92375
0.661207
1.8089
0.730568
2.66131
1.17353
0.241507
0.425801
1.61037
1.77708
0.866666
1.10808
1.55339
1.0701
1.99129
0.64823
0.737774
2.32917
1.16203
0.603632
0.624028
0.901214
0.547845
2.1382
0.631286
0.558605
1.51869
1.48996
1.27335
0.567618
0.858695
0.542198
1.67671
1.37706
1.06138
0.715905
2.58715
1.96498
1.53501
0.205543
0.558388
0.133956
1.72724
0.706246
1.77645
1.27611
0.16948
1.73605
1.52298
1.17255
0.734786
0.163721
0.123432
0.534173
1.01261
0.893287
0.360011
0.323496
0.615439
1.25285
0.334918
1.46726
1.21098
1.21308
0.510739
2.3632
0.315712
0.179006
1.79907
0.627251
0.470721
1.94056
0.732149
0.637553
0.786233
0.559137
0.74072
2.01736
1.16731
0.210453
0.884346
0.30715
1.71918
1.46991
0.9935
1.18533
0.344793
1.16473
1.70564
0.289523
0.354834
0.414767
0.765421
0.324091
1.46601
2.09602
0.645121
0.180706
9.12136
0.426579
0.409942
1.96289
0.531828
1.87222
0.102934
2.36152
0.332684
1.85543
2.40121
1.61856
2.11139
0.921027
0.473487
0.354431
0.316057
1.69662
1.08878
1.64747
1.97782
0.293884
0.700872
0.707883
0.178772
0.744847
2.40782
0.461366
1.2133
0.449886
0.293112
0.0998145
0.998382
4.92313
1.48626
5.89237
0.436615
0.351602
0.367423
0.923071
1.53992
0.783876
1.46211
1.79609
1.46254
0.89326
1.69015
0.376806
1.7069
0.973206
2.23744
0.534432
0.212932
0.433337
2.50894
1.34775
0.635061
0.774973
1.76492
2.01327
0.321737
1.09471
0.498918
0.869216
0.494429
0.398509
1.14854
0.369503
3.09596
1.68559
2.76333
0.381279
2.17639
0.120415
0.895494
0.443799
0.230904
0.914462
0.512698
0.089614
3.81282
2.53319
2.57927
0.626938
1.86792
0.292263
3.64239
1.20252
0.697469
2.63852
1.91669
0.224281
6.2062
2.54998
0.315157
3.66485
0.852309
0.419022
0.775113
0.502321
0.626692
1.93435
3.48736
0.308447
0.479888
0.875461
0.381227
0.64605
1.81458
1.02796
0.173067
1.21862
0.46128
1.01236
0.529781
0.206067
2.43093
1.36372
0.913496
0.563588
1.74177
2.93162
1.68264
0.341586
1.11133
1.06823
1.38312
0.157733
1.13721
2.62127
0.399623
1.87664
1.96097
0.61465
0.665279
1.10059
2.12959
2.84128
2.37851
2.11723
0.930756
1.04377
0.739273
1.12982
1.07376
1.00546
1.4025
0.353408
0.333448
1.73392
2.03881
1.42257
0.293327
0.99254
0.658498
3.49547
1.74904
1.00219
1.22347
0.996304
0.923367
1.73832
1.38029
1.98026
2.68387
1.24214
0.151535
0.377544
1.80615
1.65338
1.39161
0.722555
0.866514
2.15604
0.510937
0.994546
1.35279
1.66047
0.607364
6.70352
2.73129
0.448299
0.160941
0.26935
1.91603
1.10018
0.484425
2.24569
1.199
0.939417
2.3244
0.644315
0.714578
0.505513
0.314652
0.93954
0.277431
0.640121
4.73283
0.72047
1.73179
0.302463
1.09395
0.409412
0.717699
0.804277
0.35403
0.29406
0.923835
0.763402
0.594071
0.240199
7.26706
0.91293
0.997254
1.54492
2.03697
0.295653
0.879577
2.12071
0.50758
2.30599
0.154206
0.557501
0.312698
0.952087
1.39555
0.551913
1.2155
1.04201
0.599413
0.412898
0.415665
1.991
1.20275
0.53774
2.01086
2.23796
0.627308
0.554464
0.892265
1.54301
0.578269
1.83976
1.60546
0.182849
0.363207
0.0651127
1.18854
0.297604
2.81059
0.409209
1.35013
0.846797
1.25603
0.386268
0.429832
1.19791
2.43897
1.0005
0.193501
0.534648
0.261883
1.28796
0.553863
0.361362
0.350143
1.09964
1.14179
0.52638
0.965625
0.469002
0.303466
0.478846
0.684482
0.875691
0.411036
0.655435
1.79814
0.238983
0.91801
0.446107
1.99214
0.332813
1.40419
1.79018
0.394335
1.62898
1.93803
3.12245
0.445333
1.72736
0.570762
1.05927
0.782308
0.317392
2.22819
2.1714
1.95936
1.20151
0.147985
1.55263
0.643249
0.47552
0.3756
1.5285
1.92967
1.72355
2.37373
1.82148
0.524157
0.651312
1.06995
1.3679
0.186535
0.571051
3.02383
0.588856
0.735748
0.498773
1.4645
1.45049
0.922872
0.343903
1.18556
0.55442
2.16366
1.29916
1.4375
0.525273
2.86739
0.40777
0.358523
0.714598
0.249914
0.704644
1.86883
0.489582
0.418696
0.701088
1.20232
0.484418
0.436857
0.130685
1.33811
0.552123
1.32033
0.669376
0.440047
2.06354
2.2035
0.751757
0.697614
0.703709
1.12916
0.619038
2.09358
0.914749
0.407227
0.457455
0.335687
0.709318
0.431526
1.7101
0.664481
2.19543
0.394548
0.997145
1.33836
0.381647
0.0837686
0.164899
0.356735
0.467934
2.54346
2.79545
1.35255
0.780586
1.89576
0.556375
2.04775
5.31444
6.95451
0.443269
0.609998
1.07631
0.227925
0.29976
0.81466
2.00172
0.487737
0.372111
0.604844
0.425332
2.29076
1.63387
0.405582
0.381255
0.591762
0.425703
0.341983
0.277638
1.07752
1.33001
0.534514
2.04835
0.127793
0.900079
3.77714
0.188471
0.12177
2.40257
1.50504
2.29197
2.7531
3.19357
1.46094
0.600249
0.256914
0.526287
0.387736
0.657628
0.425531
0.381007
3.09939
0.537334
0.438225
0.157096
0.169053
1.36633
1.76334
0.70784
1.41177
0.876888
2.92597
4.19131
0.59909
0.619107
1.08198
0.648057
0.452982
0.688279
3.84922
1.81797
0.255191
0.869931
1.26421
0.355208
2.28659
2.5799
0.601652
0.110715
0.842998
1.8807
1.50286
0.834248
0.209563
0.417623
3.17335
0.340465
0.567147
3.94374
3.08017
0.533273
0.603034
0.202879
0.421118
0.406215
0.928382
0.553457
1.53598
1.30562
1.12941
0.460738
1.23998
2.14043
0.177057
1.14851
1.56755
2.43787
0.98631
2.20174
0.239153
1.8581
0.980537
1.87729
0.297342
0.548472
0.305412
1.25789
3.9937
0.304646
0.129454
1.3655
0.88831
3.217
2.07584
0.233181
0.915543
0.98397
1.58866
2.0314
0.449838
0.63955
1.00297
0.383023
2.54288
0.299236
1.99019
0.402916
1.73864
0.793752
0.199256
0.416994
0.341175
0.323121
0.310471
2.48702
0.510608
1.26192
2.02845
0.331424
1.00577
0.339827
0.196304
0.558539
2.12455
0.712721
0.293246
0.885401
0.272943
1.38584
2.6341
0.916036
0.781762
0.503645
0.926541
0.331837
1.66157
2.53714
2.1096
0.789872
1.86686
0.388775
0.94673
0.356435
0.377299
0.230905
0.726108
0.334905
1.64859
0.708345
3.28494
1.18554
1.18912
0.259097
0.262777
0.522103
0.347763
1.01579
1.87282
1.29487
0.352851
2.04991
1.70349
0.413497
2.49364
0.194303
0.421721
0.52295
0.623662
0.599719
0.432455
1.6532
0.377071
0.702208
0.25151
0.682182
0.647739
0.757508
0.180511
0.790572
0.470861
0.680225
0.696745
4.01661
0.30211
0.911238
1.21131
1.2811
0.737764
0.412275
1.68104
0.356117
2.5339
1.71659
0.515708
0.24884
1.0816
1.49842
0.390488
0.670669
0.306749
0.909067
5.95729
0.175866
0.298092
0.66556
0.272255
0.870926
3.12195
1.0741
2.57946
0.438917
0.879712
2.632
0.302575
2.39354
0.754217
0.580857
1.05515
1.01701
0.287875
1.45677
2.06029
1.38863
7.11743
1.85708
1.73158
3.25567
1.2146
3.02644
0.222604
2.14694
0.371162
1.67671
0.919897
0.581461
0.427584
1.90216
1.54335
0.357902
1.16224
0.24515
3.56839
0.171304
0.386194
3.12017
11.8521
1.77893
1.79162
0.374023
0.3293
0.588807
0.457971
0.64682
1.31815
0.433643
0.754427
0.693952
1.04639
7.30745
1.45286
0.0777733
1.73062
1.58119
0.525299
0.561756
0.428693
1.63205
0.82849
0.184928
0.921495
0.772904
0.336652
2.46158
0.849956
1.94684
2.69543
0.518796
1.33703
2.15675
2.18738
1.31134
0.232295
0.365311
0.184176
0.330333
1.96055
2.03518
0.5345
2.44546
2.13166
0.467235
1.54748
0.102808
2.95075
1.81745
1.76206
1.96217
1.30207
1.39472
0.976142
1.31598
1.00874
1.71993
0.260011
1.95135
0.698493
1.32698
2.70977
1.07417
1.67394
0.478034
0.328683
0.420335
1.37768
0.418682
2.20911
0.280084
2.682
1.82531
0.430478
0.92078
1.30672
0.956163
0.303366
0.747255
0.653706
0.405266
0.479453
1.86831
0.587603
4.50938
3.92025
0.610136
1.33145
2.57277
0.466308
1.06106
0.45412
1.35725
0.418362
1.54363
1.45171
0.32031
1.41749
1.00242
4.38767
0.451468
0.641527
0.348305
0.598895
1.76474
0.37456
2.07874
0.436901
1.14749
1.60756
2.18468
1.64489
0.175129
0.500329
0.322124
0.516739
1.93856
1.17376
0.440339
0.298812
0.256866
1.82435
0.314788
0.185288
0.948123
1.6548
0.545753
2.25958
1.76989
0.190633
0.465232
0.423584
0.356406
0.372174
1.98343
0.314793
0.70333
0.51782
0.85563
0.518284
0.43691
1.3561
0.397202
0.717289
0.325437
0.926481
1.68891
0.431541
1.62165
1.97241
0.216682
1.53388
0.144947
1.13896
1.66425
0.201255
2.27255
2.18156
0.960688
0.338744
0.653397
1.49028
0.329365
1.37442
0.673599
0.661666
0.863381
0.27255
0.440206
0.948883
0.641174
0.244266
0.58649
0.753843
0.571342
1.18042
1.1144
0.285922
1.35928
1.96505
0.199668
0.274112
0.869821
0.250615
0.306775
1.23975
0.0299097
0.682245
0.486673
1.99261
0.481005
0.376268
1.49868
2.41281
0.24521
1.50445
0.23452
0.253255
0.360948
1.2416
1.28623
1.21296
1.22431
1.91459
0.772642
0.57964
0.273271
0.756074
1.20554
0.254746
0.474612
0.360935
2.1561
3.53785
0.746093
1.03649
1.07083
1.58233
4.33372
0.405711
0.626586
0.276877
0.966603
0.239774
1.48202
3.04731
2.88133
0.536634
0.507625
0.999547
4.53844
1.44718
2.7595
1.37675
0.455295
1.31336
2.98377
0.342433
0.878837
1.27955
0.279664
0.327298
0.174911
2.36513
1.09412
0.367474
0.211626
1.02524
0.672372
1.79455
2.01308
2.31832
0.150453
1.03172
0.482643
0.463112
0.0779981
2.01802
1.23073
0.191016
1.62689
1.49603
1.67435
3.07545
0.973637
0.599799
2.75626
0.287809
0.313731
0.199998
1.03886
0.72651
0.495596
6.00977
1.79878
4.54175
0.435737
1.4499
1.63318
0.852169
1.75838
1.93661
0.992946
1.85787
0.954298
1.89191
0.74946
1.98004
0.602334
0.27879
0.902816
2.12186
4.25164
0.474956
0.80167
5.91182
0.195565
0.159583
0.400882
1.76817
0.394288
0.511401
1.22885
0.76122
0.805363
0.554604
0.755481
1.62378
4.42505
0.802163
1.30393
0.508365
0.871521
0.839569
0.43242
0.455039
0.68813
1.70862
0.0946947
0.48739
0.249241
2.58647
0.91778
0.586528
0.087758
3.50859
0.265137
1.14589
3.2556
2.62926
0.466105
1.86318
2.10045
0.292557
0.659921
0.557874
0.264162
1.85288
0.520129
1.06308
0.300633
0.661713
1.31453
0.43785
0.55278
0.245101
2.03279
1.24388
0.394798
0.477999
0.850829
0.487289
0.503975
1.67602
1.88178
0.386536
4.52301
0.810845
0.606646
2.07969
0.59834
1.33477
0.893174
0.56598
0.884456
2.20006
0.769519
0.123691
0.535741
0.670485
2.32337
1.16079
1.28716
0.665243
1.3304
2.53175
0.911557
0.421935
0.405745
0.431552
0.67134
0.238403
0.554958
1.02412
0.668848
0.266603
2.68212
1.41972
0.426533
2.05174
0.528453
0.576444
4.53954
2.57725
0.616165
0.226076
1.61432
3.00355
0.35891
12.0096
0.640137
1.00542
0.797071
0.244557
0.339927
1.39768
0.597234
0.421806
0.264674
0.561531
1.2684
0.678462
0.58357
0.419966
1.72695
1.11792
0.684388
2.76326
1.70635
0.431143
0.312059
0.414798
0.799202
0.426298
0.468586
2.70451
1.41625
0.0801657
0.368289
1.03321
2.31431
0.14615
0.490146
0.493286
2.34238
0.907476
0.424041
0.175092
1.02523
0.376788
4.1443
1.56343
1.83177
0.202263
0.799248
7.40468
0.780058
1.31168
1.30421
0.272426
1.19967
0.109943
0.453048
0.421533
0.672946
0.427562
2.03049
0.241383
0.506671
0.196788
0.503806
0.210254
1.30076
0.113931
0.321704
4.79218
1.17611
0.625433
1.55714
0.96976
1.16992
0.267389
2.02852
0.38772
1.92368
0.405475
0.253752
0.96333
0.620153
2.42569
0.860925
0.470682
2.76986
0.337699
0.521038
0.870819
0.303564
0.252554
5.15051
0.932829
0.614972
2.20641
0.190499
1.63283
0.304231
0.427425
1.76268
2.23412
1.30079
0.465046
1.53244
0.768537
1.9244
0.519063
0.282007
0.274055
1.64724
0.131701
2.73714
0.214685
0.230058
0.859313
1.72578
1.10197
0.182956
0.233881
1.05191
0.210578
1.55396
0.336492
0.678018
0.723181
0.685669
2.02983
1.00267
1.69463
0.73993
0.552304
0.993084
0.207306
0.582336
0.252592
0.382304
2.12756
1.20746
1.86353
0.728445
0.11292
2.32707
0.794451
1.48117
0.350683
0.438281
0.473261
0.366348
0.20027
0.90685
1.85771
1.22201
2.84597
1.6942
0.904773
0.325991
0.216653
3.00566
0.200401
0.445209
0.143705
0.309691
0.881944
0.512625
1.34793
0.576812
1.12912
1.52112
0.610549
0.806922
0.361009
0.763797
2.26912
1.07181
1.73356
0.437477
0.731313
0.473319
0.288909
0.759041
1.63255
1.46463
1.41111
0.272809
3.28498
0.29546
0.95496
1.74919
0.563192
1.44881
0.721943
1.42301
2.70469
0.684295
1.59893
1.56787
0.332228
0.279967
0.311199
1.58405
0.422258
0.30025
1.04944
0.370778
1.89701
0.488675
2.4947
2.25155
9.18148
1.73079
0.186186
2.5923
3.29815
0.284919
3.08547
1.19681
0.551077
1.85915
1.59667
0.819541
0.24173
1.60509
1.09656
0.0781696
0.76759
2.69408
0.429556
1.38385
2.48093
2.53911
0.152627
2.56577
1.49967
0.373452
2.33072
2.81558
0.391231
0.327418
0.416536
0.538749
0.270113
0.757647
0.478951
0.283756
0.882593
0.627672
2.20698
0.122887
0.304221
0.734793
1.6493
0.225652
0.214791
0.682381
0.276168
0.442697
0.563683
1.34885
3.32338
0.319744
1.24018
2.47943
0.474857
0.401348
0.424435
1.56247
1.49533
0.519027
0.384621
1.35378
7.27031
1.10546
0.0207765
0.667592
2.15551
1.02152
0.539215
1.91772
1.11457
0.174939
2.09071
0.857678
1.63345
0.187326
1.60801
0.572907
0.428502
0.76398
0.536386
0.563793
2.11417
0.916738
0.290578
0.424293
0.617094
1.33158
0.436707
0.708075
0.509668
1.05373
0.541348
2.17551
0.998437
0.406846
1.14628
0.186712
3.71843
1.26796
0.353958
0.612167
0.38773
1.70551
0.696975
0.51063
0.733203
0.234103
1.00452
0.587108
0.552738
0.224411
0.203798
0.279821
1.63048
1.02622
1.45144
3.10886
0.201036
3.90859
2.01401
3.75288
0.264473
0.165656
0.874331
0.263609
1.42097
0.269672
0.391054
2.053
0.229173
0.74813
0.362767
0.397585
0.247885
0.211775
0.290046
0.52287
0.24322
2.78151
0.502824
0.342258
1.31105
0.408143
0.43821
0.785073
0.620387
1.98337
1.53759
0.498126
1.55095
1.87952
0.362394
2.11402
0.228719
0.419883
2.27733
0.54384
3.07237
3.97815
2.40547
0.149247
4.39042
3.11685
1.2979
0.470887
0.552521
1.20319
0.552793
0.491991
1.52528
4.38319
0.697934
0.480599
3.408
0.430221
0.635972
0.737827
0.693918
0.675606
2.63032
1.80378
0.392581
1.64698
0.526658
0.146626
3.5632
2.62617
0.945702
0.592596
0.295261
0.889743
0.445019
0.410734
0.802687
1.72548
3.16969
5.6471
0.688016
1.50964
0.266982
3.15655
0.537797
1.03199
3.67931
0.972582
0.529181
1.12814
0.78278
0.791299
0.109929
1.67139
0.308978
1.07331
2.53578
0.458685
0.128544
0.763332
0.360228
0.428773
0.596025
0.75953
0.318832
0.46956
1.89578
0.310608
1.04185
1.65174
1.23457
0.488154
2.30997
0.483059
1.67479
10.9985
0.923559
0.432912
0.354994
0.533143
1.66148
0.374424
0.379038
1.80737
6.01451
0.36631
1.09626
0.84437
2.98638
0.561864
0.506614
2.99211
0.44626
1.68902
1.0521
2.46923
1.43373
0.415489
0.532917
0.27315
0.225591
1.21265
1.36211
0.234507
0.525747
0.391372
0.509495
0.141676
1.38202
0.722888
0.385168
1.20414
0.286159
0.643902
0.5521
2.15443
1.43866
0.630996
0.751232
0.148724
1.70954
0.602689
0.345007
1.22834
1.87662
3.3926
2.04828
0.151096
2.38402
0.314358
0.420903
0.387062
2.00601
4.71624
1.66542
1.35262
1.56328
0.385634
3.32815
0.199843
2.90395
0.455044
0.33086
0.424018
1.76436
1.53154
0.535136
1.63141
2.14951
1.30861
0.836521
2.69701
0.69457
0.307486
2.25631
0.562131
2.58142
1.01992
0.30219
3.40602
1.51522
0.447572
0.627655
1.28398
1.14455
0.86281
2.43103
1.99593
1.50453
0.399084
0.488767
1.48978
0.24704
1.04981
0.232422
0.256702
0.356818
0.347192
0.483644
0.312113
0.22009
1.71887
1.92688
0.819602
2.62057
0.229051
0.179655
2.27403
0.997975
4.33749
0.306523
1.59858
0.210335
3.33296
0.361678
7.00035
1.27675
0.265762
0.688834
1.01832
0.542462
0.0558547
0.625393
0.172575
1.82716
0.665134
1.40655
0.459607
0.383593
1.70997
0.889649
5.39921
1.71687
1.43578
1.92104
0.369496
0.503639
1.35888
0.326645
0.127065
0.370387
0.419149
2.08582
1.57844
3.64105
0.463939
0.851187
2.1225
2.02756
0.175532
0.812028
0.14047
1.677
1.0693
0.464581
1.55284
1.44568
1.38517
0.443488
0.664013
1.50988
0.46482
0.395962
1.19248
0.32739
0.325166
2.71218
0.255616
0.153385
0.143002
0.615599
0.389655
0.91371
1.66827
1.2451
0.434422
0.652736
3.63913
2.37912
0.285622
2.83225
1.38611
0.21649
1.3126
0.31057
0.954088
1.45461
0.341276
1.0911
5.64087
0.281924
0.780901
3.41795
0.655801
0.419383
2.26719
0.504015
0.279422
1.8334
0.633814
0.292268
0.213605
2.25275
2.29626
2.47278
1.28993
1.50602
2.60772
0.31539
1.11252
0.717077
0.799072
1.63799
0.224583
1.36287
0.397393
0.129729
1.2189
0.733668
0.437415
2.88009
0.973818
0.709172
2.08967
0.264898
3.02632
1.81958
0.147351
0.12239
0.893419
0.735604
3.23421
1.07915
2.15637
1.18011
0.315086
2.73384
0.0698248
2.97212
0.978028
1.00146
0.953139
0.315487
0.813492
0.891
0.299281
0.751651
0.635206
0.341898
0.51853
2.36728
0.397934
0.135827
0.737986
0.581722
0.501351
2.67336
0.980422
0.971056
0.361604
0.36589
2.30812
0.999009
0.527315
0.48326
0.673458
1.25885
2.26553
1.77337
2.45075
0.736638
0.43777
0.206757
0.862594
0.198651
4.38507
1.43329
0.613521
0.322557
1.16772
0.401403
0.957171
0.453028
0.277336
0.046151
0.444868
1.28777
0.368984
4.32299
1.64055
0.860817
0.405724
3.76405
1.84806
2.09401
0.269995
1.20801
0.166837
0.549129
0.220563
0.332896
0.580613
6.22989
1.76882
2.44184
0.281598
0.643811
0.588323
1.9983
0.633954
1.77828
2.3729
1.24285
2.12538
1.73957
0.99479
0.876617
0.698562
0.344207
1.99179
0.566993
0.456848
0.310848
0.906104
0.31757
1.0754
0.89531
2.28002
0.510421
0.977778
0.66173
0.449482
0.465994
1.81001
0.348595
1.53583
1.40781
0.787788
1.5838
0.609204
1.03777
0.907118
0.904828
0.13835
1.14266
1.08593
0.670156
2.56221
0.822667
0.190927
4.62875
0.305082
0.656638
0.181798
0.577158
0.249368
0.822707
1.07609
2.35984
0.513675
0.291339
0.255393
2.16752
1.20388
1.94122
1.62922
1.97791
1.77653
0.51803
0.482571
0.210783
1.30093
0.789941
0.489224
0.699243
1.87734
4.55687
4.95909
2.9453
0.854463
2.45335
2.42272
2.06293
0.283761
1.30086
1.16994
0.27949
0.938068
0.978185
0.630849
2.19791
0.152258
0.347734
0.393387
1.93997
0.45938
0.83255
2.42876
0.364648
0.487853
0.734473
0.357944
1.35014
1.93737
1.755
2.22683
1.86718
0.674188
0.703143
1.43185
0.178067
0.951594
0.160857
1.72089
1.57495
0.632989
1.5183
1.32512
1.32867
0.585904
0.514315
1.00475
0.755199
1.77689
0.334317
0.553342
0.644743
0.998152
0.349258
0.553861
2.39152
2.48588
0.650041
0.871946
2.07359
0.615977
1.4397
2.07128
0.495324
1.08228
1.18478
1.39981
5.3318
0.27308
0.3726
0.817355
0.602742
1.83779
0.214392
0.402169
1.28444
1.17131
2.05223
0.979577
0.763316
1.74085
0.463966
3.19224
0.655821
2.32227
0.19941
0.70868
0.95876
0.892948
0.822572
1.47547
1.28749
1.08854
1.79969
0.258217
1.73384
0.848618
0.421269
5.09233
0.423842
0.441131
0.627376
1.02076
0.389219
1.35183
2.07447
1.63442
0.742661
3.59783
1.20767
1.37707
2.10708
1.54684
0.179206
1.48859
3.65838
0.740126
0.793712
0.536958
2.079
1.4669
0.77102
1.02805
0.258503
0.866107
0.712153
1.77478
0.910198
1.41196
0.433698
0.323325
1.22732
0.680854
0.897575
1.25312
2.91745
0.933494
0.410911
2.78593
0.618641
0.371912
0.519365
0.565953
2.21024
1.60228
0.033753
0.850312
0.639311
0.433474
1.34464
0.855817
0.19941
0.437368
0.433547
0.434625
0.285621
0.142413
3.07726
2.7996
11.8847
0.517592
3.80336
0.223418
0.681893
0.818675
0.365543
1.48527
0.805253
1.57094
0.939383
0.404022
0.560206
0.595004
1.05893
1.59596
0.549192
0.482456
0.80131
0.0934174
0.624138
0.640226
0.376285
0.360859
0.502521
1.40917
1.26296
0.791816
1.08246
1.84357
1.78014
1.01158
0.93933
0.472876
0.748978
0.701451
1.72964
0.628484
0.554968
6.7276
0.756434
0.12151
0.67965
1.68296
0.468844
0.0935833
0.347374
1.98364
0.278608
1.58215
2.93356
0.441048
0.23644
2.1766
2.06848
0.45251
3.3417
1.9594
0.940278
0.367964
1.5358
0.28676
0.30121
0.74843
2.51472
0.36752
0.692257
0.734198
0.528131
0.522835
0.541071
0.697402
1.25541
0.276684
0.820866
0.260994
0.400417
0.658304
2.66203
1.38362
1.01297
2.57464
1.07515
0.321704
0.473295
0.256021
0.625666
2.78187
0.738045
2.0164
1.05628
0.963117
0.358471
1.40407
0.251673
0.343325
0.446044
1.83325
5.0175
1.93584
1.15152
1.74626
0.923171
1.30745
1.17425
0.488256
0.513429
0.432041
0.670404
0.813197
1.64799
2.43405
1.77858
0.364673
0.389626
0.381331
1.95043
1.81885
2.11021
1.80632
1.50877
1.95531
1.44482
0.962946
6.01601
0.297899
2.03736
0.355164
1.06474
0.400515
1.10578
0.501134
0.496506
0.170497
0.511892
0.464317
0.504291
0.10355
0.0302687
0.417576
2.705
2.32787
0.393475
0.416513
0.391874
1.31622
1.67491
0.638733
1.08418
1.02116
1.42511
0.902308
0.900753
0.466502
2.16429
0.827178
1.57133
0.962624
1.45096
0.238823
1.9256
0.556166
1.37017
1.62192
1.06554
0.573396
0.33105
2.47392
1.78558
0.773821
2.27133
0.471579
0.585315
2.28888
0.663633
0.111836
0.144129
1.46045
0.894357
0.330251
0.281586
1.90646
0.987864
1.46495
0.936669
0.175648
2.65456
0.556279
1.75808
0.569733
0.534988
0.636232
0.167182
0.655799
0.875657
0.959849
0.334186
0.55699
0.669924
0.323114
2.08586
0.942866
0.392167
1.05187
2.14803
1.04914
0.275101
1.08154
0.546369
2.37001
0.62426
1.29616
0.429084
0.189878
1.36526
0.572363
2.09757
1.45918
0.832645
0.445157
0.366983
2.74356
2.06554
0.966533
0.288835
2.60831
0.669607
0.20062
1.39062
1.42464
1.65055
0.363842
1.86867
1.91397
1.36046
2.51387
1.1728
0.184708
0.180685
0.558098
0.757651
0.336994
0.349972
0.227781
1.45613
5.98067
5.94582
2.05905
0.287954
0.133938
1.44772
0.620466
1.56257
3.19468
1.30966
0.592525
0.557143
0.502929
0.912181
0.557087
0.960966
0.229858
0.252709
0.206235
1.1537
1.44615
0.494739
0.477684
0.171657
1.10068
0.456617
0.550107
0.882361
1.24995
0.236223
0.933716
1.08706
1.27068
1.12452
0.641277
2.8458
4.14868
0.401554
0.990964
2.49254
1.83272
0.271074
0.360021
0.221693
0.671194
0.140452
0.259233
0.294017
0.198021
2.60309
0.580348
5.10502
1.08969
0.557684
1.89025
0.368328
0.585458
1.0368
2.10086
1.07061
1.62754
0.210128
0.811267
0.336119
0.623544
0.175885
2.18915
0.318416
2.59791
0.99895
1.09451
0.561478
0.570931
0.681039
0.327709
0.489386
0.383783
0.810774
0.716857
0.169444
1.65904
1.21671
7.1517
0.525776
0.557804
0.441024
0.196861
1.69021
2.14752
1.23856
2.09037
1.31941
2.01807
2.21327
1.17488
0.446436
2.03977
1.55439
0.828574
1.82325
2.33856
1.22048
0.60746
0.279315
0.364665
2.83449
1.82177
0.487531
1.1507
1.7829
2.19075
0.182566
1.19137
0.498296
0.562752
4.13334
1.94579
3.80046
0.803932
0.688683
1.08158
1.43382
0.515586
2.6655
0.757352
1.48943
0.191797
0.119372
1.96953
0.298043
0.987886
2.03345
1.80061
0.576484
2.03926
0.243939
1.42369
0.486482
2.14301
0.865236
2.3937
2.13877
0.709368
1.11544
1.13352
0.602923
0.246245
0.583115
0.166002
2.28659
0.586479
0.097763
0.530035
0.667612
0.21673
0.179299
2.03431
0.393355
0.314121
0.422436
0.342357
1.98629
0.424897
2.57094
1.07343
2.69275
1.85735
0.481336
1.50343
0.0890158
1.31553
0.339792
1.49647
0.632186
0.520845
1.11247
0.822287
0.230416
0.411826
2.0289
0.458784
0.182746
0.684138
1.36476
0.631668
0.757384
0.475155
0.452205
1.68951
3.09877
0.452355
1.73897
0.238129
0.181244
0.429149
1.37263
3.3347
2.4558
0.412639
1.69723
1.64648
1.48017
0.170803
0.655918
0.798271
0.652208
0.886772
0.244475
1.14505
0.917981
1.50751
0.221756
1.09789
2.73986
1.16457
2.72836
1.7801
0.618562
1.5463
0.684269
2.57155
0.511426
0.316711
2.41562
0.639026
1.63071
0.929073
0.577608
0.384447
0.383297
0.518018
0.308609
0.528475
0.543291
0.300939
1.16088
1.61859
1.88378
2.79693
1.7559
0.229858
1.60239
0.370517
3.18707
0.503762
0.488262
0.989609
1.09952
0.385015
0.647497
0.562004
0.820711
0.775691
0.276526
0.490695
1.05869
0.353883
2.61481
0.305705
0.219481
0.146411
0.266846
0.817582
0.527344
0.657247
0.612237
0.358749
1.6806
0.195403
2.05443
2.16937
1.5225
0.67026
1.34182
2.12783
0.178363
0.505377
1.45292
0.507466
2.29752
0.727153
0.982797
1.24807
0.286143
0.299073
0.32653
1.52504
2.0231
0.225409
2.53153
1.19173
1.4692
0.221242
1.93825
1.42341
0.373443
0.675789
0.459844
0.990781
1.61114
0.693364
0.168584
0.41509
1.90088
1.96978
0.400563
0.502948
0.869263
0.366184
1.94889
2.06528
1.13373
0.163323
0.837741
1.04367
0.691811
2.4883
1.30871
0.350222
0.651436
0.385268
3.7329
1.06298
0.856729
1.56434
2.44727
0.458343
1.56541
0.569159
0.496294
0.389255
0.509998
0.403876
0.918104
0.254858
3.17811
2.42006
0.865095
0.659414
2.23924
0.822239
0.163978
1.11949
0.610758
1.95814
0.959365
0.753295
1.50047
2.5867
1.5351
1.00873
1.26589
4.94187
4.19999
2.6656
0.301476
0.574161
0.215634
0.185347
0.775897
1.3207
0.19661
0.357803
3.09158
0.310062
1.33449
0.063664
0.871794
2.02356
2.95697
3.21784
0.333233
0.105087
0.821445
0.159281
2.27903
0.737762
0.542423
1.15852
0.367612
0.495748
1.65766
2.2464
0.341864
1.96099
0.434638
2.77846
0.176009
2.44738
1.18347
2.76142
0.592878
0.936432
0.278751
1.75449
0.155761
0.19667
0.565338
0.334138
0.473619
0.556535
0.684289
0.295802
0.284151
0.886301
0.644241
0.663004
1.62505
0.907438
0.757457
0.707486
2.14739
0.345462
0.189605
0.838864
0.611927
0.282449
1.05496
1.31216
0.31793
0.829287
0.561786
2.17931
1.04836
0.795149
0.529092
1.67122
0.963308
0.996813
1.6043
1.87486
0.749427
0.960571
0.275852
0.443492
2.16445
0.999424
0.614056
0.562901
0.613348
0.555561
2.31322
1.23281
2.74647
1.98619
0.296846
1.78738
5.94459
0.341744
0.1948
0.822992
0.339224
0.34298
0.522519
2.68264
0.444567
0.185248
2.86893
12.1429
3.09486
1.18467
2.41327
0.458172
0.34766
0.966193
1.56601
0.645559
0.277327
0.365368
0.612208
0.353506
1.36725
0.565815
0.40876
1.20311
0.0943399
1.05202
0.370197
3.5965
2.14334
0.903514
1.07274
0.181587
0.321722
0.979945
0.509948
2.0428
2.47457
0.770923
0.657494
0.741214
0.667971
1.13791
0.267365
0.829257
0.631197
2.58729
0.285216
1.19272
0.371652
0.628069
0.35646
1.49374
0.32573
1.80314
1.35915
0.224374
2.97732
1.79553
7.24256
4.88102
0.489423
3.47959
1.99462
0.265831
4.47359
1.39787
0.308321
0.287934
0.252377
0.467952
1.03098
1.11841
1.53588
1.98333
0.531921
0.481996
0.953896
2.75561
2.06278
1.8507
0.288481
0.278017
0.206804
0.526746
0.090765
2.01893
0.288245
0.580713
1.65343
0.845648
3.14627
2.48559
1.22068
2.08208
1.16209
1.22494
0.988712
1.68494
0.192753
0.53415
0.830861
1.07962
1.0081
3.56475
0.644755
2.10396
1.58086
1.32276
2.02019
1.50818
0.387465
0.433199
0.405654
1.09382
0.326154
0.580232
1.13069
0.97935
1.20189
1.8515
0.220928
0.958815
2.80636
0.431817
0.367252
1.81787
1.75103
2.30534
0.304042
0.587053
2.05873
0.582549
1.75334
0.482867
0.854651
0.23428
0.455452
1.20525
0.351664
1.10135
0.734469
0.486704
1.03194
1.13369
0.423363
0.530972
2.75209
0.972311
2.91225
0.454572
1.11221
2.83061
0.499059
1.90546
0.319553
0.659063
1.29036
0.145904
2.14999
0.675936
0.526289
0.478163
0.410041
1.06608
2.63197
0.154968
0.296095
0.727692
0.211608
0.702991
2.32861
0.71394
0.735975
1.40313
1.26225
1.22441
2.65961
0.454713
1.47212
0.369916
1.57818
0.548948
1.20351
0.122876
1.03199
0.689264
0.167401
0.608087
0.110415
2.23339
0.696044
2.03106
13.7466
2.51574
0.504702
0.402494
0.202982
0.375194
0.921318
0.33924
0.228125
0.89772
1.71315
1.35218
3.23205
0.53386
0.258953
0.542974
0.557705
0.757732
0.472019
1.55546
0.37802
0.811952
0.823155
1.73682
0.369511
0.664373
0.44448
0.382125
0.180013
0.707014
0.651106
0.68201
0.525212
2.1036
0.742465
1.26143
0.309441
0.395559
0.631995
0.386649
0.505514
0.990888
1.24322
0.379167
1.13612
0.379073
1.20646
0.598968
2.63102
0.930579
0.131664
2.30451
5.40079
0.838857
1.17098
1.71915
1.46722
0.454387
0.233328
1.36195
0.538481
1.46143
1.74736
0.541866
2.48055
0.647761
0.663131
0.242184
0.145417
0.314544
1.12468
0.973102
2.13707
0.414079
2.9652
1.44551
0.35941
1.31869
0.383624
2.43944
1.44583
0.285699
0.684777
1.14783
1.21372
0.908408
0.578001
1.15655
0.344085
2.43435
0.653467
1.54387
2.1931
0.607199
0.388325
1.06959
0.309264
0.337363
1.54849
0.317521
0.602352
0.816429
2.27071
1.10277
0.6451
0.524706
0.867202
2.09037
0.566916
0.356654
1.25677
2.43044
0.608653
1.46062
0.806217
1.37328
0.454673
0.443487
1.37075
0.465702
0.792701
2.5589
0.863641
3.0627
0.23297
0.737279
1.80206
0.580546
0.373888
0.600897
0.0969217
0.257581
0.240879
0.503242
1.28208
0.979613
1.07938
1.44808
0.529996
1.74467
0.329388
1.38409
0.867106
0.432793
0.118319
0.217235
0.328499
1.22645
2.79601
1.24414
0.581877
1.73605
0.37156
2.42689
0.388727
0.574726
5.79691
0.649302
0.900694
0.238797
4.50505
0.417953
2.27931
1.71652
2.80323
2.59558
0.317079
1.30483
0.225564
0.592087
0.440188
0.280994
0.269022
0.581858
0.479853
2.32304
0.232596
0.455337
0.342278
1.31186
0.940791
1.39635
0.376147
0.281305
0.518449
0.681737
1.37409
0.371736
1.18107
0.396867
1.65541
1.11551
0.735578
2.08239
1.91348
0.900456
0.324368
0.149889
1.65703
0.275363
0.516122
1.26417
2.13575
0.805205
0.767494
2.62182
0.621393
0.924755
1.51202
0.680306
3.79516
1.51644
0.543605
0.6041
1.54674
2.8849
0.404901
0.490848
2.03858
0.799201
1.62944
3.13434
0.172763
1.89449
2.17243
1.50937
1.63267
0.527353
1.76407
1.2941
1.57282
0.776384
0.327775
0.179328
0.230691
0.242879
0.182776
1.86511
1.46371
1.85002
1.85715
0.585503
0.610246
0.477907
0.683109
1.62591
1.04852
1.57258
2.082
0.513387
0.427823
1.91041
0.440668
0.203261
1.54721
0.980643
2.05679
0.190777
0.367621
0.242554
1.85109
2.12787
1.7775
0.432363
0.921586
0.721815
0.55565
1.12076
0.867568
1.13419
0.447304
1.36531
2.08416
0.720911
1.04784
1.18174
1.49535
0.381049
2.45441
1.19656
1.17663
2.91
0.390583
0.899394
0.669915
0.360625
1.28049
1.95398
2.15214
1.07721
0.24562
1.69007
2.3886
0.265724
0.864173
1.48833
1.27866
4.53575
0.364731
1.26694
0.867466
0.355693
1.15758
2.00576
0.15826
1.64769
0.706079
0.87158
0.709176
0.76591
2.33041
1.90996
1.7193
0.671305
0.274423
0.853809
0.498902
0.335103
0.436897
2.43338
0.315068
2.90574
1.1289
1.22675
2.0363
4.4272
1.07418
0.4418
0.234631
6.79928
0.325929
0.328381
2.08782
0.223466
0.177117
0.934152
2.28728
4.38928
0.757554
1.95887
1.48043
0.230275
0.859122
0.784326
0.62227
3.36197
2.18327
0.609257
0.259524
0.163695
0.427411
0.868527
1.17371
1.186
1.65102
0.265461
0.270148
0.212034
0.485609
0.460849
2.13067
0.414666
1.09785
0.471118
1.23968
1.22775
2.5272
2.06578
0.79089
0.722018
0.346906
2.62057
0.272575
0.651936
0.228578
0.287686
1.43705
0.698003
1.95852
0.825129
1.5106
0.385209
1.85619
0.230345
0.48052
1.57314
0.349312
0.731549
0.564954
0.569941
1.7717
0.280942
1.67796
0.699584
0.119891
1.12565
1.74425
0.483677
0.417436
0.605924
1.00385
0.081858
0.207202
1.88704
1.88469
1.87185
0.728601
1.35383
2.42309
0.541021
0.745838
1.3573
1.81431
0.293502
1.82174
0.3418
0.402075
1.53789
0.103752
1.23303
3.04856
0.386356
0.966781
0.361491
1.64206
0.331712
0.434616
0.435913
0.32994
0.912399
1.41348
0.246964
0.661988
0.48399
0.668854
0.420071
0.560848
0.724185
0.610894
1.18674
0.889332
1.66812
2.18727
1.49204
0.404536
0.545346
0.593814
0.268139
0.48579
0.711921
1.08103
0.45781
1.27544
0.878359
0.451387
0.0517656
1.25354
1.94283
0.472971
2.20521
2.02242
1.42023
0.330662
0.318742
2.1967
0.439909
0.409472
0.250862
0.608109
1.48999
1.84581
0.198997
1.77715
0.424232
1.19699
0.542896
0.802688
0.407923
1.73606
0.131383
0.489046
0.227628
0.388591
0.42814
1.24855
0.356781
0.363031
11.3759
0.391722
2.71477
0.414462
0.268958
0.818516
4.62156
2.57348
2.03082
0.400659
3.03049
0.662869
0.286418
0.654274
0.251225
0.486378
1.11491
0.239667
4.67858
0.829881
0.269867
1.59586
0.254162
1.20108
0.301086
0.292757
0.565722
0.229022
1.78134
0.695416
0.730951
0.566946
6.04693
2.07773
0.234653
1.901
1.87524
2.13269
0.740809
1.03247
1.96724
0.195229
1.17337
2.35223
0.680724
0.62591
0.408151
1.6109
0.132874
0.413898
0.798342
0.294577
0.534074
2.29362
0.778722
3.11905
1.06203
0.326186
0.809949
0.845226
0.900694
1.21737
3.21612
1.11232
1.68851
1.48947
0.681636
0.408347
0.458492
1.86021
0.402719
0.427547
1.03672
3.85169
12.8983
1.96399
0.550698
0.32072
0.398621
2.78716
1.14833
0.282981
0.899102
2.42434
0.375554
0.710209
0.126695
1.09215
1.19862
2.26001
0.635245
2.62496
0.825678
0.678036
2.24719
1.86764
0.609331
0.442895
0.094043
1.14536
0.570981
0.926716
0.248932
1.50202
2.44819
0.369375
0.5263
0.301765
3.11556
1.02226
1.27242
1.74867
0.686817
1.1925
0.500964
0.316035
2.19322
1.16149
0.729319
0.312468
2.15865
1.99415
1.13171
0.372266
0.543754
0.303807
1.89362
0.802693
1.52791
0.40324
0.524328
1.90398
0.838091
0.954222
1.03571
3.15015
0.376951
1.59995
0.32494
0.0921251
2.46362
0.190533
2.56279
3.31399
0.563009
0.29938
0.386903
2.1288
3.32186
0.902128
0.84124
0.947995
0.0376364
0.608278
0.772881
0.4083
2.24488
0.54096
1.16997
2.88454
0.331654
0.24444
0.366563
1.90386
0.553922
0.96715
0.290771
1.20634
1.09191
0.617439
2.82591
0.506144
0.75106
2.49043
0.375491
1.76254
0.505606
0.466968
2.28018
0.180685
0.414425
1.97998
1.37447
1.40678
1.34584
2.58752
0.384343
2.15134
0.41779
0.538182
1.66632
0.377895
0.203614
0.488319
0.72751
0.352459
1.14046
0.858393
2.60266
0.91404
0.325715
0.197325
1.71737
4.76761
0.175263
1.38618
2.55048
0.314344
2.59235
0.542311
0.34251
0.485732
1.51219
0.435415
2.37597
0.422044
0.281403
0.97951
0.316474
0.123993
0.403745
0.364304
0.543353
1.87873
0.381442
1.95183
0.682071
1.75039
0.579995
2.88733
0.503005
0.314727
0.882349
2.40349
0.69709
0.285909
2.27987
0.506252
0.217192
0.698036
0.798122
0.583955
2.41114
1.48117
1.31552
1.16999
0.892781
0.538257
0.338555
2.59376
0.826299
0.745586
0.60972
2.02756
1.36797
0.40123
0.405803
0.346825
0.227413
2.00579
0.146138
0.811573
1.46718
0.429556
0.245772
0.878013
1.70184
1.83447
1.15546
1.70015
0.359517
1.65724
1.63466
0.241392
1.77914
0.635776
0.249909
2.48098
0.159602
2.96037
0.355906
2.17983
0.449337
3.43851
0.385618
0.522215
0.786517
1.04128
0.397113
0.501066
0.258591
0.259399
1.05323
1.11275
1.08819
0.582158
1.61853
0.808962
0.561837
0.834829
0.276308
2.49583
0.951304
2.16759
0.895975
1.1277
0.540223
0.483149
0.847424
0.770964
0.572381
0.185241
0.24264
0.654443
2.15949
0.649045
1.03734
0.450575
0.327788
1.14938
1.91949
0.448973
0.186423
2.49101
0.263379
1.39868
3.53507
1.80703
2.18668
0.734682
1.67327
0.280392
2.41382
0.951274
0.888938
0.580777
1.7036
0.830534
2.24027
0.401472
1.00838
2.09115
0.356513
1.58165
0.744801
3.03671
0.304343
0.85406
0.204875
0.304541
0.229062
0.954246
0.835396
1.85635
0.633953
0.321777
0.569552
0.251755
0.64168
0.574784
0.639156
0.512514
0.06071
2.9147
0.947418
0.182153
0.229202
0.81429
0.741138
2.03779
0.317237
0.260406
0.441109
1.87122
2.43297
2.15816
0.607421
0.895761
0.707116
3.34677
1.37841
0.698062
1.0048
1.73127
0.815698
0.0745141
1.27048
2.10235
1.29154
0.827777
0.142543
0.392919
2.0027
0.543337
0.840876
0.611817
0.476392
0.391593
0.873215
0.360812
1.83917
0.484485
8.77683
0.375994
0.152286
1.76529
0.976623
1.79614
0.266807
0.234006
0.213229
2.16492
1.80192
0.419875
0.247436
1.50153
0.323857
0.31209
0.41905
1.04365
0.743381
0.208428
0.820484
0.241597
2.43206
1.34128
0.254527
1.7443
1.3081
0.388942
0.357209
0.0958118
0.531532
0.36052
0.54573
0.88064
2.96189
2.86221
1.23795
2.60605
0.840997
0.395538
11.0795
1.51947
3.04123
2.60859
2.38306
0.657354
1.50207
0.465837
0.304893
1.83706
0.292176
0.600686
0.507912
0.8334
0.272563
1.28119
1.86673
1.73434
0.444835
0.713473
3.2756
0.113197
0.793332
0.319892
0.115111
0.726556
3.35767
0.472165
0.755491
0.581403
0.734681
0.337286
1.98471
0.379674
0.398597
0.211882
2.14244
0.380982
1.76698
0.579915
1.11135
0.136852
0.105841
1.34395
0.438106
1.72519
1.4516
1.92931
0.345732
1.32063
0.598123
0.32963
0.211281
0.870753
2.04688
0.353173
2.03165
2.40015
1.29787
1.99888
0.329557
0.535343
0.168482
0.224503
0.370104
0.308993
0.529568
0.63005
0.527231
1.91284
0.46963
5.65316
0.229304
0.206306
2.55335
0.441659
8.43678
3.97012
0.398495
1.04542
0.281006
2.43852
1.94609
0.419165
0.458078
1.57941
5.9549
0.531256
1.68374
0.420992
0.661608
1.60443
0.390979
0.211902
2.13253
0.858697
1.02856
1.13736
2.34718
0.251944
0.157565
1.17223
1.07603
0.485707
0.281264
1.22795
0.332986
1.98604
0.1461
0.240444
0.494243
7.80316
0.309403
0.645498
0.816998
0.966224
2.01832
0.753692
0.509676
0.278258
2.98081
0.464467
0.483292
1.40786
2.83044
0.246904
0.948624
1.77434
0.551618
1.34103
0.526995
0.60127
0.674705
1.74474
1.68535
0.405537
0.874392
0.544504
1.61494
1.89787
0.42045
0.731778
1.17249
0.298114
1.73614
0.667986
0.168737
0.459536
0.36451
2.18861
1.65224
0.507414
1.65001
0.570076
0.335272
0.381763
0.717645
1.7868
1.61082
3.08822
0.762345
1.89023
1.29854
0.520263
0.625414
0.322406
1.02496
4.44975
1.37782
0.193701
1.63457
2.08218
0.716836
0.377243
0.847275
1.74101
0.549368
0.453267
0.28394
0.908923
2.09785
0.210614
0.737409
0.373596
1.11252
3.99157
0.572994
1.72244
0.526347
0.593173
1.70298
0.951842
1.23312
2.73626
0.792404
3.51363
1.25546
1.00083
1.41732
0.505315
0.333844
0.27465
2.85507
7.80367
0.847643
0.342742
1.00843
1.04507
2.61975
0.218728
1.61606
0.554713
0.486039
0.461378
0.338284
1.02837
0.314839
0.900183
0.917725
0.29616
1.01396
0.448255
2.36224
0.49618
0.346521
1.21164
0.218781
0.480558
1.5643
0.231032
0.154338
0.884443
1.24559
0.128786
2.28223
0.785009
1.50585
2.09118
0.2942
1.31665
0.384084
0.565085
1.59242
1.87883
0.33752
3.8509
0.174603
2.62207
1.21883
1.34526
0.29507
0.54301
0.428759
0.170102
0.75457
0.640723
2.19111
0.590876
0.83355
1.34094
0.657629
0.338571
0.598578
1.73968
1.23654
0.462444
1.90629
0.315275
0.817832
1.04708
1.31341
0.321714
1.70964
1.69648
0.177177
1.02859
1.59464
1.68059
0.357799
0.518532
3.24029
0.450258
1.44048
0.601178
1.46534
0.153101
2.02355
6.50184
0.302693
2.39724
0.398474
0.402659
0.214675
1.55464
1.06976
6.77967
0.490013
0.895566
0.35222
0.376238
0.178242
0.351056
2.25005
0.55839
3.57997
2.01834
0.332922
3.51123
0.164643
0.809541
0.513646
3.45907
2.6989
1.2737
0.401415
0.642895
0.494642
1.23302
3.12442
1.14503
1.22248
2.34956
0.792501
1.50071
0.561078
0.447752
2.01652
2.20716
0.258006
0.588786
0.622797
1.45726
0.622532
1.16776
2.7755
0.0812697
1.23087
0.379979
0.718276
1.25194
0.351679
1.75951
1.62183
2.1472
1.79979
0.776474
0.151572
2.2945
0.234825
3.41257
2.34937
0.283709
2.05923
2.36173
10.3635
1.87606
1.35864
1.58922
1.04993
0.231295
1.64035
1.11687
1.55511
0.383808
2.16133
0.471894
0.610054
1.04051
2.22419
2.24447
1.31441
0.425576
0.142575
0.473052
2.00908
0.560724
0.468002
1.33081
1.05125
1.52512
0.832938
0.307068
0.27923
1.47276
0.759239
0.670471
0.751876
0.395831
0.578851
2.30714
0.520216
0.916598
1.198
1.37572
0.231509
0.454941
0.378831
0.671785
0.140614
1.26489
1.64427
0.556018
0.898615
0.594624
0.189482
0.24262
0.237055
0.516711
4.07497
0.322914
9.06611
0.165713
1.61829
0.677097
0.533861
1.56461
2.69674
0.81863
0.392333
0.598381
2.67901
0.657568
1.2797
1.12067
0.442534
1.56485
0.14157
0.219127
0.36114
0.348942
2.32731
0.456558
0.340367
1.452
1.3288
0.182054
4.37608
1.42763
0.152716
2.84842
2.42474
0.671965
0.557111
1.07243
1.39706
1.69594
0.625455
0.108177
2.00381
1.36929
0.581491
0.557256
0.277971
1.31586
2.55095
2.00714
3.13336
0.307395
2.13309
7.46459
1.97542
1.9294
1.25714
1.0912
2.21545
1.19679
0.60416
0.525842
0.370632
2.58784
0.336674
0.763634
0.858433
1.46178
2.29349
1.97661
1.04335
1.14721
0.253599
0.361616
0.222232
1.60823
0.460932
0.885095
1.75775
1.69803
2.65857
0.650941
0.785716
3.31909
0.366452
0.229701
0.891662
0.867215
3.18398
1.80415
0.525571
1.31096
0.737926
0.0709439
1.49305
0.176615
1.93024
0.493587
0.26133
0.642177
0.722028
1.22609
0.773331
2.45444
1.59074
1.95813
0.913022
1.49568
0.631529
0.808312
1.47331
0.414567
0.721388
2.1076
0.289409
1.33239
0.579522
2.05356
1.66021
1.82937
1.71508
0.436335
1.21333
1.74574
0.36002
0.606688
0.344955
0.148227
2.45448
0.830076
1.9459
4.1236
0.603848
1.47738
2.33423
0.342126
0.495146
1.01967
0.925192
2.93159
0.461339
0.266637
1.12174
0.179452
0.997913
0.992313
1.67661
0.45852
0.486817
0.554557
0.788792
1.13826
2.00703
1.23798
0.221246
2.94775
0.226045
0.268623
0.362254
1.15026
1.10023
0.555507
0.263661
0.581173
2.10007
0.202055
0.476724
3.57259
0.990857
0.244695
0.461137
2.36833
0.343684
4.56493
0.273755
1.11186
3.08957
7.4815
2.01623
0.250666
1.21374
2.01711
2.29517
1.17031
1.75175
0.238775
2.51821
1.22813
0.33168
2.01546
0.429133
2.75742
2.55601
0.936253
2.53699
1.35095
0.261609
1.52151
2.23446
0.671281
6.08393
0.901533
1.47781
0.279322
3.84895
0.253045
0.492204
1.9404
3.01483
2.27834
0.306247
1.90743
0.912948
1.21886
0.662764
2.23162
1.02724
1.07302
1.08788
0.632755
1.17427
1.07224
0.789376
1.22397
0.547453
0.622085
2.41145
0.297584
0.611294
2.6241
2.42591
1.05794
0.28087
0.163881
0.844671
0.292419
1.53935
0.223508
1.35606
1.60369
1.25401
0.243309
2.41887
2.11731
0.333378
0.198427
0.823419
1.17997
0.220127
1.70019
2.37717
1.55822
2.91367
1.5316
1.23057
1.45849
1.18281
1.62104
1.03921
2.60207
0.156286
0.808221
1.88822
0.259216
2.64043
0.18111
1.49544
1.44535
1.76558
0.405164
0.336536
1.54403
0.926604
1.16164
0.452996
0.394937
2.22225
1.34889
2.07418
0.765953
0.599194
1.8425
0.16703
3.26037
2.85072
0.397868
1.01283
1.41913
1.65351
2.43306
2.14297
2.17087
1.53847
0.598906
1.63671
0.260371
0.315787
1.35609
0.337807
0.73093
0.307825
0.314448
1.5938
0.434983
3.07248
1.23878
0.857773
0.436247
0.863369
1.60589
2.4976
1.07825
0.253487
0.355107
0.552946
0.766181
0.619317
3.07213
0.63715
0.491771
0.399689
0.531941
0.328537
0.62191
0.077702
1.45143
0.454557
1.28291
0.369579
2.70948
0.188903
2.41518
2.36897
0.260433
1.18097
2.01593
2.81631
2.8283
0.267471
3.67686
0.447319
0.184462
2.98648
2.08999
2.35072
2.43305
0.238913
3.00861
0.30688
0.31768
1.13444
0.746522
0.332515
0.741682
1.37712
0.48708
0.700675
0.422652
0.322846
0.655213
1.58237
0.355656
1.26862
0.551218
1.00866
0.755781
0.504765
0.506341
4.17065
1.46294
1.24035
2.44126
0.295984
1.44204
0.273807
0.662007
0.175642
0.785826
2.55306
0.334372
0.201303
1.04871
0.773506
0.332011
2.41241
0.72023
1.75757
0.54049
0.227931
1.05306
0.307966
0.248667
1.0041
0.347665
0.724445
1.75892
0.340667
1.64811
0.699118
0.500401
0.350858
2.18716
0.686307
0.241907
0.530592
0.764142
1.43142
0.402449
0.209241
0.372222
0.843675
0.911202
0.457955
1.41128
0.588232
1.96463
0.437908
2.93053
1.37879
1.36024
2.00465
1.04855
0.383993
0.199443
0.350641
1.6991
1.96003
0.708588
4.73758
0.194604
0.224838
0.832748
0.819139
0.181808
4.58145
1.71732
0.698278
0.456141
2.48085
1.97457
0.276448
1.44316
0.411232
2.74642
0.765088
0.759876
1.47695
0.36153
2.52233
0.488049
0.619101
0.678966
0.935455
0.091409
1.4541
0.6725
1.58828
0.255467
0.392237
2.08703
2.28886
0.805058
0.33362
2.20085
0.665488
1.10857
0.287135
0.189491
0.319405
2.32029
0.206132
2.43783
0.158496
0.392416
1.51683
1.58594
0.979744
3.84421
0.220549
0.389919
1.20056
1.98531
0.895934
1.36909
1.76854
0.494917
0.304101
1.15887
1.29228
0.23808
0.182214
0.948485
0.853452
1.01809
1.93938
0.29194
0.397123
0.255598
0.579922
6.45882
1.00517
0.820535
0.577449
0.954953
1.23823
1.05041
0.169128
1.71183
1.36082
1.89251
0.969605
0.77482
3.36039
0.259893
0.538787
1.15183
0.766814
0.324294
1.00871
0.681118
2.39719
3.55652
0.476283
0.518504
0.263654
0.954492
1.46966
0.240728
1.24779
1.36114
1.56737
1.12
0.457126
0.232955
1.30926
2.26373
4.07141
1.04261
11.1534
1.32636
1.16257
4.38609
1.2217
0.6406
0.282923
2.17786
1.66174
1.48872
0.518255
0.484914
1.11797
0.40428
2.15508
0.621605
1.20719
0.683816
0.660034
0.23958
4.42177
0.932517
0.445228
0.352754
0.797887
2.05153
0.412808
2.25253
3.95528
0.319026
1.49765
0.847361
0.85443
0.988998
1.0297
1.65803
0.830274
1.79752
2.94434
0.325764
0.712461
2.0536
1.65669
0.933221
0.68311
0.0961226
0.353315
1.03719
1.12109
2.19372
1.09714
1.40692
0.35952
0.29544
0.266205
0.840311
0.104265
0.391291
2.17225
1.12488
0.754198
1.63854
0.340235
2.22241
0.571025
1.86781
0.283277
1.22528
0.619089
2.80133
1.3132
2.05979
1.80702
3.22484
1.49808
0.210564
1.83615
0.657481
0.269041
1.27775
2.43376
0.354541
2.05937
2.47828
6.46776
0.396
0.579045
2.26867
0.750622
2.68068
0.992549
0.503331
0.374906
1.23757
0.686379
2.1886
0.295509
0.795954
0.782962
0.293938
1.7648
1.39094
0.378754
0.30599
0.615535
0.842079
0.454311
1.69167
0.93499
0.936255
1.57837
0.642894
0.61116
2.64831
0.193048
0.25019
0.773304
0.736278
0.186272
1.32187
1.5987
2.17194
0.417828
0.911223
0.221082
1.82994
2.19085
0.815441
0.380852
0.196601
2.77796
0.218215
0.293218
3.88012
0.720467
2.23283
1.62279
0.795456
0.763107
0.280286
2.32527
0.217129
0.455086
1.57437
0.50871
0.779158
0.228973
3.03883
1.1536
1.22949
0.940592
0.608585
1.08086
1.54901
0.611737
1.0151
0.548861
3.14887
2.47083
0.375166
4.16526
0.936055
0.0894208
1.23698
0.211394
0.661758
0.425929
2.54883
0.599879
6.32111
5.68179
0.458145
0.527968
1.63937
0.344132
0.413906
2.3966
0.779718
0.533337
2.72563
0.838495
1.27055
0.405795
0.661661
0.62746
0.871922
0.441
0.585077
2.20294
0.236954
1.03571
0.113552
2.08305
1.79997
0.335048
0.614442
0.613263
0.509759
0.68404
1.85648
0.368324
0.546328
1.12263
1.99176
3.42578
0.53816
0.424564
0.854393
0.261423
0.225586
0.411359
1.52645
0.198786
2.04596
2.10744
0.376782
0.120418
0.513417
1.82289
1.48538
0.186694
0.3524
0.374528
0.238228
0.841969
0.761181
1.03372
1.74846
0.404382
3.24325
0.903757
0.585103
0.49649
0.413002
1.46755
0.527971
0.482029
0.190385
0.299055
1.92738
0.657149
1.09171
1.52564
0.291165
1.32672
1.62206
0.311412
3.55002
0.243216
4.02509
0.489098
0.11239
1.57383
0.611136
0.543085
2.04515
0.431482
0.885642
3.53596
0.298163
2.06341
3.15445
4.99657
0.248249
0.20749
0.439739
0.116508
2.97436
0.450192
1.15736
0.85383
1.19479
0.53741
0.337762
2.40532
1.85342
0.806711
0.693857
0.144029
0.277543
1.43269
0.552314
1.05017
1.66598
0.697385
0.477853
0.181001
0.709124
0.443929
0.317255
1.50177
2.39811
0.829573
3.40463
1.23103
0.565487
0.642054
1.76952
1.10934
0.463518
0.676757
2.8495
0.301027
0.201917
1.30754
0.924716
0.807875
0.346942
0.660718
0.996885
0.802711
0.38045
1.62555
2.7497
1.23131
1.61167
0.432826
0.377306
0.873781
1.93227
0.322834
6.27841
0.50523
0.124484
0.718014
0.552054
0.277904
1.15695
0.404039
0.96662
0.645636
0.2897
0.410848
1.38344
0.312397
0.197146
0.453755
0.447183
6.56175
0.889637
1.35642
1.34209
3.23079
0.259688
2.06525
1.28132
1.18766
0.685901
0.149886
1.09935
0.354644
0.249049
1.25494
2.09023
2.22877
0.975161
0.538141
1.69868
0.775382
1.59987
0.407105
0.0727124
0.292118
0.387753
1.89335
0.696567
0.983323
0.566246
0.455165
0.494959
0.589029
0.293329
0.274382
0.652168
0.48864
1.39054
1.5651
0.937705
1.18749
0.667919
4.94585
0.162524
0.697258
0.115568
0.326535
0.908013
3.15213
4.15294
0.69824
1.85056
0.507721
0.862047
0.69367
0.0975636
0.899236
0.606232
0.958285
1.02543
6.0788
1.02362
0.346129
0.486929
1.59601
0.489184
1.69962
0.103923
0.859309
2.14772
0.378074
0.580304
0.34402
3.20836
2.35191
2.22383
0.726239
0.399395
0.495172
1.59693
0.653197
1.02613
0.473569
1.06288
1.92674
2.03147
0.325815
4.07269
0.156503
1.27253
0.784042
2.70151
0.266452
2.11986
0.319985
0.630523
0.422208
2.58039
0.231404
1.03807
0.988647
0.420846
2.00888
2.01625
0.79125
0.771535
0.308132
1.80963
0.560141
1.57066
0.757888
0.616587
2.04383
0.762479
1.81396
2.63192
2.23057
0.224732
0.581189
1.09682
0.828342
2.25021
1.08844
0.455018
0.313838
0.861794
1.58611
0.258097
0.507761
6.42138
1.83436
0.602034
0.499352
0.413366
0.700647
0.853899
1.02929
0.239298
0.125104
0.944947
0.224863
0.341662
0.896727
1.07853
1.55105
0.821114
0.690003
0.29231
0.607401
0.703799
0.405734
0.573781
0.853199
0.344122
0.0946912
1.36624
0.345074
0.421779
0.505255
0.959025
0.951852
0.901657
0.274054
2.72202
0.758636
1.33032
0.596636
0.481913
4.02369
0.155597
2.88286
0.609796
2.42305
2.34843
1.53909
0.220799
1.25049
0.336679
0.193702
0.741586
2.1863
0.255321
0.767333
2.23482
0.596589
1.19504
0.727301
0.171413
0.673545
0.254664
0.924693
1.32776
0.202369
3.70616
1.15242
0.405547
0.711355
0.345256
0.381121
1.49769
0.272715
0.333488
0.707942
6.46602
0.96278
0.486455
1.95948
0.0954938
2.94819
0.518552
1.41698
1.34532
0.0721043
1.61418
3.21162
1.1854
3.52853
2.86858
0.297416
0.55703
1.18806
0.279836
0.779742
0.689207
1.88373
0.267997
1.28397
0.57509
0.299239
1.31778
0.561344
0.353435
0.324473
1.62939
0.462772
0.830845
4.57868
2.07572
2.01894
0.577171
0.537484
0.180047
0.77126
1.33253
4.35912
0.437637
0.124242
0.681621
1.96193
2.27295
1.96488
0.243673
1.62612
0.627811
0.723076
0.136374
2.69055
0.27476
0.31856
0.211535
0.427312
2.19124
0.781069
0.380777
1.62833
1.32678
0.181682
0.165032
0.602047
0.402594
1.23047
0.341106
0.117067
1.86698
2.15654
11.1417
1.81715
1.01484
0.560796
1.23935
0.784321
0.643683
0.587312
2.12469
6.1158
1.71067
0.198611
0.344178
0.772396
5.69317
0.678939
0.332933
0.304635
0.532385
6.85282
2.07413
0.331171
2.63758
0.181941
1.9139
8.68257
1.88947
2.26471
1.18876
2.14243
1.72002
2.70051
0.170413
0.245929
0.7603
1.128
0.201602
0.706503
2.00089
0.266759
0.781093
1.07286
0.220347
0.391992
0.270178
1.59358
1.2254
0.462492
0.259521
0.278088
0.773504
0.231057
2.46321
3.4876
0.755829
2.2107
0.446641
0.739767
1.24409
2.85901
0.493506
1.5884
0.598161
