3.80809
3.5735
8.78939
1.81301
0.889226
1.56755
2.71871
0.946325
2.91301
2.92441
5.56976
3.0901
4.68209
1.00251
7.74904
1.9789
2.74757
1.05083
4.67837
5.70939
0.6573
0.565505
5.5791
2.67751
1.38032
1.12554
8.3382
3.3718
2.03574
4.26458
2.17388
3.11316
1.01784
8.01437
7.55403
3.56589
7.93022
6.05901
3.20894
3.8108
2.55169
2.49965
3.10847
2.78435
4.43947
3.96394
4.36405
0.746335
2.95551
9.24586
1.07178
6.68825
4.1068
3.20123
2.99393
2.3505
4.58902
8.95157
3.66896
2.77286
3.60516
3.60923
3.34714
1.95397
4.09008
4.2248
4.0102
4.35886
1.95577
2.28966
6.34506
0.88251
5.82013
2.25751
1.89047
0.878032
4.80432
2.68799
6.59548
9.09434
4.51427
3.34511
2.30688
2.75071
4.49757
1.16081
1.14737
1.26734
0.927049
3.38481
3.30661
3.00862
4.55131
0.881172
9.33672
1.54467
2.55558
3.61823
3.83607
9.30037
2.01037
1.88839
1.7799
9.19135
5.66816
7.56113
3.19411
2.34975
1.03319
2.77658
2.24957
3.09749
1.76428
2.82087
2.13243
2.29235
4.52716
5.79606
3.04405
1.83519
2.6217
0.399021
4.00786
2.37106
1.05271
1.26032
4.47871
14.7641
3.82947
4.8338
1.3794
3.39921
3.28304
6.69512
6.07349
2.43384
7.96688
1.40301
0.454398
3.12634
3.63431
1.91688
1.67828
4.63807
2.53177
9.34062
8.60546
4.84088
3.6061
2.94716
1.7327
12.472
2.02528
1.4314
4.14719
1.52054
2.24621
1.53166
2.96713
1.07167
4.69775
4.29268
8.71265
5.41894
1.28904
2.71419
5.59629
1.5395
1.36731
1.56837
2.73126
10.2561
2.57926
1.52124
8.35774
2.86548
13.9584
7.07577
6.90786
1.82435
1.71286
0.449038
2.50717
7.13619
3.63738
0.940354
2.0435
3.5396
1.98367
1.07129
2.46577
2.50588
2.37639
4.14156
6.22441
1.09152
8.53399
1.79689
4.26052
2.2269
6.77549
1.46187
2.46104
5.10615
6.10342
1.81433
4.27897
2.21826
4.88666
11.1365
2.85702
1.91497
2.64363
1.86525
3.13717
4.10324
3.59006
7.21002
1.55486
5.97489
12.8726
2.58445
4.63109
3.78779
1.93173
2.91441
0.504483
1.91392
7.7427
3.16908
1.0901
12.3173
2.3046
5.29396
3.3353
1.12082
0.984814
3.98308
1.65611
6.17135
2.67733
2.78296
1.83255
2.41797
4.3214
4.38239
2.63223
1.06526
0.468269
0.824897
5.30615
0.94499
1.90229
4.61384
3.31831
7.20997
2.89891
1.42639
7.30453
1.39576
5.19154
5.97942
5.61227
1.66777
1.21503
3.55341
2.08349
3.58591
11.7518
7.97409
3.64265
3.8484
9.58482
5.88884
2.51544
1.43251
2.52418
4.59979
5.92953
7.95288
9.35173
2.64139
1.39429
2.12643
2.21111
11.0192
2.22044
4.40174
5.34296
6.53604
2.77352
2.33847
6.28798
2.54422
3.91195
1.11328
4.90996
4.00373
2.7842
1.1817
3.45582
11.0464
6.32768
2.85812
0.909257
1.42067
3.69969
4.22651
3.70114
2.60071
2.58685
4.26712
2.8482
6.62724
1.599
1.26614
3.63185
1.83772
3.89318
4.12366
3.93053
10.4873
2.405
5.07553
5.41209
3.8577
11.887
8.83305
1.81395
2.37019
2.25621
1.01656
1.47532
1.96086
1.51299
6.30001
12.6087
1.76479
1.74091
3.02848
5.32408
10.2019
5.32505
4.61825
2.27393
2.73392
0.993424
4.1055
2.69671
3.47868
4.22113
1.53342
0.161762
2.4748
4.07377
2.44894
0.735263
4.17873
2.22467
1.83813
2.17765
2.83841
7.71404
1.85274
5.12563
4.09899
4.27649
2.30599
4.08041
1.7598
3.47596
3.01265
1.76827
3.8746
3.56033
4.79528
3.36343
2.06356
2.2066
2.80517
3.51996
5.49344
9.93819
0.765402
3.3815
5.39765
4.66148
1.00871
2.53089
9.06145
2.01043
5.35919
3.08596
4.20408
1.84416
3.4623
1.12782
2.15292
1.8677
4.02089
5.91439
2.51938
9.18261
1.25879
2.22729
7.34903
2.85097
7.63624
0.994922
5.16627
1.48094
2.81923
8.54341
1.50468
7.76194
2.70287
2.38811
5.31816
1.51604
2.09268
5.53619
1.1934
1.86385
7.52995
13.5549
2.78536
4.49284
1.48445
1.62257
2.85377
5.13594
1.0566
2.59624
4.33208
1.88926
3.36863
10.9764
6.44858
1.09284
12.2862
1.06714
3.64075
1.26552
0.76217
1.89939
3.62518
1.359
3.76949
3.74837
1.49772
3.91599
1.7183
3.91517
5.39991
2.39149
3.7116
3.07739
0.752549
10.3407
3.64024
9.23568
3.17628
1.39662
1.31066
2.56747
5.00732
2.04276
1.31533
4.75197
6.68563
2.25087
3.27588
2.77921
14.9087
5.35846
2.41564
2.01566
3.27606
5.31189
0.799646
1.75122
4.38307
6.12664
5.7555
5.03417
4.58203
7.04196
4.03688
5.73918
5.99948
3.58624
4.68582
1.98951
1.83423
9.06236
6.06245
5.10799
5.09061
1.52368
2.0942
5.09501
2.22524
4.11037
4.84924
3.40326
2.14493
6.31398
0.824354
1.57716
4.52125
12.263
2.89214
2.2254
10.9182
4.03167
1.66301
1.20841
1.38643
1.81225
10.8114
2.85078
1.49482
6.41189
6.63981
1.90104
1.19869
3.25557
4.11036
2.79859
2.81726
1.43384
3.26719
0.679678
7.86556
10.8399
11.4381
5.8964
2.33725
2.45257
1.12859
0.802776
5.59323
1.47431
1.00047
1.47767
1.86058
2.45727
3.14973
4.0706
6.07419
3.72368
3.21139
2.3429
1.97384
1.96874
6.98754
6.31856
3.26151
10.0003
2.22045
5.984
4.2827
0.294855
3.43597
2.08993
2.25897
2.85137
6.02981
0.706883
1.50992
0.787257
5.26182
1.44405
3.05342
5.9797
1.67761
1.25455
1.84504
3.24285
1.52916
1.65085
1.79787
6.01743
3.25738
12.9984
0.584991
3.92254
0.586627
10.4651
3.28875
0.894312
2.59895
2.08292
8.39398
3.21145
11.4563
4.04671
4.80705
2.86598
1.59516
7.58868
2.04473
1.48999
1.96232
2.9486
5.28687
0.228839
2.80388
5.51718
1.18288
4.86696
2.98342
8.05205
7.69273
1.71195
0.98622
2.43927
1.08335
2.42047
3.74359
1.97236
2.43076
6.98031
2.93447
1.20955
2.02891
5.23759
2.305
2.03719
6.39676
2.49493
2.31396
3.74975
3.05807
1.81994
2.06683
1.11819
2.88016
2.75101
2.39615
4.46189
5.72613
4.62786
3.04805
1.63415
2.4501
8.10065
3.11505
1.1437
10.6945
4.39009
2.85732
5.43027
4.07345
4.64755
2.84444
1.14078
4.53638
5.58351
0.770563
1.1342
2.12902
3.88253
1.26332
1.34503
0.849318
3.2095
4.16687
2.01874
1.77341
3.93077
7.00624
1.99492
6.3218
4.26023
1.006
9.38842
3.51159
2.21505
1.03988
7.04813
4.14728
4.9862
2.09189
3.31292
4.71352
2.71281
1.05862
6.16906
3.91653
2.95367
1.46583
1.52612
5.07634
2.1657
9.34012
3.53773
13.442
5.79024
1.99729
3.00289
5.0566
5.83664
6.92894
2.74913
6.19626
1.26254
5.67332
1.52871
1.78739
7.92964
3.94907
3.17712
1.86314
2.28076
1.6457
3.80603
11.3233
2.7503
2.49957
7.67809
2.16048
1.10535
2.54819
2.20738
1.20032
0.690558
2.76572
3.28379
6.72169
2.11438
2.57726
4.36371
4.96055
6.46842
1.0199
1.68622
1.69414
0.759612
1.64477
2.59671
12.4546
7.41484
0.99221
3.69201
6.17807
5.10614
2.47225
3.84247
1.72582
1.18841
2.84822
3.30084
4.93145
2.00164
1.68157
1.26891
11.8503
4.26227
6.98854
1.21943
3.7753
10.2362
2.80191
3.07041
14.9483
2.65994
2.54828
1.50939
14.0899
4.90898
0.995347
3.4882
8.44696
1.98376
5.26766
3.31656
4.2539
2.73239
2.38349
4.50816
1.05496
1.482
7.65061
3.32306
8.24101
1.63605
3.42198
3.99786
1.47029
0.568234
5.94565
13.9031
2.57461
5.55746
3.20499
2.45739
9.23736
0.618129
2.21359
6.12216
2.84174
4.64063
1.52311
3.51073
2.40368
0.882033
1.46475
4.51238
9.07352
2.83605
2.62108
4.58422
1.81412
7.57402
2.37862
3.21664
0.794315
6.7127
4.25714
3.65207
8.84774
2.06363
2.67752
0.685999
5.58333
5.32191
1.89717
2.45636
1.95651
2.77078
3.76306
13.31
3.28536
2.46151
4.71173
2.84698
4.10643
1.22907
2.87565
6.62046
2.12911
2.78446
0.687156
4.67471
2.60207
2.34713
2.14292
2.38843
2.78596
1.21568
2.25909
5.72409
1.94686
2.96401
10.406
9.52482
1.26372
2.9998
1.20271
5.56456
2.32079
7.96302
2.04636
1.62612
5.5713
7.09176
2.54679
2.84396
4.11897
4.19719
2.57072
2.76409
1.8068
9.59585
3.84328
1.70549
2.22636
7.94673
2.41657
9.38812
1.7342
0.964726
2.38446
3.54588
1.97291
4.29774
4.807
1.81754
4.33297
1.11388
3.38994
4.55775
2.87141
7.78709
4.35495
2.3944
3.12819
0.0606798
5.31702
4.29452
5.48399
4.47603
1.65237
6.39375
2.37415
1.64352
6.27754
3.27355
2.97837
2.73293
2.13778
2.63858
5.11451
1.78487
3.70007
6.61496
2.0318
4.24583
4.47339
1.42675
5.46266
1.82617
1.63807
5.56062
5.55751
1.83671
3.354
1.01926
0.986112
4.84472
12.1589
1.03829
7.83767
2.11832
7.65872
2.44702
1.24787
1.03847
3.04907
1.16788
1.29043
3.93985
4.19531
2.08022
2.82395
4.50703
1.58893
4.5012
2.55921
2.91073
0.941734
1.7647
3.38881
10.7363
2.08715
1.30801
6.91857
3.21447
1.37937
14.8945
2.24614
1.46383
4.82062
5.76522
3.1772
0.90497
2.65151
13.818
1.88508
3.86277
1.73374
5.10792
3.17138
2.49149
0.96993
3.72712
3.28994
1.8673
2.36041
1.31445
0.779192
8.338
0.791602
3.79468
4.45529
0.858455
5.76635
1.32107
3.40387
2.49184
4.94308
3.19084
2.27588
3.01308
5.35855
2.89638
2.14558
0.970321
2.54651
2.70854
9.22048
2.17555
4.10864
4.38531
0.932971
1.20849
1.54532
4.89484
1.68315
0.876074
0.747849
1.34895
1.35234
12.3019
7.51447
6.50854
3.90196
6.8937
1.08853
4.89905
8.18248
3.42474
7.69151
12.377
10.6368
4.03989
1.79182
9.44743
0.940744
3.63506
1.94801
2.77681
5.26281
3.33269
6.59653
2.25841
1.83846
3.92433
5.67057
2.13464
0.981342
1.22264
5.04278
2.05904
1.60585
4.52608
1.66637
2.61276
1.58967
5.08462
2.57783
4.39788
5.3057
2.73404
6.68091
2.80406
0.721394
3.2876
2.48615
5.63312
1.92596
7.21161
8.08652
2.48338
2.23361
3.49151
3.9291
3.05384
3.85813
0.65919
2.93107
3.40301
10.1823
4.51006
5.19926
1.54084
2.09693
6.98942
1.50483
2.72121
4.02217
5.25156
6.785
5.18781
0.30114
1.74467
14.1333
0.791431
1.38936
1.33414
7.46395
1.58248
1.28763
2.85989
1.72666
1.37427
2.22907
2.8719
3.4304
1.28862
2.23671
3.38404
2.82168
2.74766
2.53865
1.84215
3.75367
6.14935
6.07738
3.81198
4.95068
1.69418
2.25366
4.67947
9.75386
4.34753
4.75121
4.51751
0.858778
1.86852
11.3042
5.01056
2.73974
3.30743
2.1737
3.63875
2.25389
7.16451
3.91636
1.31207
1.25405
0.909272
1.69013
4.51495
1.005
2.00886
2.43889
7.55549
3.00901
4.14673
2.08472
2.35729
1.07545
2.5177
1.6489
6.82491
3.17199
1.06077
2.65758
2.09756
3.23324
5.33551
12.4882
3.41912
2.84738
2.3154
2.81282
2.43198
1.93918
1.13258
0.756557
2.04127
1.22281
11.6226
7.93557
3.93707
2.58775
6.55862
1.88657
2.01444
1.01792
1.33217
2.79985
2.90911
4.69069
3.27115
5.72255
3.00716
10.4102
1.93897
4.43627
1.83311
5.24
5.44382
2.65324
2.85414
2.24402
3.84697
11.7969
4.36231
2.23522
3.55806
5.66556
4.42545
7.28547
4.41831
1.21438
1.5468
6.36053
1.73411
14.5135
0.703969
4.65288
2.88676
2.61806
3.77721
8.81437
4.28857
3.98592
1.27853
13.5073
1.33532
1.89422
2.91973
5.66229
5.71578
14.4312
1.62602
3.00261
9.66663
2.72205
5.57828
1.24215
1.77604
2.06373
10.2909
1.22201
2.26864
3.34053
6.51478
5.84294
0.733962
2.75416
3.19849
2.80022
5.24867
7.42812
5.88701
3.23005
1.80891
7.45124
2.52848
0.966455
2.37939
2.58132
3.31938
5.95455
3.8045
3.57354
5.99945
2.39284
2.16709
2.69666
2.87289
3.95843
1.32006
6.80663
4.05048
1.25342
1.63818
9.42497
3.4313
2.95634
1.52771
2.45635
9.60777
4.98513
5.74275
13.2615
5.38321
9.74928
5.24941
2.68741
2.9105
4.54616
8.71117
1.62069
1.75627
1.74363
1.12065
1.51743
4.85485
2.29169
2.6303
1.14685
5.46857
2.16025
1.90246
3.34173
1.94152
2.08099
1.28531
2.60737
9.39373
3.64158
0.752555
1.80255
3.20074
3.19617
3.66009
4.39391
1.61452
7.40371
3.81927
4.0416
3.49496
3.91125
2.48274
3.53476
2.35807
1.97021
1.53722
1.54245
2.6956
1.33392
0.881931
5.03576
13.6615
5.64519
3.3447
14.3755
4.6611
2.84479
3.94529
3.75864
5.19849
7.75643
2.43442
3.4401
1.75436
12.3882
3.86287
6.1987
1.48277
2.52935
3.07028
2.97394
4.3407
6.21953
3.48709
1.67305
5.36415
2.85863
2.43678
1.76379
4.31552
1.73753
6.25809
1.62955
1.333
6.67206
5.38093
5.32983
1.05747
4.64509
1.87123
3.16921
5.78898
1.90275
6.43901
1.11344
1.53865
0.698146
4.73776
1.6667
3.89014
5.70141
2.47677
7.49737
8.38852
6.38013
1.07909
7.38579
4.36429
0.989509
1.64947
11.3097
2.13184
2.50238
3.98528
2.20462
11.1735
1.11844
3.63982
2.42854
9.54019
2.20997
13.4002
2.64131
1.52878
4.37222
10.0439
2.4141
2.73122
3.87709
0.40834
9.60904
1.7501
6.63908
6.5055
3.16546
2.10509
3.49656
5.90257
4.48163
2.53784
12.0394
6.4008
1.88803
4.01097
5.6267
7.15858
4.62528
10.8263
2.48908
2.35142
7.62239
3.08949
4.51283
2.60861
1.64092
1.76523
1.56388
1.68547
2.32258
7.7313
2.236
11.2378
5.73447
6.50313
3.16837
2.53583
3.58596
0.59106
5.45538
5.61014
4.52556
3.33885
3.04673
2.63619
2.36944
8.18958
3.85731
4.11137
2.49825
9.68836
0.888493
4.59495
8.94511
4.33802
11.6766
2.89449
2.41218
2.8019
5.25972
2.4403
4.877
4.92387
7.53745
2.45649
6.48779
1.73746
1.40452
14.697
2.12296
2.41538
2.37862
4.10357
3.31733
0.950595
4.36888
2.87459
3.53509
1.2683
2.65713
0.786544
1.17706
5.48845
2.1782
1.9491
2.60679
1.2425
5.29074
5.51655
3.5606
2.03457
5.20472
5.2453
3.48614
5.77161
8.28629
2.25649
4.26204
3.99312
1.74904
2.19548
7.51928
5.78979
4.30683
3.72111
6.48978
4.32823
3.30117
5.59438
5.90819
12.7373
5.29598
6.01681
0.757633
12.8099
1.91715
4.78202
4.18873
5.35594
2.66595
8.98157
2.06443
1.66941
1.37628
3.41583
1.37892
1.78442
12.5036
4.60276
7.67094
4.35187
1.77583
2.22706
2.33864
2.11338
2.16225
5.46093
1.7519
4.87589
1.86702
8.85872
3.9378
6.30519
2.03617
1.86922
3.42813
0.951014
2.05126
4.82309
4.2223
10.9234
2.75514
0.744604
3.11562
2.98437
0.873762
4.84626
6.68398
14.8317
0.816531
3.93383
2.97615
2.28103
2.66053
4.37728
0.598523
10.0502
2.61056
3.22415
5.64245
14.6086
1.82111
1.17345
2.06822
2.28682
9.62234
10.8559
0.99781
8.85362
7.9708
5.09069
6.59278
5.65874
0.929181
2.76779
5.82372
2.25295
0.948041
5.1272
2.27511
1.85098
6.05811
2.05375
12.7092
12.4777
2.30655
1.2943
6.57216
3.16892
2.10984
5.65966
6.45724
1.91714
0.858848
2.75491
1.70864
1.28383
1.05544
5.0205
2.53341
2.8809
3.59643
6.8094
3.26379
4.09486
3.26898
2.83589
3.27218
2.17545
0.321018
1.35919
0.707868
2.08372
7.93479
11.9438
3.82913
4.73727
2.09841
0.670575
2.82743
1.76925
3.822
4.16333
2.00326
4.16485
1.84935
3.25955
2.12207
5.65389
4.87203
1.74878
2.83869
2.15754
14.1991
6.1536
3.24394
1.03821
5.28979
6.9562
11.2559
13.8928
10.5964
3.687
4.0154
2.14144
1.73177
8.14197
3.71215
5.41251
1.40711
2.90177
4.19663
3.92899
2.11937
3.11235
1.56819
1.77655
1.2419
2.18561
3.06711
2.747
2.54743
3.72517
9.22989
4.70997
3.46693
8.6494
1.66514
4.34929
1.79396
2.77931
1.86134
5.03163
0.763061
4.09217
7.49727
5.02051
2.71808
14.5894
2.80288
1.60511
7.4035
4.49713
7.3789
4.26975
1.78375
3.80997
6.87465
0.3283
10.9374
0.790557
2.58136
1.43659
1.45104
5.48029
3.48193
9.43788
0.967835
2.35707
4.69398
4.32206
4.21378
1.85498
2.88562
5.70657
1.41862
3.41728
2.35101
0.787984
2.43247
2.51365
13.9078
7.27263
2.87597
0.438361
0.406195
3.09399
2.58903
6.47743
2.29688
2.93388
2.87245
1.54659
9.21147
3.98641
4.97668
5.05197
3.10519
7.4058
1.87544
2.9503
6.18567
0.558643
3.40731
2.12116
6.19848
1.8967
4.58291
4.14813
1.75039
7.04239
1.97581
2.40215
2.86976
4.60597
2.05165
8.40356
2.68922
5.11312
8.24308
3.16803
8.47456
0.549943
4.51247
2.39699
5.96877
4.68891
3.12645
2.13712
3.26214
3.97963
4.8596
2.45518
1.73689
0.486703
7.42538
5.00068
3.78356
5.85145
2.62344
7.83374
1.5321
1.58923
3.4036
6.29511
2.87648
11.7108
3.73774
4.08256
1.29958
2.12762
2.93209
3.34488
1.57815
1.93924
3.63432
3.80757
5.25154
1.25443
3.39647
4.9203
1.14374
0.543771
1.3535
1.93194
14.6644
6.06946
3.12601
4.04896
2.32716
1.58426
10.1557
4.16846
2.45122
5.10854
6.29129
2.97105
2.04025
7.48257
3.29511
1.8326
1.39658
0.366871
8.78766
3.63012
2.66341
7.28319
7.70892
1.55826
5.85063
1.59031
3.58736
1.70906
2.16449
2.93199
5.12596
1.1508
2.62534
3.98587
2.95266
2.74611
2.04502
0.95935
8.70504
0.814725
4.06262
2.12322
0.38241
3.72862
4.32018
11.1384
3.12953
9.11757
4.01541
1.56178
4.19603
1.95275
3.21033
1.98087
5.15958
8.33926
3.58849
13.9586
1.27049
7.74881
1.88
0.900968
2.71701
3.49658
2.19957
2.49582
5.89459
2.11458
2.74917
12.7068
4.5074
0.755025
2.07728
2.48231
13.0038
1.80973
3.50494
3.42078
3.89057
2.58002
2.32374
2.3517
3.13975
2.10473
3.65412
1.67905
4.66518
6.03372
2.96805
9.42999
2.39756
8.63267
2.77127
7.4098
5.64403
8.20145
5.06374
2.00978
4.26973
1.97347
3.87697
2.65883
4.17455
12.0901
9.52033
0.968761
0.919391
2.18063
2.32828
1.51492
4.05224
1.82169
4.44468
3.43028
4.28248
1.7917
1.15621
3.20286
3.78371
3.2919
1.70205
4.46203
3.28698
1.84966
4.53731
0.265141
2.79019
4.3142
3.11067
4.67653
1.50011
7.01659
3.89067
2.61621
1.41053
3.90056
4.75627
0.841931
1.18506
5.41242
1.3073
3.10209
3.41213
4.67568
4.22357
1.75408
3.4073
2.31747
4.52999
1.78821
6.36531
1.05964
1.7121
9.6285
10.2813
9.37095
2.97653
2.80141
2.97572
4.66649
2.28432
5.50247
6.43302
1.628
1.14029
1.74485
7.49582
5.13325
4.24558
5.4603
3.61826
7.54182
1.61866
4.25305
2.8062
3.84514
2.43566
2.24118
2.92089
2.10558
1.87097
4.48387
1.83055
6.43177
2.25214
3.66698
4.68362
11.1331
1.58348
2.91323
4.7918
2.56865
4.26985
2.42157
5.30564
1.22584
11.531
2.03874
3.35165
10.5573
0.514952
3.74506
3.85229
7.47404
3.35975
1.88966
1.55721
3.18545
3.0839
6.61808
3.31567
3.71515
0.367649
5.7051
5.16508
4.06158
5.32476
3.30544
1.71377
3.91531
0.867695
6.31584
2.85019
7.7232
4.95723
2.16415
6.31661
6.45899
1.21826
3.08942
11.017
3.52059
2.49068
4.30002
1.84621
1.43148
4.44482
7.14554
3.18679
3.20888
1.43963
2.73458
1.83377
0.928803
3.48108
5.54172
11.4537
1.68389
1.28697
1.97005
1.68068
2.46929
1.21133
11.8503
5.89752
2.98242
10.5124
3.08966
3.96571
3.00068
3.52351
2.02244
2.27491
0.594781
5.31348
2.22474
2.13191
3.44225
13.1878
5.49727
2.18572
2.32032
4.93168
2.17629
2.95632
5.17813
5.70002
5.55287
3.24151
4.1804
2.16046
1.52661
1.71769
1.64722
6.15113
5.48123
14.7755
2.25566
5.17229
3.21889
1.00597
0.643479
1.61908
3.63592
3.36894
1.59832
1.2964
1.58486
2.07859
2.27495
3.89143
1.05441
1.28924
3.35509
1.32477
5.07136
4.01694
2.58182
1.22068
4.95402
10.5142
1.33138
4.98489
12.1906
2.69467
4.49757
1.91214
0.913647
3.87413
4.12091
4.49258
4.29646
2.13299
2.58954
1.23829
0.901564
5.85556
8.25329
2.81191
7.32897
3.96853
2.7962
6.46782
1.87164
2.15138
3.40102
1.41877
8.97195
14.9679
1.43959
2.08149
2.80493
1.04747
6.14392
3.55424
7.54906
0.772403
1.27762
2.12613
2.80337
1.48707
10.1559
3.33255
7.02121
9.75839
1.49236
4.08997
5.84946
1.71664
3.602
1.39718
8.45328
2.86968
3.66636
3.50275
1.67149
3.47845
2.37435
11.8981
10.0202
5.2271
1.5475
3.14329
0.457419
2.19022
2.091
5.73221
3.36281
4.76559
0.308426
0.695205
4.61561
2.32932
2.70828
3.71254
5.49387
7.3388
4.15565
3.92379
2.06803
2.81239
4.4781
6.27916
2.50198
4.19031
4.17577
8.49929
2.72197
2.98639
3.824
3.91942
2.95024
4.11243
4.68444
3.02005
12.3808
1.66713
3.3423
1.56865
2.65393
3.81864
3.73764
4.60183
7.11081
1.69516
3.63062
2.31976
2.5027
5.27328
4.77078
2.43269
1.2243
2.11127
5.2946
9.03322
4.51977
1.9685
0.78702
3.91652
1.07623
4.8489
1.54464
5.25156
9.56398
1.91957
4.43104
10.8302
2.35036
3.28864
5.31979
3.18415
2.58443
6.40198
13.7612
1.10957
0.82076
3.99579
10.539
4.39645
2.44912
3.09018
1.52888
1.94021
0.722319
2.74704
2.9565
4.87247
2.2421
6.94068
2.80253
2.48695
7.35285
2.24587
4.51273
3.13252
5.46172
2.11076
4.23413
9.31399
2.05926
3.70191
3.55918
0.403175
5.56936
1.6902
1.32929
6.42759
4.60066
0.50533
6.5246
5.4597
1.6237
13.9665
2.38448
6.59557
2.68223
6.73995
5.61957
5.92714
2.02169
10.8915
1.891
2.12044
3.33434
1.86761
5.40048
3.41449
1.56363
8.6215
5.36274
7.02614
5.18804
4.28657
1.7031
13.4726
4.40131
5.59057
2.42334
1.41903
8.82606
0.925182
5.64526
3.00509
5.85262
6.38778
4.08206
5.16959
0.587383
1.19163
7.84836
2.25959
1.1025
2.38438
3.47812
5.53434
2.52065
10.627
1.93245
2.33368
2.94869
7.59273
1.40526
2.53344
6.14309
0.904632
3.7045
1.42933
2.60092
5.14195
5.03943
3.22243
1.5746
2.1499
11.0162
6.79641
2.49598
3.72983
2.17211
1.14746
2.67491
3.54083
13.5158
3.88763
14.2332
3.86349
0.826551
4.50732
8.82455
1.26837
7.25823
4.60971
12.4387
2.46347
3.5505
3.36602
4.18046
4.07314
6.31077
4.69576
8.16529
1.88098
7.66049
7.80376
4.74794
4.46462
5.48404
4.0545
2.38756
4.68107
3.73776
5.68754
4.76025
3.07445
7.12697
1.13969
4.06524
6.66393
2.60296
2.17892
2.73321
3.6344
3.8885
4.30379
2.34703
6.28214
5.47317
2.54693
3.80388
3.62633
1.85214
2.28011
2.70064
8.19521
1.53369
2.4199
2.71395
3.59161
6.93849
11.7314
2.44053
4.96059
3.83887
7.42343
2.73336
3.8513
1.39142
10.7486
1.10252
0.941459
1.07297
3.50387
4.48859
1.71379
0.840358
4.89592
3.92497
3.99768
4.35101
3.59772
2.21568
1.50228
7.52752
2.71904
2.81517
3.56665
4.33568
4.44499
7.54961
1.84676
1.69719
3.01536
1.86289
4.83821
3.80992
6.33617
5.69938
3.44091
0.840198
2.90696
11.3879
1.65575
14.6374
2.51903
4.98841
4.5674
4.61831
1.68539
1.884
2.51321
2.13254
13.108
1.92136
1.31892
1.32824
2.6433
4.15583
1.9233
2.01438
6.3145
9.71494
3.90861
6.14188
3.56263
2.43536
2.37589
3.34377
1.9498
6.538
4.29034
2.45833
1.64401
2.98385
0.97393
4.97709
5.32908
3.23709
3.30835
4.34255
7.83589
1.62247
5.25844
7.64134
4.95115
1.98262
7.02883
12.9672
3.1031
4.20837
11.0454
1.03161
6.06438
2.75101
4.48609
2.89324
5.75936
6.26396
3.49724
5.09982
14.0369
6.06952
3.93606
1.48582
2.4426
1.15617
2.32971
6.99156
2.20128
5.55211
3.48493
4.48335
7.2775
2.61067
3.82246
4.02558
2.78856
1.16228
3.0388
4.8651
2.01886
7.07494
4.96048
0.708835
3.25156
2.69839
1.2348
3.47327
7.79874
11.1632
4.0646
0.651967
4.28489
2.36738
0.248883
1.87142
1.38191
5.73379
1.67872
2.78598
10.4724
1.07321
3.82716
0.807211
2.00403
5.56884
3.84731
4.35301
2.85668
6.89119
6.956
6.22594
0.93447
1.70515
5.76917
4.43894
1.35918
2.21026
5.38719
5.50175
2.4892
2.17781
6.19567
1.92881
2.61968
3.8173
4.11485
0.49332
4.92201
2.6344
4.38899
1.33051
5.17434
3.30834
2.36829
3.18045
2.38786
3.21841
2.27015
2.82333
2.98291
4.98572
2.18684
3.28824
2.83152
6.85125
0.39629
1.06221
1.99425
1.01416
1.15828
2.60982
1.67032
2.09935
3.32771
2.76701
2.52816
9.29633
1.79629
8.88793
3.84422
2.82731
1.42904
3.93048
3.21716
4.85202
1.71931
1.02942
3.70542
0.826388
1.80569
2.76488
1.44857
1.50652
6.09553
11.0498
9.243
2.21974
10.0708
1.71376
1.9211
4.69782
1.06083
2.49199
2.04847
1.2403
2.29837
8.86541
5.41924
1.47178
1.45493
1.88768
5.64611
4.13146
0.769339
1.41263
11.0959
5.03336
2.25449
9.72408
5.23057
0.799039
1.57302
7.37246
7.54085
4.9394
4.20847
1.6219
1.58578
1.74872
2.74047
3.77984
5.71697
4.22604
3.54297
5.0161
5.6991
3.71316
5.80908
0.313207
1.41204
5.66441
2.03351
3.03067
5.0772
4.83357
1.30452
2.70406
3.97117
6.38559
6.03909
5.93172
4.441
10.1575
1.03587
9.26978
3.43506
5.86177
5.5904
1.03036
7.71369
6.48017
9.13159
1.2553
5.02976
6.21165
2.79808
4.37858
5.42531
2.0944
2.44616
13.0757
1.54634
2.76157
4.36388
3.61477
6.30276
3.27981
1.68225
3.58327
2.77376
1.68746
0.908145
11.7729
4.30662
1.48039
2.41205
2.76834
2.95043
4.09434
2.39963
4.41408
14.9206
4.06056
4.83989
9.9412
2.78299
5.51463
6.33362
9.3572
0.89698
5.99585
5.72649
1.16536
0.633824
14.3345
6.11172
2.41726
11.2398
0.798091
2.40932
3.94551
5.10355
2.83206
4.94399
1.54122
3.56004
7.63534
2.3985
6.22591
0.950962
3.15781
1.71658
2.50713
5.09848
7.17207
2.71861
2.22957
1.28549
6.64284
7.76651
4.30416
2.73467
1.00253
7.46643
2.2395
6.38345
3.45203
5.82597
8.57489
4.49881
1.14791
2.22202
1.86384
1.17751
3.99677
1.26796
2.73265
3.11523
2.95739
2.24384
4.2476
0.837111
8.30945
4.14815
4.24236
3.72721
2.88142
4.11671
2.11207
3.21053
9.29561
3.85056
0.680908
1.7015
3.03897
5.72464
2.88123
12.3869
2.3792
8.18032
2.05649
7.61127
5.07697
2.78358
7.9218
1.00301
8.61143
9.2014
0.583994
2.47891
4.96914
0.420673
4.77252
3.34349
4.94652
6.58871
5.5263
2.19376
5.28777
2.52102
2.95727
5.81899
2.37288
2.64098
1.2772
5.62213
0.975136
1.54652
3.55888
2.61019
3.86651
4.6332
5.31601
2.24794
5.01336
1.39289
1.03207
5.54194
1.40562
7.08676
3.18419
4.76847
2.56945
1.41318
9.0311
8.03637
0.612859
4.24263
5.70405
4.12676
4.11703
1.52871
2.64043
6.27275
5.80917
1.80391
2.07179
7.85717
5.45025
2.94228
4.79059
1.72149
3.48599
1.44111
3.22679
1.80787
4.97625
1.5738
1.49766
4.05521
3.80673
7.43936
2.14019
5.0201
1.98567
4.86732
0.678249
0.879152
5.7585
2.99736
3.30094
3.14507
0.917056
2.00727
3.92623
2.19512
6.78343
8.64544
3.07807
4.88833
3.19863
4.2706
8.08093
4.22657
2.70497
2.10822
6.30731
1.9881
1.8483
3.42588
2.31466
1.80165
1.94585
7.02142
4.82608
13.0047
2.61877
2.01286
0.975109
3.45616
4.49101
3.34054
2.17235
0.937843
0.808729
2.86614
4.59934
9.48921
0.638343
1.6906
2.97628
2.91208
5.5797
4.04731
4.07136
1.63889
2.22056
7.26062
2.92021
6.01192
1.80268
2.75455
3.71263
2.44163
3.33592
2.38482
8.84606
1.10553
12.4417
3.87437
3.34634
6.42228
1.94155
2.50408
2.35069
1.24073
6.39915
3.54712
4.1535
3.45164
4.43952
10.3528
5.14389
2.34468
0.941589
2.46041
0.831081
2.86448
5.6327
2.26186
9.4834
3.39372
1.15365
1.98538
1.30377
1.24134
1.74555
4.4034
4.03252
11.4028
0.693778
6.11686
2.07276
5.14966
2.36941
2.75718
13.5699
1.77905
2.27067
5.633
1.27593
4.61328
3.19348
6.8824
3.33562
14.354
2.01953
5.22192
2.36312
5.71775
3.85219
1.95161
7.04782
1.80003
6.53799
2.3998
7.66096
1.41985
3.19407
1.29047
2.3152
2.77052
0.459308
2.64417
1.75377
2.97483
14.3646
4.30916
2.24312
4.29643
3.66063
1.97843
4.61496
0.99786
2.76465
2.35971
4.08465
7.42059
1.21108
2.00829
1.70601
3.00222
1.6485
2.6561
2.24227
7.68141
4.6767
4.69644
6.26638
4.13474
2.23691
5.04513
4.49215
1.85472
1.53513
3.35329
5.51296
3.51056
7.54291
1.13132
3.11855
2.72898
1.45116
2.99121
1.22644
5.00314
2.3028
2.65334
4.41781
4.69757
12.6
4.21808
0.541004
3.86579
2.26188
2.44701
4.68428
2.13628
7.41427
3.04315
6.43418
3.82798
1.77318
1.61176
2.52792
2.65295
1.68755
1.00633
4.62191
0.971368
2.93246
1.35794
2.70216
1.4408
2.59041
4.51769
3.51083
1.90954
8.61553
2.71869
1.28366
0.958208
2.89025
1.22567
5.154
0.57326
1.29684
1.3129
4.67672
2.59136
0.973364
3.22911
3.22134
2.93017
3.15156
4.1366
4.76188
1.46269
0.968412
8.68043
2.59859
2.32694
4.04085
0.763648
3.11052
1.65065
3.27238
1.40535
2.82326
2.93658
6.1758
0.951842
1.02609
10.9103
1.27214
2.05756
7.29329
5.7757
5.80023
2.50672
4.95206
10.7908
1.25355
1.40616
2.94358
8.92508
5.64419
2.66841
8.08821
4.21899
7.23169
2.22862
9.57671
5.01915
3.81134
0.500983
5.55662
3.42045
2.16187
0.976787
1.20738
2.50967
10.9368
0.978944
2.17065
6.09979
11.8819
2.05121
8.95221
1.4505
8.28045
2.2456
1.42399
4.28188
1.23354
6.21438
1.19986
1.76309
3.7399
2.38456
5.16848
2.11916
2.39211
4.93476
4.80974
0.842726
2.82147
1.30038
3.15815
2.41608
5.00295
4.8435
2.74601
6.40135
4.04733
3.01927
4.39965
2.77885
2.626
2.44393
1.59131
4.2703
7.37642
1.27966
1.23474
3.54643
4.3185
5.72899
2.68946
1.87052
1.55579
1.28902
3.47397
2.23711
3.03728
7.52144
1.29681
9.20633
4.76094
2.61506
3.90278
4.05811
5.15043
3.82567
2.7333
8.25026
7.74901
10.1335
1.96991
2.86498
6.79167
5.33006
5.03939
9.61616
4.77579
1.4527
1.41875
7.55518
1.62138
2.46912
2.8197
2.9402
3.61369
5.93746
1.03867
1.93186
4.3011
2.75133
3.57524
4.2889
6.62928
3.12385
7.42062
3.09726
2.1241
2.00143
1.26629
5.78238
2.39245
10.3471
2.3846
1.60021
2.9449
1.16719
3.46306
1.98237
3.33532
3.90497
2.96535
2.18754
2.42149
1.28677
3.07064
1.27901
2.66911
1.01033
5.54764
0.363521
11.6496
1.39304
4.5175
4.13584
2.42647
2.17991
6.3908
1.02142
2.68831
2.35917
8.14374
5.6685
1.86683
5.23627
0.716823
10.5008
4.69889
6.42249
4.47788
2.08294
5.89488
7.03948
8.27193
3.78166
2.23151
6.99244
4.79605
2.57219
3.32054
4.85978
2.95609
1.62885
1.41919
2.79308
3.3164
6.70961
5.0016
12.7857
1.71593
7.81933
1.87739
4.50166
10.6485
3.57805
1.34699
6.00749
1.33069
1.24806
3.24862
1.28947
4.23171
3.02175
2.16108
1.91166
5.31987
7.24101
1.73287
5.25796
3.84381
4.04023
0.822202
7.06011
1.44232
3.61637
2.20201
5.19767
2.40808
1.32258
1.61022
11.525
6.68597
1.60785
0.945151
13.9227
3.40143
5.93117
7.59678
2.81979
1.74099
3.03758
0.759891
2.75776
1.67213
8.8481
2.2988
4.58562
6.4125
2.60384
2.62035
3.7952
8.39679
5.69109
5.56394
0.966518
6.15058
1.16108
1.72493
2.61188
0.645542
4.14306
0.681491
1.39789
7.68104
1.70358
2.72201
5.36248
2.2373
6.88345
0.454465
4.24685
1.04889
2.02725
5.33369
10.7023
3.84781
0.884587
7.79069
5.20472
3.21569
8.02452
7.25415
2.28632
3.92347
3.02488
0.790456
1.78727
1.33088
1.27371
1.02282
2.11958
7.80119
1.05312
1.41497
2.31364
2.25461
5.38512
6.55273
3.31981
1.91523
1.50725
2.3857
1.21201
5.00474
3.45845
6.78751
4.41193
6.13717
1.87584
1.4551
1.66619
2.82304
1.01451
3.28434
1.9826
5.40198
4.16348
1.22467
1.42419
1.59608
2.61115
5.62208
2.54047
1.74715
1.18738
9.60739
8.57704
2.6293
2.2157
5.01565
3.58636
4.10874
7.09013
1.52395
14.2531
5.8071
1.48331
3.32409
1.31228
6.48491
1.93887
3.72144
3.26864
3.78525
2.7033
8.09046
1.49383
2.68003
8.06114
1.40415
5.99306
1.13382
9.10405
5.12283
4.28808
5.55421
2.78107
7.20107
0.824559
5.30135
1.48829
1.87987
6.72008
2.43696
1.50787
1.95275
8.29656
4.49046
5.992
1.92049
7.01796
2.88958
2.63497
1.33315
12.4116
8.21867
2.60948
8.48775
3.17414
2.31003
2.88486
3.29143
0.576853
5.19108
5.63097
1.76645
2.97554
3.43326
8.05115
3.77531
4.0466
3.02022
3.80118
8.83927
2.59818
10.0832
3.43606
2.1108
3.63968
5.56259
3.41527
1.00506
4.0771
6.74568
4.43675
2.88035
2.16198
1.66936
1.49296
9.98938
6.76786
0.94082
1.63512
4.18927
0.781239
1.42305
1.02034
2.50713
1.01892
3.87535
4.09678
7.87904
10.5009
2.8432
2.3318
5.69738
1.34623
9.14732
3.77773
4.68472
1.40503
3.9439
6.99496
0.998638
5.44153
3.05347
5.99864
5.78793
1.51317
1.06888
3.45561
2.17826
0.78217
2.16096
4.75507
1.35947
4.06583
5.70734
2.80264
8.1236
4.94845
2.70508
4.37265
6.78457
9.88195
2.33847
1.12564
0.510401
3.7368
5.13995
1.67894
3.02178
6.71612
2.2433
8.32576
2.61715
8.24184
13.7431
9.21979
1.38297
7.17169
2.17301
2.66853
7.83084
3.43801
6.20562
7.03292
0.868106
0.882248
1.89998
4.2992
5.06679
1.66195
9.6869
2.8846
1.33541
4.73334
3.66712
1.13217
7.44519
2.29064
3.26507
1.47633
12.1422
3.73178
4.70015
5.39146
0.699223
2.701
3.576
2.97148
7.16164
4.20694
5.63874
1.60105
5.97601
6.07977
2.61965
3.0219
4.13719
10.0995
3.19176
0.863445
6.16321
4.47063
2.64865
13.3449
2.25781
12.4784
2.85402
3.90715
2.85972
3.57533
1.27846
2.73288
0.733101
6.18332
1.30201
10.6607
2.44532
3.96549
1.09169
2.18037
2.98171
13.4226
3.03699
5.33074
2.07744
1.93931
3.78855
1.49016
1.28322
13.9083
5.67208
1.23536
4.02573
1.89394
2.99013
1.43495
1.75933
3.14159
3.69543
6.4016
3.58494
4.45258
0.898597
2.48122
4.36892
2.39459
2.15966
3.26025
3.73593
3.08659
14.0442
13.303
2.17808
5.31119
2.0853
4.38693
0.598148
2.25519
8.69606
6.82592
3.19666
4.65851
1.6016
3.98851
3.29469
5.1075
1.94384
2.09685
7.27419
3.78388
5.41417
2.66834
1.467
4.83868
2.71057
3.73834
3.37442
4.30935
1.24516
4.19556
4.62486
2.70477
1.50752
2.38755
5.78327
3.04331
1.8448
2.38757
6.04524
3.40892
4.23115
3.58977
0.994093
5.33245
4.06766
2.50598
5.28051
1.46831
4.7562
1.43101
10.1179
3.76672
1.29043
2.39934
3.23055
2.97195
1.46544
1.62431
5.61394
5.78492
7.26456
0.688968
4.50164
3.87181
2.70543
2.53796
2.96682
2.60211
5.80833
3.15257
2.05323
1.52567
1.07445
2.22645
0.932951
3.74254
2.44214
1.91308
2.26801
3.10502
5.46809
1.40987
4.99895
2.26759
2.62858
7.91601
1.77741
1.55589
3.43725
7.51028
1.36232
4.6132
11.2968
1.61225
3.26787
3.19562
9.31017
11.1626
5.75229
0.921652
3.25829
1.436
2.2795
2.16003
5.38505
4.68403
5.62348
4.29354
2.44926
2.79668
5.5771
3.99497
8.69001
4.22688
2.4515
2.39625
5.06947
5.22807
4.74078
3.07492
10.0298
2.3827
13.564
1.85572
1.94805
2.67643
8.43236
2.25158
3.9002
7.91295
6.57496
1.30866
1.143
3.00199
3.9337
3.83553
2.63961
1.26549
6.01536
2.16245
4.75389
1.97085
5.87416
3.62583
2.33029
9.15052
4.05785
2.60966
1.95713
2.72149
5.70749
2.12922
6.59832
6.7109
3.37523
2.7175
2.75402
4.69174
1.86464
3.77451
1.58806
5.1728
6.04854
4.39157
1.6273
8.02433
2.16842
2.09987
1.5779
1.70803
1.79316
2.52844
7.64736
6.21863
2.47486
5.92338
2.37223
2.18754
1.57394
1.75017
4.32009
2.58435
2.23815
6.65126
1.56795
8.24864
1.71181
1.2679
4.73387
1.58161
9.12881
12.8019
4.82335
1.76995
2.16398
1.43676
1.94262
3.1562
10.627
4.47754
1.42562
3.70035
4.03062
3.91061
3.13233
3.69696
3.64842
2.14863
2.04368
6.68142
1.57179
2.47334
1.83576
3.1505
3.63047
1.4191
4.55759
5.10256
4.48608
2.96891
1.83453
4.55551
1.44107
2.01874
7.67501
3.85957
8.35905
8.18331
5.39382
5.27595
4.53512
4.66777
2.57369
3.64257
3.20802
0.678971
0.712929
2.02386
0.832714
2.23575
1.20452
2.84831
2.16296
3.0484
6.94187
1.89941
2.95167
2.7318
0.888476
3.27468
0.689385
13.1397
1.72106
2.72213
2.48674
4.22367
0.649995
9.59204
6.95313
1.67039
2.26561
2.05862
1.06773
6.14889
4.66941
4.21644
10.3863
5.392
4.25851
3.41285
3.46994
3.4749
5.67629
4.76554
4.2289
3.56024
7.96881
4.15703
4.87234
5.02645
3.77754
1.14907
3.93155
0.815042
0.345418
5.593
1.27017
2.37058
3.54806
2.32215
1.62795
1.95412
2.89796
5.59694
1.63444
4.1542
2.39864
0.889532
8.96213
2.66017
1.89106
6.08578
1.48839
1.69144
3.97645
2.60916
1.95896
5.28964
1.91499
2.09464
9.47614
11.0716
2.03316
2.66521
4.09604
1.6422
3.36141
11.3564
1.76513
3.49865
2.17449
6.87806
4.60226
10.7571
7.48118
3.77786
7.29616
8.2411
3.41809
1.76459
1.12871
1.98728
1.74579
6.45987
5.01041
6.63648
1.67977
3.6269
1.47151
3.97553
4.20217
2.837
1.97569
3.26943
7.5047
1.77299
6.13147
3.74902
2.49985
1.03368
4.15772
3.08261
4.98519
5.92312
1.70032
1.62369
2.02306
0.847168
1.18098
4.26944
9.57184
7.16476
7.12675
6.08752
4.50082
5.67909
3.55046
4.59856
4.06546
1.50377
6.34387
1.81492
3.52741
7.95722
1.10661
4.97045
3.18832
3.46304
1.87546
4.45606
2.59336
6.03123
3.09756
1.88466
2.17791
5.51951
6.46472
1.84241
2.48812
1.41448
1.9424
11.5052
7.76031
2.88395
1.40228
0.92103
4.97231
2.4838
2.07466
3.82736
12.3185
3.93446
1.3517
4.20106
4.47866
7.08545
2.30493
1.49202
2.21291
0.712168
2.0906
3.03187
1.74915
2.09279
2.70561
2.31965
4.27737
2.48541
4.01945
2.39356
1.46977
2.87885
10.7554
3.63088
2.79846
0.68316
1.00577
2.31235
3.96366
2.78513
4.78552
10.0315
1.60206
6.23089
2.00488
4.48439
2.00118
5.14546
5.15375
6.27784
4.76564
1.57613
1.39122
3.06935
1.7296
7.95669
2.45634
3.14647
3.11932
2.72178
7.33514
2.66315
4.14956
2.99886
12.1636
1.05487
3.2595
2.05813
2.57947
1.76793
4.08244
6.50351
6.85693
3.02081
1.46727
0.493728
1.95251
3.68945
1.56167
1.30234
3.73694
10.4369
3.0208
7.06635
2.43481
1.15517
8.3947
2.35763
3.59607
6.02854
2.07147
9.87593
0.764026
10.055
7.43157
6.11722
7.26039
1.58657
4.11817
4.53779
3.77769
1.71188
5.93326
3.39682
1.73279
3.36186
2.40504
0.746977
3.13878
0.612065
5.53159
3.34781
3.73495
4.13673
2.48041
5.39854
2.666
1.18768
1.61764
3.11653
2.86738
1.80696
2.18864
2.02509
1.59188
1.75634
1.56962
3.22317
6.24145
10.4772
7.70506
1.6915
2.48633
5.05944
1.69987
9.22626
3.20658
2.48599
1.90925
4.86143
4.48024
0.456058
1.70412
1.08827
2.53569
2.062
3.63792
0.987204
1.48834
3.05976
4.31184
4.59569
11.8496
2.59584
3.0156
7.25078
10.3378
1.64717
3.97059
2.21367
5.60724
1.70403
2.52101
4.27894
4.18987
5.0568
1.46779
2.11821
6.50581
7.40808
3.2418
2.73598
2.15976
13.025
2.13588
4.54282
2.90783
2.6568
9.84111
2.21699
1.3463
9.57677
5.00752
0.852104
3.68113
5.33606
2.49567
1.48247
3.69476
6.37743
2.59592
1.62455
3.55835
2.15263
6.26209
3.91311
3.95673
4.17354
1.87417
2.03352
6.93977
2.55809
0.684423
4.38214
1.10891
2.90716
1.25213
4.73403
2.56819
1.00963
2.06059
4.58623
7.62535
4.07696
0.733369
2.87934
2.35372
2.06876
8.44244
0.89573
4.16486
8.85911
0.682712
2.0232
4.95678
3.33647
2.22423
3.86992
3.13398
4.24231
0.529249
1.25916
9.74141
2.50209
4.24112
5.56745
0.909934
13.038
6.3184
5.03671
1.30413
1.27576
1.80968
11.1036
3.42204
1.05291
6.423
0.891135
2.85566
5.12538
3.12724
2.90108
2.31669
1.64369
6.91518
2.2963
1.44011
2.99699
12.1561
3.65036
2.72141
2.90901
7.27753
10.9597
1.9774
7.40228
5.58111
1.32711
9.92312
1.26243
2.2038
3.05805
2.84742
1.71448
6.31347
0.374807
1.1171
2.36162
2.1305
5.37865
5.38629
4.5829
4.08737
1.57698
3.70153
2.29832
6.20688
1.12917
2.96356
1.45315
2.52435
4.93498
0.895198
2.71631
2.01776
5.32851
4.87314
12.768
2.99945
3.95226
2.30211
2.95762
0.666228
2.14964
4.53012
8.79506
3.3941
5.20877
2.79477
2.30535
1.19688
4.69944
4.08238
2.06434
2.34343
7.3305
2.44706
4.35871
3.86896
1.39407
5.99221
3.40673
1.10523
1.25334
2.62936
0.850465
2.19029
3.60508
3.95759
2.16626
6.7052
2.98906
2.07861
10.849
2.47579
4.79424
2.64618
1.59088
4.13875
5.06525
3.42839
3.95768
6.99417
9.57586
1.9764
6.28703
2.64105
3.60955
2.45281
2.64187
0.805024
4.68243
11.8983
0.609173
3.14773
4.16676
8.11821
7.24869
1.19699
6.88977
3.3046
2.23924
7.23126
4.8967
2.03286
1.12829
1.12583
1.23262
2.12094
2.79859
4.1197
0.866294
2.5131
5.41313
1.17691
1.41372
5.10346
1.5709
2.38223
4.3836
3.83639
9.17427
2.35762
7.91433
1.75112
8.43631
1.27709
1.91153
2.88078
1.45906
6.04849
3.78722
2.24553
0.750864
1.78857
2.57658
7.30023
2.50507
6.31961
13.1268
1.55974
11.1387
1.35243
9.229
1.78381
3.32192
1.69515
4.61018
5.79087
3.16014
3.31451
0.704414
4.6973
3.54729
2.40864
7.68556
2.7046
2.89134
10.1214
12.248
0.8755
5.69898
1.63578
4.83732
1.71951
5.95237
5.3346
3.51191
0.681227
1.24257
3.00792
0.786038
3.76899
12.1526
7.16075
6.41437
3.87557
2.97123
3.91654
2.92108
7.11535
7.81996
1.65134
2.78928
3.7092
12.8628
2.24989
3.95218
1.54638
6.1001
4.71518
2.08393
10.4447
4.81428
10.2426
2.62943
5.36247
4.09077
3.88223
1.13171
0.526737
2.2399
1.34249
2.40893
0.678331
4.23111
3.63631
1.97464
2.15915
3.4292
4.43226
0.632248
4.67749
5.92189
2.59058
5.26497
2.64207
0.842512
2.02577
2.19517
3.03305
8.12101
0.979318
0.658625
2.07465
3.45057
1.86052
6.21993
1.78634
9.11213
2.92038
8.98538
2.63458
7.81582
1.43924
2.06786
1.89346
2.84267
2.7983
3.79895
3.54802
1.31603
1.63775
11.4489
6.00777
5.98048
1.58261
3.52206
2.21042
8.5498
2.79194
3.62892
2.15798
1.24495
7.57082
10.7879
3.46349
2.14785
5.72469
3.00945
0.868909
8.73516
5.58324
12.2944
0.886932
1.61779
1.00954
1.79938
4.30303
2.86593
12.2357
2.53542
4.81715
3.29928
10.7938
3.34459
2.15006
3.15256
2.70785
4.37514
1.72869
3.97383
3.5733
12.0838
1.89683
7.62378
1.71926
2.90061
1.62224
7.7246
3.43545
5.24527
5.99453
3.93582
1.8708
1.94931
3.20351
2.7445
3.85882
1.38861
2.31653
5.98763
9.08412
3.0743
1.55797
2.85263
1.91273
5.13754
3.08735
6.08204
1.664
0.785429
1.11994
1.95728
4.55227
2.38689
6.57292
1.62106
1.42027
1.69722
6.77911
2.91698
0.941065
5.3182
2.13154
1.07466
2.17428
13.3979
6.99096
10.4071
7.00192
2.19047
5.87064
8.0798
1.11261
2.39661
4.36959
1.04331
3.957
1.33684
6.48412
3.37456
11.5667
5.64305
3.50785
3.24336
4.3528
3.40297
3.9826
1.01205
4.25067
3.13293
1.13251
2.78506
5.95529
2.08388
4.51099
4.04823
4.12035
8.7121
3.23246
2.24158
3.95383
2.38008
3.22138
3.98836
4.10298
3.15002
1.15843
4.37851
9.81978
4.92305
2.11581
10.2264
2.19634
1.71211
2.62396
6.14248
0.893599
6.45235
4.8527
2.73967
1.25237
1.98974
2.58346
0.88897
9.55883
2.70365
1.3583
4.67967
2.5619
3.37031
5.44733
2.06849
5.2676
2.77325
3.85385
3.06945
7.16162
3.77622
5.00954
1.33545
3.00246
1.03224
2.3942
5.31514
2.10903
5.51478
2.44579
1.29192
10.4048
3.46802
1.66871
1.25706
3.54574
1.78274
3.27681
3.9644
9.54723
4.52176
2.48407
4.91346
3.43736
6.94101
2.58638
1.38674
2.90091
10.2946
11.0354
5.20227
2.89331
2.4487
3.6934
11.8016
3.78807
2.94908
2.2669
3.85986
1.12601
3.12685
1.78827
4.09987
1.31146
13.0177
6.98884
2.71562
3.19947
3.15333
12.8895
3.0694
3.3353
13.9657
1.50837
1.52262
11.8227
1.40374
3.47962
3.07723
6.21369
1.37965
4.2881
4.23427
3.64791
2.86537
4.97163
1.60317
12.1274
4.49495
3.57182
3.01313
3.89141
5.36378
5.177
2.06885
2.43075
7.43898
1.32484
1.96215
1.66403
1.56728
0.876679
12.1834
7.3836
4.38369
13.5405
4.02914
9.33114
1.28999
1.43163
6.71194
2.71033
2.45031
7.37977
6.46426
9.45336
3.11413
1.71712
6.61891
2.31204
2.75102
3.09551
5.11028
4.17891
2.4084
0.809105
3.98006
4.03897
4.19838
6.84825
3.14867
1.45033
4.11046
4.81654
1.13363
1.36707
4.19059
1.73054
1.05576
3.21629
3.38213
2.2709
0.661162
2.52061
8.47707
3.73774
3.74937
1.31241
4.6813
6.4724
3.33043
1.52947
4.27854
1.62374
1.17388
7.05352
1.33498
5.21171
0.730131
4.72326
0.814824
2.19107
6.2102
2.97633
11.2707
3.49114
3.35123
2.22375
5.11471
3.12006
3.29702
2.47362
3.10715
5.01881
4.85395
2.91816
2.62607
3.53493
1.0499
2.1421
2.15068
1.09311
1.82527
5.00699
4.07931
1.66145
4.0897
4.60768
3.19649
3.40468
4.28821
13.6232
5.70612
1.94538
4.40786
0.956925
2.6046
0.98734
2.0591
3.2613
2.84068
3.50975
4.79175
2.53693
7.86225
6.82042
1.56311
1.41733
4.92602
3.25885
4.3115
6.54736
4.17679
2.15966
2.4283
2.50443
4.3556
3.85559
0.839321
2.60954
0.514903
3.0157
6.44025
4.82476
3.06188
10.1884
1.8489
2.91219
3.76089
5.88914
3.44143
1.9816
2.67422
1.74676
2.08078
1.95264
5.81148
6.37096
2.05375
1.26454
1.69545
6.96908
5.63054
4.25737
1.25722
7.51179
0.680261
2.74355
2.22931
3.82275
0.270024
2.35984
4.41157
10.5532
1.72902
10.5516
5.32087
2.01048
1.63289
1.58765
3.38439
1.80201
9.55731
1.39257
6.83466
3.15873
1.17008
2.22226
3.86324
3.5381
3.11767
2.57606
2.68909
1.86124
4.29298
11.7045
2.85724
7.83993
7.47592
3.98865
2.84624
1.70735
0.81896
2.8889
2.13041
14.0563
2.65491
1.70396
5.13049
4.10661
2.74365
1.29564
9.33545
6.19599
2.31755
5.2115
5.28665
3.59418
1.89584
7.34368
5.56644
2.95325
4.64929
2.64681
4.78706
2.33273
5.75399
3.48531
6.94466
6.66067
4.04972
10.6315
4.34869
1.8488
0.913404
3.92425
3.87143
3.63713
3.50092
11.179
1.19528
3.53844
1.60679
5.90055
0.972482
2.86933
2.81102
6.95988
0.527895
2.88911
5.12566
3.41185
2.08716
1.64793
3.09739
1.92926
2.20792
6.35901
1.11929
6.16418
2.47812
4.30762
7.31437
3.82845
3.49327
12.5375
1.23569
4.05326
6.66059
1.71981
3.77602
2.06457
8.09668
2.87101
0.96242
7.52341
1.61593
4.15421
2.93618
9.99226
1.30856
1.4433
2.59099
7.23179
6.10274
5.50059
3.35138
2.3503
5.14893
1.28307
5.55381
3.61833
4.21125
2.7167
2.10139
3.73401
4.4034
6.76256
1.062
1.36517
0.820265
4.60822
2.82223
1.57497
1.216
3.93286
2.00859
3.67717
6.58041
6.23
1.55564
2.70292
4.4093
1.93493
1.63929
1.63348
5.64344
11.0051
2.84658
3.31856
1.06486
2.39527
1.27293
11.1083
11.6806
3.42822
3.62029
4.18688
3.88851
2.59058
5.64894
0.708897
5.54917
8.66051
10.7429
3.06408
4.57806
4.97205
4.52292
14.7717
3.76268
4.20497
4.37172
12.1803
2.67738
3.28085
2.39894
2.81234
4.19293
4.38639
11.1155
2.31377
1.37119
1.75564
6.16181
0.38427
1.46583
7.34205
1.99774
5.95956
5.41408
5.35748
5.18687
0.969514
4.22578
4.10242
2.44329
2.73977
4.12572
4.25368
8.51947
5.20866
1.58263
6.5378
0.686127
1.30274
6.9465
5.94273
2.55593
3.08159
4.15308
2.70205
9.77608
2.7148
3.00287
10.3688
2.9198
1.22824
2.29829
1.78438
0.721894
6.28467
1.89725
3.90028
3.5837
3.77948
2.51329
1.26826
6.45502
2.16982
8.88215
2.64159
1.38563
10.0619
2.60143
3.38592
1.77599
14.2865
3.61649
1.40036
6.88168
4.13901
2.92342
0.492828
2.03409
4.87552
1.88182
0.680433
5.19162
2.19507
2.89896
2.46862
2.36175
5.25445
3.08668
5.13182
3.17529
2.48947
10.2874
1.70185
2.14943
3.06651
2.31654
3.24701
14.5405
2.62907
1.32415
13.454
4.81093
2.27378
4.03349
2.25268
2.84181
2.54811
1.40669
1.83061
0.913142
0.306365
4.85154
2.18398
4.43024
2.14508
8.81888
4.32033
2.85748
1.99844
1.33509
0.490537
1.7259
9.99121
4.09865
5.57521
3.36561
4.9753
3.00411
5.24051
3.84435
2.86248
5.41455
4.48642
1.59079
1.09688
1.12692
1.09337
6.4335
1.21366
2.5094
7.98796
11.5649
7.35526
1.98011
1.94497
11.9227
4.7246
4.26385
7.48779
2.39573
0.840753
4.64939
2.40208
1.31507
4.83926
1.97284
6.20241
2.21529
4.55152
5.95571
13.5832
3.71267
5.96134
3.2233
13.4659
2.92219
7.75974
3.87401
0.660264
5.91331
5.4924
5.58151
1.21639
6.35058
7.37509
9.22762
2.59127
7.80781
2.26274
3.59273
2.0523
1.76829
1.83266
3.4836
1.00584
6.92447
3.96086
12.2749
1.49918
4.58547
2.20769
0.846216
10.0681
5.86518
2.1287
8.25056
6.30611
1.34923
1.72146
1.60781
2.117
9.51007
2.20935
0.998098
10.0399
4.96615
2.64721
3.01285
3.91623
5.88108
0.312639
2.85306
1.02993
3.20951
3.83416
1.76866
1.75985
3.44003
2.31585
2.70858
0.987233
13.2301
3.83556
5.24717
2.0417
3.16701
3.35732
3.27818
1.35558
2.416
2.09646
4.27478
2.90226
3.37568
1.37935
6.91048
0.736146
1.81083
7.29127
0.51373
5.09894
2.11082
5.38878
2.72664
3.53796
2.69542
5.00395
2.72981
2.65219
7.67962
0.890116
5.27111
3.67536
8.59877
4.43808
14.962
5.59978
3.68159
6.09342
4.56873
2.79942
3.45604
8.79143
2.84711
10.0594
1.69392
8.52289
2.75773
1.95895
3.34057
3.47292
2.10256
5.13131
2.45075
6.0838
2.41569
4.55287
1.55658
5.43518
4.65388
1.36803
3.9074
10.0563
1.99975
4.04449
3.11298
2.1392
7.47903
4.2416
6.98691
5.00523
5.382
5.35861
6.23318
5.92796
4.65411
7.37777
5.80306
1.59262
4.52939
6.28238
5.44676
8.64697
4.54504
4.95045
2.09954
3.4804
1.15306
4.15324
6.54271
9.65993
5.96736
4.26515
0.697312
2.80547
6.59909
6.02363
4.81591
3.41727
2.06207
5.64682
2.05884
1.58616
2.96215
4.30546
1.09304
1.92041
8.90992
5.17788
2.32816
1.19428
5.09194
2.8551
1.8754
8.87819
2.82113
5.80782
9.12987
1.82129
3.76542
1.04102
6.50175
1.3826
2.14651
3.30483
3.22796
1.06345
9.70431
0.927224
8.47776
1.91118
3.27343
1.77006
6.27911
8.21376
4.09819
1.95985
1.29873
1.50299
13.0008
5.94104
2.85766
0.484274
3.18832
7.66624
2.1034
1.21369
3.21432
1.52328
14.6218
7.84353
1.9731
2.76246
3.89535
14.8913
3.24645
3.97591
4.09411
2.9962
3.45219
3.06306
0.865069
5.12254
3.61521
2.54304
1.55359
4.39475
2.40063
3.77188
3.30608
5.78482
1.84813
2.63498
2.1893
0.601222
1.03084
3.00908
1.36539
7.03622
6.61673
4.54328
3.19562
1.37785
1.94591
6.41054
3.30041
1.82653
5.50687
3.27388
3.15936
2.95304
7.33728
2.43992
3.42761
0.683427
3.22225
3.3198
11.3629
1.88607
4.30184
4.00769
9.09883
4.07462
2.1502
8.89948
2.75939
6.07075
8.1328
5.70723
6.35407
2.28438
3.22594
3.47551
1.37138
3.03832
1.94543
5.17385
7.29237
1.81592
5.45561
13.9313
1.36406
7.26256
4.47252
4.2846
1.95775
1.88318
3.16798
6.88113
6.44268
6.219
5.70247
2.72672
1.95713
3.69207
5.12247
1.76551
1.21596
2.65807
1.95051
1.92603
5.29226
2.72652
3.53897
1.50635
0.736515
5.28116
5.77292
1.21468
2.62102
0.1267
3.59927
3.13138
1.64647
3.22918
1.70232
2.45527
4.55193
3.1247
1.82534
1.58774
2.8127
1.89626
3.62542
3.71177
2.40944
7.69988
9.82453
1.656
0.683246
4.65942
9.54486
0.976606
4.88083
0.876684
9.08637
3.52079
2.69752
5.48877
2.2833
4.98779
5.31059
3.0445
4.41103
4.73281
2.47636
4.19559
6.70827
3.76292
1.00822
4.19039
2.24467
3.1552
2.06554
1.89445
4.84968
2.72291
9.08884
1.55228
1.79624
8.41439
10.5075
0.285379
0.841666
1.50859
1.84633
1.8931
1.80204
6.35127
10.7652
8.70377
6.52181
6.81443
5.54434
1.57489
1.3575
5.21411
4.65405
11.7793
1.14455
4.13793
1.84332
1.71534
0.883745
5.19859
1.16549
4.50384
3.84865
4.68895
4.94116
4.63674
13.0852
3.29128
2.63964
5.59056
3.86972
2.7655
2.32889
0.529832
3.91705
1.59442
1.1243
1.87775
6.41747
2.4448
2.79565
2.60683
1.48014
3.19269
1.2353
2.36311
4.95233
3.82957
2.76034
5.44733
3.28586
3.93119
1.45511
2.09057
1.54276
1.0426
1.07247
1.89517
3.94033
1.44919
0.762383
1.96642
9.92983
3.49316
1.40073
2.78009
2.24454
4.09463
7.12152
1.8186
1.33351
0.817936
1.61673
3.24459
4.00706
3.24006
6.22906
0.709135
0.957184
2.00929
1.7881
2.35719
2.71256
1.09456
1.91814
2.08102
3.52257
1.02545
1.53956
1.39919
4.72388
8.30613
13.0698
11.7559
1.08967
1.75688
5.51652
3.14653
13.6369
5.06611
5.10736
9.62603
1.91948
2.60701
2.13518
2.11073
3.30051
2.32148
5.79347
2.70454
4.39391
8.44663
1.48204
4.59477
3.47649
3.09518
1.51719
1.43109
2.48457
9.09281
2.54547
2.52817
2.93717
7.4568
2.01503
1.84974
0.569149
5.44401
3.23357
1.7979
1.6783
6.53998
2.15656
4.63464
4.04453
6.07074
1.75154
1.36575
2.5222
2.55507
13.1296
3.31734
9.24298
2.23248
6.01741
4.69092
7.57374
11.5382
1.90355
1.80957
3.07806
1.49544
5.62901
4.98248
5.7946
1.34012
3.68623
1.93716
2.01431
0.771418
3.49657
1.58197
2.5655
0.658455
1.72646
2.12411
2.4382
2.48461
3.6487
1.53718
2.32604
4.22328
6.66966
2.90292
2.32591
2.72656
4.83324
9.08929
2.19343
1.40125
3.13813
0.607978
1.52709
4.97462
0.897162
5.71522
4.31927
3.04675
1.61751
3.92979
8.15507
1.69998
1.82285
11.7207
1.6563
8.32816
3.16945
2.75347
6.7145
2.42031
2.33112
3.4985
2.20369
3.3407
3.91632
6.34285
3.78141
2.3135
3.1376
3.36482
3.58138
4.94732
0.604342
3.05238
5.88735
2.9269
4.8183
3.29041
2.40981
4.70418
0.935576
1.54877
1.4247
1.95481
13.2165
1.24095
4.73769
8.44597
1.5139
4.58186
2.70171
1.0516
3.97797
2.42033
3.26851
9.42447
3.4946
1.98133
1.82229
4.21365
2.95572
3.05893
2.55569
2.83639
0.799219
1.42328
1.09278
5.00767
4.37386
2.36991
2.35011
1.65644
2.09069
9.66435
3.79747
12.1283
2.2377
2.55914
1.61603
2.16534
2.8854
4.69052
4.05116
3.70829
2.84274
3.0543
1.98719
4.76266
7.11468
2.7083
3.0839
3.3078
2.83533
2.63245
10.3427
6.21876
2.55983
6.97008
1.63256
4.85999
2.87678
3.19289
4.98407
6.92049
10.6652
9.26147
13.944
2.75119
0.893277
8.07955
9.38866
2.57047
4.18872
1.93506
0.488228
5.03823
3.53543
3.08774
7.18026
2.04199
1.49809
2.07523
2.55387
4.8604
2.3145
10.8948
2.73135
3.11238
1.24063
2.5698
3.9007
3.77441
11.5264
0.464214
1.60484
1.82459
1.08398
2.55181
2.85053
3.56677
1.52337
2.58699
3.51742
2.30419
1.92375
1.58045
7.4881
1.62636
2.37451
4.59691
1.59091
1.3683
13.8209
11.646
3.21502
1.63701
4.94002
5.46601
2.05748
2.24319
11.7793
1.6655
2.53976
6.62365
2.22289
2.1311
2.57771
3.42566
5.58555
2.57544
3.28328
5.50649
3.71544
1.84588
3.41308
0.190887
1.05998
1.36589
7.08803
2.29315
5.10691
5.39089
1.94466
1.21098
2.84708
3.96943
5.26002
5.95623
1.97954
1.37521
2.20816
4.62302
13.6415
1.78986
4.5819
1.75538
4.71182
1.80109
0.716668
4.86135
0.989027
3.50326
5.87928
8.40155
11.7598
2.84261
3.78491
2.70187
4.19266
3.05276
5.91471
1.90771
1.24024
2.57486
3.66222
3.06358
4.09657
4.26477
1.31577
2.21404
10.7893
2.83249
2.97219
2.62581
5.82274
5.26566
9.15203
2.99076
2.56263
3.92559
4.17761
5.86558
1.64325
1.77697
2.66853
3.51478
5.43792
2.65323
5.16754
3.17584
11.3169
5.65658
1.78565
1.50846
8.68688
1.3283
3.04081
3.07509
2.38853
5.14131
9.87757
5.90662
0.941097
3.78534
2.14112
3.16126
5.73443
11.6585
6.15196
9.39767
1.4882
2.79368
2.70027
4.15823
4.2789
5.8132
3.2975
1.15706
1.0499
2.5302
1.13477
1.92865
4.19711
6.25941
3.75101
0.876538
2.37219
4.25081
0.693005
5.80679
1.68199
1.7795
2.12136
1.82487
8.08985
9.78694
12.0972
7.95204
4.98024
7.94256
12.3078
2.30416
2.35906
4.87753
2.24839
3.84974
3.03688
3.60406
3.65001
3.34169
13.4523
4.06929
1.92455
4.18543
2.44362
5.601
6.49581
2.10129
3.35973
1.02505
2.64797
0.821209
0.912671
3.7242
2.46618
2.81427
5.92696
2.53997
3.00374
7.87785
3.37048
2.72701
4.61764
4.82433
2.23463
9.37029
0.627333
5.59283
7.09381
2.85258
3.7247
3.93325
1.26726
12.7499
6.48253
1.21063
5.04103
1.88604
2.14599
7.86366
4.64129
5.21329
5.05883
9.68052
2.25805
1.68184
1.82171
2.25515
1.89647
4.12138
2.73934
2.53503
10.8258
2.83306
1.68771
13.1098
1.36947
1.26232
5.72286
2.06268
3.18435
7.81268
8.26551
12.9449
4.30509
1.06143
2.00345
3.41417
6.85766
3.99181
0.731018
5.85968
2.3494
3.55694
1.96444
5.37912
8.50363
2.67651
3.39693
2.85493
6.10823
2.4353
1.55772
0.793766
6.6063
1.75216
7.8769
2.16411
2.87679
2.27477
2.55152
2.83936
2.75625
2.70954
3.20161
1.78831
8.39778
4.99459
4.99114
1.2185
2.49553
1.2274
5.24012
2.63106
5.88054
0.525341
6.31127
1.13672
1.77058
1.69448
1.33463
7.00286
2.19246
6.84583
4.8271
3.33776
1.75298
3.45448
2.86148
0.841967
6.50076
11.9447
1.24457
4.13283
1.63634
2.12364
5.26529
3.0898
2.99827
4.15032
4.55708
2.72312
3.04804
3.69067
1.86401
5.34463
2.26918
2.60531
2.30815
1.89677
7.35725
13.0606
2.48369
6.04888
3.12669
4.15176
5.53374
2.73407
1.96953
1.0033
2.5252
12.6454
1.26402
4.60876
2.54745
4.65842
1.71527
2.73559
4.06195
4.62913
2.28204
3.04283
13.1406
1.99446
1.43076
4.6431
3.58634
3.5358
1.32587
2.79993
3.03696
6.71594
2.40735
5.64806
2.62554
2.38371
2.17724
4.85174
4.54735
7.88381
1.25546
1.46742
4.37005
4.99261
1.22703
2.01344
6.51392
1.08125
8.48855
3.48925
7.3938
6.23154
10.0864
1.26579
7.95655
6.76958
7.07516
4.62005
2.239
2.2805
8.29252
2.49935
7.06011
4.99037
3.99711
4.21843
3.06882
0.646228
4.2078
10.2272
2.01589
2.14016
6.71218
1.42725
0.667969
1.98259
2.73685
2.79676
1.70839
3.22238
7.59741
1.48007
5.50103
1.10296
13.2456
2.27996
1.76928
2.45665
1.06759
7.85517
0.939311
4.56562
4.16301
1.65467
6.29524
1.57232
2.90353
4.07911
1.98288
2.08743
10.1495
4.53381
3.81765
1.30781
7.45373
4.56631
3.03847
1.81258
1.37719
3.30251
2.79132
0.636626
1.61311
0.724455
1.70838
3.26614
1.23093
2.46489
4.2427
8.92183
3.1097
3.06154
2.76682
4.55458
1.1414
9.00147
1.64241
2.43762
4.90099
3.35336
4.03752
4.49431
12.5773
2.62343
1.19696
10.8187
4.47833
3.05351
2.28378
2.75747
8.40575
12.1034
5.97122
4.53382
10.0455
5.1151
8.56867
1.066
0.628468
0.360663
4.92786
1.87097
6.31717
1.2793
1.25364
0.359915
4.86644
6.74918
5.88086
4.95331
4.2029
3.35209
1.68275
1.28529
0.865582
2.52723
3.98837
8.82482
5.57499
0.961172
3.71237
1.79287
2.288
2.84172
7.61336
2.24681
3.80972
2.85345
8.99326
2.72572
6.93449
7.46229
1.11001
3.71754
3.26097
8.6303
12.0603
1.66749
5.4357
2.43614
2.63058
4.03495
4.08885
1.34325
4.0931
3.23545
2.00948
2.36038
5.51283
2.69666
6.14081
1.31673
2.9303
14.6753
6.84494
3.96971
2.87145
1.35258
1.17386
2.57818
5.30508
2.95031
13.7534
6.13952
3.48583
9.10309
1.36151
4.88541
2.26054
5.64243
4.5574
1.27001
5.00514
7.95728
0.682254
12.8775
1.91524
9.06095
7.35691
4.5512
6.13323
2.29863
2.82736
5.59524
3.55251
3.67781
4.10529
5.08156
2.45194
1.94136
8.02935
1.62439
2.99749
2.9348
14.3683
6.91574
1.85848
2.03817
1.35734
1.81968
3.53355
14.6025
3.66352
1.52908
7.13442
2.47303
3.34771
2.75597
2.52359
5.70688
0.925332
3.13792
6.15884
0.21887
1.85886
4.00375
3.52842
4.5197
3.07785
8.09567
2.43491
9.33857
1.46907
12.7853
9.80771
3.41223
4.79687
4.59422
3.13424
6.24318
10.6363
10.3967
7.174
0.870648
2.72132
4.48273
1.41592
6.88361
2.22025
5.06026
3.0652
3.32147
2.15533
6.86376
1.26569
3.41746
1.74113
1.41532
12.931
4.23318
2.09924
4.28628
5.06577
2.07699
5.45272
2.02455
3.5987
2.96086
2.77367
1.21394
4.15258
1.86142
0.413872
1.74442
5.42046
10.8951
8.20692
2.10252
10.4174
1.48062
2.05745
4.1774
1.72244
0.85016
3.13142
1.75075
2.01563
2.55418
2.4999
2.28197
4.84138
2.67913
5.26607
7.2898
1.96918
1.03355
1.14731
5.09679
12.3297
3.07826
2.96389
5.19356
1.7683
3.31609
5.86719
6.43868
5.01971
3.57704
3.10484
9.33183
1.05564
6.23182
3.51139
7.05616
7.94041
1.9593
10.0701
5.55597
2.96034
3.49785
2.04543
2.87196
1.96716
3.08019
2.7291
0.731907
3.02661
1.37182
3.63652
1.76666
2.69669
4.11323
8.96651
4.50487
1.50106
9.12557
2.86074
2.61525
2.62691
3.26734
9.50569
1.79419
7.97373
3.06302
3.0441
4.32654
0.670046
2.63278
3.39907
2.0705
1.16176
8.55176
0.846967
1.9209
4.7554
2.84971
7.54816
4.45343
6.19913
0.817562
4.57624
2.25883
11.556
2.86918
4.61907
7.7721
6.56348
2.25646
2.89131
3.64975
3.45048
3.66149
6.78212
1.98473
3.83468
1.77616
2.28983
5.81022
13.6596
8.48761
5.57592
1.81822
5.87848
1.43899
3.29368
2.02987
4.17078
11.7283
4.87997
8.35847
1.32206
4.52671
1.95004
1.47587
3.94811
4.9199
4.06004
5.88369
9.35825
4.41403
2.93492
2.04639
3.69844
4.93568
1.44321
2.14755
3.81073
2.63584
4.68824
1.88124
0.978651
3.58545
5.45075
2.82327
1.86218
2.47826
5.32739
7.46752
3.29874
1.79114
7.13231
0.869201
2.88461
5.55585
1.88747
4.80672
0.932597
9.60286
4.23265
5.43616
3.68229
1.71589
3.36318
3.56536
4.44206
2.66139
2.25499
1.11629
8.13575
2.90033
2.72877
1.64362
2.27191
4.61935
3.72044
1.56961
2.26178
3.7911
6.7465
6.6692
8.25215
0.96271
2.79322
1.69958
3.99792
4.39378
1.26906
5.05793
2.41559
1.39714
13.5416
3.2096
2.44222
7.18933
1.70631
4.38261
4.50648
8.07716
9.19153
2.36232
11.2567
3.97035
6.0158
5.68356
4.83398
3.40605
4.85163
2.06581
1.20163
2.93692
2.70013
3.309
4.04984
3.07227
1.99447
8.01818
1.32585
5.03554
3.73345
3.16218
1.22953
1.74045
1.83598
8.57058
2.81234
2.57902
1.74372
4.05522
2.72034
2.95403
7.3959
2.53829
0.695914
11.4421
1.53271
1.25989
3.16104
3.81044
7.26026
1.69844
3.55155
0.504533
1.44861
13.2854
2.96677
1.75008
3.82265
2.32682
5.33077
2.69097
3.03047
9.48306
5.38777
7.03135
9.22558
6.38657
9.34002
1.55044
10.6463
2.53317
1.60978
10.4945
3.03873
4.36843
2.3532
13.3507
4.26102
3.65998
1.7783
1.20132
6.96817
2.96544
6.40025
1.56501
2.06978
0.56194
4.01036
1.26635
5.57271
5.23726
1.00924
3.77721
4.28763
2.13917
6.64261
4.34508
1.79531
4.90086
3.76683
4.00894
7.02577
3.34613
6.39739
6.32273
4.56705
4.76943
5.1696
5.68659
7.19828
5.7081
2.15199
2.43685
14.5313
2.75301
2.48392
1.61288
1.46592
1.35351
4.23486
1.09254
11.4816
2.82979
5.15795
1.53178
5.64996
4.08965
4.19103
5.46614
9.09193
5.96129
3.49991
4.06806
3.57349
10.4093
3.5464
1.93296
5.52903
3.20258
2.05437
1.96323
1.6839
3.39482
1.54451
7.65103
11.2245
6.77202
3.80384
2.72165
2.45051
9.51498
2.479
3.94145
1.90468
2.75502
3.3366
3.65394
2.22637
3.23637
1.25496
2.02772
1.70188
3.26844
7.30831
2.71768
4.15952
1.44538
1.80213
1.84434
1.32071
2.05949
2.40777
1.0179
3.9365
5.0477
1.43235
13.3055
6.41969
2.92318
2.46742
7.41116
12.2553
4.04729
5.21707
5.66943
3.85153
2.9519
2.21935
14.8823
7.47457
1.80743
5.4427
1.15962
6.55985
4.35828
4.09684
3.82537
5.14357
4.36535
3.62936
4.61402
4.7913
2.2996
3.90057
4.23175
7.03439
0.916846
3.32944
1.85583
1.01241
2.60743
5.75594
11.823
3.52791
2.85103
2.00428
1.59854
5.18246
3.17616
3.62145
6.09956
2.31689
3.76622
4.46684
1.85086
4.62343
1.40842
6.31492
4.26694
2.99081
0.814122
13.5328
3.44166
4.18892
7.49177
3.97869
5.90576
1.88688
1.6255
5.29852
3.86808
6.95872
6.16623
1.58637
5.27074
2.89442
1.34209
4.11963
7.15284
3.75766
3.70581
1.29704
2.65998
11.0609
1.15466
2.36474
0.854628
13.7751
7.45809
4.45263
7.98848
3.6822
3.63391
5.84551
3.01562
2.42103
3.28796
4.6156
3.94745
2.67316
5.2817
1.54517
2.3952
2.86704
9.3755
1.77308
3.19482
11.0842
4.8744
3.0431
2.30704
2.49973
2.27667
4.23404
1.60287
6.79102
4.1614
3.7214
2.87736
5.07373
3.39982
6.4291
4.9521
1.37434
1.22961
3.74998
1.93212
3.7059
4.57184
3.47823
8.48834
1.84569
2.78431
4.73103
4.79041
6.26852
4.60479
4.70849
6.99777
11.4228
2.89117
6.10788
4.34373
3.05386
8.60058
1.05172
2.2132
2.51251
9.5045
2.62637
2.96587
4.35938
12.19
1.61789
4.20127
1.58794
4.28845
3.42664
1.58429
3.84786
1.63807
9.12383
3.07066
5.64819
6.57371
2.00151
6.97396
4.61025
9.6636
5.85479
0.5989
1.1623
3.25856
1.53285
6.66719
3.02293
1.97633
2.96563
1.78026
3.23451
4.16864
6.52632
2.80614
2.5766
7.51854
1.15415
1.36096
2.3892
2.50936
1.77255
5.81346
2.03053
2.21865
6.71073
4.67428
1.67336
2.25846
6.34734
2.69493
9.05036
1.22334
1.32817
8.74852
2.40432
4.19958
5.06388
3.38061
1.7735
0.634446
2.58288
11.6136
4.31658
3.91797
3.45706
2.11612
4.72253
3.98175
3.39456
1.43648
1.15344
4.13404
10.3273
2.66879
2.21198
3.81499
3.72831
0.307378
0.617747
2.96925
9.67713
2.22756
6.36945
4.72659
12.7625
2.8798
3.59787
1.62255
3.71154
1.02728
2.60604
4.13714
2.28839
5.12263
2.70925
0.962922
7.61154
1.81531
3.72368
2.98582
4.44324
4.40173
3.34685
1.37441
0.659034
2.02786
4.11451
2.63388
2.96036
3.82118
1.57781
1.79312
3.1962
7.96045
0.629135
5.85681
0.832965
9.96757
3.99106
13.7
6.11759
4.5699
2.13896
3.49934
2.09263
3.28926
2.13475
2.79727
3.80989
11.4576
1.95061
7.84677
3.66395
12.4721
2.24476
4.52423
3.70168
2.2392
4.09444
6.37995
0.846637
3.94716
9.2934
3.33683
5.45547
3.30787
3.51731
4.12521
1.16385
2.65326
1.68503
12.1132
5.56425
3.22984
2.03793
5.62038
7.17781
4.40677
6.373
3.13426
4.96217
1.47827
4.16356
2.63713
2.7818
9.75586
1.81234
1.00767
4.27006
2.39528
3.59885
2.39743
2.92705
3.5402
1.43862
7.00942
3.89839
5.82525
0.816808
10.2563
2.69739
3.08226
0.918984
2.37925
3.28437
2.86527
1.76362
2.66451
1.49714
2.34129
2.67528
1.75442
6.96598
2.42404
5.45982
6.91736
2.31526
0.897549
10.487
2.02938
2.57153
3.11779
4.85607
4.35895
7.2466
4.4562
10.4851
2.14536
2.316
12.316
7.33644
2.94531
4.02062
6.99073
10.2723
5.84773
8.27737
4.78685
2.64119
8.20873
10.7583
4.14427
0.9505
3.86653
12.3714
1.40723
4.87819
1.94648
9.34425
4.17758
2.11944
2.04095
5.90999
3.9384
0.915846
11.1107
6.04029
1.27635
4.73755
5.66126
1.20027
4.80042
1.81837
9.60137
2.51719
6.87376
2.62501
3.29072
3.56652
1.48379
3.61316
1.02388
13.0151
1.87426
2.19583
1.06979
1.18335
1.09925
7.13176
1.89726
3.1596
4.89583
3.45747
6.50977
3.53016
1.41034
9.79797
6.91295
4.11455
3.82462
1.54658
2.96038
3.55625
2.94522
2.30496
6.00494
4.8681
6.41396
2.89424
4.70914
3.29929
1.76687
5.73876
13.3139
3.34613
7.49112
14.3496
1.61867
5.11572
3.76949
3.64428
5.33325
9.60943
1.87426
1.7557
7.76857
3.55722
1.51497
8.26812
8.65956
3.6361
2.83192
4.00757
3.35351
2.33688
4.77434
2.84685
9.37085
4.73292
2.638
2.97986
3.01853
1.29673
3.26883
3.30443
0.9442
3.29925
2.54708
2.55022
3.077
2.28941
8.572
0.769969
7.66764
3.70858
2.19866
3.10905
1.51167
2.70269
2.12367
2.56802
3.03052
12.3665
1.14692
1.25562
3.52958
9.89535
4.72611
6.17708
4.14264
3.87619
0.839632
3.73888
1.70099
2.62704
8.28637
0.819611
2.69934
1.38094
13.8265
2.17552
1.11159
1.78982
2.17052
10.1744
1.89586
4.35086
0.830558
3.39231
2.67471
1.87193
2.50384
0.696509
11.1138
1.57529
0.4856
1.27221
1.32285
1.98473
1.11673
3.99395
2.60534
4.14106
2.92167
4.53475
13.0942
1.00819
1.9151
10.9242
3.38976
2.20989
1.4478
4.30821
6.54765
2.48672
5.87325
12.6959
1.54543
6.5377
8.09292
5.42775
4.19246
4.55159
3.79608
2.64768
9.66403
5.11596
3.36925
5.69496
11.7706
2.09585
1.35765
2.29005
4.43865
14.8287
3.07622
2.9362
2.13419
2.0109
3.97906
2.26772
2.26115
1.54224
4.90396
14.2526
4.32615
6.06705
0.822539
2.24906
2.26193
2.27487
2.98271
2.70135
3.52681
10.0789
2.13648
3.53938
4.31744
2.10168
4.10048
14.5199
3.61084
5.15405
4.20257
0.870688
6.75057
4.76803
5.31123
2.29913
1.66501
1.35611
2.36321
11.4245
3.25533
1.66396
2.36806
3.18081
2.58789
2.86462
3.46259
5.22855
2.64778
3.03114
2.69512
4.33952
5.95382
7.7301
5.89877
2.37762
3.11949
2.38542
5.47495
1.374
4.4858
1.27316
0.569267
5.88339
2.88945
7.6055
1.45819
8.12549
6.68074
6.50979
3.33739
3.41269
3.62795
4.53887
1.20664
3.60713
2.43674
1.89277
3.38418
3.11724
1.19261
2.40549
5.5272
1.32157
2.99178
1.10173
10.0359
10.3025
1.94654
4.32328
3.86471
7.57785
4.53355
1.29306
1.93668
3.53737
1.39949
6.43234
11.012
6.41824
1.26505
9.20387
1.08455
2.64736
12.9438
1.74839
1.02364
6.39603
1.70203
5.67553
1.06769
1.74111
2.47976
2.64215
10.3535
1.94271
0.874943
1.46923
2.80323
8.56257
4.44639
3.16029
2.10908
4.13029
3.83026
2.13106
1.7499
4.46317
2.67209
2.19477
4.21092
1.53156
6.84627
2.05201
6.28106
4.37067
5.07305
2.79791
3.79978
1.08835
3.00361
2.73447
9.93995
3.95425
11.2539
1.26661
2.80805
2.83746
12.0441
0.829612
1.29807
2.55612
3.85979
3.31369
3.11144
1.62071
1.04343
0.605501
2.02043
4.55983
8.09543
9.28386
3.2403
3.52216
2.95873
2.45577
4.39568
6.16122
1.60599
4.41117
5.99866
1.12268
0.917391
2.76929
4.35996
5.53557
7.55313
3.14645
1.10496
2.23772
0.70289
3.56688
2.07678
2.15097
1.59158
5.87863
13.6978
4.29585
1.60925
4.84622
1.7554
7.16451
0.583795
2.04149
2.92017
1.64625
7.98294
3.39598
2.71263
1.30012
2.41852
1.77027
8.46202
1.57114
8.37012
2.27132
3.34373
5.12798
4.35176
1.0711
6.45341
14.9398
4.23694
1.69956
3.01838
2.23311
2.75787
7.15743
3.31874
3.6439
1.98689
2.2941
2.8715
1.5551
2.76344
9.7271
9.91226
2.40445
3.79561
4.04207
4.85728
6.5983
6.36704
2.817
7.89885
3.71185
8.10322
1.87067
2.15174
2.43685
4.61898
1.10084
3.16708
6.79712
7.62484
1.57077
2.3267
3.29831
4.69554
1.67791
1.67263
2.21544
0.87081
11.4459
2.62411
0.765868
1.23145
3.12709
3.01234
8.00042
4.08436
1.91261
6.68227
3.12251
1.97034
4.3288
0.647661
8.44345
0.930733
2.52582
2.44299
3.88342
1.99099
1.66856
0.443104
7.5457
1.69224
2.05511
2.06109
3.11301
1.5597
3.22178
1.58522
3.28299
8.94938
2.399
8.6508
2.45714
1.38228
2.05979
4.02977
5.91613
12.0443
4.12983
7.38184
5.63797
0.815836
5.73778
6.49222
2.41067
3.35281
1.11262
1.70644
0.977814
2.8979
8.96018
2.99737
11.3251
3.7688
2.53016
2.24225
11.1734
2.60622
5.03023
2.69903
0.956908
2.63867
5.66965
2.08055
5.78095
5.14562
3.83924
1.50893
2.10166
1.51502
0.978832
2.56108
2.72154
4.33422
2.20887
4.22002
3.48231
3.45395
3.79463
7.68157
4.41573
1.90174
1.8036
4.58849
3.19808
14.7219
2.16033
1.51537
2.92455
3.09323
4.63752
11.9379
2.40891
2.68926
3.33823
4.13069
4.52056
4.8962
4.45329
8.89531
4.17396
3.31063
4.81317
3.45468
5.12907
3.36254
4.38628
4.7645
1.39513
1.54379
3.27071
2.53485
2.77223
5.88344
1.29233
6.22097
9.47688
9.99445
2.8214
3.64704
4.897
2.76573
6.22274
4.47992
3.06682
4.94864
5.44946
1.93435
6.91637
1.89738
0.80886
2.26563
1.51664
1.12011
3.88079
2.52618
1.57698
4.1937
5.7575
2.94922
3.52307
1.12976
3.67111
4.51823
4.89255
5.78297
3.45861
9.20702
0.884773
2.91771
0.536949
2.33952
2.27613
5.59827
3.17659
3.07709
0.936022
1.88836
1.38561
4.85477
12.1158
4.7364
5.09831
1.98061
8.71359
1.6782
2.00482
7.89023
5.28736
4.63257
2.98245
3.57755
0.916943
2.95488
2.71823
5.65075
4.36228
4.44501
1.54329
6.54353
10.7762
5.43847
5.93047
4.8658
2.28113
8.37432
1.68855
2.22476
11.9895
5.4535
3.67212
5.83478
2.06105
3.10623
3.58614
2.47318
0.700454
5.55377
6.14078
3.63324
3.27515
13.4453
5.5671
0.65111
2.27947
2.6011
4.75439
1.24097
5.53132
0.821835
1.25335
5.14213
5.66266
2.33015
1.75821
2.25064
14.9557
1.61419
4.59733
1.27073
12.7591
2.65299
3.65754
3.92719
3.42871
4.38669
2.87835
4.12078
6.19831
12.2191
6.61344
4.66596
6.29909
5.22547
1.81293
1.06481
1.48172
8.31305
5.33643
5.36892
2.92134
2.58497
2.88399
2.85925
1.90154
1.03823
2.34268
2.80759
5.22422
1.25297
2.79016
1.21185
1.27917
7.53607
5.60046
2.96741
3.52002
4.46713
6.92974
2.03955
7.78402
12.686
2.42373
10.9377
4.6145
3.31073
1.6514
0.987034
3.29518
1.51888
1.47559
3.81356
0.938825
5.66951
4.23744
8.53274
3.87851
1.0924
1.69345
4.26478
2.54988
2.52022
1.53148
3.41072
5.2638
2.06943
8.14142
5.95622
1.86743
2.32176
7.002
11.2679
2.14153
11.7879
1.32204
2.41332
3.85817
4.73504
2.6368
3.58444
3.79024
3.14489
3.38868
2.49314
1.41785
2.4226
6.73324
0.872141
3.88288
1.3672
6.05311
2.83072
1.39801
0.70801
6.3552
5.16983
2.31364
10.0521
3.44986
9.43003
5.90949
0.826706
2.74272
3.15031
11.0526
1.77997
4.03445
1.77711
0.885707
2.74724
2.96134
1.14811
8.01111
2.83002
7.11525
1.06544
7.72972
7.70878
3.83899
2.5729
1.65053
1.10021
0.391936
3.23285
1.58426
5.68136
5.59998
2.97999
5.05002
7.74406
4.64533
5.5264
3.27911
9.37056
4.41501
3.37899
1.30294
2.3895
3.88687
2.88485
1.33987
4.3916
3.40049
2.52881
2.98924
7.06666
1.64153
6.29234
13.8838
3.13211
4.47056
2.67361
2.82092
1.84384
2.37523
3.98768
3.10836
3.41893
13.3994
6.04236
1.57162
10.7873
2.64435
2.05434
1.73301
2.23034
5.9775
2.90324
2.84904
2.48845
4.37084
4.8059
2.15671
3.29087
0.7062
2.85533
10.0992
1.81368
4.03681
1.06063
5.22611
2.50267
8.2586
8.6541
5.68014
3.23029
4.40891
5.78536
2.97766
0.576037
0.444076
2.06662
3.66921
1.89321
5.63652
6.78048
10.0554
4.22576
2.77454
2.83554
5.07834
3.62968
5.87105
1.96751
2.59707
2.03768
1.45001
1.57348
2.72826
1.9849
1.79884
12.4968
2.16087
0.704607
5.86426
3.53534
6.31695
4.06428
1.58454
5.62731
1.65047
3.22278
2.95843
2.44706
2.78442
5.9754
6.27569
5.24501
1.17097
2.2811
4.57096
4.92039
12.0598
4.12226
1.03174
5.93834
0.957028
8.6628
2.51921
5.35675
3.68905
1.70366
1.7761
1.90587
5.80736
5.35725
3.26801
6.57051
0.819735
6.89079
1.07725
6.06323
4.12838
3.25182
1.13328
1.26013
2.29776
6.32456
2.7146
2.52559
2.33433
8.34379
1.44899
3.15088
1.86857
1.58201
6.91043
5.70434
4.93523
2.22297
3.18228
2.81441
10.248
2.95108
2.38361
6.0376
2.11773
9.75433
4.57749
5.75654
2.48869
4.17908
2.96251
3.37381
1.51784
4.96376
13.7882
2.46509
1.57827
3.00446
2.17311
5.15017
2.12639
0.407979
2.81955
7.8679
8.26136
2.9501
2.79735
4.89717
4.67636
0.962117
0.863754
9.18631
2.43929
2.80904
1.43665
9.11433
5.10637
3.11069
1.43481
3.4817
1.41259
14.4179
3.08868
4.131
3.99375
4.0531
0.667817
3.06066
2.08118
4.67688
3.03767
3.73796
6.22291
2.35677
4.08047
4.44411
3.04246
7.83666
7.53856
2.33626
3.28476
12.4415
3.23649
8.46507
4.02933
0.461887
1.63337
5.00031
2.44019
5.92015
4.06002
5.89722
3.80511
4.02112
3.16835
5.08309
0.502702
11.8576
1.01706
2.91845
1.87399
2.32491
4.07551
3.71854
3.93446
2.83184
6.42134
4.27775
4.20599
1.32454
4.51461
5.45652
5.25279
1.76122
2.60531
3.71728
5.75714
7.99824
0.257472
4.60076
12.6116
5.84498
1.70287
2.06713
0.999903
1.63074
2.67278
2.18212
5.22062
5.86834
1.69233
0.669306
7.35939
1.73642
2.23109
7.54154
8.86541
5.21507
1.32915
1.67162
3.94802
3.80531
3.28199
2.03496
3.95246
6.49708
3.74067
3.44617
1.84844
2.34306
6.28231
2.59682
7.5804
2.1424
6.05667
2.96076
1.05629
2.04724
6.52602
5.59749
1.3777
9.73662
2.15015
1.97835
2.15127
5.58859
3.32971
9.98043
1.74785
3.36027
3.24104
5.92803
7.42666
1.59579
4.45205
3.53169
3.93929
8.22095
2.9574
1.8245
5.80591
7.97113
4.02146
2.36327
3.87503
7.79615
7.58318
3.88282
4.32672
1.21999
4.43225
1.61519
3.32669
1.24992
4.78017
2.16831
10.6862
0.939923
1.94763
1.99482
7.47882
0.348982
1.94202
1.32955
10.8311
2.76678
5.41976
3.57351
3.64239
1.99829
2.49257
8.4368
9.5679
2.66822
3.96324
2.42922
9.64186
8.31829
1.22005
2.09969
5.68071
10.32
3.30166
1.88139
4.85614
6.02003
2.08623
8.82396
4.69091
0.783596
7.30245
3.32595
4.97854
1.98068
0.89135
4.66983
1.74568
1.82066
8.26744
3.41577
6.00024
1.62231
4.18736
0.916619
2.16829
2.84682
1.16293
2.59923
3.52172
3.47405
3.16467
2.18108
3.40315
2.05548
2.91407
2.88147
2.37442
1.83204
4.72604
2.68669
2.64531
1.79277
5.31722
2.68886
2.48518
1.15846
1.76811
4.10125
11.6019
5.33576
6.4823
2.12776
4.08124
5.08258
9.32209
7.55228
1.31563
6.34823
0.844885
0.904368
4.02046
1.34054
14.8085
3.76381
6.96903
5.4509
1.49843
5.95037
1.05815
3.37805
6.23737
2.2083
13.7145
1.1747
1.76625
2.8521
4.13322
3.12011
3.70383
5.01584
6.48112
1.58904
2.10405
11.4565
3.29679
2.97147
2.47873
1.91896
10.5625
10.9639
4.69878
4.41353
4.46045
2.57006
0.438985
3.72476
3.94243
6.4964
2.76492
1.11756
2.50124
6.33396
2.14774
4.31312
3.68741
6.39172
8.46348
1.6161
7.10418
7.4516
2.40723
10.9655
5.32031
2.56905
1.08202
1.2077
0.654241
2.22024
2.38134
12.3056
4.74308
3.88108
7.45098
3.06617
3.17689
13.1044
6.48691
13.1471
4.8144
0.829443
2.19623
1.88083
2.96881
4.829
3.83188
1.03551
14.213
3.11762
4.6451
1.88745
1.01267
9.45552
3.81957
2.57148
6.31423
1.03331
3.93685
4.40148
3.23072
1.46226
0.654013
2.6108
4.37231
9.75625
2.24122
0.77909
3.54686
2.35538
1.67728
2.61387
5.85919
3.82095
4.87645
1.3328
3.1218
2.11674
2.20385
3.22217
0.776546
4.4456
2.02499
1.5255
6.34092
1.65452
2.41059
3.69293
2.14271
9.61264
4.40954
2.53032
3.16804
4.18629
2.10611
1.8704
3.93154
1.21852
6.97304
1.90403
1.93149
5.47056
1.60771
0.436846
1.9675
1.42353
4.11209
4.8279
3.4145
2.05552
4.40017
7.83209
4.7113
1.18683
4.59823
2.66925
4.32035
3.95374
4.27832
2.48241
1.48678
1.61651
2.80273
1.44056
5.66269
4.63915
1.33056
1.93896
7.73452
3.00131
1.24715
3.21964
2.42015
7.34805
1.16863
3.95576
1.40678
4.54838
2.50911
1.70753
3.82955
4.29656
1.84019
1.69762
3.36697
6.66049
4.61893
10.935
4.45011
4.52234
1.7081
2.51279
3.2893
2.78589
1.89549
5.07381
7.03947
2.17571
3.64663
1.15692
1.70114
3.38409
2.50097
1.38998
0.938863
1.15919
3.99841
4.17348
2.18949
8.7639
1.60407
3.11708
2.22459
0.309273
5.02314
2.60049
0.462449
0.852512
4.17966
3.34697
3.13089
1.74518
5.63376
3.0657
6.34917
3.12272
5.1225
2.03258
0.703722
1.43364
8.42805
2.85749
3.28559
5.84967
2.50414
5.86422
2.75712
2.94626
2.87116
5.67363
3.87919
1.46244
1.96339
6.682
1.22326
6.00098
2.17446
10.9774
1.80579
4.9045
2.54908
3.64737
2.16183
2.66206
2.45639
7.91539
11.5192
1.56378
2.04512
1.24599
3.71914
7.77238
6.68759
4.25648
1.20988
2.42358
1.82006
4.86553
2.88704
9.23136
3.29276
1.18338
2.47527
3.91596
7.19787
4.66042
5.84991
2.48055
3.10193
1.75303
2.23449
3.09534
2.55062
1.29271
2.94688
1.26104
1.71753
1.92552
0.679596
5.06325
6.59052
2.74551
1.63708
2.47323
1.12462
2.90418
2.76624
1.02759
6.55391
4.43683
1.73748
7.01602
6.81837
2.72701
2.58596
1.59621
1.48339
5.79916
2.17755
3.33058
5.01834
4.47633
6.53437
5.19921
3.39603
1.67073
3.79852
5.48084
1.54488
2.60512
8.41125
2.96512
2.17342
3.22718
4.7664
4.63673
1.42916
2.13519
5.3838
1.71146
4.63128
5.52635
2.12959
4.53657
2.72341
2.18194
1.45452
1.09317
1.82918
2.51361
3.41728
3.36118
14.9169
6.67641
1.65728
2.00684
3.34605
2.45788
4.38124
3.97641
1.57512
2.51672
2.91936
6.13008
1.94484
1.85514
0.924242
1.9281
5.12491
5.10457
3.46682
3.56003
0.567917
0.846664
3.52821
3.35312
1.97327
2.61597
3.0117
2.71556
3.72431
9.08889
13.4748
5.40734
5.01301
1.65268
1.55324
1.31503
1.63243
4.35157
8.69451
1.28301
2.30488
2.04373
2.47677
3.49512
4.33086
2.09775
2.45021
2.91501
8.73305
6.09748
2.22086
0.732001
1.23602
4.18606
2.26072
3.03657
4.1137
1.28022
4.0455
3.40181
2.583
2.0585
2.93024
2.79475
4.07974
6.94359
1.24983
0.330602
0.820925
1.26654
1.62888
5.97022
1.5006
2.47649
5.49457
1.54009
3.00173
1.64666
0.50009
4.40917
14.929
1.60101
3.66693
2.97557
4.01103
0.711145
2.67396
2.0963
1.73375
4.49961
1.51589
4.0889
4.91551
10.7146
2.35583
5.99444
3.65194
3.45496
3.04432
4.25663
0.922326
2.18126
2.25235
2.73484
3.75116
2.0507
8.89099
1.91956
1.22521
9.23038
3.42726
0.701295
2.50549
2.92207
4.03509
1.90234
8.91556
1.45637
7.49465
1.25801
3.20855
1.81079
3.5243
3.69099
1.72618
2.61845
1.56728
8.28874
2.71931
2.03749
6.88938
0.557074
0.540847
1.22502
2.83291
3.28481
7.09804
0.86152
3.86132
2.6182
7.77996
1.55742
3.78804
2.89414
2.33584
7.0028
2.92236
1.8283
1.28481
11.7554
2.54272
4.66512
1.3996
7.3524
6.10262
1.87279
5.05253
2.04011
3.28999
2.2388
4.08363
4.34385
1.60657
3.94949
1.56523
2.17263
2.6962
0.924446
1.43501
3.62326
4.01494
1.73687
2.33233
2.88436
4.6312
2.78623
4.70621
1.329
2.70884
12.4999
8.62983
1.28435
6.38291
1.74667
3.84412
1.61064
5.02622
1.806
10.3084
2.14243
3.88403
12.3096
1.08268
7.32724
4.87107
9.3408
2.12302
2.76568
0.990019
3.24581
1.15976
2.06771
6.02361
0.70311
2.53763
13.6832
1.81785
1.68025
2.70853
1.72679
4.89659
1.19104
2.99801
0.998907
3.06472
6.09861
3.17362
3.30984
0.819731
1.89883
1.85207
4.47573
5.67304
5.10451
2.59477
2.19682
3.23788
14.3776
2.8745
1.41101
1.59718
5.51717
2.19345
11.4561
2.02951
2.02968
3.82573
4.48987
1.30814
2.79394
3.0116
2.60169
4.10604
0.457507
1.76071
5.73003
7.22246
14.0578
0.846988
2.13317
2.27837
4.17738
3.95583
5.75894
2.9594
14.3157
7.02533
3.9513
3.22655
6.35351
0.663822
2.96326
1.28446
3.47071
2.89025
7.11928
3.09607
2.08452
8.95072
1.90753
3.0097
0.868268
1.1747
6.3245
3.44013
1.2809
11.1915
7.13629
2.1283
5.32034
3.74288
2.84028
3.16511
3.5279
5.6809
10.5248
2.62722
5.44346
1.45294
2.26122
4.21997
3.86704
2.68344
3.5121
2.13542
1.96077
3.09724
2.76511
1.31714
6.59111
1.28167
2.58104
14.8506
7.03161
4.2637
4.37552
6.5418
7.62228
2.27753
1.68072
6.17326
5.97437
1.28332
4.1456
5.72689
0.551532
3.32633
2.70384
2.15822
1.62691
2.62168
1.08233
3.3883
2.49344
7.03051
1.33899
12.8918
9.20133
8.91271
5.66683
3.91014
1.61565
1.50484
3.11752
3.24446
12.8592
3.88286
2.73846
3.08512
2.77666
0.577688
0.418145
5.92523
1.37657
0.974375
2.33811
4.11302
0.291583
5.58965
2.14827
2.14139
1.91768
2.97227
2.72754
2.87176
2.39225
3.50078
2.66858
2.95935
5.11753
4.69693
5.13519
2.50934
4.28262
8.33979
2.36453
3.06801
2.04971
1.64083
0.734279
3.45197
10.3811
12.6695
1.04856
5.43195
1.61377
1.81847
12.9406
8.68433
3.86305
8.66305
2.24478
0.951038
1.34266
6.64163
2.90804
0.567734
4.5414
1.6065
1.70152
6.58384
3.68567
3.03077
1.62119
2.25053
1.14831
3.53321
9.06146
4.24499
6.39222
3.89113
2.27426
2.38226
3.47396
0.917313
3.3452
1.59005
1.61704
1.40604
3.24764
5.38036
2.91741
3.33057
4.79708
3.93017
3.98146
5.00594
1.03414
1.66554
1.69672
6.47583
1.93375
4.91364
3.13067
4.23329
2.98403
0.982416
1.8244
2.02585
1.78026
4.96623
1.14608
3.61203
1.72355
7.3164
4.75158
2.52065
5.26303
5.66376
5.22696
1.46105
9.02569
0.357355
12.6565
2.90801
9.0351
7.27668
3.51656
2.87081
4.88508
13.3776
3.92955
2.25417
1.73248
5.76463
3.91205
10.014
3.2834
6.9881
3.30438
7.88979
8.58702
1.04043
1.26889
0.999428
2.27009
6.08478
3.64339
5.6291
13.3112
1.35426
1.15238
1.10693
6.29356
4.57843
1.51406
2.46911
2.27232
8.24327
0.834789
3.49167
3.29916
1.10272
2.3568
0.60719
3.25523
2.26233
1.18322
2.06815
10.3424
1.57205
5.35947
1.23797
2.038
2.52111
1.86103
6.66038
5.15153
3.79349
7.65476
2.36244
2.52712
2.70825
1.07873
1.69234
2.37898
3.03939
4.99249
7.54449
0.608931
1.73831
0.907405
5.7485
3.70353
7.18608
4.39275
3.70732
2.78196
3.34525
1.30578
7.14859
2.55882
8.51845
5.82138
10.858
1.7984
2.71284
2.38416
3.10825
2.71147
3.54951
1.66035
3.8001
14.6112
3.83274
2.19642
4.40971
2.46915
2.30508
2.2474
5.27989
2.34167
1.29986
2.81315
2.56269
1.4028
1.12162
3.96542
6.63811
7.51435
2.2422
3.04105
1.75468
1.00955
3.52582
2.29285
2.68346
3.78127
2.07546
9.11132
1.80688
0.825921
2.54469
1.71802
5.89652
2.27267
2.38213
3.37422
0.830293
3.48679
4.01762
4.24991
1.15046
1.07368
1.56909
1.06253
3.70404
9.87119
3.60768
2.81162
10.9579
6.40322
4.80523
4.15034
2.80984
1.24196
1.72234
1.90576
4.05706
8.77228
8.65409
1.23248
14.1685
1.6231
3.6494
3.31733
6.74659
1.93708
6.16975
3.08883
8.98943
5.4891
7.12023
3.27545
9.36287
3.36787
4.74608
3.16084
4.5523
2.57329
3.37828
0.939857
6.54519
11.5036
2.31517
1.39595
2.69827
8.11433
4.00861
5.065
4.29891
3.98999
1.4739
3.87838
1.73445
9.76006
1.77295
4.1254
3.88018
4.71366
1.27434
2.39179
1.50889
2.80885
9.58814
6.13636
3.62153
1.24938
3.13368
5.89501
4.30111
2.00812
6.85779
3.70777
2.88535
1.03122
7.45964
1.47297
3.4575
6.51064
3.31152
4.99673
1.45654
4.40086
3.03511
6.19594
12.4664
5.16907
0.637801
6.23713
1.95032
0.68031
9.52817
2.82138
3.42284
1.09892
5.96245
6.96808
4.99499
3.25564
1.80708
4.2639
8.32859
9.61468
4.02807
3.60938
5.09196
1.2125
6.00026
3.0869
8.0311
2.27693
2.70277
1.47112
1.36672
2.39674
3.62962
3.10939
2.88613
5.22755
1.61481
2.69369
1.13692
4.67941
3.21769
2.18138
8.66582
2.8806
3.92343
4.85452
6.05859
2.03975
8.74703
2.60363
2.08357
6.40641
1.91798
4.76138
2.51768
3.57209
3.80386
9.19517
1.88071
0.664337
1.46488
0.597338
6.53363
2.22367
5.92636
12.9121
9.31546
4.90827
2.72839
0.908624
1.89956
2.10807
5.78751
1.89591
3.2351
5.36044
3.68435
1.12225
6.47569
13.6049
3.46545
6.89904
1.10519
1.84625
2.33279
4.23964
0.841029
4.77465
0.853906
13.8493
3.86707
3.37881
2.56121
6.90095
3.41329
2.24356
0.983751
5.99874
1.26551
6.1055
4.76326
5.0576
4.30463
1.6022
5.49587
9.67186
2.47727
5.44828
5.20297
6.20841
2.09606
5.84609
1.89012
8.50924
9.73343
4.44944
10.2983
2.56862
2.95308
7.20273
3.93418
3.24123
1.91536
1.04295
2.25964
4.22555
5.23143
8.15957
4.19874
1.60984
1.48164
4.66337
1.78342
4.11507
1.49889
1.68519
6.16762
2.72564
3.74268
1.38436
2.50989
6.08995
2.37963
4.74847
2.34105
1.48348
2.04248
3.99789
2.46609
2.84149
3.75064
1.6456
9.332
7.18029
3.22844
6.29069
1.74033
2.47511
2.15073
1.88129
2.30645
4.23528
2.67065
8.86453
5.35386
11.3812
3.13654
2.51031
4.42862
1.64792
2.98592
2.62559
3.52006
6.11172
2.98199
1.8077
4.41552
2.14003
1.97255
5.43008
1.1867
4.12435
4.24491
3.17587
2.46636
4.20685
1.3367
3.41803
7.66669
2.77141
3.26104
4.27531
5.43237
12.1916
7.67479
1.34995
6.39708
2.64981
4.27309
1.82092
11.391
7.15822
3.35924
1.99486
1.5956
0.720951
3.65904
2.82433
2.92284
0.786063
6.22289
4.0086
0.641196
3.83053
2.33944
1.49003
3.19507
0.411413
1.65752
5.17875
4.54729
9.53925
1.63552
1.36125
6.22944
3.99747
1.6995
2.31212
4.42851
3.34804
4.64834
7.16752
1.85305
4.03837
1.09296
1.43334
3.43458
1.88739
4.5164
3.56111
9.86149
10.2951
1.71362
1.48781
2.53584
7.51225
8.12435
2.96648
7.3548
9.65979
0.605262
6.8928
2.4662
14.9188
1.98578
2.66737
3.43023
1.16451
3.38971
4.53185
1.10713
3.50428
2.01756
6.82377
2.16525
3.89251
6.75246
4.28878
0.722404
2.60735
2.81889
9.389
3.65065
11.857
7.74745
6.44969
2.07903
1.13633
3.82119
2.00101
1.63908
4.02459
5.50631
2.63003
1.31356
0.70115
4.69576
1.25978
1.06409
2.90422
2.66961
1.34049
3.42363
2.36185
4.22112
7.26849
2.25649
2.55591
1.60412
2.82446
1.54718
5.29539
1.89169
3.95212
7.60043
2.73168
4.25612
4.317
1.084
4.59762
1.80698
2.37166
5.74161
2.67494
3.52109
2.16785
3.94725
3.77675
1.65561
3.25207
0.818857
12.8593
3.56842
3.72408
1.46081
3.23548
2.59377
5.8708
9.17321
3.22815
2.92359
2.41527
0.895051
5.3932
1.96017
1.22479
4.49575
5.54964
9.57547
6.51895
3.07347
5.18295
5.68299
5.44517
4.10245
4.24086
0.898221
3.94595
11.9932
0.646588
2.84078
4.24764
2.38124
9.19925
2.45742
5.59866
3.83414
3.49496
2.0495
3.9548
2.06516
3.71307
0.758613
2.15872
5.47987
3.7447
4.36664
1.25172
3.0571
2.79891
1.61107
1.73803
7.51082
9.61635
2.43554
1.80151
0.614996
1.85383
2.72283
2.84965
4.40702
1.87741
7.64346
2.05758
5.20571
2.38063
3.61231
1.6446
5.77146
6.37872
1.25624
3.00534
2.16389
2.60977
2.90707
2.31247
7.99561
2.1347
0.542501
6.74758
3.27732
2.3568
1.46651
6.97533
2.43889
3.38627
3.29703
2.81271
6.25068
2.47048
5.28902
2.94163
3.18307
8.13252
2.7898
3.74295
2.17329
6.93992
2.97008
0.492298
2.76589
4.10402
3.80892
6.78748
4.26047
7.02293
1.5536
0.327599
3.55432
3.82062
8.11165
3.31063
14.978
1.27802
3.62084
6.51508
8.09467
6.82623
0.851464
9.33592
5.11341
9.73927
2.48031
1.77211
2.27319
2.75892
9.71845
2.6149
3.00157
1.00906
4.9491
0.578588
1.73545
0.456942
0.62714
3.61015
8.73143
2.07366
2.12282
7.26964
1.88815
2.42142
2.18875
12.1855
2.27786
2.32681
1.85298
14.5158
4.80444
2.39782
6.18483
3.50783
2.2677
2.7083
1.88546
4.45877
1.52127
1.3951
3.02774
4.39755
5.1089
5.06721
7.34058
4.14317
10.9261
4.42933
6.11259
1.88673
1.50448
3.2777
2.46614
0.818668
4.27226
1.36182
3.51106
3.42798
6.34344
5.0017
3.27107
2.42205
1.77522
2.65192
7.24655
1.81908
4.963
0.816531
3.32805
2.66337
5.67545
0.863719
1.65536
3.59107
2.27204
1.04348
3.36577
4.62273
5.00468
4.71035
1.93007
1.82203
1.67355
4.22849
2.03776
1.30702
3.96783
2.66414
5.11202
3.01463
1.4737
10.3231
4.96953
4.68402
4.49418
10.0995
7.16292
3.21048
7.83944
