3.25229	2.95866
0.372284	7.13147
0.912031	5.09529
7.82245	4.26997
0.927608	9.22961
0.649631	9.00864
2.7662	4.16266
0.347858	7.81311
6.82146	3.71247
3.90046	2.65048
17.1758	3.42255
0.670651	3.88442
0.336661	8.22801
1.32619	6.5085
0.529793	2.74559
0.510006	9.82339
17.1147	2.32264
2.23267	6.42373
0.368889	7.4907
1.17815	7.6224
6.46121	3.2848
8.95786	4.14707
2.91564	5.63
0.964362	3.57219
10.9337	2.30904
13.8654	2.62124
1.24151	4.11885
9.03189	1.63896
4.14699	4.32323
0.159166	8.12336
1.16593	3.67394
0.222576	11.6016
2.78421	4.41789
0.263135	11.8911
0.831144	5.27593
0.348175	4.2053
1.47376	2.94998
3.31474	3.5837
0.286313	4.40101
1.06781	7.44853
10.622	2.68131
2.17921	3.12605
0.833802	7.00462
7.33513	3.1687
16.231	1.62449
1.11445	6.58222
0.363596	4.36051
1.69985	3.49516
1.54461	5.92305
13.6638	3.64075
0.219982	12.098
0.279444	11.4208
1.12472	5.1964
0.599523	5.25861
2.59977	4.91362
15.1325	2.95664
19.6333	3.14911
2.68692	3.69779
6.96415	2.54308
3.05181	3.07232
11.5627	3.61882
0.796594	5.76939
0.81613	8.99448
0.338047	10.0273
3.62508	4.58397
1.0911	4.04298
18.7106	3.30358
0.161221	10.89
15.7603	2.31151
6.10241	3.79709
14.8633	3.12031
0.224255	6.02191
3.15492	4.83837
0.30156	11.2623
12.9839	2.62004
0.263753	5.69567
0.613825	5.49812
0.211594	6.76843
10.6397	4.04504
13.902	1.70445
1.84826	6.90963
0.303694	8.53881
1.38566	7.59725
0.368983	5.43766
6.38574	2.89831
1.31687	6.89542
5.72937	1.52026
0.358356	11.4832
5.17798	4.25116
9.58929	3.17858
16.252	2.72222
1.45122	6.16906
4.72354	4.1616
1.57403	5.7695
12.4439	2.16105
9.76131	1.35886
8.19539	3.05725
3.14255	5.032
0.345816	10.122
5.49884	2.46308
4.82875	2.73695
0.784967	6.52266
0.591926	8.20192
7.69639	2.27478
1.10418	4.90737
1.20185	4.82127
3.09652	2.54753
0.854343	5.57162
1.70065	7.31802
0.678454	8.25195
0.646604	8.28166
2.71794	6.29864
5.58411	3.97571
1.73059	6.10969
9.10244	3.49971
1.94729	7.37558
4.66026	1.96542
0.328804	11.4162
19.7847	1.31273
0.553191	10.1342
0.28429	10.82
0.256957	5.63053
3.96782	5.58792
5.2201	4.02368
9.63409	4.07852
13.5108	2.38545
1.67912	4.89089
2.96665	3.93691
3.41693	3.64216
0.206013	12.3256
3.58399	3.07229
2.41791	4.05138
0.0601511	9.08006
7.65652	3.75127
1.85574	3.33227
2.2466	5.37104
4.72214	4.37056
7.46416	0.946496
7.81382	3.32584
7.56904	3.6271
0.757941	9.19328
4.72395	2.25068
13.2468	1.87318
12.2164	2.36013
0.284058	9.16781
8.74336	4.15553
1.54371	7.90448
11.8301	3.60746
11.5879	2.02131
11.2173	3.10174
0.67408	4.26652
0.638933	8.2528
9.83308	4.2308
8.11414	1.1692
0.682741	6.48237
0.260734	9.39085
10.0751	2.26875
0.78119	8.98069
16.3521	2.94063
9.25245	1.07347
3.11648	3.12165
4.08131	3.1427
0.811113	7.94502
0.489704	5.88793
0.189633	10.685
16.55	2.24544
14.4774	2.28039
0.960118	2.6027
2.21999	5.74583
15.2377	2.8232
5.44229	5.1433
5.07148	2.80695
3.58959	4.09212
4.05189	1.90677
4.78236	2.71675
3.25511	4.1332
2.33329	6.63443
0.173494	11.2704
0.490793	10.2021
0.667887	10.0252
3.1154	3.02248
7.43441	3.51005
14.4133	3.19805
12.8596	1.45629
0.53214	5.76944
1.67495	6.82431
8.90909	2.01853
16.1411	2.18157
2.21416	3.01549
4.9036	2.06026
11.6476	2.53107
6.45676	4.24524
17.6064	2.44139
3.01552	2.12558
1.62189	7.4413
17.044	2.24354
16.3733	1.89957
0.091324	5.18586
4.72022	4.17658
10.4257	3.74035
6.21256	3.83553
3.08659	2.00079
11.7026	2.61209
18.9246	2.13347
2.67333	4.22185
0.288122	3.60934
0.0913028	7.36139
0.314503	3.44717
4.97248	5.4324
2.86184	5.41006
0.294719	8.15506
0.364585	2.98492
0.196665	7.16766
0.444441	4.90769
1.5011	3.79669
10.5069	3.0321
2.63342	3.58159
1.38936	5.34146
0.629821	8.57389
1.53759	2.51373
7.23381	3.64343
4.67086	1.88265
19.5334	2.98262
16.4229	3.2401
1.58551	6.62644
0.250214	11.8258
2.8697	6.41663
1.07429	3.17373
2.14263	6.33473
0.379678	7.36986
3.93379	5.75715
0.218974	3.54904
11.9263	3.38309
0.531632	7.27534
0.451534	10.4727
4.48142	2.31838
2.10533	4.65229
0.167151	11.8282
1.17947	3.73199
1.56985	3.26608
1.60285	3.81259
0.184926	6.57495
0.180639	9.03806
0.0966914	11.9108
16.583	3.10919
1.70869	4.60171
2.57889	5.86178
11.5698	2.80452
0.648908	4.44697
1.74197	6.43509
18.4262	2.13477
0.833846	7.77923
0.926837	7.21059
0.688103	6.33139
11.6168	2.05087
11.353	2.42416
10.1311	1.13747
15.3121	3.01592
0.712883	5.60403
12.8098	2.66047
6.25833	3.10799
3.28937	5.40621
5.46304	3.42153
4.77179	1.33055
2.61943	2.13074
7.51903	3.40993
13.8033	2.66888
6.91866	2.3402
14.8646	1.60149
9.06927	2.53132
3.48078	4.60888
1.20058	6.58509
0.436708	5.6613
10.3634	3.15686
6.72553	3.35362
0.621677	3.84286
3.11482	5.95927
8.47256	4.34534
0.181111	10.7808
0.578543	6.36684
1.03914	2.79822
10.5762	3.05015
17.1113	2.75592
1.4802	7.94258
4.0073	5.59947
19.8593	3.02867
12.6061	2.714
3.58904	2.25935
19.1142	1.75671
2.22489	5.76555
4.53829	4.47408
0.13294	10.0983
0.173609	6.27408
0.156208	12.1779
9.98843	2.64406
3.01062	2.42882
18.1291	2.9733
0.301959	5.94523
0.906581	7.47319
8.72834	1.27171
3.39441	5.19258
1.0266	8.14031
0.221781	7.81391
7.83531	1.69902
2.96823	4.82313
2.04356	5.69911
2.47597	5.89835
12.2766	3.46378
2.89399	6.54246
5.89228	2.18315
1.43617	7.59673
1.08204	7.03749
2.88228	3.63547
2.02782	4.29757
0.598659	3.22795
2.42	2.80913
0.917717	4.83868
0.399439	8.57424
10.0461	2.7933
0.920817	6.39546
3.95376	3.61701
0.930803	2.12529
6.69128	2.52187
0.475181	5.18087
1.04336	7.07441
5.82987	4.05002
9.41062	2.40478
3.16447	2.85572
15.185	3.47881
1.82781	5.92082
9.44407	1.87101
0.0751722	12.2364
2.68925	6.03281
8.35717	2.7154
3.96962	5.34858
0.349693	8.38904
0.0970451	13.5335
1.12175	6.24356
3.05544	2.87558
0.193611	4.76467
0.853359	8.83478
1.72452	5.49734
3.40024	2.64759
0.389686	7.98419
0.217565	8.69764
9.17134	0.993797
4.25293	4.92991
2.6051	1.52259
5.66261	2.64893
5.88129	4.30131
0.560956	8.70542
7.90786	3.46587
7.08201	4.37459
1.08092	6.194
16.0159	2.2847
0.540511	5.10738
0.8261	6.6733
7.8789	2.08851
6.83446	3.87995
0.194095	8.39133
8.41939	2.87679
17.2497	2.74196
0.247315	9.86707
16.8835	3.00954
0.508794	8.34174
1.80052	7.08225
2.93244	5.36853
0.128496	2.95081
16.377	1.35956
16.1024	3.37605
1.47729	7.78641
0.82696	4.23942
13.4351	3.1793
7.13844	4.70809
3.93968	2.82391
3.29349	5.96868
0.802867	4.05242
6.11319	2.52214
2.19002	4.41281
0.293989	9.71913
18.8494	1.56685
6.15919	4.25359
15.6793	1.66698
3.54243	2.27328
1.55958	5.58734
3.07307	4.96465
14.1594	3.20173
15.3201	1.85473
6.58568	2.7497
5.33446	4.89791
0.651938	6.32872
0.762566	2.84498
0.770154	4.96676
1.99126	2.60867
10.826	2.49867
6.75303	4.49752
10.1988	2.13754
3.08647	3.28249
1.28358	7.71654
0.100039	12.0169
0.261722	8.67206
4.26245	4.17455
8.27439	2.12346
8.83645	3.74459
0.943831	7.34357
6.1267	4.9487
2.24178	2.3305
17.2833	1.76381
0.0332865	11.794
4.57839	3.07968
8.68905	2.75432
1.43455	4.83743
3.29834	5.79197
2.49221	4.92432
0.875034	7.93697
0.862776	3.15324
0.845329	6.31929
12.6436	3.87456
2.42441	5.58075
5.76015	4.73081
19.6508	1.76943
2.85381	5.96689
0.0721785	8.98405
7.51766	2.93475
3.40483	4.39322
5.273	4.89206
17.5188	1.15876
14.5311	2.6172
4.17533	4.31655
0.302603	11.0755
0.30079	11.8599
8.71851	2.74451
3.64258	2.15419
0.386736	3.96126
0.888282	9.19257
18.8686	1.90186
0.788862	9.14283
1.28901	7.08542
0.358266	4.24709
0.778085	4.96751
0.474108	5.52519
0.955759	5.60142
6.59978	3.09894
8.55871	2.98407
3.01601	3.38055
4.66602	2.08742
2.48647	4.88655
9.47459	3.11781
2.7697	6.4541
0.344069	9.96151
2.84206	3.08988
0.349928	6.53476
12.5151	2.56711
3.27402	5.23393
10.2506	4.19113
1.73073	5.91063
7.85929	4.58707
1.52268	6.7887
1.98038	2.37273
18.5825	3.2546
8.03527	1.80813
8.3922	3.41635
8.59154	2.75491
11.862	3.33718
8.79132	4.19098
18.4265	0.987427
3.24734	5.33369
0.354163	5.24685
3.86211	4.03019
14.2751	2.68102
0.339969	11.1933
16.0519	2.54966
8.69003	4.11588
6.79207	4.19487
0.915718	8.25007
2.99174	4.21574
14.3612	3.60562
5.48918	3.48902
1.02674	7.54827
10.7632	2.14645
1.94832	3.44685
3.94454	5.67526
1.47834	5.76759
0.394333	4.17291
6.52995	4.89663
1.10354	5.02734
1.12948	5.87339
2.30027	6.26156
8.91502	1.40245
4.27632	4.16961
2.49725	5.93923
14.6903	3.47583
1.22856	6.7123
16.0303	2.52895
1.22603	7.63166
2.36476	2.25795
2.44211	6.89945
17.2113	1.55286
0.435241	8.53855
0.909325	5.63286
13.7502	3.25353
6.03623	4.87538
1.49698	1.76246
0.229809	7.07682
1.56035	7.07375
3.978	3.52847
6.42655	4.41875
1.42184	3.86797
0.79245	6.59548
0.575	7.90401
2.07172	4.92733
0.491751	4.98428
0.649662	7.74059
0.539481	9.44379
0.136793	10.0394
0.505817	4.80546
12.7907	3.34276
0.364693	4.03698
9.30908	3.7688
0.552879	3.99334
0.668334	4.33795
13.5503	2.71042
0.173237	10.2189
0.483989	9.23846
2.93091	4.63553
0.271648	10.9617
0.514155	4.27441
1.99095	5.81976
11.6492	3.08657
15.461	2.70003
6.36435	1.5468
4.50079	3.49025
0.0101602	6.82123
15.398	1.36024
10.1179	3.91035
2.94533	4.00107
12.7553	3.52398
1.20855	4.20487
0.992445	4.78699
2.54179	1.91612
0.640422	7.27775
4.67589	4.08071
0.316323	2.91212
0.288175	6.24987
0.688715	4.54004
11.9743	3.40027
0.536103	10.1712
1.43977	5.97532
2.37077	3.63593
0.445264	5.10299
12.1081	2.82453
2.45704	5.60704
1.39674	2.75928
1.39015	5.26639
0.65804	5.07918
0.392369	5.72475
4.61352	2.59316
3.95148	4.88421
1.4966	5.48851
0.279803	10.5712
6.98565	2.54539
3.58854	3.30972
0.901624	6.64926
17.1914	2.68706
0.522237	9.75801
6.75516	4.43664
0.7059	5.32683
2.185	2.7821
11.1101	3.19881
0.18066	9.72684
4.09654	5.35049
2.13689	3.54062
0.434239	3.06262
1.55743	6.90805
7.45611	3.09231
6.27629	2.92372
6.0207	3.7238
0.192134	10.8118
0.3795	9.47019
1.75968	6.60516
0.436861	5.67922
1.45208	6.17691
12.3098	3.86068
0.711455	4.49375
2.58565	5.59054
14.2903	3.21072
0.311383	2.30814
1.8906	0.58494
0.272391	11.7218
9.70152	3.42995
2.09805	3.68056
16.3278	1.52505
8.75124	3.62407
12.4261	1.39954
3.35539	5.36164
4.43787	3.85211
10.4743	2.3181
0.227301	10.9069
10.9459	1.36252
3.08189	2.31849
0.204311	12.1373
0.854364	2.31282
0.354796	8.84027
9.67503	3.98933
0.479581	5.24707
8.4486	2.95242
0.284483	6.45977
5.2753	1.77101
1.23693	6.21064
1.10465	8.39627
14.824	2.1759
0.717074	4.41279
0.839295	2.88408
0.225045	6.14418
1.95332	5.67927
0.309142	3.37374
0.335026	11.337
1.42985	5.92383
2.27992	5.22402
0.223019	10.1993
5.76148	4.08365
0.965131	7.34642
3.12541	4.21218
7.8163	3.2279
0.247241	10.7742
0.106585	8.83278
3.77783	5.92563
11.9735	1.45713
17.7524	2.58958
0.107199	1.6184
5.66029	2.57949
12.5112	0.463975
0.0986641	12.4548
2.43815	3.64284
0.82888	8.48152
4.90006	5.1671
0.887488	4.08011
1.80369	5.43807
5.94628	3.9497
10.7953	2.93779
2.54814	6.04475
0.758396	6.04052
2.54443	4.12092
10.5996	1.42237
18.0495	0.785723
14.322	1.6394
9.50436	0.929951
0.650681	7.74749
4.43649	1.0124
5.42792	4.72979
0.230732	7.63771
9.68624	2.4111
18.9612	1.26355
9.27935	2.4062
2.92538	3.42162
0.517556	4.82289
0.59753	7.34303
7.50254	4.42931
8.29097	0.568299
0.647796	4.51274
18.1888	2.62462
3.14316	5.95332
10.3655	4.15662
13.9935	3.09547
3.59856	2.20912
2.89923	3.52601
0.882461	6.26425
1.53241	5.62079
6.08607	4.14278
6.77573	4.68733
0.284401	10.2356
2.65899	5.31981
1.18216	7.96722
1.18656	5.92905
5.6821	5.07143
0.0810052	2.76394
11.8095	2.81225
1.20417	4.74943
1.91911	6.1297
2.85258	5.08477
4.25244	3.9717
0.277437	8.10537
0.483156	4.2777
6.38706	3.05957
3.77166	2.0239
3.53548	3.99893
0.235019	12.1093
7.15185	2.55809
4.80369	5.27387
4.2169	1.60038
15.3271	3.46918
8.91388	4.20857
3.31268	5.19596
5.35384	1.93998
3.34971	6.2296
4.94303	4.73104
9.69333	3.47647
6.82962	2.67138
1.12651	8.47271
7.33916	2.48148
0.6708	4.66312
3.15542	1.59847
6.15313	4.5101
2.91278	2.76794
0.378639	8.98099
0.229348	9.47778
2.03717	6.87938
12.3217	0.811557
4.96436	3.93027
1.07605	6.41181
5.96639	4.53582
16.4354	2.4579
12.7222	2.7735
3.77991	5.15776
7.91217	1.87399
14.4977	2.64435
8.62684	4.12076
7.51114	2.34687
1.01635	5.16186
12.676	2.74845
8.05349	2.91155
2.2913	6.95678
4.69918	4.88948
0.0572682	12.2767
6.61623	2.91225
1.35355	7.21247
0.599034	10.2981
7.76536	3.37978
17.1912	1.1385
5.50867	4.18957
0.27323	6.94229
9.25773	4.20633
0.422427	7.56852
0.174342	9.73067
0.980409	2.78921
0.377741	3.91836
3.47312	5.80828
18.5024	1.70792
0.624517	1.60626
3.4457	5.20138
0.386378	4.49551
2.37317	3.41873
2.03011	6.295
0.999452	7.11115
9.44856	4.01741
17.5212	3.36352
8.52902	3.28731
19.4203	3.10458
7.52537	4.13044
1.88408	4.77084
1.14158	7.27072
0.799868	7.62554
9.52213	3.62654
2.31704	5.32055
2.20593	5.54695
5.41604	3.56395
6.23853	4.0958
1.20705	8.3072
3.15212	4.99077
0.40341	8.7854
2.52022	3.74214
1.59545	6.7674
2.79023	4.678
5.3944	2.43277
3.78268	5.61962
0.14467	10.1499
2.27608	6.88461
0.290005	9.34696
2.85694	4.86502
0.933262	1.86881
3.94562	3.30749
11.8427	2.36324
5.29599	2.04769
1.38315	7.12769
3.08007	3.76639
0.527253	8.56498
6.8391	3.73606
0.0284392	12.2262
0.0707568	8.6856
7.0057	4.06726
2.67651	2.74408
8.45918	3.88463
4.1626	3.95563
16.4976	1.97861
0.33722	10.5676
2.30597	3.56903
10.4886	4.14745
0.396499	7.09745
1.24962	7.06505
0.655633	9.42019
7.07497	3.71448
8.54429	3.93228
12.2601	2.75254
0.448167	10.2023
1.50648	4.84089
11.0316	3.19697
18.7845	1.89586
4.46413	5.34566
2.15628	3.20987
2.27339	5.23284
8.04349	4.50374
7.33718	3.93154
1.47578	5.40539
0.464635	4.75652
2.28699	3.28235
11.3702	1.37886
0.56075	10.3351
0.764435	7.21288
2.64269	2.21868
2.52631	2.54
5.43266	4.38618
2.35617	3.95784
0.958579	6.61619
1.36285	3.85446
0.410399	0.998005
2.70583	2.42781
5.43387	3.84251
2.03308	5.8205
5.04466	5.42546
0.945445	8.17275
3.24143	1.16875
8.45259	4.47906
0.177443	6.56939
0.0579295	9.8152
4.5071	5.31193
0.453213	8.25899
0.436893	5.02987
15.9572	2.24302
8.74221	2.32893
0.762117	4.06686
2.13296	5.83469
3.07678	4.62987
1.64045	3.52943
10.5815	2.85685
0.402836	9.84183
1.50482	6.80069
12.5344	2.60756
3.72717	3.58572
4.3094	4.6349
12.8626	2.49103
1.60694	3.44043
1.86033	6.86376
1.45475	6.96864
0.39398	6.81613
14.9347	2.70329
2.23481	5.80934
0.740801	1.80118
3.40211	4.20844
1.80709	7.45528
8.30059	2.91331
10.0351	3.21216
18.0137	1.09279
3.04845	3.53816
15.0919	2.20016
4.13076	3.23953
18.8888	2.57286
5.51659	4.49656
6.07941	3.70118
1.59341	3.89339
4.29831	1.44441
0.69628	7.84278
12.2423	2.62087
4.26256	3.30262
3.0456	4.50174
0.968528	6.46066
3.43733	4.60645
1.60721	4.68264
8.37225	2.32981
0.691782	5.92715
6.00224	3.45285
0.169015	10.6734
1.59272	7.59833
8.00735	3.27707
1.48098	5.06095
9.51231	3.05276
9.61111	4.27796
1.13694	4.8081
1.33617	7.05661
7.3104	0.336792
0.497618	2.46467
0.936504	8.87719
2.17747	3.93848
19.0729	0.864556
2.55859	3.55987
0.90938	7.58324
5.21941	4.97723
7.42984	2.59133
0.295849	4.94576
9.6651	2.72422
0.621287	4.72349
6.32916	2.15172
3.95317	2.4131
17.7522	1.90473
0.50229	9.24635
1.39188	7.4031
4.40698	2.38613
0.205864	11.817
1.09682	3.7066
0.122556	10.2853
13.0462	2.63277
2.09361	6.53818
2.24764	2.73349
6.29975	3.22475
2.42586	6.823
5.78017	3.6293
1.87357	2.31813
1.49962	6.60989
18.4128	2.07503
4.34567	4.43882
0.831522	3.70998
3.08348	6.04708
8.81608	0.739893
0.578339	2.36186
9.80863	2.92753
1.00082	4.738
4.55456	1.90106
1.64368	6.3082
0.168987	9.89524
6.75801	3.88978
0.577327	6.69495
1.77965	4.02241
15.3085	2.86581
3.03786	4.78118
17.3892	1.04992
0.515443	4.89992
14.1753	1.24445
0.767571	5.96306
10.0473	3.58784
15.5058	1.94902
15.1829	3.07864
0.770453	6.06603
16.1903	1.61377
2.33584	4.33891
10.0788	2.97174
2.30638	4.88906
4.20349	5.26568
15.2901	1.0178
0.275915	10.7126
1.25202	4.69416
8.33381	2.36632
8.96997	2.44939
0.621533	7.164
16.9571	2.22829
1.06362	5.05565
9.77446	3.68826
8.3139	4.30655
7.40687	4.19706
2.38456	5.70376
17.1216	1.98687
5.5409	2.77111
0.423467	7.45763
3.77749	4.03902
0.637238	3.56978
3.8239	4.97217
0.935136	8.88532
3.31033	3.99041
6.88675	2.33108
0.230368	5.79823
1.25351	3.65664
12.0285	3.78965
2.76146	4.94888
5.63132	1.28895
1.41168	5.61074
0.871657	8.4846
7.84172	4.1922
14.2289	3.56783
0.734931	8.29465
2.45004	4.15272
4.53728	3.44316
6.17344	3.54272
0.881918	8.08134
19.2047	3.19444
0.394667	5.12601
0.210709	6.59722
8.88553	3.01868
4.26568	2.25218
3.71191	3.22579
0.759627	2.67851
0.730692	6.43684
1.09185	8.01427
0.890284	0.944026
4.18988	4.51073
14.0023	2.57125
9.09374	3.73695
19.9201	3.05509
8.8836	2.89802
0.95902	8.55377
0.165748	6.73324
1.9683	3.24972
1.35076	4.61794
2.53473	3.01765
0.669192	7.27631
0.168054	9.4998
5.72278	1.13592
0.319936	6.84177
2.4348	6.57454
0.299482	11.472
0.0753594	12.9372
9.46737	4.27639
2.21553	4.54532
7.13515	3.13741
5.6046	4.39974
1.11207	2.48037
0.679708	6.17503
0.944128	5.62995
2.89221	3.39306
4.69405	4.93538
7.79673	1.54105
10.1385	1.60316
0.719962	9.22661
0.632596	7.80229
0.183454	8.52628
12.3845	3.75485
1.83578	3.3301
0.699321	4.49385
0.710981	1.96981
2.07478	4.12241
7.88611	1.71524
1.58918	6.93106
12.132	3.75286
16.612	1.89721
0.40052	10.9101
16.6353	2.7574
18.2302	3.30314
9.27746	3.46808
8.62505	4.29852
4.43426	2.33898
7.2703	4.49845
0.819548	4.11968
17.9347	2.44788
1.58345	4.03047
0.318661	10.3052
1.77593	6.95622
3.0987	3.40309
6.63225	3.73814
1.96925	1.15511
5.68612	4.52193
0.156582	3.64116
1.39838	3.95939
3.04134	3.95178
1.53804	4.24496
1.26207	3.66355
2.65318	6.56795
0.491527	9.76951
7.15372	3.44436
3.5948	4.29886
3.64454	6.02641
4.87633	5.02307
10.8345	0.424855
2.8148	4.01546
5.52606	2.43583
1.4124	5.30643
3.99896	4.06726
3.82779	4.798
2.79668	5.10916
12.8256	2.13142
6.55528	3.29196
1.43933	7.8431
5.90681	2.23808
4.00469	3.89568
1.55117	5.84454
0.624334	3.93716
0.150949	3.57517
1.88545	4.19189
1.11522	4.25804
0.877679	5.47969
0.573884	8.77782
8.5311	2.60162
9.18936	2.6038
3.09515	2.84796
1.96983	5.19985
4.13334	4.1988
0.524686	9.74462
0.997971	6.19215
16.5227	2.93289
1.72776	6.59393
0.828386	7.64366
18.7193	0.6981
9.59209	2.41012
4.00324	3.80961
13.2453	2.22734
0.412852	9.12649
10.5441	2.82564
1.4707	5.04678
14.6885	2.61226
10.788	2.81682
4.71269	3.74611
7.98911	2.83494
1.38069	5.41263
5.2298	2.75132
3.59146	4.93736
2.86567	5.44307
4.58051	5.61344
3.70973	3.22487
1.36129	4.37061
6.77288	2.62794
8.51177	2.42085
9.2739	2.88355
1.80809	3.33956
16.1235	1.44045
0.817609	7.26108
0.307564	11.164
0.472692	5.42917
15.1776	1.88049
5.71907	4.36378
1.82326	2.14568
1.6447	6.56881
6.69297	3.99456
0.530783	8.29063
0.291826	9.5103
0.171361	12.4445
0.471242	3.89667
3.53185	2.75464
0.0603295	13.6981
0.139177	10.6852
11.6479	3.80742
4.32168	4.44988
0.355145	5.29294
3.18759	6.21077
2.18654	5.95875
1.82118	5.64092
0.0837702	0.79247
7.45889	3.61823
0.506127	6.47314
0.15336	12.4533
0.319588	7.68899
3.56955	5.49558
19.7147	2.72643
1.36236	6.8496
1.28288	8.03943
9.8744	1.52637
0.789663	9.1969
4.08157	3.27954
0.374352	10.4994
0.861126	7.10145
0.809891	9.00752
8.31383	3.80613
0.0863882	8.75978
4.50449	2.55837
11.191	3.90681
2.42924	6.72031
15.0341	2.91702
8.31318	3.85069
2.19871	5.8629
3.21638	4.66695
6.53407	4.70387
4.97453	4.7423
13.4566	3.039
1.44593	5.07767
8.37776	4.5356
0.927218	4.7319
16.9058	2.03926
8.22152	2.62271
1.28137	5.64329
1.12031	8.76661
4.12947	4.5957
0.247578	9.2236
11.4773	2.35714
5.19517	2.6959
12.4755	2.81314
11.8695	2.88744
3.76756	2.14771
2.28291	3.92898
4.15637	4.89202
18.661	2.94078
0.354991	6.24839
18.6604	1.40525
3.25268	5.71968
1.564	5.08911
10.3218	3.57632
1.08206	5.53961
3.72748	2.63101
14.3489	3.38528
8.16784	1.84044
3.79558	5.27555
2.09311	7.22266
1.23213	8.3394
0.855655	8.26246
0.501541	8.43745
1.42404	7.91543
0.901848	3.06549
18.4636	1.99726
1.3827	5.77671
1.47366	3.28566
19.1326	2.19207
11.3894	2.07684
6.80876	2.76533
0.0769099	11.8909
1.3892	4.73604
5.58324	3.80137
4.91588	2.35358
0.0880978	6.0312
5.04728	4.70256
0.918674	4.30491
5.97987	4.82087
1.09625	4.6255
5.61374	2.72799
18.934	1.59156
1.59829	4.9483
2.15013	2.43087
3.9412	4.94165
0.306368	8.06793
0.560678	6.09415
9.70933	3.84527
0.718498	7.88526
0.0787021	10.4881
2.04983	6.86438
0.605564	6.13151
6.69418	4.73949
0.805997	6.89475
3.71874	1.0554
7.98063	3.04217
15.3168	3.04253
1.25871	8.14059
10.5128	3.13644
1.6867	7.08136
5.01533	5.25537
4.75878	4.46038
0.0476747	10.7981
4.799	5.44249
0.221687	11.4245
7.50582	3.41716
4.03073	2.45877
0.827052	4.78606
5.00518	0.568928
5.05569	5.04699
8.1824	2.86125
3.61922	5.88877
0.503836	3.06138
19.096	1.33432
0.327683	6.64091
0.791793	4.928
6.53741	2.74929
8.62084	2.51445
0.974857	8.0938
8.7834	3.8041
0.182182	12.6526
1.81511	6.82239
0.934215	9.03624
2.68306	3.58299
0.182102	11.9587
2.62004	2.37034
0.473161	9.62651
16.6866	1.70367
3.46868	4.87063
0.342393	10.6953
5.07471	2.51488
0.94682	9.12793
15.0473	1.49472
7.32503	2.58314
10.4455	3.61699
1.74822	6.69204
7.2999	3.71382
3.96123	5.81447
8.87103	1.92197
6.19633	3.22142
6.92828	4.76779
4.14667	5.67285
0.386168	10.6604
0.48884	4.89439
5.03166	2.26203
11.9045	2.04702
1.23931	6.75876
7.10162	4.21981
5.72977	3.86046
14.0686	1.6964
0.336478	6.28028
0.287852	3.29912
0.234204	11.8532
0.584977	10.212
2.10625	3.71616
14.7754	3.11058
17.3655	3.31376
0.5911	7.81709
18.9354	3.20108
17.0162	2.82457
0.58368	7.35111
8.17526	2.83271
10.3429	2.74304
6.33164	5.02955
1.68775	7.24757
0.451802	6.30376
4.89698	1.96004
11.4528	2.8363
0.518665	8.80348
0.722774	6.06674
5.0453	4.2221
0.501504	6.22774
0.096843	6.41362
3.2417	2.11463
2.34624	5.70331
3.69963	5.53801
2.90122	2.38372
4.08883	4.8784
2.60222	6.56152
0.909401	3.83885
6.98972	2.24957
0.112146	5.45163
0.990532	6.5547
7.67083	1.66582
5.53401	3.9968
0.985039	7.9845
0.528456	3.93198
0.685748	6.93456
5.60349	3.01947
3.24801	5.04462
17.6576	2.36023
0.327823	10.2726
6.28157	3.94022
0.238289	3.63597
5.97666	3.00767
0.259507	10.5524
1.28554	6.77832
0.80027	3.63265
0.293132	11.7945
0.378098	8.52877
1.90225	5.2692
13.5406	3.44185
0.975464	4.11146
0.853651	3.7042
7.10274	4.11053
0.679165	7.68063
0.231	10.4547
8.56034	3.59964
2.79207	6.11417
4.61083	3.35547
0.549085	8.23956
2.82318	5.09593
3.20565	4.8149
3.46545	3.87288
0.112073	6.68573
0.203861	10.9588
10.9348	2.79293
13.5529	3.47653
2.52251	6.7646
2.83371	6.46194
0.165814	7.08933
2.90738	5.17222
5.6653	3.6209
15.1269	2.86833
0.155169	7.82446
4.69584	4.20752
3.71891	3.25949
0.541908	7.628
0.470701	5.71934
1.27849	5.27578
1.81255	3.13379
0.576709	8.67518
0.0781025	2.96233
8.71803	2.4542
12.0952	3.28722
3.09044	2.742
0.267799	8.99043
10.5206	2.59478
12.3838	3.74418
2.984	4.7391
0.377942	4.51251
18.8571	2.75655
4.88191	2.85462
9.82834	3.75987
0.947593	5.66616
9.22899	3.15137
0.398466	10.6433
1.42018	3.66222
0.126468	10.7854
11.604	3.59577
2.43172	5.09931
0.234792	3.08921
0.534608	9.77547
0.844291	4.05367
3.26397	5.80131
1.55568	7.51861
11.6796	1.77505
6.83403	3.25638
0.348158	3.74841
0.572169	3.99319
0.37933	5.3097
0.442943	7.6225
10.5927	3.80365
2.48366	5.05894
0.629823	8.74601
8.24433	3.96129
12.3746	3.33015
0.521727	3.65744
4.15458	5.24668
15.4016	1.09851
9.30392	3.24116
0.489749	6.19184
5.17497	4.12229
16.403	2.42826
18.2641	2.63083
0.0548303	8.95207
0.23455	8.55789
15.0025	1.95793
10.1997	3.19473
1.1579	5.66732
2.65161	6.23344
0.488188	10.7138
17.834	2.54273
7.59259	1.29406
0.626379	3.9746
16.7005	3.41652
4.4752	4.30312
11.1659	2.06581
0.693272	8.09389
2.03155	3.88713
8.88096	1.93951
8.91811	4.02537
0.068175	11.4563
14.9598	2.15374
5.36417	2.91853
2.5653	2.00223
0.196795	7.0293
6.98983	4.51977
0.786854	6.20148
4.90634	3.39991
0.691582	6.50754
0.0712916	11.2479
0.625092	4.79814
2.84892	2.82658
0.246005	4.09351
2.88969	5.18832
1.28587	6.68889
1.03831	4.77559
2.58638	5.24737
0.877546	7.6006
1.18635	3.48657
0.100961	10.8699
1.27592	7.06332
11.5207	2.20066
7.30018	4.36269
8.76952	1.23579
0.217087	5.88205
9.51906	4.27788
3.33304	5.68939
11.0053	3.68368
0.714514	7.63871
0.234965	11.6935
0.497138	7.55295
0.390506	3.81681
0.0440725	9.77242
0.156056	12.3084
1.03496	6.81618
1.52578	5.52353
12.7764	2.81886
0.53033	9.03043
10.7686	3.95677
2.03094	3.51177
9.09891	3.32802
0.970033	7.7844
2.68306	1.82702
3.28805	6.19344
2.37568	6.19316
5.85823	2.54648
5.70149	4.25244
3.26487	4.3694
7.01742	3.62208
0.100078	5.16315
14.0595	1.13379
0.961696	4.43594
15.4233	3.45969
0.332167	8.29592
7.23804	3.52984
0.771739	4.17217
0.509927	0.927858
3.99685	5.36541
0.836577	6.90346
7.30987	3.32761
2.61629	4.54405
4.70091	1.18644
5.93468	2.94525
7.52843	2.13635
0.572905	9.27081
19.5775	2.64771
0.243525	3.78614
6.39825	4.79962
0.299217	7.73513
12.381	1.02848
0.74314	9.68663
4.65386	2.62938
3.80871	3.62189
1.96285	5.35238
0.971178	6.60351
0.243121	6.41524
6.12106	4.12837
0.251293	12.0319
3.54921	4.22524
0.351161	9.3875
11.5887	3.27179
0.127128	4.89346
3.75581	5.76829
3.95841	3.19903
1.67275	4.27015
2.14513	5.31954
0.591945	4.37344
4.70757	5.36653
1.24927	4.98175
11.8735	3.54499
12.6096	2.72024
0.216398	8.93285
0.604718	8.11803
3.63066	3.93837
5.99737	4.61639
12.819	1.96932
0.540368	8.55899
4.23756	4.12792
0.583092	5.54223
0.226399	6.74159
0.552458	8.36241
4.12195	4.23748
13.9025	1.59085
0.0965777	12.76
10.2549	2.45776
0.808785	8.1116
1.20582	4.85487
0.836808	6.19762
1.07811	6.48577
11.9181	3.19939
8.75909	0.847678
3.20963	5.6748
0.764188	9.59541
1.83645	6.02355
13.3869	1.39476
0.65807	9.63924
16.7659	2.8292
6.49462	3.35114
0.20547	11.8929
12.2901	2.73424
7.11918	1.0159
5.71285	3.12768
6.06979	4.89401
2.50986	4.4733
11.653	3.43018
16.7954	1.4478
7.27578	2.22913
3.59561	2.02839
4.48725	4.3769
2.49143	5.32625
5.81147	5.15796
0.590533	3.80434
13.3649	2.4313
4.11172	5.26529
1.36182	5.45772
17.3089	2.03278
5.03315	4.27476
7.45112	3.54222
6.61582	3.39232
6.50112	4.30068
0.483557	7.71223
2.74772	4.531
2.91408	4.94947
0.158759	11.9227
2.63069	5.97942
18.5299	2.56813
18.1256	3.34091
10.2061	2.21069
0.1649	7.2785
7.43337	1.03499
8.89375	4.06823
0.501291	9.24088
4.70053	5.44523
0.645728	9.80959
17.9214	1.98376
1.5781	2.30313
0.778106	7.69327
0.946823	6.44031
2.59832	6.19792
0.456487	3.684
0.857201	3.71981
0.477653	4.95768
2.29251	4.62467
15.9766	2.9819
4.78164	1.83786
0.854965	1.91927
1.86563	6.09651
13.5853	0.837205
8.78313	3.27358
6.84036	2.92188
15.7525	2.44171
0.422498	7.6199
1.28674	4.247
3.00253	3.19699
10.1005	1.89292
5.31922	4.95995
0.64194	7.34909
0.269571	10.3313
2.20393	6.16758
9.08604	0.862688
0.35806	6.90234
1.7494	5.94218
0.428253	9.59959
0.455512	7.66795
3.55415	3.8821
10.829	3.69416
0.128612	5.03496
2.4369	3.64977
3.84926	3.93971
1.48295	6.16991
1.70215	5.57188
10.2513	3.35003
1.72861	5.21365
14.4658	3.28124
0.330352	8.92331
2.45741	5.26866
6.25537	4.69721
0.285948	10.3008
11.3713	3.34969
2.82994	5.11576
1.00276	6.27024
13.4445	2.32334
10.6874	3.83844
2.23967	5.38873
11.6351	1.72515
12.4194	1.95007
17.9714	2.05015
3.60448	5.95327
2.83106	2.81606
0.916735	2.18913
1.12352	6.43383
1.63959	5.09825
5.85871	5.01114
3.46434	3.67323
0.624962	7.39704
2.55929	1.57757
0.488736	8.87482
0.206298	5.98983
1.86872	6.63103
0.53224	5.42125
10.3718	2.0755
19.8003	2.45347
1.77513	4.34979
0.344865	3.55961
12.8985	2.1233
0.32495	7.76759
12.0251	2.52019
1.24702	4.13518
1.14731	8.42894
3.93514	5.29317
1.95522	6.91898
8.58647	2.64195
1.07516	6.23931
9.5259	4.21045
9.61819	3.22181
15.831	2.24734
5.15337	3.34012
0.984859	7.9098
1.21678	5.1862
0.981025	7.08822
0.943393	3.90518
1.66385	4.27997
5.5361	4.8341
1.27489	4.73262
1.3943	7.04256
0.583951	9.35688
5.59255	4.35745
15.6597	2.18885
0.180622	10.8918
0.726445	2.89792
1.14883	6.08101
0.545451	5.69006
1.13791	5.56529
0.633006	8.6611
4.03146	3.70305
5.37166	1.87845
7.88348	4.11724
0.666652	6.09847
5.80376	4.18746
0.45552	8.86587
0.976866	8.60348
0.301227	9.30215
0.720095	5.49836
0.970945	8.75076
10.1899	3.38892
0.443049	4.54588
3.06234	3.70188
2.12915	1.48861
1.72049	0.408839
2.00883	6.16898
0.443748	4.02375
3.77271	2.51965
1.19324	3.04136
1.46762	4.20311
15.9516	2.81551
17.87	2.94446
0.403029	8.10921
10.88	3.05349
4.4385	5.21834
13.6611	1.31531
1.25012	3.30641
8.06567	2.60638
10.1641	2.39978
8.93045	2.98009
0.709655	7.96003
18.3284	3.02083
3.054	5.50635
1.87517	6.05742
0.295386	7.81138
1.58281	3.64721
5.56711	5.13953
3.92057	3.59315
1.5495	7.74669
2.07178	3.28876
0.957621	8.40546
1.76185	5.7254
1.0003	3.18799
1.59319	4.79429
6.34887	4.94653
11.9207	2.73084
0.713901	7.58095
0.207147	4.41071
18.4785	2.64281
1.94901	7.2889
8.23065	3.81134
3.15312	4.19051
6.20883	4.02713
2.33748	3.02101
16.2974	2.08401
15.0182	2.37597
3.34341	4.49722
17.7597	1.1489
6.17695	2.4809
0.782885	4.96168
10.1729	3.87101
1.54268	3.20029
1.45451	5.25897
12.2945	3.89524
0.488005	2.31753
2.53417	6.63926
4.33668	3.10217
0.365765	9.24683
19.5961	2.31268
1.67809	2.01559
16.8255	3.45083
3.42572	4.26679
4.44408	5.40715
3.55644	2.10632
0.148607	12.8922
1.88746	5.62525
0.295004	5.88856
10.1461	2.65053
5.59086	3.20259
0.472298	10.3875
1.36825	6.65601
0.21715	8.92733
7.76244	3.03709
4.39169	4.18986
14.4945	1.66405
2.67673	5.95202
6.54946	4.53231
15.0344	3.58997
1.24948	4.34152
7.84661	3.82297
8.25173	3.14442
5.33017	3.07127
2.53689	5.48038
0.183704	9.58235
0.965942	3.91714
18.4628	2.15852
4.14812	4.63259
7.40886	3.78759
14.8908	1.85887
1.06192	7.34575
19.9776	1.57678
9.04298	2.54244
7.99727	2.58875
1.74029	5.28528
1.65108	2.7941
1.18763	5.47689
0.557593	5.82671
13.9261	3.2335
1.02883	6.13599
1.10658	7.60765
1.07357	3.86982
10.5397	1.43801
11.5687	2.98949
9.8965	2.17373
5.81263	4.37378
7.99353	3.05678
0.641194	5.03954
12.922	2.3382
0.09735	2.60013
0.51893	10.0304
1.62227	6.09173
16.5245	2.78201
2.0311	5.32763
4.9142	5.17282
3.55773	1.65439
5.95387	4.94876
2.50124	4.58693
0.417037	8.44241
1.74487	2.45761
2.66101	6.46084
2.09893	4.10583
9.74917	2.72461
1.81148	4.10744
0.745062	3.65214
0.294258	10.6238
0.850801	4.55652
6.07937	2.23434
6.12844	4.03334
0.100438	4.46343
3.09816	4.21043
0.706614	4.88435
5.386	4.91576
1.76172	5.68065
0.0616303	7.61937
2.29242	6.79814
2.37495	3.75906
0.0478654	7.08492
1.68239	2.451
5.61723	2.04391
3.20861	2.62984
0.559419	3.30385
0.251652	10.4202
7.01176	4.24282
0.170911	9.89839
10.1895	3.19363
16.1727	2.99506
1.07526	7.85511
2.42569	2.85689
13.8702	1.12056
6.63376	4.3572
7.36507	4.49329
12.6731	3.01885
1.07676	6.71654
1.41085	7.76297
0.29203	3.26967
1.7559	4.3345
19.817	3.08668
1.59058	6.07389
3.19032	6.15214
0.30201	11.0998
1.64424	7.82705
14.1105	2.02353
3.11817	5.56827
4.83705	1.77459
2.16824	5.1905
18.3332	1.86483
0.296284	6.19456
2.40254	3.25687
7.05933	4.07779
0.566328	8.62644
0.433916	3.22275
13.7315	3.08755
0.242948	8.31511
16.8592	1.93124
1.15947	7.48786
2.72657	5.60822
11.0976	3.41834
9.8711	1.86052
0.853391	4.52254
15.9238	3.18064
0.0454055	6.22028
19.7387	1.87663
0.597918	8.04492
7.66731	3.18817
1.38008	7.44239
0.286024	7.32727
1.25202	8.23874
17.1068	3.35562
2.02596	4.4796
0.675315	4.23881
2.16313	6.49103
0.842105	8.4345
5.96662	3.69595
1.59499	2.78474
2.45551	2.57775
6.02246	5.03017
2.88951	6.24362
0.836618	4.28962
1.9535	6.07064
0.658399	2.72735
4.55925	3.06803
0.313568	9.87295
12.2437	3.0427
0.987083	6.11038
6.24089	3.03826
1.26548	4.90307
11.8171	2.12702
19.3453	1.58509
18.7641	0.93631
2.19892	6.86502
5.64367	4.97833
0.22137	8.53976
19.7418	2.96317
6.29624	2.11322
0.468263	2.21813
15.0512	3.1169
4.84576	3.36445
0.0507099	5.03665
1.45215	4.70076
4.49029	3.5005
0.254176	7.90584
0.384349	3.71169
13.3463	1.60906
0.171065	4.41123
5.5163	4.21986
16.6987	1.75619
9.57842	3.83204
1.45032	7.39855
1.27581	3.5368
0.976236	7.11572
2.8619	5.32997
4.6374	2.61401
4.63356	0.92256
0.0749319	13.4214
15.1109	2.07805
12.9607	3.22142
2.21458	6.23687
0.324084	6.82939
11.8028	1.91299
0.645995	1.68819
8.28869	3.62896
9.97738	3.4039
0.0554066	9.77221
3.35264	3.70302
1.80261	2.355
1.81691	6.86822
11.5211	1.96212
17.054	1.76619
1.69938	6.14906
12.0076	0.618017
0.408515	10.0847
2.978	0.979674
4.84204	2.79688
6.18196	2.70675
9.03636	2.91827
17.0851	1.85184
2.97502	3.11523
4.66131	5.42652
1.84455	5.45181
2.71043	4.07734
1.04007	6.8968
1.6107	7.36643
0.777439	6.23392
10.8084	3.79264
0.330521	10.232
2.5904	5.43756
4.31924	4.94761
15.8814	2.10562
16.4734	2.58223
5.77815	3.11682
18.9833	2.93162
9.10707	2.71575
4.23571	3.23122
19.4792	2.81135
4.86179	4.69109
4.46759	3.5589
8.51414	4.44849
2.25554	3.33942
4.84469	3.95319
13.6614	3.72257
0.517809	10.0508
18.4231	1.3843
16.1645	2.63101
0.974047	7.13908
6.76808	2.98306
0.532011	8.86739
0.146371	3.34281
11.674	1.85215
1.6021	6.61579
2.35478	3.40063
19.7421	2.2872
4.85398	3.96548
0.732956	4.43877
6.20007	2.62282
0.709706	3.49665
4.02153	4.28163
4.26675	2.73151
1.15578	7.06473
8.29905	3.79634
8.63253	4.26362
18.7785	2.24094
0.328121	10.5879
5.15255	2.08426
0.725675	7.03058
17.3476	1.63697
10.9538	3.41377
11.1097	3.82478
0.699199	6.58442
1.33254	5.82759
15.525	3.01676
6.75851	2.87954
3.02465	5.68251
1.28156	8.21583
4.72079	2.72381
5.85446	4.83683
16.8313	2.83046
3.9776	4.94652
14.8097	2.9142
0.418813	10.7323
1.34037	7.8963
3.97262	2.81847
16.2636	1.07952
12.7705	2.94675
19.5851	3.08677
2.47097	5.28661
5.53542	3.35714
4.07803	2.42415
9.48883	2.39463
10.2725	2.93333
4.73823	2.94289
3.54518	4.78201
11.4134	0.527302
8.24983	2.93139
3.42997	5.8931
0.206861	3.03188
0.830089	3.57618
2.47521	3.56384
8.84641	3.15888
2.52062	6.75808
16.6595	3.1678
1.71028	6.12819
1.0368	7.13011
2.66413	4.8802
18.2638	1.53567
4.05988	2.97453
2.30604	3.60293
5.41994	1.61965
2.30626	4.09253
1.95739	6.33531
3.13573	2.37199
1.05872	8.79103
16.4113	2.79056
1.56387	7.04235
0.932938	1.24167
13.2884	2.24859
1.18381	2.93523
0.0647371	12.3046
0.477017	8.00851
3.49591	3.79829
18.5768	1.64677
0.153857	5.41678
0.35925	7.40707
6.3358	1.86882
1.07652	5.77414
0.780509	7.41802
3.39586	3.87206
12.3529	1.33413
18.7235	2.53727
1.63624	7.64062
0.326006	7.5838
0.563192	8.18879
1.83362	2.61221
1.63864	6.31599
5.41795	4.15407
2.24568	5.4606
1.78006	5.03106
5.7433	3.0907
11.0661	3.75884
0.177775	7.67151
2.24205	2.24652
0.23591	4.0986
4.74333	2.90107
1.08768	6.08773
1.29389	4.57966
2.99217	6.1572
13.7862	1.90959
13.6022	3.73124
2.62738	3.96366
0.258237	10.9488
8.70994	3.32331
1.41141	8.00287
0.364352	8.99593
4.16676	4.88962
0.414737	5.40473
5.59076	2.1667
0.682138	6.41225
18.1629	2.71069
0.107991	7.80254
2.23676	3.37772
1.96117	4.71196
0.863252	3.64528
2.79162	4.85458
9.93915	3.89393
0.346111	10.8084
7.9853	4.45711
2.1248	3.66591
0.0572185	5.47595
12.7614	1.59494
5.0894	2.98497
1.55082	4.328
1.24484	5.37301
18.3414	2.95292
0.391592	7.80962
9.32752	3.09226
0.0504309	12.6691
3.74051	3.52327
6.44052	1.62677
1.57454	4.41942
6.44423	3.48535
0.201023	3.78219
0.657904	8.77313
18.2001	1.16901
12.2401	2.61069
14.5875	0.464378
0.824359	2.92167
0.389409	8.62843
1.15762	7.96852
18.4772	3.26902
10.3085	1.65234
0.320741	3.82119
11.9627	3.65128
0.176322	10.3355
8.83155	2.15756
0.288525	2.06516
1.46955	7.20739
2.17995	3.33593
2.21631	2.21183
0.648067	4.44024
0.183056	11.2876
2.44271	4.97738
0.730381	7.72895
0.198192	2.93716
1.20514	8.40649
16.6164	2.40118
5.90656	5.13611
10.2209	2.6066
9.79806	3.98244
9.05195	3.01349
8.55838	2.8629
4.57766	5.2173
5.8215	3.58412
4.54372	2.76921
0.19486	6.03004
4.17531	4.5078
1.98674	5.1857
0.322104	10.0581
2.80719	3.90417
8.25043	3.19841
1.24828	5.89867
1.03464	3.06673
1.12578	4.73331
2.01831	7.01601
0.847705	8.44467
12.9365	1.75763
8.24604	3.97333
1.34786	5.13192
1.34752	7.77842
0.526342	8.08556
4.25288	5.71073
9.1512	2.84232
2.14021	5.15995
0.299875	11.8325
11.6342	1.99543
1.59686	3.43025
0.32462	9.81755
7.42794	2.94486
4.28717	3.87527
7.78578	3.5039
4.19899	4.07084
8.12883	4.07593
0.0451442	9.72894
3.8068	2.6227
11.1053	2.23757
11.2061	3.8771
1.56171	7.93969
0.44876	2.28963
3.68131	5.89436
6.96871	4.65453
1.50402	7.83456
1.84399	4.60512
0.416938	5.73836
4.28585	2.78696
4.2805	4.15337
5.05208	4.90652
4.7759	0.887072
12.6883	2.476
1.76253	3.32317
13.6097	2.75427
0.656114	9.51972
7.57989	3.98309
11.639	1.81369
9.47014	2.8877
0.085933	10.9007
2.52245	2.85393
5.49814	3.50147
8.21121	3.84345
13.8742	0.532483
16.5755	3.07486
0.479204	7.09846
1.27344	4.5582
4.22255	4.89109
11.0843	3.93135
0.65924	8.6032
6.27823	4.3079
0.691879	8.37809
2.72844	4.19935
2.3699	6.60406
8.16344	3.35288
3.98168	3.31102
3.09015	5.08261
0.315248	6.72204
3.51269	3.98613
0.509864	6.79789
0.171647	5.31684
2.0923	5.54706
0.569036	5.6443
3.84699	3.56713
8.36168	4.03863
1.20891	7.02281
7.53325	1.6727
8.00142	4.45256
3.56474	5.06468
15.7728	3.51384
3.94021	5.44887
4.22839	3.31223
1.87355	5.91431
13.7778	2.79124
8.21783	1.93974
6.84026	3.8409
1.09966	3.37833
2.8027	4.16694
0.558002	10.2681
0.791979	8.83589
0.702639	7.38826
18.3153	2.28374
8.54507	1.71075
15.3796	3.09698
4.26336	2.51444
0.405427	10.6766
0.0695664	13.5063
5.19617	5.05158
6.9323	3.91842
1.68774	7.33402
1.89465	4.24685
1.83696	4.37441
9.36677	3.15139
0.111821	6.22226
3.09867	3.27613
5.04277	3.75478
13.2652	2.92715
2.3141	6.97094
0.272126	10.6979
0.994092	8.07255
4.5422	2.25614
0.814755	4.17411
0.318999	9.5261
4.72394	3.57288
0.651808	4.77516
3.96157	2.734
1.98923	3.99848
13.6022	2.99472
16.8946	3.39419
0.212862	4.6432
1.03205	7.59379
0.886542	2.79237
2.19858	7.07271
5.16038	0.695571
16.5532	3.24144
5.07626	1.8998
9.61276	2.38649
6.02369	3.39199
0.332589	9.03291
0.317506	3.65353
4.10218	1.91891
0.859972	1.78405
1.93299	6.83185
18.7059	2.69618
1.03394	7.97487
0.358264	5.78398
9.70251	2.61478
0.473575	8.66039
8.88863	3.92716
2.30902	5.65752
2.42052	4.23711
7.06572	2.29754
2.45445	4.86133
0.138458	7.49098
1.67949	6.10912
14.1848	1.47182
16.3326	1.79912
1.6025	6.45084
8.09672	2.91115
0.382327	9.68675
4.6503	1.50601
0.717489	7.24178
0.690887	8.8597
0.600657	4.31967
6.19815	2.861
0.0932871	13.445
6.27064	1.88601
2.1522	2.41336
1.79957	6.439
1.23981	7.11743
3.80785	3.70115
0.38708	7.7294
3.83006	3.06932
0.263371	11.5254
0.27516	9.11918
1.43241	4.12024
2.07708	1.35611
0.818469	7.04681
1.84085	6.6691
1.21595	7.68137
15.8669	1.98777
11.4569	2.98631
18.73	2.55019
2.35214	1.5921
2.73243	5.7673
6.01768	3.037
1.76995	3.42794
0.795888	6.63516
5.99563	2.40029
1.00176	5.78245
0.0818113	7.14175
12.9039	3.65168
8.71751	1.67368
1.06331	4.70383
18.4476	1.41287
2.13071	6.81685
0.372974	4.24104
0.984655	4.90455
15.6725	3.28476
10.8851	2.31066
0.562951	3.78148
1.51643	6.79568
2.52454	5.4185
4.26265	2.90584
2.99182	4.30622
5.57776	3.30608
0.311293	10.7228
0.527918	4.75922
2.1629	1.21565
0.32733	11.1836
3.68865	5.05981
2.13467	5.27298
17.2136	1.97878
10.6517	2.2725
11.8704	2.9055
0.995693	7.95968
0.285354	5.57421
2.008	3.56733
3.78384	2.96862
2.507	5.92755
2.3859	1.59066
18.6396	1.64657
17.7735	2.02184
2.25332	4.0504
10.4381	1.7575
0.543374	7.14922
1.53081	7.09709
16.3239	3.00251
0.20911	10.9686
0.12504	6.90261
2.69467	5.31069
16.4995	3.36315
1.71498	2.3596
10.0906	3.72124
10.4136	3.78612
0.879299	2.93418
2.8311	4.61989
0.0918291	8.40526
6.07002	4.93644
9.79008	4.14839
1.62345	4.98782
0.481492	8.31977
8.25877	2.22118
14.7631	2.26321
2.12255	5.11933
2.79287	3.72577
10.5476	2.8622
14.5821	1.25564
0.655009	4.39849
0.106774	4.96247
13.4296	3.20476
11.2456	2.55112
8.38498	3.95145
0.0957834	9.95142
1.19748	4.38815
1.95826	7.02505
2.95807	5.44271
8.60735	3.51943
0.257162	9.48459
10.0881	3.27185
7.81837	3.56465
16.7067	3.36872
11.9618	0.668139
0.341604	11.1755
0.410904	8.43416
3.15784	1.83305
11.5253	3.26583
6.39396	3.37284
0.330973	9.43223
0.139804	10.1526
5.20025	3.59014
2.61819	6.67733
5.22933	4.76378
1.33862	4.25168
1.54499	4.551
3.32918	5.30238
0.680404	3.41309
8.49458	3.46895
0.147514	11.6246
9.6921	2.30665
18.1007	2.54946
0.415119	9.35626
1.17039	8.09791
0.775294	7.53767
13.2351	3.73849
6.08338	4.61199
2.70074	4.05405
15.0213	1.44991
0.184203	3.81366
16.2915	3.3662
0.978021	8.28439
9.32908	1.30185
4.5788	1.68046
12.3885	3.29129
5.91558	4.70208
12.9327	3.56629
0.661668	6.56031
15.5839	3.53343
0.284726	7.3266
9.11284	1.6995
6.07754	2.30579
15.8476	2.97571
0.892123	7.84471
0.199846	7.34151
4.3505	3.36782
3.36786	5.31994
0.961656	2.59259
0.870533	5.27639
8.98557	2.77826
4.9009	3.8503
1.74626	1.27183
0.320087	6.56
0.264087	4.31037
5.20108	5.09897
1.05003	5.96672
5.4208	3.09384
0.5292	5.58444
1.32202	3.31181
2.51436	4.65474
8.55718	1.99807
0.530512	10.1079
19.7043	3.16292
0.137687	9.34182
2.65309	5.76789
14.2947	2.08188
1.43396	7.23439
3.17333	2.63032
2.23101	6.91404
4.02104	3.00965
4.67605	5.16494
1.60084	6.05056
18.7286	3.32215
0.4596	10.9276
13.297	3.04476
0.171751	9.894
19.4583	3.15197
3.03268	5.71983
12.0086	1.8888
0.653139	4.7102
0.50482	10.2891
2.14414	2.75994
12.3472	0.394798
0.957926	3.05529
0.729816	7.47892
0.189882	6.13386
1.31922	7.43199
2.83406	3.22899
2.00255	5.02615
18.8902	2.82342
2.41976	4.73751
0.17096	9.67837
4.93819	2.22827
5.68503	4.0254
6.02808	4.60186
13.2107	1.84282
1.46283	3.63469
7.00059	1.77698
0.272898	11.3143
2.25795	5.67447
4.8789	5.30752
0.547624	8.42027
1.13932	4.88858
4.79418	4.72413
17.8941	3.33755
2.62611	4.94373
0.25538	7.12673
3.98035	3.03186
4.69057	3.51377
2.20316	5.98935
2.59467	2.80883
0.46418	10.4406
2.99885	5.51665
0.556881	9.68206
3.24591	4.31438
1.38488	3.68116
0.873002	6.34838
0.0673407	5.98636
2.69595	3.10015
0.165965	11.7722
7.40545	1.96992
3.8977	5.78275
16.0787	3.08716
2.41389	4.25991
2.78832	2.6762
6.90608	2.27102
16.2696	2.36521
13.3872	2.57084
15.2939	2.30029
0.478652	1.44096
5.50541	3.10587
3.95177	3.00933
8.20532	2.73768
0.873964	7.70204
1.94427	7.03915
12.1886	2.14039
0.924785	2.5037
12.9707	3.29497
1.45467	2.97921
0.0554239	10.0947
0.916775	5.74136
11.2503	2.61724
2.14061	5.88872
1.31022	6.07398
0.201396	6.75354
19.1889	2.19454
0.391919	5.5523
5.85571	2.04805
0.472986	7.58888
4.92761	4.90783
0.188736	10.8804
7.4872	4.61625
12.0538	1.31465
1.20673	6.19142
0.109167	6.58559
2.16879	4.48006
1.48489	4.75319
0.469412	5.82284
0.240166	9.3319
18.3303	1.70639
0.674319	4.92075
8.96472	3.86658
14.5135	3.64876
11.0416	1.02398
1.24417	5.92606
0.889302	6.77248
2.19731	2.34587
2.64931	4.12546
3.25464	3.83754
5.09187	2.04756
0.707506	5.06069
4.02525	2.25043
4.71725	2.01663
1.16073	3.85271
7.72235	2.50936
0.623698	9.85041
0.762274	8.75754
0.235347	7.01447
1.92083	1.89521
11.9125	3.84859
2.6687	2.81875
8.45488	3.08617
1.27704	3.43926
4.24426	4.08152
9.34186	2.46482
5.30406	2.37376
0.147648	4.90281
0.519514	9.61946
3.37577	4.77154
14.4671	1.31275
0.677313	9.27315
16.0334	1.41447
0.104531	9.37487
0.855295	5.28357
3.34069	2.82253
1.1421	7.19214
2.10029	3.19492
10.851	3.24663
2.73096	6.24363
1.34925	7.70007
5.95139	4.28084
7.53052	2.69731
10.2458	2.59456
0.455884	9.11986
1.66038	5.21358
8.00466	3.06348
15.2889	2.53443
2.4413	5.4056
2.24284	5.89375
3.11435	4.69746
0.0357528	12.5803
1.34157	7.30556
4.11685	4.62516
2.75124	4.86891
19.7709	2.49393
2.28819	3.14978
4.3236	1.95545
2.25581	6.37919
0.284833	6.70214
11.1655	2.65462
1.17471	3.08334
12.8101	2.88948
13.9129	3.68521
0.276575	5.20659
0.618053	5.76296
3.80064	3.71845
7.45503	2.06981
0.149882	11.0206
3.59291	4.00381
0.763852	7.89374
3.23651	4.39453
0.103991	5.35205
1.33261	7.09395
1.29884	2.82108
0.605307	8.90496
6.30911	2.7945
2.33474	4.93172
1.09099	6.42826
2.34041	6.26953
8.7451	3.84193
8.5787	2.49412
0.258709	3.19524
0.0871682	7.69577
10.2631	3.8733
0.50193	6.18414
0.554213	4.58664
15.4537	3.05022
1.71052	5.51144
0.699099	8.01087
10.1176	2.70129
7.41378	4.15601
0.515958	9.4788
0.122648	12.3862
0.896923	7.8494
0.265363	9.67251
10.0395	3.39094
2.49469	6.5667
11.0309	3.95927
0.299477	4.84641
11.4944	2.11418
3.03515	2.94595
2.1934	5.74902
16.549	0.986931
1.34239	7.361
6.9319	2.4501
9.96447	3.77134
2.28405	5.40673
18.9524	1.65478
14.6597	2.33721
1.78483	2.29342
3.2922	2.77322
0.0313581	10.7825
0.662522	8.50863
1.20753	8.188
1.68893	6.92448
0.753954	5.9905
5.97329	2.40272
0.985776	5.77829
0.108005	3.44341
0.301378	9.99955
3.68416	3.28875
0.643271	10.057
0.438769	10.1603
11.4103	0.857105
7.28189	4.18612
1.31697	2.70636
1.47963	4.42256
3.4629	2.63197
0.550577	8.54496
0.428299	6.30212
0.453397	10.3439
1.86628	7.38244
3.57523	2.92023
1.59477	3.89085
5.18619	1.68511
5.80487	2.79372
2.70262	4.69095
2.33327	2.52764
1.75684	6.70183
0.5959	9.69608
0.649642	8.51487
0.419278	2.74968
9.998	2.40794
19.5867	2.69428
1.73161	3.45915
19.4931	3.13286
4.01585	5.72754
0.295902	10.785
10.2501	2.92081
2.98078	1.76728
5.89052	4.80312
6.04873	4.91454
1.18405	2.61861
3.20619	1.50768
17.47	0.924433
1.1578	3.70773
14.3139	2.59265
12.3765	3.77002
7.10931	1.63012
0.227747	8.95778
10.9802	3.73834
3.00535	5.61886
5.97479	3.76506
1.8133	2.47786
4.16651	3.02222
10.5864	3.45909
0.389475	3.74166
1.65564	3.92589
17.0753	3.42289
0.595118	8.8547
2.14469	3.80461
14.784	3.35908
1.06629	8.78055
18.8751	2.68249
12.9717	2.13882
0.891691	4.86613
0.175162	12.0168
0.301983	8.51106
5.40389	4.57213
0.070175	10.3731
0.206398	4.49953
0.448129	4.04101
0.39293	8.96035
18.8308	2.38936
0.459833	6.68047
0.0824175	13.7843
14.8408	1.8054
5.42665	5.2874
9.93664	3.59695
19.3841	2.93178
1.24214	4.59593
6.29873	4.53888
6.30571	2.02103
11.223	1.56101
2.22756	6.23197
9.00333	3.79597
1.00294	7.9799
1.73477	5.8959
0.34069	5.7757
6.29944	3.64704
3.55406	5.83913
0.119349	12.1386
2.54626	6.50003
2.99896	6.07864
0.927274	4.82142
0.607255	8.54893
5.12769	4.34121
2.88015	4.78797
1.57386	4.63339
0.604106	7.3993
1.39105	6.05157
0.350982	6.39524
2.43854	6.24375
14.6135	2.64303
4.20122	3.08466
0.89805	8.44884
1.95756	2.61288
19.2229	0.749449
9.32349	3.59503
11.2258	3.4924
6.79117	3.8381
0.235709	8.74299
5.57548	1.2567
13.2041	1.854
0.87709	6.50861
3.05137	2.04843
4.38616	4.43423
0.676143	7.90745
3.57444	4.5355
3.10033	3.12996
12.3366	2.90993
2.45849	6.04711
2.04236	4.38096
3.55938	2.31024
0.185216	2.91523
0.735405	8.1583
1.59283	2.99548
12.894	2.17781
0.936924	2.66307
7.71288	3.55597
1.71169	5.5249
12.5816	3.27907
4.10845	3.24226
9.7369	2.35931
2.16878	3.21221
1.80614	5.32729
19.3124	2.04157
16.0347	1.82163
5.4981	2.23144
3.7487	5.41583
11.7627	2.83872
0.206055	3.59479
0.586727	5.59067
2.13762	3.44769
1.08799	6.02807
8.0429	4.29955
11.9209	2.8459
1.79886	7.04366
2.21308	6.3552
0.623761	8.45455
1.99025	6.69578
1.34548	7.09565
14.1449	3.1721
4.45178	5.57669
1.15086	6.98739
1.18587	7.21957
11.6928	2.60003
12.7641	2.46634
0.225075	4.66777
2.06118	2.7609
0.758768	6.78281
2.27519	3.75174
2.34155	4.07129
0.491059	4.34293
12.4514	2.01199
19.0192	2.73535
0.592852	2.86183
2.45978	6.23276
15.6342	2.98114
4.24589	4.54832
13.7873	1.85591
0.358516	7.29118
2.54356	2.94902
11.6323	1.67008
0.902178	8.12327
4.47217	5.14758
0.855321	8.75053
4.29074	4.46594
1.66531	7.54679
2.71041	5.388
1.67446	2.98537
4.53603	2.8315
1.15362	6.46717
15.5353	3.44626
1.17296	4.46129
2.18074	3.18269
6.83849	4.30879
1.46368	5.49582
16.3117	1.48304
9.52171	3.48407
1.27466	3.27322
1.8928	3.15275
10.2439	3.57352
1.73478	3.04194
13.8411	2.71801
0.282943	9.27301
5.69632	2.6963
16.3832	2.22062
0.121913	9.144
1.92959	3.55264
3.40993	5.13066
4.40778	5.65915
1.11119	8.27928
5.3057	2.30885
16.5942	2.50672
4.96194	3.07662
11.0123	2.61256
6.22943	4.64454
7.58437	2.55557
13.1895	3.715
3.49693	2.57241
16.2748	3.16611
13.8696	1.3106
16.6418	1.59614
1.0561	3.57428
0.661381	8.2098
2.23523	6.22743
0.126167	6.55504
5.31752	2.48546
0.364401	7.67706
3.62337	6.09178
2.56525	5.28092
0.543608	5.59927
14.8546	1.53396
13.539	3.01502
0.86471	4.54413
0.495483	10.584
9.06726	1.90682
1.0811	8.8039
0.341932	9.19516
17.588	3.01989
9.12939	2.22868
0.186486	10.7631
4.38572	5.23575
0.512419	4.90412
0.287684	8.06894
5.59231	1.76996
2.64334	4.48911
2.08742	3.9405
1.59604	5.88721
3.26955	5.07831
0.90157	6.22252
8.11421	4.20417
5.75948	4.85763
2.28067	3.42431
3.37211	4.83997
0.651905	5.94132
18.7171	1.47116
8.79604	1.65001
10.7567	1.8999
13.5788	3.633
4.84604	5.31202
3.54306	4.64422
1.00268	3.55126
0.293459	10.2183
0.27191	9.4195
0.995025	7.11795
19.0754	1.1324
3.05494	4.25642
1.65158	1.8502
3.29222	3.62515
7.19374	4.55513
2.0331	6.75044
6.68855	3.56923
12.8119	1.77395
2.20801	4.41362
2.11569	3.99822
18.5959	3.17431
0.251303	6.44584
1.864	7.22693
17.2586	2.86691
0.918094	7.99952
1.74654	5.94151
1.76469	2.64486
19.0218	1.64645
0.117493	12.0875
4.97713	4.5489
18.1935	0.665848
0.922423	8.78482
10.0367	3.93638
0.150493	12.0939
7.54314	3.44252
18.1701	3.30656
1.20717	4.85033
12.8972	2.71312
10.0424	4.24235
16.9465	3.23686
3.96394	5.80476
1.32665	8.2126
4.00562	3.81488
0.819503	4.5769
9.21601	2.81232
0.285883	10.323
1.21103	5.64933
8.9669	2.84017
0.0405915	7.64037
8.56972	1.9675
0.291116	11.7502
3.89536	1.00526
14.9795	3.44051
1.8057	5.09554
0.324664	10.6913
0.293566	6.35073
19.5288	1.44136
10.2406	1.29649
0.183511	12.6438
5.68865	2.42979
2.61798	3.30657
13.5789	2.76369
0.208006	8.60622
0.869154	5.70976
16.3513	3.22565
0.429194	5.06728
14.6613	2.49418
2.13	7.23611
9.48743	3.02978
0.386998	5.45809
1.39721	4.17069
5.75683	2.83922
0.308704	8.63964
1.43712	5.72024
6.27789	1.11702
18.8636	1.09867
15.5297	2.8198
0.770831	8.30996
0.867894	5.81628
11.6175	2.127
3.52133	4.22752
0.414897	8.74554
16.2007	1.69052
10.1095	1.84173
0.321893	8.86317
0.186996	8.04225
13.6735	2.94159
7.34299	4.77261
10.9746	3.90993
19.0934	2.4823
0.778045	4.93649
0.122298	7.67233
8.42623	4.03279
7.18308	3.93961
0.136292	13.0196
0.924897	6.7609
0.483661	4.67084
1.90723	4.76249
2.9053	5.75485
2.44045	4.05449
3.39432	5.32129
0.270548	7.60062
1.22998	7.29379
2.63381	3.04948
16.1209	1.66371
15.483	3.14027
1.61341	4.66699
8.00579	4.24142
7.32669	3.97234
0.164521	7.53475
1.15278	1.62876
19.2322	2.01561
0.900154	9.10951
8.484	4.21627
13.8363	3.4244
1.55102	3.8869
1.14362	4.74485
4.73798	5.48928
0.693284	6.15793
19.4336	1.11005
4.97477	3.83646
5.40308	4.84067
14.4173	2.69171
4.47147	3.1883
0.424681	9.74148
0.685243	8.67995
2.48995	2.68089
0.192562	4.67251
0.200706	5.34118
5.63343	3.25242
0.981675	5.46725
2.93093	3.42012
0.764445	9.03047
2.89467	4.54203
9.49662	2.81134
7.07119	2.92379
0.539177	7.83102
1.29022	2.8002
8.99169	3.03403
1.22144	7.28009
0.594714	7.46315
0.718203	6.18622
1.06074	6.12857
3.6572	4.4905
3.67897	3.85569
17.95	3.3403
0.220215	8.63158
5.4838	2.29657
0.698753	7.70282
1.85119	4.63514
0.199626	8.79589
0.690777	9.01924
5.44964	3.78555
0.378583	8.82198
0.321899	9.69002
1.9239	4.21894
5.88731	4.11167
0.131984	11.4875
1.3303	2.97954
1.45864	5.28979
0.78092	5.34459
2.46282	5.24036
19.811	2.3544
2.15443	2.10003
1.39715	5.85864
0.697243	5.49165
0.920004	4.40545
12.4526	3.54401
8.90035	2.80747
14.0804	1.97005
17.1344	3.44186
4.0886	2.01082
0.719234	5.94848
1.54179	8.00227
0.965937	5.7544
4.5871	4.01524
0.216875	8.48372
1.62752	5.91325
18.4181	2.81985
2.20418	6.04033
0.208052	5.57416
6.47522	1.88547
13.8472	3.13999
2.17151	6.4874
8.21394	4.46688
2.48463	4.18665
0.353483	0.592779
19.3153	2.10586
6.1213	2.30392
6.27387	3.27357
6.18257	3.91746
3.43176	5.61391
0.160528	12.3107
1.63167	6.61267
1.2293	8.21492
4.68858	1.28964
11.6172	3.41136
10.007	2.30596
11.7722	3.41742
7.5941	2.8691
15.1109	2.78114
0.350658	9.24677
9.5916	2.70737
19.3389	2.6139
4.58172	2.66226
4.75379	2.41379
3.2967	2.66295
3.54721	3.45097
0.109786	9.03084
1.34939	4.26495
0.816654	8.41914
2.27381	4.21761
3.0298	6.27863
3.37277	1.79855
0.870918	7.81736
11.3712	3.29601
2.3483	6.10893
8.53371	4.27389
6.30612	4.04272
1.51316	3.16285
9.07616	3.12224
0.453191	10.8334
3.24083	2.92368
5.90272	4.54413
3.86802	3.34046
0.931973	6.58331
6.34832	2.38291
1.28557	8.01497
6.05442	2.68008
12.6734	3.3433
4.57058	3.56731
0.582254	5.51832
11.4303	3.58984
0.129998	12.5167
3.95934	2.97522
6.5252	1.39088
9.29385	2.33109
0.179893	6.58307
0.678952	7.54779
0.685448	1.54394
3.41161	5.83955
19.5189	2.76238
0.584486	7.01007
6.34097	2.87825
3.58385	6.02757
6.49677	3.96158
2.43782	5.81574
12.6423	3.25882
6.18221	3.91968
2.53344	2.21257
13.0415	1.32419
3.61906	5.58265
2.65666	4.42824
19.1801	2.89614
1.52881	5.93194
16.1646	2.75634
0.900169	6.1046
1.37558	5.36404
6.21029	1.58715
2.97924	3.41795
9.77189	1.06266
2.04872	6.9995
1.15247	8.12354
3.80622	4.98141
0.228449	3.99187
13.6305	3.73841
2.61467	6.60189
0.599904	8.46486
6.91896	4.62383
13.3074	3.28841
0.652518	2.10222
5.01392	1.93667
0.958643	6.81987
3.75504	2.99472
4.62901	3.94064
0.0739794	11.074
4.17905	4.41541
2.95645	5.88411
0.742974	6.35811
9.41612	2.48607
11.4301	2.88657
3.68713	1.35722
3.97482	5.22019
3.80107	4.04278
0.295018	6.35188
5.37771	2.19862
8.46752	3.80392
1.03723	5.26131
15.3885	2.23593
13.8264	1.51996
2.66334	3.37502
0.430737	6.71318
18.1507	0.779551
2.78094	2.37882
0.751927	3.90088
2.49725	4.42807
0.0320588	2.79644
1.04644	8.05196
0.303083	8.97113
0.685189	4.93133
1.10174	8.46277
3.44527	3.28622
3.71829	5.31705
0.0924335	3.68459
0.270474	7.04515
10.038	3.71964
3.5675	5.67004
3.60343	2.52424
13.1148	2.5302
18.7397	2.48403
4.60067	4.18833
3.04049	4.48163
8.46748	2.61537
0.667782	6.37978
6.91927	2.26302
0.619018	9.56025
1.00451	3.54181
4.29954	4.88682
15.1209	2.99899
4.7261	2.0173
16.8194	2.623
19.7479	2.75789
13.3231	0.454255
17.274	2.75035
0.762455	8.50986
0.696523	9.87081
0.44401	7.98658
6.11739	3.36281
1.49527	4.91198
9.28139	4.2238
0.538997	7.43334
0.242315	11.1283
15.6078	1.74781
1.01711	5.72617
7.71036	3.26447
5.59646	2.88427
12.2968	2.89511
5.40571	4.42083
6.35396	3.60232
0.346299	6.10712
2.07668	5.13459
0.683048	9.10252
3.66077	3.31418
12.2487	3.23243
13.8175	2.02759
1.52023	3.45691
0.738115	6.41963
18.5375	1.26793
0.152291	8.81566
1.00116	6.69446
9.25769	1.66858
7.16735	3.11688
1.05366	6.87086
1.70646	2.55559
6.59081	4.96202
14.5163	1.80784
3.8605	5.30025
6.14637	4.54476
18.9932	3.17897
14.7437	2.28567
8.23725	2.30188
4.50224	1.21267
4.80841	1.67686
2.20467	5.40564
4.22343	4.0235
4.05894	5.80879
5.92948	2.30152
7.36391	4.22923
3.04377	4.14548
2.18342	5.99785
1.88027	5.3264
5.09327	2.56219
4.86853	4.64989
1.0591	8.76908
1.60103	6.42183
1.17294	3.30753
0.560639	10.3954
4.8565	4.1031
16.7126	3.33536
0.379526	11.1791
2.4563	4.2093
1.0518	6.34763
19.7378	1.93181
1.1357	6.70514
8.54508	3.40386
0.6086	9.29279
10.6823	3.93944
12.9967	2.25542
0.431468	5.32519
11.1436	3.38975
2.73829	1.5784
0.650142	9.75547
2.73034	6.19815
6.60628	4.08267
0.180053	10.2721
0.587268	5.34427
8.26683	3.60183
8.89833	1.64445
0.906207	8.08607
1.6774	6.3809
9.22678	3.32088
9.75633	1.80642
4.79939	4.97385
9.19635	3.07644
0.240565	9.90429
0.0171999	13.7875
0.516286	5.40954
0.34556	8.01273
1.37931	6.58266
0.100722	9.19894
10.8999	2.42778
12.9973	3.38156
18.7038	2.12323
4.9958	0.976096
5.81786	3.68461
0.563549	8.41651
1.54545	7.4701
12.261	2.50096
6.35081	3.1563
1.44009	7.52408
16.3215	2.5792
5.82466	4.01527
15.2919	2.48109
3.49021	3.44792
9.22091	1.75993
15.4484	2.43817
0.872978	7.87682
2.72114	5.65725
7.69271	2.97467
5.35892	4.82399
3.02655	2.09651
18.7031	0.981962
6.54242	3.68619
2.35614	3.7046
9.13463	3.41795
2.4404	2.03077
0.103575	12.4338
1.54573	5.77256
1.23581	5.94849
9.6865	3.8195
2.10242	5.23185
0.791026	7.91282
5.41528	4.84196
0.16729	10.732
0.700579	9.43578
1.75505	5.93343
0.513453	8.93504
0.371228	10.9926
0.433198	9.82911
1.19198	8.44693
13.1091	3.20954
0.765926	5.51682
16.2916	3.47701
2.29256	6.61856
0.482255	6.9125
10.4634	3.53372
0.275566	9.31644
1.5712	3.37809
2.21775	5.37913
0.554662	7.64787
14.0763	2.05674
2.68465	6.72705
13.8702	2.89512
3.21727	6.26158
0.49137	9.32637
1.57875	3.08988
1.6275	1.76009
1.65722	7.13161
0.343532	4.44757
0.166096	12.601
0.654185	8.37859
2.82326	4.63522
1.01803	7.00882
7.20243	3.03034
2.00146	5.61731
8.45454	3.73074
14.1773	2.99306
1.44803	6.14826
18.9558	2.15238
11.3261	3.57489
0.678886	8.81698
0.217602	6.46926
5.52865	3.72385
3.57413	4.57123
3.90356	2.37627
15.9299	1.95452
0.481869	3.05165
0.194817	8.27696
8.14336	4.45553
0.150511	12.9598
0.360336	11.1737
5.00047	5.33628
0.908496	4.02595
11.9533	3.69638
3.90612	4.5748
0.745143	4.85193
5.91445	3.72968
0.745281	8.85301
11.6365	2.46139
0.250648	9.93198
1.86959	4.49485
5.48823	3.33814
18.2329	2.35024
1.57059	6.40814
3.96497	4.96235
0.0888441	6.14411
0.368007	9.92534
8.01153	4.37795
0.0720082	3.26847
1.1042	8.21723
7.19905	2.64531
2.0568	6.81321
0.435095	5.10469
0.167418	12.0228
2.06069	2.21413
1.33691	3.8815
0.53812	8.53162
0.720269	4.35687
6.32378	2.20374
2.0686	6.78052
9.66812	2.34845
2.22068	5.26479
0.222219	10.5478
19.2212	1.74947
0.543958	6.83855
1.32072	6.51227
13.1975	1.65008
15.2046	3.29936
2.05113	1.53999
17.5931	2.50557
1.5378	2.22785
5.80779	3.7406
17.5224	2.27177
8.87731	2.78924
1.67527	7.75711
2.86367	6.2835
0.446974	7.70682
1.28474	6.76794
2.52109	4.30452
3.06587	3.68424
13.1955	3.07443
2.86467	3.32917
0.327293	9.21987
8.5697	3.02104
10.5609	2.52146
7.7782	2.36311
0.232873	7.91457
0.191059	8.93267
1.61443	7.78003
2.11244	6.91939
8.81507	2.95481
1.43407	1.77823
11.2434	3.42689
4.10741	5.42356
10.6906	1.84332
5.93977	1.31276
0.164357	9.27451
1.2788	8.40894
0.191949	5.55144
0.205973	6.5064
0.786405	9.53516
0.390205	8.10259
1.10296	6.4468
0.797165	5.62147
0.822863	7.53649
5.40883	3.58361
15.0115	2.52929
0.991878	8.75533
0.433263	6.76714
3.67775	5.90449
12.6719	2.54998
9.10712	3.5517
1.73566	3.80055
19.5579	2.74654
9.77814	1.55278
0.287434	7.84002
1.89355	7.36857
12.5522	3.49042
0.463536	8.43849
7.21394	4.36695
4.16218	4.39489
0.304518	6.2919
7.37382	3.51764
1.58791	5.12354
11.1506	0.661752
11.8205	3.21231
1.33704	1.45148
1.90462	5.61155
14.6198	3.13243
0.236062	9.62916
17.6736	2.58615
8.51187	0.464546
6.93179	2.3289
11.0028	3.44752
0.172948	11.6613
3.30945	5.05043
1.36872	6.19166
4.74762	3.34651
0.175001	2.55044
0.0276864	14.5186
0.667686	6.34496
0.183169	11.1731
9.61499	2.62478
0.0975569	10.1898
1.30929	5.59433
4.026	3.33098
4.87764	4.19355
17.4845	3.24239
1.82811	6.05168
7.07264	2.10867
12.4161	2.3134
10.8992	3.05285
10.8942	4.10068
1.29201	4.82033
0.918234	3.82173
14.2213	3.66677
1.68999	4.02297
0.827744	4.39276
0.149492	6.12376
17.5045	3.36537
10.6497	2.44321
0.372525	7.14532
4.80652	1.85452
0.764552	7.37822
0.118192	4.71599
1.96303	7.00092
4.59135	4.48704
2.02696	0.869839
8.32292	0.947042
1.01198	6.28362
1.01779	8.0128
4.07347	2.39221
0.195583	9.51015
13.8054	2.59766
4.05157	1.66911
2.16357	3.71722
15.1049	2.61444
0.54084	7.51392
9.34034	3.63251
0.399418	6.76182
1.4749	7.36374
1.87345	6.73505
8.34799	3.09634
1.44322	7.08674
3.40964	3.22335
5.16114	2.85387
10.2475	3.22272
17.9445	2.78309
4.82002	4.60556
0.018919	11.607
2.00427	5.43254
0.488824	10.0508
17.5041	0.938413
2.015	6.37909
0.498655	4.16898
5.76365	3.77611
4.91618	3.99444
0.347665	5.93165
0.251633	7.60965
0.859592	8.19432
2.90946	5.69065
2.08345	4.63116
5.97816	4.3759
1.57968	6.56247
14.366	2.25061
3.10299	4.30879
9.05828	2.40981
9.21309	2.21074
1.23334	2.19538
0.25133	7.16859
3.28553	4.6276
14.8792	2.61405
16.2647	2.62701
1.39359	3.47862
2.17582	3.63618
4.26627	4.05677
0.0897757	13.1463
15.1276	1.76912
0.988449	6.65204
3.07172	6.12332
0.54896	7.2676
0.215994	10.8525
15.4417	2.19764
1.24759	8.20395
0.243081	7.51566
3.03195	5.46608
0.402847	7.25294
0.882692	7.19141
5.09738	3.38613
1.89882	4.45305
4.29983	1.49212
4.99399	3.70263
1.96612	6.67741
3.40004	2.84869
13.2647	3.25289
2.3831	4.45675
1.28216	3.01894
11.8929	3.77763
2.6486	5.37062
8.65935	1.04207
3.34641	3.27313
15.4265	0.920142
11.4983	2.82849
4.58419	4.5308
4.63935	2.22469
1.56691	6.9632
17.0989	2.24433
13.4986	2.75668
3.80674	2.51011
1.21032	3.85298
13.7265	3.50561
0.323969	6.13824
0.0997635	7.96483
17.3985	2.01261
2.83543	6.11074
11.5374	2.80155
9.72267	3.01381
3.80882	5.92465
3.82169	2.88368
0.109786	12.4568
0.465986	9.74481
7.53177	4.67178
6.89517	3.4911
1.60131	4.33198
7.2084	1.5433
14.9451	3.21006
8.20952	1.22167
9.03021	2.00822
2.09447	4.8595
10.2183	2.26215
0.188489	9.89983
0.702085	9.31063
3.58732	4.82044
4.46907	1.99029
0.794153	8.30593
9.17633	3.53669
3.20664	3.59415
0.281604	8.4543
5.96368	4.35163
0.165309	11.2558
6.44881	4.97806
2.01012	2.7133
8.58393	3.25508
12.9291	2.5628
1.39394	6.93873
3.3934	4.6182
5.75439	3.6606
18.6373	2.75192
2.91752	4.78903
9.36614	3.71385
1.23711	4.69342
16.2717	2.9965
0.123067	12.3988
3.17079	1.72249
3.48019	0.89095
2.09079	6.88428
6.62712	4.24069
5.20004	3.91929
16.2801	2.55262
0.553892	7.74672
1.72408	5.41332
10.8716	2.87571
1.2764	7.56617
10.8481	2.76135
1.31213	3.16239
9.05127	1.92835
12.8994	2.46686
0.278165	11.9009
2.47667	4.18315
6.99979	4.61869
4.93982	5.47564
12.9629	2.80756
0.187413	6.1751
7.7009	3.15107
0.919604	8.17665
19.5859	2.2704
10.0999	1.72985
0.852785	9.35968
0.406742	6.90785
1.05918	7.67461
2.53753	2.67717
0.910889	7.01281
3.82674	5.4188
9.54853	2.68271
2.58118	6.49343
1.90728	4.57896
3.35348	4.1305
2.72265	4.57384
1.54702	2.59751
1.44093	4.95428
0.405353	7.83715
19.8454	2.16432
0.729796	5.45752
0.347294	4.3505
0.0439457	5.22802
5.12389	4.55208
1.0021	2.46977
1.91407	0.799753
3.13978	5.96043
2.9901	4.13612
17.9324	1.4484
2.09763	6.10564
0.909066	8.7531
0.438853	5.73817
7.42557	4.60305
0.55231	6.16769
0.993114	4.98036
2.2375	5.23586
12.5635	1.88721
0.565848	9.41752
5.80707	2.57212
2.49812	6.04026
1.28428	5.44919
8.13098	3.85116
5.30921	4.50618
2.1061	3.40424
2.1616	3.84542
0.215202	11.3114
2.86264	3.49509
5.6182	3.41747
0.742571	7.99814
13.7413	3.00662
3.84356	5.78527
15.3829	1.93539
5.75724	2.09997
1.51621	7.14724
0.528598	4.32191
6.32209	2.27428
2.85062	4.2938
14.3622	2.89866
4.95933	2.80383
3.55206	4.53732
1.51634	5.31926
2.03285	4.75897
2.86555	3.55242
0.213602	2.90373
13.2169	2.17283
0.330397	6.46304
13.6297	2.27711
4.0324	3.0285
1.96441	4.07689
1.27245	3.20285
7.74272	1.36706
2.45662	4.92633
0.752384	8.2062
1.15668	8.47687
2.92401	3.89892
0.811663	6.42081
9.3487	3.95733
0.862546	7.05657
13.478	2.68075
4.06081	5.68753
8.68899	2.95308
4.3911	4.05226
14.0024	2.11322
0.387425	7.78729
5.19588	3.81048
1.96462	6.21121
2.2104	3.80349
12.2772	3.65908
17.3967	2.87905
0.44596	4.03682
4.43557	4.44676
0.363642	10.3673
0.908168	3.49331
0.276394	4.88917
7.61464	4.57204
1.13	4.24046
0.558043	4.61453
0.46	6.48816
12.1743	3.82895
4.25183	5.56903
1.73267	0.408853
0.238142	12.2592
4.01214	5.67693
3.59004	1.7388
6.67324	1.80655
0.163292	11.0738
0.777311	2.7344
0.347425	8.9736
3.4174	5.0344
8.41505	3.96348
1.06159	5.31268
3.31392	6.05235
2.28948	3.67165
1.00888	7.61828
7.67235	2.30516
1.80435	4.53922
2.57953	2.81466
4.57859	4.90872
6.88924	4.45622
0.222791	12.0313
0.107675	12.3414
2.04043	4.25996
0.910116	6.72804
0.424638	9.32941
10.6783	3.30606
1.84941	3.80628
1.08599	3.7035
9.40902	3.54122
2.05958	4.39819
1.70799	5.54439
1.88805	3.9033
1.02921	6.07016
8.19331	4.29424
10.6225	1.91151
4.84832	2.96238
5.84981	4.06484
0.119435	9.99794
2.21977	5.71682
11.3799	0.993656
1.10831	5.56908
16.0294	3.48478
2.0322	3.9582
6.81136	4.698
6.86274	3.34566
15.4251	3.25798
0.173594	7.79497
12.3641	2.77975
7.09147	2.00172
13.0014	3.6308
0.31936	9.42733
1.56784	4.94235
3.94498	3.38658
10.6812	2.88263
0.665308	7.56923
19.8587	2.59002
3.08688	3.38361
0.119128	7.64852
1.49549	4.84844
10.4222	3.42092
9.5705	3.24533
4.79978	1.71604
9.09347	2.63074
6.25067	3.29955
0.515392	9.25698
1.2947	3.90313
0.242656	9.80339
0.566158	8.36884
6.20871	4.84871
8.99442	1.85858
0.546699	10.4346
0.301689	5.44782
17.6632	1.89348
3.94276	2.30539
2.53636	3.92888
2.94347	5.18981
2.60379	4.53273
1.26556	4.79514
0.258202	6.78678
15.4581	1.3377
1.89997	2.05869
4.40076	4.77788
0.731259	7.42827
1.26507	4.68955
1.17868	2.89918
10.1074	2.37237
13.873	3.0275
1.09018	4.83479
13.4389	1.97135
2.27487	3.62929
0.197388	11.2289
13.7023	1.00764
0.19429	7.4215
1.24104	4.17558
3.01999	1.58058
4.23319	5.38659
19.644	1.37007
0.590478	7.16649
2.93843	2.21326
4.85305	3.21526
1.08721	4.26854
0.601537	2.92821
1.73831	4.78945
0.874344	2.70927
0.503486	8.29214
4.08419	4.25651
8.20018	4.22539
6.18993	3.12443
3.11065	3.64488
0.633643	4.75309
1.15665	2.65016
1.02251	6.73834
0.668695	9.23255
1.5678	5.46029
5.93189	3.47604
1.3717	3.93371
3.03925	5.27572
0.451519	9.36298
3.74774	3.02396
0.963586	9.05391
0.721501	3.72656
0.235322	7.75887
0.262723	7.51241
19.9449	3.18685
0.425191	6.58594
8.73525	3.45372
9.50667	3.79192
2.09305	5.1944
3.53332	2.40116
2.03049	4.77439
2.12636	4.63184
2.95781	3.7149
14.8604	1.40865
13.7215	3.34735
17.3134	2.86585
2.11219	3.6136
5.02422	4.43132
1.43317	6.74648
0.707411	7.06065
13.8589	1.86284
3.96439	5.74168
4.2487	5.38677
2.26292	3.55844
1.80756	5.31143
0.220013	5.4061
0.095676	11.2027
5.53158	4.62111
8.44766	2.16134
0.0247925	9.21699
5.72823	4.5918
0.336486	8.27594
11.5517	3.32676
8.30751	4.04613
0.239263	1.37209
0.209989	10.3252
1.23542	3.93508
2.8709	6.41771
2.35448	4.63081
0.0346273	13.3955
0.194113	2.33722
9.27533	2.81663
1.84323	6.45136
7.18873	1.85616
0.708103	5.54949
1.95421	5.62116
1.34644	7.56586
0.502411	7.23785
1.27683	5.55068
2.0973	7.07207
0.935274	5.33139
2.30751	2.41582
7.86376	1.62288
0.511683	4.70217
1.93173	4.39486
9.97212	3.00283
12.9828	1.35994
2.89819	4.46815
1.17656	5.28707
1.85723	2.28836
1.06359	6.52295
1.3275	7.35791
5.22153	3.98212
0.143708	8.05027
16.218	2.458
12.0721	1.96113
0.18683	4.32961
2.18239	3.77874
6.53769	2.68038
12.9711	2.82509
12.4745	2.40682
11.243	2.13583
0.306676	6.44917
4.7819	3.62391
1.11699	5.98109
7.94113	1.37002
6.14495	4.15326
7.85117	2.18274
7.0193	1.48078
10.7803	2.46842
0.518239	3.93826
3.15035	6.33553
0.677769	6.60574
2.37111	4.42981
0.654811	4.00697
3.17996	4.60241
13.9024	0.669154
1.94225	7.22437
11.9965	2.92054
13.2886	3.2687
0.302005	8.92073
1.97699	4.02132
0.340203	2.59509
12.7491	1.1893
19.6684	2.81042
0.9417	6.88083
3.40826	5.94196
15.5532	1.53625
2.4111	2.91214
0.348054	9.16254
2.22322	3.15494
0.0382884	1.05037
16.2173	3.44412
4.35563	3.41308
4.41572	3.70333
0.191174	4.37512
10.9337	2.43858
2.53442	4.46902
0.424689	2.96808
19.1939	2.55409
1.36542	7.69397
10.8169	0.756886
5.00683	4.09421
7.36678	4.36352
7.51451	3.84832
0.623035	8.77674
1.69327	5.1368
2.85077	4.78363
3.31466	6.11815
14.8133	3.14654
10.1431	2.36564
0.358021	5.43619
0.642734	3.78728
3.04799	6.29699
0.547757	8.33156
7.79656	3.62619
4.43079	3.46458
5.63184	4.49658
0.467257	9.73353
4.98692	1.5601
7.51023	1.54318
4.20598	2.28385
10.0269	3.61534
2.00095	7.01347
9.55992	4.26634
12.9442	2.29617
0.198366	7.38751
0.145141	3.12188
16.8142	2.4556
3.68406	5.51365
1.1623	4.61073
2.19499	6.43697
12.2874	1.96898
0.240681	9.38138
3.02327	2.60176
0.395673	8.88067
0.351294	3.52306
5.17477	3.73383
3.41685	4.57812
4.18753	3.40119
1.28237	3.61532
0.172882	12.5089
9.47064	2.64097
1.71438	6.07729
5.29406	3.75563
0.4995	4.2538
9.19919	2.55233
15.5446	3.3497
7.06837	3.41002
3.1589	2.16037
6.87856	4.50027
2.67867	4.40356
2.51707	3.59919
6.26231	2.25413
1.3032	7.91023
0.779103	8.12994
1.0569	5.76591
5.09208	5.34757
5.17448	3.58231
5.24285	3.95198
16.8635	1.39629
0.364309	10.6783
1.59366	4.93698
6.3846	2.71815
1.02232	6.19114
10.4616	3.49709
1.32016	2.87719
0.953014	6.29193
16.0355	3.38113
14.6067	1.61176
15.1851	2.15792
1.50154	6.74163
4.3531	3.90727
0.789819	4.59446
1.23036	7.65178
0.312043	10.6893
11.0323	2.89764
14.5962	2.64857
18.3497	3.28695
10.8901	0.578171
2.42534	4.38149
9.78343	3.28678
12.4633	2.12878
1.51264	7.52125
0.481643	9.4768
4.99281	1.8819
0.322126	11.2648
6.91698	1.20255
2.3825	5.97296
1.24069	5.03
6.91177	1.22145
0.42581	5.10196
4.58655	2.08846
3.92552	2.9512
7.93853	4.53667
0.370604	8.97006
1.30596	6.68755
2.44698	4.89543
0.789641	8.40983
5.98991	2.61626
2.90834	2.61539
8.97323	1.97763
3.462	5.06957
15.8685	2.38535
5.9645	3.47958
4.59715	5.19137
19.7128	2.8636
0.626855	5.39314
13.9003	3.19461
0.713375	6.91757
5.27886	2.58473
9.41096	3.16351
11.48	3.59699
2.71582	4.13077
2.20116	6.52372
3.73554	3.76526
0.430456	8.20981
1.45505	6.73223
3.43562	5.23779
10.2987	2.42386
9.02317	4.24263
6.24671	4.83192
17.8061	2.95339
12.4556	3.63033
0.0713108	12.5335
4.71394	2.01268
4.54816	1.68762
6.88767	2.29558
5.41186	4.48478
4.4405	4.59648
2.49343	4.07099
14.7785	2.25235
0.0318911	11.9849
0.851923	8.00188
6.916	4.12017
4.173	3.97026
4.0069	5.10005
15.3266	2.01949
0.387482	6.5805
0.477687	9.95688
2.03733	6.10424
0.206529	12.017
18.5961	2.37107
1.00975	8.66695
17.0436	2.565
1.61054	5.13844
15.3961	2.95816
5.65905	4.28967
16.4256	2.29844
0.365485	8.69479
3.57746	3.79822
2.71409	5.47965
19.3238	2.56018
1.53873	6.92354
0.412913	4.12946
2.85793	4.71115
5.89132	4.81288
8.51639	1.97298
3.0601	4.88683
2.21611	5.08737
5.80169	3.20192
6.85861	2.86817
1.86668	3.69693
0.46851	9.48389
17.0936	2.57559
2.79445	5.67526
0.847278	2.19507
0.504286	9.64639
6.84605	1.21721
0.77345	1.99864
0.14471	10.8495
8.1527	4.5929
4.26417	4.85872
0.808524	4.65713
7.02393	3.83435
16.4617	1.91068
0.0440656	13.566
6.95748	1.9528
1.28052	7.04369
1.8731	5.77238
3.41264	6.03681
9.34711	3.99504
13.5546	3.06158
12.2588	2.26273
5.57845	2.83941
3.08861	4.58704
0.750166	8.88058
0.740172	8.03579
3.23451	3.75975
1.75547	5.84486
0.677821	2.76319
0.292629	11.6151
0.261782	7.69631
11.1112	3.92235
2.83159	6.25512
0.508983	6.27046
0.189096	7.12174
19.0952	2.77323
10.0562	2.81609
1.94315	5.99927
4.37749	2.32721
0.253304	10.463
0.124283	13.0173
15.9796	1.38921
7.93401	2.3245
16.3286	2.49559
1.00397	7.88829
0.535702	7.28826
1.05807	6.08551
0.144969	4.18892
15.7228	3.32758
1.9454	4.02262
0.53629	8.65627
2.79564	2.77441
0.575435	7.69945
0.157159	3.44925
0.0832125	5.46078
0.340258	3.59868
4.28489	2.99753
1.09893	5.1271
6.67352	1.69313
1.22154	5.38826
3.92133	4.86776
0.0323363	11.1569
11.9816	2.25675
0.171958	11.1139
0.219652	6.99654
0.258809	8.45503
1.38467	6.54695
1.94215	1.50015
0.937774	9.20014
1.68845	4.98136
0.336041	8.2287
2.12721	6.96187
1.06585	4.81985
2.05095	5.13596
2.34593	4.72933
0.473128	6.04769
2.95684	2.8517
5.52985	4.00074
1.85537	4.38338
0.6326	9.5624
2.30583	6.95622
6.48452	3.95218
12.0195	2.89373
2.07026	3.60988
1.88719	5.21916
8.97075	3.58433
8.90108	1.97284
5.31593	1.58886
2.8804	3.23194
1.37988	5.1243
1.34293	2.95887
0.420324	2.66395
5.89193	2.69741
0.662144	7.16691
1.83873	3.54984
0.938527	7.87782
9.30572	4.11061
3.71619	2.43876
18.3666	2.01232
8.03685	3.86974
8.01434	3.06538
1.86243	5.52138
1.90927	7.06822
2.81609	3.03925
19.3611	2.85314
1.36761	2.52702
1.29014	4.55719
11.0878	1.08421
12.4812	2.89185
1.53522	4.32138
3.42041	4.24083
1.02918	7.73963
16.0105	2.64193
6.79744	1.75974
1.40683	8.16973
14.8141	1.45744
9.98912	4.00997
0.992126	6.97698
4.26777	4.86248
3.13186	6.19298
0.212275	11.3374
1.90757	6.38095
0.593162	3.12699
1.9359	4.109
0.652517	3.41881
0.120028	10.8817
0.0440335	11.9214
6.6804	3.5226
1.91926	5.09226
8.72291	3.59802
17.6393	1.64135
3.045	6.16682
1.76543	4.85826
13.5509	2.13596
0.498379	3.12437
3.67102	3.03446
1.81154	5.35962
0.494841	8.73614
1.45617	2.31124
0.413835	3.42885
2.56098	3.92689
1.17008	3.28613
6.04186	1.55192
5.86626	3.43587
6.38678	4.40249
11.536	3.75193
12.1784	2.58782
2.07042	6.62825
13.6622	3.25879
9.10776	3.7796
2.93215	4.04763
1.79911	5.88887
5.51092	4.2342
16.5607	3.16538
9.11845	4.31102
11.8699	2.76855
19.4615	2.88192
0.826237	3.51751
5.86953	2.60698
14.1544	3.11732
4.93422	4.47089
2.67136	5.95679
0.30275	4.11236
9.48713	3.14336
6.53885	3.95606
0.205101	7.55193
6.53423	3.15475
2.89493	1.88151
17.9637	1.51883
2.62104	2.96952
0.995518	6.05148
1.64398	2.30161
0.0708899	2.89457
3.51351	4.72
0.154871	5.67529
17.4058	1.37412
0.346074	4.72024
9.62297	3.97891
1.5838	5.73457
2.39663	6.36997
5.34649	3.99028
7.90109	3.08504
8.23057	4.53452
0.363141	4.20865
1.51196	5.55132
5.71473	2.18824
4.97848	4.57167
1.97828	5.56664
2.75554	4.80021
7.98281	2.72538
5.80384	3.12032
16.6654	2.03252
5.51131	5.11929
1.44449	5.88358
5.89817	2.71288
2.20629	4.90413
11.8677	2.96449
0.152263	10.7041
5.5998	3.44648
16.2684	3.41352
5.174	4.24563
0.0613737	10.0218
2.76079	1.85876
13.0007	2.85456
2.44029	3.12487
8.95201	4.04088
0.523142	9.84119
11.5487	3.89412
0.963765	3.86437
1.50374	5.91033
5.8344	3.41018
1.64844	2.28134
13.8277	3.00173
2.63671	3.47624
2.13372	3.13261
12.3656	1.69475
7.26091	3.1953
0.176166	4.11884
0.659511	5.40253
1.90352	2.15063
0.131858	9.32586
0.52427	4.80357
7.3308	2.89814
1.63746	3.48948
1.33843	6.8371
13.9712	3.30177
1.63023	5.31813
7.57078	3.31644
15.9422	1.06583
9.19744	2.54255
0.576623	8.04812
4.03561	5.77894
14.5388	2.64981
2.30955	5.27196
6.19986	3.6479
10.1056	2.47704
0.667189	3.97665
0.363382	5.14772
0.706606	8.75146
0.0606212	1.53809
2.67067	3.46714
17.7415	1.95562
12.8264	3.57501
3.16893	3.2855
0.169741	9.86952
3.36538	4.85272
10.3488	3.03444
3.42278	3.36073
18.7142	2.77376
10.8536	3.47
1.18059	7.55354
8.37112	3.77742
17.5305	3.1217
1.38287	8.12566
0.126119	11.1514
1.65517	4.7104
3.25662	3.69616
1.27198	5.73311
0.0805523	4.07463
6.56902	3.93456
0.498343	9.24281
5.03356	4.94343
8.69091	4.24305
0.0517712	12.3936
1.2291	3.82708
5.0594	4.40842
1.25903	6.18998
5.11607	2.93581
3.28048	2.8625
6.03204	3.89326
0.272972	9.69564
7.56716	3.92575
0.78968	8.12494
18.7151	1.54188
0.373433	3.21235
1.55187	7.10602
10.2098	3.5348
5.03138	4.55233
8.20621	2.56549
2.14602	3.69885
2.65606	6.76177
2.85965	4.04414
0.496768	6.06233
2.45368	5.41114
0.353985	6.64946
3.76434	2.91558
17.8758	1.65162
16.9479	3.09283
6.12139	3.701
0.617321	4.87258
0.725398	5.17359
1.95758	6.29366
1.87193	3.1254
5.10206	4.27403
2.79667	4.95616
9.48944	1.169
0.154348	5.88371
12.8943	3.71726
18.1162	1.94468
0.420817	2.89068
0.0947641	10.6221
0.499411	2.52828
4.85803	3.78508
0.602253	8.16567
1.62306	4.57787
11.4643	3.22181
2.45149	3.69542
16.2253	3.39557
0.157032	11.0814
0.0196487	12.9766
2.64819	4.86239
8.07455	2.90948
0.865108	4.62516
1.14695	8.63074
5.1791	1.97087
5.76043	4.52225
2.08542	6.19538
9.92419	3.76681
4.28131	3.28095
0.871758	5.16739
3.40676	3.1956
0.0106933	13.7925
0.788201	6.25824
7.40561	1.79832
4.10456	2.81696
16.5721	3.03987
15.2243	1.71231
1.00764	8.68475
4.16198	4.57781
0.423595	2.10906
1.28033	5.52258
6.10765	3.43433
18.3282	2.78711
4.14977	5.16932
13.1623	2.40604
2.02473	6.93334
1.1756	5.93972
8.2836	4.15537
1.80519	5.058
1.19325	7.31662
14.5004	2.4092
15.4164	1.74827
13.657	2.37983
18.8405	2.65697
0.601375	7.50267
0.264633	2.48088
10.9379	2.79626
2.05	5.42838
0.845423	6.73653
1.78538	1.8749
1.02612	8.03488
4.84606	3.21798
14.5664	1.46939
2.29438	1.60012
13.8384	3.14277
0.257439	6.95514
1.39511	6.89477
5.35649	4.18109
5.04887	1.92879
0.109166	12.4679
0.898286	4.71433
2.67382	4.82031
16.4554	2.40199
4.08266	3.90621
0.511699	6.50704
0.710975	2.58637
1.46174	6.5837
0.856672	5.89901
12.4451	3.4396
0.142701	5.54155
5.71535	4.36421
4.31308	4.40104
0.795213	5.07102
0.549132	7.29856
15.5092	1.55662
2.01108	3.79472
0.243842	5.17092
11.0846	2.72418
4.68028	5.18847
14.1785	2.19689
8.14227	4.2681
12.3437	2.50769
0.0755583	12.9931
19.7103	2.78809
2.70447	3.54978
5.78948	4.38774
6.49009	2.81138
1.11305	6.11644
9.15864	2.15257
13.685	2.16182
10.9539	3.00764
8.80475	2.46353
0.85282	8.64667
3.12893	5.35596
3.21813	3.66801
17.262	2.41451
1.76569	4.33678
8.08679	4.29871
0.486952	5.82697
0.186528	10.4877
17.4352	2.56614
0.475088	8.49933
0.525845	5.95595
1.65383	2.77907
1.04036	7.98307
1.34285	7.02336
6.26498	4.04197
14.7677	2.91301
9.43587	4.28827
1.44086	5.80634
1.44776	4.56917
0.04774	8.12057
1.7738	5.1976
0.959711	6.17589
3.9047	4.90971
8.26415	4.07691
0.594603	9.40304
0.31255	8.79297
0.0938414	2.9397
1.93559	3.92835
12.271	2.92976
5.22086	4.97868
3.72359	4.82706
2.62618	5.70843
7.76523	1.4448
3.82562	0.656432
0.408473	10.835
18.161	0.744037
13.2094	0.711775
6.19135	5.01392
19.4689	1.55795
2.31247	6.08111
17.7086	3.29187
4.39559	4.33413
7.26557	4.5424
6.67414	4.45794
1.30252	4.94562
17.1233	1.81233
0.618691	9.88462
19.6216	3.25695
1.30685	6.9033
3.34404	4.53927
1.89035	6.29511
0.960789	7.35729
7.08032	3.59089
0.188751	8.2058
0.191178	4.04512
1.53008	2.78855
0.874415	8.61788
1.45827	5.59639
0.11128	4.13932
7.02716	2.85956
1.41888	3.48523
9.44652	3.89453
10.6134	3.19509
11.6102	1.98178
0.179217	5.56042
5.66678	4.19176
6.90211	3.71358
13.1339	3.05426
9.11552	2.44348
0.22721	10.0488
8.5894	4.41488
6.2201	4.09976
0.100826	7.30415
0.860171	5.34552
6.35898	3.10977
0.20175	9.43472
4.33052	3.29186
7.04626	3.15144
9.59767	2.18348
12.6858	3.33078
0.421931	10.9751
2.86055	3.16006
0.450657	8.06143
0.177855	9.45312
3.78671	5.73043
7.50959	1.04875
0.943317	6.61588
0.912376	5.05106
3.68569	4.89126
0.147736	7.89438
0.949768	7.46382
0.773635	2.82237
0.653253	3.22051
10.8347	2.54999
5.97653	1.9649
1.5173	4.84317
0.750822	8.6826
0.263267	10.6888
8.64451	4.36108
3.18774	2.98544
0.517811	4.07695
18.294	1.50676
3.39125	5.68633
0.840654	9.18943
0.478427	8.75602
0.707482	5.9249
0.563404	4.28687
3.98354	5.21945
9.32833	4.10176
2.23177	5.55321
3.68516	0.934159
6.78891	2.22313
16.0961	2.18786
2.76728	6.33182
6.55783	3.94832
1.08367	2.87313
9.25797	2.84121
16.311	3.34064
0.922304	3.87966
1.23112	7.27139
4.93321	4.93887
0.932561	4.38442
5.67402	4.25243
2.14499	6.61076
1.84391	4.11709
0.219592	7.40746
10.2167	2.31949
8.34425	2.95769
0.540331	5.26106
8.46026	3.61164
13.7642	2.67533
14.7486	2.28558
1.70564	3.57712
13.4935	3.27902
2.59497	6.62475
0.186781	6.41478
1.07507	8.11694
0.53212	1.83936
10.152	3.33634
0.209901	9.35103
5.51	2.48254
0.71267	8.83268
3.45929	6.05202
3.93433	2.73296
4.716	5.06113
5.34611	4.82607
0.211881	7.62104
0.303922	2.35474
0.897759	1.04586
5.14205	1.89916
2.54894	4.89081
1.88562	3.25385
0.678472	4.04976
0.51365	8.49902
2.14799	6.47325
8.66959	1.82611
3.46569	4.12168
4.04652	3.33187
8.30211	3.26862
0.511442	9.271
19.9926	2.9381
0.73846	7.61622
15.9113	3.32232
11.5036	1.7395
3.21331	6.26919
0.933631	4.17355
0.830343	4.77197
10.4365	2.92815
1.116	5.35991
0.525598	8.33796
0.651072	9.07578
0.423957	3.96658
5.00681	2.50268
0.226886	6.97758
5.34886	3.90862
1.3965	5.43601
10.993	2.41394
0.117701	11.619
0.463757	1.86099
0.0610297	14.2919
2.12601	7.21089
2.99782	1.23133
5.69109	4.51043
0.522059	6.07033
2.40035	5.00044
0.372184	9.24495
0.848583	9.16615
2.28813	3.84481
6.95491	4.31196
3.06925	4.46396
2.41143	4.98902
0.0810973	12.1372
4.38038	3.12359
5.6353	4.51575
9.43378	3.56943
9.50954	3.6849
2.02341	6.27336
0.308403	3.53612
5.67144	3.77659
2.63757	1.79312
0.509858	5.13036
0.093299	3.46619
1.60566	4.88494
4.04041	4.35585
3.06562	5.33494
15.1021	3.62216
0.359179	8.06454
1.72268	2.37694
0.832395	5.25237
4.95736	0.866235
0.822376	2.39445
2.31219	6.06759
5.3766	4.06422
14.0877	1.23232
2.257	5.77479
0.790812	4.035
10.6242	3.0207
1.00247	7.63816
2.51915	0.455956
1.91468	3.64617
8.3084	4.08353
9.12872	3.14051
0.774784	8.11467
0.509322	3.81604
3.2728	3.49294
3.45662	5.11069
0.983214	4.8507
2.52677	6.71968
0.880669	4.61036
2.28818	3.66631
0.7508	8.09513
1.55438	7.24703
0.165935	8.66947
13.0796	2.00116
6.77945	4.70815
11.8097	3.80975
2.42328	3.6546
7.67053	1.7615
6.33884	2.83441
2.75796	3.78729
7.54444	1.72537
1.10422	7.76601
0.79823	8.28842
6.4054	3.21489
12.6995	2.96582
5.65536	4.64792
0.769042	3.1791
9.01472	2.76789
0.643475	1.859
0.0922683	12.8203
6.16726	2.36006
1.11168	7.33782
9.12248	1.27806
3.45296	5.42395
0.516302	5.91422
3.13576	2.77041
2.82753	4.0219
8.31569	2.10129
0.0820632	13.6222
19.9851	2.60696
1.19819	3.219
0.525369	4.63289
9.53227	3.11803
5.59663	2.1809
17.6561	2.93778
4.40803	5.57071
6.05764	4.69453
6.65917	4.19735
5.02372	4.01099
15.8251	3.17531
2.06718	5.12695
0.625509	5.11962
0.691203	5.62725
0.665888	8.79136
19.9602	1.72484
8.25877	2.66815
3.66538	2.16641
9.57508	1.98404
3.38165	1.99619
19.8212	2.54017
7.73641	4.39809
2.15998	3.32128
0.905464	4.20802
5.68247	3.44747
0.901416	7.83353
17.6111	3.14689
1.17555	8.42385
0.537217	5.55072
4.07808	2.77311
0.47445	3.61937
0.94064	5.67251
12.8637	3.22764
6.4797	2.93163
4.30847	5.11595
1.41487	6.96787
1.10301	7.628
17.3878	2.92339
1.76723	7.57083
0.207234	10.4929
2.38261	3.72015
2.3504	5.53066
10.4266	3.7954
11.2192	2.1645
0.714574	4.25392
3.92929	1.36786
5.16777	2.37057
3.54487	5.03215
9.99515	3.11664
7.05744	1.82827
16.1533	1.88474
1.32972	6.56959
5.14198	2.6323
2.61869	5.29245
3.6438	4.73582
2.26374	7.02612
3.23813	3.31868
0.622924	9.49242
13.7105	0.430727
15.4766	3.48396
7.23369	2.80239
2.67902	6.22677
0.568594	10.2585
2.30377	1.83773
13.2218	2.99276
8.72123	2.83746
10.0826	3.50787
1.6378	6.01602
0.544067	10.3122
0.555391	2.91517
15.2409	1.51261
0.130105	11.3573
2.97785	4.81859
0.6859	2.81454
14.5416	3.61842
5.3085	4.28158
11.4824	0.955982
0.729383	6.97365
0.189966	9.60157
1.74374	4.17234
2.79994	3.9527
3.68804	2.75217
5.6767	3.12084
0.193785	11.2363
0.843731	5.66636
3.71797	2.24591
6.55014	3.83562
4.69893	2.96716
3.41264	3.6264
3.63973	2.74226
8.05063	2.83835
5.39685	3.75254
1.4463	3.15322
1.69572	6.18783
1.13018	4.75603
0.274459	8.60485
2.7265	5.80831
12.56	3.74925
11.4387	1.27842
7.21727	4.26234
1.65714	6.19212
11.8051	3.84591
2.60746	6.75536
7.68071	3.92483
1.24042	2.66438
7.449	3.23042
1.17483	0.960049
2.66186	1.71714
0.0624746	1.05744
0.364255	10.776
0.603448	7.05095
0.29537	5.05817
4.51458	3.10835
1.33259	3.34336
0.497574	3.37883
11.6607	2.17005
4.80174	5.51824
17.3634	1.90947
1.76484	3.80266
0.503095	7.9268
0.197118	6.86149
10.1561	3.16918
5.1982	5.04089
10.8633	2.91342
0.817159	7.08005
11.1297	2.521
7.17744	4.69198
13.1121	2.64208
5.04556	4.79571
13.2968	1.53537
12.0907	3.4199
5.541	2.64564
0.0915439	13.0025
4.664	4.48084
1.73323	5.93853
0.0184549	13.7261
0.246203	2.97125
12.7923	2.21402
14.3428	2.82627
18.6656	0.523998
8.41408	3.85027
2.35884	4.46017
0.697298	7.12939
4.39309	1.79456
1.2845	7.28012
0.844461	8.78809
17.015	2.58234
10.0833	3.33835
5.6293	2.2706
2.92622	4.0276
0.58151	7.21045
14.2107	2.22235
8.66439	2.55213
6.98606	4.83937
8.90719	2.46031
1.71171	3.69801
16.0033	2.92002
1.19832	7.96189
1.60616	5.04977
2.50156	5.94456
0.542907	3.29227
0.16639	10.1794
0.0957485	3.84188
1.2183	7.15268
17.1711	1.70953
1.45324	7.41776
15.9385	2.32945
14.6262	1.77469
4.63676	1.93429
4.7258	5.00191
4.69768	3.75405
9.88595	2.8351
1.10114	7.06547
14.2123	2.00157
0.804705	7.90149
1.18809	3.41102
9.49839	1.44244
0.313916	11.2879
2.50262	4.14934
0.184497	6.7898
5.62831	3.04407
8.11223	2.51274
9.68317	2.43229
1.04594	6.96998
4.0106	4.50814
9.82516	2.90069
0.577194	5.48558
10.7744	1.37556
2.25695	3.68017
16.1237	1.97396
0.851447	6.66962
8.74239	1.90472
1.48217	5.44465
9.14851	3.38597
19.8337	1.65689
1.01874	4.97784
