0.826765
2.53195
0.308705
4.31833
1.27519
0.484166
0.218803
0.607233
0.568124
0.42076
0.867403
1.81916
2.43114
3.93128
0.410885
0.232021
0.469617
1.11023
1.1362
2.57318
2.15161
0.707558
0.120191
2.25971
1.83509
8.72796
0.433476
5.20722
2.32609
1.90401
0.651105
0.702624
0.709317
0.748604
2.09591
2.29074
0.432085
0.858592
1.74232
1.02601
1.0138
1.35252
0.487727
0.676081
0.846126
2.03495
0.357555
2.38603
0.781271
4.49402
0.904714
0.509909
0.406575
2.24736
2.29021
0.838307
2.19864
0.650827
0.704485
1.17738
0.528748
0.225043
1.42072
1.8736
2.60574
1.51299
4.06116
0.841475
4.93935
0.360928
6.88666
1.5593
2.6268
2.32032
2.39982
3.05044
0.465776
6.15795
0.832276
1.86808
1.08592
4.15799
0.661397
2.27351
2.40917
0.600516
0.257721
4.90475
2.37571
2.0548
0.386557
0.786949
0.857325
2.16703
0.29308
1.39018
2.49736
0.510055
0.265567
2.47726
0.735082
0.319985
2.73815
0.22558
0.603222
2.00503
3.63938
0.683527
0.990043
1.27767
3.79704
0.538127
4.04444
0.404296
1.37505
1.87331
1.98392
1.34385
2.71426
0.686215
3.86048
4.86003
1.95539
0.834305
0.374251
1.01406
1.76458
0.791187
0.649921
1.35766
0.392674
0.364506
0.620294
1.22056
1.07974
1.87077
2.26461
0.172891
6.27772
4.72632
2.36202
0.690774
0.897085
0.551308
1.98972
0.631941
1.78167
1.70193
0.665255
1.62069
1.05933
1.34105
0.925863
3.17473
3.52409
0.560281
4.94563
0.920335
1.85597
0.798712
0.556516
5.78946
1.46521
8.19621
0.657409
1.25564
0.828355
2.42654
0.525589
2.0068
1.92682
1.97852
6.72368
3.47005
0.813794
0.434462
0.33819
1.33138
1.57044
2.70994
0.399156
0.734341
1.8856
6.99655
2.14438
1.01213
4.56164
2.0956
1.96515
0.133045
0.250497
2.1634
2.20594
2.03525
0.344277
1.94118
0.516543
1.17561
0.941255
1.62367
1.97672
1.58691
2.00269
0.982011
0.341254
2.88277
5.10595
5.90883
0.867537
0.807002
2.03798
1.50595
1.54752
1.01331
0.410682
2.03656
1.31183
0.70927
10.6219
1.51204
0.798917
0.858273
2.18379
1.44777
1.41548
1.41384
5.74987
0.530357
2.69868
0.981458
3.76953
1.19065
1.05737
2.91574
0.674621
2.33068
1.83592
2.74977
1.98788
1.59031
1.60421
0.554607
1.9256
0.763731
2.0294
0.89048
0.493689
3.54946
3.05312
1.01666
0.728823
5.52855
2.17362
0.814125
3.00305
0.428963
0.17889
0.657558
0.581642
0.860754
3.06159
1.10277
0.492066
0.344963
1.26359
1.02098
6.95639
0.598806
1.71125
0.581074
0.789542
0.664133
3.30527
0.532937
1.74131
3.14646
1.1496
4.10127
0.410417
0.582402
2.72785
0.17538
3.50017
0.464498
1.4907
5.66607
0.605275
0.552298
0.919935
0.870729
1.42474
2.73108
1.22094
0.241643
0.799226
1.88706
1.55084
2.22788
3.99979
0.746941
4.4023
0.495681
2.11465
3.45836
0.576655
1.72143
0.31792
1.4298
1.52809
1.76399
1.14011
1.03366
3.53326
3.81291
0.923884
0.138049
1.26341
4.02061
2.29238
0.639094
0.585732
2.67998
1.63501
0.700256
0.887274
1.56396
5.68868
0.732943
1.5444
2.84963
0.391285
0.09042
0.252436
0.191174
0.332389
1.70619
1.08892
2.13124
1.96581
7.70044
6.73286
0.812066
1.03482
0.621957
0.821341
1.2891
0.411753
2.10318
2.17325
1.57946
2.98647
3.76426
0.415915
2.90397
0.806029
0.785876
2.02564
0.546967
0.836374
5.15231
2.20954
0.580907
2.00595
2.41454
2.02463
0.452671
1.7241
2.06083
1.67469
0.395925
0.816169
1.86645
1.24262
1.74549
0.712119
0.462884
2.53499
1.80566
0.679485
0.177923
3.99186
2.05952
1.80711
1.09211
0.148156
0.559145
1.22146
1.89789
0.917645
4.28624
1.90907
0.316737
3.21448
0.368323
2.51295
7.3669
2.69499
0.123263
1.11809
2.71396
0.840258
1.76441
1.48846
6.12016
0.851219
0.570874
0.214168
8.03793
0.919943
2.46923
1.00083
0.367557
1.68366
0.384196
2.33232
0.887996
1.10595
0.488542
0.629331
1.33152
0.83656
0.256372
0.506481
0.705894
1.86311
0.502205
0.481903
1.88968
0.672076
1.23084
2.14935
2.13931
1.42851
1.98228
0.409001
1.99217
3.88737
1.86908
0.155918
0.764927
0.320188
5.20683
7.40814
1.04635
1.66683
2.38742
1.30166
1.36089
0.119906
4.18858
0.268016
2.32169
0.47482
1.90387
1.87391
0.970827
1.3807
1.41205
2.06103
0.794162
0.125546
1.56346
0.610942
1.73841
1.06503
2.8766
3.45804
0.43987
0.948338
2.6269
0.407
2.46761
4.13583
1.84464
1.6974
3.62408
1.69235
0.71713
5.42498
1.45826
2.37142
2.27154
0.382832
2.0785
0.134758
1.09392
1.69827
1.19049
5.22154
6.00693
0.383169
1.62637
3.99908
3.63915
0.304423
0.632883
1.16107
0.404707
0.31459
1.02164
0.40379
1.23855
0.601664
2.58107
3.33018
1.70425
1.70167
0.890299
1.43985
0.746808
0.58006
2.14814
0.327699
1.16601
1.33147
0.221436
2.33168
0.643533
2.3267
3.22735
2.51445
3.53247
0.926744
0.3995
0.65204
1.06886
0.771667
0.724131
0.411574
1.02677
0.243718
3.5002
2.08416
1.11224
1.21498
1.99887
0.503448
0.573844
1.38806
2.26363
1.93641
0.788608
7.77079
2.10205
3.90101
1.72052
1.03287
1.94728
1.29315
0.789587
0.358085
1.54134
1.41505
5.02425
0.582528
0.740032
4.70535
1.04624
2.29281
2.28067
2.05457
2.43364
0.418361
0.977866
1.67385
0.803036
1.90392
1.64852
1.10125
1.71715
1.24379
0.604
1.85712
2.60031
3.13887
1.26763
0.457532
0.704332
0.145444
7.21164
2.22003
0.363028
0.73181
0.45213
1.59201
0.205057
1.9448
0.325951
0.726631
0.717081
3.24433
0.496826
0.744649
1.17765
0.864012
0.378724
1.23046
0.612959
4.09569
2.74604
0.544449
0.792409
2.01785
1.5161
0.759429
0.701267
0.217313
0.49859
4.54848
0.936645
1.18872
1.40613
2.61437
0.430147
0.664818
1.64084
2.1822
0.873559
0.294972
5.08055
0.308541
4.39617
2.62433
0.671779
0.379811
1.74026
0.839784
1.18819
0.29693
0.491136
0.464709
0.261489
1.77972
1.46816
2.36492
2.29793
3.41237
0.915735
1.23298
0.253939
0.802017
0.832157
0.523888
1.71358
0.872523
1.43914
1.07154
1.88401
1.56444
1.49323
0.158963
2.1616
2.67606
1.76746
3.53834
1.21194
2.36795
0.671796
1.62554
1.28361
1.17051
2.56596
3.16548
0.335457
0.519318
7.1932
0.605086
5.42579
5.83808
1.34955
1.17983
1.76449
1.49059
1.62701
0.542528
0.658439
1.13352
0.63541
2.11295
1.16512
2.33312
2.13616
0.898098
0.360478
1.23443
1.10308
0.630011
0.206949
3.09579
5.86211
2.40658
1.76204
0.314848
5.79776
0.868346
1.35329
1.02198
2.10635
0.622143
1.72821
2.3621
0.692046
0.281895
0.673215
0.295265
0.734679
0.822942
1.03668
1.86954
0.399695
2.42973
0.615787
1.58298
0.371368
5.41708
2.13478
4.21887
0.431519
2.27461
0.62062
1.56687
5.55906
5.17546
1.48458
1.51622
1.87971
1.77719
2.0369
1.98965
0.594191
1.85388
1.23354
3.04255
1.3831
1.59081
0.536779
1.74927
0.608278
6.1595
1.74496
0.329248
2.03385
1.09551
2.0011
1.9713
0.338655
3.66217
0.526246
0.590622
2.14688
0.226786
2.99346
1.32567
1.44045
0.667962
1.34651
0.524859
0.57703
3.4611
3.05015
3.21323
0.181359
0.410393
2.50872
5.82964
3.90995
2.46886
0.454045
0.376479
1.41698
2.31359
0.605866
0.719296
4.54677
1.60511
1.8479
1.81925
6.10764
3.63371
0.750039
4.7005
2.23207
0.682095
0.278602
1.91269
1.61998
1.91556
0.567323
2.13306
2.05134
2.8709
0.359952
2.61102
2.38848
1.77164
1.90081
0.713057
2.48055
2.17171
0.514383
1.04312
2.04904
1.23547
0.945006
3.22746
0.425775
0.284283
0.936161
1.90179
0.377922
7.49033
0.301737
2.25674
1.93173
1.65089
1.5157
0.947109
1.99833
7.46078
1.06264
2.89465
0.212189
1.69452
1.92275
4.09039
0.340808
0.0418252
1.98017
2.74246
0.649154
1.57608
0.922974
2.01155
0.477467
1.10287
0.374261
1.3139
2.33592
6.74771
2.1009
0.466495
5.17375
0.92633
1.85742
1.43332
0.304744
0.455422
2.13561
1.41243
1.33095
0.317653
0.807437
0.772546
0.251203
0.690899
0.90553
2.56262
0.452151
1.63165
0.912007
1.31374
5.49216
1.17457
1.30572
1.01745
0.286522
0.442146
0.439672
0.478668
2.80818
1.14838
0.785541
2.31033
1.64003
0.635571
2.0361
0.366708
1.06023
1.93852
0.89636
2.0259
2.10527
0.82419
1.31296
1.82882
1.35316
0.603782
3.15417
3.86467
2.16847
1.59684
1.69683
0.318854
0.201027
2.17018
0.502816
3.35995
0.971605
1.46642
2.78622
0.141411
0.803057
0.158171
0.161268
1.13796
3.46102
1.63919
6.47877
0.473753
2.70435
2.16151
0.67902
0.668735
1.64755
0.265696
0.7642
0.80372
0.337246
5.12088
1.28052
6.01272
0.372809
1.56983
0.384411
0.732432
1.14058
1.4594
0.476003
0.962053
0.516521
3.99985
0.99978
0.453029
1.48347
1.99004
0.704225
0.90768
2.36068
0.78586
1.70759
2.04416
2.5553
2.31491
2.61358
2.16808
1.96678
5.07871
0.753866
0.302024
2.82537
0.811475
0.19999
1.28765
0.284644
1.41805
3.53797
1.67592
1.68215
0.957023
0.430269
0.907668
1.98748
1.43861
1.61811
0.526177
0.414615
0.403021
1.93576
1.28599
0.768167
0.839511
1.44094
1.03932
2.14694
1.4644
0.246973
1.95623
0.968954
2.45257
2.95837
1.16236
1.24842
5.38875
0.256156
1.02564
0.956844
1.25707
0.392735
0.467288
1.85733
1.52708
1.11817
4.28147
1.63577
1.12361
0.766567
1.90647
0.534247
0.316519
1.37037
0.804569
1.34615
1.28954
2.01628
5.52715
0.483021
0.19261
0.676833
0.610946
0.554153
1.9903
2.34218
3.49632
1.42385
4.94084
5.20345
1.0448
0.940556
1.23389
0.57399
2.17833
0.711315
0.647327
1.48253
0.451596
1.66749
9.5969
1.32659
3.35441
0.76375
0.790025
1.89075
4.9754
1.68565
3.28753
2.52103
1.887
1.87931
1.44485
2.53402
2.07943
0.180428
0.754835
1.49491
0.32762
4.01455
2.21115
4.19095
0.691361
0.464134
4.71209
2.43584
3.32449
1.3728
8.7988
2.39472
1.00352
0.735118
1.81474
4.68784
0.27681
0.709367
1.40284
0.966139
3.95459
0.850485
0.253713
1.85623
0.597567
0.218919
0.625042
4.34582
0.418291
0.408171
2.21335
1.87129
0.363506
0.798953
2.14849
0.727163
2.62782
1.33276
0.831038
2.59012
1.88857
4.38885
1.45024
3.99642
1.65725
0.743396
2.58116
1.55691
2.50749
0.365082
0.578975
0.286849
2.78293
3.65797
1.02544
1.99107
1.01596
1.74922
1.38229
1.08911
4.33499
0.280734
0.948139
0.843101
2.40691
1.88737
0.538571
0.584912
0.616339
3.82432
0.785773
2.51184
0.95104
0.478651
1.59525
0.280259
0.242959
2.26709
2.03982
0.723019
0.698741
0.339376
1.7575
1.95115
2.89298
0.197125
4.00487
1.89212
2.82362
2.34627
1.12379
5.04621
1.92155
1.2333
0.396884
3.90048
0.945801
1.98892
0.459739
1.10927
1.8825
6.64793
0.953579
4.44823
0.222962
6.98029
0.434957
1.41036
0.595875
0.877171
1.08483
1.80411
0.60733
0.229977
1.71176
0.428378
1.76934
0.400655
0.345854
1.13196
0.946894
4.63191
0.5004
1.1347
0.555991
2.1634
2.25593
1.81988
1.05712
1.03003
6.83246
0.881339
3.50548
2.71852
1.10793
1.26158
1.18009
3.88097
0.311819
6.8171
0.687182
0.351219
2.09941
3.58526
0.91604
0.774572
1.28
0.566518
0.586833
1.84299
0.781324
0.418731
4.37396
1.95986
1.07756
3.22962
0.405135
2.38485
0.789293
2.32613
1.20798
2.13494
1.44092
1.37028
1.74763
0.69893
1.9489
6.02488
1.66515
0.878262
0.985602
1.9315
3.45396
0.629565
0.832976
0.622172
0.483333
2.3085
2.57876
2.32209
1.97939
2.61874
0.441387
2.0576
0.404007
0.826846
0.403549
1.38702
1.89572
2.94878
0.646252
1.96175
0.434056
2.39659
6.91222
4.77459
2.27202
3.38798
0.514015
2.55772
4.50672
4.16687
2.21106
2.1323
1.7379
1.21427
0.668755
0.616363
12.5376
2.93073
0.402559
0.964727
1.9386
0.910739
1.10704
0.938871
0.610177
4.9701
1.90785
0.38807
0.732514
0.575464
0.440195
2.87852
1.19865
5.16109
2.73787
2.94843
2.34742
1.90407
2.13521
2.28093
2.31667
4.47959
0.920378
1.26835
0.744031
0.704364
0.978031
2.13155
1.34654
3.02219
0.436332
5.82994
1.85587
0.78817
1.09602
2.05087
2.35941
2.70625
2.0379
1.81342
1.00406
0.821667
0.876676
2.05336
1.49175
1.81732
1.22524
0.89157
0.520557
2.29005
2.10166
1.52324
1.28503
1.95028
1.58936
2.90163
0.301749
1.71376
6.84663
0.876373
2.36295
4.1094
2.3403
1.61653
0.207595
0.63596
0.201438
6.46675
4.0518
1.65455
1.0287
1.28274
1.60452
0.884461
1.04739
0.711701
1.96818
8.28444
0.175464
1.90994
1.87131
0.467217
0.906902
1.93907
2.26486
2.10883
3.85235
4.42114
0.694259
0.696806
2.42905
3.41957
0.648572
0.522527
1.58975
0.89326
3.76027
0.640452
1.35623
1.85389
4.08141
0.316533
2.27768
2.2319
2.01629
0.22992
2.55066
2.94444
1.67418
0.82923
0.387049
7.28424
1.02006
3.19935
3.38892
0.793129
0.752453
1.64081
2.61886
2.09921
2.9649
1.90756
1.1744
4.92243
4.02869
1.06499
4.61153
0.595664
2.18119
2.51285
3.60879
0.508486
0.53502
0.735068
0.274259
7.94249
0.546193
1.0238
2.16901
0.671895
1.82075
1.99883
1.04785
0.485049
0.434234
2.31406
1.40193
1.07106
0.992792
1.08458
0.891169
4.49686
0.188919
1.08716
0.0770973
2.11365
0.462291
0.125404
2.21363
0.260308
2.28202
4.00926
1.15988
0.727267
0.884889
1.34367
3.34151
0.247757
5.61377
2.38318
0.806511
0.592527
1.88101
5.6286
1.29266
1.40451
1.08059
4.03678
1.2907
0.21775
1.72224
2.11776
2.20536
3.63208
7.66948
0.512662
3.23975
0.957538
1.63173
2.91227
6.5358
1.97771
2.63574
1.02514
1.95665
0.784724
1.71403
0.76587
1.00974
0.791219
5.78362
1.32458
3.1256
1.2468
2.06029
0.519126
0.364454
5.53439
1.31717
0.119818
1.37346
1.80291
1.54803
0.366619
1.34152
2.26376
1.56189
0.516391
2.3778
1.35876
0.6664
2.19134
0.441933
3.41848
1.20026
0.873542
1.54422
0.509291
1.88231
0.259647
0.39893
1.34329
0.593253
1.80369
0.880724
1.04133
0.548419
3.97205
7.02551
0.436381
0.694376
2.91814
5.86275
0.779328
0.408231
1.89931
1.32321
1.85701
0.513878
0.658575
1.49507
3.57388
1.39124
2.54806
0.386055
1.84866
2.05564
1.69571
4.15152
2.45665
3.95662
0.128165
0.312227
0.946392
2.17113
1.01232
0.816159
0.883426
1.75123
1.7675
1.19616
0.272184
0.408885
0.523476
2.06477
0.583205
2.29597
0.292117
1.12105
5.74616
1.53491
3.30081
1.88576
1.38413
1.61745
1.6565
3.29188
0.591211
2.54298
0.290311
7.71323
0.61058
2.29553
5.46331
0.440909
1.87624
1.99625
2.29207
0.333025
2.30139
0.662404
3.34133
1.5898
0.619395
1.95947
1.0522
2.68999
2.12884
0.350182
1.97395
0.820771
0.706679
0.257462
0.932609
2.33453
2.0092
0.167912
0.271802
1.29404
1.58927
0.331543
0.161579
1.73887
0.751724
2.33168
1.13473
0.675696
3.26693
1.66601
1.81195
2.09318
0.84252
6.63405
0.343966
2.4199
1.95769
2.19477
0.576666
1.25948
3.86693
0.959545
0.646879
2.06101
1.11297
2.16061
3.61636
2.7078
1.12292
1.11911
1.03955
1.14038
0.777015
0.411009
0.329795
1.47357
5.19679
1.06145
0.691625
0.119013
1.74522
2.59372
4.49491
1.30396
1.82848
2.0308
1.57497
2.38097
4.9216
2.88863
2.25243
1.00076
0.309139
4.1437
0.934535
1.52304
0.812843
1.0804
0.843144
2.50588
1.75259
1.42297
1.77952
2.09203
0.695413
0.225955
2.32424
0.223279
5.20326
2.74226
4.11829
5.73021
0.422448
2.32033
4.18872
0.407613
2.35555
2.24411
1.02894
4.7303
3.24397
1.43472
1.50668
0.428045
1.68203
2.41109
1.88284
0.937949
2.15545
1.80843
1.59019
1.08353
2.37343
7.12876
3.80493
0.802551
1.83794
0.42783
3.3288
5.73396
5.10168
0.604882
1.33371
4.65871
1.00868
1.22288
1.24264
1.98657
1.62623
0.983094
4.61049
2.75526
1.57153
2.91744
0.450638
2.3431
0.654353
2.16075
0.650026
1.16236
0.381933
4.28761
1.367
1.52416
0.571779
2.88593
2.27603
1.33354
0.297829
0.448315
0.551481
0.373055
2.37547
1.5515
1.4577
1.83976
1.11927
0.792345
3.24661
3.33497
1.39876
2.99473
0.785058
0.796303
0.69355
2.64044
0.283096
0.781233
1.3288
1.75521
2.2592
4.37479
0.531331
0.307575
0.553485
3.18549
0.576224
3.41615
3.9821
0.896994
0.36826
1.72455
1.85882
5.89928
1.09229
5.71602
0.825926
0.157896
0.393101
0.589918
2.47183
0.524019
0.773338
0.77208
0.401269
2.35028
1.09469
2.86993
2.78869
2.21572
0.950526
2.52652
0.128085
1.49441
0.421892
1.13804
1.2884
0.138499
0.470907
1.89699
2.80978
0.386485
1.33802
0.560272
1.12214
0.439653
0.525579
2.33717
1.94954
0.635796
2.46025
5.65683
1.01729
1.75552
2.03788
1.21072
0.811427
4.57681
0.581992
1.10374
2.0116
0.903822
0.348659
2.48212
0.324099
3.39685
2.4267
1.68387
0.647065
2.86273
0.306081
1.31205
0.622072
2.90525
1.80069
1.07847
1.17423
1.47565
1.57088
0.156174
2.18825
1.33585
1.48883
5.45843
2.3781
0.0909031
2.91772
0.323964
1.78753
0.289986
0.63292
1.72932
0.464059
0.852058
4.02866
3.2875
5.95859
5.45912
1.72468
3.51029
1.26075
1.30228
9.06081
0.571173
2.81808
0.881812
0.26375
2.03731
0.834441
1.55883
1.64388
1.18774
0.927896
0.603333
0.228805
1.5671
1.47962
1.52843
4.31439
0.932478
1.70346
3.57678
1.31534
2.44338
0.535742
1.00168
1.19644
5.10913
0.385769
1.60197
1.26065
0.463033
3.37136
0.640185
2.0864
0.506852
1.19834
1.82737
0.128844
6.49127
2.2058
1.87168
1.50992
0.799454
1.07954
1.29659
0.372822
0.864649
0.42123
0.609941
2.03772
0.167997
0.443648
0.955611
0.108159
1.2736
0.476384
0.79015
0.197578
0.527766
0.805172
0.791563
0.7952
3.85135
1.08837
0.805843
0.176908
1.02108
1.39291
0.244257
1.03366
2.60553
3.91106
0.630913
1.81799
1.52043
0.43379
2.72402
2.37148
0.730853
4.48042
1.21385
1.77251
1.08252
3.76992
1.63059
2.40472
0.547098
1.80726
0.178334
1.92721
1.85026
2.09156
0.747035
0.675272
0.979027
0.926757
6.92429
1.91273
6.52098
1.82294
6.50643
0.504698
0.945573
6.32327
0.335539
0.917376
2.21003
1.52107
0.686303
0.837726
1.2908
1.68041
0.988329
0.953057
0.340868
0.334928
3.69293
0.550207
2.32317
1.6342
0.650473
1.98895
0.538413
1.81939
0.72757
1.82586
1.46903
1.87901
1.74429
1.8161
0.684799
1.29018
2.6167
1.6129
5.58904
1.59824
2.25029
2.01072
0.349413
1.43666
2.64803
0.66419
8.40037
0.790805
0.953733
1.53467
1.51177
0.331887
3.60416
1.82168
0.584571
2.96209
4.4936
0.904764
1.9649
3.74629
2.58043
1.60846
2.73778
2.50895
1.00505
1.13386
2.23067
0.824894
0.613422
0.598711
4.63233
2.14262
0.77848
0.886757
1.6569
3.52226
3.28664
6.58424
1.8659
2.06143
1.3394
0.290101
1.87838
1.00496
6.6072
0.338557
2.30576
1.98895
7.10556
1.07299
1.97555
0.435052
0.356932
0.950117
2.51869
0.282413
0.381783
1.68414
0.403234
1.93579
0.699657
4.32266
1.77046
1.98746
0.510233
1.72748
0.676485
1.31411
2.67109
0.776759
2.47829
0.301384
1.23372
2.75707
0.743981
0.326065
0.72372
2.41507
1.16356
1.69118
0.353941
0.790283
2.80535
0.762305
0.295639
1.88669
0.729959
2.04145
0.636329
1.15254
0.507826
0.220855
1.16498
1.88435
1.72768
0.691226
1.90127
2.0414
0.463582
1.74092
0.553687
0.201198
0.360307
1.13905
0.748091
2.07352
0.358502
1.71045
0.54827
1.9431
0.948979
2.63974
0.201249
0.3515
3.43672
2.61869
0.843779
2.08601
0.162943
0.677865
0.235091
0.231752
1.42858
2.2752
0.762639
2.65725
2.05944
0.763979
0.773702
2.46306
2.68096
0.563389
0.832474
0.904142
1.27639
1.79874
2.07609
1.03833
3.54962
0.367029
5.98879
0.945942
0.967002
3.28018
0.348923
1.0663
0.500402
0.380001
2.09597
2.02282
1.21029
3.21542
1.80762
0.466741
0.475574
3.92326
4.65091
1.13921
1.94069
0.906185
0.142145
5.90854
0.5229
3.26002
0.460249
0.744807
1.45921
2.47201
0.623502
0.561431
0.971656
0.317657
0.578597
4.13094
3.42965
1.47283
4.17323
0.238096
0.632781
1.5652
1.85022
1.41642
0.402505
0.500982
1.15788
6.37456
2.23442
1.26808
1.31926
0.791904
0.821157
5.75851
0.191125
0.839553
0.496764
1.40555
0.280079
4.21542
2.63412
2.17627
2.10091
0.262548
1.07231
1.64442
3.97738
1.79538
0.491429
2.63591
1.74247
6.8407
4.6325
2.18234
1.69517
0.995216
2.51511
0.302964
2.75985
1.40277
0.308193
0.591944
2.81938
3.24925
2.43947
5.62811
6.04547
0.277286
0.95393
1.37947
1.28784
0.170846
6.96812
1.93629
2.74569
0.918728
1.19617
1.88301
1.75039
0.444022
1.50725
1.71589
0.478105
1.32671
3.35669
7.39297
2.89671
1.79838
1.28132
1.44464
1.80112
2.18221
0.565123
1.94938
0.287364
1.50479
0.676014
2.23922
0.576259
2.24718
0.963464
1.5338
1.77019
2.01046
0.328281
0.638814
2.52953
5.36748
0.557474
0.779789
2.64029
2.1334
0.842966
1.25348
1.29018
0.733934
8.78785
3.19249
1.19445
1.92706
0.457646
1.93903
1.20302
0.593693
0.838801
1.25846
1.06244
1.39077
0.856993
1.92112
0.901998
1.79722
0.774717
2.10948
9.1018
2.08357
0.359698
5.13414
0.219327
1.06579
0.812722
4.51071
0.8319
0.547469
2.90981
1.61482
1.92777
0.878591
2.50966
2.0531
1.72912
1.48336
2.69691
0.39002
1.73587
1.73862
0.837346
0.593157
0.258528
2.21083
2.29295
4.03757
0.967015
1.56129
0.987127
1.18065
1.16502
1.16971
0.41605
1.8654
8.59805
0.457552
0.208632
0.17607
0.761358
1.64522
0.431842
0.39199
0.327271
1.25814
0.426556
0.704785
1.8916
0.900148
0.787342
2.33669
3.34301
2.42459
0.298375
3.32539
0.599843
0.777783
4.52319
1.16051
0.864303
0.944681
2.25223
2.91035
0.748681
1.53492
0.917092
0.483863
2.02472
0.209967
2.07931
1.32713
0.582852
0.569871
2.45704
0.41816
0.247945
1.20609
3.76122
0.127334
2.15122
0.314451
1.52649
2.28422
1.92223
0.480447
3.08898
0.337433
0.59404
2.92948
0.994192
0.395817
3.70651
3.80554
0.711469
0.694356
3.11007
4.42913
1.38069
2.59286
0.766868
0.616766
1.59
2.36659
0.227702
1.2955
0.387892
1.80367
0.662472
0.0851091
0.176876
0.341046
0.441721
0.875292
11.0542
3.56351
0.401563
1.6638
3.64229
6.20148
2.04959
0.408562
4.20346
1.0026
0.432746
2.88548
0.789223
0.931361
1.88472
1.47205
0.382994
0.863877
0.625924
0.797962
2.4138
1.61824
0.614424
1.78131
2.45475
0.888576
1.83143
1.26459
1.97466
0.883475
1.48499
1.21208
0.903752
2.11865
1.63994
0.494474
2.08333
0.427469
2.36223
2.6292
2.00201
2.25233
7.19612
1.93998
0.764586
0.988847
1.29956
0.869334
4.59963
0.508746
1.36705
3.44513
0.976681
3.15932
2.05646
0.348662
0.841648
1.02396
5.03099
3.47965
2.25252
2.80295
5.6338
2.47984
0.328793
0.936282
0.781878
1.66784
1.40616
2.08841
0.976708
1.28997
0.171056
1.81668
1.54991
1.30642
0.282281
0.43486
0.261892
0.651408
2.83455
0.919455
3.9174
2.94227
2.06264
1.61879
0.314435
0.326513
0.700268
0.848823
0.661748
1.08727
1.14457
0.0943044
1.74378
1.54962
1.1551
1.461
0.283271
1.72913
1.90526
0.470055
0.430711
1.14016
3.34126
0.62725
0.498802
0.462892
0.840391
0.289533
6.26914
4.22383
0.535911
0.321951
3.33911
4.25557
0.299711
0.856755
1.98895
1.7297
1.7222
4.83183
2.2415
0.34511
0.738048
5.01665
2.04576
0.139795
1.4094
1.77807
1.2028
1.72847
0.642816
2.24812
4.7053
0.406702
0.792043
1.73088
1.89086
0.699134
0.364041
0.513693
0.779923
1.34968
0.38577
3.90568
2.52425
2.28974
0.788973
1.09066
3.68339
0.915056
0.581957
2.1277
1.85088
0.869731
1.13894
1.77387
1.40379
2.27247
2.49295
1.72681
9.45436
0.489344
1.01972
1.96001
0.831575
1.96081
0.255355
1.61243
1.9145
1.92226
1.21422
2.21826
1.91225
7.3219
0.555519
0.0891754
0.686797
1.58955
0.792655
1.10425
3.30392
0.221144
0.791992
2.55181
1.64257
0.715138
5.42269
0.292851
0.888312
0.301243
3.25586
0.338644
5.15393
0.378169
1.53431
1.64646
0.484419
0.431835
0.318084
0.191702
0.644916
0.579515
1.66753
1.55884
3.26888
1.31663
0.229801
0.370244
1.63536
1.21463
1.79565
2.58653
0.445572
4.09757
0.455282
1.55143
0.881808
1.05765
1.15874
1.32092
4.43011
1.87135
1.68055
0.872423
2.14211
3.36367
0.224932
0.307756
0.416206
0.572629
6.01189
3.02523
0.248148
2.35563
0.931433
2.20941
2.21526
1.71265
0.775605
1.27583
0.516182
1.46803
1.72733
0.655007
0.861152
3.47172
4.13336
2.24844
4.26715
0.98519
4.28699
0.248787
2.32422
0.178681
0.173524
0.639725
0.3544
4.67316
0.252667
1.52793
1.38348
1.77518
1.16131
7.01211
0.426906
2.35458
2.27945
0.666225
1.84624
1.18381
0.195443
1.69492
3.67323
2.00591
1.16596
2.25694
0.405322
1.20064
1.98562
0.470978
0.895995
0.2012
1.61929
0.657777
1.75515
0.640125
0.550668
0.445147
0.999018
0.703466
2.10562
1.85403
0.369331
0.430802
1.81284
1.85954
6.9912
1.86438
0.991553
2.23732
7.09913
0.434067
0.275342
0.518546
0.511411
5.17538
1.57872
1.02709
1.69322
0.408348
0.812355
0.517692
1.96704
2.19802
4.14734
0.602574
0.668376
3.85858
2.40036
2.26449
0.836137
0.789258
0.847482
0.846092
0.495599
1.95209
5.70058
1.65984
0.146646
4.18911
0.728524
0.46211
3.87343
1.07472
5.5908
3.94641
0.893371
1.08481
0.56121
2.61525
0.798622
8.41807
1.21328
0.327452
0.515709
2.33195
1.76336
0.558151
0.189121
0.516718
0.44161
0.511551
5.68905
0.522787
3.36286
5.59252
1.68513
2.17614
0.514142
0.845791
0.746659
0.995632
0.778579
0.355674
4.8563
1.01103
1.11816
2.53312
0.555081
2.40972
1.78871
1.40662
0.442035
0.450486
1.53572
1.90229
0.887401
2.93685
7.83771
0.764015
1.82477
0.666069
1.15145
0.77504
0.606315
2.32609
0.224281
0.970731
0.690268
0.221471
5.38672
1.176
2.41888
0.604201
0.935342
1.30407
0.611453
1.6509
1.13379
0.241606
0.797029
0.67443
0.783172
2.60941
5.83068
0.237726
1.65606
1.93497
1.80723
5.24466
0.266239
1.81691
1.36411
4.23571
0.234699
2.10781
0.539235
0.343472
2.0685
1.5182
1.66202
0.456566
1.85613
1.49317
4.41219
0.924952
0.311794
2.468
0.727938
0.894835
2.65436
2.10909
2.27659
1.0493
1.72121
1.98483
0.891058
7.39226
0.367246
3.64477
0.825107
2.39675
0.378718
3.491
2.10241
2.55354
0.624872
1.73486
1.97377
0.548805
3.87816
0.530773
0.830678
0.484599
1.57293
0.907838
0.517325
1.24598
2.06564
0.813965
0.168631
1.69974
1.79256
0.827871
0.24941
0.741097
9.39726
0.177483
1.36944
0.08591
1.5258
1.01495
3.94491
2.64839
0.805272
6.71699
0.540136
4.67311
2.5748
2.34113
3.57323
4.3119
0.702753
2.4855
1.76193
1.63961
2.22553
1.0182
0.789772
6.54797
1.08315
1.67727
1.57195
1.42113
0.367029
0.673734
1.44961
0.348142
0.503874
0.502223
5.05294
0.683772
1.22373
2.25056
0.975835
1.12887
1.51971
0.634203
1.74748
1.69257
3.80953
0.29496
1.18649
1.90405
0.361843
0.620474
0.849116
0.411462
4.63225
2.10611
1.0571
5.4589
0.94803
0.979398
5.55558
0.253899
0.925125
2.58307
2.18133
1.42864
6.99497
0.329923
2.21849
0.461698
0.525619
1.51674
1.67434
1.44675
0.425405
0.982869
2.78895
1.05111
4.52882
1.44014
0.45733
2.21699
3.92613
0.207427
2.64056
0.827744
0.245682
1.57543
1.99274
1.97709
0.674081
1.95
0.590046
2.0572
1.47854
1.88708
2.5911
0.658673
0.646785
0.707363
3.91784
0.321698
1.64177
0.600804
1.38329
1.36722
1.21254
1.45212
0.933783
0.642566
2.17992
1.54884
1.15824
0.629898
0.377119
2.21523
3.48628
0.560864
0.535757
1.96718
1.14272
1.21795
0.81077
0.210314
1.34559
3.37632
0.487414
2.32911
0.930086
1.33773
0.288138
0.531428
2.73832
2.28599
6.39306
2.3436
1.83666
0.88764
0.963493
0.809805
1.19338
1.55965
1.48532
0.783603
4.83877
0.732347
2.72185
0.581082
2.45063
7.02932
3.53399
1.23813
0.993691
0.56784
0.292794
1.35456
0.219692
1.55307
0.89432
0.583504
1.7791
1.71418
0.389835
0.818959
0.910656
1.26699
1.06256
1.04908
0.517011
0.995846
0.223767
0.94085
0.926233
1.91289
0.677916
2.46924
1.06273
1.96703
1.35535
0.263257
1.02286
1.14578
0.758043
4.27365
1.7067
6.35273
1.62265
0.844728
0.595392
3.1958
2.63291
0.659153
0.46663
4.57602
0.699554
2.18161
2.21153
0.575614
2.5348
0.293812
0.955953
1.19522
0.848416
0.321982
2.03624
7.66205
1.54828
1.26519
2.48003
1.51486
0.296225
0.571691
1.2691
3.34602
4.21563
2.06263
0.591588
0.22424
1.9107
4.47299
1.80058
1.57748
1.21247
3.5547
1.38827
1.26017
5.38907
0.840424
2.53546
1.11557
2.34292
0.232742
2.88676
0.775023
0.517617
4.33428
5.73096
2.61892
1.92455
0.860135
0.917175
0.810118
1.39055
2.61108
1.97943
0.175407
0.289383
5.23806
2.21107
0.931903
6.43461
1.90735
0.970098
0.782761
0.308128
3.58519
1.9197
0.238779
0.778984
0.7992
2.34663
1.25256
0.401498
2.05324
1.1262
2.75715
3.5104
4.28657
2.06613
0.261269
2.28079
0.470912
0.679594
1.65483
0.545945
0.437662
0.323419
1.91344
1.7694
3.68975
0.384583
1.62487
1.19881
1.61784
1.47613
2.23714
5.61754
1.42013
6.00697
0.569643
0.687122
2.35079
0.266791
0.431072
4.56388
0.697811
1.92673
3.02127
1.87852
1.11744
1.55426
0.591103
0.315805
0.965888
0.85925
1.09666
1.29425
1.21279
1.04161
1.66502
0.287879
0.309904
2.20529
0.794178
0.423367
3.43984
0.701388
3.33731
1.17365
3.61535
0.34086
2.11378
0.30421
0.696788
0.656296
1.37052
1.9924
1.42819
1.54072
0.470516
1.13098
2.25211
4.29499
4.27716
1.67222
0.49916
2.2213
1.37043
0.669118
1.34919
0.619298
0.558855
0.512067
8.62599
0.40414
1.12088
0.307273
0.162384
1.98797
0.79512
0.447326
1.87635
4.25418
1.32082
0.346878
0.13995
1.06478
1.01443
0.100221
0.830942
0.69498
0.872284
0.441889
1.44496
4.0338
2.03701
1.89918
0.372979
1.40496
2.14978
0.629181
1.32157
0.28884
0.671569
1.04379
3.60935
1.47932
2.09268
1.77232
1.89552
4.85861
1.19422
0.275151
0.356544
5.33972
1.73989
2.12775
0.340454
2.15287
1.81267
0.388827
5.42248
0.528579
1.07025
0.143834
0.409456
1.34948
0.868459
5.26379
5.42861
0.913527
1.51977
1.50022
2.06865
2.47565
2.33561
0.277468
1.77514
1.23554
0.822752
0.310798
1.83298
1.57881
0.874309
1.04883
0.370184
0.334694
0.20662
0.725644
0.4814
1.61672
0.708335
0.523535
2.20795
0.986281
0.426804
4.99376
0.57648
0.955606
0.876812
0.467065
1.4093
0.927406
5.13995
1.96595
0.817992
0.520681
5.84868
0.29113
1.9014
1.90071
1.82115
0.199806
1.62827
1.74524
4.90838
0.357843
1.7614
2.25419
2.05457
0.215436
1.58351
0.852328
0.591639
2.11704
0.403669
1.1181
0.209872
0.541945
0.65176
2.78859
0.533802
0.0905018
0.122938
0.664461
1.34275
1.59232
0.587306
3.26351
1.94895
2.17169
1.54984
7.00112
2.47735
1.06629
1.11291
1.88953
0.522896
0.477944
1.3231
0.953632
1.54576
0.526609
0.935187
2.34927
3.26461
0.563664
5.15252
1.3036
1.70503
1.48562
3.44942
0.47633
2.72603
2.15036
1.39706
3.36251
0.60216
0.216473
2.1505
2.88499
1.75229
0.136818
1.96559
0.71697
1.30121
1.08768
6.56519
1.82675
2.12757
0.977789
2.02814
1.39015
1.57295
2.07941
0.402211
0.61999
0.491172
0.285884
1.10708
0.193776
1.84535
1.2974
2.42173
0.158562
0.622064
0.926005
0.641821
1.84329
0.618588
1.29536
1.34412
1.54615
0.558686
2.0997
0.510964
1.94333
0.547871
1.53992
0.281155
0.832649
1.1849
0.604556
2.53661
2.51283
0.291863
1.65771
0.74957
1.68979
2.95161
1.00484
1.04182
0.55731
1.07857
0.612369
4.78528
4.12775
2.32186
1.95663
3.02834
1.5635
0.529597
5.44607
3.15121
3.05756
1.11277
0.445468
1.76443
0.906897
1.08737
3.53907
1.90618
1.46166
2.09608
1.22918
0.475171
0.840343
1.96478
1.58109
0.338734
0.355207
1.33692
1.69576
1.26391
2.53779
0.575191
0.640174
2.36694
0.494188
1.01472
3.27691
0.796498
2.82959
0.589153
2.313
0.174217
6.7352
2.18206
1.6798
1.56471
0.399745
0.791598
0.634735
0.286207
1.83267
1.79354
0.812802
1.25219
2.49238
1.23908
4.01121
2.42725
0.195331
2.02228
1.56198
1.02206
1.1712
2.87192
1.51181
1.18234
2.54499
2.29409
0.33203
2.40346
0.874043
1.10692
1.96342
6.48474
1.68604
1.16655
0.566038
0.222975
0.274625
0.25101
2.03796
2.60873
6.1121
2.96007
1.88901
1.30166
3.26467
0.328746
1.67269
2.35813
1.92924
2.05997
0.593218
2.10711
2.23054
0.599124
0.813763
4.96867
0.905853
0.659945
2.66226
0.674406
0.846113
1.217
5.24459
2.41087
0.622272
0.374233
0.916487
1.3022
1.87712
1.69308
1.54948
1.72233
0.929787
0.606031
1.95243
0.776376
1.07662
3.81947
0.356327
2.17212
0.769611
1.41877
2.0984
0.392888
1.86615
1.07665
0.77164
0.344085
2.09365
0.886418
4.14325
2.23479
0.873264
5.5823
3.77045
1.89678
0.858275
1.83821
1.46481
0.501173
0.314374
0.551084
0.565784
4.31028
1.55274
2.10664
0.836534
0.715765
1.47134
0.261776
0.367983
2.34352
1.48432
0.700172
0.990109
3.31993
1.12923
1.7367
0.37568
0.941596
2.31681
5.01959
1.82788
8.95579
0.158429
2.13977
0.315491
5.04597
0.755887
0.818136
2.72286
1.41456
0.868576
0.596708
4.28134
5.28925
0.920057
0.966919
0.41864
2.61012
1.36171
0.276547
3.4568
2.26882
2.32635
1.38425
1.86384
1.75149
1.2057
0.401675
4.14684
0.666773
4.45258
3.62042
2.03854
0.784391
1.62373
0.890856
2.81972
0.483189
2.31858
5.24289
1.83516
0.737681
1.16249
2.91943
0.67938
1.32137
6.01023
0.372105
1.05691
2.09452
0.5264
0.839638
1.73639
0.763608
0.637299
2.18115
1.01896
3.33965
0.92188
3.92063
0.997235
2.30178
2.36971
2.44856
0.732978
0.772923
4.17153
5.47628
0.798033
2.01908
0.248519
1.67464
2.18351
1.20751
2.35052
1.13928
0.957781
1.84914
0.371881
0.53559
0.254838
0.315688
4.54704
1.06132
1.97847
0.899536
0.337589
1.86026
1.98686
3.77656
2.20219
1.02758
0.499829
1.88157
0.272966
0.833013
1.12227
0.364039
0.371351
2.50425
0.170102
1.17452
7.56325
1.16889
0.558451
2.64211
2.22534
1.35386
0.875233
2.12804
3.49362
2.39465
0.475254
1.22563
1.18935
0.853612
0.555365
2.26409
1.11833
0.865208
0.778715
0.947087
3.50087
1.84094
4.24043
0.402646
5.40578
1.23387
1.33805
0.520083
0.497369
1.84148
0.686777
0.469636
6.01774
1.23155
0.870922
0.781112
0.300131
0.390117
1.90615
1.88606
0.737757
7.56993
0.453139
0.886081
0.902061
1.78331
2.32949
1.44387
0.657353
1.76322
1.02999
2.10884
0.514495
1.34619
4.11098
3.1543
2.60229
1.06199
0.251064
7.0102
0.38187
3.09474
7.60837
3.12377
0.42629
0.380469
3.66265
0.931433
1.51734
1.43063
0.403922
0.625625
2.36589
0.56085
0.750283
1.77803
5.67974
1.43514
0.327461
0.525814
1.67998
0.940638
0.499905
0.505486
0.663876
1.11328
1.84154
1.84255
1.69719
0.268585
1.81829
1.13088
2.1275
1.7717
0.510048
0.748013
0.44347
0.351605
0.56802
2.00444
1.82255
0.444958
0.934124
1.28157
0.941478
1.0717
3.29145
0.481117
4.03581
0.503475
1.81472
1.4434
2.11623
0.667707
0.600948
1.66065
0.592637
1.60824
2.41685
0.238253
0.918548
0.927883
5.40444
1.9385
0.425574
1.14766
2.1844
1.49671
0.203614
2.04332
0.354081
1.52399
0.700815
1.0271
0.525447
1.17612
0.226622
6.03375
0.977609
0.963262
0.273125
0.252884
1.55276
0.86653
0.880496
2.25704
1.94142
1.67437
3.01512
0.34308
3.82307
1.73321
0.817868
0.274008
1.35748
1.34882
1.26636
2.9496
2.01252
0.593315
0.817496
0.691489
1.72071
0.849557
0.198656
1.15193
2.57707
0.198677
0.602661
5.54826
0.28253
1.05661
1.59583
1.58114
0.539302
0.635281
0.475257
0.620239
0.376158
0.73316
5.38462
3.99016
0.363798
0.31677
1.7111
1.80164
5.6463
1.91606
0.658646
0.684765
0.760944
1.35701
0.552362
1.69713
0.784128
1.79952
6.73171
0.325404
2.01685
1.48651
1.20969
2.35672
1.48238
0.288593
1.17427
0.863758
0.664085
5.07474
0.539877
1.15938
0.676155
1.36796
2.31775
2.15842
0.849543
0.843239
4.53689
5.0368
1.10102
2.26815
2.04392
0.722763
1.69253
1.05873
0.852976
0.565521
0.216952
2.06921
0.70204
4.63268
0.497314
0.413994
1.90016
1.61934
2.17684
1.81414
1.61568
1.15637
1.57473
0.16803
0.500127
1.96206
6.83777
1.16411
0.255008
1.92137
2.14225
2.15639
0.42667
5.8983
2.05263
0.405921
0.229649
1.96622
0.806378
2.24107
0.714541
0.196898
0.161754
1.296
1.30201
2.40934
3.21816
0.625177
2.19355
1.33935
0.0694233
0.765061
0.37327
0.807436
2.34177
2.07565
4.6713
0.939163
2.15991
0.4218
3.50168
0.940859
0.631017
0.392105
2.01321
1.17144
0.799098
1.7874
1.39828
2.45513
1.4228
1.51167
2.21216
0.453827
4.29645
0.597623
0.934996
0.170266
0.258445
0.451146
0.169006
1.00238
5.19803
0.861223
2.23694
2.40479
1.46315
0.648675
4.06254
4.66633
1.91053
0.733927
0.211065
0.938664
0.608296
1.76077
1.53261
1.46114
0.510494
0.985937
1.20682
1.52849
1.68805
0.421893
0.949398
1.81549
1.465
1.1714
0.695096
0.38543
0.631641
0.474918
1.28682
0.782056
1.05994
0.756569
0.530169
0.296124
0.840616
2.50801
0.506351
1.11165
0.394337
0.378816
0.504929
1.29445
2.76454
0.585636
0.510428
0.848226
1.19804
0.981809
1.71273
0.289116
1.8453
1.62689
5.4777
1.62067
2.34484
4.93162
0.221236
0.422927
0.459987
2.3746
1.09405
0.586124
0.373691
1.90342
1.8443
0.993721
2.32532
2.12558
0.380956
1.04032
0.471432
2.6003
1.0673
3.96449
0.430954
1.72621
1.96565
1.91254
0.584419
0.37699
0.379806
0.565654
1.25998
3.19494
2.41256
2.21402
1.03919
2.11775
1.93607
3.04375
0.363449
1.78917
2.69484
1.78952
1.65798
1.9122
0.234788
2.18459
0.0968418
1.71504
3.28885
8.48447
0.866359
7.83191
1.30951
0.651588
2.80089
0.545989
2.39794
0.450097
0.924579
1.56012
2.39935
0.968125
2.28016
2.33641
0.590249
0.467578
1.23718
2.17252
5.42086
0.454955
2.51553
0.690819
2.11893
3.91185
0.382024
3.38466
0.156067
1.39602
1.2049
0.511073
1.43859
1.04233
0.655699
0.84623
2.92873
0.581483
1.22405
0.638313
0.667557
0.676212
1.6329
1.53327
0.502701
3.95401
2.31406
1.32882
1.55967
2.06733
0.496484
1.39333
3.87639
0.302263
1.31389
0.874066
3.28535
0.584457
0.765641
1.62188
1.88678
0.424987
1.35287
2.09105
0.651317
1.74946
0.610341
0.737363
1.12445
0.674751
2.02823
2.08689
6.98689
4.08151
2.24014
1.03224
0.885638
1.00313
2.54574
2.23496
0.552975
0.788356
0.511904
2.18764
4.04257
2.16154
0.64439
2.0522
1.09382
2.1501
0.152673
1.06879
3.55128
0.989474
1.7812
5.66898
1.55073
1.56723
0.371983
0.886145
6.30606
0.639988
0.897633
0.593327
1.3333
0.884799
4.48242
2.38397
1.54246
4.6021
1.5044
2.58078
0.988658
0.902948
2.54751
1.94944
1.52422
1.09189
1.70318
0.74328
0.641486
1.58068
0.364588
2.49074
2.11136
0.581312
2.80343
0.640969
5.1825
1.98762
2.20142
1.31146
2.25968
0.273285
3.30758
2.20811
1.05459
2.3752
0.680099
0.937619
1.47049
1.00081
0.438629
6.58461
2.01471
2.17157
2.12693
1.54938
5.32767
3.97392
0.612094
4.5708
1.82188
1.09376
5.70401
1.33985
0.806699
2.0641
1.84025
0.870379
3.60085
0.918047
2.37099
0.512176
1.57215
0.691881
0.298298
0.85675
0.277257
0.482617
0.838249
0.782953
2.69202
1.22342
2.04657
0.382327
0.784591
1.97715
0.88827
4.93197
0.638114
1.87025
1.22092
0.258961
2.01776
0.324883
0.450068
0.514522
2.13736
0.541594
7.30275
2.36863
4.39917
3.84905
2.4452
2.27359
2.07481
1.97502
0.605358
2.97776
1.00122
0.550383
0.934552
2.22012
0.415859
4.09544
3.20718
4.10335
2.40414
1.99639
0.776005
4.12471
2.13072
0.560143
2.21532
1.37501
0.96406
5.14607
0.850419
1.62494
0.287827
0.679543
1.06099
0.890726
1.6598
1.89897
0.981557
0.573812
1.8552
0.205935
0.816559
5.13332
2.38972
0.594247
1.99888
1.15228
0.837135
1.83984
1.65965
2.2788
2.20101
1.22747
1.84764
0.917022
0.912832
3.62741
0.984895
1.4189
0.17774
1.04815
2.83017
0.74104
1.70541
0.346374
1.16656
0.581915
6.81107
0.507956
2.2429
2.33262
0.293434
0.196121
0.513293
0.419553
0.426162
0.851776
4.09654
0.482945
1.28866
2.74405
0.312767
1.19033
2.36218
0.657895
0.89704
0.673933
2.64868
2.39891
1.96528
1.95511
1.6288
0.847276
1.91477
0.253385
0.743533
0.373754
0.540982
2.25529
1.11662
1.5151
4.26387
0.0870406
0.96436
0.789538
1.80774
3.82039
1.67851
0.77948
0.405864
0.603882
0.455207
0.630896
3.44998
2.08652
5.2553
6.19161
0.993896
0.827333
0.372742
1.37703
0.484878
0.167738
0.479019
5.30103
0.444201
0.190651
0.685686
2.3417
1.62566
0.637864
1.9376
1.41327
2.00858
1.88186
1.18029
0.452237
2.35576
0.583145
0.457964
8.00019
1.92824
0.301602
1.40986
2.32601
0.140491
2.11286
0.776532
6.6048
2.31845
3.57267
0.859423
7.27484
1.75404
0.682457
0.540869
1.97484
0.921985
1.22855
0.119209
1.22489
5.02828
1.17053
3.23636
0.682657
1.52605
1.71893
2.14608
0.476531
1.85955
0.594241
0.977041
2.74508
2.32996
1.56638
0.566907
0.701836
0.678325
0.711016
2.15962
0.224662
4.84714
0.823339
2.46015
0.697971
0.60457
1.97925
0.461403
4.76077
2.37418
6.23446
2.42305
4.35931
0.72415
2.12273
2.26597
6.34097
0.865665
0.47955
2.31274
1.86485
2.07038
0.363494
0.435639
1.81015
3.06529
1.74254
1.91551
3.8033
2.12127
1.5942
0.912227
0.428325
1.78073
0.989805
1.84062
1.48469
0.26545
4.80044
2.196
2.01198
0.341179
4.87803
4.03451
1.58578
1.92028
2.32112
3.1217
1.85602
1.51189
1.81191
2.04868
1.12991
0.691386
2.69257
2.26313
1.42211
1.12917
1.27485
0.801416
0.946952
1.74646
0.925183
3.24035
0.941615
1.79385
1.4608
0.415318
1.70031
0.397008
2.06908
0.596261
0.862879
0.40547
1.88223
2.86986
0.962467
0.872242
1.16682
2.1389
0.851585
2.70959
0.465455
1.00233
4.26466
0.7525
0.429994
0.885087
0.739533
0.346958
0.551342
1.24172
0.575213
0.692679
0.476489
2.89317
1.524
1.31542
1.77397
1.99731
2.39935
0.769508
2.00916
3.95956
0.561171
1.07393
0.235709
0.427828
0.25445
1.23627
4.72476
7.20757
0.341041
0.769657
9.18445
1.33303
0.533031
2.20692
1.12735
0.83609
2.49423
0.433347
0.343955
5.93606
1.75946
2.11936
5.37237
1.42185
3.62861
1.02421
5.77239
0.275781
1.59049
0.177722
0.730298
2.44405
0.960121
4.73313
5.82282
3.55859
2.2345
0.451732
1.37264
2.47205
0.247194
1.16834
2.05016
1.67555
0.89991
6.50462
0.546836
0.878129
0.993632
0.158102
7.40609
0.430237
0.796557
2.24131
0.584247
0.653872
0.932735
0.925564
1.62059
6.24401
1.28063
0.957956
2.38669
0.51839
4.34288
0.408141
0.386027
3.15931
0.855716
3.2218
0.378685
1.48857
0.529018
1.10064
0.363598
0.960909
1.95273
1.48708
4.47181
1.26187
5.03144
0.526655
0.853837
1.21609
0.569603
2.19534
1.69282
4.74911
1.23263
0.100683
2.07416
2.32912
1.12112
1.42591
0.857996
0.98861
2.08488
1.3995
5.3747
2.06983
0.804411
0.404993
2.77091
1.52021
0.127039
1.22496
3.65567
1.91795
0.877632
1.11502
1.03077
3.39344
1.37205
5.32932
2.80697
1.1799
8.28687
0.901498
1.7444
3.08876
3.63712
1.30253
1.73691
0.843598
0.541882
0.185089
1.32886
0.670715
5.87469
0.831367
1.61727
3.59512
0.625685
1.14491
1.32418
1.55443
2.17438
0.524477
0.843736
2.46146
0.403401
2.25643
1.45611
0.547689
3.17851
0.750456
0.878337
3.49161
1.27288
0.726343
1.1109
2.13289
2.32304
0.790383
2.32316
1.84126
0.99983
2.21349
1.6101
2.8737
3.0193
4.13086
4.03949
2.11401
1.92195
1.86453
0.790618
1.75784
1.54734
0.633395
1.00212
2.76045
0.281851
2.10302
3.76142
0.988119
1.14436
2.05011
0.960743
1.08628
1.41436
1.47532
3.31858
4.98553
1.73271
2.9254
1.22437
1.05135
0.111591
2.40778
2.54313
0.345065
1.0298
2.9394
2.60476
1.55899
1.7336
1.4029
0.39518
0.821896
0.79655
2.3856
1.42915
3.48485
3.84223
0.342402
0.613331
0.222118
3.77893
1.13951
1.11791
1.12917
0.464609
0.767967
2.39394
1.76197
0.688515
2.2609
0.568483
1.34856
0.77702
0.915276
7.10574
0.702145
2.53408
1.59708
0.733539
2.04039
1.96674
2.10509
0.852701
3.90248
0.365783
2.71353
0.214039
1.51436
0.418129
1.50029
0.888942
1.70902
5.79602
0.866359
0.217487
2.57652
2.42949
0.907099
0.661279
0.923247
2.09704
2.121
2.52061
0.374392
5.22793
0.867981
2.54662
2.437
0.352157
0.48345
1.11243
1.11868
1.18823
2.32646
1.36369
2.0004
0.325864
1.58381
1.00836
5.79209
1.29133
1.10802
1.46067
0.435895
0.867193
2.22177
4.29983
2.41774
2.10504
0.778655
1.43949
0.377107
0.345019
0.376224
0.663095
2.04938
1.67995
1.55228
2.14868
1.01814
2.6303
0.882948
0.751302
0.201322
4.54892
1.47234
2.51153
2.9737
0.197727
5.50626
6.49216
4.23928
1.63073
0.896752
0.117828
1.19398
1.26292
1.44399
1.79913
1.54451
3.08215
0.936485
2.04189
2.55386
1.42561
0.255875
1.22003
0.761597
2.26285
5.46265
1.81945
2.97731
0.168929
3.84298
5.55449
0.166767
0.405186
1.44563
1.06617
0.599524
1.91702
2.27629
0.428223
1.77842
0.868826
0.903609
2.2388
0.796806
1.61132
1.87866
2.78166
0.97251
2.36594
2.65869
1.49021
0.906123
1.15264
0.612345
1.40527
0.424275
0.850281
1.52478
4.3157
1.44341
0.644799
1.11093
1.24292
1.47127
0.734457
0.264872
0.874735
1.11073
2.24582
0.897065
1.3697
0.585607
0.485648
3.36261
5.22953
0.664703
0.150332
0.674853
0.18989
2.40055
0.607611
0.381402
0.731862
1.69893
1.37436
1.25411
0.735626
0.763092
0.25519
0.235325
1.95395
0.358765
0.677105
2.72806
1.33923
1.64942
1.53528
0.716608
0.594286
2.14484
3.86625
4.65362
0.822053
0.543902
0.403158
0.947197
3.59977
2.97393
0.913646
1.71036
1.5577
0.163836
1.65845
2.47208
1.40597
5.45257
0.688208
0.640659
0.921062
0.209432
1.48147
1.45046
1.6704
0.30657
0.432926
4.78399
2.69066
0.211014
0.586534
2.26661
2.20356
2.22803
1.19654
2.29467
1.73522
1.1016
2.11515
0.586686
3.3042
3.97123
1.22499
2.50153
2.2441
1.15616
1.59281
3.62037
4.23195
1.60955
0.65049
7.14827
1.66616
0.753885
0.473691
0.729177
0.601866
5.40762
2.06491
0.792542
2.5938
1.70329
3.85809
1.16985
0.322113
1.1771
0.534754
0.586138
4.12034
3.11025
4.20415
0.379137
2.05185
0.508197
1.29933
2.28701
1.16614
0.483041
0.857587
1.03598
0.951287
2.9885
0.934824
0.956092
4.01061
5.03604
4.18635
0.758021
0.146979
2.90462
1.1284
0.888098
0.668913
1.65059
2.12384
1.54182
0.259667
0.947044
0.514461
0.358256
1.73373
0.644163
0.287872
4.71553
0.876742
1.85142
2.2007
2.28631
2.1905
6.20177
3.36534
0.892665
1.53418
1.48324
0.48995
1.52366
4.91226
0.264976
0.72208
1.66761
2.06239
4.48054
1.82561
2.29734
2.01154
3.24122
3.63296
0.957615
1.76449
0.322438
8.20878
1.12441
1.64466
0.288732
0.593912
0.899067
2.50346
0.381369
0.686133
1.23578
2.03237
0.824233
7.42713
1.92508
1.14503
1.71995
2.03048
0.791786
1.66508
1.28417
1.08938
4.61579
2.40058
1.57054
0.592614
1.9233
5.00277
4.23395
2.64372
2.14672
0.294169
1.70208
1.99545
0.437669
2.00348
0.391787
0.449151
1.7634
1.55557
1.3679
1.95447
2.87869
0.977917
0.619158
2.30497
1.14797
1.67818
1.72971
1.1481
1.82416
2.94513
3.29753
0.452855
1.38691
2.44493
1.36734
0.957004
5.02321
0.755597
1.20745
0.740776
0.879596
1.13264
8.48502
0.973529
0.434347
0.943972
1.28636
3.44454
2.13936
1.2391
2.49606
0.60474
1.25612
2.05964
3.77359
0.945719
0.303432
2.98811
1.54183
0.648939
0.467804
1.27596
1.32579
2.54942
1.67975
1.1703
1.05243
1.16218
2.91661
0.449465
0.420205
5.41155
0.801032
2.94733
0.357459
0.070565
0.521153
0.69327
2.19825
3.9974
0.549294
1.62915
0.593295
1.29414
1.80435
1.80387
2.88193
0.913674
5.7808
2.07321
1.95103
0.288318
2.42495
0.857149
2.334
5.30772
0.874581
1.6159
1.46971
3.41794
1.77518
1.01119
0.948332
0.445118
0.729928
0.809176
4.56613
0.518829
0.299909
1.46212
1.75676
1.84625
1.02291
4.22738
0.19663
5.60606
1.49447
8.54046
1.21518
0.716289
0.468524
0.312616
2.08307
1.73992
0.841217
0.917635
3.66205
1.67862
3.25111
2.14521
3.28823
3.40943
2.79667
3.73525
0.8246
3.49418
0.711195
6.32016
1.27021
0.611017
2.02977
1.31776
2.49077
0.306263
1.43101
0.511798
0.525237
1.72539
0.267297
1.32495
1.26991
1.39112
0.633261
2.50825
0.271762
0.778742
0.185537
1.33009
2.15284
0.712218
2.51698
1.64981
5.95586
0.629774
0.283319
1.58478
4.7368
1.61253
2.07252
0.960293
6.00679
4.24027
2.49881
0.226102
3.0099
2.02371
2.62094
2.64158
2.4314
1.85334
0.617372
1.94538
6.56017
2.06881
2.62956
1.58461
5.48404
0.511015
0.80268
3.32038
1.11274
0.51534
1.03538
2.8378
0.585695
1.42693
0.464456
1.843
3.97562
0.363328
1.5041
2.7028
1.3906
5.18676
1.31355
2.8869
4.22446
0.961107
5.69274
5.64474
1.70858
0.492794
1.14258
2.31423
2.33076
1.39658
1.0434
3.32469
0.447013
0.745392
0.272918
0.630618
1.02704
3.44836
2.60018
0.461992
1.70781
1.95837
2.47738
0.265375
0.96822
0.485047
1.68861
1.98674
1.21871
6.50299
0.255673
0.474205
0.284697
0.829571
0.472612
0.469507
1.59537
0.549417
3.02865
2.90851
1.22373
0.30734
0.403178
2.03862
0.996348
2.0853
3.13729
1.09344
0.798067
0.344986
1.61707
0.42154
1.8762
1.39029
0.638518
1.23395
1.71483
3.04733
0.863264
0.413779
0.410829
1.06695
0.974537
2.08147
0.392372
1.07823
2.50295
2.27942
1.66257
0.350855
4.19759
1.00888
0.498767
1.12954
0.434919
1.55245
2.08696
1.30107
3.11067
0.530831
2.81748
0.532698
2.33149
0.247089
0.656173
0.870525
0.687946
0.92623
1.77
0.639636
0.764792
0.589033
0.767098
1.90333
4.55353
0.641619
1.55397
0.625125
0.684667
0.582453
1.70441
2.06623
4.38118
1.03329
1.99327
1.56978
3.28855
0.737718
0.280819
0.330895
0.337105
4.62772
0.432929
2.4986
1.93466
0.3647
1.50837
0.833199
0.272877
0.88587
0.99785
2.43308
0.712052
0.655747
1.46863
1.37086
1.37307
1.86693
0.351824
3.68743
3.21622
0.453083
0.772894
0.335695
0.817978
5.06262
2.07066
2.27937
3.10851
0.843058
1.412
7.82362
4.40762
1.43082
0.787186
1.95921
1.31949
6.17113
1.84626
4.05064
1.95746
2.50043
2.21227
0.508239
0.242328
0.67152
1.16404
3.43478
0.329522
0.662596
2.53939
6.6808
3.08815
0.741271
0.620214
0.786808
0.957566
2.40978
4.35393
2.05095
1.09674
1.21839
1.76134
1.35831
0.578834
1.23224
1.04288
9.03764
1.64579
0.909143
0.689815
0.753259
0.953422
6.3815
8.13602
2.47946
4.88405
4.11265
1.84092
7.12339
1.24189
1.84024
0.885353
1.02576
0.837125
1.04862
1.32359
1.52521
1.25489
2.35945
0.132367
0.945143
0.323802
1.36964
2.33052
4.24937
1.59795
1.4879
3.59351
2.39395
2.30357
2.41623
2.07743
0.640107
1.91405
2.36701
0.741845
0.579058
0.944319
6.15569
4.94704
0.742623
1.9256
2.00575
1.35022
1.62243
1.81217
0.521377
1.08589
1.39684
0.731068
2.12525
1.22746
1.30115
2.17471
0.779412
0.966494
3.5448
0.865713
2.25827
1.12848
1.76897
1.51551
0.717605
0.903869
0.375022
0.550083
2.10596
2.16391
1.20947
1.12195
0.503379
2.07873
0.241201
5.15853
0.835597
0.867446
2.06334
1.38761
1.9051
0.228678
4.91453
0.356971
3.95006
0.878045
5.15346
0.308303
0.597441
2.54117
2.62919
2.10594
0.590706
0.606307
1.86006
0.847282
2.10823
2.77689
0.985113
0.616403
1.07731
3.28441
0.250023
5.50444
0.225083
3.92197
0.337471
2.01634
0.936721
1.42324
1.17912
0.336937
0.735264
0.30668
0.271688
1.40359
0.811794
0.315131
1.66881
2.18656
2.1957
1.59351
1.35015
0.631265
2.06335
3.28625
2.0031
0.590251
1.0693
0.509722
1.30253
0.348451
8.66655
2.18445
2.06991
0.922569
0.73948
0.810502
2.58791
4.05921
2.02933
0.833535
1.00391
1.83074
0.802149
1.32056
1.69978
0.700657
1.26858
1.7418
2.12267
1.03617
0.778366
1.32687
0.44348
2.25252
0.558636
4.21596
3.70982
1.35709
0.486303
0.581533
2.00195
1.39534
0.479918
0.338684
0.30131
1.45397
4.60627
2.33903
3.31022
3.54973
1.75606
1.45388
2.02896
1.51914
0.260358
0.669941
8.39121
1.59511
2.11172
3.4106
1.39285
1.92143
0.384988
1.10322
0.683002
1.75665
1.08583
4.98315
1.74598
0.2801
0.489776
0.212221
0.613893
1.24585
0.210346
0.999598
5.04298
2.08197
1.3882
1.284
0.801197
1.54921
2.1861
0.993153
0.688857
2.25512
1.13046
0.184622
1.93862
0.39995
0.909759
0.819897
1.97111
0.348749
0.52017
1.41658
2.11247
0.449407
0.532862
2.01727
0.599323
0.980672
1.19881
0.780495
0.999471
0.311652
0.831588
2.10206
2.02064
2.05787
0.351499
0.884961
3.8941
0.824146
2.08829
0.885018
2.26804
1.94633
0.795743
5.44773
1.8692
0.514856
4.26785
2.09023
0.667688
0.364663
1.041
1.32167
0.223433
1.023
0.657062
2.55298
1.32795
0.606292
2.04953
0.560358
0.554151
0.536754
0.443853
1.69406
0.352798
0.658276
0.299935
0.94899
2.5378
2.12603
0.104143
1.81738
1.63856
2.78307
2.32775
0.851265
1.69135
0.575702
0.244814
0.678732
0.553488
0.728693
3.29622
1.11904
2.51202
0.927046
1.78255
0.901155
0.246849
1.99616
1.68048
0.893786
0.92592
1.20574
0.413227
0.600767
1.67514
0.922848
1.66176
1.75134
0.578422
0.421291
1.00715
2.24742
0.770476
7.9305
2.37648
0.780924
1.00133
5.65197
1.04954
0.81015
2.07004
7.38209
2.14802
0.769831
4.28848
5.29442
1.15855
6.22516
0.599622
0.988047
0.834523
5.1434
1.02928
0.778847
0.861694
1.66739
2.26679
1.24504
1.65395
2.06954
0.415062
1.60351
2.17759
0.297591
0.968877
1.0426
1.83041
4.61109
7.41059
0.156501
4.8074
5.57468
1.64803
3.56358
1.73898
1.35709
4.8717
1.10622
1.367
0.585156
0.622682
0.416431
2.00002
1.93231
5.74879
0.625409
0.509578
0.912794
1.74178
5.6562
0.335037
2.03566
0.807255
1.88981
1.95274
1.82725
1.03887
1.01693
0.218591
0.441164
0.279104
2.06766
2.52287
0.423365
0.671887
1.78359
0.915544
3.32929
0.714041
1.01095
1.18892
5.60244
2.45456
1.26239
1.07974
0.57395
0.700879
1.71593
3.02353
4.42457
0.576548
4.57691
2.3722
0.732698
0.608315
0.43561
0.157802
2.43779
0.251424
0.713836
2.13392
1.97387
2.04775
1.24515
1.44268
1.18976
0.82825
1.2089
1.89536
0.555075
0.658545
1.28286
1.6405
0.50812
1.20991
3.96335
2.11016
1.38179
0.622161
3.35365
1.94217
0.797063
0.658477
0.680377
2.38663
0.759624
1.31681
0.525586
0.340343
0.524734
2.24229
3.88276
2.27264
0.866972
0.812401
0.72859
2.1842
1.78841
0.718659
0.828615
0.544488
1.59453
0.8614
1.08236
1.95824
6.11137
2.78357
0.627506
3.51235
0.25365
1.65707
4.26336
1.53317
0.565021
1.66116
3.24874
0.429497
1.99827
1.16581
2.08082
1.39256
0.353785
0.869671
0.175843
1.16005
0.333567
2.79079
0.711176
0.727915
0.982561
0.254197
4.79809
1.31628
0.401392
5.97361
0.225478
1.47704
5.43816
3.31511
0.315065
0.946031
0.8194
0.649007
0.826314
0.88109
1.27985
1.98579
0.40851
5.43869
0.90484
2.15593
0.792614
0.899733
1.94416
0.685056
0.853817
0.679106
0.766398
1.85299
0.37006
2.91324
1.03812
1.40547
0.378526
1.10724
0.154221
0.935404
0.727066
1.5626
4.44704
1.19217
1.77129
2.9764
2.3556
6.29701
0.958771
0.893791
0.740015
2.05742
1.56651
5.82046
1.18409
4.0875
6.32871
2.12657
0.684437
0.778844
0.691285
0.294271
3.7327
0.395366
0.366399
5.75481
2.11383
2.33726
2.90681
0.666938
2.02043
1.99193
1.79056
1.37872
6.49208
1.57136
3.22675
0.744144
2.05263
0.45045
2.0742
0.485495
1.21438
0.815776
1.32306
6.48551
0.733457
0.375569
1.46298
0.190538
0.898422
1.02074
3.28456
1.01494
1.30129
0.641215
0.150367
3.24962
4.07628
5.15405
0.417231
0.23061
0.636733
2.83001
12.5463
1.16128
1.82978
1.7596
0.606851
2.03444
0.5083
0.665508
3.26005
3.60811
0.330343
1.63519
1.70744
0.556202
0.583012
2.95336
1.50129
2.13691
0.411301
5.77487
1.50836
1.60754
1.27229
0.653957
0.886652
0.288941
0.916242
1.53362
3.41481
0.332747
2.39204
0.290085
0.383544
4.39672
0.742143
1.52167
0.932642
1.28451
2.15991
0.683516
2.60293
3.289
0.334546
5.91557
0.626367
1.02376
1.36792
1.52662
1.16951
1.29214
1.32114
0.494217
0.194829
2.36492
5.68611
1.16882
0.543038
0.167486
1.38972
0.419785
0.750938
0.895571
2.13355
3.86997
0.221649
1.69781
0.729502
0.278527
2.83432
2.13197
1.10649
0.399206
1.52619
7.45598
1.80646
2.09439
1.31432
1.45484
1.53007
4.86603
1.79576
1.07402
0.318929
2.10693
2.65908
2.35203
0.951327
2.18515
0.784905
1.97908
1.69641
1.13649
1.25408
0.72408
0.199952
0.647834
1.9986
0.0550843
0.454909
0.260049
4.01453
0.383951
0.425148
0.180966
0.302991
2.19836
0.781288
0.306515
6.03099
0.815182
1.57577
0.957047
2.18739
0.633959
3.88067
0.601291
0.735176
4.84105
1.22429
8.10524
2.77988
0.638193
1.812
2.38467
2.15498
1.21148
0.527522
0.688915
2.44817
2.94193
6.96698
0.320793
0.770197
0.957869
4.16117
8.44274
2.5199
0.647864
2.15126
2.12759
1.97817
1.42816
2.05476
6.24928
0.334186
1.56336
4.45255
1.14176
0.718911
1.67249
1.92868
1.31148
1.28715
0.451762
0.417961
0.665335
5.85824
0.862456
0.973193
4.12799
0.576242
0.694727
2.1197
0.656443
0.868237
4.52349
4.9418
1.51679
0.99967
1.79624
0.266193
3.48712
1.38039
0.164003
6.3565
0.760057
2.17
0.96352
0.13066
3.37133
0.815598
0.585869
2.1639
2.17224
3.90326
4.4227
4.96439
0.251447
1.3424
1.38876
1.8024
0.73436
5.68318
0.193594
3.42825
0.45492
0.314471
6.86793
0.564916
2.5887
1.36148
0.615014
0.59825
0.42898
0.786343
2.58859
1.88675
1.26051
0.747193
1.1904
2.33982
1.89781
1.65005
0.502341
1.99157
6.15436
7.23092
1.21748
2.33969
1.32036
1.32046
2.58342
0.865578
2.1456
0.863968
1.53498
4.20681
1.56767
1.52229
0.477222
2.74831
1.99272
0.23946
0.954249
0.878801
0.195855
6.3173
1.71918
2.9281
1.01821
1.77713
2.12304
0.8433
1.65192
4.80975
1.79349
2.03385
1.50624
0.770861
2.63737
0.316764
0.916615
2.33125
1.00773
0.758034
5.57568
0.557322
0.308122
4.13686
0.439809
1.30215
0.145123
2.08668
2.0421
1.87841
0.4728
0.410646
0.711958
0.489186
1.20877
1.96471
1.78206
2.30222
0.700677
2.42138
1.99
0.432385
1.77682
6.5067
1.01624
2.97018
0.645824
0.874046
3.03592
2.25109
1.09952
5.06719
1.63843
0.528493
0.351721
4.74641
0.864509
2.6552
2.20288
1.79983
0.989873
0.828931
3.63712
4.53814
2.62482
0.729458
1.02245
1.57973
2.07203
0.291469
1.36326
1.65494
3.10725
1.32639
4.84124
1.72264
1.41475
0.841808
1.72825
1.69165
1.14373
3.81432
1.89159
1.30568
2.24299
2.00414
1.93777
2.09376
0.407135
0.724106
3.17515
1.96246
2.64866
0.314921
1.07097
1.47793
2.21723
1.82401
0.351901
0.607635
0.899777
2.38965
0.733608
0.466813
1.04375
1.3726
1.43838
2.01531
0.52825
0.380925
0.945299
0.193754
1.08991
0.456214
3.15523
2.05081
0.845026
2.77902
2.08321
2.0852
2.964
3.40482
1.34192
0.72372
0.622903
5.45159
0.917062
1.13367
0.868999
0.405588
0.656621
4.66944
2.37723
0.979343
1.52165
0.698826
1.66996
4.55477
1.01551
0.773114
1.16093
0.914195
0.686343
0.72169
3.13159
1.67829
3.39019
3.79922
1.26274
1.19113
1.90563
0.130657
2.92079
0.911789
0.34358
1.05673
0.394757
0.514834
1.23497
0.612867
1.80982
0.922362
0.568279
3.70404
4.17281
0.431357
0.881709
1.38287
1.00304
2.03117
1.2021
1.40325
1.92819
1.17543
1.34544
1.24363
3.26644
2.00251
1.31855
1.10548
1.00523
3.58744
1.22882
4.85899
0.586647
0.710479
2.34525
3.31072
1.59562
0.256806
1.57963
2.42152
4.31366
2.94793
2.28165
0.566798
0.797046
2.11702
0.451295
4.28443
6.17878
2.40148
0.553559
0.634437
0.528024
0.415579
0.18249
1.3182
0.847578
0.604175
1.49866
1.11687
3.08163
0.667588
0.421575
0.360786
0.945083
2.79384
3.79398
2.23036
2.28241
0.21123
1.57704
2.50901
1.96711
0.597478
0.236678
2.38314
0.300381
1.57997
0.467434
0.549511
1.06321
0.83465
0.314879
1.42568
1.00753
0.509019
3.33167
6.29744
0.19582
0.933873
0.624831
4.40944
0.858713
3.02166
2.01129
0.427994
0.901214
2.05463
1.08361
0.376616
0.475366
3.29483
0.60421
0.87772
1.21585
0.289596
5.10559
2.23108
2.79098
3.05801
0.953512
0.395311
2.10616
1.56296
1.34258
1.09095
2.03046
0.961974
0.540038
1.58156
0.614335
2.00757
2.21755
0.342184
0.420849
0.648596
1.19794
1.23096
1.92919
1.61942
0.707376
1.50612
1.96776
2.31009
4.36638
0.693095
5.90575
0.976597
0.198404
0.693096
2.02639
1.13364
1.10902
1.63116
0.542969
0.97562
0.362423
0.693422
0.393271
1.84245
3.04076
1.9221
10.2542
0.588205
2.85222
0.381014
1.58039
0.564691
3.29957
0.554477
0.95683
1.5573
1.82696
0.223749
0.725598
0.730259
2.08933
1.80648
0.964646
0.173103
0.228556
0.662528
0.967675
1.1755
1.24302
1.39241
0.617944
0.513605
1.26228
2.9307
2.98489
0.419797
3.59969
0.797455
2.97186
0.63868
1.66708
1.92876
2.9029
0.736451
5.73164
2.96223
2.53514
1.38428
2.18921
6.09413
0.304159
2.14543
1.22342
3.89284
1.38948
2.31271
6.09808
1.10583
0.307254
2.37915
2.03806
1.12459
5.98917
3.99746
2.06701
1.90847
3.09383
0.390065
0.433266
3.08413
1.39147
0.704089
2.04721
0.499573
1.87386
0.451235
0.786343
0.869226
1.12541
0.815687
2.00731
0.108962
1.70924
0.937442
2.15652
1.84225
0.711057
1.33036
1.97228
1.9281
0.418019
0.476513
0.909777
1.4254
5.75232
0.762689
0.715593
1.13535
0.488173
1.51767
1.82795
0.316763
0.315509
4.67862
4.73957
2.70259
1.19825
0.726269
0.622664
2.21804
3.96341
2.04521
0.640877
3.93389
2.24005
1.46307
2.01295
0.407195
2.72798
1.07714
1.1489
5.1997
1.71417
2.3389
3.03071
1.60459
5.25953
0.345008
3.13327
0.707296
6.06031
1.05209
2.04067
2.64369
1.86891
0.846679
0.773934
1.83383
0.809009
0.600691
0.236647
1.02062
1.13545
0.546236
0.196088
1.33389
1.96656
2.37622
0.892572
0.627199
1.81257
2.16207
1.72446
2.24104
1.56102
1.01239
2.09217
1.70555
1.59265
2.58005
1.9589
7.63529
1.56679
1.87068
0.527148
0.749212
0.647444
1.87708
5.47116
0.491156
3.80325
1.83429
0.367972
6.08111
0.979236
0.662627
0.454505
0.580574
2.16337
1.50723
3.10467
0.926551
2.14898
0.511081
0.418963
0.482281
0.616176
0.509559
2.30763
1.76581
0.825127
0.19541
1.72964
0.430111
1.84715
6.90439
1.78114
3.94692
0.143287
0.877186
0.615533
0.372495
1.38542
0.75873
2.34835
1.27447
0.366491
0.479426
1.91434
0.379718
0.682094
2.86474
0.36984
0.51151
2.62941
1.67866
2.09795
1.77355
1.01048
1.45707
1.00162
0.76932
1.12149
0.999356
8.18252
1.95997
0.488405
2.42546
0.789705
5.05514
0.314336
2.14059
6.88902
0.690813
0.402064
1.54495
5.94986
0.57483
1.0075
2.23598
0.57766
3.55937
0.5563
2.43474
0.32156
0.773108
1.36324
2.00811
1.75779
4.5792
2.01501
1.92846
4.52949
1.49955
4.0073
0.780711
3.31287
6.20101
0.816278
2.66436
3.2199
0.722425
0.306116
0.347593
1.15673
1.76203
4.95574
0.284841
0.601587
0.997013
0.833513
1.65105
0.599245
0.574982
0.913199
0.511732
0.696407
1.95253
0.46086
2.28802
0.520631
0.774984
2.54722
1.58722
2.87264
5.40576
1.6711
0.790345
1.0466
0.321181
1.01852
2.17896
1.11613
5.55048
1.68085
0.73871
1.59053
4.27185
0.215486
0.916219
1.03449
2.14536
4.99368
1.83575
0.450331
0.896229
2.14405
0.946704
1.52616
2.03706
1.91992
2.04704
0.311282
1.57955
2.60197
2.41117
1.85944
3.1312
0.485969
2.41404
0.763706
1.75613
3.68777
1.4995
0.971398
1.42542
0.34908
0.672459
2.71282
4.00764
1.88898
0.577335
0.298834
2.26806
0.423649
5.70545
2.93957
0.798092
2.25021
0.507335
0.946991
2.5993
2.82838
3.10384
5.60704
0.28816
1.9024
5.31145
1.21659
1.18037
1.52987
0.261068
1.83769
0.814851
4.64756
1.09461
2.56311
0.98098
3.45358
0.516173
2.20766
1.07975
0.340409
1.60611
0.917372
0.67531
4.54465
2.66954
2.00052
1.51752
0.822097
1.38586
2.73631
0.269343
2.65794
2.44161
2.13266
0.342057
0.182535
3.45799
0.289497
1.68878
1.67669
3.56496
0.512989
0.731614
0.828225
0.524676
0.91631
0.655389
1.87124
0.604196
0.440284
3.08834
0.728786
2.01563
0.480077
0.91467
3.95785
2.18225
0.625441
1.44354
0.830676
1.38791
0.409499
0.907172
1.12471
1.95813
0.937258
0.149411
0.777643
0.82743
1.50513
1.39764
0.980481
3.17991
2.87986
0.348669
3.73353
0.705166
1.54939
4.36564
0.741691
4.07058
0.747746
0.255678
4.53544
2.21153
0.92116
0.652136
2.26453
2.09732
1.7768
0.77474
0.173831
2.32024
1.14265
0.560906
1.1348
1.31602
1.5435
0.499646
1.32107
0.530267
0.84141
0.218854
2.01197
3.781
1.61049
0.535871
1.62807
2.16519
1.18846
0.248512
1.68978
1.87914
1.14785
1.01459
1.74788
0.356392
1.38924
0.521371
3.01279
1.78061
1.72773
0.932768
0.449061
6.13022
0.64172
5.00882
1.06475
0.281312
1.9944
0.586639
6.9609
1.76729
2.83308
2.59011
1.78383
2.75094
0.226562
1.63106
1.51438
0.783586
0.333162
0.12881
1.21679
0.865224
2.45413
2.4408
0.55852
0.933645
1.85122
4.38047
0.715091
0.508902
2.23885
0.546247
0.767242
0.533699
1.50468
5.45709
1.6119
0.838863
1.86099
0.907802
0.63955
0.90347
0.780516
3.71686
1.78869
0.291655
0.320241
2.45837
0.908762
1.7565
2.11616
0.357345
2.82918
0.94272
1.8751
2.01739
1.82359
2.09494
0.708665
1.17915
1.75482
3.41053
2.06372
0.251452
3.13855
2.18021
1.84213
1.47429
0.266155
0.26505
1.74033
0.813751
1.84934
2.08043
1.75922
0.91997
1.678
0.243857
4.54879
3.4936
0.572173
2.55897
6.19231
1.81712
1.19719
0.284574
0.552669
0.911059
1.18842
0.358617
1.05326
5.59091
7.14994
0.648399
2.83538
4.66162
0.862082
5.3022
0.493514
0.737468
0.424441
1.81028
1.54344
1.49845
1.17799
1.27573
5.39434
0.54388
1.02438
0.504877
1.76065
0.263857
0.484355
1.38716
0.512087
7.6034
0.206911
1.60885
0.614586
1.05317
2.69591
2.10683
1.11468
0.270588
1.69097
1.99982
0.397156
4.21907
1.16858
1.35405
1.15696
0.731804
3.18919
0.44981
0.722351
6.87428
1.08811
1.67501
2.42692
1.31414
1.02944
2.41052
0.442619
0.432978
1.8652
1.10307
0.372568
0.192795
3.91742
0.283004
0.673726
2.89192
2.03478
1.956
0.82029
3.85432
0.942673
1.05621
0.984285
0.590039
2.23516
1.60331
1.60526
1.11636
0.898192
1.96434
2.20979
1.92861
1.12908
1.95034
2.38223
1.92022
0.449608
0.585915
5.7582
2.44189
0.382513
5.95039
0.61678
2.9527
2.39668
0.573567
1.96006
2.10419
2.66993
0.467004
0.272126
0.321196
2.66324
0.601751
3.86296
1.00457
2.71799
2.11535
0.953107
0.205001
1.82019
0.449466
1.04934
2.11935
0.822606
2.01587
2.06394
1.6844
0.316316
0.98422
1.80405
4.61076
2.46621
0.862181
2.25713
3.74618
1.94828
0.669544
2.09544
4.18425
2.69247
1.14017
0.319235
0.444736
0.49808
0.467565
1.47517
4.82657
0.477247
0.879398
0.356981
1.06151
2.26129
4.60988
0.759302
1.12024
4.913
6.48303
1.25118
0.453918
0.928899
5.68019
0.526666
2.14466
0.855528
3.33513
1.86551
7.12778
1.90682
3.3739
0.72615
3.40084
0.909547
0.16703
0.927583
0.494594
0.675124
1.87137
1.20001
1.34876
1.62243
0.713271
2.74818
2.38397
0.236744
0.860929
0.780142
1.45923
5.3822
2.35931
1.01123
0.758959
0.518185
2.00548
0.728606
3.85296
2.46335
0.285398
0.867025
0.714543
1.58813
1.30999
2.28855
1.17775
0.696088
1.21078
1.27637
0.956444
0.563476
2.00773
0.644892
0.160201
0.168328
1.49678
1.24632
1.13899
2.12942
4.04777
1.28439
1.63986
1.83919
3.55434
2.27159
1.31276
3.99734
4.20942
0.26646
0.315489
0.844556
2.3135
1.54856
2.25651
4.24041
0.855751
1.88819
0.467373
0.376716
0.257
0.664435
1.04285
0.255099
0.465066
0.959549
2.32804
0.950432
2.44563
0.152438
2.24216
4.6765
1.02369
5.44715
5.93923
2.07712
3.63766
0.709926
3.03664
1.93534
0.315801
1.42905
0.349148
3.59341
0.865933
1.97912
3.43021
0.809409
1.84232
0.836126
4.01849
0.951417
1.10674
1.81232
0.904848
1.85847
0.679118
0.351197
0.676026
0.892347
1.79714
0.809836
3.0012
0.381993
1.40348
1.63615
0.500516
1.01089
0.580398
0.998547
2.16939
4.71109
2.90281
0.112681
0.630105
4.68005
2.3957
2.11109
0.788431
0.842677
0.848066
1.94943
1.73778
2.67583
0.41514
1.88828
4.94619
0.387789
0.504448
1.19255
1.39647
0.689102
0.747163
2.29527
0.83446
0.546926
1.19652
0.975397
2.34167
0.494176
0.223028
1.42832
3.34867
1.89845
1.53044
0.458895
1.25966
5.44732
1.89714
0.459279
0.477429
0.215171
0.406128
3.72119
1.03018
1.84355
1.70562
2.34633
1.7469
0.712621
2.02021
2.32287
0.457251
1.75106
1.41219
1.11186
0.650867
1.24725
2.17658
1.19025
2.73947
1.07487
1.53606
2.14126
7.49331
14.1772
2.19686
1.25014
6.94645
2.2651
0.241288
2.43501
0.819623
0.544521
2.13174
1.01916
2.93679
1.93643
2.12653
0.722086
2.55532
1.59627
0.394332
0.767923
0.443914
1.74124
2.2608
1.08461
2.19708
1.03726
1.31408
0.141552
1.24386
2.26278
0.684364
0.846684
1.9362
0.47342
1.53283
0.261821
2.23652
0.713418
1.85583
0.853576
3.35593
2.2948
5.51824
3.25516
1.09298
1.88945
2.11073
2.6795
0.477129
0.323995
1.20983
0.334465
1.5054
1.34572
0.930614
1.67744
2.18239
1.74435
1.54624
2.31494
1.50913
1.08425
1.41285
0.657314
0.795953
3.06379
3.1914
0.795204
1.01818
1.56007
0.684291
4.5481
1.42713
3.61514
2.01029
3.01471
1.6842
0.872443
0.758648
3.86004
2.71232
1.11774
0.118811
0.694859
1.9144
3.14732
0.930005
0.814952
0.902473
0.291848
1.09034
1.58338
0.471636
3.98309
1.01967
2.52494
1.05819
0.450403
2.25725
2.28899
2.00833
1.07066
1.21239
0.503571
0.588618
0.94619
8.09648
3.89622
1.93026
0.192315
1.89419
2.28803
1.16951
2.46593
1.20738
0.892718
0.886419
4.60133
2.04726
0.777568
0.400417
1.23458
0.390853
4.26665
3.24842
0.224415
0.296668
0.455535
1.40299
0.615671
2.22996
0.570487
0.944447
0.362122
0.846263
1.70078
0.774085
3.5979
1.07779
0.677706
2.25268
2.05161
0.422564
0.80806
1.23737
2.1061
0.254191
0.276734
0.620876
2.14103
0.766889
2.65046
0.613566
2.06796
1.6543
0.394936
0.511939
1.66602
0.327133
3.30066
1.79782
0.972891
0.826563
5.29278
0.5376
2.31663
1.87375
2.02467
1.14856
0.508223
1.46088
5.43385
0.152052
0.358434
1.01788
0.680824
0.616015
0.27077
1.17903
0.301779
2.16484
2.53171
0.527515
2.20078
3.07624
1.32111
0.760284
4.9739
0.355153
2.20209
1.8064
2.91963
5.78489
2.65842
3.06265
1.35406
0.439775
0.861598
0.710021
2.35864
5.41113
4.64697
0.740739
0.489793
3.99201
1.73061
0.251788
0.494339
0.594287
0.932096
1.08208
2.87813
1.13065
3.56565
0.72487
1.49455
3.9435
0.248247
2.23775
2.55647
2.54106
1.22625
1.14386
1.75527
0.632841
2.02777
2.01347
1.27302
0.720983
0.776247
1.03725
0.470601
1.82251
0.830035
6.84723
0.271604
0.500054
1.16357
1.75157
1.41908
0.633303
2.56882
0.479651
0.608573
0.627657
0.370782
0.108532
0.929717
6.60418
1.48939
2.29013
0.982859
1.08563
0.576204
0.755765
1.69948
1.84171
0.615564
0.119262
1.98996
3.72117
1.26119
2.16362
1.08576
0.910618
1.91177
0.654067
1.87965
1.54409
2.65324
0.504008
0.322312
1.67726
1.67339
1.116
0.787088
1.66788
2.02123
0.80686
1.88948
2.01496
1.56378
5.39524
2.22353
1.66263
1.12946
5.46427
1.90749
0.523722
2.10477
1.5464
0.551842
0.644873
1.37795
0.863136
1.70447
0.134678
5.56556
0.947573
1.43578
4.32154
2.24582
1.5089
5.42732
7.20776
0.467602
0.845105
1.68376
1.0947
1.71479
5.16562
2.21286
0.667791
1.20095
0.578028
0.930489
0.660371
0.717914
0.338386
3.94588
0.944486
0.369406
7.06745
0.506341
1.83045
0.808207
4.15953
1.92351
1.54835
3.44855
3.85323
0.266253
1.71661
6.65047
1.03086
3.64317
2.17119
1.63223
3.22053
1.39226
2.52009
7.2708
1.34306
0.421762
2.47264
0.937085
0.955682
0.972934
0.448147
0.843775
0.805801
5.44445
3.47805
1.99438
6.37953
1.49524
0.218118
1.18006
0.292386
1.08646
6.06411
2.12181
0.899166
0.580741
0.302422
1.2096
0.824888
4.59448
0.863001
0.735099
2.12329
0.91599
1.66828
0.412144
2.62854
1.60056
0.696706
4.65393
0.567098
1.04649
0.709707
0.603393
0.300469
0.85246
6.50267
2.26987
0.956965
7.94477
1.32952
1.02568
2.25326
0.820917
2.31454
1.90224
1.96384
0.787753
4.94836
0.692566
0.391145
0.391195
1.13668
0.767907
0.642355
0.89872
1.40306
1.23776
1.65319
1.77613
1.195
2.44599
0.714899
2.13
5.27833
2.33833
5.93369
0.616507
0.211591
1.29739
2.54529
0.405529
1.78709
0.961238
0.514469
5.69601
2.15767
2.19185
0.243195
0.745952
1.40977
0.223194
0.813424
1.73964
1.23185
1.14456
5.50991
1.69642
3.82718
0.696551
1.99278
0.850946
0.719802
2.53493
4.44192
0.582687
0.681372
0.675958
0.898806
0.590875
0.131083
1.8372
1.17442
1.35722
1.40978
0.855624
1.99503
0.907402
2.05965
2.42733
1.68224
2.03137
0.670319
2.14295
0.764783
1.09253
1.00979
2.81791
0.326292
0.572735
0.352689
0.772866
0.502435
3.28825
1.44279
1.51091
3.6309
4.65705
0.333572
1.90149
0.407415
1.36693
0.62141
1.48492
0.306408
0.15572
0.449549
2.05556
0.405295
1.18214
5.49032
2.10627
6.8107
0.468823
0.171238
2.97637
3.3111
1.58339
0.682183
0.563783
2.07588
0.240831
2.93891
0.578473
2.06625
0.668853
4.17654
0.977496
3.1631
2.13073
0.71835
2.37842
0.30635
1.6351
0.394926
0.577488
0.480454
0.132574
0.948855
0.688997
2.16647
0.695504
8.08405
1.96489
1.7265
0.659767
3.22287
2.50443
1.84619
1.86352
2.0642
0.230495
1.86309
2.22768
2.39382
0.30526
5.33653
2.2727
4.83628
0.245159
6.84246
0.197791
0.805733
1.975
0.621642
1.48061
0.485802
0.680971
0.526584
1.2511
1.1181
1.24652
0.0421459
1.80941
1.91342
3.17161
3.24888
0.578923
1.80155
2.18122
1.39155
2.21863
1.76207
3.36153
14.0087
1.72626
0.349553
5.06336
0.345346
1.72196
0.573151
0.227863
0.425102
1.30755
0.321973
1.12471
0.444325
2.13399
2.31169
5.79472
0.657724
1.45094
2.18579
0.640059
5.92874
1.03194
0.506497
0.577388
1.752
1.45659
0.521993
2.27876
6.0139
1.33734
1.78937
4.28835
0.517802
1.77623
6.39008
0.968738
2.25123
0.809261
2.06455
1.48747
0.63317
1.78859
3.36229
0.38413
1.54021
0.208853
0.382129
1.20536
4.24975
2.20701
0.75828
0.285125
1.73526
1.13511
1.31788
1.42873
0.760473
0.930575
1.95774
0.550982
2.17136
2.05621
2.05209
0.643957
0.397728
1.92673
2.13511
2.19955
4.70048
1.03611
1.18164
0.396861
0.578764
0.343933
1.78558
2.36956
1.96674
0.708091
0.59439
0.868845
0.520525
0.483608
1.5417
2.61706
0.644004
2.9232
0.30454
0.852166
2.14661
1.38499
2.02539
1.59999
0.196981
1.16035
1.07379
0.469157
1.36298
1.72042
0.538451
1.07777
1.62541
1.51598
1.73517
1.01167
0.83582
1.94812
1.3564
3.35654
0.638527
0.746061
1.38149
0.190275
0.389248
2.50567
0.506999
0.665035
0.844265
0.539495
2.61075
0.624151
0.505238
1.6621
1.68628
1.72864
2.5393
1.79548
0.388232
0.728413
0.741493
2.30143
0.242199
2.54827
0.958174
0.693805
2.04656
1.99864
0.172448
0.400227
1.12747
3.13363
7.59467
1.70543
0.447959
1.09937
1.10056
2.54525
0.699948
1.30618
4.35827
1.17872
1.90566
1.2644
2.01238
1.82223
0.722518
2.54491
0.464581
0.65363
1.09106
1.01401
0.743699
0.602714
0.794369
0.146507
2.48016
0.758538
1.25371
4.26614
1.59702
1.66611
6.69461
0.295724
2.25034
1.96195
0.954034
1.05205
0.341027
0.603463
2.0476
1.53106
0.549032
6.44848
0.984284
2.40015
1.61293
1.07192
0.340616
0.679851
0.604622
6.77154
0.310945
1.5713
0.199559
1.85425
2.43842
1.99264
2.33575
0.602932
1.57641
0.501471
2.2284
0.835066
0.742198
1.43297
0.297861
5.46892
0.653797
5.1593
0.647253
0.809852
2.17305
2.04906
1.18801
4.27495
0.707355
5.66313
2.21957
0.250083
0.75773
1.14667
2.82727
1.78131
0.797982
1.49963
0.794292
0.575345
2.31818
1.95234
3.78904
1.27836
1.07598
1.12573
4.85401
1.06274
0.735578
0.43243
1.62242
0.170543
0.506411
2.12663
1.45589
0.789152
6.60947
2.20578
0.167521
1.981
2.82085
0.405377
0.16918
0.767998
2.16239
1.59485
2.82349
0.429148
2.18814
0.606193
0.964404
0.905845
2.59636
2.99627
1.13717
0.410226
1.2539
1.53862
2.18943
1.96435
0.461764
1.70433
1.98801
0.985511
0.669786
1.17191
1.68993
0.423003
1.87429
0.519022
0.184228
4.15397
0.293742
0.113834
3.00061
0.643327
2.8817
0.817038
0.912504
0.761125
0.536877
0.805391
1.70877
1.47532
1.81915
0.55501
0.274514
6.12272
1.53763
1.80308
1.20756
1.09284
2.27351
2.17053
5.51122
4.29568
0.732144
1.96336
0.775386
3.39035
2.26876
3.95492
1.5528
1.23396
1.91969
0.662983
1.51936
4.72811
3.47072
2.34207
0.725228
0.789842
1.13993
2.11555
5.78208
2.92035
0.385647
0.774865
2.496
2.69783
1.95752
0.676852
8.11313
0.281235
0.359165
2.09557
1.8085
1.36309
1.64966
0.267019
0.766117
1.8143
0.753274
0.702743
0.375879
3.6685
0.516728
1.18034
0.242331
0.897227
0.168257
2.23287
0.358478
1.14696
4.16798
2.01931
4.73641
1.3669
1.96224
0.198707
1.08096
0.251408
4.31382
0.469818
2.43088
0.31988
2.50073
2.27052
0.694949
1.65598
1.56638
0.818136
7.21953
1.38621
1.28121
1.31963
1.30599
0.783289
0.945006
2.12795
0.654631
0.920371
1.70433
2.7608
1.1124
0.500448
2.58379
0.824553
1.46738
2.47883
2.33521
2.00221
1.04642
0.918904
0.8682
0.64916
0.16886
1.70165
2.04863
0.956816
0.901263
0.797682
1.94143
0.826102
1.95107
3.20557
0.440432
2.5827
1.4378
0.613101
0.107489
1.87797
1.13066
0.292106
0.650288
1.52918
0.97778
0.639544
1.75773
0.521533
0.704173
1.20321
0.554879
0.998026
0.37558
1.70703
1.27733
0.639534
1.43457
1.40088
1.57633
1.24898
0.446565
0.393902
1.12607
2.28077
2.83473
0.884426
1.16956
0.342158
2.25402
3.00227
2.49807
1.8783
0.464316
1.02144
2.89868
0.864433
8.00916
3.28031
1.97377
2.42987
0.303648
3.04563
1.00989
0.0979523
2.4581
5.20498
4.10928
0.401592
3.37804
2.03362
0.827877
0.752939
2.2931
0.289613
1.31393
2.21908
2.08214
0.846318
0.894349
1.16272
0.935662
1.92813
1.79998
0.741199
2.66113
1.01836
1.21159
0.795472
1.95083
0.650475
1.27717
7.91336
0.499892
0.724535
2.18216
1.00697
4.73578
0.909277
0.605442
5.35168
1.50647
0.585498
1.99216
0.415317
2.08659
2.61468
1.97775
1.71279
2.92778
4.17743
0.68919
2.65626
3.62355
2.60353
0.495058
0.316467
0.794375
0.351016
2.00514
4.49031
2.33972
1.79596
1.34312
0.155052
2.44876
1.1181
1.47606
0.421087
0.838453
5.07041
1.7905
0.971216
3.00641
0.613185
0.315138
1.30659
0.624222
1.65248
1.65851
1.07627
1.71414
1.51153
1.70226
2.19905
1.10638
0.298405
1.53546
3.92948
2.45458
1.1024
2.72457
0.838548
2.2122
0.298468
1.98094
1.97064
0.635294
1.61121
0.293481
0.83437
0.5005
7.01704
1.01372
0.543187
1.08494
2.66208
2.35883
1.65052
0.463975
1.40434
0.816537
2.03785
0.595613
3.53649
0.68648
1.88316
2.42936
1.24914
6.55758
0.649833
1.66908
0.225445
6.6498
6.2872
1.30843
0.423742
0.594019
1.54771
4.59253
1.58691
1.3789
2.27088
0.9437
0.746823
0.416807
2.61595
0.516481
1.90908
2.14187
0.659428
0.610879
0.953783
2.47637
0.998006
0.760817
0.891979
1.86442
1.87876
3.14684
0.440653
6.56391
0.598071
0.585678
1.20506
2.16184
1.71288
2.5935
1.90719
2.29984
1.65957
2.07193
0.526479
4.71707
0.359325
0.240496
2.11569
0.399746
5.13717
1.51905
1.98628
1.17908
2.21848
2.99099
0.931058
2.38568
2.1571
0.504618
0.195114
0.326966
1.52698
0.515256
0.82193
0.308744
0.65159
2.06123
0.698465
1.33422
1.63611
0.701738
1.82458
1.41739
0.302998
1.09217
1.33373
2.02598
0.300374
1.63206
1.4144
2.1501
1.96981
0.798564
2.12507
0.952153
1.22325
2.23202
0.276926
0.831916
4.02343
0.480993
0.513053
0.713784
4.17199
0.304877
1.73073
1.04527
4.93003
0.718709
1.11288
2.24318
0.552742
0.960142
0.52693
1.18364
0.834646
2.63869
0.756503
1.77037
2.83134
2.68614
2.60788
0.334164
1.5975
3.82879
0.836921
3.79951
2.36859
0.609223
1.35336
1.07292
1.79983
0.66457
0.873821
3.21054
2.26156
1.34825
2.537
0.460659
0.94932
4.45616
0.929525
0.290659
2.32321
3.8307
2.54594
2.20874
0.479586
2.24016
5.27656
4.09693
1.87185
0.294991
1.20025
1.5576
1.90592
1.86512
0.701676
2.34979
3.42328
1.34276
2.7101
1.11469
1.03055
0.708238
1.24954
5.85565
0.962412
3.38364
1.68573
0.249639
1.68005
1.42186
1.64884
1.60456
0.907743
1.0352
1.43509
0.20132
5.33571
1.81753
1.79678
2.21163
0.432986
0.581688
5.73918
3.01985
0.589139
2.1141
1.53222
1.9852
0.214822
0.545601
0.367121
0.255325
1.90472
0.526246
0.570955
0.10851
0.856656
2.16887
0.875436
2.34658
0.935826
1.0415
0.921305
7.80706
0.874107
1.98926
2.13957
0.483449
3.22044
2.66426
1.44009
3.99028
2.30114
0.360679
2.19089
2.00819
1.73965
3.51765
1.06476
3.91646
0.644251
0.647212
0.905299
0.743203
0.362147
3.09791
0.611805
1.11546
0.889593
1.57027
0.163844
0.404058
0.429409
2.50455
1.91233
1.65086
1.97944
4.4312
0.660907
2.34926
0.905669
0.153377
1.60807
1.44099
2.27379
2.57165
1.5986
0.328793
5.08049
1.80841
2.2224
4.8934
1.66661
0.565089
3.82861
0.458552
0.251384
2.57325
2.22176
0.670843
2.13803
0.715432
0.748711
4.56785
1.79836
3.51477
4.96464
2.6852
7.34617
2.33749
0.830205
1.44321
2.00898
2.13574
0.919629
3.13886
0.74557
3.75584
1.01737
0.386214
0.951411
0.301352
1.9442
5.03573
2.26856
0.501804
2.30531
0.28917
3.56806
0.430835
2.87853
1.14816
1.14305
1.25051
4.88115
2.42484
0.939369
0.741242
3.05278
2.18096
0.671923
1.29244
0.65874
1.73338
1.79967
1.12132
6.04196
1.96926
2.42877
6.15163
2.22116
0.639829
1.15486
0.6164
5.56531
0.526921
1.17712
2.16064
4.10609
0.538694
1.68708
0.707882
6.52645
1.87491
1.1173
1.34375
2.35807
0.619502
0.850713
6.90504
0.639936
0.952273
0.550636
1.27426
1.94267
1.779
0.88215
3.69496
1.59566
0.749868
1.48364
3.24202
0.72249
3.63219
1.36328
1.14826
2.23059
0.764974
1.24407
1.27579
0.487652
0.359201
1.4431
0.582813
1.26257
1.89286
0.868892
1.99136
5.64229
0.72098
0.774246
0.708606
0.724053
0.517532
0.842047
0.839731
1.05432
3.66253
1.58752
0.439751
2.98637
2.32517
5.56389
3.74321
0.312374
1.68582
0.331142
0.20224
4.93783
2.62612
0.567085
3.25559
2.3189
1.60818
0.575488
0.264304
0.940952
1.06893
3.09581
1.25182
1.40715
1.0926
2.75169
0.608044
2.46838
1.69355
3.79838
1.37488
5.74473
2.2708
0.208227
2.34495
6.34292
0.338797
3.86018
0.737241
2.1704
0.301716
2.95971
2.27285
1.38013
0.605292
4.60468
0.912209
0.955815
1.68422
1.9213
0.26317
0.1536
3.16675
1.02581
2.0555
3.12342
3.58464
2.32245
4.49531
3.23775
0.798048
0.581703
1.09366
0.748194
1.36268
0.433576
0.615067
0.477923
0.301076
1.42102
0.652152
0.831954
1.44047
0.338342
3.08532
0.133616
1.46783
6.84932
1.27285
0.583162
0.292475
0.720375
0.563383
0.168125
2.13657
1.64415
1.53925
1.37386
0.349112
1.00064
0.846553
5.44979
0.575044
1.04241
1.68229
5.19428
2.02463
4.54012
6.262
1.02033
1.99905
4.16406
0.633836
1.11686
1.6908
1.31315
2.07906
0.911598
1.35577
1.12886
0.121833
2.21986
1.97547
0.816149
1.92292
1.76436
3.83641
2.06621
0.597108
1.4641
1.55395
1.22798
2.03312
0.231994
0.216929
0.959295
6.86015
5.49136
0.16975
0.54203
0.131686
3.51425
1.18612
0.968268
1.42602
5.23967
5.50733
2.25254
1.88926
3.05903
0.555416
1.52608
1.58247
1.0102
2.19198
1.86265
0.316484
2.69573
0.463012
0.296869
6.52192
1.00738
4.14502
0.98212
0.575085
0.505077
1.18714
1.26836
0.723894
1.60752
1.03139
1.00453
3.59873
0.865294
3.06542
4.899
1.94619
0.998217
0.66711
2.01389
0.817256
0.222556
0.250264
1.15564
0.310996
3.6005
0.471569
0.839908
1.03623
0.547562
1.24088
5.30356
0.910983
1.01438
0.63193
1.71175
0.548805
1.45803
2.62708
1.46736
1.07904
3.57401
3.99921
0.178541
0.181393
1.52989
2.1974
1.65758
1.58666
3.77537
2.13008
1.86016
1.82455
0.337114
2.21849
0.246423
7.28507
2.00457
0.387966
0.301707
4.25564
0.53412
0.561751
6.37277
3.38414
0.992269
2.24843
0.51458
2.33283
6.02963
0.194805
0.205243
1.07775
0.743801
1.43479
1.03034
2.2004
0.908427
1.66067
0.12811
0.836237
0.48585
0.275499
4.18426
0.421715
2.30429
0.255543
0.41512
0.593162
0.48131
1.63273
2.4617
2.56071
1.54337
3.09388
1.61306
4.21709
0.98388
1.47078
0.469159
1.52168
0.200651
1.35405
0.924581
1.86921
0.311074
0.401799
2.23562
2.30287
1.3937
0.249405
1.53653
4.91544
1.82849
0.447079
2.88732
0.863738
4.93124
2.12589
2.18434
0.176374
6.29996
3.46607
0.620281
0.994275
1.98336
3.58561
1.57449
0.436307
0.782127
4.60532
2.1518
1.39799
1.13786
0.634059
0.353055
2.36518
2.89446
0.210357
2.94571
0.354934
1.71485
2.23989
0.79704
4.00095
1.04199
2.97817
0.902553
2.52704
2.60461
0.547141
1.34704
0.525248
0.993415
1.39496
0.47599
0.848964
0.294599
0.885744
2.24225
0.311968
4.76735
0.917268
1.80667
0.399822
0.134128
0.460113
1.49358
2.40328
1.02702
0.361977
2.66634
2.08655
1.79891
2.01189
2.29187
3.70074
0.735653
7.05617
0.572723
0.894623
1.67276
0.955661
2.23871
0.921671
0.7461
5.02315
0.630417
2.98511
0.405792
0.660092
0.838606
0.459706
2.09094
0.749432
0.421479
1.68623
1.14979
0.198714
2.27848
2.52048
0.610506
0.948964
1.45839
3.48733
2.36346
0.642977
0.352944
2.52729
0.723384
3.53826
2.18342
0.355832
4.53757
2.85791
4.57035
1.26248
0.865353
1.09652
4.70728
0.8938
2.38381
0.86825
0.506509
1.4591
5.34258
0.344889
0.595876
0.973257
0.904117
1.41769
0.912616
1.8503
1.34626
2.0282
0.999216
10.2843
1.30629
0.922008
3.10539
0.905614
2.08921
0.303338
0.750522
1.56911
1.191
1.3357
0.331962
3.73515
1.81026
1.41404
2.31998
6.43661
1.05213
0.97171
0.108562
4.08609
2.04355
1.77849
1.0515
0.581942
4.24542
1.69802
1.16936
1.04481
3.02437
0.434083
1.08785
3.403
2.00019
1.78941
2.34136
1.20183
1.88517
0.996814
0.952031
0.779303
1.56388
1.4761
1.33764
0.551541
0.234487
1.67205
1.64308
1.46381
0.717497
3.1177
5.83109
0.245934
0.514973
0.32809
1.60419
0.298934
0.649879
3.40514
5.65724
0.847866
1.70503
0.379302
1.07011
0.89695
1.43404
0.121484
0.510572
0.458458
0.143192
0.259915
0.847174
1.37548
3.6659
0.619811
0.653873
2.36273
1.94489
2.37293
0.165536
2.23253
0.873414
1.15671
0.998135
2.33087
0.587951
0.693857
0.686638
0.465698
1.38231
1.39028
1.12396
1.06112
2.00665
0.174488
4.30173
0.408794
0.543337
2.08284
2.6987
5.08741
4.25703
0.102419
0.286051
0.280254
1.16286
0.345845
1.80432
0.97299
0.92152
0.735986
1.51946
1.69848
1.86312
0.391333
0.312691
0.877514
2.02118
2.30908
0.442547
1.07256
3.2683
3.40416
0.752743
3.62535
1.07593
2.19089
7.39863
2.20656
7.02299
0.517131
0.379733
0.362823
6.76649
2.39443
1.68591
0.530876
2.27755
5.12824
4.08686
1.12496
1.12714
0.702794
0.49834
1.74816
6.8315
0.338338
1.9261
0.676063
2.31612
1.46514
1.9742
1.21532
0.842781
0.715587
0.294739
0.62823
1.4428
1.44553
2.34042
2.95428
1.55806
2.24759
1.76328
0.382618
0.685716
2.16622
0.850415
0.560051
2.58272
4.48956
0.868758
2.25018
1.63283
0.448098
1.49086
1.57661
1.79096
2.17015
4.52911
3.28968
2.36661
2.07275
0.946006
0.463707
1.50979
2.62558
2.07765
0.624107
0.256825
0.586723
0.3909
1.19951
2.55814
1.25964
1.91087
0.722203
1.58283
1.56049
1.45154
0.788251
1.58077
4.10726
2.85149
3.77518
0.674007
1.2397
0.30136
2.43277
0.332481
2.23752
0.545996
0.236957
1.34902
1.55966
2.10217
1.49234
0.788317
1.06555
1.94615
0.635954
0.55401
3.58079
0.313139
0.966146
5.70751
0.817187
0.734924
1.51037
1.89226
1.76453
1.37133
3.61197
3.06535
0.517041
1.26709
0.786668
1.10437
0.560372
1.15963
0.736623
1.06213
1.47003
0.416953
1.60386
0.389881
3.91571
2.07036
3.77902
3.22587
0.513836
0.356411
2.1116
2.16709
5.2585
1.78022
7.22584
2.01147
4.15647
1.64018
3.40804
2.66061
4.74525
1.76549
2.22029
0.185038
1.53252
3.50186
0.472698
2.15222
0.767533
5.00959
4.20279
0.251719
0.352035
1.45607
0.645283
2.79934
2.35737
7.81707
3.70818
1.02454
1.09444
3.63041
0.736043
0.816539
2.30467
4.41094
2.01247
0.368478
0.119274
3.58145
2.53056
2.83783
1.23643
0.386003
0.728394
0.279355
1.00491
0.64849
0.723126
1.55345
0.517838
0.532786
0.828979
1.05046
2.22771
0.632401
0.723132
1.7584
0.629544
1.99543
0.435189
1.88813
1.0739
2.54432
0.456985
0.805684
1.93694
1.75149
0.410683
6.34557
0.405271
0.279973
0.193407
5.00793
0.71138
0.718345
0.152949
0.420493
4.10644
3.24165
3.16869
2.79618
0.395951
0.31348
0.583012
0.353004
0.935164
1.94013
0.567073
0.46293
4.93569
1.99008
0.728499
1.68033
1.65752
1.35007
0.386266
6.48929
0.467667
0.184057
3.53827
1.10827
3.13227
0.569678
0.451017
0.977213
1.98483
0.508852
0.547595
0.182182
7.20117
0.634316
1.54834
6.234
2.36833
1.50313
2.0715
5.24816
2.07019
0.170501
2.67387
5.22911
0.68106
1.51566
1.77062
0.797489
2.10975
4.65787
2.99989
0.349725
0.865129
0.214312
1.17945
6.32616
0.830592
1.50646
0.638521
5.927
0.749715
1.03408
4.70627
2.24617
0.386834
0.250914
0.613892
0.780285
1.71295
3.9529
0.749055
0.304446
1.9599
1.04317
1.13211
0.269071
1.8863
2.40875
0.85488
2.09273
5.86892
2.62695
0.956277
0.869584
1.63157
0.554534
0.210608
0.795067
0.949405
0.683713
0.683442
1.10037
0.625131
1.92868
1.00375
1.75797
0.243449
0.918796
0.510269
5.48805
0.947355
0.818572
0.480278
0.734824
3.88741
0.880339
0.977397
3.90723
0.508384
0.875422
2.86711
3.01661
0.365627
1.0677
0.151825
0.899647
1.74322
7.13986
2.03854
0.657997
0.416513
0.819298
0.7237
0.28825
3.34736
0.354588
1.03392
7.27665
1.42844
0.694501
1.08049
0.403128
0.877788
3.85804
2.34577
2.15865
2.21825
8.96143
3.53244
0.874108
0.895175
4.73043
3.39567
1.44416
1.20826
0.544521
0.859037
2.13901
0.892426
1.81139
1.87246
1.13855
2.18468
2.37146
0.41719
1.92879
2.14165
0.895012
2.1128
1.91041
4.31625
0.76254
2.70879
0.975069
5.59798
0.535838
1.60914
6.03126
1.14373
0.757982
2.26133
1.49369
0.702925
0.823819
3.63264
0.393729
4.48965
1.02053
2.30083
1.90446
1.12241
3.83692
0.368427
0.731897
1.77239
1.8621
0.418678
0.757523
0.353187
7.35417
0.956758
1.99715
0.415571
1.81053
0.528763
1.09918
2.25468
0.966783
1.75101
2.87588
1.97462
3.5898
1.61754
1.11393
5.08796
1.17586
7.29841
2.98199
1.1356
0.368104
0.592058
1.70514
3.88221
5.52801
1.08361
1.93569
6.52724
1.93572
0.69558
0.54247
0.308548
1.04615
1.65677
2.39901
4.48653
4.36823
1.15744
3.33486
0.539845
2.47498
1.90131
2.31032
1.68918
0.515344
1.16972
1.81979
0.229508
1.69487
2.80311
2.19916
0.0860881
0.321867
2.1224
0.373363
3.55908
1.7318
0.657869
2.07145
1.66167
5.81879
0.861923
1.67153
5.06629
1.33117
1.13178
2.05379
4.24121
0.775277
2.15346
2.36149
4.96268
0.727584
2.25792
0.388483
1.54485
1.15764
4.90871
0.182424
2.21707
2.1303
0.282792
1.98022
2.40379
1.44351
1.03248
0.694423
2.40585
2.52186
1.32974
0.148785
5.49954
1.30052
1.11746
9.73495
5.05728
0.681964
2.13838
0.587535
2.36231
2.89341
1.38733
0.403305
1.74935
0.912065
1.57727
0.18966
2.09289
2.93382
1.34788
0.719183
0.86843
2.23282
2.16321
2.05515
0.922263
3.00602
0.425451
1.775
7.0018
1.65759
0.240837
3.68903
2.38402
4.68221
1.68141
0.345801
0.288348
0.812037
6.36777
0.430325
0.877671
0.379951
1.4031
0.745908
2.37787
0.380592
1.32452
2.37265
1.74901
1.06775
0.837388
0.306647
0.465335
2.21954
2.00142
0.900283
1.31324
4.26696
0.841607
1.59416
1.82563
1.5219
3.18738
1.93111
0.724758
0.743474
