1.14475
11.8288
10.1761
1.84494
1.3752
3.97475
3.61583
0.404245
3.44587
2.16514
4.8793
1.68111
2.7806
4.36258
0.898912
4.53745
1.51062
3.13625
2.54677
1.34329
2.34583
1.38741
9.89275
3.3643
7.84163
4.89537
3.49044
0.347645
2.18337
1.68937
2.151
3.55862
0.81389
0.597564
5.50392
5.34347
0.54783
1.17432
1.63785
3.73929
1.66604
0.3808
2.7554
9.17651
14.6371
3.51644
2.64451
2.25526
0.629297
0.668097
3.78739
8.81049
0.797751
3.20016
1.41514
1.60419
2.79181
2.86438
5.28644
5.46753
4.48229
0.996125
0.722038
0.825877
2.76641
7.90823
4.32559
2.88793
1.22533
4.05481
1.12082
2.07083
2.52397
8.09179
2.05216
3.63659
4.83623
4.33964
10.1896
3.50167
5.86652
0.54562
0.354783
3.24686
3.31703
3.89021
0.463008
2.88673
3.17251
3.52171
0.550876
6.53021
2.0433
1.21747
4.8934
5.37134
1.56137
1.25364
3.69452
5.68206
3.00341
1.07487
4.05622
7.7064
1.24743
4.20063
2.54732
3.93837
2.63337
5.59827
1.79612
1.38115
2.01326
3.27181
0.770666
10.9841
8.93254
3.95998
0.583826
4.13909
4.19365
3.07617
6.96738
1.13652
4.50696
5.49569
3.10903
0.706683
3.85049
2.41021
4.1618
7.69094
3.54903
2.34509
4.52466
7.61085
4.41665
2.39317
0.780782
4.90797
2.08104
2.22185
0.846374
9.377
1.63596
5.56796
6.15646
9.08251
3.61732
1.78553
4.80172
0.871202
3.19117
0.717318
10.2565
10.5554
3.63097
3.33952
3.32766
5.33018
2.89014
2.65219
0.524756
3.78671
2.05944
2.74714
1.05425
1.22725
1.65193
3.9973
5.06495
3.02167
2.91798
1.01462
4.73729
0.862501
3.92067
4.81502
9.08597
5.30871
5.38295
2.30016
2.96073
4.99961
3.64795
6.65187
11.4781
12.106
3.0131
3.40094
8.85692
0.830966
14.7305
7.34517
4.09061
4.01172
4.27756
5.1445
6.81279
1.06406
1.84737
1.42449
3.45548
0.209076
1.69206
3.26834
3.32779
3.66653
7.4596
2.48932
5.26261
6.0477
1.73935
2.08468
4.36788
2.57348
0.902305
4.93982
1.67823
2.74923
4.00564
3.7127
14.6933
3.09367
0.915361
3.20828
1.96283
2.33788
1.10158
4.30175
3.18538
5.81356
3.6337
0.514605
2.98862
2.49874
13.5524
5.79178
3.70927
0.457877
9.36593
2.21825
5.75604
4.56519
2.5956
0.911906
3.1755
1.59455
2.38414
1.45348
2.16231
2.29822
5.73989
7.35716
4.0763
1.33978
1.41403
5.86904
7.66152
6.72761
7.77778
3.08365
0.321617
1.98172
2.72785
2.20739
0.632877
4.21351
6.13688
4.58323
8.4368
3.59336
0.363969
1.44458
10.0616
3.38406
5.45646
0.993999
5.67274
3.41822
10.8266
0.605849
0.779951
4.98144
4.93039
4.08517
1.71986
7.91018
2.68963
8.21045
0.491694
8.80774
0.8688
1.91205
3.01108
4.15561
0.713217
4.78229
2.23339
1.72991
1.0041
3.31266
2.75212
0.587257
0.992624
3.19062
10.0815
2.53949
4.00927
2.57992
2.01759
1.48043
5.3717
7.76466
1.95019
4.47647
1.87735
3.04627
2.69385
1.4841
0.520618
2.10902
9.13927
3.28244
2.61515
1.38699
3.60554
2.1855
2.34515
13.1775
4.53589
2.89914
1.92373
7.33707
0.594548
2.50627
1.94177
2.19294
2.68373
13.5035
8.27013
4.64537
6.61448
1.98805
0.96391
4.87527
1.09719
1.58373
1.31967
0.93605
8.69902
7.35771
4.60569
0.999034
4.07854
4.39365
3.92768
4.83656
2.15761
3.43659
8.33792
4.28313
4.20343
2.77254
14.4328
3.37649
2.90343
2.06836
3.83735
5.52453
1.31094
1.05773
1.74239
8.63837
1.06746
2.36347
2.33289
6.57187
4.21116
2.85231
0.717151
4.26024
4.32237
2.79839
2.63994
11.0589
3.79704
6.01481
3.99487
2.182
9.47022
2.77137
1.95284
8.74223
2.97746
1.06739
1.64688
3.44798
6.21696
2.91957
1.2683
4.46632
0.620359
6.32008
6.30377
5.35255
3.20394
10.2509
1.72286
0.840457
10.3256
5.87399
7.58791
5.19707
4.15662
3.7588
2.99509
9.02747
14.3592
7.13178
5.24623
1.58937
3.93352
1.73973
6.02723
3.65202
4.76353
7.76576
1.48044
5.15917
7.85321
8.51578
1.38522
0.9196
0.303012
2.51715
3.25017
0.966173
3.96175
7.45639
1.05826
0.74368
0.875515
3.89573
7.20673
3.63914
5.18844
8.06433
3.8379
11.6613
1.26759
2.24591
2.52407
7.04052
5.32442
7.47171
3.8893
3.86762
9.34031
3.56711
2.39435
1.62437
2.66681
3.53286
0.731049
1.11535
2.85917
6.08971
3.98767
11.3765
1.61074
1.55422
2.81251
5.2381
11.1199
2.43836
5.97158
6.24167
2.78044
2.32254
1.51215
5.20988
0.36481
8.49104
0.531577
5.60639
0.621044
1.43562
1.60414
3.55872
6.81888
5.84381
2.33965
2.67331
1.82066
6.96308
2.01749
3.24908
2.54209
2.53714
2.51425
5.92604
5.67809
3.38461
3.45326
2.16127
0.332847
0.725676
8.20199
1.19112
1.79922
3.93763
4.39397
7.41916
1.5036
1.53326
1.96742
2.66142
8.20141
8.90668
5.06687
3.29892
10.5307
5.06081
11.2254
2.78385
0.957766
6.01668
3.06482
6.04394
3.34496
2.38059
0.930603
12.5686
2.19618
1.26745
4.3298
4.40682
7.94261
1.24283
3.81074
3.6571
1.36647
3.21477
3.89435
0.616845
7.49641
7.88453
3.02462
3.64551
6.55787
4.67836
5.74052
2.50708
1.95996
1.59865
6.89425
9.91398
2.51617
1.78563
5.09358
4.83034
3.70694
0.661384
8.17578
3.64725
4.18517
2.29443
4.13044
2.09507
2.01077
10.3855
0.58192
0.946793
2.91086
0.475595
12.7982
4.54154
11.5074
13.0479
3.26058
7.9602
0.695326
3.57841
1.67695
6.96548
1.35745
3.03036
4.9014
1.05926
3.29844
11.0249
5.74036
4.47921
4.81375
8.34815
0.609035
11.3119
2.94719
1.08795
5.44006
2.90231
1.22542
2.30533
3.29158
4.3127
0.563675
2.11444
0.289911
2.05035
5.76543
6.41152
5.6815
6.81728
1.971
0.702848
0.529629
3.17733
8.91266
3.77627
2.09234
1.97773
0.702803
7.31267
13.5636
0.681594
0.286944
0.551908
3.72024
2.08902
2.26679
2.35402
8.37613
1.72472
5.13901
4.24246
6.88907
2.75516
2.07766
12.6748
5.9861
1.82892
5.2012
0.867239
12.3954
0.398878
1.36527
1.91747
2.28907
1.99255
2.44043
2.24393
1.65699
2.65674
9.19012
2.19024
3.92068
8.31026
1.89116
2.94436
1.16513
3.7589
1.78489
3.56691
2.83562
0.941726
0.812132
0.343575
1.39683
4.44652
0.824308
6.44858
0.817346
0.502668
2.39126
2.32163
3.91347
6.92861
1.38482
0.634239
2.65592
1.98568
1.73648
3.52169
0.946977
1.99646
1.95769
5.01335
4.75591
1.75744
1.8251
10.4648
0.253394
6.76295
1.11371
11.552
0.846547
1.58394
4.22359
0.885466
1.42473
0.795587
3.17936
5.50085
7.65923
1.26355
0.714626
3.69602
3.83314
1.48714
2.60492
2.60041
4.48577
1.43332
1.679
0.463602
4.10915
3.30209
2.57368
1.52876
3.89023
2.05743
2.058
0.708237
3.62745
2.24618
1.73326
1.26896
0.32238
8.51103
2.24989
2.37022
4.90876
3.96619
2.33822
0.463094
2.66856
7.30292
6.48179
1.77655
1.24418
4.08275
4.99725
5.98359
1.98894
6.49055
4.28356
1.5622
0.275054
4.47258
5.70299
0.487396
6.93112
1.36101
5.68533
2.98384
5.71313
2.57651
7.82882
5.2286
0.894559
1.18369
1.24548
9.53997
11.8654
5.58493
3.5735
4.17844
0.930881
7.57486
1.54516
3.5685
3.47282
1.04964
5.06295
6.40889
2.07409
0.161642
7.71197
0.226475
4.07131
4.78136
1.79286
0.273635
0.64453
3.09663
8.37142
3.85712
2.70801
2.40836
1.27528
1.43035
9.4178
0.784142
9.41605
2.32045
0.466621
2.16658
4.58447
2.74607
0.200069
4.5711
6.29353
2.878
0.541374
1.95576
2.50311
2.00403
1.57259
3.85228
5.19414
2.9818
0.901925
3.34313
2.29211
3.44908
0.297675
0.392739
3.52938
2.59173
3.31869
7.10333
1.51122
2.39027
3.07459
2.55888
1.89978
1.35229
4.35856
1.32891
1.61958
1.57419
0.550116
2.47224
2.93372
6.83423
3.56646
1.65303
13.4786
4.51064
5.71279
6.47206
4.36817
4.7131
1.97133
0.675325
4.98629
5.67276
2.82431
1.00738
2.71641
3.55711
4.19295
3.22779
4.68274
11.0721
0.356591
5.33257
2.87633
7.50493
0.273149
1.461
5.06452
1.44815
0.343204
1.74937
4.53479
2.43432
5.38357
2.22772
2.89467
5.68567
3.72668
3.14818
3.87417
1.73944
3.85173
2.90922
0.409796
6.21519
2.72435
1.8208
1.52296
2.73316
3.9183
3.40485
9.57294
2.18407
1.9358
3.81718
14.3724
8.16255
5.07705
2.19162
1.13721
1.55721
3.25519
3.33019
2.24282
3.41066
1.56663
3.75282
4.42634
2.96419
4.4627
4.70821
1.39777
2.20934
0.59197
2.57821
0.508065
2.29579
5.23487
3.91041
1.13054
1.63145
3.98989
3.88073
0.703516
2.38708
7.97483
0.552828
4.67939
1.27843
2.17813
3.54891
1.09221
2.73716
0.933412
6.02559
5.573
2.60877
2.55519
9.40488
1.01513
7.19271
3.14605
2.35366
7.29924
8.51598
0.777296
2.42402
3.02025
3.26824
6.29617
2.15759
1.33582
1.21166
2.16914
6.15423
4.52165
0.389916
2.18815
0.316985
9.41755
3.23317
5.53321
1.76895
3.74214
3.17586
3.44495
2.22385
3.74758
1.18749
3.20351
5.2728
1.75002
4.1514
1.05115
1.55442
2.18361
6.87144
4.31965
6.69755
4.5942
1.21377
2.49194
3.35732
7.77745
1.13403
2.11975
8.3799
3.01321
1.41886
1.58948
0.749424
7.3313
3.70118
1.32718
0.314586
1.74832
5.53015
7.86554
2.92775
2.58434
4.63365
2.60088
3.31162
4.9197
4.26751
5.87896
2.2049
2.07075
3.76288
13.7826
2.57795
4.69522
1.97145
3.44938
0.628904
3.9718
6.42295
4.26804
3.76038
1.96231
6.58812
3.58942
5.22547
2.70687
2.57942
8.61777
3.74786
8.30845
1.89761
1.20415
2.61827
4.49388
4.66495
6.73076
5.11551
3.07992
9.84196
9.49476
2.58821
10.4045
6.29155
3.57252
9.49376
1.85587
5.42997
1.06056
3.04238
2.85651
3.15637
1.71687
3.96765
6.80596
1.57344
6.7895
2.82567
3.21791
7.50914
1.14362
2.32099
3.01985
0.601046
6.25864
4.11221
5.37371
3.3509
1.98872
10.6438
5.3621
0.952295
3.71063
2.63078
2.40529
6.75715
1.76563
1.48116
3.63
2.62271
2.92211
5.32362
10.6082
6.12195
3.01617
4.07226
0.588481
1.07349
6.28138
1.91579
3.06715
5.14986
1.40728
2.87172
0.142701
6.11403
3.8861
4.58934
11.7137
1.46734
10.0465
9.29092
6.85614
0.605922
8.09623
8.43916
4.59498
3.38855
0.794434
3.35063
3.2227
2.51147
2.55853
2.95008
1.23483
1.16713
3.77404
5.6858
4.8631
1.66185
2.83778
8.94313
1.791
0.701453
3.45272
2.43104
1.28894
3.32377
5.17527
4.30762
1.63458
6.50424
5.61071
8.77645
4.04092
3.45183
3.08952
3.64288
7.56936
2.77074
1.60903
0.41569
1.28079
1.92786
12.5288
1.02149
2.68348
6.02735
11.1534
7.2534
5.84702
0.556429
3.43109
1.81733
6.58705
3.01374
10.3188
2.79122
1.34817
2.97824
3.74399
0.697953
4.10487
1.00684
0.775905
7.42247
2.09339
2.04634
1.18065
2.51268
4.82018
1.1404
11.6387
3.33958
2.7224
3.68002
8.02049
6.83643
2.77944
7.45256
2.65423
1.28757
7.29711
3.3655
2.85561
9.2562
2.23474
1.35463
3.64187
2.72881
1.69242
9.54203
6.48299
3.30001
5.72098
7.84224
1.51668
5.65965
3.80836
2.61112
7.89375
1.21624
2.31762
8.40437
3.84354
0.615264
2.37929
12.8299
2.23759
2.02998
5.38987
8.26882
14.3361
4.69134
1.42604
1.88963
2.46626
1.50382
4.958
3.98826
6.76218
0.638301
7.67609
8.60386
8.35683
2.46129
3.75212
4.79891
0.7107
1.01948
2.00462
0.425239
4.91112
2.81843
5.33579
1.23457
1.956
0.413653
2.16141
2.56279
3.28223
15.0214
4.60772
1.08077
4.02892
2.46214
0.447877
1.12867
2.75557
3.82498
1.36891
4.08118
3.89246
2.23909
0.555753
5.15505
7.30736
1.10462
4.57811
0.325224
2.19529
2.09521
3.60951
0.681959
0.499632
5.64892
1.73195
3.76789
1.52264
2.8946
2.48999
1.41174
1.92283
2.61573
2.17961
0.149584
8.24993
7.7303
0.59096
1.99824
8.4344
0.919259
6.3928
5.03323
5.24057
5.00312
2.16742
5.56415
5.26732
2.53639
2.43289
0.526158
0.846887
5.74014
0.83501
2.72307
10.7092
4.49113
0.624221
3.78871
2.85084
2.52034
4.04372
3.34027
3.49284
1.92463
0.42241
3.43817
0.244249
1.09951
2.56869
1.81867
7.29934
3.39459
0.396098
1.33275
4.21046
1.75732
8.50215
1.55198
9.39911
7.06481
0.752937
2.11483
2.52579
4.7423
8.11363
5.05479
1.29752
1.15043
8.82318
4.085
8.94144
5.05422
1.87565
2.1053
0.755725
14.3061
3.19363
4.60022
10.3617
2.90553
2.94651
3.28131
10.7646
8.0048
1.37899
3.69557
0.59057
4.20483
2.30044
5.26584
2.70434
2.48636
1.09378
0.372997
4.05163
5.99706
1.91326
2.30644
0.788994
0.524016
1.21852
10.1594
4.72341
8.4796
1.25914
3.35993
0.922455
4.29455
8.23073
2.99184
3.6216
2.44293
3.15825
5.8619
3.21685
5.06085
5.31766
3.67612
6.00616
13.8472
1.97638
7.72005
3.68011
2.71556
1.51646
1.76606
4.85243
3.44405
2.56553
8.92515
2.13226
1.44547
0.876075
0.841462
6.96172
3.96518
0.914665
1.84798
1.48347
2.0959
2.12854
0.322288
1.68642
4.24762
5.54575
4.49189
2.13885
4.05403
3.01228
2.18439
10.1535
4.07177
0.890449
3.70554
5.01912
0.704657
1.09168
3.82228
2.79068
8.06887
2.47835
3.44332
4.65708
6.65043
0.740952
1.58926
5.51428
2.28972
4.03067
4.16818
2.16405
0.950166
4.13762
5.35007
0.327351
0.105827
0.115607
3.06107
2.85767
2.74783
3.40163
7.11779
3.29571
0.876764
0.959576
1.25997
2.31762
2.2283
9.29906
5.44316
2.25901
6.44583
4.48071
1.53699
6.6547
4.23905
3.88111
4.2308
1.43054
1.24889
1.04555
2.12765
5.3596
4.53255
0.800816
1.18001
3.4848
0.475203
2.41819
3.26931
7.92684
0.484459
1.66629
3.39436
2.54595
14.1391
6.49985
0.989999
3.9148
5.55297
9.07659
2.53516
5.56582
2.02016
4.11822
6.22447
1.26966
5.42857
3.05786
2.54086
8.87059
3.63771
4.37329
2.36253
1.41562
6.29037
8.16211
6.30319
4.57154
3.00851
1.17121
2.04823
5.54961
11.4278
4.95434
0.264642
2.60073
3.35119
7.79039
4.41623
3.40298
2.42839
1.68359
1.24973
4.32969
4.93717
0.28367
3.74592
2.47722
2.14291
2.25141
5.6665
12.6755
0.956695
3.60889
2.48579
5.71591
4.2516
0.900704
4.81016
1.76827
8.78477
3.91309
1.72628
4.05567
1.70542
3.50667
2.96115
2.77652
4.43548
3.66433
6.39279
2.33206
3.22108
1.01345
6.97587
2.10226
0.306434
1.51415
9.18975
3.73934
4.70821
1.40245
3.71307
9.0218
6.83495
1.69734
7.10425
2.39367
8.47749
3.56972
2.10673
7.1912
3.48813
1.12889
4.27137
0.945804
2.58177
3.42977
7.91211
1.19341
3.52952
3.77715
0.621698
5.05295
9.19973
6.22569
3.55442
3.00166
1.71905
1.88475
8.03912
4.61941
10.0579
8.86444
0.833971
0.910287
2.94748
3.91615
10.3351
7.63907
2.84714
4.17706
3.58983
6.19581
3.7998
3.1208
2.37382
0.974875
0.33259
1.19015
3.36919
2.60526
3.1357
7.42115
4.24158
5.24007
4.64414
7.56378
9.56289
2.18333
4.91036
1.13019
4.41017
2.52149
2.97147
0.609388
0.806535
0.265628
9.90415
2.26842
14.4623
1.90408
5.0726
2.1072
2.32021
4.66963
1.26287
3.29077
0.486489
4.08583
6.98751
1.17909
3.16172
5.01229
2.30011
3.83587
2.42167
5.55268
1.69851
4.7575
6.52491
4.02248
9.35913
13.9946
2.89738
7.7077
2.92372
5.15864
6.352
4.43436
2.33085
4.63832
2.99157
4.31344
1.26884
3.38434
3.90613
5.47307
2.09097
3.68518
8.60425
4.87461
5.72691
1.02488
6.98763
1.89848
6.6686
2.29441
3.53165
2.35089
9.94555
0.272968
7.57644
4.32146
4.1119
7.70201
13.0301
1.52308
3.65174
8.3438
0.955277
8.9012
5.24342
0.659114
0.690641
2.95961
1.88818
5.90515
1.74908
2.69319
0.639348
1.99243
0.986813
5.44857
3.14485
2.49954
0.562753
5.06025
6.14925
1.00297
1.24989
1.93983
6.75966
2.8838
1.4804
3.30119
2.89901
0.785153
7.65543
0.257394
7.21668
8.27452
1.70879
7.56499
1.32864
12.0198
2.74038
4.68596
5.62914
4.08895
2.94276
1.98993
2.04419
7.40948
3.11125
1.27523
0.14793
3.58308
5.64761
2.54129
6.52044
14.1583
0.732166
6.74191
4.20746
2.09249
3.12263
0.951415
0.538947
1.57004
13.0725
3.04391
0.731317
3.6042
3.11954
2.90838
0.892345
12.8232
4.5267
4.70315
3.79039
2.7323
9.90716
5.6444
5.10805
1.99029
3.87479
3.56439
1.01635
8.67832
2.32623
2.78368
0.66216
4.06734
3.15894
0.764035
3.27204
3.94145
5.05204
3.14787
6.78059
4.76884
2.671
1.28585
4.61689
5.84957
4.29205
3.08797
1.9575
3.85921
0.548924
13.9333
3.6437
0.7528
14.8711
3.59966
0.701554
5.54294
4.43023
6.84519
5.1952
1.4811
13.5441
1.9463
6.20811
10.6948
14.2115
3.19946
1.23359
1.19646
7.61784
1.4409
2.49869
2.30979
2.00377
2.78027
3.16642
3.38129
0.861657
6.74284
2.23061
6.82419
3.41216
2.45141
5.28902
5.14931
5.41657
2.63024
5.0976
2.29643
1.68179
3.3307
2.08346
4.27736
3.13651
1.13743
1.95945
1.56113
8.46851
11.8952
13.691
2.11655
5.31087
1.17506
12.8582
3.84746
4.10419
5.99164
5.01246
15.2101
6.54758
1.26678
4.22678
2.52358
3.89084
5.25929
0.139448
1.54244
4.32778
0.650532
2.67913
1.02329
8.59557
1.77416
12.3317
13.0845
1.43891
1.96036
0.671675
1.43912
1.68219
8.97695
4.28381
0.849595
3.08504
4.06549
3.85551
1.73311
4.38291
1.19583
2.0134
3.44609
5.11257
1.88167
3.05111
0.513619
1.49654
1.05281
4.62518
3.40235
1.32655
0.906674
1.86011
1.27824
14.988
10.8334
2.70353
1.68862
3.02742
3.54603
5.34092
3.27682
3.3867
0.15846
12.8935
3.98313
3.655
5.56936
2.75239
0.992766
2.36308
1.04757
2.12711
1.53836
2.56472
3.47293
2.89991
4.91341
4.70794
2.77057
0.805674
0.933582
0.648719
4.15462
0.349245
2.22082
1.16497
10.2252
5.44809
0.381576
2.60432
5.64209
8.13129
4.18028
0.723095
1.46137
4.07417
8.53331
3.30946
8.86684
2.42298
6.8944
1.03114
2.59274
0.640909
2.01134
1.19221
4.50213
0.557238
0.901602
3.25375
0.83862
1.04888
6.01337
3.30905
3.90666
7.34303
7.08527
0.259252
2.3295
4.61731
3.97968
3.03754
4.43833
6.02265
1.63616
5.99201
0.428015
5.6602
1.29523
0.23973
0.865446
8.90598
4.2008
1.95181
12.6321
1.3988
5.41371
3.03754
2.06062
2.35226
9.68457
1.89526
5.08323
3.19299
3.85782
1.71119
0.285628
1.73875
3.20354
14.4633
2.70672
4.6229
5.19996
6.79489
3.83273
2.07625
1.28895
2.34766
1.9138
5.53101
3.15258
3.92544
4.8976
9.06458
2.39467
0.712527
3.18699
5.47026
10.8387
3.48502
4.80475
13.32
0.943188
1.01943
6.58919
5.89253
2.85019
4.55973
1.49526
2.18861
2.52053
4.0283
10.9643
0.905916
3.43467
1.51156
1.96113
4.60704
4.95731
2.15106
1.34794
11.9044
2.12324
1.94592
7.2332
3.76071
1.78251
4.17447
6.24266
0.966663
3.12087
0.937306
14.3885
5.40317
3.25482
2.77153
2.76487
2.18002
7.97334
8.80341
1.3636
1.21285
0.369387
1.04949
6.5158
9.50595
12.5073
1.27593
5.40428
2.04415
2.79288
3.8266
1.98686
6.44447
2.61759
7.31363
7.614
8.31228
2.38114
6.54909
4.4105
0.642399
4.2987
0.632104
3.75308
9.12395
10.2622
4.33115
4.07704
2.2905
2.29345
0.91512
9.77382
0.647199
4.82718
5.86242
2.9051
7.43829
0.559657
3.76772
9.88447
2.85409
7.73518
2.31494
3.62025
3.83048
0.760783
0.78307
0.854793
3.151
2.49905
2.43464
9.02954
3.87982
4.68005
3.42238
0.97324
0.710284
2.62133
1.07282
8.28339
9.07734
1.71203
3.92588
2.82673
5.16656
2.11102
0.886088
4.61848
3.54343
0.801743
0.879022
6.55376
0.638778
1.80608
3.66614
3.66726
3.16275
4.53697
13.7782
0.716126
3.52854
8.11675
1.0759
2.43841
0.942087
2.06319
3.28981
0.674221
11.7148
0.619751
4.36727
0.810197
12.5234
9.28722
4.33746
2.39429
5.37218
8.65926
1.92718
11.8031
2.78688
0.799798
4.43997
1.73184
5.55293
12.3217
1.66572
1.12908
4.29067
0.834195
5.35943
2.72471
3.43296
1.06667
0.532023
2.28779
2.16451
6.76617
2.0713
4.65054
1.12489
9.2143
10.9774
3.31094
2.73963
6.26749
2.84137
3.8436
1.9917
4.4986
0.771218
1.91002
2.61525
0.755057
2.98575
3.85243
3.02214
3.35752
4.86706
3.4859
1.23348
2.61207
5.97713
3.85221
2.58597
4.49039
1.87302
0.667079
4.0814
13.2637
1.63125
4.34808
0.870473
5.37559
2.33995
4.33548
2.84504
0.789974
1.92606
1.85694
1.98225
3.82345
0.373608
1.97531
3.82731
2.87001
4.69367
3.39073
7.35856
2.46461
7.50248
1.13642
4.41032
2.68107
4.60928
13.0933
1.02874
8.62051
4.90641
5.49876
1.12167
6.42318
2.16167
0.233822
1.81539
4.79754
1.35486
3.0511
4.89201
1.55748
2.71406
2.86712
7.2378
1.59599
1.10103
8.19534
4.64726
5.99031
11.995
1.43633
6.1358
11.355
1.88569
1.46687
3.52225
2.32225
1.26857
3.45692
14.156
0.9835
1.31911
2.73176
0.719686
2.0841
0.688558
3.32671
1.4287
0.891774
6.92457
5.42042
3.13275
3.60837
2.41454
13.8082
1.36196
8.07041
4.12321
1.09209
4.26451
4.80469
1.29655
1.57704
9.75201
1.52735
4.85479
4.94983
13.9345
5.81104
0.746445
1.94006
7.87488
3.73102
1.92188
10.7485
2.69292
2.78003
4.53275
6.78071
1.22755
0.613612
0.61817
2.95236
1.71177
1.87537
10.4107
0.946227
2.45826
4.37848
3.85795
1.99472
4.08523
9.97361
4.82695
6.89738
8.00161
0.677719
4.10955
3.33458
2.09093
0.907611
3.87165
0.397327
0.430455
5.73943
10.5228
2.76555
4.34311
0.840194
1.23406
2.30997
2.86864
1.8712
0.610792
1.71142
2.13394
2.09043
4.98841
1.0475
4.8734
3.2241
2.8728
12.2719
4.93123
4.09333
1.76095
4.56977
2.29575
2.3859
2.04897
1.43123
2.01168
8.55662
2.49437
8.14692
14.2161
2.70136
0.788527
6.1221
6.38098
2.40474
0.420645
1.14704
6.19959
7.46033
0.364205
0.861497
0.699846
4.76916
6.70958
3.14077
3.92993
3.10723
4.37825
2.34283
3.57551
0.723122
4.67166
1.56005
2.13989
2.3153
2.30589
3.00332
1.01002
3.19044
6.31613
2.47971
2.25755
7.8555
9.30809
3.60668
8.39663
4.51329
7.40259
2.35079
8.12408
3.12311
3.17933
2.01129
13.4674
5.54317
1.23939
3.28641
1.59755
0.586621
11.7332
4.65271
6.51356
3.21873
0.549964
2.37523
5.83866
1.57235
12.6748
3.41007
3.9973
3.65137
6.9194
3.42819
3.51354
2.98386
3.87671
2.52657
1.45826
3.16176
2.58908
11.9907
3.21728
3.07194
2.78057
2.45536
12.9579
3.00083
3.87287
1.58231
6.937
1.71745
2.55387
2.87841
7.53974
6.46752
1.19312
5.27022
4.35141
10.2777
6.00759
3.54993
1.21153
4.05207
1.93285
5.48809
1.2662
13.3021
3.90279
3.09376
3.42324
8.49447
1.16526
1.68332
3.48111
2.79865
8.49904
5.86515
2.68721
0.759642
0.361748
0.484907
6.83412
4.77165
3.0566
1.87394
1.64506
4.3869
1.40279
2.03607
2.35056
2.47136
0.615346
2.4939
1.64138
3.21801
2.59912
5.20823
0.334384
3.64718
1.95758
3.49884
1.27232
10.4573
1.71189
3.61904
2.34894
1.60948
0.851719
1.74757
6.77907
0.525969
2.81069
8.26281
7.54303
3.33026
2.58897
1.89335
6.82938
4.17134
9.27786
0.563288
4.64923
4.15308
2.88823
1.957
0.934574
2.26084
0.817416
5.41407
2.79195
4.22787
0.419092
2.90962
2.85348
0.312827
2.38797
1.81691
3.21541
2.18479
3.83557
4.4668
1.64199
2.8193
5.09562
1.96257
1.42904
9.01219
2.27763
7.45933
4.87811
2.90775
3.16623
7.26423
1.21685
5.25386
3.12294
2.50677
3.11131
3.08206
3.19608
7.86792
2.85143
1.54208
0.377482
0.940796
2.10472
15.199
5.17176
8.96572
3.91309
0.680109
3.45088
2.95009
0.869018
4.42808
1.7069
2.57134
1.21092
9.10204
0.975251
1.77693
3.82976
4.36886
0.456229
5.4683
7.02097
5.56902
4.05658
5.53329
0.897819
1.53103
10.8328
1.37833
2.68576
3.51005
1.61687
6.31549
3.60633
0.674249
3.14084
5.56166
2.26464
2.94381
1.96039
5.24898
4.04123
0.443786
3.00272
3.55709
4.59864
10.8685
2.28799
4.69268
2.27613
3.03955
7.2373
2.84796
1.06071
1.37701
1.00933
6.78261
0.551933
0.341627
3.47606
1.09641
0.893726
0.540667
2.66044
2.41174
1.16787
0.737628
0.797425
0.96833
5.9527
4.49558
1.88187
5.28503
6.20166
7.93313
2.78686
1.69097
9.61783
2.90535
2.03562
3.43874
3.86659
2.36887
5.98887
3.70265
0.597532
5.9072
7.24937
2.156
2.94741
13.8235
2.95304
5.18354
1.51214
1.31287
3.88803
6.99017
2.94419
2.90979
4.49394
4.41434
1.36936
1.48169
2.96214
2.21038
4.72186
0.522191
7.93089
0.484841
2.10851
0.657018
2.85533
4.59254
1.03106
0.6372
2.27553
2.82467
0.777174
2.77629
1.14928
2.22645
0.553729
1.67154
13.7325
0.976201
2.12617
3.19415
5.90976
6.02498
10.2601
5.67319
13.0381
4.48157
0.514138
0.884137
9.89811
1.69491
9.24892
6.7825
7.06857
2.35054
1.92863
0.415938
0.938894
0.233455
2.28932
3.53872
2.36843
9.70277
14.304
1.55814
1.41705
1.00503
2.17322
1.29753
1.92263
5.4759
4.66673
0.589149
2.02862
2.57631
2.94439
0.759917
1.66657
11.5068
3.35195
1.07429
4.98707
0.667656
7.82331
0.216632
2.20771
4.47083
8.47588
5.90693
6.79367
5.13009
2.67462
3.55259
11.5761
3.45473
2.93967
9.2792
3.10519
2.74557
4.63665
4.2943
3.11886
1.13235
0.562744
2.42997
1.89977
4.84615
0.442293
4.17887
1.31683
7.93621
1.29308
2.63472
0.768001
3.06619
5.53689
2.4361
2.13063
3.85527
1.08032
5.36362
2.76506
3.46103
2.0215
7.74792
4.4102
2.84746
1.54002
5.59349
0.254432
3.58234
3.85495
2.71449
2.94136
7.64651
2.84513
0.393738
12.6994
0.489317
3.85228
0.470502
4.52142
3.27011
4.41262
7.17669
3.46185
8.09029
3.40837
0.705674
0.964935
1.51056
6.39556
1.4778
4.0008
10.5333
2.04012
2.69055
1.11461
0.832633
2.00164
0.305115
10.1664
8.29104
4.23786
2.86756
3.93337
5.89174
6.35699
0.982029
3.20052
4.40716
0.620027
1.44349
5.4269
1.8697
5.04478
2.99617
3.9143
7.59582
1.49907
3.67903
6.37966
8.16047
1.68362
2.72016
8.74233
6.14918
1.83488
3.45719
5.82749
3.2958
3.97919
2.08829
10.7865
0.824742
0.613026
2.95686
2.52365
6.46554
3.32634
0.961933
7.08634
2.81271
3.72018
3.56413
4.00193
2.02794
14.1935
2.72525
3.40174
1.60674
6.32218
2.10268
1.66912
3.65886
4.45793
9.51387
3.01152
0.795801
1.75884
0.500519
2.35752
2.17894
8.49158
2.84091
3.53774
4.85457
5.81263
4.41935
7.05964
3.90489
8.27301
3.73214
12.4454
0.936549
1.79036
7.48556
11.9512
8.8861
4.21992
1.28131
2.57489
4.43487
6.19116
3.57333
2.63637
4.61039
3.04047
6.18993
0.498868
5.00813
14.0223
7.27592
0.580075
2.04871
1.20526
4.33732
3.18851
4.99829
2.50664
9.59835
0.659317
5.72032
5.59036
2.74685
1.59112
1.88517
7.42594
2.08139
1.18376
0.560609
4.94398
2.32758
3.48973
5.52897
0.346422
2.62906
5.28913
9.34437
7.13837
13.681
7.91731
3.01257
3.88878
4.15206
0.284671
2.64042
1.88919
3.16401
1.37532
2.25094
4.74507
2.35222
4.54009
4.27915
1.04041
3.28396
2.15758
1.50615
2.07453
1.7318
0.94982
0.78542
1.00259
3.19424
10.9425
3.76668
3.98033
7.37527
5.91435
14.1996
8.66963
4.97431
3.32714
1.12294
2.22547
3.30407
3.59639
3.09225
2.39504
10.8719
4.09
1.45565
4.62324
3.24825
6.04158
2.32002
6.92257
4.60333
7.58967
4.28973
5.0917
1.50426
3.59242
3.00855
10.6495
6.49599
2.84163
7.58211
0.755432
4.47769
4.90815
3.05484
3.57436
1.45718
1.28699
5.14605
8.51959
0.253743
1.54243
0.414857
3.26059
6.65145
7.95485
0.844629
3.43806
8.28167
3.03438
4.52307
3.0913
1.67067
5.55054
2.86947
9.51524
5.471
1.1008
3.04849
2.29749
1.93667
11.8002
3.68341
3.66139
0.402167
3.05373
5.62235
6.74254
0.441214
1.62529
0.497654
2.79538
10.389
5.96055
2.57072
3.17797
0.483176
4.22803
0.162645
4.87941
0.26674
0.605513
1.98918
4.94974
2.03866
3.38436
8.03114
0.539696
5.48864
1.34015
1.76721
1.76278
12.4993
13.7432
1.25391
2.65975
5.12882
2.10035
6.56171
5.3252
4.90883
0.876651
4.49599
3.57368
4.51979
0.621426
10.8984
3.49892
3.61076
3.03425
4.2115
3.63457
1.57357
0.26435
0.751847
4.01267
5.23732
0.974888
3.08058
4.72287
4.67439
2.12153
2.86974
2.05363
4.33294
1.85362
0.25558
4.9749
3.27828
4.44122
2.39768
4.33318
5.68321
12.3193
9.04623
3.3332
4.34925
4.47669
1.90862
3.24314
1.6174
0.574299
2.72448
0.539993
3.32763
5.96354
9.17837
7.80501
0.797468
3.4134
2.51081
0.183463
3.59884
3.97214
2.90665
1.00456
4.14788
3.43245
3.13997
2.54975
0.876138
5.61901
2.32887
1.30203
3.56793
3.26656
3.18336
2.49449
0.93492
2.09939
2.31477
3.86692
1.89622
2.75215
4.88938
4.7513
3.97008
0.25975
0.146376
0.866702
3.56195
2.34405
3.41866
0.196419
9.87964
6.9366
8.0184
9.12714
1.99513
3.11059
3.77407
6.03844
3.0938
2.82106
5.61692
5.68785
2.75038
4.63403
1.55018
4.47869
0.600984
3.33278
6.18927
3.81993
3.90993
8.23663
5.34823
1.93429
6.79787
1.37934
7.44552
3.07113
2.94771
9.97537
1.11308
4.36753
4.67855
4.29912
4.36296
9.37192
0.546377
7.71201
1.09271
1.59833
3.11045
1.67724
4.88123
6.16066
3.83896
5.84131
10.3692
13.875
3.10924
1.91565
13.4712
3.62739
2.56692
1.70322
4.63057
2.72035
4.68902
3.51784
6.83231
3.74746
3.62191
8.6316
3.33807
10.2847
2.14012
1.06342
1.27605
7.70869
8.77493
3.72611
5.27169
3.70702
3.77021
2.80011
3.87957
1.18921
3.82546
3.49718
4.80629
3.51982
4.07329
2.17943
1.36273
2.5459
4.40286
1.53074
8.80054
1.25334
3.69822
9.50822
2.86317
3.12415
3.6795
3.28586
0.531695
1.0346
3.50183
0.9898
3.4232
2.08831
0.988385
4.4096
3.28271
0.287021
4.08655
1.65697
4.06087
1.56117
8.12907
8.36944
1.4336
0.604352
0.926516
3.99155
6.3882
2.01085
1.30139
3.16041
0.825791
3.91665
7.85499
1.15791
0.381117
6.23285
6.97698
3.27424
9.72177
5.02584
3.00683
4.16992
0.478248
3.14343
5.23128
2.75861
2.39352
0.340005
1.59719
5.65867
6.53982
2.69972
0.818713
0.217996
0.439765
0.356954
3.75162
2.0368
2.55792
1.95263
7.76998
4.805
3.91008
2.31201
2.71323
2.92512
4.51175
1.76457
3.18713
5.50579
6.74114
6.06323
4.15052
13.5508
3.46211
2.82768
6.27768
1.56329
1.98483
0.580951
2.7966
4.99059
2.24796
9.4153
1.36957
2.6538
0.304367
2.81183
4.33451
1.6267
1.5357
3.91861
13.2511
2.88845
5.67459
1.64338
7.93851
2.72806
1.58326
4.43033
2.24812
7.3635
1.23371
11.4276
12.6072
7.65218
2.97247
3.03589
12.8453
3.86231
2.71481
9.49412
12.1403
2.07254
14.7733
2.06991
1.28724
3.57882
9.15659
0.74474
1.21708
2.40634
2.17492
5.32541
0.50371
2.40757
0.908105
2.03952
3.39739
3.95668
1.96224
2.12292
8.81263
5.27448
9.42093
3.06524
3.49287
7.46418
1.38862
0.790955
4.163
1.04052
2.91539
3.63195
2.96951
7.69272
3.66236
1.30126
2.15266
3.24882
8.07674
2.65247
7.42514
0.13971
0.867494
1.56428
2.84604
3.58212
2.28969
0.643269
2.58366
4.55409
2.5244
2.65314
5.81943
4.05336
1.61384
4.00611
0.350163
1.93788
5.49548
3.27294
0.91891
4.49688
0.99123
2.26013
4.08884
1.88471
5.56419
3.58576
3.03461
2.09044
1.953
0.873883
4.75776
0.563539
4.76088
5.04184
6.27559
2.79562
6.23036
3.26263
5.48538
9.77553
4.11783
1.84052
2.18561
3.93683
7.45963
2.74128
4.03263
2.59166
1.03741
4.68027
3.28885
3.36765
5.31326
14.7409
2.3566
2.86579
3.53419
0.554818
1.8289
2.77513
2.17094
2.02755
8.48605
5.0712
5.86507
1.32229
1.81846
1.46787
2.28162
1.56175
3.87791
2.43748
1.82093
2.02164
2.80661
8.33627
4.98043
1.65719
2.30306
4.30294
5.69688
0.915718
7.23963
2.51018
0.787128
4.08984
2.32041
5.59404
11.9463
2.50734
3.29703
5.59622
14.0237
4.90656
10.585
2.80014
1.69286
6.61498
4.66028
1.22325
3.17476
2.1208
1.28875
10.7805
1.86301
1.69397
3.86298
1.08529
3.81863
4.02293
13.8179
2.76534
3.32398
2.10804
1.29628
1.03102
0.33011
2.74198
4.16373
3.39431
1.81608
2.00054
2.84573
1.66829
2.26708
3.38565
0.649448
2.93719
4.9615
0.979903
0.699011
4.38456
12.7774
11.7507
2.13061
1.3519
0.234893
0.93744
1.02904
0.959735
11.8084
10.043
1.9726
0.952303
1.48001
6.59177
1.58756
1.96419
3.16222
1.69444
2.47701
2.63515
6.46394
6.45857
4.1163
2.50316
1.88531
0.951957
1.33646
3.62798
2.10698
5.91987
2.33306
8.09541
0.515157
1.9206
5.29599
6.72302
6.963
1.48573
0.886697
6.47197
2.63392
9.15034
1.2485
2.54587
2.70009
1.25174
2.65471
4.30583
0.0939761
2.91965
5.02096
4.14987
3.62659
2.69069
5.09873
2.97677
7.11384
0.505896
1.73957
5.00763
2.25041
1.968
0.625966
6.04881
1.3066
4.01271
3.44757
3.63273
3.98546
2.2553
11.7892
3.08924
4.02551
0.731378
2.8307
3.73748
1.79278
6.9972
6.17635
1.40599
2.07511
4.87896
1.27246
3.6335
1.6425
2.95054
3.07433
2.41987
1.96698
1.19775
1.01964
0.608024
5.22569
2.84329
3.33564
2.48094
3.60536
3.01986
2.14622
2.7997
1.1522
1.24726
1.12746
5.11272
3.73111
5.96227
2.41598
5.78574
5.40825
2.99039
9.3934
7.45419
4.28012
2.74484
3.64196
3.48552
4.35862
1.47203
3.8293
5.51811
2.00666
1.11728
3.58911
2.96168
3.28823
1.24275
9.80803
5.9097
7.55468
0.241225
1.44057
4.44035
1.07727
1.22372
0.743576
2.98463
1.33838
5.92305
3.13828
3.98666
3.0205
6.48284
2.95438
4.53738
8.54317
5.79314
1.98515
6.48554
0.355531
2.99066
2.46655
5.4971
1.70037
0.634634
4.9319
1.66522
1.89061
2.72991
7.10667
1.14451
0.581376
4.15422
0.702786
4.6847
0.788531
2.95896
7.46147
2.61631
7.30937
1.95172
10.4359
1.42453
4.18141
2.84449
4.86752
1.02009
5.49132
4.82036
3.95694
4.72712
2.67292
2.97571
1.14302
2.7967
2.67106
4.64133
4.37771
2.62523
6.72335
3.51496
0.911133
8.83254
1.54885
0.877476
7.97955
1.58725
1.99534
4.55265
8.04763
1.05478
5.70355
4.47359
2.72121
5.04543
0.656305
0.716332
0.861389
2.62075
1.05824
2.46193
4.7885
1.70463
2.51967
1.29338
6.49834
0.94229
7.96788
3.53914
1.31958
12.4388
2.22568
3.17036
6.15148
4.42076
1.21215
5.51354
4.08759
1.07877
14.7294
8.40347
1.45736
2.5195
13.4624
12.6611
1.0105
6.69373
3.40343
1.79379
7.60861
1.29799
2.35609
0.682988
1.03993
0.280965
6.46065
13.768
2.26482
5.64543
3.82722
3.08371
2.74032
3.16597
4.63952
1.56535
2.69692
2.05663
1.98219
1.25544
1.1068
3.86158
1.57023
0.396149
12.034
1.95746
1.64604
2.33794
3.31899
2.45305
1.49764
1.1236
1.7615
2.11655
0.949838
3.94597
2.7253
6.57626
1.55257
2.24378
5.45266
5.45027
8.40687
2.16843
0.842088
6.38817
3.25988
1.81603
3.01774
0.368498
3.08517
2.97978
0.608359
6.41771
3.33384
4.20093
3.94646
1.77323
1.74415
4.46496
6.57338
4.20866
0.638478
2.59597
7.2113
8.9699
9.20513
1.27605
11.8849
0.244848
2.67649
5.44304
1.68279
5.78592
3.78949
2.32316
2.17539
11.0536
12.3558
9.14897
1.3058
0.325118
3.79714
3.25273
2.87024
2.61326
2.86148
1.19358
0.413344
0.849345
1.44693
3.74597
2.01902
0.747701
2.30979
3.09512
1.05554
13.6673
3.77887
0.352859
2.26889
0.426468
4.81067
3.08774
9.09596
4.73545
6.25508
2.25223
0.787046
3.04101
1.49247
5.04253
0.834188
2.7121
1.53025
4.05966
11.6912
1.98502
3.73655
0.900002
2.62917
1.50772
5.85303
0.754988
8.57643
5.12029
10.5565
7.2356
1.73254
6.28445
2.5394
0.962001
4.13404
6.67237
9.01162
12.1644
1.12963
7.20735
4.17664
5.16168
2.53891
6.33464
4.39432
0.511402
10.4206
2.54084
5.99395
0.286872
2.9585
5.55472
1.09187
10.252
2.69797
4.99344
6.45497
2.23197
7.74825
3.76171
11.5605
0.625485
2.27993
4.67221
2.31455
4.30649
10.7335
4.28907
1.73548
4.98929
5.98502
3.37978
10.2833
0.916807
6.67434
6.96799
0.687575
8.12208
1.09552
1.66158
0.546967
5.16279
11.8003
3.57611
2.09964
1.4128
1.15295
1.28119
0.980039
0.851961
3.42468
5.94007
2.5185
1.33415
0.381078
4.01282
1.89774
4.94853
0.51721
2.11295
3.49959
1.24743
10.5623
4.20412
1.09674
3.3375
2.12946
4.78499
2.85825
0.273793
1.7063
1.55061
2.00557
1.02513
10.4299
3.8358
0.0797671
5.80837
2.2975
5.73103
2.17672
4.68345
0.882601
2.75456
2.12526
0.712576
4.19559
1.3109
6.09997
5.65193
0.647617
1.74842
13.1469
1.82995
3.83552
1.40465
4.11987
3.20133
1.86011
2.94487
1.50164
2.09592
4.58062
2.6002
1.16967
6.00211
4.92548
2.68019
2.9851
1.80335
2.31368
4.93164
2.07838
0.419838
1.30502
10.2579
4.8945
2.62547
3.29892
5.8108
5.36207
0.846832
5.05281
0.94788
2.21087
7.26782
5.40748
8.35308
4.40853
0.766128
4.60631
9.5424
7.34444
1.42412
0.478897
3.54148
1.66482
2.5543
4.17529
5.0045
3.58727
1.40917
1.41016
1.43242
11.3039
3.09892
3.59056
7.10219
2.16643
1.72884
7.23812
0.233388
6.59014
5.66428
2.85093
1.25152
11.7016
3.92951
0.418249
1.65545
0.381176
5.19499
4.51313
3.56266
5.71072
3.38024
4.75133
0.438618
2.33267
4.11342
3.46472
4.85353
2.21015
2.14075
4.32274
1.90912
10.9606
4.79915
0.369916
4.92785
3.98003
1.67908
5.14784
2.28315
1.33303
2.62085
1.59724
2.31139
2.82867
5.3821
0.647052
3.91527
5.62249
0.561703
0.72093
7.21946
1.74466
0.594855
4.62315
1.43556
2.15757
2.46671
3.6564
4.33022
2.84853
13.6647
9.0425
4.16178
6.50265
2.36214
4.67759
0.612659
1.44717
3.36529
12.1893
2.06888
7.92104
3.87791
2.89019
0.674004
0.400222
3.18319
1.73862
1.10983
2.38916
10.3789
3.15821
6.60301
2.5637
3.58961
0.878761
5.3719
6.43776
1.64464
1.38425
6.86162
5.35358
0.486633
7.60547
3.93453
0.472911
6.10321
10.0368
2.89375
0.943292
2.97457
1.90833
1.60842
0.678108
0.762947
2.11512
7.11794
4.47252
3.18094
1.5475
2.38872
5.45776
15.0046
4.53373
9.45753
2.04988
3.78184
0.618921
2.14947
7.91621
3.16925
8.29247
1.61885
9.41834
4.36552
3.42346
1.12064
1.29701
2.38349
4.56035
0.849989
0.38219
2.52382
11.0361
2.79987
0.702575
2.70487
3.08272
0.664366
6.04896
1.78323
4.12894
2.81958
1.21101
3.89153
0.591153
2.17568
13.1764
3.39966
5.32133
2.18863
5.42999
2.58768
2.79957
5.58233
2.6982
1.90366
3.02108
2.44871
6.2959
8.86666
2.61949
5.92057
12.6443
3.81125
2.28201
4.18945
3.28631
4.48801
5.83164
1.55523
1.40579
7.37132
3.41529
1.62318
2.46608
0.397291
4.39669
3.88098
1.81737
1.75028
6.51022
3.30702
0.502907
2.03407
5.11408
2.19884
0.597498
6.21683
2.22167
1.52493
0.839033
0.18807
4.76911
2.02596
3.36068
1.53775
1.95057
3.90821
0.750237
4.62016
4.4348
1.61483
7.67768
10.9845
3.5409
7.85558
0.974039
3.38841
2.72807
0.893606
1.04285
5.09383
7.2984
1.36655
2.84641
4.89073
4.45141
6.45553
1.78392
1.19103
1.57923
2.61537
3.41889
0.81089
1.44031
4.99203
4.85957
3.52198
3.00946
11.7387
0.470067
0.156467
0.565026
0.80566
4.69936
6.334
4.64092
1.80367
0.87016
3.44121
7.02669
4.45008
4.28435
4.12193
3.38278
2.91623
1.3293
3.35497
6.74571
3.70184
1.2421
4.16256
4.61464
3.82295
1.30927
4.15966
5.09004
1.85034
0.340837
1.97399
6.04933
3.50843
3.74862
2.86367
1.88083
0.375055
3.63483
3.03518
2.71263
4.21268
5.56151
3.78276
0.903604
2.66285
3.95494
2.17595
8.0684
2.24974
12.0349
3.13885
13.0893
11.555
5.25365
7.58374
11.4536
12.1158
3.09739
1.81616
2.89486
2.44981
0.45175
1.75444
3.16535
0.561067
0.551386
0.681409
2.28877
3.51522
3.09686
8.82361
1.56897
5.97347
2.98828
2.62455
3.94585
3.67234
2.8292
3.64776
6.72714
2.56251
3.01687
6.19798
0.991787
3.65479
10.9349
1.73004
2.36122
1.21922
13.8075
1.34594
5.62977
1.2025
7.06076
2.45187
1.65223
8.68924
2.40268
1.05606
3.02051
6.4899
2.40049
2.78511
0.724198
2.50868
3.72932
3.49791
0.577483
4.66519
2.29899
7.37329
8.14086
2.83848
2.03502
2.86017
8.76362
3.39596
3.0323
6.94319
3.14859
0.556869
0.525155
0.692751
1.41785
3.54424
2.90496
1.16999
7.3594
0.984516
9.02299
5.07303
4.92322
4.05891
2.25991
4.2957
7.79983
6.19294
1.24466
1.64276
4.64455
3.12142
2.23233
1.03824
2.37005
2.9565
8.04601
1.63702
4.28756
4.46718
2.05669
2.95584
3.93513
1.63341
2.62661
1.29538
1.46374
1.93095
6.20449
1.36286
3.8706
2.86683
3.87894
8.19054
1.06696
2.69391
7.09684
3.57052
7.51436
2.79724
1.50075
3.82298
3.70018
3.11352
2.95286
3.12079
11.9208
8.20183
5.35422
7.45647
9.08639
6.22008
2.5291
2.71379
5.62055
3.96483
6.87124
2.45701
7.11408
4.66983
1.72715
3.8726
4.11635
3.02952
5.08113
6.04479
4.06342
1.02078
0.265824
4.05331
5.2596
1.93198
8.88934
2.90157
10.5785
5.68848
5.34075
3.97751
2.74794
4.01753
1.467
3.43242
1.76201
11.2674
0.529183
1.27119
6.27487
3.17779
8.97702
1.83415
1.19677
1.10964
2.52446
2.49118
0.152097
2.24886
4.9963
1.70256
0.465369
12.3567
3.3319
0.85541
7.3692
2.65427
2.93766
8.10027
2.32555
3.94034
8.25001
3.94157
0.42907
8.29755
0.503257
3.34047
5.08784
3.975
3.37083
1.75799
3.88471
2.51488
3.89332
0.56203
4.58706
3.51908
1.81952
4.22475
2.92133
3.11728
14.9772
1.02348
0.970348
0.984323
5.706
7.13977
5.41861
2.80619
4.73439
2.02341
10.8612
2.12655
4.77311
4.62931
11.3001
1.01364
4.45321
4.19777
6.5635
3.05458
9.42554
1.09671
1.11884
4.45216
3.63961
0.756949
0.716152
3.23556
1.70118
0.632664
2.31346
3.32875
1.89304
5.73189
2.89583
5.73772
1.4481
0.723302
2.2321
1.3761
1.58864
8.45571
1.18113
9.27229
0.732343
2.21291
2.93432
3.76579
6.34807
5.97187
2.47524
0.404571
1.61361
4.64118
1.55975
7.13805
3.64992
2.67011
1.32177
4.10249
4.24212
1.0776
6.87467
5.71143
2.08094
2.19832
6.28784
0.635506
0.265627
4.67898
1.72733
6.0491
2.73964
2.35999
1.90331
2.64244
10.2737
2.54101
2.20671
14.4002
1.53678
2.67845
0.437033
0.943382
2.64494
2.73689
4.0752
0.978443
6.06011
7.64754
4.46379
1.03259
3.9453
3.82048
2.26611
3.53582
1.31107
2.81554
1.06008
1.30818
9.3876
3.89852
4.18359
2.14867
1.42114
4.33131
10.2446
4.21874
3.0794
1.55992
3.56947
2.64931
4.12923
4.57617
2.41422
6.04209
3.79626
3.06126
1.14075
0.396811
7.46146
0.989326
12.5561
0.795796
1.78149
5.59834
1.29507
0.650708
1.66016
0.250282
4.98273
8.25539
1.66028
2.5477
5.68347
7.03767
1.62795
7.50121
7.04588
2.31526
6.16301
2.0732
0.413419
1.71124
2.83379
11.4209
5.4643
3.47654
0.460909
1.2322
9.90492
7.64469
2.89203
0.590953
4.62014
1.19136
0.795195
2.33187
4.05065
1.01146
2.48645
2.4568
0.47268
2.50009
4.52667
4.62797
1.58274
2.41907
7.17237
3.60731
2.37459
1.43017
2.68219
3.65148
1.90234
3.12706
2.97506
6.41981
1.31739
4.91801
3.38805
3.33734
0.604784
2.55119
3.43685
4.97263
0.574263
1.08533
2.81531
5.23777
9.16805
8.13602
4.03348
4.55207
10.0983
3.34372
3.24694
4.42217
2.28165
0.676632
7.83942
2.05293
4.25826
5.43079
1.45587
10.2053
3.1423
0.613664
2.73897
3.76766
4.58298
0.254896
2.52423
4.19361
6.35971
2.07283
11.3448
1.95488
1.31126
2.68962
1.48325
1.92203
5.32625
5.16766
1.003
0.671987
6.83546
5.46659
2.73978
2.12861
3.28098
6.85655
4.16714
2.71735
5.96035
3.3378
1.31898
0.957037
7.15757
0.986508
3.84493
0.204344
3.438
1.84904
3.40339
0.640595
2.56518
2.28959
2.66752
6.54524
3.78136
0.613495
1.10199
5.40716
4.29861
1.2754
4.22427
12.0619
5.542
3.50925
0.776131
4.22359
3.24613
9.33262
6.34885
6.23237
2.24082
3.18482
13.8934
5.3793
1.53762
3.87312
4.33631
2.26002
1.93475
4.53565
1.69618
3.57404
1.4914
2.50905
0.505914
0.616426
2.23922
1.55712
3.37537
3.42043
5.36194
5.00816
0.313484
1.58133
3.19525
5.82848
5.72413
1.90192
5.70108
1.86758
0.735417
1.10804
1.91362
5.85749
1.72055
3.26753
2.10251
2.36442
2.55415
2.06145
0.19384
3.25054
0.620781
2.42729
9.90019
7.43532
2.68575
2.89937
2.01673
1.29476
6.67189
4.88962
3.7039
12.1714
6.52982
5.01267
9.512
8.93846
7.70602
4.38392
0.775958
5.72471
7.27201
2.55107
5.82207
0.92131
0.523808
0.804044
3.2355
5.06571
0.386669
5.64885
4.65353
0.491336
1.77368
6.69088
1.61087
5.77998
10.4895
4.0602
0.733197
5.74522
1.07098
3.24453
5.6579
1.76005
13.4224
0.418721
6.53446
3.21195
4.35928
2.70333
2.83234
1.49542
0.903684
11.8716
7.49726
0.847833
2.62067
2.25969
1.84901
0.764833
8.27294
2.63647
7.30293
9.99012
2.89371
3.37924
1.6137
2.97549
3.36945
2.47921
1.04107
2.94881
3.58242
1.08845
4.61117
3.95566
0.429439
2.95291
0.870387
9.14083
1.33149
3.0049
6.42589
3.62206
2.50061
2.94831
3.509
4.45484
6.47373
8.30071
1.95609
3.21442
0.348359
2.3865
8.36527
3.92992
3.10257
0.924149
2.83915
6.98725
3.58468
0.433126
1.09806
2.49299
1.20328
7.89125
1.94709
4.76809
1.3453
0.757374
5.73288
10.7022
6.01218
0.630662
3.60089
2.19021
0.780275
3.50286
2.60622
1.26097
2.85598
2.70546
8.32742
2.12223
1.81908
1.4663
4.8924
2.07357
1.91132
1.05112
0.665257
0.897113
2.29048
4.00925
0.617875
2.09883
5.07173
2.49969
2.46427
4.98396
2.82948
4.43176
1.15057
0.791714
2.58549
4.6918
3.54625
1.6052
1.22828
2.62523
1.47462
4.49948
3.79324
2.70157
3.54095
0.639289
2.12992
2.36002
0.431112
2.99801
8.20009
2.40498
4.19382
4.30454
11.8922
0.101217
2.4149
1.84841
10.6646
0.747994
1.10317
1.34619
1.93315
4.10476
2.90214
2.33862
3.61558
1.45357
2.50467
1.9798
3.94903
1.59129
2.67187
11.005
6.47805
1.53369
2.34779
2.8509
8.10186
2.07035
2.03295
2.23987
2.33402
2.47927
10.0632
0.357458
3.27926
2.96773
2.21201
3.03399
5.90254
1.16851
1.26883
9.4339
5.63436
0.255417
1.14879
4.35137
5.91073
10.0516
3.00011
0.542006
3.51831
5.3578
4.49188
0.21697
2.51123
8.46181
2.98747
8.00291
7.71413
1.8658
3.89312
12.0216
0.918932
3.45477
14.127
3.12452
1.42776
4.23337
0.581871
1.07611
3.57248
8.43324
3.45008
5.38805
0.284416
4.75968
0.758596
2.88335
2.93171
4.48507
4.96205
6.4418
2.34614
5.02541
1.74068
1.49288
2.18835
8.40502
3.20398
0.849098
1.33104
2.01483
3.78337
0.335444
1.4615
6.40078
9.51242
3.16747
6.65253
0.350075
4.37549
2.30848
3.81321
13.1185
3.35958
1.04668
1.51754
0.78462
4.25241
0.257451
2.62779
4.06561
9.6796
3.8682
4.09866
3.50838
8.16485
0.967983
0.943712
3.47086
3.08392
4.98522
2.87937
4.86364
6.42975
1.62052
4.4413
1.46676
1.30475
1.00133
3.53742
1.72522
5.8948
2.32506
2.63814
1.00359
5.16451
7.1673
1.97694
0.904659
1.1381
1.87152
3.77821
2.16115
11.8997
1.61228
0.502972
1.21637
14.9049
6.9963
3.17277
5.22198
4.46124
0.59911
4.71689
2.2461
1.08717
2.01794
2.79408
0.426039
3.75672
6.59514
3.15686
2.68798
1.78837
0.62988
3.32928
4.20259
2.04455
2.35607
4.11492
1.81706
2.74509
5.28338
2.68524
3.20761
1.99357
1.28811
1.55769
1.38528
3.47915
1.79286
6.72827
6.71466
0.355642
0.638008
4.47889
2.72522
5.04821
3.47472
3.41688
3.51767
2.49178
7.4776
3.0892
0.802028
2.74383
3.98035
4.17904
2.33416
0.222491
5.10296
2.1323
5.04258
8.3795
6.43449
2.68191
2.90061
6.82191
5.41283
7.66842
13.6809
2.21463
3.06346
0.935072
2.86584
5.69666
2.91784
4.53194
2.9353
2.24264
1.2966
13.9238
3.95965
1.47186
2.86727
0.553064
2.09704
2.34014
2.71778
1.25691
7.12529
7.14347
5.60784
4.98903
6.34322
4.21897
5.90704
5.29159
7.56572
6.02351
1.56763
2.2901
8.67306
2.71965
1.25397
1.99801
2.63162
2.96548
1.96707
1.38514
3.91698
6.5725
0.881974
5.59129
1.99403
1.06915
2.25024
6.02276
3.63818
0.321537
10.1994
2.88471
1.43455
1.79111
3.4146
2.38842
3.79897
3.36236
0.997313
3.76754
13.1538
0.667707
1.86671
4.66092
3.94333
3.2613
6.82802
2.23752
2.57487
8.70978
3.54687
0.979897
1.38604
2.93986
7.39244
1.08508
1.35497
1.74969
2.08663
8.03489
3.98659
5.7116
3.8288
5.59365
5.8436
6.04975
0.476698
14.7978
5.62242
3.24789
3.98252
4.10856
14.4076
2.79382
13.148
1.01529
1.18098
2.83469
5.70521
2.13971
2.7592
4.26217
1.13852
10.6019
2.54709
0.929972
2.1964
4.93818
5.74694
8.33782
1.62735
2.68832
3.16323
3.98315
7.52441
5.3924
7.34756
6.76349
1.39501
1.3769
6.50035
0.648224
4.19973
3.64682
1.82129
6.84397
2.59784
4.87002
4.30426
2.65324
2.4453
3.3643
6.73607
14.2344
0.600276
8.18496
0.702203
5.49541
3.90683
0.826212
1.81592
9.66961
3.10007
3.66842
2.89677
4.16153
5.45757
2.7247
0.699458
11.5635
2.43687
1.69495
4.09654
2.70233
9.11329
6.12304
6.54914
1.32041
4.66504
3.79994
2.14259
3.95191
6.94352
2.17931
0.879359
11.693
2.13335
0.836324
0.981609
3.53398
1.78024
13.999
7.10206
4.93523
2.3239
1.568
2.28084
2.82732
0.402699
0.941348
8.36973
6.37373
3.29739
2.34485
4.10571
1.52443
4.03824
11.9204
2.31211
3.85258
9.4733
5.7484
0.705891
5.56068
3.95834
4.58854
0.642767
4.68709
9.27109
2.53047
1.44733
2.43775
2.37497
3.70023
6.37505
5.11934
2.85126
2.21902
4.99087
9.08148
3.15724
2.32731
3.44078
1.36534
4.96754
1.4125
0.572426
10.2637
2.24949
3.21233
0.814014
1.72526
1.79714
1.63878
3.06949
1.08462
1.22453
3.99019
5.84363
2.3991
2.0689
0.576785
6.43011
5.80811
12.0505
9.16916
2.88384
3.08059
1.82127
4.95875
6.00343
2.83763
2.30907
10.2235
3.64931
2.71353
2.86109
2.39416
3.44512
3.26488
1.26735
2.80332
5.23594
5.35883
1.92975
0.970125
4.13118
1.33288
5.73656
3.02611
2.85365
3.55555
6.9018
2.44545
2.09722
2.57007
2.06006
4.16724
4.44625
1.48144
3.07027
0.944928
3.69955
0.953965
3.20911
3.4217
1.8431
7.02931
0.136829
1.45108
3.75076
2.93209
4.52629
1.14107
6.70463
2.86385
2.47129
4.83022
7.94874
3.10453
4.76447
5.88828
2.2396
3.05815
1.75774
6.5892
0.62169
3.07035
1.31749
2.28514
3.70134
2.16229
1.50188
5.23703
2.33781
8.61104
5.63943
7.7703
1.35359
2.04225
3.35043
0.245749
2.42861
3.6288
0.593645
5.59832
5.81805
12.5293
2.37791
7.54607
0.263641
1.22257
4.25778
8.1995
0.41356
14.5608
2.8357
3.5634
4.72723
5.06796
6.19933
4.43029
3.19384
1.06327
6.27664
3.74815
1.78072
2.42757
2.84095
11.3647
2.28722
2.9692
4.10201
3.35525
2.8185
1.61832
3.30453
4.96954
7.22577
2.79359
1.60214
7.32127
6.4646
2.8294
1.4565
1.31378
4.20657
3.39209
1.58452
1.22922
4.27834
8.51174
1.57727
0.603436
1.28419
3.54597
7.08933
3.78381
2.6172
0.83763
0.642305
4.6214
4.67784
2.98167
3.09398
4.46336
1.07748
3.54893
2.4898
2.60407
1.37449
7.23227
2.1265
2.85326
0.899132
12.1831
10.6058
0.78308
6.55036
4.68301
5.37243
0.913927
3.69891
3.47079
3.6568
2.82283
3.56359
1.4759
4.21371
10.0411
5.65387
3.77384
1.91663
4.2856
1.05567
2.91873
2.96496
1.81818
2.57393
1.61808
3.86449
3.2284
4.87222
4.2132
4.27866
1.89183
3.86319
2.6434
1.98607
2.83756
4.01894
3.89161
1.13835
2.35661
2.46352
0.729455
7.41892
0.368802
13.4479
10.6699
7.156
1.44983
2.27711
0.423699
7.94538
0.887773
5.39482
6.35686
13.3451
8.2158
1.96982
0.451945
0.958313
5.78141
2.39652
2.47437
2.88843
3.81843
2.38197
6.17791
0.905868
3.923
0.828706
7.03022
0.801619
2.98792
4.00494
2.25425
12.4359
0.632573
1.29957
4.31304
0.655112
3.4666
2.46142
7.01642
1.76665
4.10593
2.06313
10.4324
5.06855
4.16417
2.93129
7.56134
1.58663
2.76552
1.79826
0.450434
13.2506
2.38646
0.970098
2.81629
7.41541
2.90093
5.57168
5.3427
4.40808
0.676325
13.77
1.24196
0.874747
7.41183
5.59418
1.68679
4.91882
3.52497
7.8997
5.16496
1.11845
2.39089
2.65405
2.30545
1.80387
1.9859
5.26922
0.529237
4.10794
5.6011
12.0582
2.41094
6.18694
9.05185
2.3977
1.62308
2.66811
2.89902
2.70154
7.08146
2.74295
0.207156
2.22325
6.37333
2.34157
2.3873
2.99492
3.12564
9.80322
2.65246
4.74158
1.87052
10.1569
3.13106
4.9206
0.929593
4.84415
2.95248
11.7831
3.40581
4.86693
1.49389
3.65249
3.85774
2.58832
3.77794
3.48104
2.83294
3.58981
2.5222
3.77241
2.60957
3.4632
2.41108
8.60191
1.27343
1.94083
1.71434
4.70712
1.30732
4.59054
8.2238
0.493689
2.35646
0.307985
0.583496
0.857271
4.50675
2.42677
3.1243
0.186371
2.62966
6.37833
0.866936
2.01428
3.44703
5.90447
2.53067
1.61394
1.57841
5.65049
2.46888
2.27374
6.66527
4.43375
2.63092
1.77232
4.76679
2.7409
2.03936
1.13115
3.95685
6.04206
5.48641
3.10723
2.92719
3.0878
4.30249
4.08217
6.37065
4.33791
3.87471
3.72358
5.41724
2.69253
3.78915
5.93115
3.53392
2.03337
3.54174
14.6614
1.65824
8.54255
1.63953
2.69356
5.1323
2.7396
2.39255
10.3271
0.679186
2.59616
0.483141
6.66336
14.0902
4.22045
3.799
2.68852
1.86446
4.44032
3.57398
1.53632
0.270788
0.24863
3.4231
1.07356
11.808
9.99573
2.95753
2.21003
2.24901
5.98367
2.65449
9.03701
4.95052
1.44554
4.05267
3.33872
11.5366
3.18588
10.2588
3.86026
2.49568
1.72158
1.99145
3.20572
4.4254
3.32053
3.39604
14.238
0.812064
4.95464
2.23483
0.704903
3.40494
0.481786
2.48947
5.38487
4.43343
4.30897
1.70956
1.35983
4.65197
3.54296
5.40568
0.257384
3.76703
6.16875
0.645568
4.5705
0.218398
0.626185
4.20237
1.2853
4.6805
0.670516
5.28698
2.48225
1.72883
4.56646
4.4741
10.5378
3.23434
3.63996
5.20329
1.08801
12.4685
0.797113
0.879082
8.73931
3.22664
1.39991
3.14839
1.77786
2.75324
2.74126
5.70496
1.79531
3.2803
3.30902
5.76395
4.15362
11.5942
3.96627
4.05583
0.908114
6.73346
1.44845
3.47295
4.48068
6.28307
2.52424
3.43229
2.07219
3.64329
3.87521
0.55112
1.36792
1.56937
4.23016
3.76946
4.72211
1.83148
6.93864
0.44065
2.36001
2.05738
3.31201
0.737492
2.83106
4.58584
13.9077
1.7987
3.07837
6.88457
1.30438
4.45847
4.07702
3.1124
2.5777
1.82301
4.05632
7.52593
2.49283
12.7848
0.588589
1.26392
4.94065
4.08066
1.69174
1.34516
2.73727
13.6524
2.10658
1.21033
7.64109
1.62553
6.37095
0.454985
11.613
3.14679
4.35353
1.52499
2.45716
4.24688
5.45057
1.04028
4.55795
5.80724
1.35371
2.636
2.44983
3.57895
3.71046
1.07193
1.77734
10.1265
4.65268
0.799601
14.3251
1.59771
0.432422
0.637713
0.604398
4.4273
5.2416
1.32149
1.37135
1.33057
6.69261
2.54625
0.372092
7.6102
4.88023
4.95709
3.76259
0.695803
6.67177
4.65018
14.045
11.8506
2.66352
5.50305
2.16227
5.40702
7.33741
6.69803
2.74451
6.97675
14.5773
4.61876
9.82416
4.13357
3.59149
7.35533
3.53686
1.52881
0.919281
6.47138
4.39763
5.327
7.18738
6.94178
4.77913
2.95834
1.1055
1.14053
1.08019
7.85201
4.25881
2.84981
3.60538
1.58
5.26031
8.02849
0.705361
3.46304
5.82579
2.29354
4.28348
6.13404
0.385547
9.02313
6.54846
3.37701
3.82196
1.57171
8.86749
2.37157
1.37836
0.321578
6.76842
2.65234
3.58941
7.54484
4.45914
3.70152
3.71206
2.64427
4.63094
0.225153
3.6559
2.30826
0.308105
10.2851
2.55961
2.74989
6.19048
4.22892
1.78565
3.86804
12.9291
4.90602
5.74606
0.341287
12.9426
1.74948
2.26129
10.9129
5.13181
0.502126
0.484759
14.0535
3.38208
1.76376
1.17111
3.03247
3.84519
4.81803
2.38636
0.428022
3.94306
2.40103
1.66149
2.98577
7.81617
6.67836
1.0803
1.25036
1.46338
3.01724
2.1148
3.80541
3.28845
2.436
5.22244
6.37295
14.5057
3.17306
0.991313
0.767346
2.16223
3.03935
8.06333
3.37829
0.726486
2.26506
3.3155
5.13934
2.6591
1.21364
1.51937
1.75527
0.995415
6.52036
3.93566
3.93968
1.14282
1.45144
5.1313
2.22534
1.1475
4.37691
1.23126
0.997717
1.40755
6.11234
0.664717
0.61924
0.972423
2.33488
1.16507
2.30055
2.72245
1.02756
6.78821
1.77936
6.25397
4.45207
2.51
1.7914
1.18021
1.02102
1.18859
5.42015
0.361696
3.33064
4.95969
2.12307
4.50448
6.78189
6.38584
11.0847
3.39071
0.484571
3.68079
0.382947
2.52794
1.33128
7.54319
4.0211
6.44628
2.90304
12.9413
2.25121
5.56078
3.72414
2.63989
5.97747
3.90631
3.26725
1.33124
5.44263
7.69366
8.22943
4.13684
13.975
5.30493
8.55735
9.03226
0.123893
2.90263
2.97798
2.40796
4.44552
3.71523
0.74158
4.86909
2.86678
2.49515
2.21182
3.04855
3.7105
4.2526
2.57234
2.83725
0.792332
5.41602
2.41744
3.98161
3.9911
1.52503
6.63888
6.58239
5.37546
7.19166
4.44879
1.03412
9.78925
11.9311
3.05121
6.90385
4.06331
0.613006
1.07001
4.22628
2.91231
6.1813
1.53442
4.89992
3.0263
5.29194
1.63047
2.55555
5.59907
1.18413
1.9437
7.48693
1.50522
3.33604
2.54636
5.8477
10.3056
5.10953
0.611856
7.75413
9.458
2.70228
3.66632
0.924484
5.96176
2.29864
3.51707
1.42179
1.85978
7.60615
2.46756
0.799114
4.20206
3.94932
2.33819
4.4582
5.21009
2.24144
1.64757
2.91136
3.46935
1.4202
4.01727
11.9098
1.33805
3.64793
1.71178
2.60061
4.1752
1.28695
0.487387
2.99407
6.6149
3.3721
2.68191
6.77655
2.6548
2.65711
3.2886
4.99662
8.84129
0.531725
2.24124
4.99908
5.04838
1.09735
1.04888
3.93667
4.03543
2.83953
3.87412
2.85735
5.03786
0.616996
9.6793
0.701657
3.50676
2.50497
5.81405
9.92013
1.34004
1.5088
3.99872
1.28928
3.294
5.86973
5.16003
8.57619
4.14525
3.34557
3.60763
3.72164
0.358537
5.00451
1.72683
5.94791
0.717619
5.25302
3.49781
1.23308
2.02057
2.27466
0.820325
6.94268
7.91431
7.03086
5.62005
2.56079
1.59234
2.95503
1.80794
3.92286
3.10996
7.12484
3.18413
1.46506
2.48294
0.898599
9.05123
13.1929
1.29927
3.65379
4.12665
2.99777
5.95338
7.01493
1.75474
9.71788
4.13198
11.7525
3.32671
1.80109
0.518857
4.51121
5.76756
3.07567
0.280329
4.37504
4.55076
3.32593
6.03006
1.40426
2.49418
4.38008
1.94133
11.9808
13.0776
3.32342
1.46744
1.08967
5.90337
0.950972
0.850368
2.22815
3.22507
3.6024
4.35833
3.26326
11.5962
3.13519
2.4292
4.04532
8.78272
3.60011
4.11272
0.388314
2.72584
3.30348
2.16988
3.17195
4.89487
2.43279
11.986
4.85862
3.81159
5.2185
1.57076
0.227202
1.89409
7.05718
1.28347
3.15411
3.45641
5.50998
1.27675
4.92127
4.60463
2.71017
13.6383
13.2696
5.12741
0.282096
2.50559
2.48441
1.79385
2.92438
2.88481
13.0995
10.0419
8.01489
6.49863
2.69447
2.4088
2.95821
2.89453
5.80204
2.34673
6.22274
1.43058
1.57457
2.80023
3.81906
0.550282
4.38941
3.71092
3.08693
10.0562
3.64136
2.50758
1.42732
5.64181
2.0509
7.81457
6.75819
11.569
2.97246
2.48294
0.85429
2.66717
1.55972
5.02288
2.69978
1.15095
3.32039
3.08399
5.66364
0.923455
2.89257
5.81492
0.72065
0.492796
2.69546
4.86495
4.53284
2.74246
11.581
1.4159
3.74135
5.06398
10.8382
2.97696
0.590501
5.5797
7.85251
1.50285
2.10567
1.6328
0.475859
6.2679
7.86408
1.96056
1.85858
4.09592
0.824975
3.32408
5.07614
7.02246
3.6855
1.05681
4.51745
0.885072
4.56193
3.51314
3.50636
2.24907
11.1927
3.5249
3.32923
0.447519
1.17756
2.47188
2.87709
1.68709
3.54372
2.78303
2.05113
3.93575
4.6836
4.62119
5.21931
12.1671
0.816693
4.56351
3.95351
4.33917
3.86642
4.77053
1.88638
5.43143
7.85911
5.00357
7.37245
1.02325
5.79925
1.16445
3.13745
5.20743
11.8672
2.95796
0.753351
2.39576
8.39107
1.36295
1.556
1.29474
3.8372
0.49834
5.79565
1.59545
12.4286
1.37343
0.574241
4.23382
0.698606
4.42665
6.34416
3.99108
1.7896
0.519649
0.469552
9.07102
3.53105
0.910525
2.91113
2.45326
5.75973
15.6243
1.07805
1.28737
4.44893
4.2963
3.5038
1.82882
2.64724
0.464709
6.15879
3.40191
5.63371
2.97179
1.5141
1.86383
1.07095
4.84056
5.20593
5.87514
0.966267
1.67485
1.22509
3.44484
5.05991
1.2215
1.02176
1.62053
2.43991
1.982
4.83479
2.57188
2.00424
6.2815
12.0896
3.00757
3.62
1.18803
2.56514
2.54553
2.35786
7.94636
1.09858
10.5483
0.925701
6.78284
4.11616
1.14776
1.18264
2.90047
4.21241
4.46892
3.18553
4.8465
1.09477
2.19776
0.705758
2.82602
4.78263
1.86514
5.74817
5.09946
1.86652
2.47685
2.63907
1.1171
0.975066
2.32318
7.28944
3.27437
2.95084
0.62051
0.55888
4.9088
0.984064
0.82124
6.25504
10.2468
2.18963
5.85865
4.70186
1.73191
3.17001
10.4192
2.77331
4.70359
1.27204
1.15876
3.86315
4.2345
1.52892
5.62872
4.35914
3.12575
1.6849
6.3846
0.34797
4.15102
2.98982
7.60955
0.792441
2.51989
6.83177
2.63461
2.38926
4.41488
4.32321
0.946698
1.68142
2.39027
2.83014
7.17927
2.47593
3.30542
9.496
1.18478
6.62759
0.51847
1.59946
8.84228
2.18578
2.6735
2.15719
5.21782
5.50096
1.43265
5.68204
9.03671
7.42837
3.18678
5.20111
2.03682
0.518004
1.68216
4.78761
2.97812
2.16106
3.78819
5.41725
12.6858
2.9475
5.01519
2.30559
4.58963
4.11557
4.46633
1.04982
3.62517
2.38882
0.598616
3.3113
5.81888
6.44277
1.42292
1.21
2.04212
2.88708
2.93301
1.24813
2.15908
2.72363
2.98223
6.10323
3.81185
4.5447
2.89024
3.36712
5.82616
0.199627
0.889948
0.689078
2.60786
1.90107
6.22219
1.35184
7.39086
1.51312
3.67084
1.09367
1.93468
2.94313
6.9389
0.75624
2.28323
3.55976
3.61424
2.85545
0.533202
9.69766
7.7446
5.50164
0.408307
4.0197
5.56612
3.52555
1.03204
3.01801
2.89239
4.43365
3.52504
4.93422
1.79125
0.591295
2.10298
2.28746
9.47193
2.32553
1.64041
2.23099
2.46572
2.79208
1.88909
1.54236
6.73582
1.27564
6.78579
3.41793
4.11478
11.5841
2.46217
2.88347
1.25939
0.937854
3.08497
0.73716
13.0305
2.67776
6.72313
5.5284
0.92658
7.63301
1.91628
4.77049
1.45319
1.6027
7.90407
5.26095
1.97763
4.43024
5.99211
5.99176
2.53689
1.33827
7.72338
0.689808
4.28829
3.82728
1.33966
2.6465
8.48509
0.716303
1.50718
3.11674
2.82471
1.00402
7.14114
7.04213
2.26007
1.38239
2.7345
1.31459
1.76357
1.60473
1.93944
11.9111
2.98455
1.97367
1.60591
4.69629
3.41147
5.82145
2.59359
2.72772
6.72989
3.92508
3.86821
7.73439
12.7216
1.40011
2.91479
6.87333
2.52982
7.13821
3.25368
0.861835
3.56577
0.904146
7.94819
1.82059
4.71755
4.30154
1.41206
4.17445
2.63353
1.11095
2.82395
3.21985
2.21595
0.985733
3.50624
1.28639
1.90349
2.079
1.36217
8.37677
2.19838
0.980663
2.34607
0.49069
0.467379
2.51691
3.6412
0.963099
5.27223
1.06932
3.4107
2.39269
6.81995
3.13297
6.96078
4.70144
4.02509
1.97915
1.79342
4.72155
1.80391
3.82047
3.74045
5.57077
2.3221
4.73457
2.5207
3.15377
1.61093
8.61296
1.05215
0.469441
4.92009
3.40104
6.43779
6.82654
0.878217
2.73513
0.451192
1.34858
4.96149
3.76511
4.40512
1.42199
4.74797
0.934195
2.1494
0.707433
2.38154
1.23547
1.05271
5.91349
1.93633
0.757686
1.37363
3.18405
1.63068
1.04516
3.44374
4.69075
0.229305
3.9832
3.4028
6.61776
6.53703
4.09815
3.89448
5.51802
4.68833
11.0989
0.721509
7.04667
13.2501
2.4389
2.02164
4.23889
3.66412
1.97538
5.16342
4.5609
0.317693
5.00436
4.45991
1.07709
2.39563
3.64532
2.79275
7.41388
6.37779
3.74741
1.0667
0.330687
3.67335
0.8053
5.08573
3.36578
4.52786
5.70063
3.01163
12.0395
3.44318
0.583226
3.80672
0.525192
10.6816
3.0825
1.44774
1.7681
4.34619
4.23204
1.17353
2.0406
7.51918
0.69978
1.07477
0.453475
4.64573
2.72399
2.52892
0.322642
1.85354
3.05096
4.47948
4.34643
2.28689
0.805731
2.52589
2.84782
3.5673
0.878455
2.9816
1.30448
3.59597
8.56485
0.944065
2.29687
4.34304
3.38345
9.36084
4.44858
2.40875
10.7268
1.73797
1.33071
4.13421
2.2856
11.2759
4.40614
6.95515
9.2528
9.53536
7.20705
3.05429
1.81107
1.35583
2.94214
8.84702
3.83183
3.8315
1.55113
2.91279
2.91131
2.572
5.8013
0.358904
14.6158
3.42092
4.28998
2.95454
5.55629
4.75978
1.36957
2.48388
5.22512
0.457417
0.595837
4.7581
5.13167
8.5042
0.586101
0.722319
0.63714
3.58929
0.756019
2.55414
3.85841
1.18941
2.81273
1.31351
4.33043
0.640025
2.37974
4.72289
5.17723
1.22227
12.3004
2.02134
4.85429
9.68262
2.05194
0.340465
4.24524
1.56562
3.31974
1.9718
1.10871
0.321728
2.50592
0.694944
3.70484
3.90359
4.66119
5.33324
1.04965
1.57458
1.06715
12.4225
1.73582
5.3521
9.69358
0.671101
0.992847
3.55951
1.61986
0.374455
5.09487
3.52011
2.41247
1.28579
2.4237
2.13645
2.49783
1.21104
4.67433
6.88735
1.18215
2.47258
5.20346
8.38867
4.52805
1.02586
1.09651
2.58439
0.928431
2.11005
6.78738
3.53389
2.24497
0.310368
0.607738
4.61867
3.26927
3.50177
1.87513
2.45486
8.13352
0.985193
2.23865
7.0143
3.05265
3.50671
3.66817
3.76648
2.82544
1.1098
4.41748
5.33751
1.17569
0.846159
2.93098
0.598772
0.822667
2.00669
0.975849
1.42464
1.85774
10.0278
1.36923
3.21525
6.48344
3.62749
7.29212
1.27703
1.16608
1.82245
1.6646
5.06605
3.26376
7.02003
3.01018
0.378093
4.22701
4.81719
0.834494
0.760409
7.56746
0.715872
4.86182
2.39113
2.31037
4.15247
3.24746
6.56444
3.95525
0.573564
2.53319
4.62413
6.05553
5.85027
2.23076
11.4039
2.19431
3.99121
5.5276
7.55962
0.836105
0.978981
2.97654
9.29741
9.56373
2.07445
5.74695
2.30782
1.40714
2.91441
0.543303
1.37264
5.95986
4.54867
1.71623
11.2817
3.52175
4.06196
0.510349
2.28296
2.05046
11.8725
10.8463
1.70262
8.67202
1.87359
1.191
2.5082
0.205748
12.6269
1.01144
9.54541
0.888984
0.601026
3.31588
5.52869
8.35325
2.57638
0.488904
6.86901
3.86029
5.87335
0.254995
3.70853
0.861009
8.30564
0.432652
3.80856
10.1081
1.65379
0.737159
0.70801
0.556168
1.02114
3.13382
2.73334
3.24545
5.20438
10.4817
2.88984
0.45921
3.17017
3.60441
3.91308
2.96382
3.7688
3.76518
4.99472
3.11423
3.26121
4.71389
0.664867
3.8318
1.31793
0.369581
2.83616
3.45833
4.61645
1.80929
3.34988
0.726994
0.791861
11.5387
1.83039
5.25964
4.18335
0.835139
3.83885
10.7262
2.38412
1.83765
2.13809
3.06344
0.704184
2.31237
0.321155
3.59054
2.31228
0.888232
7.82837
1.60714
2.8436
0.954055
1.1755
0.511956
1.87102
4.38529
7.22317
7.43772
2.59102
2.00415
0.443242
6.93302
2.88666
0.392926
4.02109
2.51792
1.79402
0.371088
4.87395
8.52835
3.10229
5.34779
5.58239
4.47041
1.22865
3.13683
3.58262
2.67081
1.71207
1.5641
0.742591
1.95057
2.2839
2.8753
2.28992
4.65811
14.2538
2.47352
2.90702
4.56239
10.8442
4.22146
0.860399
3.13217
6.33515
6.44784
0.353877
10.5911
1.80351
0.651947
2.36046
3.43186
0.795499
1.31739
7.86797
3.44726
7.98007
5.91572
1.54149
7.69196
6.28703
2.95976
0.856074
2.39507
3.24499
2.07068
0.881267
2.90489
8.59705
4.0013
6.71998
3.38213
7.05301
3.93191
4.75689
3.13269
2.84039
2.86285
1.00737
2.26686
1.54876
1.40747
3.24114
0.920993
1.23877
9.03696
2.478
5.92741
1.2046
1.24161
1.4471
4.07042
6.51885
1.27743
0.964066
4.24274
2.02667
4.18711
0.695704
1.23322
11.3443
10.7698
3.02997
1.80606
4.48296
0.85481
8.39017
6.06138
2.76747
4.70569
0.651171
2.69256
5.65077
2.60393
0.608076
9.11926
2.46799
1.24573
1.18323
1.24506
4.01856
0.868648
2.40883
0.828853
0.729285
1.36129
4.39476
3.14429
0.930622
3.70344
3.51158
11.1649
0.558799
0.592328
2.01163
11.0272
1.87239
0.531912
2.8007
2.8706
3.76773
1.52592
0.938507
1.07407
2.22794
1.44836
2.48156
1.76656
0.936663
3.38897
1.02768
5.35192
3.41535
1.83283
2.05821
2.97549
0.85764
3.26217
6.12798
3.00915
8.26721
12.0103
6.675
2.87985
3.92339
5.16354
4.30846
2.57542
2.44366
0.325063
6.35785
3.22294
13.7154
8.47751
1.47469
6.69232
2.90596
2.4908
4.58545
9.17808
4.36915
3.79733
1.62962
9.84494
3.43948
2.051
4.33252
1.51487
5.49402
0.853497
3.22387
13.6465
10.6128
2.25129
1.52295
4.61653
1.24472
3.34144
8.984
3.16018
8.48072
3.09484
2.54389
2.5447
10.4246
3.93904
3.71781
3.30316
5.99553
1.57405
1.03825
1.34205
2.01549
4.15283
5.63711
0.482919
2.72015
8.2214
1.79721
4.15371
1.08155
2.5615
6.38194
4.10078
0.688971
4.08079
5.44236
5.48018
7.44826
4.54889
0.609127
1.44414
3.33717
6.42397
2.38757
1.75554
2.573
7.10366
2.43742
5.35913
6.90388
2.8429
12.2058
2.28027
12.3199
0.437767
1.08109
2.67382
2.09664
2.62093
0.848444
1.74734
4.28091
1.42853
0.945363
8.2074
2.60513
3.27789
5.88469
1.37026
5.60883
1.77887
1.26603
0.822966
5.50557
0.449705
0.361198
4.42436
0.938102
1.68148
1.0014
2.93614
2.98525
4.86021
0.896844
1.20872
9.9073
3.52948
4.18719
1.47374
3.41635
2.45465
10.2786
0.564098
1.85713
3.56398
1.8751
14.5764
2.16228
4.67789
4.5602
2.72236
6.32538
11.5365
3.88626
1.67744
3.47897
3.43692
4.18353
6.65437
8.54948
3.48472
2.63098
8.46008
3.14256
9.29515
9.47472
8.7415
3.08152
3.26126
4.75133
2.58543
2.83175
2.67218
5.88785
1.00028
3.72071
1.12
4.93294
2.16853
3.49921
2.4208
3.9944
10.1248
0.973527
2.47199
2.11718
3.00683
2.82865
2.45283
4.13287
4.46924
0.345808
2.21283
7.35571
8.14396
1.64515
1.53242
2.77995
0.611748
2.67743
0.418681
2.72251
0.911262
0.452408
4.72743
3.81213
1.29437
1.31828
7.11436
1.16489
1.16324
1.20829
1.33035
3.21012
2.03255
5.6899
1.55026
2.09799
0.918207
0.851729
5.07013
4.20658
5.02679
1.2542
3.53977
1.86653
5.05402
0.765597
9.14756
11.5635
7.62584
5.06411
4.86951
3.05091
3.32387
7.22294
2.96396
3.83097
4.50147
3.25871
0.786261
1.92127
2.49578
7.9893
1.77094
3.42749
5.37721
1.68447
1.09985
3.1705
4.06193
9.87204
3.22816
3.18537
6.74128
4.22678
3.12099
0.509156
8.55634
2.8584
1.81134
0.825492
1.4709
1.06617
2.41777
5.24519
5.82787
1.13144
3.59809
2.34048
3.60291
6.82776
11.0989
4.32219
1.30132
1.67382
2.66957
9.07697
5.17043
3.31467
2.4167
3.2284
9.45637
3.25534
2.39016
3.80415
5.19424
2.46299
5.79888
2.324
6.08484
2.81652
2.00399
3.82182
2.40536
8.44239
3.86023
0.389608
2.23646
0.74213
6.31409
5.44751
3.06409
3.34929
2.44171
4.92175
2.38954
3.1502
9.0064
7.68095
4.33966
0.486597
1.64024
4.76066
1.02207
0.695654
0.670924
6.84976
0.676091
1.67791
0.73681
2.27749
3.59368
5.95819
4.31056
2.95264
8.25811
1.41164
2.5499
6.98276
8.37105
5.57823
1.59332
1.43964
2.66768
5.88494
0.941654
0.345445
1.13942
1.96612
2.22061
4.08313
14.5501
4.66026
0.407062
5.85825
1.21073
2.80675
1.69318
2.64855
0.47059
3.21964
5.62444
3.99341
2.20841
3.18054
5.79683
5.20624
1.73822
3.64327
5.19161
1.54347
1.28267
2.1384
0.575467
6.26564
1.63004
4.12232
2.55481
6.23627
0.991999
3.87925
2.28541
11.5953
2.43875
1.74744
5.57404
3.09614
6.08222
0.837838
2.94947
3.68233
9.59561
4.34896
2.318
6.76141
0.794283
3.76501
2.07743
4.90983
8.50502
2.27594
3.81574
3.7704
5.046
3.4787
1.45278
1.1065
5.3705
2.93005
1.05291
6.03711
3.18921
1.52507
5.04792
8.59107
3.70513
2.70164
0.874387
1.68554
3.32659
4.08022
4.7294
1.94276
0.985838
2.49776
7.3409
2.65849
5.93743
3.36151
3.17427
1.23382
0.471068
3.35607
7.63016
2.045
1.22419
0.625138
2.8058
1.86763
0.801814
6.10448
0.322469
5.90251
3.42157
4.04508
1.15993
1.45585
1.09824
5.24371
4.52001
1.04598
2.75761
5.35651
9.44208
3.68725
1.09805
1.47578
6.47867
5.92813
7.95438
3.97591
1.93337
1.44466
1.47356
0.617007
3.04633
5.7337
5.86954
12.8534
3.75464
2.19093
0.812057
3.47672
1.20862
2.76898
10.3987
3.31289
0.748669
2.93411
0.853646
1.50601
3.28902
2.53262
4.35469
4.54254
3.0822
1.65786
2.23474
0.882852
2.93187
3.63912
4.14918
2.11471
0.822845
2.85797
3.49316
11.6546
6.52941
1.81308
0.606475
2.02861
1.95669
1.66504
2.95154
9.55084
2.75947
0.271379
12.6656
3.47612
1.39701
4.03222
6.89053
0.415321
4.18605
8.2903
4.01493
2.66437
2.3294
8.97471
1.56183
11.1469
2.25334
6.16101
0.956369
7.57319
2.54407
2.59853
1.62902
2.46345
1.88383
0.974694
1.34669
3.1469
2.4281
8.43998
0.311964
1.0029
4.61377
5.47686
2.68035
2.52251
3.95647
4.76953
2.98603
4.04414
2.84324
3.56718
1.09431
4.8086
3.24387
6.2528
4.72479
5.24618
3.65526
12.2271
4.61344
1.92533
0.644681
4.6252
3.01926
7.01086
7.8557
9.47763
2.79406
2.12799
2.78263
1.89344
1.43074
2.76047
4.18989
8.67139
1.29307
7.36022
0.277707
10.7579
3.14945
6.40588
2.19673
4.53109
3.33853
0.374833
9.04862
7.39127
8.17703
2.03723
3.85053
4.37655
1.37427
5.96165
2.93483
0.48374
4.5196
0.408838
1.63523
1.77831
2.6601
6.67373
3.81644
6.15397
2.27193
9.36066
1.25408
3.94663
1.85345
3.69673
4.13831
4.18588
2.43535
3.22313
1.13263
5.6166
5.8927
2.59891
8.45898
2.18347
2.41548
1.48889
2.832
3.80177
4.67764
0.89874
10.3286
1.48558
5.66153
2.70198
3.94669
1.69659
2.11148
5.21308
4.43988
1.50909
4.73854
4.16837
4.25181
11.5085
2.46585
3.22396
1.46681
4.04109
2.81774
2.40116
4.70428
5.1771
3.62724
1.1429
3.07548
1.14973
2.7518
0.633169
0.456499
10.6723
0.756695
2.15802
13.9597
0.603168
0.346152
8.91562
5.79377
5.39679
2.03479
3.4737
9.75804
5.19879
1.14297
2.33125
2.84146
6.21394
5.59003
3.32498
6.23018
0.857957
13.0993
2.73674
7.58277
10.1558
4.56327
7.69345
1.41391
2.67542
3.42559
4.53276
0.298104
0.410879
1.30809
13.5365
2.53422
5.25785
5.52176
2.76479
2.34564
4.75747
4.34733
6.47565
4.9153
1.47418
7.29311
2.63839
2.15519
4.92746
9.94072
12.0096
2.30672
3.03679
1.95748
3.66351
0.876909
6.01025
4.56209
2.67906
4.58662
3.55563
3.52292
8.05333
11.4314
1.43612
5.31857
0.475802
3.42922
5.98217
3.3974
2.92991
10.0398
5.96972
1.65826
6.96221
4.66643
3.28956
4.33951
4.44412
5.55096
4.96311
3.03115
5.95772
1.6498
1.75288
4.92094
4.95897
1.34695
4.68043
2.34801
4.8283
1.32368
6.14233
1.75114
0.535849
2.8187
5.11908
5.5363
7.26922
8.47589
8.67949
1.6694
4.21512
2.1858
1.70219
3.37332
2.25051
1.87847
5.11449
10.0354
1.16656
3.70047
2.31862
4.29453
1.61691
4.55561
1.14665
1.84526
1.6936
3.11091
3.37428
7.59045
3.51582
0.960156
6.34819
7.59825
1.07942
2.02433
3.08062
1.19323
7.27101
8.25907
10.9621
1.94858
7.15389
1.62864
3.21707
3.73829
4.05092
3.25981
2.23772
2.00294
4.87236
2.04775
5.32502
1.23988
0.463565
2.12993
6.48172
14.0696
4.31619
1.94273
2.08215
2.13471
4.57879
4.73252
5.62214
1.46651
1.64291
5.54364
3.00665
0.596938
0.685938
4.97694
2.30457
0.806324
2.64779
2.46963
1.10482
2.06104
0.771321
1.07393
2.22926
8.86337
0.351714
12.9835
5.15235
2.34079
8.85428
3.75174
4.38603
0.702975
13.2675
2.09512
2.48472
4.10904
2.4365
3.48316
4.30798
1.36842
4.25679
0.616191
1.29541
2.26387
3.44832
3.72499
2.69599
1.08837
1.69287
2.11255
3.51882
8.50193
1.39822
4.53864
3.33172
2.17417
11.8444
2.73036
1.66827
2.60065
0.596034
5.44448
0.416045
3.68792
3.04249
3.59125
10.3192
2.50018
0.910204
4.96661
0.474775
0.859475
1.09191
3.69299
3.68612
6.87467
1.04926
4.8194
2.54617
10.9875
1.89535
8.29086
10.2298
2.20116
0.773162
8.04511
2.836
0.848924
9.12994
5.75198
3.05316
4.27936
1.96563
2.55468
5.09584
2.0028
3.44148
2.28745
3.60372
2.79535
5.64265
1.11141
5.74681
13.8405
4.04275
0.65568
1.06475
3.9887
0.39905
4.94861
2.43499
5.79975
0.981243
5.44689
2.89894
1.65479
9.03718
2.41071
9.22589
4.0958
2.06926
2.83119
2.73543
2.02575
2.2508
3.0695
4.23463
0.215996
1.25625
7.9791
3.46709
9.31044
2.99156
1.50089
1.24995
1.35838
1.87455
6.92472
1.22391
5.49178
6.32626
2.71064
10.159
9.19545
1.69675
2.84506
10.7535
1.67306
1.82116
4.73913
2.95298
4.61448
0.875167
1.44211
5.56788
3.4184
2.10952
6.71072
3.51965
1.66375
0.513166
1.02797
2.56553
0.548587
0.267667
7.16071
1.24368
3.99184
2.6803
2.25339
1.74586
5.7894
1.55154
1.47822
3.10129
7.07923
2.76722
0.523963
5.14637
1.90967
4.22014
4.44975
5.93514
6.29385
2.10158
1.47506
0.812467
4.95561
5.59718
0.161404
14.9352
6.49286
6.60008
7.09141
4.79726
4.3978
6.53504
5.60603
1.16266
2.06168
5.74468
2.41552
0.996987
3.20359
2.2582
6.72382
2.71381
2.61542
0.636307
3.2984
5.18589
8.08684
3.3104
3.54583
2.69542
1.27169
7.28181
5.82918
14.3086
3.00246
1.32834
3.96344
1.16863
1.59161
6.29686
3.71375
7.81194
2.71622
3.71541
0.872347
1.57334
6.60484
4.18246
3.32548
8.44237
1.44195
1.7661
1.09107
2.51646
3.08385
4.27035
8.33151
8.87078
2.45494
4.30818
2.82376
1.7316
3.95239
4.16533
2.12848
4.7229
0.752168
1.75447
4.90979
11.3333
13.0064
0.522447
2.92924
2.75098
0.550338
6.50724
1.96641
3.39435
4.10055
4.59895
2.10226
0.710693
2.27637
1.08915
14.9775
0.735022
0.390446
5.97716
9.27269
1.14228
12.0065
5.38184
4.5875
0.491709
3.23009
2.90687
4.07123
2.57491
6.555
6.77789
2.08628
2.13733
3.93848
0.604051
0.438033
0.938814
0.668444
8.48353
0.482998
2.06653
2.80258
2.00207
4.93616
4.47685
12.1508
6.44291
1.51336
10.8606
8.46884
1.36582
3.71455
3.0963
2.63425
2.15326
12.3982
4.50996
3.76398
2.99706
3.13181
2.44336
5.07215
0.930029
4.26955
8.63146
3.58296
0.523426
14.8683
4.33578
5.44963
1.10058
2.12291
13.985
8.69309
4.57901
2.86756
6.1707
2.99977
3.29916
1.1935
10.167
2.28489
1.3291
1.93934
1.8671
1.68851
1.48948
3.95048
7.07871
3.33141
5.36978
4.57415
4.04807
6.28172
6.8902
0.634428
4.72883
1.62712
4.18311
7.44477
0.854249
4.26714
3.60331
1.59517
2.47242
0.685034
2.56506
2.55765
11.7094
1.08733
1.70915
2.8785
0.881775
5.28342
12.8649
13.15
11.5984
1.45073
5.85867
3.32323
6.99796
5.58597
2.18144
1.83493
4.52094
1.63545
6.67331
6.65107
4.59616
6.7691
2.9607
2.72138
4.2995
2.4565
1.71767
1.14173
2.44746
3.70065
0.334642
1.65271
5.8854
1.48776
3.91329
3.65166
2.05456
3.03283
11.0605
1.16129
5.25488
0.765179
2.52292
2.98011
0.55131
4.5109
1.31791
2.38588
6.77312
11.0118
3.53218
3.14936
2.48468
3.49344
9.13547
0.673817
3.13074
1.40974
3.89282
1.83309
3.00009
0.228094
4.37486
0.749662
1.35565
2.47061
4.27292
3.19635
2.98441
1.84428
3.87722
3.73481
12.6742
0.376199
3.34978
5.88795
1.82983
2.98511
0.860914
1.42707
3.9482
4.26823
10.3318
1.23606
2.35338
3.07361
3.26065
7.19949
0.854347
1.15405
1.48309
5.4332
0.444463
2.5954
12.1839
2.65708
5.09647
5.01852
2.41689
2.79023
0.800911
4.20521
3.83082
1.13062
10.0558
1.19214
2.43554
3.60977
1.75601
2.30191
3.3958
1.41018
3.54176
1.044
9.45985
2.13119
5.88473
3.7082
4.21908
2.53477
7.45172
2.96186
0.250507
0.976495
2.87152
5.58285
11.203
2.6244
1.92651
2.00339
5.99375
5.58191
3.78989
2.82662
6.94349
2.18616
3.60203
6.65858
2.90147
4.03039
7.65619
3.95843
5.98467
1.51681
0.433515
4.91014
3.37704
2.54339
2.90265
2.5512
4.17899
5.64974
2.04701
0.927507
0.448019
3.96922
2.10471
3.62257
3.13305
0.92548
8.31969
12.7192
1.78379
3.04523
1.1249
3.66159
3.26218
1.17963
1.85833
3.49185
9.4868
4.12966
2.03001
2.88755
0.164025
1.64518
2.27954
4.83555
5.82111
1.46055
5.05927
4.43361
5.11285
6.60306
0.396061
2.92507
4.83725
3.81157
3.78956
10.1633
4.79683
7.56939
1.27815
1.0334
1.79265
4.08311
8.50912
7.067
2.24383
0.268919
3.12189
3.2358
8.57644
4.44671
3.33612
3.61754
0.442205
11.0265
1.65723
2.40342
10.2712
0.54644
0.868433
2.04278
5.45558
3.24479
7.11941
2.80032
6.78228
0.86652
1.33878
3.52687
1.48808
5.32637
0.805953
7.67189
4.22369
5.48842
0.943402
1.75495
3.67543
4.91061
2.47237
1.3238
3.24219
3.74294
2.7422
8.38591
1.30621
1.96782
1.62464
2.53336
3.14273
6.32392
3.82678
0.788372
3.5828
3.13994
1.05198
3.3767
0.263757
5.38583
0.6844
2.16426
6.03427
3.98707
1.76546
2.33068
1.74374
2.37209
9.1617
6.58318
0.332518
3.8484
4.19786
1.50376
0.753091
5.92758
3.09732
3.06909
3.20021
10.204
5.71239
2.35482
1.82674
3.92101
2.7914
2.55809
2.85304
0.759048
6.02604
6.76109
2.98974
7.10716
3.24556
6.96302
12.0354
3.09055
0.17522
4.92827
0.436053
3.4819
4.70134
5.58121
2.81964
1.75659
7.26751
2.83995
5.69244
12.7986
4.796
11.3574
14.6574
0.870901
4.52976
2.66567
1.66871
2.85338
1.36394
3.00795
3.23519
2.75245
7.45044
1.64609
6.23225
2.84553
3.757
1.07017
7.45854
0.172206
3.06469
2.72684
3.97616
3.82402
3.10106
3.84699
9.12596
8.61128
7.29562
5.44638
5.11505
3.15757
3.20837
4.83053
2.69453
3.35227
10.3517
2.1031
1.17209
3.97392
5.73223
11.8677
3.42116
4.2081
0.6357
1.72888
5.4524
3.59929
6.20429
5.72098
4.00088
7.71446
1.95684
1.12629
1.00877
3.63543
2.94589
14.8515
2.58222
6.36511
2.18639
2.59951
1.5104
6.77006
3.78619
5.06436
0.574996
2.79081
0.719522
5.45586
0.790303
1.02861
0.9384
5.48643
11.1788
3.34054
3.5208
2.25686
3.40751
2.26749
4.22567
7.93542
5.94606
6.73875
4.82784
3.98993
9.0871
4.80617
3.06517
1.09311
2.7826
2.77744
4.15225
13.4097
14.2671
3.19928
2.81243
4.24292
1.66655
3.29102
2.53055
2.56147
3.66712
6.10551
2.75914
4.11236
8.94168
10.7363
4.84471
2.94244
3.55192
5.52834
2.65105
0.563704
1.66277
4.78712
1.44161
0.690391
13.4125
1.01415
4.03925
2.34602
1.82776
7.35318
4.5344
0.650049
3.08764
0.618146
5.23806
1.44649
4.79246
3.24292
2.90805
0.518171
2.39146
2.13493
2.56453
1.68549
3.87335
12.6252
3.84933
3.57079
0.436741
2.57336
5.12128
3.33138
1.38538
1.94866
4.5116
0.848347
12.2105
6.64824
8.62834
1.31742
2.49397
7.01312
0.79397
0.361066
4.25503
1.96031
6.30939
1.42167
2.57129
1.10206
5.66514
5.12106
2.27888
4.25703
3.28859
1.82
9.48696
0.689329
0.688083
4.85209
2.16599
6.73595
7.0009
6.1274
2.82149
0.593412
7.08451
12.6286
4.53429
3.02135
2.38569
2.51175
1.06131
3.29551
0.449953
1.20654
2.29429
2.0793
8.33338
7.19634
5.1563
1.65049
0.967745
8.6692
5.42301
2.532
2.45399
3.43288
1.26567
5.09603
1.4522
0.761059
9.93209
4.25387
0.824897
3.17519
2.70289
5.31771
0.41756
6.49478
0.961444
6.50935
2.97178
8.51792
6.30524
6.62633
1.70025
0.919318
1.58792
2.41559
9.40801
1.95941
2.3946
10.1495
9.69245
15.4883
8.79226
0.816224
3.21864
2.50578
9.04771
8.5892
1.77702
3.17936
0.44568
1.929
7.21529
2.57578
1.10214
2.8848
0.757133
0.627165
2.98672
2.60628
1.02838
8.17625
3.66173
3.54997
1.85702
8.86406
2.17353
1.22559
9.28302
5.18117
3.82837
3.71307
2.5415
1.99658
3.13895
1.46305
6.7904
5.33208
1.25642
3.1176
7.32494
0.549468
1.57503
11.5552
1.40462
1.46118
4.27433
6.2153
2.59211
2.34522
3.3737
3.03016
1.74349
6.15354
3.18864
0.645732
6.53611
3.0712
1.01186
13.017
2.36753
2.51866
3.57638
3.32096
1.1646
0.83223
2.20397
1.71478
3.75241
0.53265
9.81375
1.30257
4.10025
4.1748
3.158
0.747905
2.33827
3.35574
1.23408
2.88033
2.246
3.12156
2.20557
7.06054
3.62505
1.57101
2.5926
6.75825
3.2035
3.42722
7.5814
0.774564
3.3593
3.49387
1.69289
2.76709
1.0413
2.42496
2.7336
2.69893
4.06462
3.76172
5.20498
9.37223
6.71353
4.72763
1.43627
0.27708
1.24723
8.04179
5.18232
2.8519
10.4736
5.44036
2.71244
3.43709
9.42704
10.7723
5.82191
6.85451
4.64341
3.23973
1.79994
1.00949
2.29132
1.7989
4.609
3.35314
2.50779
3.29887
2.56842
7.34901
12.9493
5.12867
2.77289
6.32317
3.03088
4.09776
1.73271
2.13887
3.38801
6.48465
5.54785
6.41412
6.17303
0.237277
5.30995
1.66958
7.91162
2.70404
0.645885
6.88584
2.80057
0.402111
7.84894
2.23228
0.348743
3.49662
1.762
3.77519
3.40228
1.91171
9.08748
3.59137
1.55802
5.21718
5.04292
1.06271
3.03343
0.510882
1.1804
14.3068
1.21295
0.808238
13.9007
8.90893
13.1074
2.92115
2.59014
1.89906
4.78115
4.31412
3.85906
1.87207
8.07322
4.49523
5.81122
7.32662
0.867867
3.20452
0.427544
0.304146
3.01414
14.4909
1.6212
2.77393
1.91527
2.97196
2.59776
2.67522
1.40984
1.83145
10.0151
5.28435
1.18529
0.384063
0.392424
3.24477
0.971934
11.2612
2.97473
0.693774
7.10405
3.31763
0.846706
4.23961
1.70642
3.45336
11.7937
2.47466
2.62485
4.31451
9.1052
5.63257
3.72145
2.2741
1.99066
0.793352
3.33148
11.3774
0.97971
0.722309
10.2205
2.34331
5.01864
1.59606
8.25936
10.5381
7.77903
6.05009
0.689275
4.64125
6.02878
5.39836
0.594183
1.48562
1.33067
4.77346
8.50908
7.07144
0.982611
3.26367
2.34708
2.25086
2.22648
8.9027
6.13532
2.79119
5.86554
1.5783
0.706389
0.335419
3.68048
0.227465
3.14741
2.21609
1.00086
3.13196
5.07402
7.59481
1.00639
0.75059
1.6662
3.28712
4.70945
1.25836
3.1718
5.59417
6.40457
2.18313
5.96002
4.2015
11.0723
12.1338
7.66704
4.16089
9.01092
1.14006
6.23119
4.3621
3.67293
1.6032
8.69151
1.09397
4.63079
7.51205
2.49755
0.492809
3.54466
1.4662
2.27887
1.53077
7.36822
3.31478
4.09981
2.50071
1.24051
4.11424
2.50413
1.9305
5.30794
13.6091
3.60411
2.4758
2.81727
4.2002
2.20149
4.03194
10.3191
6.31702
4.77274
1.83892
3.9412
4.0207
2.50254
1.48475
2.45718
1.72789
2.55253
3.33478
1.82783
7.01963
0.911206
2.61701
4.13439
9.19564
3.51484
3.64159
2.83029
3.5118
2.53381
4.34049
3.87994
10.9264
9.21876
1.00074
9.81766
3.35103
3.01551
0.464178
4.64418
0.844419
3.76364
2.47098
5.83542
7.93255
6.52209
6.8296
0.754306
1.19354
2.05583
0.973559
1.80948
7.39951
6.09289
1.2976
12.1137
3.35604
4.6294
2.49038
2.2401
2.48065
3.83723
2.00056
6.69905
4.0169
11.147
4.70977
3.0428
6.93166
1.32652
3.58479
2.50948
4.86064
5.18182
2.55088
2.50648
5.68548
9.07154
2.09343
5.61625
3.97511
2.40431
13.2647
6.613
2.59634
0.628972
1.39362
1.21653
1.36037
2.26845
1.70554
3.33119
5.158
0.424146
3.53044
5.12538
1.05295
2.35187
3.90693
8.33512
0.803288
6.9984
2.73332
4.82999
0.726079
2.27669
0.995882
0.991194
2.43128
1.76219
4.60819
4.57725
2.75487
4.54125
3.38866
0.463645
5.60579
2.48564
7.65825
7.16886
7.76703
5.05126
7.35626
7.60004
2.70298
3.60804
1.9053
1.92095
6.88525
3.46962
1.1645
1.28048
1.30777
4.09583
0.206449
2.18913
5.93451
8.38975
3.66434
0.500476
14.0196
0.130191
0.73399
1.02167
3.25268
9.05426
2.23331
6.35366
5.16039
5.67571
7.05435
4.26838
12.4198
3.38445
2.74511
1.71156
3.58555
1.20022
1.01395
1.88121
0.191663
2.83076
0.346195
6.80111
3.32335
2.08076
4.12594
4.60954
3.94931
6.04889
3.38415
1.14421
4.63394
2.57649
4.00821
3.64803
1.64482
2.57275
2.57969
9.53715
1.61845
4.72408
3.07158
1.32362
7.2623
1.1903
0.810026
4.31031
4.74187
0.503974
5.90994
2.98479
0.890212
12.6928
0.561348
1.99347
2.95168
9.72221
1.43886
11.559
4.34023
1.03285
6.97517
5.51502
1.08365
0.753799
5.24277
1.80685
3.00526
10.725
5.96426
6.5582
0.27044
6.10682
7.39263
1.4808
0.666328
7.3644
1.44093
3.25175
4.3399
2.22736
5.15843
2.77772
2.69462
1.96209
2.95171
3.72133
2.6176
9.23433
1.38565
0.780486
2.14689
5.08455
5.20507
4.46535
4.72851
4.06668
7.05516
2.38276
3.7396
3.37982
0.505023
1.26718
4.3558
5.56384
2.81403
1.11257
1.68639
4.1948
0.964002
3.32018
1.43732
6.10679
0.575957
6.67285
4.49001
0.774034
13.8247
2.50837
3.97059
2.51144
2.75581
0.32096
5.13998
2.4007
1.29797
3.85426
0.341814
2.86426
1.50802
7.46721
7.61272
3.0953
6.63007
4.5213
4.97772
1.12671
3.92405
0.649545
4.20738
5.08995
1.25997
4.55896
2.04283
5.56437
6.40314
1.91512
12.1333
2.38689
0.729884
3.04756
2.42846
4.5797
1.94376
0.669812
4.81363
7.00091
4.86414
1.69474
3.07445
0.565064
5.05648
14.9574
4.91288
3.59096
5.00568
8.22734
7.00303
0.831419
6.30915
4.02626
1.16937
2.86036
4.72314
4.78303
4.41255
3.14249
3.28453
3.8213
1.43383
1.30621
8.34522
2.85321
0.754424
1.62049
3.6588
6.18624
1.75823
2.12002
0.993996
3.5811
8.67099
0.479575
0.97786
5.89278
4.28314
8.3449
3.61687
1.71048
2.24158
5.13798
1.6377
1.20556
6.1223
1.62659
6.67508
9.13849
4.5743
1.47944
3.7429
13.4974
9.4471
15.0246
7.283
3.09123
12.2096
2.52072
6.96827
1.3461
6.25257
9.22733
3.18474
5.36287
3.10225
2.75996
2.53646
4.28217
5.12695
5.49678
1.26818
5.251
1.69154
2.95639
11.1965
1.61236
0.680173
0.613933
0.482058
2.76317
4.03718
2.01958
2.90739
1.81994
6.77617
4.18414
5.60072
1.0492
4.48795
0.486906
5.74883
13.4219
2.92744
5.72616
2.23341
0.556814
3.17598
2.8899
3.90167
2.25832
2.17809
3.70597
3.08428
0.708263
0.787735
6.08713
5.22996
4.33087
3.35979
1.67302
1.36795
5.13492
0.912675
6.09336
2.1297
11.4063
0.418555
0.676191
3.20344
14.5856
9.16955
6.9866
4.08838
0.804654
4.33295
3.06398
3.29008
5.15688
2.54614
2.8584
2.87873
2.74708
2.33976
5.18115
7.78091
11.9615
3.49544
3.92005
7.04974
1.58822
1.11444
1.96843
0.982605
4.41289
1.73429
1.44178
1.76285
2.97885
3.03365
3.18945
2.14836
4.72612
2.79756
4.39589
2.48385
1.04993
1.39306
1.48571
2.43644
1.215
1.39637
4.16687
0.500515
3.67106
4.15658
1.53241
0.642071
2.18611
1.2575
3.33241
3.07878
1.18796
3.3472
0.705343
0.77985
1.83321
2.85927
1.2657
3.5759
4.78282
1.17732
3.89462
4.60254
1.47062
2.39281
9.2997
1.32558
2.05451
5.72523
0.362245
2.77147
2.42115
2.80864
9.76288
1.85518
12.3106
0.51012
5.07847
1.88016
1.53463
2.52162
0.620292
2.7593
6.42723
0.872808
2.90989
10.8807
3.46967
2.68158
1.30823
4.83486
11.9855
3.79955
2.75487
2.44113
1.99468
2.2247
4.36129
2.86595
1.40733
10.6885
0.976018
5.85611
0.815003
6.53687
6.26515
3.85485
0.552948
2.83571
2.10157
3.81292
1.65267
2.47023
1.89994
11.7331
2.78388
2.6749
10.5722
1.0734
1.00476
3.3617
1.13085
3.48394
4.9495
2.63317
2.25971
1.92846
5.57154
0.471045
3.85365
8.49577
2.67914
7.50834
11.0846
1.55202
1.92888
0.544527
2.78793
2.10573
2.65531
1.48018
4.17271
3.0218
3.98662
2.45962
4.29326
2.68266
5.11985
3.40268
0.343034
10.0094
1.60545
2.77621
2.12146
3.36641
0.933535
6.56583
2.80585
5.87852
5.70162
0.941312
2.55194
1.88654
0.592375
3.67142
4.33455
1.84397
6.83678
4.84593
0.574315
2.38846
0.781966
4.66098
2.74141
13.0704
1.34865
8.42772
6.66826
1.63448
1.64223
2.52231
