1.93344
11.8134
10.4531
2.1833
1.10296
3.91022
3.47082
1.3115
3.51865
2.93663
4.60769
2.12823
3.21065
3.87925
1.59781
4.67163
2.08214
3.38155
2.60469
2.29357
2.1995
1.60678
10.1149
2.38721
7.8103
5.15505
3.83944
1.2704
2.18653
2.36435
1.77024
4.30952
1.08048
1.67761
4.80935
5.70611
1.64363
1.31078
1.26712
4.43043
1.90684
1.43589
2.34188
9.38786
14.4499
4.16615
2.46815
3.23576
1.65963
0.537994
4.2716
8.69248
0.927536
3.85013
1.42255
1.7722
2.79471
3.28417
5.32994
5.12741
4.29063
1.60487
1.32097
1.26218
2.01047
7.86284
4.09191
2.55606
2.01026
4.16716
1.1398
3.06923
2.5757
8.46046
2.41469
3.38039
5.30198
4.4728
10.4491
2.60012
5.55589
1.59181
0.145233
2.99926
3.13859
3.7348
0.937276
2.48762
2.54137
3.29897
1.67334
6.81623
2.5479
1.03123
4.38716
5.5825
2.20285
1.44412
3.56395
5.60049
2.3908
1.20933
4.61727
7.98175
1.35343
4.27422
2.94003
3.52877
2.66684
6.03421
2.52324
1.4153
2.66908
3.01113
1.45768
10.6914
8.67655
3.03389
1.88243
3.66195
3.68158
3.41379
7.4949
2.25413
4.78868
5.31205
2.82267
1.2801
3.72635
2.10803
4.67141
7.43844
3.72489
2.7403
4.06996
8.36597
4.6135
2.34428
1.48024
4.48874
1.72581
2.63277
1.21604
9.82586
2.36459
4.87528
6.02709
8.85811
3.31626
1.96842
5.19503
0.718967
1.91425
0.706914
10.1867
10.7927
3.54647
2.84595
3.28216
4.74176
2.02978
2.69302
1.19253
3.86249
2.09746
3.38726
1.43008
1.59428
1.82481
3.39236
4.49235
2.30533
3.59981
1.06302
4.93241
1.62113
4.71943
4.85129
9.48844
5.20733
5.7033
2.6839
2.49194
4.25352
3.67302
6.41973
11.5555
12.0284
3.21291
3.63103
8.81357
0.729343
14.7161
6.90285
4.09755
4.14682
4.22826
4.82426
7.26305
1.72926
2.14421
1.88131
3.60623
0.353878
1.59216
2.51402
3.75723
4.23517
6.74641
2.52186
5.39839
6.68163
1.37937
2.60122
4.48719
2.92746
1.7693
4.99204
2.37504
3.46523
4.15042
3.66078
14.6328
3.09012
1.44851
3.54576
2.00754
1.82373
1.86933
4.09707
2.17353
6.41291
3.69297
1.37903
2.52301
3.06242
13.0717
5.95509
3.04565
0.933187
9.1106
3.11935
5.54017
4.98957
2.5379
1.73332
2.72388
2.47401
1.72509
1.9069
1.41192
2.95703
5.87207
7.3521
3.89815
1.7173
1.60603
5.71384
8.09715
6.53995
7.71762
3.20027
1.24415
2.17348
3.8894
2.3413
0.370207
4.25828
5.82613
3.55949
8.49274
4.45901
1.21366
1.89047
10.172
3.20251
5.62639
0.867581
5.3368
3.78077
10.6515
0.426019
1.69527
5.73251
4.7435
3.84569
2.23792
8.10191
3.26827
7.99216
0.514402
9.15284
0.876351
1.51496
2.69136
4.74065
0.824129
4.63701
2.58317
2.54036
1.55863
3.25288
2.58565
1.04191
1.60226
3.47986
10.1375
3.3918
4.09606
3.02499
2.42508
2.02627
4.76091
7.41822
1.93578
4.48416
1.65449
3.78031
2.61133
1.01626
1.33282
2.04791
9.00196
3.37144
2.35843
1.08244
3.14952
3.01821
3.17677
13.3056
4.53916
2.23323
1.92904
7.16044
1.08856
2.81374
2.6143
2.24891
2.52121
13.0281
8.08148
3.54666
6.89028
2.51522
1.55094
5.01081
2.58962
2.39628
1.89917
1.00716
8.94976
7.47957
4.40824
1.30455
4.05154
4.92341
4.43691
5.18565
2.81158
3.03796
8.29407
4.9067
4.10298
3.33193
14.1348
3.19621
3.67859
2.87253
3.59827
5.51418
2.15326
1.36261
1.51145
8.41062
1.55707
2.89135
1.93368
6.48197
3.76413
2.77963
0.964125
5.17108
4.36556
2.80068
3.11439
10.8788
4.62573
6.41635
3.96906
2.61613
9.50641
3.02968
2.54549
8.85084
3.70254
1.49583
2.37162
3.15981
6.90123
3.3859
1.34756
4.81644
1.82671
6.49312
6.66948
5.22546
2.81924
10.2762
2.25245
2.33568
10.607
6.62487
7.73795
5.59535
3.9709
3.93856
3.05959
9.13023
14.5682
6.51944
4.95049
2.28871
3.97773
1.41942
6.32602
3.50743
4.91828
8.28503
1.73604
5.88648
7.83904
8.65545
2.52042
0.579183
0.998893
2.69106
3.2375
0.896915
4.26207
7.00046
1.67638
0.653028
0.930895
2.99052
7.20532
4.73027
5.55558
7.32273
3.79095
11.4925
1.9217
2.59105
2.92946
6.6896
5.44943
8.15261
3.23384
3.06929
9.47199
2.67907
2.35614
1.20495
3.29228
3.90473
0.72573
2.02646
2.7125
6.78347
4.01139
11.3631
2.0887
1.83593
2.96131
5.05704
10.9449
2.38128
5.85445
6.35619
2.77808
2.86693
1.77431
5.19195
0.771508
8.25906
0.444933
5.038
1.65769
2.59598
1.59086
3.44507
6.41654
5.92288
2.29707
2.11085
2.0727
7.30298
1.94872
3.07959
3.13846
2.2901
3.68818
6.27434
6.03881
3.2043
4.43094
2.05812
0.439778
1.13031
7.69641
1.47272
2.32507
4.12715
3.78514
7.16057
0.472649
1.51501
2.15084
2.73992
7.91269
8.70542
4.22609
3.3126
10.1742
4.13217
11.1627
2.38827
1.47119
6.30762
3.583
6.64725
3.80229
2.22382
1.36501
12.1994
1.89156
1.42116
4.96698
3.81916
7.9621
1.51964
3.43248
4.4302
1.26607
2.39384
3.41069
1.18294
7.04794
7.90531
3.5305
4.2413
6.85056
5.37613
5.4107
2.60771
2.3078
1.85826
6.94415
9.78396
3.7499
2.30777
5.26055
5.04216
4.74931
1.17311
8.18855
4.2738
3.22602
2.19973
3.39284
2.13436
2.61587
10.1643
1.39768
0.813164
2.61899
1.25326
13.2459
5.17299
11.7258
13.18
2.86287
7.29868
1.26923
3.78889
1.47171
7.09395
1.7428
3.39031
4.81725
1.24622
2.769
10.8602
5.89282
4.69933
4.10738
7.83617
1.22375
11.4752
2.48752
2.04642
5.7519
2.69029
2.53481
2.61473
3.03287
4.21807
0.806418
3.40122
0.868569
1.95301
4.90861
6.09205
5.94043
6.88142
1.66803
1.04186
1.42742
2.7635
9.17977
3.93268
2.32121
2.17591
0.916307
7.0278
13.4589
0.924201
0.758168
2.37941
2.9322
1.9859
1.70444
3.04161
8.33553
2.04219
5.20278
4.76537
7.16227
2.3908
2.27298
12.777
6.42233
1.64553
5.11686
1.05827
12.1536
1.76724
1.6631
1.81983
1.93937
2.13662
2.44073
2.27303
1.49214
2.92006
9.67828
2.168
3.97331
8.44381
1.8401
3.45125
2.33056
3.3266
1.17743
4.49376
2.40836
0.746031
1.52828
1.20018
1.57942
4.55801
1.25033
6.61901
0.872114
1.46202
2.43846
1.98921
3.32905
6.93943
2.01462
1.9605
2.3812
1.65113
2.29652
3.47776
0.568958
1.45363
2.64876
5.39636
4.73389
2.22055
2.47082
9.97245
1.28571
6.79533
1.16436
11.6535
0.650576
1.90829
3.95268
1.08791
2.53487
0.84599
3.06912
5.63898
7.92741
1.80666
1.29625
3.60438
3.44396
2.16431
3.28785
3.21112
5.02193
2.37907
2.21782
0.885219
4.42998
3.22549
2.40685
1.39962
4.41319
2.40071
2.32583
0.988315
3.45427
3.23695
2.55682
1.74699
1.48081
8.9574
2.62744
1.85341
5.06696
3.69929
2.38152
1.02597
2.68547
7.84224
5.82014
2.5122
1.09179
4.30614
4.61487
6.00188
2.79639
6.76345
4.47624
1.5075
0.886175
4.56508
5.73897
1.14988
6.7533
1.69808
5.7265
2.74592
6.28861
2.71559
7.44349
4.95496
1.17418
1.569
1.33615
9.81271
12.0898
5.84447
3.37905
3.56652
1.39354
8.02044
2.35617
2.67576
3.73597
2.27641
4.97904
6.31169
2.55174
0.384185
7.33589
1.20457
4.27813
5.17508
1.42128
0.569581
1.41815
2.95188
8.31487
3.33371
2.49238
2.21546
0.887944
1.59589
9.37072
1.80079
9.76405
2.34114
0.521676
2.17173
4.42112
2.8848
1.54387
4.37797
6.84665
2.89423
0.90723
2.19117
2.96649
2.67629
2.04504
3.71164
5.05971
3.33641
1.37938
4.16492
3.07239
3.76453
0.820129
1.00916
3.72226
2.588
3.8571
7.69947
2.4298
2.42364
2.9222
2.77536
2.66483
1.13323
3.35436
1.51645
1.79852
1.50405
0.704628
3.19816
2.89087
6.90614
3.98764
1.09565
13.3485
4.30666
5.52575
6.10396
4.29352
4.90081
1.52121
1.57854
5.03631
5.80555
3.0789
1.35047
2.97029
3.63121
3.95985
2.68206
4.99831
10.901
1.25268
5.55819
2.27948
7.06495
1.7393
1.85773
5.11781
1.85893
1.32407
1.94842
4.78981
2.02117
4.60994
2.63215
2.70345
5.95505
3.07144
3.01572
3.3938
1.53912
3.87182
3.25726
0.698493
5.9257
3.09323
1.94583
1.42136
3.43538
3.51232
3.40217
9.56668
2.38456
1.59003
3.69549
14.4017
8.57567
5.74301
2.14785
1.16068
1.44712
3.12136
3.66506
2.00383
3.47556
1.47965
4.03614
4.18647
3.03862
3.74627
4.28784
1.90147
2.46331
2.16665
3.07373
1.5646
1.57187
4.68209
3.09756
1.19201
2.75992
3.69183
3.54107
1.49035
2.57641
7.21469
0.735577
4.97133
1.30347
1.95175
3.92073
1.56734
1.68095
1.7819
6.00883
5.51565
2.19895
1.7043
10.0296
1.57968
7.61441
3.51242
2.47669
6.84477
8.11329
0.66514
2.13707
2.95519
3.85929
6.22417
1.90729
2.68464
1.93825
2.2871
6.55848
4.84336
0.996363
3.01685
1.05459
9.76266
3.97463
5.56686
1.71949
3.98181
2.86911
4.32914
1.95324
3.15584
1.48873
2.97263
4.8947
2.3744
4.09379
1.49501
2.56323
2.76443
7.26368
4.86821
6.59082
4.71481
2.18753
2.8934
3.53537
7.63469
1.58814
2.76581
7.87029
2.67458
1.69432
1.60954
1.48131
6.87808
3.71037
1.6916
1.5485
2.21156
5.24219
8.11859
3.39203
2.80351
4.65111
2.56382
2.65534
4.76731
3.94105
5.98316
2.2758
2.17259
3.98241
13.2176
3.34036
4.93214
2.71108
3.42839
1.01885
3.86481
6.48354
3.91947
3.82623
1.98619
6.66761
4.11713
4.70604
3.20783
3.27591
8.26821
3.66149
8.30429
2.51632
1.38369
2.49784
4.6282
4.71272
7.05349
4.75619
4.08697
9.72424
9.33696
2.5704
10.8232
6.13223
2.0339
9.8733
1.99884
4.79172
1.39776
3.35694
3.23471
3.55913
2.37735
4.25716
6.47165
1.41427
7.41041
2.90411
3.06715
7.707
1.0888
2.38601
2.17879
0.86938
6.44969
4.48254
5.30743
3.67784
2.03256
10.463
4.9772
2.18406
4.12401
2.64783
2.4935
6.46825
2.00659
2.39886
3.33139
2.17544
3.20233
5.14776
10.3525
6.07583
3.39227
4.05332
0.990152
1.46109
6.25093
2.40806
3.1868
4.73809
2.33928
2.54022
0.95308
5.71124
3.50128
4.29669
12.1312
1.93996
9.75844
9.91521
6.92917
0.996497
8.24557
8.20011
4.26028
2.78128
1.12172
3.48474
3.22728
2.57933
3.5518
2.66999
1.93947
1.00216
3.06311
5.7005
4.54768
1.27855
2.92539
9.1262
2.27667
1.39643
3.05112
2.56908
1.56599
3.29204
5.56521
3.84868
1.65287
6.98024
5.77356
8.21778
4.1906
3.3672
3.82344
3.29478
7.18414
2.63662
2.03313
0.593207
2.53801
2.37531
12.9908
1.0254
2.77754
5.51056
11.2094
6.47968
5.76646
1.13775
3.28747
2.3827
6.5294
3.37241
10.213
3.48774
1.68739
2.7881
2.86579
0.699619
4.27519
0.86555
1.00423
7.79627
3.19395
2.0684
0.814779
2.88264
4.42549
1.60215
11.8586
3.50169
2.76157
3.89158
7.46179
6.92886
3.06328
7.10673
2.60194
1.29842
6.96674
2.21143
2.45876
9.21272
2.61488
1.81982
4.06567
2.36895
2.69964
8.85935
6.3889
3.08272
6.24671
7.63137
1.39003
5.14211
4.63278
2.49335
8.29919
1.3508
2.4396
8.60155
4.25043
1.25446
3.11636
12.5491
2.50485
2.77395
5.42258
7.84804
14.4153
5.58365
1.62319
0.984613
2.28351
2.30442
5.19149
3.44014
7.38251
1.1004
7.98538
8.90944
8.11306
2.11082
3.86658
5.16499
1.12179
0.981737
2.41021
0.746626
4.42554
3.15832
5.69115
1.98484
2.35953
0.929222
2.21967
2.26226
4.25125
14.7104
4.4256
1.35237
3.61826
2.46961
1.93469
1.5516
2.53924
3.66907
1.40383
4.70897
4.25486
1.87616
1.16886
5.01858
7.17311
1.76844
4.08968
1.18287
2.57079
2.79037
3.94839
2.04076
0.914535
5.0296
2.75318
3.70729
2.38896
1.98515
2.38375
1.24448
2.5665
2.68335
1.94193
0.504687
7.95011
7.82427
1.39495
1.72656
8.17522
1.9684
5.60382
5.67365
5.32747
4.43593
1.71707
5.39451
5.50728
2.23146
2.44744
1.20204
1.05809
5.50799
0.951399
3.70606
10.5103
3.94016
1.04528
3.98713
2.21562
2.83684
4.18727
2.92619
3.79884
2.45153
0.859738
2.92188
1.33358
1.24976
2.19907
1.63167
6.9729
3.13396
1.18771
2.70608
4.8237
2.76361
8.21859
1.89941
9.68408
6.17414
1.90793
2.53798
1.92667
4.70152
7.87015
4.30676
2.13736
1.53813
8.72855
4.3373
9.13487
5.79905
1.37252
2.37381
1.63166
14.6851
2.48481
4.65307
10.7338
3.0327
2.66759
3.22667
10.7997
8.37319
1.34332
3.65527
1.32133
3.7595
3.15082
5.34077
2.53893
3.13562
1.46633
1.32054
4.18246
5.70721
1.72752
2.80295
0.649905
1.35094
1.07122
10.2325
4.7268
9.00431
0.474666
3.49513
1.13878
3.53355
8.02409
3.20465
3.80181
2.57144
2.3911
5.25611
3.86707
5.07519
5.93168
4.54451
6.1437
13.6449
2.85878
7.47455
4.19929
2.98773
2.53864
2.7996
5.03224
2.87056
3.02625
9.18932
2.32381
2.51516
1.10296
1.59133
6.84332
3.90885
0.87122
2.21776
1.9156
2.33021
3.22739
1.37032
2.22546
4.22837
5.71135
4.2881
2.04714
3.59728
3.49577
2.41019
10.2813
4.71961
1.41612
3.33128
5.07472
1.24987
1.26751
3.51718
2.30278
7.59489
2.84314
2.97848
4.16361
6.6911
1.84358
1.32766
5.58958
1.96297
3.99204
3.03424
2.92171
0.725431
4.02334
5.70502
0.830184
0.820225
0.87883
3.70564
3.07265
3.50729
3.00169
6.54028
2.58826
1.32036
2.15137
1.57413
1.96112
2.22421
9.06265
5.51089
3.10766
6.54954
5.4818
1.83643
5.94304
4.33081
4.57067
4.35
1.86632
1.56443
1.78462
1.49605
4.90321
4.16272
0.758733
1.87475
2.94082
1.01024
2.70325
3.50553
7.86784
1.41494
1.67471
4.03924
2.75699
14.237
6.9769
1.48025
4.04928
5.05847
8.92052
1.78917
5.96984
3.09072
3.73506
6.2561
1.30577
5.36804
3.39243
2.72763
9.12219
3.8495
4.67914
2.42638
1.17962
6.58558
8.45696
6.14357
4.42566
2.88346
1.15124
1.9945
6.25426
11.4242
5.02833
1.39202
2.31856
3.83171
7.3939
4.37549
3.21023
3.32414
1.4741
1.65303
4.47121
4.88867
1.01223
3.11269
2.9174
2.87724
2.76207
4.73209
12.1824
1.31834
4.05944
2.53766
5.6086
4.79759
1.28931
4.76482
1.89696
8.77688
4.08916
2.32106
4.26225
2.60014
3.19761
2.48465
2.12363
4.94301
3.02772
6.37718
3.14563
3.078
1.88777
6.94032
1.9886
0.750011
1.48175
9.32951
3.51965
5.073
2.03646
4.16786
9.1682
7.42722
1.73707
7.21511
2.73691
8.34109
3.1863
3.01157
7.16151
2.58761
2.32602
5.17418
1.35374
2.69553
3.61934
7.21215
1.41481
3.72647
4.32133
0.967405
4.09324
8.94366
6.80392
3.46075
3.01536
1.95577
2.41194
8.37156
4.89241
10.0292
8.33661
1.6425
1.8772
3.24329
4.40636
10.7198
7.49788
2.69895
4.31401
4.15976
6.30869
3.93224
3.46021
2.8098
1.63263
0.957032
1.6433
3.54955
1.93762
2.8164
6.79981
4.69748
5.31082
4.00513
7.8638
9.89978
1.74938
4.80885
1.65201
3.8742
2.70521
3.00617
0.680876
1.63449
1.09152
10.0094
1.99868
14.3527
1.80778
5.16114
2.4473
2.33263
4.87114
1.40542
2.57879
1.11053
4.10474
6.65345
1.9313
4.30926
5.02456
2.13373
3.7895
2.45018
5.94665
1.69979
4.89094
7.20264
4.15044
9.24756
14.2953
2.87124
7.56713
3.78962
5.09546
5.99402
3.90429
1.87595
4.47956
2.3757
5.25383
1.53762
3.46126
3.75543
5.52255
2.78035
3.8774
8.67939
5.0006
5.02379
1.47032
7.70056
2.13876
6.42049
2.74841
3.19385
2.62508
9.48559
1.81582
7.04867
4.11875
4.09586
7.1359
12.7428
1.93896
3.70995
8.51988
1.39184
8.85044
6.06361
1.64204
1.11454
2.82155
1.73428
6.08983
1.44992
3.32331
1.09175
2.31287
0.959655
5.56692
3.20632
2.07357
1.46913
5.51416
6.29359
1.41821
1.48253
2.63849
7.25132
3.24057
1.76205
3.15733
3.03107
1.13105
7.44372
1.14948
7.64152
8.52521
2.70575
7.75932
1.29498
11.9569
2.36627
4.2524
5.73786
4.35331
3.08712
1.76292
2.27525
7.50536
3.90081
1.26882
0.834628
3.77116
5.45992
2.78313
6.56917
13.9431
0.798197
6.43344
5.48569
2.39367
3.53365
1.5933
0.540323
2.63278
13.1264
2.63717
1.19004
3.20356
3.41666
2.41268
1.63237
12.7894
4.81331
5.92793
4.40009
2.54801
10.1388
5.44664
4.91636
2.75661
3.91335
3.14182
2.21194
8.62637
2.60923
3.77398
1.25655
3.69998
2.89126
1.28618
3.36209
3.44402
5.02955
3.19299
6.62547
4.79401
2.68476
1.68899
4.26765
5.37106
4.81478
3.45515
1.80739
3.66539
1.09282
13.801
3.27627
1.46313
14.2917
3.98784
1.1224
5.70187
3.6791
6.46793
4.77812
2.44634
13.5513
1.96332
5.9826
10.9986
13.9237
3.8547
1.51051
2.3371
7.93715
2.65981
2.82065
2.94959
2.0171
3.37014
3.23311
4.09601
1.02875
6.09808
2.0422
6.8381
3.58727
2.87316
5.155
5.26227
6.06129
3.16732
4.66948
3.11475
1.3757
3.24322
2.11083
4.62582
2.82296
1.32548
2.52094
1.87605
8.34094
11.9871
13.9473
2.25487
4.94164
1.15015
11.8472
4.39715
4.22769
6.03578
5.23145
14.6893
6.61276
1.8941
4.62262
3.0085
4.57154
5.45126
0.809054
2.15929
4.25234
1.15936
1.72263
1.41574
8.62334
2.90527
12.5478
12.1834
0.69843
2.7026
1.23545
1.87378
2.70887
8.42959
4.72199
0.659521
3.7632
3.54705
3.27496
1.6081
4.38421
1.62299
2.3669
2.3686
5.22341
2.48046
3.68515
0.829438
2.16813
1.20545
4.59686
3.2496
1.21696
2.07179
1.91242
1.75996
14.7515
10.7628
2.39456
2.21727
3.05253
3.04677
5.8196
3.39474
3.19331
1.08513
12.6299
4.47189
3.32418
5.31421
2.64085
0.572109
2.29894
1.44483
2.48578
1.65858
2.66432
3.32043
2.67208
4.96392
4.6019
2.3444
1.28788
0.349223
1.36086
3.85423
1.89853
2.50576
1.21802
10.2471
5.2416
1.12419
1.68304
5.53682
7.89443
3.7552
1.43407
2.3537
4.83142
8.69482
2.91968
8.7687
2.44123
7.27506
1.30435
2.82892
1.18514
2.31018
1.45705
4.08518
1.64086
0.608602
2.79434
1.08255
0.668765
6.39901
2.67947
3.67561
7.40466
7.54545
0.604664
2.65384
4.53177
4.25674
3.76874
4.40133
6.47239
1.58246
5.97215
1.24943
6.09888
1.81623
1.03002
1.30099
8.70659
4.3705
2.12092
12.365
1.38627
4.97523
3.71599
2.63913
3.11576
10.1133
1.73712
4.61398
2.79184
4.36675
2.67904
0.471066
2.4999
3.76973
14.389
2.26471
4.0219
5.6034
6.61504
3.28338
1.66556
1.67401
2.01966
1.95189
6.19459
3.49372
4.32596
4.89519
8.89512
2.41088
1.84038
3.52385
5.75665
10.9993
3.62849
4.9335
13.3577
0.976042
0.84029
6.9863
6.09944
3.51386
4.292
2.17185
2.78759
2.68624
4.34495
10.727
1.50113
2.84129
0.720084
2.20576
4.86387
4.32466
2.37894
1.46748
12.8735
2.35519
1.29465
7.15615
2.57334
2.78588
3.87826
6.55569
1.56967
3.12925
1.35891
14.3724
5.50739
3.71821
2.28817
2.57375
2.03485
8.37036
8.85044
2.83597
1.82928
0.745283
1.79333
6.7812
10.3035
12.8236
2.06973
4.59283
2.70511
3.30597
3.9157
2.31814
6.12888
2.8918
6.43972
7.52045
8.37467
2.93617
6.31058
4.62972
1.02178
4.27623
0.791732
3.45345
8.87324
10.4407
4.71568
4.56918
2.71528
2.39601
2.31933
9.46216
1.25731
4.61123
5.48735
2.28739
7.55017
1.34722
3.6998
9.82608
3.32975
8.19322
2.56833
3.11508
3.63861
1.08355
1.45943
0.973655
3.79292
3.02742
3.45056
8.953
3.73656
3.7867
3.72133
1.12739
0.823376
2.95939
1.07433
7.99612
9.09558
2.47601
3.662
3.49725
5.22488
1.88711
1.78646
4.38968
3.50115
0.647041
1.37582
6.73051
1.66722
1.6358
4.10319
4.07173
2.74343
4.74368
13.8976
1.91018
2.76939
7.93042
1.74368
2.40788
1.15342
2.24945
4.22963
1.06264
11.6858
0.473026
4.72612
1.05864
12.7575
9.42981
4.81156
2.17466
5.33951
8.42604
2.36188
11.9728
2.55024
0.976875
4.42876
1.26762
5.86453
12.3184
1.78268
1.48632
4.1884
0.769465
5.16787
2.37132
3.77421
0.813061
1.02099
3.56762
1.76845
5.87316
2.61115
4.95947
1.41257
9.25845
10.9519
3.58246
2.72647
6.57312
2.68084
3.66161
2.44015
3.87064
1.51883
1.71846
3.30942
1.42786
3.0238
4.30452
2.59013
2.98112
5.03047
3.40333
1.46932
2.27388
5.92979
3.91185
2.75951
5.00037
2.21308
0.853871
4.86065
13.1997
1.86324
4.26677
1.35494
4.8136
3.21733
4.48096
3.2974
1.05369
1.85059
1.80152
2.67534
3.93758
1.73979
1.90687
3.4123
2.71824
4.60279
3.9979
7.82826
1.87167
7.27906
1.99378
3.92408
3.45368
4.71624
13.2232
1.1844
8.17261
4.82802
4.72388
1.51449
6.5646
2.69142
1.34287
1.67471
4.92322
1.63815
3.16988
4.60965
2.28015
2.56495
2.84179
7.68751
2.47424
1.71037
8.00112
3.91846
6.36504
11.7784
1.63027
6.32374
11.5237
2.65804
2.07211
3.99798
2.99503
1.96728
4.34085
14.4096
1.19752
2.02766
2.86789
1.33952
2.13701
0.741517
3.04924
1.36278
1.40731
6.20568
4.92643
3.165
4.35875
2.58648
13.7081
0.493141
8.34278
3.65031
0.409429
3.87552
4.40678
2.38555
1.84065
9.67528
1.47875
5.31889
4.86161
13.7831
5.70788
0.51567
1.77439
7.75802
3.38912
2.07206
10.4923
3.4134
2.70128
3.67913
6.62983
1.81084
0.195339
0.744179
3.93236
2.38292
2.96088
10.6374
1.7956
2.87223
4.70551
4.05778
2.45333
4.05687
9.52853
4.3808
6.67871
7.71725
0.830289
3.87373
3.69373
1.12164
1.52312
4.23415
1.09515
1.63221
5.86937
10.7966
3.37028
4.6739
1.34525
1.81561
2.17667
3.65975
1.7004
1.50921
2.11851
2.40512
2.22487
5.30297
0.591542
4.69037
3.53209
3.23955
12.3127
5.49767
4.75495
2.41012
5.10581
2.75395
2.62968
2.6521
2.78113
1.75529
8.14411
3.69715
8.19135
14.4154
3.35833
1.69238
5.32629
6.41844
3.09258
1.25707
1.54864
6.25605
7.17327
0.487556
0.500654
0.458072
4.72235
6.89358
3.65627
4.54614
2.8736
4.50175
2.22798
2.67373
1.17553
4.8736
2.14277
2.2203
2.66658
2.83105
3.03186
1.37681
3.18307
6.35202
2.87036
2.25329
7.8352
9.146
3.59226
8.61156
5.00806
7.13358
2.78341
8.57101
3.45102
3.2236
2.18457
13.8873
5.23926
2.61293
2.97086
2.54265
1.1063
12.1213
3.99728
6.82068
3.12884
0.999828
1.98917
5.60406
2.31889
12.6599
3.67962
4.11546
3.1646
7.34117
4.09641
3.85197
2.80034
4.08173
3.24738
2.67975
2.71825
2.33687
12.0655
3.32262
2.94876
3.05315
3.1534
12.6792
2.98286
3.35669
1.20325
6.80671
1.87043
1.58676
3.4695
7.6028
6.50393
1.54977
5.28905
5.04326
10.6583
5.51226
3.21822
1.56182
4.28183
1.36884
5.32745
1.32433
13.5045
3.34816
3.08116
4.07717
8.2487
1.70377
1.70958
2.7173
2.723
8.93315
6.11025
1.64687
1.14714
1.0226
0.722351
7.25528
5.15394
2.36469
0.991558
2.01149
4.1259
1.62575
2.22748
2.80675
2.80645
1.28436
2.5282
1.21244
2.94694
3.58041
4.85758
0.284959
3.61683
2.39491
3.52763
1.96435
10.3629
1.96899
3.64882
2.93419
1.25568
2.19235
2.26296
6.86868
1.23839
2.6515
8.24762
7.28151
3.29363
1.91052
2.6501
6.74019
4.00368
9.58945
0.638892
5.30854
4.33421
2.61819
1.98349
1.50551
2.53612
1.33326
5.78946
3.59568
4.20873
1.38671
2.9168
2.1914
0.780712
3.56434
1.998
4.1156
2.75299
3.72096
4.52524
2.33557
3.23849
5.52599
2.31887
1.39974
8.68695
2.84464
7.12914
4.35264
3.24609
4.34961
7.37005
1.72269
4.92809
3.39204
1.87318
3.16693
3.29757
3.01148
7.98817
3.28523
1.97525
1.10193
1.62914
2.88532
14.8842
5.01083
9.05317
4.22246
1.22123
3.82244
2.79598
1.27027
4.8097
1.03869
3.31323
1.40342
9.76594
1.08735
1.97965
3.65407
4.22227
0.705824
4.91895
6.88636
5.977
4.25694
5.68285
1.30548
1.47752
11.4414
1.21628
3.45624
3.04851
2.45745
6.3981
3.3333
1.43395
2.76706
5.68921
1.84155
3.76836
1.45722
5.17736
4.37457
0.735329
3.20775
3.98536
4.48484
10.8109
2.61241
4.34018
2.84343
3.18861
7.81376
3.12724
0.655642
3.04989
1.13932
6.53974
1.10764
0.332246
3.35501
1.83893
1.76133
1.28605
2.38365
2.2315
1.82323
0.455898
1.13968
0.422472
5.83911
4.90516
2.83163
5.62478
6.74574
7.80697
2.93824
2.26384
9.25394
2.01143
2.00947
3.90014
3.19506
2.91496
5.89981
2.85696
0.650087
6.48796
7.05194
2.11723
2.63131
13.8817
3.26927
5.00509
1.87617
1.83775
3.2592
7.02539
3.32244
2.57404
3.57223
4.95393
1.71583
1.73734
2.88093
2.90703
5.16331
0.487109
7.82844
1.62078
3.00269
1.63569
3.20168
4.56431
1.94492
0.856511
2.02671
2.58859
1.12046
2.38222
1.48392
3.09733
0.970163
2.22936
13.9902
0.687213
2.33714
3.07947
5.63062
6.31547
10.1236
5.17507
13.722
4.66133
0.769037
1.4515
9.47467
2.06817
9.18939
7.07253
7.16145
2.60223
1.96254
1.46247
1.41507
1.27445
2.28057
4.01282
1.9509
9.84233
13.8354
1.82039
1.62696
1.80529
2.9044
0.751392
1.76149
5.77123
4.71795
0.697458
2.58368
3.40551
3.02732
1.32117
1.50135
11.2726
4.32316
1.33675
4.77142
1.08361
7.08834
0.897522
2.97968
4.9367
8.1895
5.99429
7.16476
5.43692
3.23576
3.88213
11.3707
3.05947
1.6195
8.94895
2.91982
2.81032
4.70529
3.88625
3.35945
0.43048
1.17612
1.92171
2.41318
4.46405
1.1146
4.38037
1.1719
8.0758
1.23933
2.91626
0.27986
2.25013
5.97877
2.14767
1.71055
3.12972
1.86106
5.19604
2.07632
2.68758
2.35063
7.62844
4.01488
2.81377
1.8924
5.36437
1.12433
3.98942
3.03234
2.32401
2.98714
7.72801
2.36056
0.394324
12.4719
0.51179
4.36578
0.889657
5.26081
2.97392
4.48524
7.24844
3.57611
8.66793
2.8243
1.57917
0.880882
1.69682
6.24507
1.62947
4.38296
10.8291
2.44018
3.51721
1.05755
1.55448
2.18397
0.763517
10.1437
8.26078
4.04412
3.46916
3.92022
5.71392
6.13306
1.34864
2.66102
4.03965
1.1333
0.82912
5.39448
2.0957
5.33986
2.22526
3.22471
7.63025
1.92898
2.93088
6.23393
8.42703
1.74436
3.43142
8.49377
6.56993
2.59587
3.28871
5.89073
2.72707
3.78383
2.39915
10.8621
1.15814
1.62116
2.87219
2.70426
6.5005
3.33772
1.42993
6.75526
2.75982
3.63287
3.52657
3.87658
2.8491
14.3011
2.87402
3.79712
1.82839
6.41723
1.44763
1.38133
3.91934
3.67993
9.46221
2.87294
1.39738
2.16478
1.22221
2.884
2.28776
8.02849
2.07327
3.29546
5.57568
5.41418
4.27349
6.90543
3.28459
7.49983
3.55273
12.7445
1.21101
1.61066
7.0432
11.598
9.29409
4.59845
1.59536
3.19311
4.07179
6.69583
3.93434
2.44407
4.7132
2.8258
6.79709
0.901062
5.79305
13.9208
7.83242
1.43171
2.00035
1.27229
4.8255
3.56317
4.39145
2.64973
9.4856
0.657429
6.04885
6.16198
1.50681
2.91829
2.12771
7.5971
1.87617
1.64012
0.684151
5.44269
2.85567
3.48991
5.5733
0.749163
2.37493
5.47004
9.41196
6.65987
13.3767
8.10453
2.6681
3.42337
3.68824
0.510139
2.72614
2.30983
2.88015
1.68417
2.74872
5.25514
3.64747
4.23255
4.18291
1.43642
2.98815
2.76175
1.70379
2.6288
2.22028
0.83842
0.98996
1.64594
3.24667
10.8716
2.84743
3.5976
7.32219
5.61722
14.2755
8.1966
4.15822
3.12395
1.75079
2.46356
3.03904
3.10364
2.89643
2.47414
10.9384
4.13214
1.64377
5.41267
3.44437
6.55214
3.24642
6.83389
4.67974
7.22051
4.84311
5.56787
1.78671
3.67673
2.12484
10.5788
5.8787
3.80229
7.76018
1.1249
4.65849
5.00098
3.70573
3.68575
1.63947
1.75444
5.03102
8.09003
1.09462
1.65974
0.944664
2.98235
6.69004
7.81137
1.47603
3.65188
7.73604
2.2754
4.59196
2.86559
2.33721
5.44874
3.20629
9.22946
5.57431
1.68175
2.84486
2.25162
1.29644
11.546
3.64665
3.58463
1.72541
2.61885
5.31107
6.69464
1.18804
2.3875
1.80457
3.54412
10.3698
5.64231
2.61831
3.34166
1.41034
4.26886
1.09554
5.38845
0.483925
1.13561
1.67663
4.70617
1.88556
3.32667
7.56359
0.663928
5.82131
1.17234
2.41126
2.10509
12.3959
14.0734
1.20911
3.63147
4.90187
3.22474
6.6284
5.17821
3.88221
1.52024
4.37173
2.97855
4.01977
0.54079
11.0156
2.83962
3.46807
2.92736
4.36552
4.50859
1.1666
0.855481
0.283036
4.10587
5.31763
1.40203
2.38061
5.26686
5.35014
2.87963
3.71165
1.80832
4.5987
1.69706
0.710572
5.16543
2.32924
5.13658
3.16617
4.27771
6.51994
12.4509
8.81863
2.2441
4.24594
4.59986
1.44439
3.12996
2.16051
0.608943
3.49473
0.545708
3.5583
5.75582
9.73508
7.68897
1.12227
4.21615
2.2825
0.791597
3.17803
3.69534
2.77825
2.32925
4.56969
3.91168
3.12787
3.17986
1.55785
5.09171
2.72875
2.07697
3.19363
2.21872
2.65433
2.43498
0.524296
1.66053
2.55422
3.78216
2.20829
2.40439
4.0609
4.18677
2.92703
0.822359
0.482679
1.42993
3.30819
2.03855
3.72668
1.33856
10.1854
6.11523
8.35019
9.10125
1.03029
2.65712
3.82323
6.4277
1.51676
2.64893
5.85519
5.91522
2.53992
4.30505
2.24192
4.35548
1.12374
2.47275
6.04504
4.21991
3.9695
8.01617
5.35649
1.27051
6.79004
2.02944
7.24901
2.81687
3.03575
10.0227
1.26089
3.44687
4.15346
4.11659
5.08458
8.77995
0.877856
8.11702
1.55838
3.16201
3.97136
1.7775
4.65469
6.14168
3.80149
5.34229
11.097
14.0041
2.98691
2.81327
13.4587
4.10673
3.27961
2.02705
4.57559
3.07313
4.94455
3.14347
7.07322
4.28197
4.2553
8.42409
3.67302
10.2134
2.6498
0.775584
1.43002
7.82862
8.35324
3.90239
5.01081
3.63434
3.24656
3.57362
4.71511
2.0616
3.57557
3.52775
4.81979
3.47359
4.08072
2.40857
1.98236
3.01885
4.12345
1.56547
9.14821
1.14072
4.36183
9.39119
3.38259
3.14948
3.07052
2.72871
0.531226
1.84092
3.4484
0.33832
4.35883
2.53637
1.48781
5.01657
3.89345
0.838083
4.02467
1.76588
3.94669
1.99625
8.59839
8.17218
2.02476
1.09248
1.46402
4.50231
6.53445
2.44501
1.50778
2.34965
2.2002
4.11847
7.62765
1.62852
1.44691
6.15148
7.50986
3.62394
9.62464
4.67597
3.16764
3.19615
1.08326
2.75584
5.31937
4.07944
2.40169
0.99923
2.5532
5.85245
6.96423
3.2674
0.847489
1.08454
0.92975
1.08777
3.95457
2.4667
2.43301
2.71116
7.39879
5.26144
4.0315
2.16092
2.83406
2.79025
4.18749
1.47944
2.49556
4.97027
6.68804
6.71269
3.16062
14.0023
3.31081
3.31814
6.2759
1.96687
2.59227
0.660059
3.69748
5.14314
1.90599
9.34005
2.31343
2.52191
0.439436
1.33999
3.8424
2.08068
1.50599
4.375
13.2881
2.73069
5.61323
1.03235
8.14882
2.07442
2.55666
3.7367
2.98272
7.35155
2.10956
11.2578
12.471
7.60615
3.18477
2.76525
12.6101
3.6788
2.75648
9.96752
11.6001
2.85451
14.2924
2.17148
2.60886
3.37518
9.11677
1.25863
2.18541
1.69364
1.57332
5.7826
0.577479
3.69086
1.76134
1.97737
2.70369
4.14579
2.43383
3.24024
8.84994
5.11598
9.51924
2.61777
3.12289
7.33549
1.69724
1.24547
4.47601
1.6582
2.03468
4.16858
2.50933
7.84512
4.16535
1.88493
1.92481
3.29624
8.12602
3.66804
7.82161
0.521836
0.817948
1.96001
3.38973
3.68102
2.32168
0.594675
2.61025
4.3642
2.21643
2.81574
6.28069
3.49347
1.40349
4.16587
1.10975
2.24973
5.42284
3.26667
0.900555
3.58518
1.04399
3.0332
4.22907
1.94479
5.24803
3.15024
2.1421
2.16468
2.5065
1.49444
4.21914
0.896653
4.04825
4.61888
6.42178
3.36415
6.66923
3.75657
6.11098
9.95963
3.95648
1.79937
1.37533
3.65097
6.95534
3.23635
4.05689
3.32301
1.31038
4.25692
2.35577
3.23241
5.44927
14.7524
2.36312
2.87191
3.75549
1.22543
2.54722
3.5186
2.61436
2.12331
8.52853
4.92091
5.99148
1.2135
1.41486
1.41781
2.57336
2.03992
3.86936
2.33996
1.55773
2.35885
2.87826
8.62443
4.93815
2.19839
2.42078
3.42567
5.80691
2.31584
7.34266
2.87051
1.11212
3.42001
2.37543
5.19634
11.8626
2.15169
3.87979
6.18616
14.3666
5.37102
10.3898
3.04422
1.64605
6.27384
5.06054
1.74047
4.1263
1.37742
2.13923
10.3248
1.99902
1.53261
3.1783
1.2892
4.27842
3.37613
13.9784
3.30395
2.95358
2.59132
1.54798
1.44168
1.73579
1.99155
4.68879
3.4473
2.3378
1.9817
2.66216
1.28272
2.95253
4.32433
1.68435
3.28591
5.2394
2.40427
1.14837
4.63383
12.1819
11.6746
1.89309
2.21541
1.62042
1.61168
0.62841
0.5967
11.6573
9.50593
2.44078
0.513724
1.26867
6.46117
2.44785
2.02874
3.78484
1.84843
2.39904
3.33179
6.62898
6.46812
4.98374
3.05241
1.83102
1.38536
2.36415
3.14915
2.70262
6.20888
2.60304
7.93664
0.458412
2.23829
4.805
6.7818
6.89144
1.70984
1.57497
6.73166
3.56415
9.03813
1.86809
2.01166
1.99388
1.55123
2.75767
3.95069
1.71832
2.91387
5.48474
3.90721
3.7775
2.32828
5.18831
3.37586
7.27273
1.11412
1.84399
5.15528
3.07712
3.24766
1.42979
5.8472
0.592799
3.34431
3.14562
2.88825
3.60909
2.61443
11.1532
3.1459
3.91815
0.380824
2.28869
3.52097
2.02696
7.15422
6.47839
1.64817
2.36617
4.57142
1.17412
3.83587
2.47297
2.91841
2.2069
1.90049
2.8586
1.5152
1.5262
1.39413
4.95752
2.73406
2.91557
2.99649
3.3134
3.92493
2.34717
2.59274
1.55847
1.36326
0.392968
5.01406
3.16477
6.38274
2.92365
6.06674
5.55212
2.99122
9.87897
7.91205
4.23196
2.95494
4.31334
4.46187
3.86269
2.57252
3.62467
5.43422
2.72931
1.07958
4.10305
2.75802
3.29111
1.68238
9.95868
5.99248
7.24707
0.608337
1.91567
4.95702
0.988037
1.28724
1.21573
3.07328
1.7065
6.55366
2.96096
4.1408
2.81412
6.07451
3.18293
4.30045
8.61316
5.68524
1.81917
6.74943
0.950789
1.93031
2.22129
5.17456
2.31609
1.1816
4.1939
1.39104
1.84969
2.00476
7.68016
2.21947
0.696348
4.69676
1.38452
5.28908
0.472083
2.44194
7.4868
2.44853
7.15698
1.82542
10.6198
1.50027
4.06546
2.47141
5.36911
1.9655
5.47557
5.05145
3.78852
5.20496
2.72784
3.13424
1.60536
3.22118
3.18567
5.35976
4.19119
2.64858
7.19136
3.85806
1.01968
8.70626
1.10829
0.890587
8.12406
1.58731
2.64309
4.81438
8.29495
1.25827
5.98324
4.32118
2.7825
5.2415
1.66841
0.857522
1.27507
2.19884
1.42273
3.70485
4.99075
1.66967
2.55586
1.63183
6.2142
0.914834
7.83781
2.47975
1.21086
12.2381
2.52894
2.98779
6.66911
4.43612
1.28681
5.10561
4.2744
1.38815
14.8615
8.6348
1.93619
2.36717
13.8683
13.3145
1.4347
7.2753
4.11268
1.66181
7.46994
1.31954
2.37446
2.13053
1.07423
1.15652
5.91069
13.8339
1.97098
5.68383
4.17395
3.13761
3.06944
2.61723
3.71733
1.81047
1.98803
2.25169
2.37513
1.2785
1.35987
3.87491
2.85292
0.782636
11.6572
1.69084
1.67627
2.15661
3.21043
2.46467
1.93126
1.91372
2.42677
2.94081
2.18597
4.08268
2.58944
6.99411
1.88821
2.54424
5.41284
5.25159
8.3476
2.71909
1.41116
6.64615
3.88882
2.46569
3.28443
1.24242
3.91433
3.32475
0.792931
6.68946
3.84946
5.05776
4.34069
1.72034
1.90979
4.64519
6.3731
4.0796
1.18899
1.99256
7.6646
8.43372
8.73295
0.975351
12.1053
0.644777
3.29407
5.80181
2.70951
5.98663
3.71577
2.06582
2.84915
11.4307
12.4734
8.88155
2.78293
1.36363
4.64406
3.34558
2.1536
2.62138
2.483
2.40737
1.23191
1.60276
1.50599
3.32726
2.79177
1.54219
3.04403
3.27623
0.992806
13.9051
4.55651
0.661884
3.34962
0.853443
4.15977
3.08877
9.31785
5.2021
5.8886
3.11576
0.723823
3.57599
2.00619
5.00505
1.52353
4.00463
2.42612
3.86113
11.5888
3.07885
3.60261
1.16972
3.01579
2.24317
5.56645
2.39642
8.47877
4.55024
10.8159
6.48416
2.54631
6.65289
2.55769
1.87417
4.62694
6.73283
8.60378
11.7978
1.11918
7.73403
3.75851
4.99452
2.56586
6.21732
5.11101
1.61281
10.0973
3.50109
5.78637
1.15542
3.23859
5.7885
1.16631
9.69596
2.546
4.29117
6.29538
2.19067
7.93088
4.25834
11.7393
1.20996
2.73701
4.62843
2.74162
3.96379
10.6722
3.22254
2.66277
5.09541
6.08137
3.44136
10.6686
1.19357
6.53941
6.31172
0.959695
8.55325
1.86765
1.83121
0.790729
5.32629
11.6242
3.86048
2.33494
1.8671
1.08364
2.48264
1.28943
0.628377
3.16501
5.96892
2.44058
2.20939
0.450728
3.85311
1.43138
5.17426
1.00703
2.20307
4.05095
1.42491
10.0856
3.7795
1.43825
3.09819
3.0768
4.71799
3.45714
1.04916
1.62969
2.47764
1.81137
0.870745
10.0208
4.44645
1.17215
5.92478
2.24639
5.08038
1.75521
4.51882
1.79163
2.17059
1.23532
1.36667
4.35838
2.40379
6.28982
5.53375
0.870559
1.80544
13.2568
2.8654
3.48018
2.89065
4.17081
2.90454
2.05956
1.85165
2.49041
1.68339
4.20152
2.8287
2.76111
5.27803
4.96539
3.69268
2.08751
3.017
2.17204
4.72718
2.83899
1.38745
1.48651
10.5052
4.48579
2.63613
3.31275
5.761
5.3161
0.854187
4.82703
1.58456
2.65785
6.79097
5.32849
8.5101
3.94613
1.35577
4.61499
9.43151
7.37421
1.48914
0.552671
4.26175
3.02534
2.69837
3.73689
4.32018
4.22984
1.78414
1.66372
2.23569
11.4516
2.47342
2.75119
6.61786
2.12198
1.96156
6.78351
0.577836
7.09945
5.42984
3.09974
1.03265
11.476
4.65504
0.81388
2.6499
0.733781
5.06668
4.23421
4.04655
6.20995
3.55548
5.09921
1.72766
2.54851
3.77924
3.47616
4.14249
2.49383
2.03101
4.93413
3.05339
11.2286
4.72892
0.932673
4.84301
3.47953
1.98345
5.41386
2.24213
1.88303
3.14072
1.71975
2.59179
3.35165
5.70708
1.20254
3.48248
6.41834
1.4413
1.39014
6.99766
1.74742
0.738371
3.72364
1.45862
1.89584
2.86387
3.11112
4.69618
2.95403
13.2434
9.20843
4.52466
6.67037
2.27826
4.94005
1.00145
1.6421
3.89836
12.2415
2.69811
8.29423
4.60919
3.35131
0.940679
0.997648
2.60799
2.01463
1.36806
3.07652
10.2685
2.45708
7.78368
1.80462
3.49251
2.07232
5.377
6.29904
2.52988
2.28697
6.94163
5.61025
1.33807
7.85368
3.58075
0.764488
5.58655
10.172
2.26963
2.11197
3.41909
2.29086
1.56848
1.23376
0.918019
1.71836
6.72027
4.58245
3.24062
1.62656
2.97282
5.25035
14.9782
4.40868
9.79288
2.08305
3.68886
1.09293
1.6526
7.72999
4.11593
8.69164
1.89796
9.10742
4.56704
3.30308
1.01924
2.0373
2.09207
3.96437
1.63577
1.577
3.3094
10.79
4.00582
1.87941
2.72024
3.57174
1.30608
5.64454
2.23132
4.44453
3.353
1.17359
4.02584
0.48349
2.09265
12.9203
3.96001
5.49063
1.75359
5.31971
2.23835
2.91218
5.79893
2.94879
1.74512
3.06332
2.00162
6.49474
8.89481
2.56526
6.49691
12.3735
4.53943
3.03344
4.11322
3.12214
3.72305
5.36287
1.88965
1.95937
7.23254
2.79057
1.65472
3.10113
0.961888
4.3048
3.55683
1.66045
1.7315
6.28564
4.10029
0.988081
2.10873
5.64413
2.67032
0.29162
5.83852
3.36551
1.72956
0.81772
1.4651
4.87929
1.62762
3.16293
1.92901
2.05686
3.56466
1.49115
5.27432
4.05919
1.05508
7.22444
10.7528
4.12341
7.50928
1.17632
2.66926
2.75566
0.686743
1.61356
5.85774
6.85965
2.2427
3.55478
5.05444
3.963
6.33384
1.84648
0.279122
2.1534
3.32175
4.4174
0.879701
1.33619
4.86452
4.55371
3.59998
2.53291
11.7706
1.04807
1.17483
1.03206
2.16977
5.05606
6.45907
4.57062
1.38324
1.51548
3.68209
6.75178
4.19401
3.60923
4.35712
4.34523
2.63806
1.96979
2.38679
6.97673
4.23568
1.93362
4.27226
4.07342
3.98853
1.49856
3.52963
4.28426
2.78554
1.22682
1.53437
5.67971
3.03955
3.09435
2.87469
2.53643
0.683451
3.228
2.68387
3.46576
3.73418
5.07629
3.96331
1.38218
3.2202
4.33969
2.10991
7.63088
2.21141
12.4281
2.74197
13.4145
11.6391
4.81678
7.21077
12.0027
12.2374
4.11868
1.77884
1.98208
1.60315
1.34257
2.12636
2.84296
0.811329
1.23149
1.14576
2.39546
3.55934
4.08971
8.71182
2.18002
5.53918
3.03666
2.21327
3.39342
4.64276
3.03746
3.52825
6.89963
2.18841
3.1556
6.84237
2.07124
3.26708
10.6474
2.10263
1.84238
1.61566
13.9279
1.05095
5.49809
2.18729
7.15308
2.62609
2.24432
9.07307
2.06059
2.18555
2.744
5.92953
2.6474
3.07924
1.09385
3.49002
3.73491
3.58746
1.49067
5.56011
2.08067
7.51088
8.00365
2.87819
2.75729
3.38076
8.28097
3.13904
3.20585
6.72326
2.90553
1.06684
0.697223
1.76361
1.47644
4.18853
3.84533
1.48967
7.19329
2.34621
9.3686
5.50625
4.32798
4.24451
3.48977
4.29982
7.57121
5.95141
1.58208
1.57173
4.93306
2.7902
1.85158
1.27714
2.63447
3.78453
8.34918
1.50515
3.92669
3.98326
2.91358
3.144
3.91703
1.7897
2.53962
1.81174
2.0844
2.07246
6.40964
1.5278
3.8207
3.18593
4.38901
8.06448
2.08616
3.63494
6.89769
2.65456
6.9192
2.16454
1.43116
3.87995
3.51951
3.0417
3.56114
3.82668
11.9038
8.5836
4.43801
7.62123
8.96765
5.99332
3.40564
2.99596
5.60339
3.24318
6.37805
3.63647
7.0482
5.08183
1.68194
3.27756
4.48565
2.70942
5.35434
5.67822
4.91259
1.46272
0.724262
4.36424
5.84425
1.92339
9.03255
3.23357
10.596
5.51807
5.55983
3.56124
2.25872
4.34747
2.18612
3.44864
2.0754
10.6521
1.18287
1.30036
6.82768
3.80173
9.09808
2.8037
1.0756
1.55508
1.96816
2.71872
0.835456
2.635
5.01181
1.5917
0.905894
12.5598
3.48239
0.715094
7.4377
1.89282
3.41287
8.18421
1.83726
3.73273
8.41891
3.88593
1.00463
8.39581
1.19087
2.8594
5.87748
3.40214
2.49415
1.89599
3.41806
2.86733
4.42315
1.2466
4.40916
3.3873
2.23836
3.80768
2.72785
2.72881
14.9854
1.89716
1.59171
2.4102
6.10751
7.44276
4.90759
2.23206
4.57535
1.98421
11.1875
2.45736
5.06891
5.02921
10.9551
1.57073
4.37004
4.16492
6.95119
1.78866
9.00728
1.16703
1.42335
4.02613
3.525
1.59786
0.80575
3.20367
1.80113
1.39887
2.04735
3.5344
1.60104
5.66968
3.2599
5.62788
1.84934
0.858263
2.57505
1.80237
2.52954
8.25465
1.8898
9.01454
0.731328
3.1315
2.74828
3.5558
6.49848
6.38232
1.94115
0.619275
2.29549
4.08968
1.53082
7.49133
3.32127
3.11981
0.295051
3.88714
4.27054
0.760216
6.93082
5.83014
1.90051
1.87668
6.56366
0.371685
1.10153
4.32699
1.94205
6.24408
3.05649
2.64025
1.99676
3.01955
10.5235
2.39917
2.58891
14.2598
0.7429
2.76574
1.29064
2.36633
2.08088
2.51624
3.40465
2.5046
5.71637
7.84458
4.90867
1.801
4.43537
3.84299
3.28591
2.68508
2.51077
1.99293
1.25473
1.9778
8.95022
4.38154
3.77557
2.10159
2.30609
3.94677
10.7588
4.64278
2.69419
1.75219
2.77832
2.12354
4.01221
4.69867
1.9886
6.67776
4.38425
3.01117
1.08871
0.693139
7.89188
1.70239
12.6761
1.54679
1.916
6.06736
1.98889
1.99386
1.54313
0.311988
4.66461
8.02746
2.49377
2.80101
5.566
6.73851
1.14416
7.6069
7.54005
2.22066
6.01417
2.17467
1.12859
1.49215
3.17136
11.1968
5.40324
2.92353
1.23739
2.08428
9.99409
7.55973
1.85245
1.54723
4.39191
1.56876
0.481357
2.51208
4.55461
1.71382
2.67308
2.76097
0.877
2.79401
4.64462
4.50417
2.10417
3.26364
7.42577
3.22622
2.41071
1.73442
2.93818
3.38905
2.42159
2.05157
3.54532
6.2619
1.0346
5.51594
3.25477
4.06175
0.563921
2.06396
3.60592
4.87992
0.973131
1.2039
2.99136
5.43067
8.89576
8.12541
4.49907
3.81941
10.2372
3.3768
3.11389
4.1229
3.31867
1.15601
7.27074
2.92481
3.5849
5.60788
1.76231
10.0452
2.34425
0.786683
3.76171
3.87745
5.06697
1.07677
1.96149
3.892
6.30897
1.99385
11.692
2.90115
1.6665
1.97709
1.50933
1.94085
5.62125
5.52146
2.02693
0.658811
7.03255
5.62804
2.93452
2.5736
2.40585
6.58495
3.82748
2.66768
5.26088
3.77778
1.30027
0.729046
7.37128
1.53724
3.34075
1.08563
3.76272
2.79494
3.05157
1.43499
3.03122
2.34334
2.66066
6.05436
3.55106
0.663186
1.59826
5.81754
4.61701
1.19962
4.60714
11.9279
5.13886
3.89788
1.44006
3.68293
2.9667
9.46702
6.76756
5.8805
2.13891
3.25507
13.922
5.59511
1.2694
3.80788
4.77387
1.82431
2.12939
4.83956
1.84101
3.79412
0.46547
3.64942
0.953934
0.687377
2.83723
2.2667
3.42349
3.29275
5.60842
5.35113
1.24181
1.37674
3.56799
6.07257
5.46462
1.49033
5.88224
2.53394
1.15928
1.66019
2.26625
6.1022
1.99726
2.52952
1.81245
1.63822
2.64452
2.23793
1.08254
3.03617
0.86976
2.65277
9.48368
7.63504
2.72468
2.89779
2.05739
1.16775
6.944
4.11648
3.53521
12.5121
6.24983
4.73082
9.5227
9.54001
7.40485
4.39682
1.92571
6.16782
7.29508
2.12035
5.38129
1.3581
1.10428
0.398722
3.0513
5.03774
1.44167
6.48156
4.12565
1.37075
2.7269
7.00658
1.86921
5.5477
10.3263
4.28676
0.190302
5.59115
1.27912
3.4154
5.42312
1.72695
13.1745
1.24638
6.84779
2.66827
3.86487
2.81978
2.42924
1.66374
1.02113
12.3383
7.88267
0.744904
2.20699
2.44669
1.89952
1.87311
7.67084
2.9561
7.10469
9.98739
3.35827
4.19998
1.09937
2.49893
3.17113
2.65521
1.42946
2.43165
3.85361
1.34127
4.55477
4.37283
1.47083
2.97878
1.79386
9.18528
1.63137
2.24157
7.22392
3.02257
2.67345
2.81885
4.31921
3.97929
6.99653
8.08014
2.47577
4.19375
0.861706
2.6513
8.68722
3.7631
2.70354
0.33909
3.1997
7.04763
3.96975
0.32316
0.874705
2.35071
1.05931
7.99747
2.09236
4.50232
2.01917
1.15768
6.14931
10.3654
6.44162
1.08561
3.74603
2.40173
1.24119
3.14056
2.49625
2.24665
2.86368
2.42975
8.42208
1.40172
2.04897
1.26306
5.42256
2.73675
2.42469
1.36328
0.861465
0.547596
1.06312
3.39329
1.11238
1.10892
4.93809
2.16498
2.97396
4.64999
2.89427
3.99312
1.62635
1.52377
2.75801
4.68528
3.56898
2.00464
1.97867
1.85119
1.56712
3.78553
4.31136
2.64401
4.13204
0.551962
1.83056
1.98018
0.637429
2.29482
8.11976
3.35668
4.52543
5.15282
11.4862
0.972594
2.91103
1.81111
10.412
1.05203
1.54317
1.69568
2.15484
3.52887
3.64626
2.68106
3.76907
1.47104
2.29301
1.91128
3.31638
2.01548
1.88903
10.4603
6.40458
1.51532
2.06556
2.59088
8.03524
1.83314
2.06334
2.84213
1.54937
3.20121
10.0437
1.57158
3.37933
2.9071
2.24812
3.86943
6.12577
1.41469
1.86437
9.99762
5.82738
1.04774
2.07368
4.49786
5.57525
10.1949
3.41322
0.714528
2.7181
5.15237
4.58123
0.719477
2.19126
8.26256
2.74748
7.82186
7.42469
2.59214
3.3536
12.2781
0.56149
3.62481
13.6586
2.68397
2.55043
3.36885
0.879493
0.790113
4.69882
8.61419
2.87693
5.86171
0.922526
4.41524
1.1667
3.33706
3.07997
4.07561
5.21785
6.26676
3.19211
5.2255
1.89149
1.58342
2.62845
7.8568
2.69941
1.10803
1.85785
2.55928
4.30689
1.37116
1.88446
6.21405
9.80819
2.73071
6.9976
1.65296
4.35984
2.09884
3.86752
13.1024
3.57704
1.71671
1.42938
1.47176
4.05706
1.42828
3.10153
3.53796
9.79065
3.50434
4.59391
3.27339
8.02243
0.740393
1.02138
3.73643
2.90084
4.95057
3.47597
5.51188
6.26248
1.78113
3.92439
1.98448
1.65024
1.33755
3.25573
2.28375
6.2541
2.15806
2.52234
2.26866
4.96446
7.04282
2.16775
2.02438
1.03134
2.64998
4.48642
2.22125
11.7633
1.57277
0.974388
1.36692
14.9117
7.20376
3.9324
4.86049
4.65982
1.35145
5.10787
2.21879
1.63421
1.96348
2.90124
0.820404
3.21104
6.99242
3.38649
3.17028
1.39063
0.582403
3.28358
4.32128
2.70627
2.06308
3.54228
2.21854
2.72474
4.99514
2.74517
2.82332
2.62226
1.57662
1.31062
1.704
2.5706
2.09042
6.44779
6.35468
1.61235
0.65698
5.33008
1.62437
4.46163
3.95087
3.35826
3.5544
3.5768
7.45677
2.85719
0.994953
2.46202
4.22138
4.60208
2.91618
1.18732
5.49506
2.74645
4.83861
8.78289
5.44953
2.17168
2.38388
6.7299
5.55097
7.71266
13.5362
2.47418
2.69064
1.33704
3.7595
5.85473
3.05186
4.20589
3.10094
3.0663
1.68387
14.174
3.99989
1.61894
1.65561
0.785906
1.43696
2.85132
3.745
2.64402
6.84119
7.28143
5.14112
5.03268
6.55702
3.55405
5.79807
5.78755
7.41563
6.10802
1.27053
3.46166
8.82838
2.36291
1.3694
1.88564
2.10011
2.32935
1.96499
1.23803
3.44836
7.13704
1.75982
5.90037
2.6087
1.67291
2.3402
6.49995
3.3738
1.13954
10.3856
2.61267
1.48353
2.50314
3.97845
2.58319
3.43739
3.45104
1.44192
3.70172
12.9179
1.08337
2.03194
4.26022
3.38886
3.85603
6.95099
1.6196
2.89679
8.28089
3.75634
1.54672
1.30875
3.10767
7.05049
1.74768
1.79942
2.29614
2.31146
8.59999
4.14074
4.99689
3.62215
5.49805
6.2273
5.95788
1.45238
14.8589
6.10977
2.33707
4.66481
4.55277
14.2158
2.2674
12.8896
0.84631
1.79642
3.96927
5.74426
2.23846
2.29012
5.18457
1.14397
10.7258
1.93751
1.70003
2.09473
5.18279
6.00075
8.22896
1.93104
2.07388
2.74746
3.95137
7.2019
4.85215
7.55324
6.54835
2.08793
1.20108
6.18833
1.03717
4.44636
3.65799
2.48298
6.31343
2.27276
4.38807
4.82246
3.13943
1.90231
2.77475
6.59692
14.3752
2.0001
8.18801
1.10815
5.917
3.70195
1.7305
1.40743
9.53178
3.2688
3.62561
3.41562
4.1558
5.62422
3.24244
1.66305
11.5503
2.09709
2.53749
4.48807
2.92595
8.71842
6.7057
6.25238
2.11159
4.23686
4.03099
2.28729
3.87781
6.96597
1.6632
1.47345
11.8627
2.73349
1.37384
1.84819
3.78022
1.71373
14.3218
7.14938
4.33206
2.68211
2.33524
1.67381
3.104
1.5297
1.24727
8.67615
5.90459
3.23003
2.04184
4.93877
1.56847
3.5156
11.9053
2.13089
3.77187
9.64194
5.23933
1.15496
5.92133
4.43811
5.1476
1.17252
4.89508
9.2589
2.50591
2.15728
3.42858
1.77846
4.38375
6.60418
4.72957
3.02948
1.88107
4.71351
9.19577
3.62506
3.16595
4.16397
2.25853
4.31215
1.91171
1.48137
10.2434
2.54091
3.50534
1.2869
2.1612
1.8452
2.0633
3.15831
1.37844
1.2181
4.00079
5.6641
1.97293
2.63382
0.354295
5.93179
6.37514
12.1134
8.91669
3.20252
3.30694
1.91461
5.34489
6.31469
2.71208
2.86218
10.2496
3.43809
3.23561
2.29491
2.85533
3.40172
4.03001
2.1651
2.80923
5.88453
4.74217
2.20153
1.2649
3.5187
1.15332
6.05303
2.37709
2.74651
3.86086
6.90343
2.82834
2.12496
3.05059
2.31067
4.23212
4.69341
1.33811
3.12224
0.456715
3.59021
1.61616
3.52501
3.90884
2.2439
7.09179
0.56505
1.93779
3.78665
2.05336
4.16103
1.40646
6.40972
2.13479
2.27847
4.8679
7.72918
3.35428
5.73018
6.00813
3.18105
3.00645
1.9818
6.91354
1.29825
3.54753
0.940499
2.49226
3.77678
2.18201
2.02725
5.3826
2.70411
8.71614
5.78315
8.33162
1.56814
2.02271
3.55913
0.634444
2.28664
3.8265
1.27617
5.81559
5.47106
12.4375
2.88828
7.21138
1.31829
2.15014
4.00388
7.79244
1.27611
14.4571
2.41904
3.82087
4.91207
5.61121
6.85099
4.50653
2.90975
1.50416
6.69834
3.77198
2.51707
3.08332
3.44058
11.5009
2.63894
3.01629
4.03489
2.28997
2.68031
2.34776
2.98278
4.61521
7.12898
2.29492
1.54945
7.64427
6.18311
3.41027
1.86747
1.46898
4.56015
3.8299
1.47294
1.25015
4.20694
8.96864
2.1473
0.527291
1.8954
3.45337
7.26948
3.69913
2.29175
1.37973
0.861466
4.81982
4.45699
2.45989
2.71634
3.851
1.19815
3.77276
3.35788
2.75036
1.27755
6.81638
3.07326
2.41714
1.62975
12.1244
10.8367
0.579325
6.26502
4.526
5.14183
1.41958
3.32549
3.65208
2.86537
3.6713
2.93456
1.71918
4.20483
9.7499
5.90336
3.23535
2.99918
3.47455
2.36356
3.40385
2.16188
2.15332
1.98408
2.32581
3.81866
3.61175
5.03544
4.66191
4.02598
1.77177
3.83728
3.29142
2.39602
2.35656
4.52804
3.60371
1.08793
2.50139
2.78836
0.880622
7.68735
1.56832
13.5132
10.1709
7.58592
1.20235
3.00889
1.36919
7.63382
1.12508
5.30419
7.0973
13.1048
7.71583
2.76424
1.17731
0.754397
5.87914
3.00085
3.40718
3.26759
3.53678
2.48373
6.4441
1.37735
2.7037
0.766299
7.12724
0.871183
2.91053
4.22971
2.60207
12.4203
1.40554
1.65465
4.20538
1.05749
3.00714
3.28404
7.00095
1.76156
4.0169
2.22661
10.3217
5.40372
4.69122
2.09417
7.60026
1.06048
2.79655
1.91426
1.27767
13.3805
2.84384
1.74603
2.73499
6.9857
2.26716
5.71023
5.01775
4.63532
1.64498
13.4727
1.79399
1.43094
6.92051
5.36589
2.00966
4.46601
2.97235
8.07642
4.95426
1.3571
1.89965
3.31471
2.60906
1.64254
3.17129
5.04575
1.08732
3.45383
6.01061
11.735
2.98992
6.24484
9.59341
2.53521
1.90437
2.47617
3.20802
2.65765
7.67816
3.54285
0.219832
2.33773
6.35486
1.64555
1.78439
3.35566
3.11561
9.75519
2.384
4.85041
2.14906
9.75986
3.28515
5.18464
1.60155
4.66406
3.38132
11.978
3.69995
5.15931
2.50437
3.55514
3.94004
2.89462
3.31338
4.55469
2.89705
4.06563
3.15295
4.27157
2.38796
3.09619
3.11433
8.28815
1.90477
1.17563
1.84662
4.25059
1.40606
4.20135
8.41681
0.925162
3.24247
1.03567
1.27855
1.77251
5.13695
2.25575
3.7458
1.36872
2.83612
6.15335
1.17275
2.76185
3.18325
6.10222
1.90673
2.37031
1.48758
5.89633
2.4846
2.74833
5.87054
3.91568
2.61698
1.89535
4.52312
2.74584
2.59518
0.745295
3.66775
6.3851
5.33064
3.48394
2.58954
3.47809
4.01592
4.36223
6.34037
4.88566
3.63691
3.5289
5.04076
2.33239
3.88995
6.28863
4.30736
1.61388
2.94446
14.5973
2.20836
8.50302
2.58667
2.61262
5.7301
2.64409
2.87773
10.0084
1.25097
2.68668
0.863188
6.32953
14.1078
4.63053
3.58193
2.64342
2.02026
4.81192
2.79058
2.31444
0.64522
1.43005
3.6034
1.41216
11.9757
10.0383
2.89152
2.61647
2.20067
5.28391
3.03545
9.0858
4.38589
1.78505
4.67672
3.02216
11.3662
2.58977
10.2039
3.71704
2.36997
2.57332
2.08978
3.65482
4.75344
4.10811
4.15873
14.5275
1.94025
5.02881
2.05675
0.961774
3.33918
0.218191
2.61714
5.7814
4.11029
4.58626
1.87802
2.06805
5.33052
4.00298
6.19973
1.14953
3.76756
6.83056
1.38397
3.98111
1.65386
1.32406
3.69948
0.551782
4.23729
0.788842
5.61876
2.47711
1.64377
4.85399
4.28314
10.5431
3.88567
2.70854
4.51092
1.52073
12.3842
0.964273
1.88839
9.28078
3.53602
2.4477
3.65073
2.13494
2.97494
2.34477
5.38571
2.38034
4.079
2.9338
5.48335
4.18972
11.6665
3.43376
3.36315
1.94312
6.70382
1.57296
3.81789
4.21488
5.85797
3.63619
3.76
2.44999
3.83974
5.14455
0.972247
1.23678
1.96226
4.0779
3.23336
5.44787
2.35777
7.36459
0.351249
2.05239
1.97797
3.94299
1.3075
3.5066
4.87938
14.3792
2.25858
2.84004
6.74142
2.07545
4.64149
3.99234
3.23568
3.09465
2.32046
4.19857
7.33282
2.51777
12.9462
1.45695
1.35739
5.55553
3.41979
1.76659
1.42358
2.62487
13.1889
2.67211
0.438589
7.7831
2.25832
6.70353
1.01715
11.8076
3.30513
5.32396
1.85879
2.44581
3.90493
6.16774
1.9894
5.05405
5.59291
1.03219
3.50804
2.88677
4.11234
4.04755
1.0992
1.69409
10.6742
4.07887
0.704102
14.363
1.83897
1.85047
1.08479
2.01427
4.081
4.86786
1.22749
2.49105
1.40913
6.16189
2.54817
1.16223
7.82942
4.95734
5.39265
4.28423
1.20245
6.50739
4.55802
14.1407
11.9907
2.51273
5.5538
2.97906
5.3712
7.08017
6.7543
3.18148
6.92257
14.7094
4.75425
9.73627
3.67595
3.75998
7.31436
4.08316
1.76327
1.07603
6.47873
4.53174
5.3857
7.52368
6.7748
4.32529
2.94976
2.07834
1.54266
0.852558
7.63493
4.90034
2.82461
4.00808
2.09351
5.09211
7.71015
0.726219
3.05609
6.33052
2.2577
4.22411
5.92485
1.0887
9.58427
6.49949
4.13879
3.79789
2.69044
8.80755
2.60457
0.881289
1.02299
7.086
3.01609
3.17661
8.07394
4.21617
3.95059
3.42364
2.62258
4.78735
1.12539
3.32069
2.51593
1.09363
10.1097
2.51058
2.84609
6.099
4.76254
1.79329
4.29512
12.7622
4.33821
5.7421
0.940084
13.0439
1.73028
2.65175
10.8588
5.86755
0.935779
1.10983
14.1021
2.67347
2.42227
1.68621
2.75285
3.60406
5.27413
1.98301
1.73873
3.31976
2.46084
2.16162
3.30981
7.86324
6.35357
1.20615
1.5122
1.57575
2.49957
2.52817
3.1297
2.82676
2.6437
5.55629
6.20766
14.3653
4.13021
0.52297
1.40948
1.86004
3.33481
7.70403
3.07846
0.767977
2.496
3.89422
4.68358
2.77084
0.86848
1.75516
2.74479
0.455658
6.44295
4.03336
3.62059
2.33521
0.593206
5.58421
2.91812
1.39697
3.80184
1.81473
1.87637
2.17899
5.61208
1.26634
0.940463
2.17478
2.38057
1.59378
1.83545
2.20949
1.60105
6.54062
2.31363
6.266
3.21886
2.87708
2.18617
1.16667
1.61852
1.60365
5.71952
1.63003
3.96383
4.88949
2.136
3.98418
6.10446
5.88751
12.0093
3.64958
1.96765
3.8924
0.50063
3.03265
1.94394
7.28193
4.19278
7.19379
2.38532
12.0258
3.00736
4.95197
4.07239
2.49381
5.99534
3.68681
3.13713
2.78622
4.93197
7.8545
8.00787
3.39931
14.0402
4.79039
9.1094
8.68112
1.71903
2.22958
2.42237
3.19368
5.35613
4.28754
1.06929
4.90581
2.35829
2.85937
2.57921
2.98189
3.97831
3.83452
1.67943
2.74562
0.652506
5.1908
2.296
3.79512
4.70169
2.12752
6.92659
6.75251
5.71921
7.36304
4.57257
1.32864
10.0701
11.8733
3.01067
6.68755
3.89214
1.36753
2.26192
3.77409
3.53959
5.85816
1.84449
4.91937
2.72914
5.98359
2.01856
2.68693
5.20608
2.31491
2.50382
7.4861
2.3697
2.8019
1.38277
5.92676
10.0039
5.11878
1.00507
7.96812
9.5083
3.27971
3.03456
1.76347
6.23124
2.00714
3.88753
1.25123
2.33055
7.19518
3.64006
0.315774
4.42126
3.74646
3.21141
4.57649
5.48009
2.28411
2.57915
2.54811
3.77584
1.64171
4.1951
11.9742
1.23136
4.18772
1.68176
2.93469
3.67205
1.11673
1.06573
2.3388
6.86084
3.24707
2.96792
6.51731
2.96535
2.37042
3.67901
4.66107
8.91692
1.11347
1.90228
5.36791
5.92762
1.09093
1.42756
4.92473
4.30525
2.31756
4.09818
3.7935
4.8902
0.76005
9.72611
1.591
3.16219
3.12529
6.18324
9.70144
2.27825
1.79206
4.10656
1.58443
3.66607
5.53903
5.4904
8.19263
4.27794
2.7222
3.87427
3.58276
1.18704
5.2682
2.03814
6.17555
1.30154
5.52768
4.12007
1.0913
2.52947
2.44072
0.588584
7.46788
7.43309
7.22173
5.65295
2.6407
1.66367
2.57956
2.50744
2.9546
3.47824
6.90547
3.09091
2.27737
2.82952
1.55847
8.80565
13.4434
1.48201
3.76665
4.13311
3.37387
6.71884
6.98554
2.1728
9.6048
4.37965
11.8771
2.85491
2.15188
1.26102
3.7598
6.40206
3.37292
0.824291
4.90205
4.5346
2.80498
6.05679
1.80151
2.11156
4.44297
1.82918
11.9981
13.4774
2.973
1.83982
1.31776
6.52868
1.71568
1.03394
2.61065
3.67143
4.0927
3.94372
4.41061
11.4728
3.30251
3.37574
5.1385
8.92006
3.11674
4.23366
1.63895
2.6821
2.39748
1.95893
2.89819
5.17734
2.88569
11.8091
5.25875
4.48218
4.70279
1.70388
0.954639
2.46322
7.42942
1.92814
3.71198
3.2072
5.10031
1.2551
5.56268
4.49945
2.96333
13.1973
13.1442
4.91616
1.28096
3.11991
2.07561
3.08319
3.1312
2.98088
13.0101
9.98609
8.31953
6.60763
2.5071
2.25176
2.89991
1.86579
5.8663
2.97514
6.2803
1.99009
1.86993
2.97265
3.99992
1.37602
4.1949
3.85752
2.75756
10.226
4.15366
2.74357
2.2205
5.09306
1.73843
7.90476
6.85821
11.6916
4.13614
2.70894
1.17576
2.51841
2.17383
4.67343
3.05188
1.31356
3.40408
2.8472
5.63488
1.50648
3.41658
5.41099
1.44127
0.738693
3.86574
4.95656
4.1681
3.07194
11.4055
2.08539
3.60082
4.55036
11.0889
2.89613
0.647172
5.83079
7.70725
1.44446
2.95679
1.3247
1.39028
6.53555
7.43785
2.73853
1.94204
4.18874
1.3715
4.0615
4.91169
6.31686
3.93492
1.78515
4.52923
0.468627
4.4713
3.38725
4.11147
1.40898
11.0081
3.10072
4.0274
0.877844
0.802415
2.11255
3.00943
1.60669
2.9257
3.17213
1.97401
4.24708
4.41053
4.36118
5.50672
12.1961
1.49051
4.50253
3.88002
3.52954
4.04092
4.22832
1.80231
5.44691
8.03835
4.93558
7.40879
0.653558
5.70066
1.9696
3.4267
4.88683
11.8937
1.59792
1.26273
1.97256
8.54618
1.41661
2.45764
2.16891
4.0649
1.8228
6.0383
1.95539
12.1156
2.80166
0.865672
4.72675
1.41051
4.14137
5.83342
3.62935
1.66891
0.675177
1.28264
9.48354
4.10449
1.36222
3.43932
2.01174
6.11811
14.94
0.452279
1.48181
4.80667
4.63672
3.36665
1.79206
3.13369
2.23832
5.77577
3.89419
5.80528
3.01848
2.27135
2.36758
1.51437
4.05149
5.72813
6.32977
1.07129
2.60209
1.91306
3.2426
4.31816
1.37003
1.52987
1.39845
2.24392
2.60083
4.39575
2.19844
1.88761
5.90112
11.7438
3.13522
4.11862
1.62334
2.9835
2.5748
2.26033
8.10827
1.55999
10.5025
1.7477
6.4785
4.36583
1.65558
1.79305
3.33694
4.58749
4.63721
3.12156
4.86438
2.054
1.56082
1.38945
3.0901
4.91957
1.45453
5.06275
4.98708
2.40757
2.62224
2.21647
1.53181
1.26114
2.97157
7.10248
2.74246
3.19484
1.50501
0.869733
4.34876
1.44184
0.716714
6.23501
10.6241
3.22352
5.59365
4.91146
1.5863
3.33036
10.4764
2.77649
4.7336
0.4738
2.27563
4.28632
4.33217
1.60646
6.24782
3.98457
3.49716
1.48951
6.57729
0.61642
4.15691
3.5497
7.79202
1.25324
2.57189
6.80352
2.77666
2.91404
4.04601
4.51569
0.568072
2.28863
1.59378
3.08273
7.36236
2.12307
3.31558
9.71533
0.969966
6.92224
1.1079
1.73497
8.95471
2.88627
2.43242
3.21478
5.12331
4.6412
1.9883
6.49545
9.22944
7.03159
2.75994
4.93464
2.02694
1.37161
1.83737
4.81291
3.27174
2.45077
4.24706
5.76213
13.0421
3.58097
5.07972
1.92188
4.16013
4.70109
3.29607
0.912238
3.71798
2.34526
0.603079
3.12287
5.98516
6.36863
1.82707
1.34147
1.64108
2.55129
3.80812
1.57311
2.44704
2.91521
2.40197
5.37544
3.62146
4.74015
2.33248
4.14977
5.91212
1.82602
1.76499
1.24967
3.15215
2.5196
5.84284
0.79645
7.67019
1.90023
3.87133
1.61176
1.92192
3.61261
6.20851
1.00475
2.26167
3.08985
2.94372
3.66054
1.13756
9.29854
7.38102
5.16107
1.99816
4.52509
5.7079
3.66622
1.46868
3.11345
2.87736
4.03634
2.93211
4.44016
1.25113
1.3064
2.45711
2.14619
9.24723
2.29184
1.84246
2.39232
2.45636
3.68487
2.12764
1.38082
6.51628
2.39357
6.52821
3.58819
4.66026
11.9967
3.47335
3.3782
1.84907
0.898193
3.95386
1.40368
13.1766
2.75731
7.12388
5.29712
1.38367
7.33817
2.96953
4.49673
1.95738
1.51772
7.57125
5.56421
2.88451
3.96888
6.10805
5.98042
3.45013
1.25385
7.71066
2.08357
4.25651
3.41607
1.60312
3.12594
8.35072
1.43191
1.82002
3.41004
2.25944
1.53513
7.00751
6.63156
2.22874
2.43638
2.26043
0.416074
1.79583
1.37987
2.04042
11.9842
3.45495
2.4799
1.80046
4.77582
3.5536
6.07389
2.91952
2.02888
6.66828
3.85727
4.15204
7.74466
13.3947
2.5569
3.46414
7.17127
2.82805
6.81127
4.10306
1.56357
3.39573
1.05749
8.39921
1.91822
5.26247
4.69516
2.05019
4.22314
1.81245
1.71823
2.36614
4.13817
2.66581
1.52547
3.28942
1.66545
1.92933
2.53229
2.10118
7.70628
2.87582
1.34198
2.35512
0.699331
1.13739
2.23425
2.69084
1.46213
4.94966
1.53154
2.69013
1.79219
6.87107
2.84025
7.49108
5.47486
4.08538
1.53151
2.63163
4.59514
2.07217
3.21998
3.57165
5.45352
2.24079
4.54813
3.09994
2.65813
1.8849
8.23377
1.72985
2.06356
5.11766
2.64263
5.9083
6.58928
0.656046
2.21839
1.15636
1.71672
4.99824
3.24298
4.39562
1.9425
4.49453
1.01457
2.41138
1.81025
2.21477
1.5413
2.45669
6.67706
2.05561
0.898482
2.50074
4.25441
1.98896
1.97579
3.79776
4.5784
0.845164
4.12402
3.72962
5.62717
6.20057
3.37692
4.15543
5.71753
4.7672
10.7909
0.706239
7.67788
13.5368
3.2442
1.10147
3.82605
3.88623
2.66538
4.80692
4.56249
1.38132
4.36083
3.47633
1.03577
2.57729
4.14003
3.22707
7.67167
6.0168
3.74417
1.58917
1.78217
3.35923
1.86429
5.62384
3.93735
4.42698
6.13503
2.14476
11.8689
3.30352
1.05471
4.09275
1.013
10.0077
2.24851
2.45584
1.81652
4.89581
4.93499
1.00672
3.22823
7.2182
0.786129
0.457494
1.01876
4.70689
2.59316
3.42998
1.34031
1.81018
3.52989
4.57353
4.56586
3.21356
1.34969
2.9099
2.73602
3.40458
0.985775
2.26929
1.93046
3.5689
8.10566
1.71951
2.22214
3.91781
3.67422
9.10929
4.96432
3.60267
10.5466
2.58168
1.73938
4.04408
1.64808
11.3418
5.64514
6.33947
8.8774
9.16995
7.67951
3.97797
1.85819
1.63843
2.91411
8.71255
3.81044
3.34063
1.63073
2.81189
2.61291
2.71408
6.10604
0.684262
14.6746
3.27533
4.54375
3.15996
5.41243
4.35685
2.5219
2.37481
5.261
1.87726
1.57778
4.37126
5.04533
8.85812
2.3505
0.90904
1.00308
4.2032
1.55338
2.3119
3.22708
2.34268
2.51354
1.94985
4.5424
1.10951
2.96597
4.19432
4.92213
1.4273
12.0784
2.15756
5.1639
9.70391
2.76654
1.7654
4.1524
2.44389
2.58527
1.53769
2.09883
0.674825
1.99099
0.80076
2.91599
4.00628
4.16898
5.36954
1.74281
1.63108
1.19582
12.0984
2.60801
5.43065
9.66225
1.26752
1.07448
3.65901
1.90365
0.765108
5.48985
4.70448
2.73031
1.45648
2.35746
2.10154
2.48847
1.72858
3.96793
6.71366
0.936977
1.80036
4.70981
8.84025
4.98956
2.73713
2.47973
2.57989
1.07722
1.79991
7.10198
4.17673
2.39902
0.258639
0.730265
4.17041
3.83116
4.0219
1.97514
2.84978
8.46543
1.62571
2.25855
7.27221
3.08082
3.06435
3.35023
2.72148
2.57992
1.6765
4.85554
5.35608
1.53799
1.79697
3.24378
1.97047
0.860315
2.23998
1.04669
1.74898
1.55016
9.90292
1.68981
3.85249
6.11859
3.8627
6.86022
1.37838
2.68453
1.30048
2.07482
4.75375
2.61875
6.88918
2.5534
1.42688
3.7041
4.57717
1.51026
1.38735
7.41929
1.72504
5.46159
2.38794
2.49203
4.05242
2.74614
6.42817
4.08555
1.6476
2.58218
4.16797
6.28685
5.34519
2.96758
11.235
1.53535
4.50321
5.20432
8.33519
1.08782
1.17737
2.64
9.49809
9.47108
3.21543
6.22888
2.29595
1.05308
3.47821
1.0047
1.97452
6.16879
4.93928
2.40934
11.3764
3.99408
4.18033
0.513503
2.03076
2.44832
12.3454
11.2059
2.49162
8.70791
1.98465
2.20019
3.28941
1.34835
12.2412
2.16523
9.85275
1.62079
1.09758
2.95321
5.05757
7.9258
1.91685
1.25834
6.98909
3.88227
6.01502
0.907298
4.18067
1.52619
8.83482
0.811509
4.22646
9.77638
1.86375
1.52966
0.812398
1.51255
0.843757
3.17986
2.50788
3.67206
5.80156
10.6106
2.45859
0.262163
2.30354
3.84615
4.78415
3.22383
3.78898
4.84019
4.23782
3.14002
2.46365
4.91121
1.87335
4.66062
1.57575
1.29836
3.49626
3.72464
5.18328
1.66114
3.11867
0.607493
1.33577
11.3998
1.34938
6.12213
4.47479
1.44306
4.10478
10.4766
2.24786
2.10902
2.95011
3.04586
1.09721
2.31076
1.05737
3.50965
1.98747
1.27495
7.83801
1.48968
3.31528
1.25956
1.58183
1.26375
1.77087
4.20819
6.74668
6.91012
1.89317
2.4296
0.90767
7.00835
2.51286
1.02967
4.1138
2.68693
2.9358
1.27839
5.13882
8.57915
3.16776
5.15871
5.29677
4.42327
2.34942
2.70408
2.45205
2.58487
1.90389
1.94532
1.00766
2.51849
2.1539
2.911
2.39523
3.56304
14.3875
2.73334
2.80875
4.94745
10.6177
4.52161
2.04151
3.57727
7.021
6.60581
1.14039
10.349
1.50195
1.49635
1.96815
3.1206
1.17056
1.8275
7.72172
2.85597
7.70851
5.78625
2.33997
7.57238
5.95824
3.03221
1.33413
2.96415
3.09248
2.39631
1.76862
3.52688
8.23964
3.60957
6.16939
2.89128
7.62936
4.49737
4.65155
2.49601
2.24028
2.93152
0.739577
1.95143
1.84323
1.23576
2.59835
1.89164
1.88117
8.82411
2.17505
5.47743
1.37299
2.152
1.68395
3.43366
5.73816
1.43543
1.39671
3.89485
2.53861
3.89741
2.02283
1.23119
10.9084
11.2351
2.85756
2.35108
4.56152
1.73156
8.17158
5.73978
3.0509
3.98322
1.14555
2.76004
5.68123
2.6806
1.08486
8.67134
2.95982
1.77016
1.74063
2.09688
4.62064
0.920182
2.29266
1.42469
1.94372
2.10792
3.75868
2.81925
1.41182
3.83808
3.49447
10.821
1.03714
0.519471
2.44788
11.4539
2.64413
0.871871
2.34827
2.0052
3.69062
1.9545
0.998621
0.887621
2.29628
2.11448
2.22229
1.79697
0.840275
3.3092
0.853255
4.71662
2.62392
2.01587
2.56189
3.38915
0.916607
3.83183
6.25437
2.72544
8.13037
11.7249
6.35212
3.44974
3.87141
5.12066
4.91052
2.73459
2.61383
0.739745
6.29464
3.52963
13.3728
8.07531
1.61816
6.53432
3.43529
2.2658
4.75104
9.21094
3.56729
3.95652
1.80795
9.60982
3.80619
2.0935
4.31571
2.46834
5.69294
0.980104
3.88441
14.2731
10.3696
1.76629
1.439
3.56362
1.31921
3.15497
9.33892
3.12266
8.66613
2.99922
3.34255
2.59125
10.592
3.9352
3.30533
3.40066
5.5552
2.96114
1.77412
1.86929
2.64934
4.21765
5.89391
0.734839
2.15786
8.16227
2.27899
4.50062
1.94099
2.11092
5.55348
3.47401
1.17674
3.58885
5.58414
5.40841
7.85063
4.69206
0.698507
1.53827
3.55707
6.61206
3.05342
0.866244
2.5373
7.05413
2.48834
5.26336
6.86485
3.35018
12.4423
2.60363
11.6641
2.02689
1.51273
2.46912
2.15038
1.43445
1.52415
2.38393
3.86771
1.87562
1.92478
8.33191
2.53559
3.3003
5.45671
0.971418
5.84583
2.91815
1.56592
1.17536
5.04501
2.13261
1.50843
4.76494
0.532563
2.13634
2.1391
3.48253
3.01562
4.77361
2.06979
2.25959
10.0375
4.14602
4.12082
1.87959
3.17802
2.98496
10.4093
0.984506
2.03
3.71569
2.68378
14.7694
1.76356
5.24091
4.78577
3.14136
6.69848
11.1756
4.07918
2.50232
3.35862
3.78879
4.0326
6.30483
8.02666
3.52609
2.51808
8.10237
3.14429
9.43612
9.33862
8.20733
3.44393
3.46576
4.73254
3.3954
1.91185
3.39016
6.21066
1.49529
3.97883
1.62577
4.45245
2.63872
3.09132
2.10003
4.08049
9.87683
1.13697
2.72175
2.53657
3.16638
3.47054
2.21949
4.12026
4.76349
0.575123
1.93369
7.24813
7.83489
1.57132
1.7807
3.15745
1.3685
2.61985
1.47547
3.38819
1.86855
1.43427
4.80115
4.34701
1.77433
2.35378
7.02437
1.81158
1.52634
1.99702
1.19857
3.55383
1.83392
5.70527
2.22025
1.51702
0.695422
1.66636
4.91691
4.14059
5.07779
1.57402
4.36
2.83617
4.87062
1.5501
9.39803
11.3017
7.46006
5.3608
4.15707
3.39196
3.767
7.37191
3.29513
4.56498
4.39406
2.98843
1.24043
2.90161
2.3495
8.41221
1.7381
3.67226
5.07161
2.27269
0.965068
2.89903
4.22715
9.9872
3.53711
3.0493
6.59862
4.39632
3.059
1.05482
8.39601
2.20376
1.8198
1.04227
1.62981
1.62518
2.44609
5.3894
5.78522
1.1853
3.93216
2.52967
3.79634
7.09902
10.9596
4.4568
1.63396
2.32366
3.05124
9.09422
4.58693
2.95013
2.93235
3.15723
9.31506
3.11615
1.89014
4.23092
5.10421
2.69216
5.41685
2.54187
6.39519
2.12237
2.76743
3.79112
2.37448
8.40217
3.82033
0.619939
2.81967
0.565576
5.56963
5.37968
2.92046
3.09062
2.16084
4.98662
2.25855
3.09628
8.55813
7.53369
4.45703
1.62653
2.16892
5.21614
1.20965
1.18459
1.34481
7.09307
0.68751
1.95152
1.50202
1.99393
4.31106
5.33916
4.27288
3.02468
8.62511
1.71098
2.88075
7.27209
7.99549
5.2471
2.13423
1.01937
3.30465
5.65026
2.06451
1.76717
1.35545
1.58871
2.0123
4.31179
14.5592
4.93325
1.06843
6.14337
1.4542
2.32769
1.65277
2.19763
0.287638
2.56307
5.64534
4.44412
2.04432
3.29637
5.87077
5.3845
2.79253
3.18941
5.54691
1.91329
0.727662
2.29269
0.72106
6.76533
1.66964
3.98278
2.13352
5.83514
1.60332
4.69097
2.4258
11.5547
2.82606
1.15542
6.43534
4.18979
6.42021
1.32178
3.31724
3.38897
9.22293
3.97736
2.67104
6.58024
1.41557
4.48877
2.27161
4.64014
8.81855
2.65358
4.31683
3.76467
5.28314
3.69122
1.93101
0.574152
4.72455
2.80357
2.33857
6.63535
3.41237
2.48563
4.95327
8.62443
3.45928
3.29921
2.37955
1.87098
3.46272
3.57545
4.26499
1.97042
1.0097
2.71731
7.23157
2.83599
5.36393
4.31003
3.18127
1.34447
0.464519
3.28462
7.01436
2.70799
1.7813
2.07505
2.73632
2.84401
0.835042
5.62177
0.792588
6.02259
3.70506
4.30613
0.770336
2.53469
1.26444
5.42075
4.60456
1.71444
1.45964
5.50368
9.03678
4.32995
1.89055
1.90871
6.10846
5.70218
7.05648
4.35009
2.03613
1.74302
1.79983
1.68921
3.21279
5.61234
5.61163
13.2543
3.15421
2.89827
1.00628
3.57016
1.24368
3.05953
10.2536
3.1504
0.423285
2.68116
0.797705
1.76837
3.18403
2.36232
5.27656
5.18361
3.73224
2.84913
2.39333
0.303991
3.03857
3.80978
5.0721
3.17648
1.26141
2.23419
3.7249
11.5081
6.63018
1.99918
0.379276
2.42608
1.88594
1.9526
3.10286
9.57153
2.46407
1.09526
12.57
2.9798
2.52812
3.7725
6.68403
1.08036
3.0414
7.75998
3.34741
2.97231
2.58184
8.63656
1.69493
10.7674
2.45694
6.49429
1.33248
7.4422
2.40713
2.94987
1.74897
3.06915
2.77933
1.27366
1.97559
3.4283
2.40235
8.37406
1.79351
0.50277
4.97303
5.44596
3.36908
2.30588
4.00249
3.88732
2.99153
4.8798
3.44309
3.30101
0.627124
4.53499
4.19022
6.45474
5.32815
5.58162
4.57181
12.0759
4.16246
1.44861
1.24528
4.26554
2.83326
7.20881
7.61759
9.40326
2.70187
2.01809
3.6277
2.1436
1.77062
3.15208
3.62218
8.63154
2.65158
7.67792
1.67488
11.3067
3.62401
6.33325
2.45536
4.85635
3.21854
0.727855
8.79452
7.05502
8.40917
2.03242
4.12998
4.63103
2.4046
6.71852
2.66056
1.06261
4.23588
1.65008
1.78705
1.6435
2.91767
6.60728
4.23776
6.33496
2.56363
9.29849
1.70168
4.44774
1.62748
3.99571
4.30266
3.39882
2.17234
2.96024
1.66382
5.30916
5.36212
2.10446
8.59673
2.0954
3.34061
1.49169
3.08903
3.1517
4.63466
1.04559
10.2337
1.12855
5.8996
2.96334
4.49691
2.47726
2.57173
5.20262
4.82608
1.84281
4.63427
3.61571
4.42806
11.8439
2.0852
2.25306
1.95075
4.13367
3.53404
2.45396
4.71452
5.47931
3.48247
1.61532
3.40484
1.8461
3.04764
1.57747
1.57692
10.5697
1.47817
2.45319
14.0286
1.25494
0.904524
8.45394
5.88378
5.32248
3.01667
3.76539
9.54146
5.62145
1.31882
2.49721
2.93016
6.39642
5.7921
3.57225
6.16769
1.41161
12.9212
2.49714
7.91059
9.86369
4.29415
7.9992
2.08881
2.24798
3.50796
4.30637
0.817655
0.804599
2.3637
13.3052
3.17803
4.69634
5.82308
2.55886
2.86427
3.95162
4.51415
7.02494
4.89077
1.66639
8.01708
2.26868
2.92868
4.21491
9.90721
12.0708
2.92201
3.58172
2.46328
3.45971
0.750578
5.41277
4.27027
2.41199
4.97579
3.98122
3.23869
7.8691
11.4704
1.48127
5.62416
0.919873
3.5286
5.75344
2.94863
3.22775
10.3202
6.19522
1.52057
6.64078
4.29121
3.58075
4.00531
4.49242
5.81579
4.85669
3.2895
6.1157
2.82294
2.04204
5.16327
5.09393
1.42766
4.52169
2.46973
4.55178
1.18192
5.66422
0.916765
0.901021
2.41684
5.2787
5.48609
6.992
7.86148
8.46329
1.51339
4.30559
2.46344
1.95961
3.36159
2.7709
1.52027
5.42725
10.0631
1.46126
3.57882
3.42194
4.06769
1.45815
4.14329
1.74152
1.76864
1.91372
4.15197
2.64283
7.63651
2.60523
0.876726
6.25734
7.38726
1.64039
1.83883
2.76529
1.37572
7.4135
7.56559
10.5295
2.06039
7.44591
1.65929
3.23647
4.2118
4.23744
3.63045
1.89748
2.3235
4.86477
2.94838
5.22485
1.53984
0.357172
2.40889
5.86246
13.7305
5.21017
1.47612
2.64948
1.91362
4.57696
4.13388
5.60597
1.58752
2.57821
5.6771
2.69734
1.56833
0.517249
4.24826
2.56768
1.78738
2.44694
2.10014
1.3254
1.77852
1.23179
1.35125
2.39713
9.23814
2.11666
12.8078
5.14306
2.18224
8.57196
3.67034
4.63567
1.55693
13.88
2.33029
2.03697
3.61623
1.70103
3.65671
4.21512
2.755
3.31318
1.38778
1.81329
3.09691
4.02481
3.15586
1.89803
0.558223
2.48
2.32049
3.43921
8.53784
1.86339
4.7426
2.85204
2.04861
11.823
3.36606
1.77346
2.53612
1.54741
5.72664
0.95499
4.45138
2.95874
3.3279
9.80131
2.14776
1.44218
5.36156
1.13788
1.77462
1.20857
4.08888
3.40583
6.72418
1.44939
5.61361
2.40801
11.2421
2.37017
8.13182
10.0815
1.82082
1.20251
8.82004
3.12549
1.62005
9.48842
5.73324
3.57692
4.66802
2.14036
1.75891
5.63049
1.79532
3.94138
1.82882
3.72088
2.62018
5.26576
1.83114
6.04873
13.5891
4.55151
0.470163
2.00714
4.00859
1.5417
4.75859
3.39038
5.25898
1.16115
5.64922
2.90475
1.83594
9.58592
3.18206
9.23053
4.62208
2.66948
2.31255
3.31148
2.2285
2.13367
2.41113
4.21996
1.31811
1.69444
8.11925
3.98643
9.03325
2.58025
1.7822
1.45249
2.02022
2.14869
6.57377
1.01834
5.54474
6.43446
2.70113
10.2751
8.7686
2.01486
2.14157
10.8061
1.80383
1.558
5.01131
2.88132
4.39939
0.593144
1.54254
5.49428
3.36042
3.10556
6.35583
3.48841
2.48162
1.21424
0.310448
2.74285
0.167742
1.05543
7.78306
1.01459
3.54578
3.42884
1.59815
1.84596
5.77512
1.64137
1.94905
3.82635
7.63475
3.00025
1.48317
5.29088
1.53681
4.49926
4.52744
6.66307
5.96996
2.66724
1.24318
1.44512
4.79246
5.87961
1.39027
14.9886
6.73945
6.17528
7.4198
4.3662
4.2247
6.49712
5.80647
1.7453
2.90268
4.68949
2.2033
1.63492
3.21774
1.90856
7.03691
2.99668
2.14518
1.18675
3.9934
5.83203
8.0826
3.80405
2.92264
3.11911
1.9862
7.32671
5.09017
13.943
1.70424
1.9756
3.78182
1.4166
1.97905
6.7796
4.91609
8.08794
3.29323
3.52042
0.906629
1.97558
6.09286
3.8793
3.85026
7.81334
1.44247
1.84073
1.97462
2.95784
3.66343
4.59235
8.55301
8.59007
3.47106
3.97214
2.65452
1.94711
3.74623
4.2394
2.67728
4.49552
0.6821
1.75584
4.74536
11.4478
12.8958
1.4904
2.98611
2.45988
1.96688
5.96622
3.24078
2.99912
4.50947
4.72352
2.06729
0.87861
2.87028
1.64293
14.6709
2.04317
1.09371
5.57419
9.56655
1.21882
11.936
5.48174
4.01663
1.84351
2.68753
2.94281
3.88527
3.22564
6.60644
6.88216
2.07439
2.33558
4.94295
0.689216
0.524715
2.55805
0.566052
8.36034
1.15162
2.61404
2.96905
1.80178
5.30667
3.72132
12.2848
6.38495
1.08112
10.5746
8.22352
1.75437
3.87137
2.67881
1.83351
1.92475
12.3241
4.39141
3.4929
2.88272
4.13661
2.29386
5.0865
1.44789
5.04449
8.1854
3.75164
1.48141
14.6911
3.94626
5.40616
0.592259
2.35109
13.9122
8.74884
4.69741
3.87492
5.94969
3.05688
3.42468
1.55478
10.2633
2.87082
2.30745
2.42135
1.73803
1.71645
2.10581
4.49035
6.49103
2.74641
5.56296
4.02138
3.99059
5.82333
7.09663
0.937738
5.22886
1.70843
3.90131
6.78502
0.707871
4.21647
3.03644
1.42296
2.11456
1.5982
2.17251
3.34734
11.9388
0.762879
2.38034
3.30906
0.619944
5.31408
12.8716
13.4043
11.644
2.48515
6.11758
4.07185
7.48617
5.69789
2.47221
2.21971
4.16092
1.82449
6.60928
6.27962
4.79795
6.43382
3.63648
2.05239
4.18311
2.66027
1.65221
1.52998
1.23942
4.10897
0.676345
2.51774
6.3109
2.46571
3.93962
4.07475
2.63765
2.14523
10.7626
2.0015
5.09319
0.860548
1.7567
2.87124
0.515073
3.78225
2.14166
3.08603
6.44215
10.7645
3.59344
3.80074
2.96773
4.67316
8.67913
1.2446
3.82717
1.83545
2.95637
2.79234
3.00181
0.558519
4.16873
0.721263
1.23867
2.44145
4.20548
2.60419
3.0461
1.85517
3.31152
3.00552
12.5063
0.721976
2.91276
5.87998
2.00856
3.24384
0.839986
1.78767
3.75404
4.73051
10.1984
1.83736
2.0857
3.01782
3.12435
7.26266
1.25074
1.08662
1.70319
5.89101
0.340615
2.73943
12.1774
2.10856
5.62151
4.67385
1.91264
3.83229
0.933074
3.53778
3.60027
1.30244
9.88506
1.59898
3.29588
3.76384
1.70315
2.50871
3.36519
2.13178
3.53138
1.35878
9.01468
2.15153
6.32331
3.58478
3.91107
3.25671
7.43149
3.0223
0.837175
0.888684
1.802
5.03021
11.5157
2.38895
1.41416
1.80024
5.85579
6.11654
3.79861
2.93753
6.74898
2.9704
3.20407
6.68461
2.54083
3.55767
7.54273
4.26211
5.64149
1.96381
0.704055
5.30314
3.20268
2.89894
2.84074
2.35883
4.30603
5.83977
2.28793
1.02731
1.03111
3.92816
2.39695
3.34231
3.2104
1.10241
8.55445
12.8874
1.37647
4.24266
1.30029
3.19888
3.37407
1.00465
1.80781
2.59166
9.34182
4.28382
2.76483
2.4559
0.25989
2.06148
2.74702
4.61891
6.03258
1.79698
4.38243
4.21763
5.56922
6.80706
0.771639
3.4249
4.44192
3.72132
3.89764
10.1456
5.17734
7.49132
1.6563
1.17163
2.85287
4.82679
8.3624
7.07825
2.62393
0.82001
3.80208
3.77285
9.38188
4.43712
3.6481
4.57167
0.735538
10.8159
1.54547
2.38365
9.99539
1.54771
1.19631
2.28357
5.83014
3.39717
7.19701
3.29131
7.25833
1.34708
1.33424
3.63297
1.3718
5.60366
1.58423
8.38042
3.96173
5.15589
1.75696
2.05168
4.51909
4.63832
2.05375
2.31555
3.79675
3.96138
1.93196
8.67509
1.25455
3.0149
1.612
1.68438
2.78157
5.97742
4.37115
1.53165
3.94774
3.01566
0.722049
2.8618
1.87414
5.07463
0.497588
2.96245
6.25142
3.19517
2.27068
2.48809
2.64184
3.18366
9.58806
6.62503
0.756031
3.71785
3.55565
2.58611
1.01213
5.50689
3.47667
3.84739
2.81578
10.0687
5.75577
2.5067
2.2789
4.68904
2.75708
2.62678
2.95156
0.72159
5.96873
6.41955
3.02479
7.77208
3.20934
7.49374
11.8877
3.38379
0.926042
4.72986
1.45277
3.17302
4.43908
6.22618
2.40292
1.83623
6.92008
2.51993
6.18136
12.2659
4.83349
11.554
14.8001
1.0264
4.32879
1.93271
2.12819
2.93153
1.2884
2.45757
2.70924
2.99362
8.0386
2.56562
6.15258
2.13649
3.39328
1.51356
7.63522
1.35251
3.67372
2.65387
4.08831
3.93027
3.34165
3.23209
9.56638
8.46061
7.04005
5.38275
5.50832
3.69005
3.20168
4.83789
2.97077
2.56298
9.99705
2.22485
1.40448
4.80858
5.54587
12.0261
3.50653
3.96414
0.451382
1.59028
5.9771
3.27579
6.34133
5.89324
4.17517
8.18243
2.42267
1.37916
1.30519
3.50677
2.93669
14.5829
3.03768
6.35603
1.53402
2.94581
1.67671
6.87307
3.63767
5.27651
0.933025
3.3186
1.07073
4.87992
1.85546
1.15662
2.21528
5.43017
11.1541
3.23055
3.51593
2.96968
3.99477
1.76839
4.34545
7.6739
5.89025
7.12252
4.97093
3.3294
9.12381
5.12419
2.89152
0.918458
1.81542
2.51681
4.47771
13.6175
14.2513
2.84228
2.8167
4.65845
2.33958
2.90104
3.039
2.25374
3.53218
6.34809
3.4859
4.62377
9.06414
11.2167
4.98505
2.28015
3.45951
6.02417
3.9464
0.873943
1.31195
5.51295
1.64153
1.0013
13.494
0.954579
4.23393
2.96075
3.02923
7.31471
4.24579
0.873563
3.03368
1.35727
5.39539
1.93329
4.13764
4.00296
3.36467
0.925157
2.9876
2.14343
3.02778
2.41408
4.08971
12.1704
4.12388
4.61716
1.01642
3.75064
4.60764
3.88442
1.76667
2.44047
4.75255
1.64214
12.1836
6.55743
8.37805
2.02254
2.36771
7.81711
0.942443
0.332806
4.02357
2.49787
6.84642
1.15489
2.51207
1.69969
5.81429
4.50812
1.99846
4.05697
3.26845
2.21758
9.14559
0.579664
1.11915
4.58762
3.06468
6.90248
6.87813
6.06431
2.27258
0.572498
7.46284
12.5272
4.38521
3.69189
2.82642
2.66407
1.04373
3.65098
1.32756
1.72018
2.91097
2.86188
8.3379
6.72586
5.61757
2.34763
1.82262
8.30594
5.65781
2.76505
2.88391
3.47616
2.11353
5.38284
1.35676
1.42585
9.78978
3.47232
0.939777
2.74513
3.53014
5.60581
0.568241
5.99723
2.1361
6.75485
2.64322
8.18818
6.37503
6.84822
1.13846
1.78109
1.72014
1.96129
8.98018
2.55757
2.75918
10.1022
9.20324
14.9823
8.71181
0.919372
3.27748
3.49617
8.40663
8.95532
1.87973
3.06223
1.32712
1.88805
7.02521
2.16328
1.59532
3.29851
1.35884
1.21652
2.50539
2.62171
0.74558
8.18261
3.48245
3.29927
2.29212
8.528
2.286
1.85337
9.3239
4.92082
4.17577
3.46437
2.55529
2.42041
4.23604
2.19001
7.18984
5.94352
1.43292
3.10473
6.39017
1.05038
1.45696
11.6551
1.97954
1.16253
3.48442
5.61694
2.99687
2.98547
4.0961
3.17361
1.96659
6.18387
2.53056
1.63463
6.97458
3.27151
0.742135
12.9398
2.43452
2.46218
2.90234
3.57483
1.04298
0.809167
2.79943
1.85244
3.78444
1.62747
10.0511
2.28967
3.62174
4.86852
2.29084
0.937074
2.35737
4.38254
0.455675
2.34596
3.28145
2.82316
2.54623
7.1141
3.84669
1.56092
3.31654
6.35575
2.88372
2.89859
7.87725
1.93573
3.40943
2.46731
2.47888
3.5734
1.32134
2.22255
2.4665
2.24953
3.73632
4.6039
5.60441
9.43516
7.18565
5.05791
0.973585
0.492022
1.31598
7.76324
5.57424
2.73858
10.6249
4.69864
2.95733
4.17426
9.97109
10.8974
6.22743
7.06855
5.08912
3.86489
2.91189
1.93151
2.69052
2.35842
4.99308
3.14555
1.81166
4.08664
3.25465
7.55893
12.7581
4.90754
2.30998
6.27585
1.78232
4.22217
3.00554
1.88886
2.86253
7.06801
6.56275
6.96237
6.94718
0.645431
5.08123
2.18905
7.73422
2.69036
1.78652
6.47203
2.86869
0.825783
7.48067
2.46391
0.742212
2.95126
1.84154
3.55629
3.17739
2.59943
8.52683
3.98434
2.14389
5.22219
5.12476
1.61504
2.5371
1.532
0.928642
13.3633
1.37861
2.23734
14.1283
8.87665
13.0141
2.95668
2.52605
2.90531
4.93244
4.72642
4.38827
2.45186
7.14941
4.50441
6.28421
7.34335
1.08142
3.13755
0.594318
0.782845
2.34513
14.4773
1.77887
2.81326
2.32969
3.43293
2.03647
2.15828
1.78713
1.84679
10.3329
6.25036
1.39768
0.819394
1.73604
3.15735
1.76516
11.4609
3.5054
1.03777
6.9325
3.42676
1.78928
5.01803
2.50117
2.39023
11.7063
2.61379
3.02776
4.33067
9.38362
5.50947
3.16873
2.78002
1.44507
0.447049
3.20876
11.2645
1.2157
2.14647
10.6479
1.8309
4.597
1.70318
8.41197
10.568
8.20422
6.6662
1.29156
5.14106
5.94488
5.77606
2.13048
1.09698
1.41963
5.07869
8.6527
7.13261
1.40054
3.48115
2.15596
2.53804
1.93382
8.39423
5.98406
3.68256
5.64627
2.18463
1.03136
1.01409
3.77147
1.38441
2.88912
1.81002
1.4172
2.75737
5.17743
7.4816
1.13028
1.56664
1.76511
3.79585
4.62135
1.71223
2.99257
6.17322
6.57389
1.73005
6.32876
4.65589
11.1887
12.2921
7.71186
4.432
8.92312
1.47262
6.03366
4.56905
3.10445
1.87527
8.77003
0.830215
4.50745
7.10015
2.35385
0.719467
3.29663
1.81218
2.3369
1.56973
7.4907
3.52671
3.24266
3.06792
1.22202
3.67421
2.63926
1.81522
5.7823
13.7538
3.64201
2.60207
2.76158
4.81354
2.24757
3.50509
10.5185
5.94707
4.68653
2.07455
3.98934
4.09252
2.2626
1.59589
2.7259
1.47005
1.93193
3.85295
2.03152
7.12247
1.41265
3.14267
4.55295
8.8586
3.27897
3.14623
3.87174
3.84051
2.69435
4.04271
4.4677
10.5851
9.57877
1.01574
9.94524
2.51651
3.44102
1.39299
5.42437
0.927544
4.47012
2.54769
6.46501
7.10668
6.78804
7.14764
1.35614
0.299156
1.21023
1.09235
2.4115
7.11178
5.57969
1.10702
12.0207
3.09584
3.6268
3.14398
3.55046
2.50101
3.0158
1.82055
6.35323
3.98205
10.8392
4.53992
3.24332
6.51595
1.01907
3.73521
2.65255
4.65298
5.30307
2.93087
2.33324
6.29299
8.42974
1.70478
5.44113
3.86321
2.62754
12.9142
6.27794
3.26599
1.79521
2.49294
1.96636
2.17113
1.99159
1.83912
3.62137
5.80415
0.749181
3.58292
4.29897
1.35955
1.71984
3.93978
7.76201
1.84032
6.74664
2.59985
4.85508
1.50897
2.43822
1.57227
0.908714
2.30292
1.75069
4.80477
4.97876
2.47246
4.78741
2.66716
1.11114
5.56136
2.37932
7.18265
7.59392
8.17324
4.57356
6.54825
7.16544
2.34836
3.73559
2.04715
2.36411
6.57542
2.9918
1.82646
1.56807
1.52664
3.66284
1.15282
2.29172
6.17305
8.04021
3.60857
1.1913
14.3825
0.916873
1.64204
1.13003
3.43258
9.33183
2.514
6.46069
5.43522
4.90695
6.02638
4.16379
12.4853
3.58724
2.321
1.80706
4.43309
0.9913
1.593
1.69838
1.29331
3.17579
0.952449
7.3642
2.98362
2.39694
4.71538
4.49094
4.41445
5.83808
3.26581
1.91591
5.35341
2.84159
4.452
3.79691
2.68044
2.84553
2.62198
9.19817
2.26925
4.19319
3.15666
0.22796
7.12896
2.10317
1.35471
3.55899
5.41512
1.28599
6.08838
2.98403
1.51007
12.6029
0.888772
2.70192
3.0834
10.1175
1.34986
11.3728
4.20979
1.47435
6.75987
5.75313
1.40654
1.84447
5.60816
2.01281
3.2223
10.6336
5.0853
6.44009
0.979612
6.42121
7.22793
2.23306
0.758836
7.30034
2.2089
3.0905
4.04132
2.83623
5.72828
2.98034
2.56402
2.61513
2.92606
3.37249
2.81645
9.48249
1.69256
0.947646
2.77688
4.42767
5.59923
4.83064
4.4006
4.41198
6.52514
3.11785
3.90093
3.09262
1.00265
1.26893
4.22724
5.41804
2.21376
0.979402
1.64124
4.40542
1.51254
3.33149
1.64052
6.06766
1.05755
6.79284
4.76143
0.593774
13.7397
3.27569
4.44397
2.21855
2.80067
1.17723
4.63292
2.75049
1.44592
3.47667
1.86386
3.08058
1.1011
7.42288
8.01771
3.00367
6.93939
4.96104
5.6946
0.657004
4.18848
1.35874
4.3587
5.25229
1.74509
4.17578
3.24892
5.68918
6.2232
2.10793
11.8621
2.73729
0.707676
2.194
2.98707
4.3903
2.66503
1.30726
5.47459
6.78302
4.53121
2.0879
3.50227
1.92842
4.27734
14.9943
5.02154
2.68941
5.21175
7.37577
7.39295
0.68088
6.35762
3.47826
1.73503
2.8219
5.17687
5.20259
4.62463
2.62763
3.70801
4.22266
1.89457
1.55031
8.3273
3.33422
2.17514
1.31024
3.21564
6.6512
2.31013
3.19843
0.852002
3.43982
8.87401
1.29739
1.91349
6.22213
4.10368
8.96025
3.74272
2.46764
3.29401
4.85604
2.73426
1.33656
6.0393
1.20154
6.65196
8.77996
4.69232
1.44011
4.27662
13.6577
9.72307
14.9918
7.22771
2.66896
12.2467
2.27366
6.73333
1.66029
6.04615
9.16185
2.67417
5.40435
2.63463
3.01733
2.00364
4.40572
5.33042
5.20148
2.32688
5.10488
1.46555
3.36371
11.0517
1.74159
0.904947
1.41116
1.07545
2.5479
4.64694
1.68132
3.20857
2.35709
6.04142
3.78316
5.23071
0.958897
4.98824
1.59338
5.81167
13.478
3.10552
6.02416
2.67226
1.45291
3.90478
2.72201
3.06619
2.3192
3.0627
3.7527
2.98051
1.20165
1.52897
6.29729
5.24692
4.85673
2.56236
1.76846
1.64751
5.04928
0.545708
5.67438
2.53839
11.5874
1.28187
0.495859
3.37869
14.2901
9.09403
6.9603
4.57735
1.63939
3.66595
2.99059
3.6535
5.19055
2.16843
2.45602
2.65885
1.89775
2.48522
5.4732
8.00405
12.2712
3.58186
4.15664
6.70121
1.84614
1.82171
2.12103
1.06878
4.44234
1.96837
1.65673
2.16292
3.13314
2.09275
3.12657
2.16502
4.61241
2.48174
3.79125
2.24893
1.61033
1.44011
1.5218
3.50303
1.77734
1.82643
3.56138
0.858965
3.74067
4.88789
1.40063
1.36307
1.90741
1.52452
4.36438
2.67867
2.40829
3.25995
2.01633
1.32941
1.69269
3.23802
1.73334
3.53679
4.59267
1.20973
4.13682
4.60553
1.9505
2.73152
9.49566
1.49518
1.97495
4.87445
1.09848
3.34103
3.34545
2.61217
9.91829
3.05082
12.0709
0.82108
5.54861
2.62874
1.90362
2.42877
1.00896
2.8225
6.66459
0.578719
2.51981
11.0097
3.89278
2.24621
1.72925
5.00926
12.3426
4.09674
2.68196
2.64234
3.26003
2.32648
4.92685
2.75576
1.57893
10.7753
1.39016
5.92856
1.41903
6.26069
6.36916
3.53396
0.974002
2.95286
2.38928
3.55093
2.14107
2.08122
2.17856
11.5007
2.60695
2.62108
10.4121
1.54386
2.28384
2.87001
2.39403
4.30758
5.25574
2.50261
2.86037
1.7883
5.81746
1.06687
4.05037
7.78368
2.42366
7.9458
10.7205
1.58652
1.9115
0.805475
2.51237
2.49668
3.35506
1.24981
4.27099
2.85608
3.82347
1.75525
4.20602
1.7377
4.73503
3.45353
0.420633
10.0614
1.85236
2.3552
2.02624
3.33839
0.981311
6.56161
2.84776
5.56424
5.61973
1.39068
3.02964
2.60287
1.38183
2.61214
4.26598
2.42023
6.82656
4.28087
1.49716
2.30385
1.07748
3.74135
3.40432
12.6567
1.79252
8.8392
6.82598
2.50396
1.30902
2.09414
