1.9087
1.99382
2.71087
19.1042
2.68812
4.35013
4.63046
6.8061
2.69889
6.19149
4.45554
4.05474
4.2455
0.272725
3.14445
3.80954
1.97262
9.30718
6.56997
6.22112
10.0568
7.00626
4.67509
3.13408
6.4117
11.6564
10.0508
7.96263
2.4209
5.23581
7.05528
4.07293
2.53551
2.46116
6.21753
5.43364
4.9636
11.2733
5.82034
5.00357
5.26313
4.87534
5.3361
3.30908
4.28344
4.83108
4.6298
9.86135
10.4786
4.8939
5.0806
1.56481
2.63332
1.17313
3.20805
3.03297
4.27359
0.57581
8.43456
7.65295
2.3776
4.457
1.82597
13.6286
3.7561
2.62278
4.69397
3.00894
5.19567
4.07925
3.37822
7.71898
5.67564
1.7142
4.06718
3.06215
1.57979
4.7226
3.32492
0.704603
4.28979
5.82887
3.62647
6.67341
1.13673
4.14705
3.1558
0.426936
4.28568
7.63991
4.98326
7.28054
7.07205
4.45809
3.06035
5.58486
5.64207
3.96789
3.06944
3.89449
6.58277
3.59287
2.01524
5.21956
4.03792
3.58653
2.12668
3.69054
1.25048
4.38593
0.897903
1.94602
7.06796
2.27766
2.62676
2.97551
7.50889
12.3207
2.54892
3.99205
19.8756
5.10111
3.41693
11.7695
5.25865
2.38808
2.62969
2.88213
4.56153
11.1939
2.37532
9.43372
2.77652
4.33623
6.65988
13.8469
3.40768
5.73782
6.61808
3.67122
2.64177
2.66247
2.40353
6.82154
3.03
2.60834
4.44957
4.08494
6.43803
5.9757
3.2761
1.03798
3.16468
12.1966
0.99025
5.56985
5.43319
5.65703
4.72756
2.00999
2.23483
0.950978
2.18313
3.21464
4.15905
4.94378
5.41447
4.23626
11.0731
2.01164
3.40557
4.92313
4.94157
1.79421
4.83506
3.90632
3.75432
5.10883
1.7167
1.38903
3.89881
12.7784
3.03838
3.69717
3.0194
1.91517
5.72429
2.77147
12.9195
2.67309
4.09388
2.27013
3.29913
5.1247
5.6635
2.81003
2.61076
2.86154
3.53934
5.06929
6.71356
6.86573
4.60269
6.39595
5.1871
1.49457
2.35647
6.11513
3.03039
6.54409
4.29638
2.80924
5.33531
4.66418
4.07765
2.13144
4.94646
4.80284
2.8428
7.25649
6.97638
4.86091
5.02902
3.97501
1.13256
3.31792
4.60731
7.81263
2.51159
15.8842
2.5721
2.9296
3.88525
2.75941
1.70944
12.8436
6.47749
9.20894
2.55926
3.2869
1.7933
2.67826
1.23606
4.52333
5.66366
4.37522
2.68767
1.95754
12.9528
8.10781
3.7653
0.83946
3.85598
3.71804
8.39717
6.89846
7.98367
5.03674
5.92419
0.912497
5.22716
6.76439
5.22987
2.12478
1.3348
2.16249
3.91839
10.9381
5.6478
0.98816
3.10513
3.74545
4.07722
4.76199
3.30836
3.61971
2.7923
6.37813
3.38737
5.34839
4.24448
5.15987
1.56866
3.22743
4.94479
8.73723
6.23047
1.76377
4.41601
0.69621
7.07398
9.11165
2.5129
8.50688
1.05634
4.47474
7.96381
4.80862
1.9237
5.33865
2.40048
6.62627
0.971064
3.81601
2.37766
4.73499
3.73724
1.35536
4.11308
2.97065
1.34343
1.49251
5.83024
3.76587
3.17253
4.73143
2.22563
10.8982
5.39819
4.75872
3.81982
3.67721
2.50232
5.36852
4.84533
4.01239
5.61667
9.66658
6.69504
5.04517
1.50198
1.47339
5.1658
2.73668
2.57467
2.68354
3.08686
3.17146
0.234732
10.2694
5.6531
2.59186
2.3156
4.45465
4.83569
2.86602
3.50434
10.1339
3.06767
3.96119
2.09662
2.5208
5.61167
2.53497
6.51416
2.6914
5.23627
4.10548
0.715005
1.80285
3.19159
7.23343
1.46316
5.00343
3.84401
3.33481
1.39304
2.3597
3.56498
4.87167
4.50088
5.63139
2.21789
3.98382
4.38466
6.70621
3.05799
3.60746
6.28167
5.65817
1.93088
8.04424
3.47507
5.4429
3.5262
4.88103
3.9421
7.36957
1.76269
2.2572
4.6399
10.4225
2.783
1.30081
2.79599
0.65355
16.2529
3.82222
1.57086
5.284
5.59926
1.18578
15.5756
3.88008
7.44647
7.43205
5.39511
3.8697
2.42558
3.49135
2.54292
0.678606
4.2606
2.92437
4.89024
2.11133
15.0271
4.32636
5.98647
1.49632
13.996
5.03328
2.71323
4.50367
2.09272
4.3979
18.1146
4.09195
2.41168
2.80083
5.26647
4.33656
1.89039
1.83142
9.91133
4.38744
4.83821
5.87524
3.58062
5.2619
7.27734
2.64977
9.6746
22.3197
3.48376
3.00025
9.0643
3.19302
1.28181
4.83977
4.47181
4.91322
4.96907
6.55984
10.0496
1.93568
5.74053
1.47516
7.4824
4.96125
1.73207
5.44658
3.38993
1.76317
4.32079
5.61977
3.13624
2.06645
6.10971
1.60723
11.1626
0.824512
5.21282
1.6132
4.66159
4.08009
11.6548
3.05846
3.44367
3.89789
2.52319
4.25723
8.89456
1.03217
3.5266
3.00275
3.09942
1.87549
7.67476
5.758
3.29132
5.7961
3.08016
7.24338
5.01371
7.55992
1.28945
4.39765
12.3384
4.02548
2.70548
4.33995
2.8375
3.46232
1.28264
2.64388
2.57827
1.88434
3.04561
4.77033
7.48082
4.83395
4.34874
9.74848
2.69271
1.24041
3.65087
5.83689
5.72111
2.61419
9.3463
2.16126
7.98497
1.59579
4.35048
8.13614
3.675
7.32429
1.79033
4.96335
5.89868
3.98697
2.93236
1.88054
1.66088
0.670876
5.84399
3.37718
2.0394
2.47274
2.32941
1.90305
9.2601
6.12471
8.85326
9.76902
3.30518
2.52607
1.49424
8.98332
2.2089
7.49388
3.22705
3.24682
4.1875
4.37342
8.15796
6.45886
4.94249
2.96831
5.33499
5.73136
3.30569
2.72847
4.38544
5.65859
6.24423
5.41189
5.73629
9.76007
12.066
5.68921
4.19093
5.00784
4.62487
3.17978
10.7291
0.711129
3.98077
3.23793
3.60895
2.67474
3.05664
6.96945
0.801773
3.59117
7.09526
2.91078
4.76692
5.22009
8.46412
2.9788
1.12862
2.48925
4.22716
0.776407
8.31402
4.78815
2.53904
0.852235
4.36851
3.00974
3.46514
12.5683
2.71548
2.81012
5.89773
4.90051
13.4592
2.16236
13.0072
1.85386
4.99976
2.41273
2.94756
0.923274
2.61475
20.1101
4.22538
4.71008
4.91173
5.06008
6.35983
2.44638
1.85436
2.11941
3.35124
5.34107
1.93126
1.01216
3.75105
2.66086
11.6491
3.23179
2.22557
3.42143
8.52774
2.05867
2.57997
1.23417
4.64517
1.28285
12.1055
5.27802
7.78117
6.82434
1.91245
19.0735
7.16985
9.08819
3.04502
1.76725
5.63032
1.53013
3.26103
5.26392
3.20689
3.38892
4.69208
2.71131
4.08602
2.87495
2.97675
2.80044
4.75784
3.33956
3.54143
4.85086
4.80793
4.27616
10.4482
9.33572
10.3928
7.55905
7.46034
1.87236
9.71546
3.41404
16.5615
4.72078
5.29453
2.70119
5.55745
3.93855
5.03205
5.75823
7.15033
3.65238
5.53881
1.43845
2.26217
3.92619
4.66969
5.08686
4.61484
2.86795
3.46131
4.75884
5.66609
14.0263
5.16757
5.95514
2.5099
4.43939
2.58316
6.65884
2.35416
4.16469
4.91759
6.70743
9.26671
6.06292
6.16499
1.09454
3.38515
3.6279
4.61509
2.62223
1.25444
2.08929
5.98571
5.09091
1.39693
7.24172
23.9293
2.98428
4.12443
0.385136
5.69955
4.75083
6.17637
3.94019
5.01603
2.14722
2.38113
2.45851
4.27317
4.17327
9.32738
4.37225
2.77096
3.92153
12.8007
8.73979
3.78008
7.01972
8.1724
3.16227
4.89866
4.32448
4.03574
10.7496
4.80221
2.86797
3.25602
20.9286
9.072
7.82828
2.45754
5.28468
0.830111
2.26687
4.19721
1.72119
3.41458
3.85838
6.11011
5.18462
8.50608
6.42829
3.79648
5.24088
2.39136
4.86515
8.84097
5.76097
4.97306
5.11793
9.53984
6.2547
8.00968
6.1694
2.56863
5.48549
2.4593
4.4627
12.4902
4.84723
5.54087
4.00762
0.31131
2.42529
4.69459
1.9051
3.05253
4.65254
3.16578
5.33526
5.47207
3.55517
5.88567
1.37811
4.58271
2.11903
4.39124
5.31098
4.41012
2.6683
6.85347
5.56975
3.42252
2.96384
5.63499
4.00218
1.36818
3.28777
3.03136
2.98269
1.95802
3.35265
3.91291
3.85429
3.35626
7.54991
4.97594
4.7864
2.39711
1.23029
8.7963
2.79556
6.4692
1.98598
8.19951
2.96177
4.02277
3.30627
3.82965
4.79707
2.66888
9.56603
8.08341
8.59645
4.09275
5.70236
3.06732
3.78889
6.79985
2.47215
1.82729
4.41595
4.8755
5.65809
6.4218
13.5351
2.22744
5.4409
1.77149
7.2374
4.84241
0.719936
3.27551
3.75844
5.18732
3.62877
1.51667
1.20869
6.53526
1.20251
8.38486
7.46705
3.02709
8.31077
4.05885
10.1013
4.16317
9.087
3.38175
5.46456
3.9138
3.01275
3.04825
3.18159
4.13803
21.7582
2.75438
6.14367
2.44927
0.43962
5.76546
4.53136
4.91709
9.85393
2.02549
5.13239
2.97934
4.66388
5.43154
5.67923
5.88308
2.59363
6.63569
2.82049
4.54267
5.44831
3.79194
3.75354
4.89549
9.93104
4.83145
15.4134
3.56823
2.52199
6.77548
3.63237
5.452
3.35038
2.73215
4.53262
4.09521
6.01261
2.92115
1.89477
3.89579
4.31371
2.32473
3.57444
1.97633
3.22028
8.95521
4.0783
7.77626
7.36345
7.48032
5.65608
3.16729
2.19705
3.94117
11.3669
5.16871
2.94097
4.68047
3.59078
19.1059
0.594348
4.72831
2.50044
1.98041
5.24453
3.60923
2.63081
1.60648
3.53305
3.68389
3.48556
3.65396
6.30722
5.67442
3.35643
3.6927
2.04
2.95615
9.36914
3.42215
5.61932
13.0596
3.13693
1.88915
3.48486
4.3808
4.18836
1.29097
1.59364
0.623931
2.97668
6.74723
4.71201
10.5081
2.28188
4.6293
4.63919
1.59516
4.56234
3.5288
1.79342
6.53767
4.35277
3.60606
2.39434
2.11412
1.08921
4.34202
1.02371
5.0511
4.70796
5.94891
3.57349
3.73856
3.26235
2.89795
4.38133
5.50461
5.80834
5.06503
9.1436
3.48927
4.11057
4.19726
2.20718
6.34043
4.22775
5.08932
8.75971
1.73119
3.4635
3.52237
3.05093
3.38943
10.4198
1.95871
3.59399
3.51972
4.84149
3.22968
1.23
6.56158
3.37214
11.222
13.8527
6.04272
2.36568
3.58972
1.59386
1.18983
13.9439
1.5385
3.98124
1.9953
1.76847
0.57109
7.93506
4.49161
7.57234
5.3477
5.47724
3.78635
3.47492
1.83447
2.94501
2.23757
4.67108
16.0879
2.50285
4.47291
3.08364
4.45044
3.98534
1.83209
2.85911
5.04726
2.55625
6.91144
3.64502
1.82551
9.21234
0.873761
2.90409
4.7206
3.52919
3.66643
5.02443
7.34317
5.02385
5.2071
3.43927
10.4748
2.5067
6.85152
3.35702
2.50371
5.82776
2.90005
3.13418
3.95754
2.75895
3.89417
12.3813
3.97
1.5322
1.74505
1.90663
2.83799
2.85862
4.78867
6.829
6.50227
3.16386
2.68347
5.3253
5.8869
0.563355
4.98465
10.5686
2.64116
3.38785
10.526
3.42784
5.87503
4.77708
2.86066
5.05219
4.11007
5.76304
2.2034
2.74015
3.87254
2.54407
1.82499
10.9424
9.5668
5.59708
7.94413
3.67264
6.03777
6.11099
7.77579
4.15898
4.0708
1.41336
8.33816
4.96641
2.32662
3.49231
1.72001
11.455
3.42938
20.9589
2.11518
2.63254
1.4853
2.0654
8.5631
2.95164
1.42143
6.44216
3.52952
1.63723
3.47118
3.96253
9.29478
3.5437
1.02195
3.25671
3.76344
2.91283
1.39303
4.84304
2.49217
3.4732
1.15172
10.1195
4.62705
2.88517
2.5335
3.18476
7.75514
1.23363
20.5255
4.92184
3.70144
5.37377
2.66791
3.33721
2.93188
4.86521
2.02184
5.9772
1.60423
4.62864
7.70213
15.5727
3.20966
1.2954
3.50397
3.03992
4.60963
0.903921
3.54716
6.81968
4.46641
5.77097
1.29056
2.52818
4.52006
3.87918
7.11914
3.04938
5.08554
2.79193
3.57137
4.28388
1.35295
6.88589
6.30858
5.57249
2.92381
0.699105
5.30693
1.30797
3.28489
3.36595
2.46443
2.96221
3.7661
3.86957
5.32615
12.8205
11.2774
5.523
2.24019
1.04001
3.39695
5.93913
6.01944
5.10595
3.32237
12.3851
3.95183
3.41641
1.85599
5.47123
2.5493
4.60701
3.36085
4.24786
21.3374
3.11092
18.0424
3.96884
4.37355
6.24086
0.954791
5.29609
0.305317
3.29344
1.62535
1.9223
3.61716
6.8353
4.99
2.5662
1.12413
1.88378
11.3379
0.720004
2.14535
3.29284
2.70088
2.71319
9.15145
3.14596
2.5421
4.2031
3.88766
2.95174
3.50503
1.31822
2.99499
3.24018
4.39354
3.51625
4.14899
3.8633
13.037
3.99599
4.11829
13.802
1.98262
2.97014
2.11551
5.29759
3.10776
2.81307
14.4557
11.7284
11.1536
9.22809
3.52941
3.41711
5.2286
4.83707
2.07921
11.7986
5.67359
7.64538
4.39049
3.48303
3.33881
2.38912
7.19004
2.94793
3.76515
5.10059
2.39983
16.7279
9.00353
2.85557
3.9479
17.7833
5.18597
4.2194
4.39531
4.89123
6.60215
16.5536
4.77372
2.79479
8.58073
2.36552
3.52131
4.90103
22.3144
2.92958
3.61276
1.5286
1.43965
8.08833
5.5319
4.4432
6.78328
5.8282
12.4574
7.14364
7.46787
6.71376
5.67774
2.89047
0.86522
5.52169
2.67959
2.02246
3.36801
4.25857
9.31918
2.99633
4.51909
2.69311
6.77031
8.59395
3.16251
2.37239
4.69142
1.76985
5.41402
11.4374
3.80232
1.21668
3.03306
8.45046
1.84846
10.0632
2.43629
2.41616
5.45491
3.18465
7.36236
5.29172
13.4
5.09984
2.76686
6.59262
3.75377
3.35971
3.01659
3.0295
2.66458
0.471588
1.31886
1.27074
5.3038
7.84129
4.56428
2.86
5.1771
2.31403
2.95779
7.749
2.1068
4.22596
2.55814
4.97939
19.4473
6.0534
2.86859
6.65699
5.01232
8.41511
24.3538
6.40189
5.88362
11.5525
11.6225
2.89864
7.21713
6.30412
10.375
2.24777
3.00864
0.862802
4.01645
3.27591
2.50685
3.83567
4.62703
3.24638
1.55521
4.35764
3.16688
5.14738
4.93976
3.34023
3.41313
3.79993
3.84926
3.06551
4.16059
4.25356
2.86909
3.95862
2.32153
4.95874
3.18498
1.24419
2.24901
3.77113
2.83305
2.84725
9.35942
1.69038
2.37854
5.95348
4.89667
1.9726
4.5143
3.58469
3.67132
3.42969
4.1424
4.51077
3.61868
5.12903
10.2175
14.2767
2.22041
2.5226
2.59208
2.12193
2.20289
6.31212
9.14009
3.24827
2.80737
9.27281
2.88644
2.44886
4.09691
4.16111
5.13086
4.41167
7.24815
3.20631
4.76037
4.63199
6.43273
4.3298
4.00271
7.83171
2.10249
1.33703
5.53963
7.16538
3.36701
1.33491
9.3714
3.24506
8.03086
2.57419
4.49734
3.30042
3.88237
3.72461
4.32574
3.91899
4.90131
1.56066
3.97069
4.70131
5.6934
3.49682
15.205
6.48658
5.91697
3.66021
3.24018
17.6903
8.49498
3.80541
4.96447
1.28727
5.65928
3.76985
3.08884
4.54535
5.33383
1.28261
3.11725
5.28378
4.65693
1.364
1.91976
2.09159
4.4364
4.21659
4.78097
10.6133
4.14191
3.33441
4.35777
8.0171
4.86138
7.18982
4.95639
1.27632
4.25653
5.04866
4.39986
2.4154
3.21038
2.91536
5.31391
3.7019
1.59366
4.54776
1.03355
3.61532
7.03268
6.41451
18.5558
3.99341
2.15542
0.311931
2.846
3.60515
4.14686
6.12081
4.35584
3.97293
1.73368
4.35933
1.82177
11.0196
2.90603
5.82126
3.57569
10.0104
2.84527
4.36518
4.23366
3.09602
2.58726
5.49564
3.42597
3.93557
17.7913
4.32461
1.85466
6.02304
5.70611
3.75922
3.27645
3.48493
3.29155
5.5717
2.89791
1.97678
3.79491
2.69157
7.41893
3.54959
6.93538
5.87084
7.04181
6.90458
7.56063
8.20525
5.63467
4.55411
2.44842
2.40416
3.87966
2.0954
3.49445
5.31913
3.2746
1.11463
2.18937
3.00806
3.34549
4.93031
0.688899
1.52684
4.01731
1.86965
4.80646
1.51428
3.99403
1.12366
1.70942
5.1546
4.10543
4.1101
14.2829
1.49532
1.87948
4.28535
2.29126
3.20298
6.57275
5.38766
3.38635
5.47665
2.20429
1.13298
3.27895
5.81276
2.40378
4.88689
2.10042
2.65128
6.38622
17.7747
2.28889
5.33302
5.89303
12.5129
8.68844
0.539431
3.57191
1.00556
20.2493
4.90553
6.97591
2.12113
3.53952
1.33489
5.19757
5.22934
0.857841
1.34218
2.84796
3.03636
4.4893
3.18845
1.14042
2.70888
2.28275
5.89839
4.4853
4.75338
3.94362
3.97606
2.64937
4.93748
12.6064
3.24599
8.10715
6.37805
3.47302
4.17662
3.18707
4.89335
11.8248
1.04205
3.50474
3.75505
7.23942
4.66882
3.58878
3.73465
3.52267
3.03063
3.38614
4.36297
2.56494
3.98149
3.27843
6.00801
2.61845
3.04306
3.80448
3.798
5.75737
2.42054
5.67002
2.12711
2.60388
5.56451
5.479
5.62732
4.40003
6.49738
5.66082
3.05376
5.49959
2.24032
6.87001
0.390763
2.18353
1.1143
4.15947
6.77092
1.68074
6.69449
8.85392
8.40655
2.77308
2.11392
4.96612
1.71832
2.91116
1.47498
0.722948
3.34181
2.03235
4.38199
5.76647
4.27802
17.5719
2.64379
3.10111
3.23996
4.13302
3.51115
3.46528
2.96249
2.40111
3.9667
5.65404
3.68317
1.86132
4.00485
2.14984
4.36911
3.28367
3.78936
5.57027
1.68854
5.79176
19.4315
1.39209
3.75889
1.77721
1.38551
3.90978
6.89378
2.90892
5.62266
3.94328
3.0355
2.99659
1.77217
3.38178
5.07405
5.19258
3.62168
7.25672
5.24203
2.74346
3.47213
3.48085
4.0502
6.85068
5.64167
2.6161
5.33761
5.60025
8.98106
1.75068
2.72653
4.11474
0.491203
7.7159
7.73465
2.18512
1.39051
4.23401
4.98291
2.71477
6.97059
2.50352
2.23929
2.11631
5.06571
9.13333
2.6406
3.01002
5.04928
1.31251
3.66413
2.98398
5.83481
3.77958
1.83778
6.08543
2.32211
2.71242
21.2455
4.46583
7.98706
3.59661
2.26708
5.25983
3.04659
3.60332
13.2165
3.23452
5.67867
1.23792
4.07591
0.628408
4.23191
4.11508
12.3937
1.16924
3.2481
6.24702
3.61174
6.10355
9.22704
4.69884
5.19527
22.0905
2.33082
4.53076
0.997734
6.70129
5.31489
8.03743
0.566866
4.06428
4.32099
1.97577
3.61887
5.14147
4.5077
3.79555
8.84579
2.58381
2.17024
4.84502
4.28811
3.73445
5.30681
0.758424
4.4672
3.78351
2.41319
2.99628
3.09722
4.08491
3.78453
14.8263
3.1879
4.1963
9.28971
6.54866
3.76033
4.03205
6.00435
4.32801
2.92821
3.98831
3.28121
6.00589
1.60561
4.26232
2.28386
3.99036
7.36867
3.44754
4.13163
3.76597
5.17151
6.73149
4.48842
9.64573
5.50648
1.02626
1.46335
5.36049
3.43784
19.9601
3.95099
4.7656
5.17873
2.24931
9.5065
1.89399
6.03351
0.996371
4.63042
8.6496
13.7359
3.3973
1.7707
3.7497
13.6607
4.75519
5.7164
6.59775
3.09006
0.791821
10.7616
15.9617
5.64513
0.283559
6.51152
4.27948
8.55832
11.021
5.47073
2.09098
3.36592
3.63773
4.48255
5.37389
4.39787
2.28795
2.71506
5.73103
3.56836
6.98313
3.65337
10.4891
9.54296
5.79282
1.45839
17.4945
6.11171
10.9404
6.53538
0.985161
1.00232
1.66565
4.64441
2.48507
5.04054
1.52335
2.7288
1.81406
3.52105
3.33548
2.67377
1.38374
14.9112
3.88902
15.9372
8.77342
5.54114
2.44029
2.02419
3.10397
2.40681
3.84503
5.86733
0.881493
2.73306
12.8022
2.66516
3.26756
3.69734
2.86097
7.88767
1.66069
4.40001
2.00937
11.3403
7.21528
4.86837
3.6398
2.51782
2.83913
9.24392
1.89587
3.4087
1.26385
1.24839
5.77214
9.05594
0.92421
3.22331
4.71886
4.04936
4.3095
2.59395
4.37226
4.61034
7.01893
2.44654
2.5138
5.99921
8.53969
4.56904
4.71701
4.48399
18.603
18.9908
5.62331
4.67565
4.79983
3.04772
4.48263
1.69216
2.75597
11.381
6.33511
7.14659
3.24679
1.77749
2.95516
8.89159
2.64626
3.46447
13.0396
3.55104
2.77855
2.28651
3.55769
7.51295
9.25569
1.27456
1.17931
1.84491
4.01036
6.90799
7.89779
1.94885
4.13837
2.17085
3.35488
4.34926
1.89709
1.00623
3.7503
14.6655
5.61539
3.02772
6.3606
9.5764
2.36357
6.82748
4.78461
4.58116
2.26775
4.425
3.48173
5.07365
3.81754
2.49823
5.87243
17.5855
6.89955
4.54203
3.97978
2.08973
3.83338
2.06208
2.14491
5.55054
4.41147
3.25746
0.595552
5.26453
17.0464
1.50938
4.78598
13.4381
2.59941
4.67798
2.50226
7.72654
9.59761
3.5549
4.0733
6.08623
4.48609
8.54436
6.05327
2.78623
3.2771
3.47315
3.75434
4.83242
4.85091
2.56784
2.86367
4.16076
11.9977
13.7754
8.36547
6.5893
4.83718
6.16137
2.83851
3.89449
4.20972
4.97996
2.59393
7.61976
8.03351
4.05881
5.29902
13.6088
4.54602
3.56138
5.79831
13.573
4.28263
1.13134
4.15447
3.21811
13.4089
2.35798
6.1944
5.21569
3.11999
5.76258
3.90413
1.62896
1.73057
5.52451
4.44123
3.16803
3.79982
4.08931
3.64921
5.30184
5.5975
4.29611
6.28233
4.96895
4.8826
3.50794
4.10421
4.3303
7.16456
4.94493
1.21483
1.03699
4.08049
1.36914
2.57748
2.78251
4.57789
3.52431
4.32509
2.75528
4.98289
4.86597
2.59958
3.72727
2.56878
4.02451
2.93692
2.79722
5.78217
1.83919
1.75392
2.79666
2.96196
13.075
4.12909
2.08385
1.38928
6.00642
2.86607
2.47806
2.5623
6.46643
2.66292
2.8151
10.2961
4.2193
2.95798
3.48782
8.01239
5.18081
4.05817
1.29279
1.88339
3.38208
2.80094
3.49123
4.146
2.98205
2.93456
2.25928
1.74512
3.2138
14.0286
19.5134
3.48765
2.99737
5.27776
3.9471
10.6854
6.94857
10.3291
3.65123
4.2105
5.36536
3.52197
4.03775
6.68472
3.1307
8.0726
2.59843
2.38368
1.08009
2.963
1.90291
3.27417
7.78811
2.92405
1.61665
5.47245
1.24193
6.0273
5.0708
4.91765
3.73444
3.82111
4.52321
1.09382
8.97042
1.82474
1.41465
0.855337
3.4164
11.9398
5.57603
1.61014
6.66161
9.08766
6.50242
4.42084
2.01816
4.12935
5.34299
7.62315
8.3978
6.19724
4.18421
5.48526
1.33484
3.03192
6.16137
7.08495
2.01731
7.19897
3.54013
2.99873
7.53417
4.10183
4.40662
3.52406
21.2632
2.43838
3.05296
2.09238
2.87455
2.07372
2.58485
2.99473
2.21947
5.21988
5.4752
5.16532
5.72525
3.48599
1.93366
7.16329
3.92059
8.00041
5.08767
2.17707
8.31696
9.61448
1.0384
5.57931
5.46947
3.02588
4.50274
2.56797
4.29638
6.96617
5.20021
4.11114
4.45381
5.74494
1.28305
1.64366
2.84514
3.39168
4.72204
0.977194
4.68103
19.6015
1.38715
4.99644
5.94225
6.14288
4.13522
5.14927
3.57056
6.39072
3.98448
5.35281
6.09969
1.47011
3.41853
3.5503
3.21224
4.74822
0.955082
1.46237
8.6107
1.94577
8.45308
2.18732
4.57278
4.8157
0.831961
5.30202
7.89631
6.92887
5.77862
3.34937
2.9408
1.87689
4.1313
2.71013
1.77509
5.88062
4.15565
4.56367
4.55518
2.45446
5.88339
0.335972
5.32423
7.82374
2.58061
8.58168
13.6523
2.49514
5.8642
3.48915
4.90807
4.9987
10.5812
5.8853
2.64646
3.37623
5.28356
4.17651
2.62132
4.1067
6.37856
7.78571
15.8625
2.44001
5.19197
4.77877
4.66106
2.31596
2.5314
2.63653
0.815385
2.11783
4.87747
4.46659
1.19728
20.6215
2.54343
1.10053
13.2785
7.70604
3.36037
16.0551
3.80789
4.75123
4.93356
10.4467
4.40315
2.3405
4.16335
7.90655
5.3832
4.54147
3.12881
2.89357
5.98786
1.73384
3.50529
2.29569
3.85358
4.76302
6.62011
3.2553
5.53975
9.63217
6.09432
1.10244
5.08741
3.50453
3.7225
5.03117
6.33994
2.75048
0.921758
3.54718
7.44735
15.6057
4.83095
4.16232
10.4535
3.52725
2.44429
9.96259
2.63134
4.82405
7.06536
9.59151
1.13922
7.06443
1.5194
3.99746
4.30293
3.06483
3.89174
6.04102
1.62579
0.332788
5.04566
4.52706
2.16234
3.3737
2.87835
13.8163
6.14253
3.81013
5.6924
2.09732
4.54663
3.01558
3.25697
4.18913
11.4953
1.96907
2.28961
4.49324
7.17645
4.26573
4.41991
6.56901
5.75939
2.81972
3.87269
4.9361
1.1104
2.94571
4.81778
4.83996
3.40491
4.87471
6.08232
11.6578
12.0372
12.0686
1.21991
10.5675
9.16786
3.10755
3.5301
5.90099
4.03698
6.03119
9.15889
3.62302
4.57497
4.81877
3.84948
3.53879
2.4685
4.36008
9.2436
10.2191
3.70859
1.06904
0.816942
0.879284
2.44252
2.6906
3.38379
5.2953
1.05405
2.41764
4.98536
4.93046
1.81025
2.45856
1.41442
6.60555
3.19637
1.69068
3.23109
4.71997
3.23668
7.04142
5.33983
1.20422
2.31316
1.40108
3.48363
6.13457
23.3771
4.11058
13.0269
3.00137
8.17173
4.47656
2.22401
1.40768
7.87729
2.82554
3.00741
6.90123
1.83401
9.59052
1.23197
3.21594
4.65416
8.82907
6.10605
3.52225
5.73332
5.30636
2.51084
5.88824
1.56996
4.68413
3.16737
5.90878
2.1569
4.24781
12.2563
3.20029
3.93184
6.89306
3.0448
2.86567
2.38434
2.05102
2.40412
5.14957
3.32083
2.77624
3.19718
4.27827
3.42121
1.55504
4.69814
5.77369
5.55211
2.77736
5.84012
2.66789
3.82404
3.65362
2.37862
5.48372
3.32241
3.8765
6.57261
5.07992
2.13233
2.45871
4.82348
3.38094
7.38291
1.66821
3.12541
2.60332
11.8626
1.29811
5.42409
21.3362
3.10632
2.41954
4.83071
3.63969
5.34394
7.90574
0.471631
2.43894
4.08257
8.13887
3.98078
7.68609
10.6061
1.63866
13.1273
4.37061
1.77533
5.48009
1.5835
5.3415
14.6348
3.76519
4.4345
1.98517
1.58186
5.58662
6.8863
6.21113
3.41841
5.518
1.93073
0.890355
6.27766
6.05923
4.58903
4.33859
7.13753
4.17905
1.61327
7.46612
5.8328
2.90777
3.57729
4.40474
3.23355
1.5841
1.72423
2.45889
2.62177
7.7775
1.78201
3.3766
4.61909
0.433095
2.38851
5.53686
4.98679
2.68661
1.51936
9.36307
5.46478
13.5762
15.2166
3.92218
5.12796
0.635984
2.39301
3.99569
1.87276
0.459645
4.2795
8.93962
5.27115
3.29215
3.80397
16.8652
2.80173
0.658493
4.15747
2.05284
3.01362
3.7475
4.72935
5.45371
8.83026
18.4691
6.56016
6.24325
3.24251
5.40803
2.65986
5.92757
13.6282
1.31592
2.45909
2.06035
4.45621
3.51966
1.83766
3.58857
0.886995
1.01947
3.36868
4.43212
5.53089
1.47552
4.29138
1.81347
8.61066
24.0412
13.4818
5.60188
4.40384
10.9259
6.45642
5.06747
4.96838
2.53802
4.38085
3.70755
3.91546
3.29395
5.80286
6.43502
2.30546
6.41184
5.15995
3.40939
3.78572
1.95713
4.96661
5.6206
3.77319
3.20438
4.6218
2.02815
3.09851
2.5535
3.4317
5.10282
4.22497
3.92767
6.43878
14.8525
10.7022
6.0332
3.98966
3.53537
5.67506
3.23874
14.2454
4.29041
3.03546
3.69445
4.10048
5.9296
5.79774
4.04515
7.78132
2.412
3.27961
5.35981
6.29391
4.2579
4.65662
7.8094
6.65336
3.49489
5.11164
3.32723
3.82079
9.20534
4.5983
1.16003
2.18977
4.90503
1.50867
5.46974
4.98077
10.6645
1.63297
3.47372
2.74833
1.7039
4.12073
3.10772
5.57221
1.92625
5.25804
5.50157
6.11599
5.63473
3.96841
2.01877
0.921243
6.39748
1.0009
2.78388
3.58162
2.1634
3.85187
3.47776
4.3551
2.76428
2.89174
1.23725
16.577
3.43381
4.02824
3.82815
18.2152
2.76429
5.51668
2.38552
1.41657
5.04546
3.26008
2.94284
3.21886
5.52808
7.04938
3.47222
4.02117
2.20577
1.99381
1.54569
5.10607
4.30633
5.60985
6.09381
2.44652
4.14691
4.3227
2.09517
1.77027
4.44058
2.33108
4.05197
5.13025
3.56926
5.03089
8.48826
3.3354
1.86572
2.43234
2.32903
1.57558
1.733
2.95018
5.93162
1.36935
5.7315
1.29007
6.10392
4.43563
2.19869
3.52386
1.42251
4.40217
0.910649
3.22123
4.25437
3.80977
4.76561
3.28391
6.86468
3.27849
8.87848
9.25558
2.29938
5.22796
2.0665
4.52426
6.70128
2.41276
3.99333
3.04238
2.79673
2.9776
2.0811
5.28996
4.82702
3.0623
2.21269
3.78846
11.3029
17.4055
12.9385
7.3245
1.39047
3.66254
3.09401
2.3292
4.32123
8.92249
4.91999
2.66373
7.85832
5.64545
9.77743
4.61158
4.72684
3.21016
2.16866
4.09656
5.99488
2.71666
4.2907
4.52174
3.5059
4.75081
4.11804
3.15301
1.29188
4.71661
3.71553
4.98158
5.71919
1.36478
2.73262
2.56568
15.8377
8.70001
4.22925
5.86417
2.82401
8.10948
13.7411
5.05749
3.86189
1.92258
7.74194
5.03145
6.51442
7.05343
17.2608
4.28812
5.86704
5.74478
2.60929
4.6162
7.99618
4.8839
6.88243
3.74969
2.34434
3.77058
4.2413
6.39985
4.56954
3.19847
1.84947
6.01341
4.11962
4.21615
3.25032
3.02719
10.0996
1.62758
6.79508
4.08859
2.09741
3.96719
5.66824
5.43692
9.12277
6.55098
1.96228
7.0868
6.138
2.32143
3.22358
4.71743
1.70646
5.65508
2.07359
2.2658
1.25033
4.86992
5.55735
3.57764
2.17389
10.6406
2.22976
5.34005
1.8413
3.50408
10.0745
4.9863
1.62042
8.89978
2.384
2.69271
3.12709
4.71276
3.02173
8.07547
1.99431
2.73904
9.3421
4.57041
10.8087
0.948631
1.20372
5.34324
7.51933
4.40437
5.91588
9.62922
3.97761
3.15075
4.65327
2.48559
14.1313
1.46193
2.73507
2.10151
1.91113
3.63756
0.583466
1.63475
2.10455
3.05452
3.5059
5.29378
4.8595
1.79702
8.22295
4.15094
6.72193
4.09056
3.98996
3.49189
4.83638
2.82567
2.52227
5.71996
7.59689
4.14877
11.6191
4.16726
3.56434
7.08365
7.94465
4.42854
5.22024
2.54543
2.39032
2.44188
2.60743
5.13213
2.49516
5.51057
3.04318
3.64687
4.82008
5.8203
3.32779
10.7939
5.72827
3.11214
3.76442
3.04964
7.092
5.62986
7.36239
1.98091
19.2563
3.10166
5.25525
4.54981
2.49116
3.64296
5.4394
5.25928
1.57414
4.70087
3.83525
10.037
1.01156
9.08035
4.2542
5.43983
3.86145
2.71221
2.11307
1.90707
4.46282
0.585474
7.5417
7.83122
3.20388
3.92962
6.72486
15.3567
5.36264
19.8713
3.59638
4.79255
3.42855
2.48931
1.5967
3.16429
0.763111
5.3542
1.90349
4.1365
2.65273
3.57484
2.6978
1.49337
2.99202
6.63085
0.778366
5.70605
2.06177
2.50231
4.70196
1.68199
4.79167
3.22063
22.2077
5.36804
3.25023
4.04722
9.14292
4.62432
4.49542
3.48087
1.76529
5.89402
3.76185
6.06563
24.7691
2.94373
1.3806
3.99625
2.6639
3.0588
10.2572
5.53101
2.33425
5.27205
2.80183
1.97299
3.24804
5.42869
6.45179
1.12798
12.4489
12.6197
3.73598
3.25007
3.54606
0.57124
1.33834
2.50064
0.729285
1.38664
3.29449
1.39894
4.27179
3.13289
5.28405
4.68068
3.95448
6.56016
7.58549
5.01872
1.50007
6.91461
23.9957
8.06718
4.13264
3.84163
6.60773
4.8873
7.11489
3.90501
0.961076
3.30057
7.40629
2.88563
5.15999
5.4242
4.90964
1.47327
3.20815
3.49821
4.21555
5.63606
3.84505
3.20851
7.22195
2.28395
7.76972
17.5796
3.43083
4.4948
0.783337
9.95121
4.82963
1.99741
2.55685
2.93034
3.91698
5.75752
7.30178
4.01351
3.7324
5.3899
4.01465
3.40906
5.47094
4.35934
4.21361
11.0835
4.76992
3.72007
4.31324
2.51786
1.90848
5.87589
2.02213
4.43996
5.21145
4.11276
2.32779
3.19839
5.76199
2.37289
7.1619
2.11999
1.37309
2.50067
3.49554
2.75974
1.53525
3.45154
6.33474
3.98878
5.4694
3.39428
1.66106
5.18137
4.03186
6.79559
2.42918
8.83648
8.10163
3.38656
1.73257
5.95296
4.14073
5.45789
3.25205
4.55707
11.591
2.9243
4.29575
3.41703
6.48795
6.23673
3.43698
23.9119
5.70875
6.00089
1.7305
10.2537
3.75679
3.4932
1.72308
2.90834
5.1154
2.11711
5.78234
2.20284
2.44978
4.59371
2.21726
4.63926
9.05587
2.95953
3.7493
8.00505
4.755
4.33436
3.9691
4.6568
5.18037
6.0031
6.90511
2.34369
2.51931
2.2742
1.67612
11.3099
10.8476
1.50756
1.9595
4.23619
18.5221
4.40683
2.55974
5.26879
9.96894
3.28664
1.08196
5.35901
1.80768
6.40853
2.81408
3.38179
4.83169
1.40312
3.12831
5.2857
2.68121
10.8091
8.4308
2.45453
3.92834
9.02904
2.9074
19.9474
2.44388
7.15732
2.23877
9.00303
6.19126
2.82871
3.23999
4.47677
1.84411
4.60922
3.16995
3.55764
14.9731
1.71741
3.20535
5.33301
5.91573
21.3174
15.289
2.37395
4.9515
4.97525
4.73773
1.99893
4.34939
2.80106
4.90076
4.40176
6.74954
3.41425
3.30363
10.6639
3.31105
4.9005
2.66127
4.60507
3.93127
9.3809
7.35263
2.68826
3.74792
5.71803
3.08523
3.35765
2.51929
9.33787
3.80603
2.73666
5.48564
18.6043
3.50954
4.31318
1.99411
6.02513
9.41806
2.94078
2.41378
6.44362
14.2894
11.8087
3.90312
1.03333
9.85361
3.09309
4.13857
5.68989
3.88203
4.24529
2.84121
3.14045
1.60189
18.468
2.57423
2.40358
3.77703
2.02865
10.9877
3.22017
4.91583
1.40473
4.87514
2.43894
3.17299
4.75835
3.21152
3.56989
4.22526
3.47439
2.7318
4.84117
7.29134
3.87618
0.789627
4.84967
11.8677
5.28332
4.28962
4.52615
2.56336
1.31578
4.27338
2.64542
3.70415
3.94029
2.03601
3.67288
3.19648
2.23646
1.10349
5.11658
2.28977
2.89064
5.16121
4.26509
1.47917
5.39668
2.05841
4.6806
6.71612
2.15722
4.96351
9.22451
1.37045
4.66028
5.47898
6.53344
5.58888
5.36564
5.49467
2.77816
10.2951
5.90317
3.81881
9.89882
3.53611
4.32369
2.69343
3.26395
13.8845
5.41787
5.30001
2.69821
3.21651
1.79524
1.01335
1.95051
14.0589
2.70593
1.97993
3.03327
9.46827
9.93229
2.2134
0.897267
22.6041
5.13359
1.12173
3.17323
2.77386
7.29794
7.14364
4.2615
2.49702
2.25286
5.2252
1.67596
3.78706
3.53888
2.31275
1.95749
5.56885
3.5472
4.86517
3.32035
4.37728
15.0102
6.49198
9.46517
1.37837
3.53477
3.77143
1.80472
0.641528
6.42014
1.70924
14.4056
6.82011
6.8473
5.62382
1.5924
7.64964
3.22682
6.83945
3.50138
5.59774
7.5908
15.7293
1.72318
2.36615
2.84239
4.436
4.57121
4.68941
2.33968
3.45592
2.59238
3.33697
2.70789
5.2768
9.78425
3.4094
1.51909
4.11524
1.20314
4.33641
1.52479
2.09519
4.0067
6.51689
5.41179
3.59217
6.20045
0.781219
5.47395
3.54794
1.52742
1.49006
1.94628
3.7496
3.14815
4.79224
5.03792
6.83935
2.40656
6.53626
3.79919
3.25689
1.19733
11.0671
4.03701
6.36972
2.75598
8.32538
3.13283
2.24996
2.23733
2.92602
7.26052
1.51656
4.43444
5.88898
7.02938
2.35194
1.00157
4.47686
5.58641
5.0923
6.1439
1.89281
12.5124
2.99463
8.39772
15.4579
8.63892
3.1109
5.75842
6.13937
5.84215
7.76631
5.93038
2.20923
4.06688
12.3592
4.6671
2.28057
5.01048
4.65108
3.29636
12.7807
6.88133
2.56199
1.7643
2.90888
5.64311
3.10364
7.13523
0.472762
4.54104
8.70686
4.47892
1.98374
8.65978
2.72834
3.08851
2.62802
6.85628
2.40074
6.68815
5.79535
4.54593
3.2401
5.30667
2.3639
2.95926
3.8488
1.06223
2.58384
6.39579
2.66064
2.04793
4.61185
1.138
1.82612
5.89139
2.43577
15.2963
18.3286
5.20211
2.20922
4.74607
1.66615
3.57645
1.69061
1.05365
6.56627
5.17895
3.26131
0.893628
4.24888
2.10356
3.80907
4.06118
19.2068
6.01274
1.1285
1.43247
9.96306
2.92643
3.40839
10.3087
2.04556
2.47613
3.06523
4.16627
4.71505
5.90411
5.29417
2.04235
5.30115
5.47703
7.27848
8.92212
3.08122
5.0875
1.13212
3.00371
2.33808
2.46648
4.14308
5.93745
0.881933
4.62161
0.969381
2.52951
6.60976
3.4442
10.1009
5.87782
7.70413
1.27131
4.57151
2.60442
6.55167
5.50013
4.4352
5.55471
19.0884
5.4449
3.49764
3.57639
7.44231
3.56431
5.36327
1.71175
3.89267
2.60307
8.26718
4.7152
4.41829
1.43536
3.45163
10.9551
4.69126
3.6592
7.25061
1.51487
4.50227
4.20945
2.22601
4.61764
1.91984
5.47661
5.74074
0.740039
12.9649
0.811199
1.82924
3.58961
3.69685
6.64821
4.08581
1.54823
3.01995
5.66725
3.33044
2.07124
3.96567
1.07977
11.0488
3.71857
6.27843
3.00858
3.71754
7.32475
9.51538
4.52424
3.62738
5.21042
3.2209
1.20326
5.44683
1.93463
1.63278
5.47661
4.0222
0.667589
2.88367
0.941975
1.21171
0.375765
4.9036
5.62264
2.25429
2.52611
7.69229
6.4746
2.68125
10.2257
3.32283
6.74691
8.60943
3.01368
3.39799
4.0775
4.36889
1.06221
0.928546
3.21672
11.0422
4.71254
6.22949
3.28879
6.97779
1.78661
4.82877
4.45618
4.01119
4.63871
8.83578
3.62289
6.25142
14.6896
2.96744
2.14172
2.63382
4.71328
0.984186
1.67591
1.71392
3.94832
6.22788
1.49612
7.55105
7.56023
2.15482
2.34569
4.68857
4.0177
4.0357
7.70884
4.03531
9.87304
5.05306
3.63989
2.74363
6.78286
2.38117
3.13736
2.93842
3.25187
3.94962
8.01586
1.89055
1.48253
9.74051
1.34753
1.08182
1.02724
7.82043
5.34284
4.03929
2.91827
5.50787
8.32896
2.69855
1.45334
4.66025
3.25155
1.95159
0.952647
11.4355
9.2435
4.88352
6.77787
1.15786
1.58905
1.94972
3.12872
3.71498
14.7981
7.73908
0.744054
3.77194
2.92057
2.3495
3.11573
3.4386
5.57922
2.96642
3.17187
9.86508
2.00122
3.60492
2.7536
3.59658
3.74622
8.51702
4.34203
2.03013
6.17887
3.92448
4.7377
0.822257
1.89681
2.74524
4.05027
2.67585
2.25687
1.83926
4.14506
3.6815
8.4155
4.5215
4.85109
3.92878
2.14914
5.06595
5.70515
2.96801
5.68711
5.82768
0.767931
1.48372
5.529
2.16517
2.39172
4.94307
4.82104
7.75116
3.55261
4.2903
2.06401
1.6707
3.26406
3.18838
1.82058
6.74516
2.27627
5.58487
2.79241
6.68811
8.02471
7.01913
2.94144
1.95091
4.19445
8.25103
17.0114
6.22517
4.58546
1.17215
2.45574
2.97329
14.4649
5.40262
4.10923
3.96587
3.64777
4.49385
4.21018
2.95924
11.7731
5.58902
6.12891
5.06426
7.71719
3.21742
18.214
3.24663
5.27904
6.18152
3.7839
2.67414
1.88823
4.1485
13.0221
4.59655
3.20526
3.65492
2.5121
2.74211
3.4126
3.52638
3.53821
3.30718
1.51416
1.44958
6.05412
7.41091
5.43844
5.03144
1.91375
4.34872
4.1
3.69792
5.2003
2.27143
2.47115
8.70098
4.87536
1.83931
5.74955
5.33036
8.75689
2.61883
7.77411
2.27211
8.66494
2.44007
4.25719
10.4761
3.59376
3.19846
7.28831
3.248
4.136
2.42205
2.76507
3.39066
2.26938
1.12649
5.80335
2.1594
12.5119
27.0409
7.33813
7.90668
13.0068
6.82031
5.11346
7.5975
3.05044
3.37864
3.87126
4.19377
3.21869
19.9928
2.24669
9.54918
7.72554
0.450163
4.85226
4.16544
4.08225
5.44318
3.39469
2.80376
3.76293
4.72577
12.2234
9.27515
2.60023
5.58168
2.52307
2.41868
3.22882
2.89426
9.13551
3.27127
1.87147
3.28022
8.17476
7.70891
2.3598
2.34502
1.57693
5.38735
2.47142
2.4123
3.5381
1.80275
4.69231
1.57851
8.70802
2.21266
0.885043
5.05573
4.39482
5.52955
1.86327
3.19372
8.78212
4.44779
5.91274
2.56477
6.13818
8.2751
4.37058
4.75076
3.6048
4.73517
1.14478
3.84309
9.28886
3.12461
12.4356
6.46062
1.55926
8.28961
3.75078
7.04668
3.41774
2.71513
2.57811
1.29409
2.15648
2.11509
2.09278
8.19297
1.62259
5.84446
6.71861
4.81102
7.85883
5.79267
2.08709
4.7551
4.2512
5.76724
8.79134
3.38449
2.12261
4.90658
1.6071
3.19871
3.18149
0.876516
2.85699
2.46633
3.3464
20.0407
3.51417
4.97095
1.30007
2.65324
6.41732
5.28281
5.50999
8.25714
10.2612
2.74771
3.95324
5.84134
2.85112
4.67232
4.77718
6.20378
4.54178
6.14068
4.68741
3.51818
10.9338
5.74234
3.68882
10.1094
1.78391
3.38535
8.55337
4.022
3.54915
6.42024
2.60862
5.29219
2.28608
11.3207
6.95407
3.83168
3.21795
2.06837
4.97837
5.22376
5.17587
6.39425
3.8478
4.24323
5.51334
2.25162
9.34044
5.41188
2.98651
2.93574
3.71273
1.44473
4.52953
3.28585
3.92471
7.73796
3.36432
3.93725
2.38429
3.01963
3.57991
5.01232
5.13481
7.79177
5.60867
1.51493
7.49906
1.49454
2.42459
3.56031
7.26212
6.05185
4.77113
9.87746
3.1801
2.43787
4.70823
3.02479
2.54323
2.61889
10.0222
6.88917
1.83264
8.05285
6.91077
5.77154
2.47191
5.25386
2.54335
4.8027
5.03401
1.04771
8.38915
3.8916
5.69403
6.19883
5.42608
2.76552
11.2658
5.11036
5.83587
5.76863
2.11187
5.79646
4.95239
5.53029
4.14215
6.49118
4.93801
5.9126
18.6017
1.43985
3.36574
3.42095
2.82848
5.13321
8.86519
4.8741
1.33104
4.26326
1.30558
2.2907
2.27191
1.02119
4.21721
9.13504
2.39206
3.40849
3.10628
2.56302
3.26231
6.15683
4.10433
1.35701
7.31523
2.24559
3.5199
2.50081
3.84509
3.56611
3.61453
4.1106
3.30656
12.4224
2.84932
7.75256
1.3022
3.36908
1.82876
3.85072
1.4974
3.51407
5.38446
3.17743
3.72839
3.59263
9.63567
2.32823
6.56121
4.03964
4.32026
4.41911
3.75484
3.5843
5.51447
3.39855
1.32313
2.50172
5.02771
1.54278
2.74402
5.93763
3.63915
3.33637
5.82014
2.91672
3.71881
1.0041
13.3831
11.8299
4.39054
2.40795
4.82748
1.41916
2.99064
4.81138
7.16015
3.20966
2.81527
7.58017
2.63286
1.04585
7.72674
3.93724
8.86176
2.00117
5.21425
1.9699
4.48877
8.94242
5.09733
6.9123
1.62361
1.94803
4.27203
7.73254
2.79529
5.44529
5.32766
5.47704
3.29317
6.64375
4.51001
3.19009
9.91269
14.8322
1.19271
5.01853
4.99291
3.12999
3.78723
5.50134
2.30625
3.52248
0.194826
2.51651
4.89781
3.99279
10.9792
8.3728
1.53302
3.11427
5.31547
17.4441
0.84487
3.01393
2.08321
2.17843
8.66123
6.67499
5.19071
6.33519
4.89294
6.15834
5.09077
4.19578
5.08238
6.01133
3.34465
3.40192
4.82872
7.29534
3.60445
2.64147
3.37452
2.00632
6.90627
5.96591
7.30377
6.22912
3.14734
3.40903
1.01551
6.68054
3.34554
4.99432
4.32499
3.95466
5.00858
2.60191
4.56419
3.5838
6.58104
4.8179
3.52148
14.7486
2.70541
4.22781
3.51808
1.39037
4.44357
3.83761
11.7747
4.54122
1.39308
5.17904
11.27
7.43583
6.53885
5.33807
7.03393
4.84827
1.80016
2.30556
0.982013
3.36797
2.3782
3.23308
2.44804
4.67992
1.50534
5.85616
4.27918
3.0941
1.78218
3.81707
8.27303
4.17539
3.98324
7.5684
1.57401
5.00655
7.58589
6.13737
5.60273
5.84913
2.8926
4.43057
5.37536
1.82856
3.32236
1.0064
6.8078
4.86402
6.51622
5.99382
5.30518
1.17706
4.55579
0.908291
9.87857
4.4863
4.18219
1.59295
5.18624
3.36917
9.47952
2.39368
3.14385
3.93832
5.40538
3.85892
4.73849
6.08674
5.19448
7.05134
5.39721
9.53771
3.30643
3.87833
12.3229
4.47223
11.0096
3.87874
2.5158
8.46599
8.14228
7.67551
10.6731
6.15509
7.44059
2.20535
1.33947
3.72935
1.68873
3.59655
3.90958
5.31385
2.95071
5.44813
4.74139
5.11736
3.78476
9.36424
2.05244
2.59302
2.58887
2.30396
3.82253
10.9533
4.41345
2.28695
4.10722
7.15759
1.57644
6.16891
5.64801
4.6558
1.40615
1.87173
5.10859
17.3953
2.73749
5.89096
4.56606
4.99229
1.78919
2.43784
2.04909
8.89754
2.92702
15.2876
3.17005
5.28752
3.33737
7.88351
5.05812
2.58486
7.38227
8.61397
3.54776
1.46007
6.71885
3.87161
2.01573
2.42466
6.03947
3.26928
1.80247
2.27442
6.65893
5.08292
3.07242
4.98791
10.1725
2.48577
10.2003
1.56152
4.47999
11.3555
4.5017
1.39905
0.813174
4.76256
1.71307
1.53485
2.06797
2.53463
4.19785
2.04356
5.39505
3.11418
4.21484
1.4083
3.52917
6.39839
4.59218
4.35261
25.8247
6.34143
1.04444
2.03783
2.11319
4.58983
6.80423
5.34165
3.80023
12.0698
5.95513
1.9349
2.80103
3.47429
4.49361
3.42519
4.50686
6.88684
5.47202
7.89705
3.63588
3.8094
1.41014
6.58816
2.45794
6.39485
5.22331
1.23596
3.41563
7.59936
2.58483
4.1599
4.32246
5.36147
5.4539
3.07024
5.4236
6.16955
4.6195
2.24172
2.54711
1.6566
5.66812
2.38587
3.38649
8.08224
6.38194
1.4633
3.78399
5.37654
4.54004
7.28591
4.24469
10.9091
2.94259
12.8046
5.95381
3.94287
6.42112
15.2059
3.95919
8.35267
13.4517
2.81964
4.87481
1.78503
3.12213
2.63774
4.1245
2.41481
2.60645
1.31597
0.929912
2.19592
3.31622
14.0907
4.45006
3.07808
6.52289
2.19467
5.051
4.98516
3.60542
3.09272
4.93334
2.77972
2.1705
3.08543
13.4145
5.31385
6.11925
4.66944
3.25989
3.62725
2.95689
5.12254
6.22064
4.37169
2.49417
4.52534
1.347
3.71308
2.02517
7.12811
5.26531
4.44319
6.48276
1.789
6.52179
5.899
4.8237
10.7504
6.7687
8.27676
1.75802
3.84959
4.47053
14.262
6.06618
1.89089
3.64023
0.598528
2.65248
6.61541
13.0929
2.01313
4.77514
4.3802
4.12833
5.41569
2.60896
1.00953
10.32
1.66178
1.66577
2.8488
4.1024
2.67505
2.47589
3.68533
5.80443
2.67249
2.56191
5.57552
5.97297
3.832
1.47003
3.54082
6.66721
5.47551
3.99299
3.0628
7.54734
3.95368
7.30969
2.63169
2.89296
5.16355
4.7294
4.00768
5.57999
5.10007
3.67314
3.8911
3.18427
3.42183
5.8105
0.632819
4.61596
1.6072
1.68494
6.28705
8.97766
4.45621
3.90261
5.31277
3.50013
11.9394
3.53396
3.3187
5.34933
3.64167
2.84873
17.5811
4.84645
7.97521
1.24581
4.40944
1.28532
2.65949
3.07188
1.64283
3.14372
5.24891
6.48766
1.81006
5.89255
4.10024
3.39595
4.07402
5.00749
10.2149
4.86002
5.44059
4.06349
4.37379
4.47739
1.29649
4.2756
6.22721
3.79918
0.594753
4.43206
23.1175
11.6304
2.06786
1.14299
2.81471
7.08008
6.12846
5.61231
5.23051
15.7661
3.09507
6.53788
5.69532
0.37128
3.25004
1.10185
4.59829
3.97759
2.82138
3.51395
5.51537
4.484
4.2285
9.42969
4.10657
2.38939
10.0517
3.84605
4.7312
2.10328
3.88385
0.851981
2.40107
5.02025
5.43261
5.93182
4.44399
6.4081
3.15859
2.2311
1.88199
16.6943
0.806843
0.521501
3.75207
3.91989
2.88258
3.28314
0.964962
4.64285
3.71502
4.9444
2.29134
3.03721
3.40888
1.93766
5.83985
6.70981
3.22454
2.78369
6.80548
4.60818
4.48024
2.12698
5.07361
14.7803
3.92264
4.56318
6.26899
3.29131
5.18744
5.04962
3.99194
5.2671
5.17373
6.91969
4.46045
2.2853
3.17854
2.91753
5.96443
8.56993
4.02353
4.93727
4.39454
4.20329
0.976941
2.49019
1.45116
4.55459
4.23251
3.81978
4.33866
5.14123
7.34731
3.1927
5.02318
2.11728
16.2307
1.54789
3.82486
0.764886
2.88137
5.0655
5.38281
3.89444
3.16239
2.97043
2.7783
4.54468
3.61904
6.06084
2.57782
4.16123
8.0561
9.31257
6.09284
16.2083
4.95525
4.64935
5.08879
5.67545
3.98939
5.42061
4.56372
3.4842
14.1098
7.85148
1.71912
1.50351
1.29197
2.20482
0.764172
3.59753
5.9854
5.04977
3.73413
5.28526
12.2053
0.611804
3.93049
0.99932
2.89205
5.05982
4.76721
15.2514
4.2057
5.11693
3.18907
2.4112
5.10899
8.00945
8.40099
3.76369
9.08894
6.08707
12.5962
0.934432
9.4909
9.2518
3.42064
3.10951
3.06381
1.57166
4.5358
2.50333
4.03945
3.46058
9.07192
8.42284
0.441794
5.03171
0.952605
1.36351
3.86533
4.81896
3.35131
11.08
3.84279
2.64912
4.08043
5.49014
3.63342
5.04742
5.49657
18.9325
1.85123
18.6814
1.0148
4.99372
3.94577
3.87778
6.34717
4.53074
3.51855
4.29179
2.82536
5.39246
1.29476
2.34954
3.9576
1.90524
3.15582
2.56108
2.54541
3.7857
3.12311
3.50509
3.54177
5.45015
3.11378
3.3558
5.66826
2.05494
5.29505
2.50128
9.87678
5.68806
3.91855
4.76016
7.43526
4.09542
13.9019
4.20387
1.19167
5.78382
5.24265
7.67224
5.07531
20.9988
17.4628
9.99102
2.32495
2.10306
2.5911
3.02256
2.71674
2.04736
3.40456
5.86642
5.99276
1.96889
5.46038
3.32048
2.84723
7.64909
2.96363
3.70115
4.64928
9.26214
3.8572
4.35689
3.03579
1.66356
2.69641
6.09662
16.2859
3.97008
4.1039
3.95575
3.16748
3.22194
5.16801
2.22748
3.8534
5.84112
3.94853
2.38589
0.783339
4.45843
3.56999
5.50398
5.6156
1.56745
7.30614
7.26771
6.1374
6.90941
5.4212
3.15753
7.61864
3.11248
2.00664
8.02435
4.93571
1.02928
4.9097
3.43402
5.82249
8.18136
8.69515
4.1245
3.13829
5.09397
4.39939
6.03676
3.64132
5.53369
2.71421
2.38578
5.05743
0.635773
8.52671
2.82344
1.95528
4.68098
1.69049
13.5118
6.24678
4.11083
3.38214
4.13078
2.95537
4.84847
6.24187
7.86687
5.40227
2.70238
3.10468
8.22686
4.26843
5.18346
1.94954
4.31485
0.897898
7.4544
2.06654
16.9272
0.858511
2.11564
18.3686
0.990274
3.24636
4.04448
2.71289
5.21457
3.92135
20.8544
5.21585
5.73723
5.76662
7.56544
2.5044
4.64243
3.97808
2.88226
1.10855
3.35675
1.11241
2.14547
4.17661
4.28292
1.77279
2.94711
2.94278
2.17628
13.5313
3.13734
2.46207
7.9646
4.97305
13.9875
3.00171
10.5671
5.68697
7.16645
4.2167
3.76419
2.71445
3.42519
7.19165
2.16918
16.5703
4.08853
2.45752
3.03788
8.76444
5.89725
5.39097
4.47085
0.724798
6.66305
7.20775
1.76078
2.9856
23.5438
1.52743
2.9043
2.61898
2.70065
5.93583
3.87675
5.06588
3.67989
6.55588
2.12589
0.894099
3.18066
4.11437
2.47409
3.03333
5.05597
4.80277
2.96089
4.97007
1.95033
1.23559
8.9028
7.75936
4.13598
5.304
1.2947
4.94572
4.41619
2.44924
0.674252
2.55626
3.77323
5.47144
4.99366
6.52098
2.55445
3.99175
3.57024
1.65546
2.4587
3.46477
5.35978
1.64789
1.92022
3.92139
2.22028
9.75493
3.53493
7.61566
3.43688
5.53793
8.01217
3.5596
7.70387
2.7859
3.8236
5.69072
3.09955
6.93828
2.02137
3.31901
6.80408
3.14376
1.46576
2.54133
6.03454
4.61466
4.7802
13.3602
4.98442
4.92105
15.4148
9.41752
3.39136
10.6958
5.8953
6.52559
3.35526
2.10192
4.03152
6.24988
11.0867
6.0321
10.9631
3.12369
17.0717
4.27872
14.0293
3.91858
3.28424
3.82545
2.42693
2.44198
5.3644
2.64649
2.27484
3.86821
1.64038
10.1873
4.18515
6.26118
2.43913
3.6858
5.00651
4.41033
2.22831
4.30619
4.45809
15.2258
5.2242
5.39437
4.92964
6.54101
2.8747
3.91439
7.24989
6.94613
0.91157
1.81478
3.56855
2.48785
6.84724
2.68929
2.72955
5.15562
4.30692
3.55032
5.85527
1.66204
1.42112
4.84213
3.6525
10.0763
6.10828
1.60954
9.00382
15.6096
7.1994
3.5448
5.94032
3.69222
1.88854
6.46458
3.85178
1.42943
2.28424
4.51389
20.6265
4.06607
3.24901
4.73313
1.59167
7.35094
3.99822
2.61518
5.8145
3.60785
1.73516
6.05887
5.39134
4.12535
4.37608
4.42537
5.13683
12.0116
5.25189
2.42189
1.28193
4.66697
2.31485
5.4228
5.51315
5.94899
4.39704
2.6205
3.90975
8.24401
11.3639
5.23046
6.17359
3.31611
3.10056
2.81938
3.60418
4.76315
3.56512
5.64638
6.54713
3.79041
4.78693
1.81868
5.18887
9.74317
5.46412
5.98066
1.23859
2.49636
4.09923
6.89647
1.21216
13.8053
8.4028
5.18424
3.8866
1.04615
4.25925
3.98875
5.13889
4.78668
1.71554
1.76204
14.1717
3.05273
4.19849
2.2882
3.6102
6.50564
8.38113
25.6361
12.7742
11.578
0.995431
5.74264
2.05484
1.56271
4.79376
3.70795
15.9363
5.25325
6.74114
4.23863
4.45442
6.6425
4.92527
4.731
3.89448
4.40344
4.43148
6.71099
4.71444
6.13446
2.63146
0.804725
5.75426
4.93145
2.07031
3.31237
4.43605
14.0963
2.39614
3.77575
2.26297
6.69036
10.3689
3.44297
3.46774
5.28894
3.57054
3.1343
8.17659
1.44441
1.4299
5.77786
4.73855
5.49993
1.42146
3.45117
19.8837
2.89576
1.66568
3.08745
2.93746
2.77623
4.67068
3.77085
3.88618
5.74107
2.619
4.11904
4.22155
2.41385
1.51296
2.98385
5.07094
4.97118
0.792138
2.62319
11.1417
2.21959
3.59073
6.13693
1.53518
5.3836
11.7308
2.49196
2.85027
2.30655
2.98799
3.53288
3.4529
0.845299
12.7997
4.42898
5.68245
5.67374
5.37374
4.69646
5.1201
6.3893
1.16964
2.47544
3.02743
3.76265
9.45689
2.29366
1.80586
1.92282
1.8729
6.35111
1.82353
3.83941
3.14993
4.06344
1.92081
5.36346
3.52457
4.13925
3.15433
5.66782
13.3394
1.1671
2.73165
8.90582
4.57075
2.37832
4.27286
5.21117
2.51215
6.00858
13.8528
3.01673
4.8669
3.98988
4.18983
4.49213
3.68469
1.11888
4.58805
1.89233
3.87815
3.00484
3.27218
3.58483
4.53957
1.55071
6.13611
1.95338
1.91153
5.83875
4.87126
3.10117
23.0479
4.09955
2.63815
5.10604
3.26453
5.52045
2.443
2.5812
5.19404
4.41663
3.63689
3.17012
3.00769
4.58065
1.95717
3.74838
4.13753
19.13
2.0512
1.90542
3.86668
6.21212
4.13032
3.25174
5.74801
3.62788
5.085
1.58787
2.61685
1.65722
1.27777
3.23083
3.56915
2.15906
3.36367
3.5875
2.34487
3.2391
1.12445
3.55053
3.35374
3.91605
5.30117
0.519272
5.09396
3.62779
2.90216
5.75583
1.76105
4.82483
1.74836
2.518
9.69011
7.30365
9.14219
4.12875
3.81976
5.55021
3.97352
5.06546
4.15348
6.88141
5.19111
1.4998
3.10929
2.64173
1.39432
9.25503
2.21172
5.73388
6.63597
3.09848
5.48493
1.44088
2.0286
7.61821
0.522159
1.19565
8.37579
2.8782
8.07851
4.65851
1.92796
3.98516
3.8391
2.14658
2.98682
5.55497
4.08935
5.10427
0.403974
6.10055
5.09146
4.36675
14.2446
6.7202
2.27644
1.19337
1.92407
6.55782
1.51858
1.95664
2.56531
1.88041
2.95983
3.09917
6.24245
3.47838
2.08991
19.2889
2.10771
3.92308
2.4244
2.91851
3.36328
6.1062
3.94112
5.21435
5.25358
10.8707
6.07396
5.15375
1.18022
1.8759
7.52452
3.25627
5.72621
2.93454
2.59964
2.11795
2.96263
2.97976
4.53476
4.93769
3.49695
4.43201
9.74744
3.47657
4.56036
3.37054
2.97612
3.48158
5.38028
2.08832
3.54347
0.927189
3.18795
3.47628
3.01159
2.07287
15.6459
3.8779
3.10121
2.23303
2.20625
3.13151
3.62653
4.88866
4.85128
3.37284
1.14987
4.4093
6.50976
2.64453
4.27498
5.58027
3.77403
8.08485
6.42922
3.83642
6.69892
6.3811
4.6593
1.88406
2.09936
3.22177
4.81033
3.0703
6.37683
5.9115
2.82389
5.02219
1.45587
5.15321
5.03014
1.69671
2.95192
3.89239
1.63692
7.11328
10.6704
1.25789
2.72718
2.61459
4.19648
4.38814
4.08172
3.70802
4.14751
1.38754
7.31362
4.13979
5.88417
3.25459
6.48184
4.31366
6.99847
4.09401
2.53061
7.86831
7.5889
6.27414
5.06081
0.117456
5.8548
0.793016
12.8126
4.39322
4.44732
2.13334
2.91583
5.36184
4.62153
4.42215
8.07248
5.4414
6.52485
2.75069
6.74739
6.21525
3.88428
2.4279
5.98368
1.26102
12.9927
3.10775
5.5315
12.979
6.17986
3.65864
4.05265
4.27456
4.06417
0.379961
1.64929
11.4864
4.39525
2.73452
1.77324
5.2054
3.80459
1.10807
1.99328
2.19395
4.90578
2.59792
1.97823
7.36969
4.86053
1.37569
4.72835
3.77468
5.00768
2.44047
9.73431
1.47854
6.33637
3.84402
1.59559
2.69285
8.87209
4.08135
5.54744
5.09854
3.5664
4.4415
1.68251
5.85798
6.13197
5.75617
2.88042
5.25129
3.73856
3.4072
5.73049
7.03719
4.54725
5.83826
0.862065
4.12394
5.96102
5.63718
4.75794
3.00694
8.50592
5.75262
8.26735
1.51423
3.86127
7.48478
2.26681
11.452
2.61785
8.57329
2.78997
0.615115
5.01838
2.65451
2.32699
2.62904
2.6859
1.68244
1.3937
5.48348
3.05066
2.24308
8.76906
5.39726
23.2436
5.79115
2.73397
4.78479
5.77129
0.506163
17.7588
8.24029
11.8883
2.86565
2.5554
4.99899
3.00217
7.14038
3.42953
4.06809
1.4953
3.25915
5.9092
2.90243
4.45146
2.65501
1.48986
4.66861
10.9042
2.20152
2.66081
0.761863
2.68158
1.83085
11.8977
0.925756
4.89935
2.08162
3.56777
6.58909
5.92077
3.58934
2.055
10.4621
4.11698
8.82786
3.67686
10.7568
4.65469
5.48481
11.8905
1.08135
5.57939
2.81155
10.9177
4.11587
7.52374
6.58993
4.68013
15.4724
3.94218
3.72181
2.40189
2.82514
3.80431
1.71686
2.9089
6.40664
11.1361
4.78943
3.4309
5.55907
4.54122
3.94458
2.80026
2.14992
9.50422
1.95468
4.55566
5.97436
8.67295
4.33664
3.86366
3.60024
2.69325
5.10316
1.73065
5.34312
1.90297
2.58353
3.58723
6.23656
5.24235
3.67225
2.61663
2.9134
2.93656
4.55823
10.5558
5.65305
11.1729
3.99936
4.39976
8.04419
2.89393
0.611245
0.568475
6.68466
2.46181
7.38763
2.4157
4.64021
0.906091
3.54481
8.19203
2.63014
2.55428
10.1847
1.2381
1.97845
2.74383
3.67817
3.05325
3.69867
5.2852
4.77222
4.99234
5.29696
2.27211
2.06365
4.61623
2.51594
1.65928
10.4282
5.04502
3.58796
6.21251
3.25915
1.80843
3.76942
3.04611
3.16093
4.43262
3.81492
3.59625
5.12574
3.99606
5.17925
8.92004
5.36111
7.49041
1.24059
3.03186
4.86807
7.1321
5.67539
2.59795
3.72193
2.31034
3.28898
3.77836
4.2541
13.0028
9.11084
5.73553
5.62906
11.1716
2.44683
6.27469
3.4151
4.77543
2.94756
6.3323
14.4972
10.9976
3.55458
7.60435
4.80694
2.14885
3.48004
5.54555
2.36739
2.41843
4.29613
2.54602
3.85934
10.1398
6.02092
3.87468
5.75134
5.11538
1.53469
3.9596
9.32127
4.07131
3.19296
1.89806
8.71184
7.58313
7.21043
5.60381
4.2573
5.36766
4.97666
4.65382
3.6527
4.22905
5.17655
3.00105
3.70559
5.0246
5.82991
0.761387
4.2917
1.74994
2.7165
9.83091
2.06938
5.62363
6.31088
3.26096
4.868
3.51641
16.5912
2.38109
7.94691
3.87524
2.544
4.07926
9.21838
7.3516
16.8819
1.67224
8.30762
1.72282
6.80376
3.5326
11.0198
4.09338
4.38197
1.72469
1.5627
14.7592
5.16158
3.25659
5.5174
11.8911
2.97749
10.5758
3.74306
1.52838
5.61433
5.20107
5.14242
4.34283
4.24998
5.24699
4.23132
1.11365
4.14312
3.78682
3.36866
2.49365
2.86838
6.57172
3.79308
7.05254
2.6901
5.8742
4.42433
6.08499
5.28428
4.8405
9.96484
5.83445
6.46643
9.84261
2.36046
6.48052
2.34794
3.77132
2.14998
13.994
12.1983
11.7224
3.10981
4.32374
18.7441
4.30082
2.57348
6.06479
4.38619
5.54076
1.2818
2.26051
20.3784
4.52993
4.14112
8.38321
7.99159
4.74482
0.658444
5.43542
6.69239
3.91081
3.76586
5.13129
10.6085
2.65196
1.10869
3.41791
9.51112
7.72574
6.40467
3.12299
5.24866
7.39243
6.02993
2.89297
8.79003
2.45041
5.16131
8.29183
1.30441
5.01016
1.06005
1.67995
9.551
4.46135
3.04998
3.35649
2.56357
5.49849
2.37458
4.91062
8.79975
4.3019
3.75438
7.39014
1.54292
6.29805
5.17579
8.30311
1.20043
3.48625
3.39447
2.60184
1.03428
10.9982
1.88075
2.11909
4.57398
14.5916
4.84152
2.52572
4.81999
3.05242
5.10235
3.22418
2.98544
2.71574
3.73756
3.38392
16.9417
2.15696
5.80018
1.95033
3.99404
3.57041
1.99231
3.98847
1.59008
4.34067
16.2639
5.97991
4.50849
4.50607
2.19486
5.16317
6.65243
5.01627
2.76857
3.01463
2.43773
1.63344
22.9034
2.71423
3.8283
8.94955
1.54705
1.90742
3.61446
4.89071
19.6725
3.12149
6.79569
4.13407
7.89291
2.19898
6.52727
2.2494
1.69399
4.55415
2.04381
7.03809
4.42071
7.67562
5.24201
3.2739
3.32219
6.00989
2.50193
3.75342
5.84068
3.25157
3.01015
8.88936
1.39156
9.21068
4.0307
5.82694
1.8124
13.0158
1.32418
3.35337
3.82683
6.96483
4.5885
3.5454
4.2545
5.54706
14.6258
14.5149
4.3361
8.34794
7.37848
4.71003
5.47799
1.31633
4.4606
4.66925
1.37878
1.46762
2.33077
7.78438
8.21342
3.34819
1.65492
2.6138
3.40541
1.35981
3.41729
6.63477
7.44119
7.02892
5.18689
5.38557
1.2755
2.14777
2.92021
4.19822
5.1449
7.42281
0.464197
3.70936
0.372816
6.11981
0.393146
3.17123
3.98491
2.86036
2.36966
6.95461
2.67689
6.03474
3.67018
2.48249
17.2704
1.71359
20.8571
3.21422
4.63889
1.82712
2.93314
10.0226
3.10767
9.38881
3.2044
3.88207
1.85878
5.90802
9.00049
2.65855
3.67187
11.2373
6.07194
6.33515
3.80181
9.62876
11.977
3.872
5.24675
6.37674
5.77982
1.35103
1.19394
2.14246
3.72919
1.67547
3.49268
5.22355
2.74909
5.84547
6.14308
10.2466
3.096
5.67372
7.51566
5.04488
8.0305
4.02354
2.30876
4.36988
2.0388
5.34494
15.3982
4.44834
2.40618
1.86243
5.26815
7.26024
2.49552
4.92018
5.94649
13.2853
4.46636
0.923809
8.22772
12.3072
4.37306
7.92338
4.37202
7.03857
2.5621
1.38908
5.13878
1.13541
3.95914
8.27635
2.38729
3.85847
6.11449
3.87508
3.0856
2.95333
2.73964
4.814
3.50911
9.24379
5.61787
3.67878
4.75422
2.7127
4.46851
14.6537
3.04598
7.74809
4.34691
9.50792
4.37584
3.04897
8.34273
1.59294
4.92153
1.4986
5.12693
1.74466
1.26874
1.05128
5.03323
3.75528
3.48136
4.9507
6.19508
2.49993
2.14211
2.46106
1.10283
2.7598
3.47904
10.8985
4.38017
6.30454
3.14948
4.7554
4.72963
3.95417
2.05988
10.3745
2.21776
2.56757
5.75603
1.59972
9.87602
4.20698
1.98141
3.66299
5.69398
3.88554
0.631258
5.58043
2.92245
2.77692
5.35204
5.09367
8.66389
4.83541
1.94857
4.82843
0.900191
5.01109
2.24147
6.07251
4.88821
1.29197
5.17545
5.68064
3.30199
4.78273
1.92508
9.50007
4.4491
4.15633
3.66477
2.65767
5.6034
6.31657
3.23893
4.55103
15.2239
2.25903
0.667162
2.81028
4.29324
2.97079
4.49957
13.9196
14.2704
3.81539
6.35049
6.27164
3.90863
4.74688
4.02785
0.925768
14.5031
4.22815
1.46047
4.1254
6.06572
8.98019
7.33498
3.82456
3.04382
1.34686
8.87097
5.7324
3.33552
3.62929
1.79065
1.83983
4.57057
3.26217
2.86565
3.94714
4.21297
5.11867
7.47612
16.2839
7.03885
5.51177
2.33678
15.1211
5.87843
5.10983
4.74577
2.14007
1.67837
2.67717
6.41946
4.19521
2.39523
5.27668
4.90067
3.59371
5.89589
2.31731
6.82125
1.88624
5.82033
2.81003
4.88034
10.3178
2.77061
3.91121
2.44683
16.3575
3.46834
4.74021
3.65191
9.92239
1.63598
2.41909
1.27363
7.39995
6.26558
5.01794
4.52508
3.7321
4.67955
4.69838
8.96931
5.76403
2.55522
4.86965
3.81097
4.93287
4.5947
5.1944
4.42715
5.68944
5.06516
5.46232
1.5388
4.69383
1.58258
4.29728
2.19742
11.0466
5.11612
10.9252
2.99484
11.3194
7.28096
3.05089
4.70399
8.21425
2.47287
6.14556
5.55954
12.4267
8.59093
2.35473
15.0092
2.57599
3.58546
1.79066
4.00847
3.6398
2.42185
4.52834
3.76943
6.19954
3.66456
3.52381
1.08622
3.80217
2.98261
5.7035
4.64131
2.97976
5.50297
6.30093
4.90408
3.56346
4.60298
1.92046
5.60864
4.17415
3.89573
5.67374
5.03664
5.05761
4.08394
24.109
3.60892
5.44883
6.83923
4.77531
2.22958
1.14015
5.03704
3.12937
3.56373
2.05229
2.42444
4.87216
1.73551
2.28532
2.69069
4.08922
3.93223
6.56574
6.24879
0.674239
2.85533
5.46592
3.69805
4.71993
5.36425
3.78703
2.66006
4.36552
3.95937
5.36042
13.6777
3.69977
2.84663
5.82056
4.43087
3.87086
2.82057
8.25376
14.4952
2.51982
4.38101
3.41271
5.88459
4.52683
2.48534
3.38306
5.10386
2.05105
3.10935
19.2494
9.33569
9.07158
11.2967
1.62834
4.31229
4.74728
3.94029
6.1777
4.846
2.64571
2.68984
5.40456
3.18978
3.54617
2.67386
4.24342
1.0849
5.77097
6.06664
5.76714
6.91689
4.15638
4.9538
2.08316
4.32341
2.59138
1.96866
4.62578
2.7219
23.0887
4.32689
13.4425
4.70924
4.05773
1.47838
2.75715
6.37477
6.43837
3.49058
5.45571
7.37042
0.938469
5.52652
5.10025
6.97897
0.806083
3.37906
2.61823
4.21747
6.30259
4.7747
6.83682
2.90223
3.62126
3.97964
1.04896
1.74193
5.20486
5.80603
5.41179
7.77725
4.97108
3.13612
1.92
5.28296
5.86221
3.97808
5.22005
1.71035
5.46702
4.00573
1.98068
4.76595
2.51279
3.84447
1.45538
6.76641
1.67176
1.63071
9.88744
13.6033
6.78784
2.28947
4.64514
4.25595
1.66634
7.39979
2.2211
2.64834
5.12317
3.76057
2.97525
1.82027
3.62052
2.42814
2.61881
5.13004
2.4992
1.71996
4.31546
4.6073
2.60128
4.98355
8.81836
2.46737
10.6478
3.10132
5.72426
14.2582
4.6079
1.45469
7.13626
2.35259
3.33486
6.97989
1.81419
2.65112
1.64674
11.5573
4.47313
5.46809
5.8272
5.11994
3.85691
2.52006
3.53882
2.47009
13.3501
5.72508
7.65725
5.33707
6.54419
2.76492
1.48732
3.07562
4.07694
3.43128
1.84255
11.6168
5.72452
2.99054
3.8557
3.09558
10.9593
5.34376
5.47344
0.920093
1.81066
2.96989
2.64028
2.04042
5.74013
7.21829
1.74348
7.20955
4.20534
1.7076
3.91892
3.35695
0.893403
6.41712
3.55223
0.697641
2.82952
3.70968
1.36656
4.19946
2.33546
6.13833
6.60592
5.62254
3.1362
6.92881
0.736972
1.18102
4.14014
9.04975
3.35607
2.34769
6.92548
4.55648
4.07407
5.86162
9.07367
5.64888
5.50892
1.51181
3.12508
3.99282
5.94322
4.32345
3.02074
2.63745
2.47841
6.15813
15.6005
6.28211
6.60371
3.38389
1.63712
3.75216
1.2036
0.967568
2.8951
3.53697
3.75301
5.96678
2.26008
7.16341
4.08127
2.14333
5.72875
3.31155
5.97542
5.58051
4.8997
8.7578
1.87472
2.38413
3.972
4.47647
8.27389
3.3095
4.64995
0.510689
3.05634
16.346
4.82531
7.70926
2.28825
2.96082
6.63397
5.58672
8.78029
5.53421
5.22058
4.38899
7.50997
3.28875
3.0132
1.17885
9.83387
2.65548
2.5714
1.91574
2.53021
3.29852
3.95597
3.45572
4.0422
3.60175
1.60802
4.41735
5.79939
1.99082
1.18355
2.20792
5.81233
3.96632
4.84574
15.1578
5.92388
4.2926
4.79359
4.17569
5.28752
2.22331
6.2645
6.23493
3.95351
10.2554
3.67262
2.32291
0.736283
2.55325
1.34434
6.19175
4.24484
2.85718
9.91179
8.38954
2.35041
4.20917
1.72842
1.38178
3.11784
1.56435
4.63518
3.91028
9.80992
5.65039
1.12687
3.55784
3.30238
14.7557
2.59623
6.93752
2.37848
7.06535
9.5264
5.38511
11.3949
4.91315
5.07858
2.73913
5.33278
2.77698
5.88825
3.21741
5.88094
3.37236
3.39206
2.03823
8.13396
1.54141
3.51954
3.60796
3.8155
5.31144
3.73673
23.0935
3.88439
4.09185
6.14488
4.80697
3.21577
2.48216
2.26516
3.66322
4.37384
3.88803
2.79418
3.72122
3.74595
2.08783
2.9488
4.93025
4.99588
8.23207
2.25033
3.71198
2.97737
18.9018
7.55982
4.7374
14.8864
2.01782
5.51528
3.46083
11.0675
0.482708
4.421
2.18048
5.87644
2.38397
4.6159
3.55446
2.26961
5.86009
1.74051
7.47741
1.36061
3.71526
6.43721
4.18498
10.1733
3.80825
3.82034
4.86417
3.64883
1.72811
3.21472
3.6203
3.14813
0.817606
3.6668
3.74392
4.55509
2.70001
1.50206
5.79563
3.51511
2.82492
6.74109
9.00225
5.14599
5.52572
3.62213
5.43769
6.20986
6.99862
2.69417
22.8388
4.25723
3.89579
6.27577
4.68615
16.171
2.17599
7.59639
5.07816
3.87705
1.98047
7.16265
3.9996
3.78728
5.76789
6.0908
2.91596
3.0498
6.68297
1.51998
3.82726
6.67117
1.82746
3.38731
3.64885
4.0305
2.6878
2.87277
4.05795
2.9247
9.08035
4.22307
4.3633
4.15965
2.76445
11.5336
3.85224
1.94754
3.61261
4.85859
3.37399
4.37759
4.28096
3.35813
7.65918
2.84272
2.9884
3.69124
3.40544
3.60541
5.36338
2.87989
5.70272
3.3559
3.99996
10.6571
4.94321
2.63614
9.16277
2.27471
5.8815
2.06842
6.76466
5.73118
4.76324
4.19009
1.77237
6.80613
1.21276
3.9777
6.19119
2.54649
2.8419
4.27543
3.64331
3.98077
1.98829
9.90222
3.38499
2.17841
4.66785
3.16834
9.00291
6.15208
3.95187
5.57995
3.05306
5.05628
14.5943
2.72481
5.65688
2.35032
6.09622
2.80927
3.81506
5.81388
5.13391
1.77403
7.43186
4.38479
1.89267
3.61679
2.25227
3.64624
3.18241
0.792281
5.08019
4.856
1.43693
3.33064
5.19643
7.53247
9.08007
3.04406
3.20416
2.37327
6.26836
4.82117
4.98752
3.43091
2.8607
3.99175
5.25375
6.8251
11.0552
10.1887
3.3112
7.4841
0.46885
3.70644
3.87993
4.95172
1.41019
2.68783
2.66638
4.87643
4.0873
0.818249
6.94663
3.29509
1.29072
2.8446
9.47753
2.07079
4.9344
1.86577
5.60449
5.8871
5.24002
5.53511
4.99857
3.04572
5.75978
2.99556
2.14119
2.16995
6.41952
1.82706
1.32213
2.42902
2.21374
4.56573
8.07884
6.56218
5.02514
5.23657
6.54884
2.36634
4.83187
4.58869
4.6034
19.3937
7.04062
3.28849
4.4072
1.2667
1.89334
5.582
18.6167
3.86377
6.92104
5.15213
1.54141
3.06087
5.53136
3.47324
3.74222
6.59405
4.49498
2.7363
3.02046
3.8346
1.03389
3.96207
6.04269
7.04289
4.79081
11.9395
3.22431
5.33454
3.94777
0.786074
5.56486
10.0131
17.309
2.02713
11.8246
9.45138
7.47251
2.83032
7.23522
4.24216
3.53856
4.45894
3.67369
1.16061
2.44912
2.29784
3.64443
4.85597
1.51463
4.68489
1.52645
6.74147
5.57849
5.062
1.72181
6.35966
16.1272
4.67683
3.32387
4.78613
10.3181
8.03338
9.40262
4.39136
2.72328
6.30885
1.49633
5.43417
5.45495
14.9487
5.41782
10.9782
3.48437
1.65588
1.77043
5.76019
2.17642
1.46626
9.83267
2.12825
7.53426
2.58168
10.6154
2.8183
3.4433
1.72702
4.83175
8.47724
3.17091
3.89272
2.8948
10.9859
9.01292
4.05107
4.99852
3.22305
11.6139
2.75319
2.54093
2.18861
3.14086
3.87713
6.06829
5.42707
9.03304
1.25245
3.00903
8.00402
3.97563
6.41122
2.40659
3.0452
5.37156
3.2582
15.7202
3.19871
5.91262
3.1624
3.02911
2.19311
21.6749
2.68041
3.73355
6.38367
20.3447
4.072
4.38725
2.65655
4.07313
4.54224
3.00372
9.91555
3.91232
2.71491
3.25785
4.91303
13.5943
5.30383
5.50191
2.7016
8.2758
3.14455
2.97996
2.10815
4.57092
2.54104
1.84946
3.6535
2.84151
5.97267
7.21356
2.60897
12.4612
1.74794
2.66373
5.36736
1.44309
10.6567
2.14169
0.793254
3.98461
1.6352
5.01003
3.89333
1.50753
3.81711
1.61824
3.36441
5.62845
7.40157
5.59477
5.57766
4.79962
4.78573
4.48369
2.70487
3.08887
5.52668
10.1456
3.68719
2.73269
5.17676
2.42165
2.54805
7.20142
3.16034
15.5717
5.47843
5.71683
3.05273
2.49605
5.57125
2.28715
5.82002
0.839119
6.16108
5.79426
3.53959
14.2313
4.96647
0.735717
5.44973
2.11918
11.2542
4.63865
8.00817
0.585684
4.35843
4.73227
1.44239
3.98015
1.93758
8.06975
7.64421
3.84031
3.76751
3.33733
4.34792
18.0388
2.64746
11.5301
4.64269
2.57164
5.37487
4.57904
13.0336
1.43999
11.4738
9.41338
0.531941
9.67919
2.36163
6.51285
3.17881
6.41276
5.93181
4.0757
2.46907
4.52177
2.24971
3.35538
8.7229
2.40249
4.4029
4.24971
16.9954
2.33188
3.45679
1.95586
3.78116
3.55852
3.06881
2.69143
8.33219
5.29844
10.6383
3.49188
3.01794
6.81982
6.44827
4.50536
6.12084
4.50825
5.66796
6.54538
5.9827
3.86568
3.43727
4.32453
3.59841
5.27501
5.36193
0.887075
2.9984
16.7134
8.25441
6.68596
3.22892
4.64354
6.51541
2.6121
2.3022
6.83179
3.69506
3.79773
1.88683
3.94282
2.71567
4.90091
4.71066
1.88453
7.26194
7.12146
5.2431
2.27963
5.31183
1.82394
6.17924
2.4002
2.83231
2.85688
2.47141
6.69473
6.54546
7.49056
7.32933
3.49729
15.606
4.29544
10.7937
6.08065
2.52811
10.183
3.72558
4.17687
3.33129
3.70166
4.92563
21.5193
2.29903
3.8881
1.03791
4.09568
1.02976
4.00902
1.36264
4.24587
3.29984
4.89636
2.03359
4.11691
1.01902
3.89682
3.43105
17.9176
3.63087
8.14157
4.27236
1.18568
5.15616
2.22282
3.78829
2.25739
4.78458
3.76649
4.62275
3.26396
3.01518
4.91773
6.19312
4.25844
4.5488
1.50239
3.95049
4.56695
4.74243
3.02619
6.59429
6.83087
2.6808
3.37062
7.85734
2.34487
13.0437
2.49114
7.27265
4.06815
6.32421
4.64571
6.82503
6.19402
5.66857
4.23195
4.15237
4.38721
5.07806
2.13025
6.64736
1.36815
2.57729
5.62115
1.96922
3.35924
12.6666
4.61223
2.20791
3.6147
4.4128
5.14391
3.35134
3.474
2.55623
1.87317
3.93686
3.62545
3.6863
4.87749
0.971359
5.98244
4.01046
1.30918
1.51757
4.85452
4.05397
3.02086
5.61997
2.57549
2.57874
3.09749
4.70804
4.32751
4.33756
7.19762
3.31142
1.18508
15.3586
0.755184
3.76799
3.90403
1.04102
3.45703
7.9551
1.03601
4.08946
4.19832
17.3216
4.04977
7.54858
5.66348
5.51125
5.72789
7.53478
3.97558
3.07322
15.9733
3.40751
5.04442
1.93483
2.40391
6.21891
4.51345
4.07232
3.40349
5.1915
3.22014
4.20781
2.30925
3.77745
12.0493
4.43498
8.04648
3.00418
1.72014
1.61027
8.47001
1.39824
5.32482
3.62843
0.799537
9.31721
3.85289
7.89619
3.64506
3.72302
4.91599
9.83167
2.59273
3.49698
1.24677
5.19574
3.89484
4.87803
1.9256
4.79558
3.61567
5.50663
13.4884
8.2803
5.20191
5.81094
6.60727
3.9109
8.73962
3.58977
7.558
6.18282
0.340134
3.99033
1.63876
3.83793
14.6151
1.45469
2.73605
19.1631
6.91831
2.38979
4.85768
5.39363
3.09828
3.9982
16.1086
4.34351
5.2538
7.66522
4.04796
1.75071
5.08475
4.33789
8.74769
7.0008
1.75567
1.51104
6.98783
6.74017
3.1912
3.37787
3.64762
1.16967
5.61425
1.09672
4.5641
3.8723
3.10862
4.89505
2.00927
3.69999
1.25352
2.773
3.91495
2.46966
4.40558
5.01163
6.48041
4.29456
4.65836
4.7323
0.897963
0.30147
2.70732
4.50811
4.68145
4.49546
4.89677
3.91136
3.79105
4.29037
3.32035
1.62089
11.509
3.68008
3.44567
14.7
4.56603
4.01058
6.81065
16.9524
3.89052
4.63164
5.13637
2.45114
1.31399
6.59017
4.45968
4.88778
1.73313
3.50586
21.6039
5.45729
2.19669
5.73346
8.04291
2.80113
3.96092
1.7727
4.33665
1.37646
2.34189
2.56864
3.2727
2.06301
5.44732
6.40951
0.87722
2.67808
4.86538
2.06852
4.33192
3.15519
4.34043
4.1273
3.36471
1.44652
3.98942
5.91173
4.57607
9.75732
1.64701
2.25772
4.2857
3.65538
2.31301
2.22341
3.60413
1.22825
2.82561
4.99121
6.69935
5.57735
3.95428
5.8608
3.21586
3.62148
2.39128
1.78705
12.3704
3.65763
5.02582
2.21787
1.59527
2.66972
1.35587
3.62226
3.71641
5.73843
5.39803
0.599481
0.993528
9.07212
2.60401
3.78489
3.2855
4.37319
1.53236
10.2478
3.94757
3.88125
1.61413
3.17784
8.31079
8.35915
2.42192
2.08577
7.56713
2.1682
0.769703
4.52683
5.54855
5.4354
5.24388
1.9195
9.48866
4.38319
4.83083
3.78249
6.18198
4.40701
2.10309
2.33255
3.40665
7.94813
7.01143
3.00837
5.38723
8.78187
6.99974
2.85457
4.29958
7.36719
1.73161
1.34978
0.794072
1.82488
0.808182
2.99661
2.98509
3.85851
3.48338
11.0115
1.3717
2.69818
2.66265
1.35054
3.40574
4.00562
4.6548
3.27757
3.59024
3.68846
8.95114
8.12424
2.52639
1.47356
3.14507
1.36258
1.92304
1.56303
7.81423
2.71576
8.45443
5.87498
1.79012
3.36042
4.07826
6.02746
1.98742
4.59348
1.3585
1.85072
2.25006
2.53578
1.9258
24.4855
6.91184
3.69675
2.81782
3.54459
4.64539
4.48728
5.75402
3.88711
3.68917
3.0879
4.31751
4.82891
3.3266
1.30262
5.50789
2.95845
5.42136
17.9835
2.68229
4.73587
4.34874
4.96518
3.89266
2.55908
3.42993
1.69779
3.22355
4.22995
2.82177
4.52536
12.3562
4.87857
7.04088
3.34563
1.57488
3.43895
11.3841
3.02027
3.66004
9.09174
3.36421
1.48833
7.39823
1.96671
3.19489
1.01097
2.84223
5.3637
1.21877
3.84681
7.95817
5.63616
4.23483
21.8632
1.66898
3.76072
10.8207
7.24517
3.72176
5.24828
10.4933
5.2395
2.11848
3.76473
3.11536
2.79798
6.2695
3.44631
5.50224
5.31043
4.55956
1.62147
12.5055
2.77005
7.74997
2.51258
3.36047
4.04714
2.85577
4.11264
3.96565
5.11933
2.23859
4.3431
5.35279
3.77811
11.0059
7.454
3.67832
8.07685
5.34118
11.3143
4.97801
10.0504
1.90182
3.33458
1.91883
3.8789
6.66887
3.78785
3.74985
4.17012
3.77968
5.04262
2.44082
2.53761
7.6527
3.81268
5.12846
5.32073
2.84967
3.53411
6.48576
2.3851
8.7767
2.57377
1.84442
2.9036
3.22064
3.72747
5.05614
3.4823
3.49478
2.80911
5.00066
3.69105
5.98944
1.92164
2.29413
6.54444
4.41647
3.65212
2.67448
2.91844
15.2883
11.1068
2.3481
3.23556
8.21393
3.8039
1.54511
3.48717
20.0586
7.72725
6.72245
1.59533
4.77384
8.93003
3.77428
18.3544
5.55511
11.0777
4.22908
4.46779
4.2007
4.96126
3.75036
6.00975
7.59356
3.18224
8.53972
5.14948
21.7009
1.82006
4.28293
4.58358
3.74714
2.64769
5.13904
5.61629
3.61722
0.739887
13.7655
3.7424
8.51091
2.85106
2.31177
2.15439
4.74553
0.74406
6.01556
5.06877
1.8131
3.05749
3.81213
3.51942
1.32507
3.89928
3.87193
3.50014
5.63075
2.16631
5.51678
7.55444
5.20504
20.1417
3.48354
6.0104
6.9815
2.28239
6.06406
7.06433
2.86344
3.50921
2.54105
4.54016
4.99031
3.37563
3.65032
12.0419
8.81065
4.94856
5.14713
5.49853
3.41036
2.12968
6.28366
1.67948
5.03095
1.86371
4.05778
6.47704
5.58795
2.72331
4.72799
2.92694
2.88102
4.3752
3.47923
1.71724
4.40514
3.66218
4.65588
2.65527
25.2344
9.27475
4.60139
4.93887
9.48261
4.40045
3.04316
8.21784
3.98981
10.164
5.25245
7.85122
4.41576
3.50026
3.48305
4.61555
2.35982
2.12443
5.08373
8.46617
1.5882
4.6481
3.08817
4.04706
13.8292
6.66594
2.18798
6.62929
1.47817
4.41182
4.43654
4.93739
4.83818
5.60686
3.70374
3.45908
10.8776
3.2927
1.91057
1.55889
4.44911
5.77537
2.6658
4.77079
1.98056
18.2336
4.27276
3.49977
8.99306
4.86973
3.85895
1.63356
9.23225
4.08286
3.95182
4.16808
4.21898
3.85973
2.02619
3.5783
3.94736
4.75042
8.04199
2.86236
2.73258
9.90504
1.87204
4.71608
11.1238
3.48539
4.28238
12.8718
2.89187
3.15932
1.55654
5.19228
6.13993
3.24062
10.5062
5.1501
4.24995
6.23218
2.47956
4.57913
1.70874
2.48732
2.90651
1.90262
5.41145
4.99149
4.24239
4.43406
4.94138
5.31636
12.1165
3.88239
4.71582
11.6103
5.01983
2.96591
4.50996
1.27452
4.19117
3.49698
4.00444
3.58898
3.3148
0.709689
1.86209
3.21076
1.78249
14.5571
2.97539
3.09879
6.66938
6.56966
3.76184
4.49583
3.7799
5.5668
4.90654
4.01727
3.95521
5.84736
4.19361
5.014
2.88923
3.30442
1.71047
14.3242
5.08198
5.63898
4.35821
4.9131
3.74603
7.6292
9.31125
2.55131
7.79951
4.89495
3.92151
3.33403
4.60836
4.07395
3.31728
5.33031
2.84792
11.8183
3.03247
2.49678
2.04634
8.72539
4.30365
6.0407
4.44606
2.68655
3.68573
3.73719
5.40597
3.49046
4.40314
4.99724
9.32979
5.99927
2.07591
5.5307
5.854
4.38929
5.28745
4.50217
1.545
4.99732
2.94979
4.31763
1.04426
4.21246
3.44388
5.24871
7.88159
5.73554
3.0497
1.68697
5.45035
4.34722
15.0147
1.54155
3.64849
3.39967
23.3557
6.75513
4.12905
5.34558
2.04449
3.48968
1.42072
4.454
1.77713
4.99933
12.49
2.43966
3.31893
1.70617
7.16659
7.05097
5.74765
4.07169
8.66042
13.3276
4.28196
2.27989
3.27238
3.72218
2.3304
5.18483
2.49432
4.7079
2.19969
1.30229
3.2732
1.68253
6.54545
9.63695
16.9202
2.70595
14.6269
4.40349
3.76382
1.82705
11.2907
4.0216
4.89503
4.0238
1.96078
3.78346
4.95436
2.75579
8.08871
3.5273
2.12666
7.66107
6.85957
6.16932
2.88901
6.06095
4.95062
3.73501
2.07872
11.1123
3.54237
5.41626
6.73068
3.69543
3.7391
8.94125
1.47081
3.79662
20.3578
3.36073
4.75079
2.86587
20.4292
1.9805
3.30418
7.6199
1.65649
7.55914
4.16189
4.90509
12.2137
11.5021
1.4527
3.22329
5.48576
5.56168
3.16073
6.76155
3.88778
4.61605
4.64481
3.28196
7.00177
0.769661
4.05309
2.29917
5.62833
1.74978
4.60539
4.08045
3.60792
2.80251
3.65951
4.9823
3.90527
2.69647
2.48389
5.0862
6.88364
9.53227
3.30325
0.79064
5.04977
2.28971
0.758683
3.54985
4.29212
9.1161
2.80979
2.37451
11.6339
3.09399
16.0991
3.60464
7.39903
6.51071
2.28932
8.01948
12.3902
1.23088
12.3922
2.02288
5.32999
7.71831
4.19537
6.39226
3.68204
6.55777
9.19897
1.46315
7.43187
5.03682
3.22573
3.08688
2.33151
6.73903
3.17452
1.1574
5.18104
5.92101
4.6511
1.56279
2.30871
3.00505
3.38429
5.79593
6.2097
2.54502
8.0384
2.733
9.13516
6.78314
2.00793
9.38999
3.55394
18.6098
4.42792
2.72336
5.34272
8.08284
4.69939
4.20167
5.36189
2.50194
5.88051
8.78448
3.33744
0.924838
5.33237
11.4447
10.2035
6.48212
4.16441
0.69563
3.8894
1.61156
11.6991
3.96562
2.84939
5.25509
2.10886
10.7662
5.93893
7.55814
10.6774
4.32452
2.85967
6.11098
4.51524
1.594
3.74916
2.53287
1.4128
2.61988
3.46986
4.5585
5.37501
4.99095
0.748554
3.27341
4.93817
4.41613
3.63944
9.15326
3.78112
11.8852
5.81122
4.16147
3.69503
4.97531
1.79172
16.813
2.17109
0.996971
4.57245
3.20842
7.49217
4.76729
16.103
2.31588
3.23571
2.89358
5.1153
2.65204
4.36885
4.0637
9.80133
2.62941
2.0332
3.74212
5.14358
6.17392
1.85848
4.41588
4.39754
8.44287
6.33703
7.09763
5.18254
6.33934
8.91258
4.22746
5.70258
2.90034
1.79387
3.88366
0.821618
3.54546
2.93579
8.49711
5.15058
4.9134
21.7038
4.86176
3.00647
1.81956
1.68073
9.52484
3.94359
2.75865
1.64004
2.08953
2.83087
2.84738
5.43122
6.50811
3.27032
4.77871
1.58242
2.8175
5.09962
1.95198
1.37574
5.07484
3.83955
5.02912
6.10516
6.74622
3.14758
6.19988
6.99286
1.1935
1.02614
2.8265
4.02743
16.0525
3.71018
1.13457
8.87807
6.7554
6.74116
2.89059
6.67941
5.49291
5.83094
2.26211
2.57684
2.32359
1.83299
9.8941
3.54174
2.87039
4.48169
6.53355
1.9658
4.84629
16.6473
4.95127
0.944429
5.70327
5.5068
3.28289
4.80113
2.90981
4.59223
5.16548
3.76414
6.0349
5.06292
3.16841
2.73955
4.08552
3.6711
3.79066
3.34069
3.47807
6.70787
4.42059
9.4626
1.59324
2.88664
6.29677
2.85146
3.43093
17.1601
5.3213
11.138
1.6287
4.22523
3.18255
3.02619
12.8024
1.00173
5.37517
3.55013
3.26635
9.53942
1.49501
4.2567
2.78261
11.649
4.62236
5.08179
2.94469
3.66154
3.48855
5.69419
1.70523
10.6087
5.53352
10.6842
3.07361
5.41486
2.72069
2.2805
2.26196
4.06881
7.12469
4.36675
2.92849
3.60799
2.42512
2.64417
3.94191
5.30446
3.21556
2.05158
2.31781
1.30013
3.75568
3.75043
2.50111
1.10151
18.6885
2.95047
1.59954
5.65105
9.71608
1.16551
5.0886
2.26591
3.11968
4.49428
3.61572
1.52171
3.80998
2.25575
4.45858
4.77747
1.0131
6.31088
8.94766
2.3984
4.01164
5.55933
9.13761
4.93455
4.20951
7.91064
3.58036
3.41662
3.9321
0.599147
3.21712
6.31643
4.70251
5.04738
7.80413
2.0379
3.06886
5.60459
6.14944
3.56826
1.03789
1.60512
3.05187
1.72024
3.86968
4.99781
3.36272
6.67463
2.91534
1.13089
4.91277
9.25423
1.29564
4.16788
1.27521
2.40634
3.0446
1.49748
4.5107
6.54282
4.70606
4.68228
13.5025
2.90767
4.60828
3.73789
5.63315
20.7526
3.33058
3.44476
2.50113
8.37964
3.96025
5.86948
12.1807
5.06424
12.298
2.59389
4.03404
4.72467
10.9265
1.61637
11.8503
4.53512
4.49216
1.61862
17.1989
5.28934
2.96153
3.80511
6.06105
4.20746
3.39094
3.54803
8.60472
5.27222
1.60862
7.81116
5.93055
5.56419
1.74145
4.65432
3.2934
5.37206
13.2936
5.83735
6.05103
2.29102
4.74427
2.74114
2.02891
3.39463
4.03093
1.75525
4.33319
3.59748
2.21013
5.33248
3.50696
1.15855
3.80743
3.32141
2.68649
8.40867
3.42194
5.83897
6.58969
1.35431
1.0093
5.56655
4.64389
7.16972
9.61449
6.26597
3.16823
18.1545
1.82341
2.85168
3.24512
8.65816
5.00778
6.18998
6.66122
4.35866
5.51058
6.0396
5.31363
3.1953
4.25914
1.51694
18.4906
4.97217
0.953027
5.91114
3.95576
5.49222
2.55783
8.9717
4.15316
4.1807
4.80561
6.29731
5.86094
9.75202
5.42433
9.68905
4.63019
5.39472
4.97578
2.28738
5.97885
1.06344
16.0342
1.33967
0.914215
1.57724
2.83484
2.70206
6.35875
19.0937
4.80736
2.70432
6.91562
5.76058
3.3219
9.48553
5.5139
2.64075
5.44568
6.48945
4.10243
2.23191
0.851425
3.17053
1.24602
4.2403
1.02637
5.99424
3.34553
3.2676
1.66921
10.343
4.90914
5.05913
5.09993
4.20323
5.2524
4.52573
3.80955
2.23184
1.5635
2.90457
4.0587
4.45655
4.4732
4.29617
8.94719
3.0959
4.60373
6.22684
2.81647
3.24453
11.1117
4.01105
1.19735
0.728165
4.69756
1.532
13.8342
1.28138
2.70535
5.7968
4.67102
5.77704
5.7728
2.93571
8.67811
3.74846
5.65091
4.85446
2.97412
1.87725
9.15216
3.73612
3.99265
2.93808
7.54539
1.08312
2.24315
3.74645
2.56393
10.7935
9.70053
3.53623
2.30267
2.34234
4.73862
14.6001
1.55216
3.42668
4.30934
2.10087
4.52722
7.57833
6.87593
25.2984
7.87809
2.42733
3.34826
4.149
0.86153
2.65844
4.23048
5.43294
3.86909
3.99793
5.54634
2.01612
3.00562
2.41879
5.15189
1.68681
4.89329
1.01321
19.2121
2.09977
6.66994
9.86028
5.4452
9.29194
5.92752
4.07184
3.67713
1.84277
3.14461
4.44451
4.0822
3.15703
3.58445
4.50662
6.43225
9.79147
6.31509
1.49629
7.92745
4.06452
5.72814
3.0688
7.93367
4.10054
3.64827
3.75736
2.83394
4.37328
3.1745
4.98813
1.36647
11.9764
9.01725
5.53306
4.86247
2.76238
2.33299
3.50444
2.28794
4.7105
11.6881
0.695165
10.182
7.8811
4.0251
7.20956
18.2531
2.88714
9.24988
3.64935
9.75923
2.99444
3.47034
4.90011
3.8244
4.37715
6.36102
1.24343
1.21785
3.58
6.22167
2.65915
5.14096
1.86901
4.48038
1.63841
2.65469
4.638
6.20135
6.21518
2.72716
5.3019
2.07145
5.33867
14.7654
2.369
4.34098
6.14427
11.9355
4.19319
3.66625
4.93196
4.18882
1.59448
5.05607
5.9658
4.40824
3.69127
5.85069
7.50187
4.80577
6.027
2.68773
3.42503
2.63128
1.62195
4.60591
6.56536
3.4966
4.51289
3.70416
3.90304
6.14991
10.6497
7.22346
4.29955
6.81409
6.25171
3.0563
7.17783
4.27334
6.17499
3.1522
6.95933
1.48652
2.46852
1.57917
3.90604
4.99632
21.2427
5.79163
5.57601
0.795778
9.05156
5.05248
5.7889
5.6047
4.30302
6.10692
3.22341
3.80815
4.53782
4.16485
5.23902
9.74083
5.63707
5.4713
7.51802
4.05586
10.207
4.42507
2.59074
2.50109
5.57282
5.92375
5.51818
5.33656
1.45666
9.52967
1.92601
2.53747
2.83603
2.8895
4.46387
4.52888
6.29742
4.74813
13.4335
1.26861
6.86247
2.89239
3.48335
5.6568
6.64849
19.4483
2.24389
0.858011
2.93657
2.23555
3.71902
5.39788
5.23974
2.4047
2.65956
1.668
4.92339
2.65415
5.41961
5.92512
4.72921
4.56801
0.413585
2.81699
4.32821
2.58325
6.10849
4.54285
2.31279
3.94125
3.63664
12.3459
3.37301
3.03777
3.32156
2.24199
10.2992
4.52635
0.503411
6.66811
5.99275
4.54416
4.22861
3.47608
2.7796
3.55921
6.51058
3.51274
1.78788
4.44813
7.50647
5.35472
4.7648
2.11468
4.50324
10.8833
3.98129
3.23105
6.85643
4.26001
5.62905
1.82002
5.11218
2.3281
8.83964
4.45856
4.27106
2.76469
9.20724
2.28758
4.4217
1.90285
2.41321
4.33721
1.64955
7.34178
9.00806
2.99534
3.453
4.21025
4.90658
5.14776
1.01925
2.73961
1.99343
1.53713
4.83295
12.1885
3.4664
7.38836
4.14422
6.19357
4.44484
3.07066
4.39821
2.97721
1.1166
6.46563
9.09267
9.78491
6.22273
17.7081
7.35001
4.00225
0.977501
5.17665
2.7092
2.3528
4.61548
4.3033
3.30767
9.11792
4.91861
4.65802
6.38819
3.52089
1.3698
4.42126
9.12731
5.48656
4.70167
4.14406
6.0327
8.11848
4.23674
0.486479
6.60711
2.76461
3.65491
6.74766
3.15946
3.98367
4.46315
4.49302
6.5345
1.9406
11.8709
1.44119
5.60599
3.71248
6.033
5.03148
5.0708
3.45159
1.68618
2.75767
1.56766
2.90693
2.29797
6.12514
5.16776
2.25857
3.64468
6.50573
1.53531
3.2241
1.51164
4.98772
3.40869
2.35338
2.16891
5.14111
8.92306
5.57712
4.15998
4.61806
3.25308
0.846338
2.50072
4.50256
4.98581
0.263786
3.51328
3.05201
3.42341
7.73724
3.51264
3.88368
0.525358
4.98902
5.19512
4.69129
2.405
3.92302
3.36744
15.0615
7.50814
2.0694
25.568
3.76061
6.99864
13.785
3.64703
2.37031
5.57765
4.84727
6.29319
6.11836
2.82192
7.09922
0.351621
11.9178
8.2082
2.17388
2.08698
2.7325
2.81559
4.66373
2.40509
26.1997
11.7994
7.10565
1.21827
5.74387
6.34226
3.56043
3.10262
2.17385
4.49262
3.88516
6.47292
1.26099
3.5533
1.53957
4.30342
1.92203
1.09941
3.22705
4.00165
3.33266
1.14837
9.08641
5.834
2.55819
3.40691
0.961594
2.63461
6.84805
1.47384
3.61026
7.67279
2.88304
7.83556
7.05652
6.05535
2.013
4.95693
4.08101
3.21912
2.65941
3.17627
2.16747
5.02585
3.99345
6.87776
5.28015
4.47219
2.68647
4.54652
8.91324
4.69112
4.08405
5.65344
3.73602
2.99708
1.793
6.42102
4.29294
4.03735
2.8242
4.00423
5.03848
3.25788
2.47498
6.61774
4.90454
5.25751
5.1221
2.43835
6.30577
3.21866
3.30448
1.33969
2.14241
1.58912
2.24979
3.57891
4.10122
4.30774
4.36742
5.82459
2.82232
4.32595
6.17687
3.59487
8.75567
2.58454
4.71258
1.92006
3.74395
3.29825
4.42343
15.541
3.95719
1.59728
4.99593
1.30863
1.64286
3.38414
3.10127
3.26313
5.08795
5.02466
5.46607
2.29722
6.927
0.584339
3.95881
3.52581
6.48191
5.1907
3.19005
6.42897
1.35842
2.20991
1.81963
4.25288
5.7132
4.42493
6.17746
2.87279
3.55932
4.85017
2.46396
9.00948
5.81508
5.34535
0.918851
2.25163
6.06141
10.3964
2.3165
16.114
5.52332
3.15414
4.35988
4.32366
4.03233
1.20166
0.590772
8.00596
3.88888
4.3552
2.76799
4.97012
2.32596
7.70619
3.99274
2.3116
4.69742
5.59732
6.26383
3.47775
4.30244
4.6182
9.75062
3.1892
11.4773
3.86179
1.68783
4.68179
1.92651
1.51492
2.93231
7.56071
7.25954
6.6817
3.44126
1.45869
7.16543
4.29722
3.21878
3.48765
5.84107
3.42936
2.16094
9.13415
7.31253
4.57469
2.18452
18.4038
4.71713
2.4165
4.44743
6.08534
5.32257
4.41105
4.109
5.49554
1.48994
1.49224
2.51242
2.92249
2.30693
3.76682
4.66676
1.79724
1.80556
2.18586
3.0438
4.57071
3.34007
3.40156
5.48455
5.22293
4.57241
3.48789
8.65502
8.95358
5.38043
2.19297
1.76127
8.67084
3.24553
3.45999
6.13603
3.7115
5.38234
3.94429
2.07708
4.91867
4.21951
6.63211
6.77814
2.74928
4.54149
5.10554
3.79001
3.46563
2.69834
5.05081
4.74116
3.89615
8.22429
2.65945
6.00123
3.32255
5.29642
2.53406
5.24462
3.26899
1.74018
6.12372
2.14083
6.95599
5.22291
3.52699
4.47849
3.30703
3.43234
10.9506
2.74142
5.86799
3.02046
8.55069
5.34997
2.88518
2.959
3.3249
11.3212
5.22877
3.61123
4.16493
5.85505
13.292
5.0905
4.54707
0.803815
3.65499
3.90459
4.13767
8.85486
3.33075
3.39867
7.74205
1.32333
6.2773
14.835
4.39139
5.77112
4.31314
1.47019
3.93383
7.10044
3.67609
4.91884
5.51213
0.417019
2.56613
7.36263
4.89528
3.92841
5.66414
4.361
10.0168
5.81464
2.43511
3.70639
2.15074
1.77693
2.01688
1.84622
3.6648
1.61362
1.6187
7.30645
1.7085
4.88579
8.39269
3.34434
2.67115
3.75776
3.05648
3.0989
1.4376
5.69887
20.2489
4.55744
5.36734
2.37098
5.90369
3.9295
3.58362
1.7315
3.78511
1.55863
4.96363
6.80706
4.55897
7.08881
2.92921
1.84708
3.9659
2.77531
4.87765
1.82416
8.87271
3.98821
6.17424
5.98761
2.9515
2.48396
15.6366
3.67132
9.87408
6.72595
4.9743
1.53648
2.68682
4.82009
16.0269
6.36422
4.83334
14.3571
2.58842
1.77812
17.5514
2.15259
2.19727
6.56662
1.25597
3.46392
2.79712
7.37734
1.12871
3.24911
4.18917
13.1469
3.17265
5.74083
4.11961
7.86829
3.93546
2.69565
5.69581
5.29574
0.581645
1.55513
3.0878
5.43088
9.72029
4.16536
8.5248
2.4461
5.3751
7.35662
4.91755
4.49745
2.5893
3.68526
7.24341
5.4218
1.08563
3.0668
1.02242
3.77181
2.39559
6.47821
5.74701
5.23296
2.8909
5.84519
2.23826
4.40377
6.85758
4.50441
4.44708
3.16297
4.14129
6.10166
4.98839
2.21393
2.40442
3.35583
1.56046
3.07259
2.9555
6.13729
3.08209
4.36977
1.73051
3.16911
7.30274
1.90058
1.54416
3.094
5.78204
3.4754
4.17081
6.35842
3.09564
5.55595
2.26564
16.3024
5.94987
8.21965
16.7701
6.33049
17.7043
5.58845
11.6338
4.08407
5.56067
4.48958
3.53042
8.43676
5.79122
15.1785
7.56756
0.838624
2.80141
2.41564
3.41474
2.84124
3.85984
5.25961
4.52247
8.5061
6.04781
9.09188
3.32245
0.83996
4.6578
1.7194
7.26338
11.3411
5.34913
4.0724
11.1216
4.88635
5.37769
4.51135
4.40742
3.00372
20.5511
0.96931
2.72546
0.130088
3.82679
3.49979
1.68855
6.46721
2.38327
6.04568
3.26816
7.16738
3.71389
0.909917
7.06834
3.66867
5.21846
3.04797
1.9369
1.06764
4.97028
3.82468
3.52963
3.46584
3.08466
7.64036
5.54376
4.67588
5.02132
2.64787
6.08961
1.8174
3.63665
4.0822
2.24345
3.10369
3.84122
4.30613
3.99879
4.50409
4.43466
7.14223
2.21839
4.70924
3.81167
11.6041
3.72104
18.4857
5.05731
2.87062
0.580718
2.45644
3.18425
3.32097
2.61708
5.75792
2.70839
8.77448
6.7894
4.31053
2.20513
3.57504
2.89647
3.06703
4.74196
4.02443
1.91583
3.77249
3.89128
1.56756
3.62349
1.90235
6.04486
2.34521
4.63632
6.25491
5.11056
1.12339
3.56231
2.57586
2.93513
5.00814
3.26626
1.88402
1.92815
3.42732
2.44862
5.27273
12.5703
8.86472
3.65067
4.3934
2.99896
10.7112
6.41167
7.90145
1.85218
8.83003
20.2099
2.64058
0.917048
3.12256
10.7576
2.80889
2.01568
2.59048
2.71407
2.02713
1.55464
4.65434
