-0.000000 	 -9.600000 	 0.000000	0.000000
-0.000000 	 -9.599923 	 0.000000	0.000000
-0.000000 	 -9.599693 	 0.000000	0.000001
-0.000000 	 -9.599309 	 0.000000	0.000003
-0.000000 	 -9.598771 	 0.000000	0.000009
-0.000000 	 -9.598081 	 0.000000	0.000022
-0.000000 	 -9.597236 	 0.000000	0.000046
-0.000000 	 -9.596239 	 0.000000	0.000085
-0.000000 	 -9.595089 	 0.000000	0.000145
-0.000000 	 -9.593785 	 0.000000	0.000232
-0.000000 	 -9.592329 	 0.000000	0.000353
-0.000000 	 -9.590721 	 0.000000	0.000516
-0.000000 	 -9.588960 	 0.000000	0.000730
-0.000000 	 -9.587047 	 0.000000	0.001005
-0.000000 	 -9.584983 	 0.000000	0.001351
-0.000000 	 -9.582767 	 0.000000	0.001779
-0.000000 	 -9.580399 	 0.000000	0.002300
-0.000000 	 -9.577881 	 0.000000	0.002929
-0.000000 	 -9.575213 	 0.000000	0.003677
-0.000000 	 -9.572395 	 0.000000	0.004559
-0.000000 	 -9.569427 	 0.000000	0.005591
-0.000000 	 -9.566309 	 0.000000	0.006786
-0.000000 	 -9.563043 	 0.000000	0.008163
-0.000000 	 -9.559629 	 0.000000	0.009738
-0.000000 	 -9.556067 	 0.000000	0.011528
-0.000000 	 -9.552357 	 0.000000	0.013552
-0.000000 	 -9.548501 	 0.000000	0.015828
-0.000000 	 -9.544498 	 0.000000	0.018376
-0.000000 	 -9.540349 	 0.000000	0.021217
-0.000000 	 -9.536056 	 0.000000	0.024370
-0.000000 	 -9.531618 	 0.000000	0.027857
-0.000000 	 -9.527036 	 0.000000	0.031701
-0.000000 	 -9.522310 	 0.000000	0.035922
-0.000000 	 -9.517442 	 0.000000	0.040544
-0.000000 	 -9.512432 	 0.000000	0.045590
-0.000000 	 -9.507281 	 0.000000	0.051084
-0.000000 	 -9.501989 	 0.000000	0.057050
-0.000000 	 -9.496557 	 0.000000	0.063513
-0.000000 	 -9.490986 	 0.000000	0.070497
-0.000000 	 -9.485277 	 0.000000	0.078027
-0.000000 	 -9.479430 	 0.000000	0.086131
-0.000000 	 -9.473446 	 0.000000	0.094832
-0.000000 	 -9.467327 	 0.000000	0.104159
-0.000000 	 -9.461072 	 0.000000	0.114136
-0.000000 	 -9.454683 	 0.000000	0.124792
-0.000000 	 -9.448160 	 0.000000	0.136153
-0.000000 	 -9.441505 	 0.000000	0.148247
-0.000000 	 -9.434717 	 0.000000	0.161100
-0.000000 	 -9.427799 	 0.000000	0.174741
-0.000000 	 -9.420751 	 0.000000	0.189197
-0.000000 	 -9.413574 	 0.000000	0.204497
-0.000000 	 -9.406269 	 0.000000	0.220668
-0.000000 	 -9.398837 	 0.000000	0.237738
-0.000000 	 -9.391279 	 0.000000	0.255736
-0.000000 	 -9.383595 	 0.000000	0.274689
-0.000000 	 -9.375787 	 0.000000	0.294626
-0.000000 	 -9.367856 	 0.000000	0.315574
-0.000000 	 -9.359802 	 0.000000	0.337563
-0.000000 	 -9.351627 	 0.000000	0.360620
-0.000000 	 -9.343332 	 0.000000	0.384772
-0.000000 	 -9.334918 	 0.000000	0.410049
-0.000000 	 -9.326386 	 0.000000	0.436477
-0.000000 	 -9.317736 	 0.000000	0.464085
-0.000000 	 -9.308971 	 0.000000	0.492899
-0.000000 	 -9.300090 	 0.000000	0.522947
-0.000000 	 -9.291096 	 0.000000	0.554255
-0.000000 	 -9.281989 	 0.000000	0.586852
-0.000000 	 -9.272770 	 0.000000	0.620763
-0.000000 	 -9.263441 	 0.000000	0.656015
-0.000000 	 -9.254002 	 0.000000	0.692633
-0.000000 	 -9.244455 	 0.000000	0.730644
-0.000000 	 -9.234800 	 0.000000	0.770073
-0.000000 	 -9.225039 	 0.000000	0.810946
-0.000000 	 -9.215174 	 0.000000	0.853285
-0.000000 	 -9.205204 	 0.000000	0.897118
-0.000000 	 -9.195132 	 0.000000	0.942466
-0.000000 	 -9.184959 	 0.000000	0.989355
-0.000000 	 -9.174685 	 0.000000	1.037806
-0.000000 	 -9.164311 	 0.000000	1.087844
-0.000000 	 -9.153840 	 0.000000	1.139490
-0.000000 	 -9.143272 	 0.000000	1.192766
-0.000000 	 -9.132608 	 0.000000	1.247694
-0.000000 	 -9.121849 	 0.000000	1.304295
-0.000000 	 -9.110997 	 0.000000	1.362589
-0.000000 	 -9.100053 	 0.000000	1.422596
-0.000000 	 -9.089018 	 0.000000	1.484337
-0.000000 	 -9.077893 	 0.000000	1.547829
-0.000000 	 -9.066680 	 0.000000	1.613091
-0.000000 	 -9.055379 	 0.000000	1.680142
-0.000000 	 -9.043992 	 0.000000	1.748998
-0.000000 	 -9.032519 	 0.000000	1.819677
-0.000000 	 -9.020963 	 0.000000	1.892195
-0.000000 	 -9.009324 	 0.000000	1.966568
-0.000000 	 -8.997603 	 0.000000	2.042810
-0.000000 	 -8.985802 	 0.000000	2.120936
-0.000000 	 -8.973922 	 0.000000	2.200961
-0.000000 	 -8.961964 	 0.000000	2.282898
-0.000000 	 -8.949930 	 0.000000	2.366760
-0.000000 	 -8.937819 	 0.000000	2.452558
-0.000000 	 -8.925634 	 0.000000	2.540305
-0.000000 	 -8.913376 	 0.000000	2.630012
-0.000000 	 -8.901046 	 0.000000	2.721689
-0.000000 	 -8.888645 	 0.000000	2.815345
-0.000000 	 -8.876174 	 0.000000	2.910991
-0.000000 	 -8.863635 	 0.000000	3.008635
-0.000000 	 -8.851028 	 0.000000	3.108285
-0.000000 	 -8.838355 	 0.000000	3.209948
-0.000000 	 -8.825617 	 0.000000	3.313632
-0.000000 	 -8.812815 	 0.000000	3.419341
-0.000000 	 -8.799951 	 0.000000	3.527083
-0.000000 	 -8.787024 	 0.000000	3.636862
-0.000000 	 -8.774038 	 0.000000	3.748682
-0.000000 	 -8.760991 	 0.000000	3.862548
-0.000000 	 -8.747887 	 0.000000	3.978462
-0.000000 	 -8.734726 	 0.000000	4.096427
-0.000000 	 -8.721508 	 0.000000	4.216446
-0.000000 	 -8.708236 	 0.000000	4.338519
-0.000000 	 -8.694910 	 0.000000	4.462648
-0.000000 	 -8.681532 	 0.000000	4.588833
-0.000000 	 -8.668102 	 0.000000	4.717073
-0.000000 	 -8.654621 	 0.000000	4.847368
-0.000000 	 -8.641092 	 0.000000	4.979717
-0.000000 	 -8.627514 	 0.000000	5.114117
-0.000000 	 -8.613888 	 0.000000	5.250567
-0.000000 	 -8.600217 	 0.000000	5.389062
-0.000000 	 -8.586501 	 0.000000	5.529600
-0.000000 	 -8.572741 	 0.000000	5.672176
-0.000000 	 -8.558938 	 0.000000	5.816786
-0.000000 	 -8.545093 	 0.000000	5.963425
-0.000000 	 -8.531207 	 0.000000	6.112087
-0.000000 	 -8.517281 	 0.000000	6.262765
-0.000000 	 -8.503317 	 0.000000	6.415454
-0.000000 	 -8.489315 	 0.000000	6.570146
-0.000000 	 -8.475276 	 0.000000	6.726834
-0.000000 	 -8.461201 	 0.000000	6.885509
-0.000000 	 -8.447092 	 0.000000	7.046163
-0.000000 	 -8.432949 	 0.000000	7.208787
-0.000000 	 -8.418773 	 0.000000	7.373372
-0.000000 	 -8.404565 	 0.000000	7.539908
-0.000000 	 -8.390326 	 0.000000	7.708384
-0.000000 	 -8.376058 	 0.000000	7.878791
-0.000000 	 -8.361760 	 0.000000	8.051115
-0.000000 	 -8.347435 	 0.000000	8.225348
-0.000000 	 -8.333082 	 0.000000	8.401476
-0.000000 	 -8.318703 	 0.000000	8.579486
-0.000000 	 -8.304299 	 0.000000	8.759368
-0.000000 	 -8.289871 	 0.000000	8.941107
-0.000000 	 -8.275419 	 0.000000	9.124690
-0.000000 	 -8.260945 	 0.000000	9.310104
-0.000000 	 -8.246449 	 0.000000	9.497334
-0.000000 	 -8.231932 	 0.000000	9.686367
-0.000000 	 -8.217395 	 0.000000	9.877187
-0.000000 	 -8.202839 	 0.000000	10.069779
-0.000000 	 -8.188265 	 0.000000	10.264129
-0.000000 	 -8.173674 	 0.000000	10.460221
-0.000000 	 -8.159066 	 0.000000	10.658039
-0.000000 	 -8.144442 	 0.000000	10.857567
-0.000000 	 -8.129803 	 0.000000	11.058788
-0.000000 	 -8.115150 	 0.000000	11.261686
-0.000000 	 -8.100484 	 0.000000	11.466244
-0.000000 	 -8.085805 	 0.000000	11.672445
-0.000000 	 -8.071115 	 0.000000	11.880272
-0.000000 	 -8.056413 	 0.000000	12.089707
-0.000000 	 -8.041702 	 0.000000	12.300733
-0.000000 	 -8.026980 	 0.000000	12.513331
-0.000000 	 -8.012250 	 0.000000	12.727484
-0.000000 	 -7.997512 	 0.000000	12.943173
-0.000000 	 -7.982767 	 0.000000	13.160381
-0.000000 	 -7.968015 	 0.000000	13.379087
-0.000000 	 -7.953257 	 0.000000	13.599274
-0.000000 	 -7.938494 	 0.000000	13.820922
-0.000000 	 -7.923727 	 0.000000	14.044013
-0.000000 	 -7.908956 	 0.000000	14.268528
-0.000000 	 -7.894182 	 0.000000	14.494446
-0.000000 	 -7.879405 	 0.000000	14.721750
-0.000000 	 -7.864626 	 0.000000	14.950418
-0.000000 	 -7.849847 	 0.000000	15.180433
-0.000000 	 -7.835067 	 0.000000	15.411773
-0.000000 	 -7.820287 	 0.000000	15.644420
-0.000000 	 -7.805508 	 0.000000	15.878353
-0.000000 	 -7.790730 	 0.000000	16.113553
-0.000000 	 -7.775954 	 0.000000	16.350000
-0.000000 	 -7.761181 	 0.000000	16.587673
-0.000000 	 -7.746411 	 0.000000	16.826553
-0.000000 	 -7.731644 	 0.000000	17.066619
-0.000000 	 -7.716882 	 0.000000	17.307852
-0.000000 	 -7.702125 	 0.000000	17.550230
-0.000000 	 -7.687374 	 0.000000	17.793735
-0.000000 	 -7.672628 	 0.000000	18.038346
-0.000000 	 -7.657889 	 0.000000	18.284043
-0.000000 	 -7.643157 	 0.000000	18.530806
-0.000000 	 -7.628433 	 0.000000	18.778613
-0.000000 	 -7.613717 	 0.000000	19.027446
-0.000000 	 -7.599009 	 0.000000	19.277285
-0.000000 	 -7.584311 	 0.000000	19.528108
-0.000000 	 -7.569622 	 0.000000	19.779896
-0.000000 	 -7.554944 	 0.000000	20.032629
-0.000000 	 -7.540276 	 0.000000	20.286287
-0.000000 	 -7.525619 	 0.000000	20.540850
-0.000000 	 -7.510974 	 0.000000	20.796298
-0.000000 	 -7.496341 	 0.000000	21.052612
-0.000000 	 -7.481720 	 0.000000	21.309770
-0.000000 	 -7.467112 	 0.000000	21.567754
-0.000000 	 -7.452518 	 0.000000	21.826544
-0.000000 	 -7.437937 	 0.000000	22.086121
-0.000000 	 -7.423371 	 0.000000	22.346464
-0.000000 	 -7.408819 	 0.000000	22.607555
-0.000000 	 -7.394282 	 0.000000	22.869374
-0.000000 	 -7.379761 	 0.000000	23.131901
-0.000000 	 -7.365256 	 0.000000	23.395118
-0.000000 	 -7.350767 	 0.000000	23.659006
-0.000000 	 -7.336294 	 0.000000	23.923545
-0.000000 	 -7.321839 	 0.000000	24.188717
-0.000000 	 -7.307401 	 0.000000	24.454503
-0.000000 	 -7.292980 	 0.000000	24.720883
-0.000000 	 -7.278578 	 0.000000	24.987841
-0.000000 	 -7.264194 	 0.000000	25.255357
-0.000000 	 -7.249829 	 0.000000	25.523412
-0.000000 	 -7.235483 	 0.000000	25.791989
-0.000000 	 -7.221156 	 0.000000	26.061070
-0.000000 	 -7.206850 	 0.000000	26.330636
-0.000000 	 -7.192563 	 0.000000	26.600671
-0.000000 	 -7.178297 	 0.000000	26.871155
-0.000000 	 -7.164051 	 0.000000	27.142072
-0.000000 	 -7.149827 	 0.000000	27.413403
-0.000000 	 -7.135624 	 0.000000	27.685133
-0.000000 	 -7.121442 	 0.000000	27.957243
-0.000000 	 -7.107283 	 0.000000	28.229717
-0.000000 	 -7.093145 	 0.000000	28.502537
-0.000000 	 -7.079030 	 0.000000	28.775688
-0.000000 	 -7.064938 	 0.000000	29.049152
-0.000000 	 -7.050868 	 0.000000	29.322912
-0.000000 	 -7.036822 	 0.000000	29.596953
-0.000000 	 -7.022800 	 0.000000	29.871259
-0.000000 	 -7.008801 	 0.000000	30.145813
-0.000000 	 -6.994826 	 0.000000	30.420600
-0.000000 	 -6.980875 	 0.000000	30.695604
-0.000000 	 -6.966949 	 0.000000	30.970809
-0.000000 	 -6.953047 	 0.000000	31.246199
-0.000000 	 -6.939170 	 0.000000	31.521761
-0.000000 	 -6.925318 	 0.000000	31.797478
-0.000000 	 -6.911492 	 0.000000	32.073336
-0.000000 	 -6.897691 	 0.000000	32.349320
-0.000000 	 -6.883916 	 0.000000	32.625415
-0.000000 	 -6.870166 	 0.000000	32.901606
-0.000000 	 -6.856443 	 0.000000	33.177881
-0.000000 	 -6.842746 	 0.000000	33.454223
-0.000000 	 -6.829076 	 0.000000	33.730620
-0.000000 	 -6.815432 	 0.000000	34.007058
-0.000000 	 -6.801815 	 0.000000	34.283522
-0.000000 	 -6.788225 	 0.000000	34.560000
-0.000000 	 -6.774662 	 0.000000	34.836478
-0.000000 	 -6.761127 	 0.000000	35.112942
-0.000000 	 -6.747619 	 0.000000	35.389381
-0.000000 	 -6.734138 	 0.000000	35.665780
-0.000000 	 -6.720686 	 0.000000	35.942128
-0.000000 	 -6.707261 	 0.000000	36.218411
-0.000000 	 -6.693864 	 0.000000	36.494617
-0.000000 	 -6.680496 	 0.000000	36.770735
-0.000000 	 -6.667155 	 0.000000	37.046751
-0.000000 	 -6.653844 	 0.000000	37.322654
-0.000000 	 -6.640561 	 0.000000	37.598433
-0.000000 	 -6.627306 	 0.000000	37.874075
-0.000000 	 -6.614080 	 0.000000	38.149570
-0.000000 	 -6.600884 	 0.000000	38.424905
-0.000000 	 -6.587716 	 0.000000	38.700070
-0.000000 	 -6.574578 	 0.000000	38.975054
-0.000000 	 -6.561468 	 0.000000	39.249846
-0.000000 	 -6.548388 	 0.000000	39.524435
-0.000000 	 -6.535338 	 0.000000	39.798811
-0.000000 	 -6.522317 	 0.000000	40.072963
-0.000000 	 -6.509326 	 0.000000	40.346881
-0.000000 	 -6.496364 	 0.000000	40.620555
-0.000000 	 -6.483433 	 0.000000	40.893976
-0.000000 	 -6.470531 	 0.000000	41.167133
-0.000000 	 -6.457659 	 0.000000	41.440016
-0.000000 	 -6.444817 	 0.000000	41.712617
-0.000000 	 -6.432005 	 0.000000	41.984926
-0.000000 	 -6.419224 	 0.000000	42.256934
-0.000000 	 -6.406472 	 0.000000	42.528631
-0.000000 	 -6.393751 	 0.000000	42.800009
-0.000000 	 -6.381061 	 0.000000	43.071060
-0.000000 	 -6.368401 	 0.000000	43.341774
-0.000000 	 -6.355771 	 0.000000	43.612142
-0.000000 	 -6.343172 	 0.000000	43.882158
-0.000000 	 -6.330603 	 0.000000	44.151812
-0.000000 	 -6.318065 	 0.000000	44.421096
-0.000000 	 -6.305558 	 0.000000	44.690003
-0.000000 	 -6.293081 	 0.000000	44.958525
-0.000000 	 -6.280635 	 0.000000	45.226654
-0.000000 	 -6.268220 	 0.000000	45.494383
-0.000000 	 -6.255836 	 0.000000	45.761703
-0.000000 	 -6.243483 	 0.000000	46.028609
-0.000000 	 -6.231160 	 0.000000	46.295093
-0.000000 	 -6.218869 	 0.000000	46.561148
-0.000000 	 -6.206608 	 0.000000	46.826766
-0.000000 	 -6.194379 	 0.000000	47.091942
-0.000000 	 -6.182180 	 0.000000	47.356669
-0.000000 	 -6.170012 	 0.000000	47.620940
-0.000000 	 -6.157876 	 0.000000	47.884749
-0.000000 	 -6.145770 	 0.000000	48.148089
-0.000000 	 -6.133696 	 0.000000	48.410955
-0.000000 	 -6.121652 	 0.000000	48.673341
-0.000000 	 -6.109640 	 0.000000	48.935240
-0.000000 	 -6.097659 	 0.000000	49.196648
-0.000000 	 -6.085708 	 0.000000	49.457557
-0.000000 	 -6.073789 	 0.000000	49.717964
-0.000000 	 -6.061901 	 0.000000	49.977862
-0.000000 	 -6.050044 	 0.000000	50.237245
-0.000000 	 -6.038218 	 0.000000	50.496110
-0.000000 	 -6.026424 	 0.000000	50.754451
-0.000000 	 -6.014660 	 0.000000	51.012263
-0.000000 	 -6.002927 	 0.000000	51.269540
-0.000000 	 -5.991226 	 0.000000	51.526279
-0.000000 	 -5.979555 	 0.000000	51.782475
-0.000000 	 -5.967915 	 0.000000	52.038123
-0.000000 	 -5.956307 	 0.000000	52.293218
-0.000000 	 -5.944729 	 0.000000	52.547757
-0.000000 	 -5.933183 	 0.000000	52.801735
-0.000000 	 -5.921667 	 0.000000	53.055148
-0.000000 	 -5.910183 	 0.000000	53.307992
-0.000000 	 -5.898729 	 0.000000	53.560264
-0.000000 	 -5.887306 	 0.000000	53.811958
-0.000000 	 -5.875915 	 0.000000	54.063072
-0.000000 	 -5.864553 	 0.000000	54.313602
-0.000000 	 -5.853223 	 0.000000	54.563544
-0.000000 	 -5.841924 	 0.000000	54.812896
-0.000000 	 -5.830655 	 0.000000	55.061652
-0.000000 	 -5.819417 	 0.000000	55.309811
-0.000000 	 -5.808210 	 0.000000	55.557370
-0.000000 	 -5.797034 	 0.000000	55.804324
-0.000000 	 -5.785888 	 0.000000	56.050671
-0.000000 	 -5.774773 	 0.000000	56.296408
-0.000000 	 -5.763688 	 0.000000	56.541533
-0.000000 	 -5.752634 	 0.000000	56.786041
-0.000000 	 -5.741610 	 0.000000	57.029932
-0.000000 	 -5.730617 	 0.000000	57.273202
-0.000000 	 -5.719654 	 0.000000	57.515849
-0.000000 	 -5.708722 	 0.000000	57.757870
-0.000000 	 -5.697820 	 0.000000	57.999263
-0.000000 	 -5.686948 	 0.000000	58.240025
-0.000000 	 -5.676107 	 0.000000	58.480155
-0.000000 	 -5.665296 	 0.000000	58.719651
-0.000000 	 -5.654514 	 0.000000	58.958509
-0.000000 	 -5.643763 	 0.000000	59.196729
-0.000000 	 -5.633042 	 0.000000	59.434309
-0.000000 	 -5.622351 	 0.000000	59.671245
-0.000000 	 -5.611690 	 0.000000	59.907538
-0.000000 	 -5.601059 	 0.000000	60.143185
-0.000000 	 -5.590458 	 0.000000	60.378184
-0.000000 	 -5.579887 	 0.000000	60.612535
-0.000000 	 -5.569345 	 0.000000	60.846234
-0.000000 	 -5.558833 	 0.000000	61.079282
-0.000000 	 -5.548351 	 0.000000	61.311676
-0.000000 	 -5.537898 	 0.000000	61.543416
-0.000000 	 -5.527475 	 0.000000	61.774500
-0.000000 	 -5.517081 	 0.000000	62.004927
-0.000000 	 -5.506717 	 0.000000	62.234695
-0.000000 	 -5.496382 	 0.000000	62.463804
-0.000000 	 -5.486076 	 0.000000	62.692253
-0.000000 	 -5.475800 	 0.000000	62.920041
-0.000000 	 -5.465553 	 0.000000	63.147167
-0.000000 	 -5.455335 	 0.000000	63.373630
-0.000000 	 -5.445146 	 0.000000	63.599429
-0.000000 	 -5.434986 	 0.000000	63.824564
-0.000000 	 -5.424854 	 0.000000	64.049033
-0.000000 	 -5.414752 	 0.000000	64.272837
-0.000000 	 -5.404679 	 0.000000	64.495975
-0.000000 	 -5.394634 	 0.000000	64.718446
-0.000000 	 -5.384618 	 0.000000	64.940250
-0.000000 	 -5.374631 	 0.000000	65.161386
-0.000000 	 -5.364672 	 0.000000	65.381854
-0.000000 	 -5.354742 	 0.000000	65.601654
-0.000000 	 -5.344840 	 0.000000	65.820785
-0.000000 	 -5.334967 	 0.000000	66.039248
-0.000000 	 -5.325122 	 0.000000	66.257041
-0.000000 	 -5.315305 	 0.000000	66.474166
-0.000000 	 -5.305516 	 0.000000	66.690621
-0.000000 	 -5.295756 	 0.000000	66.906407
-0.000000 	 -5.286023 	 0.000000	67.121524
-0.000000 	 -5.276318 	 0.000000	67.335971
-0.000000 	 -5.266642 	 0.000000	67.549750
-0.000000 	 -5.256993 	 0.000000	67.762859
-0.000000 	 -5.247372 	 0.000000	67.975300
-0.000000 	 -5.237778 	 0.000000	68.187072
-0.000000 	 -5.228212 	 0.000000	68.398176
-0.000000 	 -5.218674 	 0.000000	68.608611
-0.000000 	 -5.209163 	 0.000000	68.818379
-0.000000 	 -5.199680 	 0.000000	69.027479
-0.000000 	 -5.190224 	 0.000000	69.235912
-0.000000 	 -5.180795 	 0.000000	69.443679
-0.000000 	 -5.171393 	 0.000000	69.650779
-0.000000 	 -5.162019 	 0.000000	69.857213
-0.000000 	 -5.152671 	 0.000000	70.062983
-0.000000 	 -5.143351 	 0.000000	70.268087
-0.000000 	 -5.134057 	 0.000000	70.472528
-0.000000 	 -5.124790 	 0.000000	70.676305
-0.000000 	 -5.115550 	 0.000000	70.879419
-0.000000 	 -5.106337 	 0.000000	71.081871
-0.000000 	 -5.097150 	 0.000000	71.283662
-0.000000 	 -5.087990 	 0.000000	71.484792
-0.000000 	 -5.078856 	 0.000000	71.685262
-0.000000 	 -5.069749 	 0.000000	71.885073
-0.000000 	 -5.060668 	 0.000000	72.084226
-0.000000 	 -5.051613 	 0.000000	72.282721
-0.000000 	 -5.042584 	 0.000000	72.480560
-0.000000 	 -5.033582 	 0.000000	72.677743
-0.000000 	 -5.024605 	 0.000000	72.874271
-0.000000 	 -5.015655 	 0.000000	73.070145
-0.000000 	 -5.006730 	 0.000000	73.265367
-0.000000 	 -4.997831 	 0.000000	73.459936
-0.000000 	 -4.988958 	 0.000000	73.653855
-0.000000 	 -4.980111 	 0.000000	73.847124
-0.000000 	 -4.971289 	 0.000000	74.039744
-0.000000 	 -4.962492 	 0.000000	74.231716
-0.000000 	 -4.953721 	 0.000000	74.423042
-0.000000 	 -4.944976 	 0.000000	74.613722
-0.000000 	 -4.936255 	 0.000000	74.803758
-0.000000 	 -4.927560 	 0.000000	74.993151
-0.000000 	 -4.918890 	 0.000000	75.181902
-0.000000 	 -4.910245 	 0.000000	75.370012
-0.000000 	 -4.901625 	 0.000000	75.557483
-0.000000 	 -4.893030 	 0.000000	75.744316
-0.000000 	 -4.884460 	 0.000000	75.930511
-0.000000 	 -4.875914 	 0.000000	76.116071
-0.000000 	 -4.867393 	 0.000000	76.300996
-0.000000 	 -4.858897 	 0.000000	76.485288
-0.000000 	 -4.850425 	 0.000000	76.668949
-0.000000 	 -4.841978 	 0.000000	76.851979
-0.000000 	 -4.833555 	 0.000000	77.034379
-0.000000 	 -4.825156 	 0.000000	77.216152
-0.000000 	 -4.816782 	 0.000000	77.397299
-0.000000 	 -4.808432 	 0.000000	77.577821
-0.000000 	 -4.800106 	 0.000000	77.757719
-0.000000 	 -4.791803 	 0.000000	77.936995
-0.000000 	 -4.783525 	 0.000000	78.115651
-0.000000 	 -4.775271 	 0.000000	78.293687
-0.000000 	 -4.767040 	 0.000000	78.471105
-0.000000 	 -4.758833 	 0.000000	78.647908
-0.000000 	 -4.750650 	 0.000000	78.824095
-0.000000 	 -4.742490 	 0.000000	78.999669
-0.000000 	 -4.734354 	 0.000000	79.174632
-0.000000 	 -4.726241 	 0.000000	79.348984
-0.000000 	 -4.718152 	 0.000000	79.522728
-0.000000 	 -4.710085 	 0.000000	79.695865
-0.000000 	 -4.702042 	 0.000000	79.868396
-0.000000 	 -4.694022 	 0.000000	80.040322
-0.000000 	 -4.686025 	 0.000000	80.211647
-0.000000 	 -4.678052 	 0.000000	80.382371
-0.000000 	 -4.670100 	 0.000000	80.552495
-0.000000 	 -4.662172 	 0.000000	80.722022
-0.000000 	 -4.654267 	 0.000000	80.890953
-0.000000 	 -4.646384 	 0.000000	81.059289
-0.000000 	 -4.638523 	 0.000000	81.227033
-0.000000 	 -4.630686 	 0.000000	81.394185
-0.000000 	 -4.622870 	 0.000000	81.560748
-0.000000 	 -4.615077 	 0.000000	81.726724
-0.000000 	 -4.607307 	 0.000000	81.892113
-0.000000 	 -4.599558 	 0.000000	82.056917
-0.000000 	 -4.591832 	 0.000000	82.221139
-0.000000 	 -4.584128 	 0.000000	82.384779
-0.000000 	 -4.576446 	 0.000000	82.547840
-0.000000 	 -4.568785 	 0.000000	82.710323
-0.000000 	 -4.561147 	 0.000000	82.872230
-0.000000 	 -4.553530 	 0.000000	83.033562
-0.000000 	 -4.545936 	 0.000000	83.194322
-0.000000 	 -4.538362 	 0.000000	83.354511
-0.000000 	 -4.530811 	 0.000000	83.514131
-0.000000 	 -4.523281 	 0.000000	83.673183
-0.000000 	 -4.515772 	 0.000000	83.831669
-0.000000 	 -4.508285 	 0.000000	83.989591
-0.000000 	 -4.500818 	 0.000000	84.146950
-0.000000 	 -4.493374 	 0.000000	84.303749
-0.000000 	 -4.485950 	 0.000000	84.459989
-0.000000 	 -4.478547 	 0.000000	84.615672
-0.000000 	 -4.471166 	 0.000000	84.770799
-0.000000 	 -4.463805 	 0.000000	84.925373
-0.000000 	 -4.456465 	 0.000000	85.079395
-0.000000 	 -4.449146 	 0.000000	85.232866
-0.000000 	 -4.441848 	 0.000000	85.385789
-0.000000 	 -4.434570 	 0.000000	85.538165
-0.000000 	 -4.427313 	 0.000000	85.689997
-0.000000 	 -4.420077 	 0.000000	85.841285
-0.000000 	 -4.412861 	 0.000000	85.992032
-0.000000 	 -4.405665 	 0.000000	86.142239
-0.000000 	 -4.398490 	 0.000000	86.291908
-0.000000 	 -4.391335 	 0.000000	86.441041
-0.000000 	 -4.384200 	 0.000000	86.589640
-0.000000 	 -4.377085 	 0.000000	86.737706
-0.000000 	 -4.369990 	 0.000000	86.885241
-0.000000 	 -4.362915 	 0.000000	87.032247
-0.000000 	 -4.355860 	 0.000000	87.178726
-0.000000 	 -4.348825 	 0.000000	87.324680
-0.000000 	 -4.341810 	 0.000000	87.470109
-0.000000 	 -4.334814 	 0.000000	87.615017
-0.000000 	 -4.327838 	 0.000000	87.759404
-0.000000 	 -4.320882 	 0.000000	87.903273
-0.000000 	 -4.313945 	 0.000000	88.046626
-0.000000 	 -4.307027 	 0.000000	88.189463
-0.000000 	 -4.300129 	 0.000000	88.331787
-0.000000 	 -4.293251 	 0.000000	88.473600
-0.000000 	 -4.286391 	 0.000000	88.614903
-0.000000 	 -4.279550 	 0.000000	88.755699
-0.000000 	 -4.272729 	 0.000000	88.895988
-0.000000 	 -4.265927 	 0.000000	89.035773
-0.000000 	 -4.259144 	 0.000000	89.175055
-0.000000 	 -4.252379 	 0.000000	89.313837
-0.000000 	 -4.245634 	 0.000000	89.452120
-0.000000 	 -4.238907 	 0.000000	89.589905
-0.000000 	 -4.232199 	 0.000000	89.727195
-0.000000 	 -4.225509 	 0.000000	89.863991
-0.000000 	 -4.218838 	 0.000000	90.000295
-0.000000 	 -4.212186 	 0.000000	90.136109
-0.000000 	 -4.205552 	 0.000000	90.271435
-0.000000 	 -4.198937 	 0.000000	90.406273
-0.000000 	 -4.192340 	 0.000000	90.540627
-0.000000 	 -4.185761 	 0.000000	90.674497
-0.000000 	 -4.179200 	 0.000000	90.807886
-0.000000 	 -4.172657 	 0.000000	90.940795
-0.000000 	 -4.166133 	 0.000000	91.073226
-0.000000 	 -4.159627 	 0.000000	91.205181
-0.000000 	 -4.153138 	 0.000000	91.336661
-0.000000 	 -4.146667 	 0.000000	91.467668
-0.000000 	 -4.140215 	 0.000000	91.598205
-0.000000 	 -4.133780 	 0.000000	91.728271
-0.000000 	 -4.127362 	 0.000000	91.857871
-0.000000 	 -4.120963 	 0.000000	91.987004
-0.000000 	 -4.114581 	 0.000000	92.115673
-0.000000 	 -4.108216 	 0.000000	92.243879
-0.000000 	 -4.101869 	 0.000000	92.371625
-0.000000 	 -4.095539 	 0.000000	92.498911
-0.000000 	 -4.089227 	 0.000000	92.625741
-0.000000 	 -4.082932 	 0.000000	92.752114
-0.000000 	 -4.076654 	 0.000000	92.878033
-0.000000 	 -4.070393 	 0.000000	93.003501
-0.000000 	 -4.064150 	 0.000000	93.128517
-0.000000 	 -4.057923 	 0.000000	93.253085
-0.000000 	 -4.051714 	 0.000000	93.377205
-0.000000 	 -4.045521 	 0.000000	93.500880
-0.000000 	 -4.039345 	 0.000000	93.624110
-0.000000 	 -4.033186 	 0.000000	93.746899
-0.000000 	 -4.027044 	 0.000000	93.869247
-0.000000 	 -4.020919 	 0.000000	93.991156
-0.000000 	 -4.014810 	 0.000000	94.112628
-0.000000 	 -4.008717 	 0.000000	94.233664
-0.000000 	 -4.002642 	 0.000000	94.354267
-0.000000 	 -3.996582 	 0.000000	94.474437
-0.000000 	 -3.990539 	 0.000000	94.594176
-0.000000 	 -3.984513 	 0.000000	94.713487
-0.000000 	 -3.978502 	 0.000000	94.832370
-0.000000 	 -3.972508 	 0.000000	94.950828
-0.000000 	 -3.966530 	 0.000000	95.068861
-0.000000 	 -3.960569 	 0.000000	95.186472
-0.000000 	 -3.954623 	 0.000000	95.303662
-0.000000 	 -3.948693 	 0.000000	95.420433
-0.000000 	 -3.942779 	 0.000000	95.536786
-0.000000 	 -3.936882 	 0.000000	95.652723
-0.000000 	 -3.931000 	 0.000000	95.768246
-0.000000 	 -3.925133 	 0.000000	95.883356
-0.000000 	 -3.919283 	 0.000000	95.998054
-0.000000 	 -3.913448 	 0.000000	96.112343
-0.000000 	 -3.907629 	 0.000000	96.226224
-0.000000 	 -3.901825 	 0.000000	96.339699
-0.000000 	 -3.896037 	 0.000000	96.452769
-0.000000 	 -3.890265 	 0.000000	96.565435
-0.000000 	 -3.884507 	 0.000000	96.677700
-0.000000 	 -3.878765 	 0.000000	96.789564
-0.000000 	 -3.873039 	 0.000000	96.901030
-0.000000 	 -3.867327 	 0.000000	97.012099
-0.000000 	 -3.861631 	 0.000000	97.122772
-0.000000 	 -3.855950 	 0.000000	97.233051
-0.000000 	 -3.850284 	 0.000000	97.342938
-0.000000 	 -3.844634 	 0.000000	97.452434
-0.000000 	 -3.838998 	 0.000000	97.561541
-0.000000 	 -3.833377 	 0.000000	97.670259
-0.000000 	 -3.827771 	 0.000000	97.778592
-0.000000 	 -3.822179 	 0.000000	97.886539
-0.000000 	 -3.816603 	 0.000000	97.994104
-0.000000 	 -3.811041 	 0.000000	98.101286
-0.000000 	 -3.805494 	 0.000000	98.208088
-0.000000 	 -3.799962 	 0.000000	98.314512
-0.000000 	 -3.794444 	 0.000000	98.420558
-0.000000 	 -3.788941 	 0.000000	98.526228
-0.000000 	 -3.783452 	 0.000000	98.631524
-0.000000 	 -3.777977 	 0.000000	98.736447
-0.000000 	 -3.772517 	 0.000000	98.840999
-0.000000 	 -3.767071 	 0.000000	98.945181
-0.000000 	 -3.761640 	 0.000000	99.048994
-0.000000 	 -3.756223 	 0.000000	99.152441
-0.000000 	 -3.750820 	 0.000000	99.255521
-0.000000 	 -3.745431 	 0.000000	99.358238
-0.000000 	 -3.740056 	 0.000000	99.460592
-0.000000 	 -3.734695 	 0.000000	99.562585
-0.000000 	 -3.729348 	 0.000000	99.664218
-0.000000 	 -3.724015 	 0.000000	99.765493
-0.000000 	 -3.718696 	 0.000000	99.866411
-0.000000 	 -3.713391 	 0.000000	99.966973
-0.000000 	 -3.708100 	 0.000000	100.067182
-0.000000 	 -3.702822 	 0.000000	100.167037
-0.000000 	 -3.697558 	 0.000000	100.266541
-0.000000 	 -3.692308 	 0.000000	100.365696
-0.000000 	 -3.687071 	 0.000000	100.464502
-0.000000 	 -3.681848 	 0.000000	100.562961
-0.000000 	 -3.676638 	 0.000000	100.661074
-0.000000 	 -3.671442 	 0.000000	100.758843
-0.000000 	 -3.666259 	 0.000000	100.856269
-0.000000 	 -3.661090 	 0.000000	100.953353
-0.000000 	 -3.655934 	 0.000000	101.050097
-0.000000 	 -3.650791 	 0.000000	101.146502
-0.000000 	 -3.645661 	 0.000000	101.242570
-0.000000 	 -3.640545 	 0.000000	101.338302
-0.000000 	 -3.635442 	 0.000000	101.433698
-0.000000 	 -3.630351 	 0.000000	101.528762
-0.000000 	 -3.625274 	 0.000000	101.623493
-0.000000 	 -3.620210 	 0.000000	101.717893
-0.000000 	 -3.615159 	 0.000000	101.811964
-0.000000 	 -3.610121 	 0.000000	101.905707
-0.000000 	 -3.605095 	 0.000000	101.999123
-0.000000 	 -3.600083 	 0.000000	102.092213
-0.000000 	 -3.595083 	 0.000000	102.184979
-0.000000 	 -3.590096 	 0.000000	102.277422
-0.000000 	 -3.585122 	 0.000000	102.369544
-0.000000 	 -3.580160 	 0.000000	102.461345
-0.000000 	 -3.575211 	 0.000000	102.552827
-0.000000 	 -3.570274 	 0.000000	102.643992
-0.000000 	 -3.565350 	 0.000000	102.734839
-0.000000 	 -3.560439 	 0.000000	102.825372
-0.000000 	 -3.555540 	 0.000000	102.915591
-0.000000 	 -3.550653 	 0.000000	103.005497
-0.000000 	 -3.545779 	 0.000000	103.095091
-0.000000 	 -3.540917 	 0.000000	103.184376
-0.000000 	 -3.536067 	 0.000000	103.273351
-0.000000 	 -3.531230 	 0.000000	103.362019
-0.000000 	 -3.526404 	 0.000000	103.450380
-0.000000 	 -3.521591 	 0.000000	103.538436
-0.000000 	 -3.516790 	 0.000000	103.626188
-0.000000 	 -3.512001 	 0.000000	103.713638
-0.000000 	 -3.507224 	 0.000000	103.800785
-0.000000 	 -3.502459 	 0.000000	103.887633
-0.000000 	 -3.497706 	 0.000000	103.974181
-0.000000 	 -3.492965 	 0.000000	104.060431
-0.000000 	 -3.488236 	 0.000000	104.146384
-0.000000 	 -3.483518 	 0.000000	104.232042
-0.000000 	 -3.478813 	 0.000000	104.317406
-0.000000 	 -3.474119 	 0.000000	104.402477
-0.000000 	 -3.469436 	 0.000000	104.487255
-0.000000 	 -3.464766 	 0.000000	104.571743
-0.000000 	 -3.460107 	 0.000000	104.655941
-0.000000 	 -3.455459 	 0.000000	104.739850
-0.000000 	 -3.450824 	 0.000000	104.823472
-0.000000 	 -3.446199 	 0.000000	104.906808
-0.000000 	 -3.441586 	 0.000000	104.989859
-0.000000 	 -3.436985 	 0.000000	105.072627
-0.000000 	 -3.432395 	 0.000000	105.155111
-0.000000 	 -3.427816 	 0.000000	105.237314
-0.000000 	 -3.423249 	 0.000000	105.319236
-0.000000 	 -3.418692 	 0.000000	105.400879
-0.000000 	 -3.414148 	 0.000000	105.482244
-0.000000 	 -3.409614 	 0.000000	105.563332
-0.000000 	 -3.405091 	 0.000000	105.644144
-0.000000 	 -3.400580 	 0.000000	105.724681
-0.000000 	 -3.396079 	 0.000000	105.804944
-0.000000 	 -3.391590 	 0.000000	105.884935
-0.000000 	 -3.387112 	 0.000000	105.964654
-0.000000 	 -3.382645 	 0.000000	106.044103
-0.000000 	 -3.378188 	 0.000000	106.123282
-0.000000 	 -3.373743 	 0.000000	106.202193
-0.000000 	 -3.369308 	 0.000000	106.280837
-0.000000 	 -3.364884 	 0.000000	106.359215
-0.000000 	 -3.360471 	 0.000000	106.437327
-0.000000 	 -3.356069 	 0.000000	106.515176
-0.000000 	 -3.351677 	 0.000000	106.592762
-0.000000 	 -3.347297 	 0.000000	106.670085
-0.000000 	 -3.342926 	 0.000000	106.747148
-0.000000 	 -3.338567 	 0.000000	106.823952
-0.000000 	 -3.334218 	 0.000000	106.900496
-0.000000 	 -3.329879 	 0.000000	106.976783
-0.000000 	 -3.325551 	 0.000000	107.052813
-0.000000 	 -3.321234 	 0.000000	107.128588
-0.000000 	 -3.316927 	 0.000000	107.204108
-0.000000 	 -3.312630 	 0.000000	107.279374
-0.000000 	 -3.308344 	 0.000000	107.354388
-0.000000 	 -3.304068 	 0.000000	107.429150
-0.000000 	 -3.299802 	 0.000000	107.503662
-0.000000 	 -3.295547 	 0.000000	107.577924
-0.000000 	 -3.291302 	 0.000000	107.651938
-0.000000 	 -3.287067 	 0.000000	107.725704
-0.000000 	 -3.282842 	 0.000000	107.799223
-0.000000 	 -3.278627 	 0.000000	107.872497
-0.000000 	 -3.274423 	 0.000000	107.945527
-0.000000 	 -3.270228 	 0.000000	108.018313
-0.000000 	 -3.266044 	 0.000000	108.090856
-0.000000 	 -3.261869 	 0.000000	108.163158
-0.000000 	 -3.257705 	 0.000000	108.235219
-0.000000 	 -3.253550 	 0.000000	108.307040
-0.000000 	 -3.249406 	 0.000000	108.378623
-0.000000 	 -3.245271 	 0.000000	108.449967
-0.000000 	 -3.241146 	 0.000000	108.521075
-0.000000 	 -3.237031 	 0.000000	108.591947
-0.000000 	 -3.232925 	 0.000000	108.662584
-0.000000 	 -3.228829 	 0.000000	108.732987
-0.000000 	 -3.224743 	 0.000000	108.803157
-0.000000 	 -3.220667 	 0.000000	108.873095
-0.000000 	 -3.216600 	 0.000000	108.942802
-0.000000 	 -3.212543 	 0.000000	109.012278
-0.000000 	 -3.208496 	 0.000000	109.081525
-0.000000 	 -3.204458 	 0.000000	109.150544
-0.000000 	 -3.200430 	 0.000000	109.219334
-0.000000 	 -3.196411 	 0.000000	109.287899
-0.000000 	 -3.192401 	 0.000000	109.356237
-0.000000 	 -3.188401 	 0.000000	109.424351
-0.000000 	 -3.184410 	 0.000000	109.492241
-0.000000 	 -3.180429 	 0.000000	109.559908
-0.000000 	 -3.176457 	 0.000000	109.627352
-0.000000 	 -3.172495 	 0.000000	109.694575
-0.000000 	 -3.168541 	 0.000000	109.761578
-0.000000 	 -3.164597 	 0.000000	109.828362
-0.000000 	 -3.160662 	 0.000000	109.894926
-0.000000 	 -3.156736 	 0.000000	109.961273
-0.000000 	 -3.152820 	 0.000000	110.027403
-0.000000 	 -3.148912 	 0.000000	110.093317
-0.000000 	 -3.145014 	 0.000000	110.159016
-0.000000 	 -3.141124 	 0.000000	110.224501
-0.000000 	 -3.137244 	 0.000000	110.289771
-0.000000 	 -3.133373 	 0.000000	110.354830
-0.000000 	 -3.129511 	 0.000000	110.419676
-0.000000 	 -3.125657 	 0.000000	110.484312
-0.000000 	 -3.121813 	 0.000000	110.548737
-0.000000 	 -3.117977 	 0.000000	110.612954
-0.000000 	 -3.114150 	 0.000000	110.676961
-0.000000 	 -3.110333 	 0.000000	110.740761
-0.000000 	 -3.106523 	 0.000000	110.804355
-0.000000 	 -3.102723 	 0.000000	110.867742
-0.000000 	 -3.098932 	 0.000000	110.930924
-0.000000 	 -3.095149 	 0.000000	110.993902
-0.000000 	 -3.091375 	 0.000000	111.056676
-0.000000 	 -3.087609 	 0.000000	111.119247
-0.000000 	 -3.083852 	 0.000000	111.181617
-0.000000 	 -3.080104 	 0.000000	111.243785
-0.000000 	 -3.076364 	 0.000000	111.305753
-0.000000 	 -3.072633 	 0.000000	111.367521
-0.000000 	 -3.068911 	 0.000000	111.429091
-0.000000 	 -3.065197 	 0.000000	111.490463
-0.000000 	 -3.061491 	 0.000000	111.551637
-0.000000 	 -3.057794 	 0.000000	111.612615
-0.000000 	 -3.054105 	 0.000000	111.673397
-0.000000 	 -3.050425 	 0.000000	111.733984
-0.000000 	 -3.046753 	 0.000000	111.794378
-0.000000 	 -3.043089 	 0.000000	111.854577
-0.000000 	 -3.039434 	 0.000000	111.914585
-0.000000 	 -3.035787 	 0.000000	111.974400
-0.000000 	 -3.032148 	 0.000000	112.034024
-0.000000 	 -3.028517 	 0.000000	112.093458
-0.000000 	 -3.024895 	 0.000000	112.152702
-0.000000 	 -3.021281 	 0.000000	112.211758
-0.000000 	 -3.017675 	 0.000000	112.270625
-0.000000 	 -3.014077 	 0.000000	112.329305
-0.000000 	 -3.010487 	 0.000000	112.387798
-0.000000 	 -3.006905 	 0.000000	112.446106
-0.000000 	 -3.003331 	 0.000000	112.504228
-0.000000 	 -2.999766 	 0.000000	112.562166
-0.000000 	 -2.996208 	 0.000000	112.619920
-0.000000 	 -2.992658 	 0.000000	112.677490
-0.000000 	 -2.989117 	 0.000000	112.734879
-0.000000 	 -2.985583 	 0.000000	112.792086
-0.000000 	 -2.982057 	 0.000000	112.849112
-0.000000 	 -2.978539 	 0.000000	112.905958
-0.000000 	 -2.975029 	 0.000000	112.962624
-0.000000 	 -2.971526 	 0.000000	113.019112
-0.000000 	 -2.968032 	 0.000000	113.075422
-0.000000 	 -2.964545 	 0.000000	113.131554
-0.000000 	 -2.961066 	 0.000000	113.187509
-0.000000 	 -2.957594 	 0.000000	113.243289
-0.000000 	 -2.954131 	 0.000000	113.298893
-0.000000 	 -2.950675 	 0.000000	113.354322
-0.000000 	 -2.947227 	 0.000000	113.409578
-0.000000 	 -2.943786 	 0.000000	113.464660
-0.000000 	 -2.940353 	 0.000000	113.519569
-0.000000 	 -2.936928 	 0.000000	113.574307
-0.000000 	 -2.933510 	 0.000000	113.628873
-0.000000 	 -2.930099 	 0.000000	113.683269
-0.000000 	 -2.926697 	 0.000000	113.737494
-0.000000 	 -2.923301 	 0.000000	113.791551
-0.000000 	 -2.919913 	 0.000000	113.845438
-0.000000 	 -2.916533 	 0.000000	113.899158
-0.000000 	 -2.913160 	 0.000000	113.952710
-0.000000 	 -2.909794 	 0.000000	114.006096
-0.000000 	 -2.906436 	 0.000000	114.059316
-0.000000 	 -2.903085 	 0.000000	114.112370
-0.000000 	 -2.899742 	 0.000000	114.165259
-0.000000 	 -2.896405 	 0.000000	114.217984
-0.000000 	 -2.893076 	 0.000000	114.270546
-0.000000 	 -2.889755 	 0.000000	114.322945
-0.000000 	 -2.886440 	 0.000000	114.375182
-0.000000 	 -2.883133 	 0.000000	114.427256
-0.000000 	 -2.879833 	 0.000000	114.479170
-0.000000 	 -2.876540 	 0.000000	114.530924
-0.000000 	 -2.873254 	 0.000000	114.582518
-0.000000 	 -2.869976 	 0.000000	114.633952
-0.000000 	 -2.866704 	 0.000000	114.685228
-0.000000 	 -2.863440 	 0.000000	114.736346
-0.000000 	 -2.860183 	 0.000000	114.787307
-0.000000 	 -2.856932 	 0.000000	114.838111
-0.000000 	 -2.853689 	 0.000000	114.888759
-0.000000 	 -2.850453 	 0.000000	114.939251
-0.000000 	 -2.847224 	 0.000000	114.989589
-0.000000 	 -2.844001 	 0.000000	115.039772
-0.000000 	 -2.840786 	 0.000000	115.089801
-0.000000 	 -2.837577 	 0.000000	115.139677
-0.000000 	 -2.834376 	 0.000000	115.189400
-0.000000 	 -2.831181 	 0.000000	115.238972
-0.000000 	 -2.827993 	 0.000000	115.288392
-0.000000 	 -2.824812 	 0.000000	115.337661
-0.000000 	 -2.821638 	 0.000000	115.386780
-0.000000 	 -2.818470 	 0.000000	115.435749
-0.000000 	 -2.815310 	 0.000000	115.484569
-0.000000 	 -2.812156 	 0.000000	115.533241
-0.000000 	 -2.809009 	 0.000000	115.581764
-0.000000 	 -2.805868 	 0.000000	115.630140
-0.000000 	 -2.802734 	 0.000000	115.678370
-0.000000 	 -2.799607 	 0.000000	115.726452
-0.000000 	 -2.796487 	 0.000000	115.774389
-0.000000 	 -2.793373 	 0.000000	115.822181
-0.000000 	 -2.790266 	 0.000000	115.869829
-0.000000 	 -2.787165 	 0.000000	115.917332
-0.000000 	 -2.784071 	 0.000000	115.964691
-0.000000 	 -2.780983 	 0.000000	116.011908
-0.000000 	 -2.777902 	 0.000000	116.058982
-0.000000 	 -2.774828 	 0.000000	116.105914
-0.000000 	 -2.771760 	 0.000000	116.152704
-0.000000 	 -2.768698 	 0.000000	116.199354
-0.000000 	 -2.765643 	 0.000000	116.245863
-0.000000 	 -2.762595 	 0.000000	116.292233
-0.000000 	 -2.759552 	 0.000000	116.338463
-0.000000 	 -2.756517 	 0.000000	116.384555
-0.000000 	 -2.753487 	 0.000000	116.430508
-0.000000 	 -2.750464 	 0.000000	116.476323
-0.000000 	 -2.747447 	 0.000000	116.522002
-0.000000 	 -2.744437 	 0.000000	116.567543
-0.000000 	 -2.741432 	 0.000000	116.612949
-0.000000 	 -2.738435 	 0.000000	116.658218
-0.000000 	 -2.735443 	 0.000000	116.703353
-0.000000 	 -2.732457 	 0.000000	116.748353
-0.000000 	 -2.729478 	 0.000000	116.793219
-0.000000 	 -2.726505 	 0.000000	116.837951
-0.000000 	 -2.723539 	 0.000000	116.882550
-0.000000 	 -2.720578 	 0.000000	116.927016
-0.000000 	 -2.717623 	 0.000000	116.971350
-0.000000 	 -2.714675 	 0.000000	117.015553
-0.000000 	 -2.711733 	 0.000000	117.059624
-0.000000 	 -2.708797 	 0.000000	117.103564
-0.000000 	 -2.705867 	 0.000000	117.147375
-0.000000 	 -2.702943 	 0.000000	117.191056
-0.000000 	 -2.700025 	 0.000000	117.234607
-0.000000 	 -2.697113 	 0.000000	117.278030
-0.000000 	 -2.694207 	 0.000000	117.321324
-0.000000 	 -2.691307 	 0.000000	117.364491
-0.000000 	 -2.688413 	 0.000000	117.407530
-0.000000 	 -2.685525 	 0.000000	117.450443
-0.000000 	 -2.682643 	 0.000000	117.493229
-0.000000 	 -2.679767 	 0.000000	117.535889
-0.000000 	 -2.676896 	 0.000000	117.578424
-0.000000 	 -2.674032 	 0.000000	117.620834
-0.000000 	 -2.671174 	 0.000000	117.663119
-0.000000 	 -2.668321 	 0.000000	117.705280
-0.000000 	 -2.665474 	 0.000000	117.747318
-0.000000 	 -2.662633 	 0.000000	117.789233
-0.000000 	 -2.659798 	 0.000000	117.831025
-0.000000 	 -2.656968 	 0.000000	117.872694
-0.000000 	 -2.654145 	 0.000000	117.914242
-0.000000 	 -2.651327 	 0.000000	117.955669
-0.000000 	 -2.648515 	 0.000000	117.996974
-0.000000 	 -2.645708 	 0.000000	118.038159
-0.000000 	 -2.642907 	 0.000000	118.079225
-0.000000 	 -2.640112 	 0.000000	118.120170
-0.000000 	 -2.637323 	 0.000000	118.160997
-0.000000 	 -2.634539 	 0.000000	118.201705
-0.000000 	 -2.631761 	 0.000000	118.242294
-0.000000 	 -2.628988 	 0.000000	118.282766
-0.000000 	 -2.626221 	 0.000000	118.323121
-0.000000 	 -2.623460 	 0.000000	118.363358
-0.000000 	 -2.620704 	 0.000000	118.403479
-0.000000 	 -2.617954 	 0.000000	118.443484
-0.000000 	 -2.615209 	 0.000000	118.483373
-0.000000 	 -2.612470 	 0.000000	118.523147
-0.000000 	 -2.609736 	 0.000000	118.562806
-0.000000 	 -2.607008 	 0.000000	118.602351
-0.000000 	 -2.604286 	 0.000000	118.641782
-0.000000 	 -2.601568 	 0.000000	118.681099
-0.000000 	 -2.598856 	 0.000000	118.720303
-0.000000 	 -2.596150 	 0.000000	118.759395
-0.000000 	 -2.593449 	 0.000000	118.798374
-0.000000 	 -2.590754 	 0.000000	118.837241
-0.000000 	 -2.588063 	 0.000000	118.875996
-0.000000 	 -2.585378 	 0.000000	118.914641
-0.000000 	 -2.582699 	 0.000000	118.953174
-0.000000 	 -2.580025 	 0.000000	118.991598
-0.000000 	 -2.577356 	 0.000000	119.029911
-0.000000 	 -2.574692 	 0.000000	119.068115
-0.000000 	 -2.572034 	 0.000000	119.106210
-0.000000 	 -2.569381 	 0.000000	119.144196
-0.000000 	 -2.566733 	 0.000000	119.182074
-0.000000 	 -2.564091 	 0.000000	119.219844
-0.000000 	 -2.561454 	 0.000000	119.257506
-0.000000 	 -2.558822 	 0.000000	119.295061
-0.000000 	 -2.556195 	 0.000000	119.332510
-0.000000 	 -2.553573 	 0.000000	119.369852
-0.000000 	 -2.550956 	 0.000000	119.407088
-0.000000 	 -2.548345 	 0.000000	119.444218
-0.000000 	 -2.545739 	 0.000000	119.481244
-0.000000 	 -2.543138 	 0.000000	119.518164
-0.000000 	 -2.540542 	 0.000000	119.554980
-0.000000 	 -2.537951 	 0.000000	119.591692
-0.000000 	 -2.535365 	 0.000000	119.628300
-0.000000 	 -2.532784 	 0.000000	119.664804
-0.000000 	 -2.530209 	 0.000000	119.701206
-0.000000 	 -2.527638 	 0.000000	119.737505
-0.000000 	 -2.525072 	 0.000000	119.773702
-0.000000 	 -2.522512 	 0.000000	119.809796
-0.000000 	 -2.519956 	 0.000000	119.845790
-0.000000 	 -2.517406 	 0.000000	119.881682
-0.000000 	 -2.514860 	 0.000000	119.917473
-0.000000 	 -2.512319 	 0.000000	119.953164
-0.000000 	 -2.509783 	 0.000000	119.988755
-0.000000 	 -2.507253 	 0.000000	120.024246
-0.000000 	 -2.504727 	 0.000000	120.059638
-0.000000 	 -2.502206 	 0.000000	120.094931
-0.000000 	 -2.499689 	 0.000000	120.130125
-0.000000 	 -2.497178 	 0.000000	120.165221
-0.000000 	 -2.494672 	 0.000000	120.200218
-0.000000 	 -2.492170 	 0.000000	120.235119
-0.000000 	 -2.489673 	 0.000000	120.269922
-0.000000 	 -2.487182 	 0.000000	120.304628
-0.000000 	 -2.484694 	 0.000000	120.339237
-0.000000 	 -2.482212 	 0.000000	120.373750
-0.000000 	 -2.479735 	 0.000000	120.408167
-0.000000 	 -2.477262 	 0.000000	120.442489
-0.000000 	 -2.474794 	 0.000000	120.476716
-0.000000 	 -2.472330 	 0.000000	120.510847
-0.000000 	 -2.469872 	 0.000000	120.544884
-0.000000 	 -2.467418 	 0.000000	120.578827
-0.000000 	 -2.464969 	 0.000000	120.612676
-0.000000 	 -2.462524 	 0.000000	120.646431
-0.000000 	 -2.460085 	 0.000000	120.680093
-0.000000 	 -2.457649 	 0.000000	120.713663
-0.000000 	 -2.455219 	 0.000000	120.747139
-0.000000 	 -2.452793 	 0.000000	120.780524
-0.000000 	 -2.450372 	 0.000000	120.813816
-0.000000 	 -2.447955 	 0.000000	120.847017
-0.000000 	 -2.445543 	 0.000000	120.880127
-0.000000 	 -2.443136 	 0.000000	120.913146
-0.000000 	 -2.440733 	 0.000000	120.946074
-0.000000 	 -2.438334 	 0.000000	120.978911
-0.000000 	 -2.435941 	 0.000000	121.011659
-0.000000 	 -2.433551 	 0.000000	121.044317
-0.000000 	 -2.431167 	 0.000000	121.076886
-0.000000 	 -2.428787 	 0.000000	121.109365
-0.000000 	 -2.426411 	 0.000000	121.141756
-0.000000 	 -2.424040 	 0.000000	121.174059
-0.000000 	 -2.421673 	 0.000000	121.206273
-0.000000 	 -2.419311 	 0.000000	121.238399
-0.000000 	 -2.416953 	 0.000000	121.270438
-0.000000 	 -2.414599 	 0.000000	121.302390
-0.000000 	 -2.412250 	 0.000000	121.334255
-0.000000 	 -2.409906 	 0.000000	121.366033
-0.000000 	 -2.407566 	 0.000000	121.397725
-0.000000 	 -2.405230 	 0.000000	121.429330
-0.000000 	 -2.402898 	 0.000000	121.460851
-0.000000 	 -2.400571 	 0.000000	121.492285
-0.000000 	 -2.398249 	 0.000000	121.523635
-0.000000 	 -2.395930 	 0.000000	121.554900
-0.000000 	 -2.393616 	 0.000000	121.586080
-0.000000 	 -2.391307 	 0.000000	121.617176
-0.000000 	 -2.389001 	 0.000000	121.648188
-0.000000 	 -2.386700 	 0.000000	121.679116
-0.000000 	 -2.384403 	 0.000000	121.709961
-0.000000 	 -2.382111 	 0.000000	121.740723
-0.000000 	 -2.379823 	 0.000000	121.771402
-0.000000 	 -2.377539 	 0.000000	121.801999
-0.000000 	 -2.375259 	 0.000000	121.832513
-0.000000 	 -2.372983 	 0.000000	121.862945
-0.000000 	 -2.370712 	 0.000000	121.893296
-0.000000 	 -2.368445 	 0.000000	121.923565
-0.000000 	 -2.366182 	 0.000000	121.953754
-0.000000 	 -2.363923 	 0.000000	121.983861
-0.000000 	 -2.361668 	 0.000000	122.013888
-0.000000 	 -2.359418 	 0.000000	122.043835
-0.000000 	 -2.357172 	 0.000000	122.073701
-0.000000 	 -2.354929 	 0.000000	122.103488
-0.000000 	 -2.352691 	 0.000000	122.133195
-0.000000 	 -2.350457 	 0.000000	122.162824
-0.000000 	 -2.348228 	 0.000000	122.192373
-0.000000 	 -2.346002 	 0.000000	122.221844
-0.000000 	 -2.343780 	 0.000000	122.251236
-0.000000 	 -2.341563 	 0.000000	122.280550
-0.000000 	 -2.339349 	 0.000000	122.309786
-0.000000 	 -2.337140 	 0.000000	122.338945
-0.000000 	 -2.334934 	 0.000000	122.368027
-0.000000 	 -2.332733 	 0.000000	122.397031
-0.000000 	 -2.330535 	 0.000000	122.425959
-0.000000 	 -2.328342 	 0.000000	122.454810
-0.000000 	 -2.326153 	 0.000000	122.483584
-0.000000 	 -2.323967 	 0.000000	122.512283
-0.000000 	 -2.321786 	 0.000000	122.540906
-0.000000 	 -2.319608 	 0.000000	122.569454
-0.000000 	 -2.317435 	 0.000000	122.597926
-0.000000 	 -2.315265 	 0.000000	122.626323
-0.000000 	 -2.313100 	 0.000000	122.654646
-0.000000 	 -2.310938 	 0.000000	122.682894
-0.000000 	 -2.308780 	 0.000000	122.711068
-0.000000 	 -2.306626 	 0.000000	122.739168
-0.000000 	 -2.304476 	 0.000000	122.767194
-0.000000 	 -2.302330 	 0.000000	122.795147
-0.000000 	 -2.300188 	 0.000000	122.823026
-0.000000 	 -2.298050 	 0.000000	122.850833
-0.000000 	 -2.295915 	 0.000000	122.878566
-0.000000 	 -2.293784 	 0.000000	122.906228
-0.000000 	 -2.291657 	 0.000000	122.933816
-0.000000 	 -2.289534 	 0.000000	122.961333
-0.000000 	 -2.287415 	 0.000000	122.988779
-0.000000 	 -2.285300 	 0.000000	123.016152
-0.000000 	 -2.283188 	 0.000000	123.043455
-0.000000 	 -2.281080 	 0.000000	123.070686
-0.000000 	 -2.278976 	 0.000000	123.097846
-0.000000 	 -2.276876 	 0.000000	123.124936
-0.000000 	 -2.274779 	 0.000000	123.151956
-0.000000 	 -2.272687 	 0.000000	123.178905
-0.000000 	 -2.270597 	 0.000000	123.205785
-0.000000 	 -2.268512 	 0.000000	123.232595
-0.000000 	 -2.266430 	 0.000000	123.259335
-0.000000 	 -2.264352 	 0.000000	123.286006
-0.000000 	 -2.262278 	 0.000000	123.312609
-0.000000 	 -2.260208 	 0.000000	123.339142
-0.000000 	 -2.258141 	 0.000000	123.365608
-0.000000 	 -2.256078 	 0.000000	123.392005
-0.000000 	 -2.254018 	 0.000000	123.418333
-0.000000 	 -2.251962 	 0.000000	123.444594
-0.000000 	 -2.249910 	 0.000000	123.470788
-0.000000 	 -2.247861 	 0.000000	123.496914
-0.000000 	 -2.245816 	 0.000000	123.522973
-0.000000 	 -2.243775 	 0.000000	123.548965
-0.000000 	 -2.241737 	 0.000000	123.574890
-0.000000 	 -2.239703 	 0.000000	123.600749
-0.000000 	 -2.237672 	 0.000000	123.626542
-0.000000 	 -2.235645 	 0.000000	123.652268
-0.000000 	 -2.233621 	 0.000000	123.677929
-0.000000 	 -2.231601 	 0.000000	123.703524
-0.000000 	 -2.229585 	 0.000000	123.729054
-0.000000 	 -2.227572 	 0.000000	123.754518
-0.000000 	 -2.225563 	 0.000000	123.779918
-0.000000 	 -2.223557 	 0.000000	123.805253
-0.000000 	 -2.221555 	 0.000000	123.830523
-0.000000 	 -2.219556 	 0.000000	123.855729
-0.000000 	 -2.217561 	 0.000000	123.880871
-0.000000 	 -2.215569 	 0.000000	123.905949
-0.000000 	 -2.213580 	 0.000000	123.930963
-0.000000 	 -2.211596 	 0.000000	123.955914
-0.000000 	 -2.209614 	 0.000000	123.980801
-0.000000 	 -2.207636 	 0.000000	124.005626
-0.000000 	 -2.205662 	 0.000000	124.030387
-0.000000 	 -2.203690 	 0.000000	124.055086
-0.000000 	 -2.201723 	 0.000000	124.079723
-0.000000 	 -2.199758 	 0.000000	124.104297
-0.000000 	 -2.197798 	 0.000000	124.128809
-0.000000 	 -2.195840 	 0.000000	124.153259
-0.000000 	 -2.193886 	 0.000000	124.177648
-0.000000 	 -2.191935 	 0.000000	124.201975
-0.000000 	 -2.189988 	 0.000000	124.226241
-0.000000 	 -2.188044 	 0.000000	124.250446
-0.000000 	 -2.186103 	 0.000000	124.274590
-0.000000 	 -2.184166 	 0.000000	124.298673
-0.000000 	 -2.182232 	 0.000000	124.322696
-0.000000 	 -2.180302 	 0.000000	124.346659
-0.000000 	 -2.178374 	 0.000000	124.370561
-0.000000 	 -2.176450 	 0.000000	124.394404
-0.000000 	 -2.174530 	 0.000000	124.418187
-0.000000 	 -2.172612 	 0.000000	124.441911
-0.000000 	 -2.170698 	 0.000000	124.465575
-0.000000 	 -2.168787 	 0.000000	124.489180
-0.000000 	 -2.166880 	 0.000000	124.512726
-0.000000 	 -2.164975 	 0.000000	124.536214
-0.000000 	 -2.163074 	 0.000000	124.559643
-0.000000 	 -2.161177 	 0.000000	124.583014
-0.000000 	 -2.159282 	 0.000000	124.606326
-0.000000 	 -2.157391 	 0.000000	124.629581
-0.000000 	 -2.155503 	 0.000000	124.652777
-0.000000 	 -2.153618 	 0.000000	124.675917
-0.000000 	 -2.151736 	 0.000000	124.698998
-0.000000 	 -2.149858 	 0.000000	124.722023
-0.000000 	 -2.147982 	 0.000000	124.744990
-0.000000 	 -2.146110 	 0.000000	124.767901
-0.000000 	 -2.144241 	 0.000000	124.790755
-0.000000 	 -2.142376 	 0.000000	124.813552
-0.000000 	 -2.140513 	 0.000000	124.836293
-0.000000 	 -2.138654 	 0.000000	124.858978
-0.000000 	 -2.136797 	 0.000000	124.881607
-0.000000 	 -2.134944 	 0.000000	124.904180
-0.000000 	 -2.133094 	 0.000000	124.926698
-0.000000 	 -2.131247 	 0.000000	124.949160
-0.000000 	 -2.129403 	 0.000000	124.971567
-0.000000 	 -2.127563 	 0.000000	124.993919
-0.000000 	 -2.125725 	 0.000000	125.016216
-0.000000 	 -2.123890 	 0.000000	125.038458
-0.000000 	 -2.122059 	 0.000000	125.060645
-0.000000 	 -2.120231 	 0.000000	125.082779
-0.000000 	 -2.118405 	 0.000000	125.104858
-0.000000 	 -2.116583 	 0.000000	125.126883
-0.000000 	 -2.114764 	 0.000000	125.148854
-0.000000 	 -2.112948 	 0.000000	125.170771
-0.000000 	 -2.111135 	 0.000000	125.192635
-0.000000 	 -2.109325 	 0.000000	125.214446
-0.000000 	 -2.107518 	 0.000000	125.236203
-0.000000 	 -2.105714 	 0.000000	125.257907
-0.000000 	 -2.103913 	 0.000000	125.279559
-0.000000 	 -2.102115 	 0.000000	125.301157
-0.000000 	 -2.100320 	 0.000000	125.322704
-0.000000 	 -2.098528 	 0.000000	125.344198
-0.000000 	 -2.096738 	 0.000000	125.365639
-0.000000 	 -2.094952 	 0.000000	125.387029
-0.000000 	 -2.093169 	 0.000000	125.408367
-0.000000 	 -2.091389 	 0.000000	125.429653
-0.000000 	 -2.089612 	 0.000000	125.450887
-0.000000 	 -2.087838 	 0.000000	125.472071
-0.000000 	 -2.086066 	 0.000000	125.493203
-0.000000 	 -2.084298 	 0.000000	125.514283
-0.000000 	 -2.082532 	 0.000000	125.535313
-0.000000 	 -2.080770 	 0.000000	125.556293
-0.000000 	 -2.079010 	 0.000000	125.577221
-0.000000 	 -2.077253 	 0.000000	125.598100
-0.000000 	 -2.075500 	 0.000000	125.618928
-0.000000 	 -2.073749 	 0.000000	125.639706
-0.000000 	 -2.072000 	 0.000000	125.660433
-0.000000 	 -2.070255 	 0.000000	125.681112
-0.000000 	 -2.068513 	 0.000000	125.701740
-0.000000 	 -2.066773 	 0.000000	125.722319
-0.000000 	 -2.065037 	 0.000000	125.742849
-0.000000 	 -2.063303 	 0.000000	125.763329
-0.000000 	 -2.061572 	 0.000000	125.783761
-0.000000 	 -2.059844 	 0.000000	125.804143
-0.000000 	 -2.058118 	 0.000000	125.824477
-0.000000 	 -2.056396 	 0.000000	125.844762
-0.000000 	 -2.054676 	 0.000000	125.864999
-0.000000 	 -2.052959 	 0.000000	125.885188
-0.000000 	 -2.051245 	 0.000000	125.905328
-0.000000 	 -2.049534 	 0.000000	125.925421
-0.000000 	 -2.047826 	 0.000000	125.945465
-0.000000 	 -2.046120 	 0.000000	125.965462
-0.000000 	 -2.044417 	 0.000000	125.985411
-0.000000 	 -2.042717 	 0.000000	126.005314
-0.000000 	 -2.041019 	 0.000000	126.025168
-0.000000 	 -2.039325 	 0.000000	126.044976
-0.000000 	 -2.037633 	 0.000000	126.064737
-0.000000 	 -2.035943 	 0.000000	126.084451
-0.000000 	 -2.034257 	 0.000000	126.104118
-0.000000 	 -2.032573 	 0.000000	126.123739
-0.000000 	 -2.030892 	 0.000000	126.143313
-0.000000 	 -2.029214 	 0.000000	126.162841
-0.000000 	 -2.027538 	 0.000000	126.182323
-0.000000 	 -2.025865 	 0.000000	126.201759
-0.000000 	 -2.024195 	 0.000000	126.221149
-0.000000 	 -2.022528 	 0.000000	126.240494
-0.000000 	 -2.020863 	 0.000000	126.259793
-0.000000 	 -2.019201 	 0.000000	126.279047
-0.000000 	 -2.017541 	 0.000000	126.298255
-0.000000 	 -2.015884 	 0.000000	126.317418
-0.000000 	 -2.014230 	 0.000000	126.336537
-0.000000 	 -2.012579 	 0.000000	126.355610
-0.000000 	 -2.010930 	 0.000000	126.374639
-0.000000 	 -2.009284 	 0.000000	126.393623
-0.000000 	 -2.007640 	 0.000000	126.412563
-0.000000 	 -2.005999 	 0.000000	126.431458
-0.000000 	 -2.004361 	 0.000000	126.450309
-0.000000 	 -2.002725 	 0.000000	126.469117
-0.000000 	 -2.001092 	 0.000000	126.487880
-0.000000 	 -1.999461 	 0.000000	126.506599
-0.000000 	 -1.997833 	 0.000000	126.525275
-0.000000 	 -1.996208 	 0.000000	126.543908
-0.000000 	 -1.994585 	 0.000000	126.562497
-0.000000 	 -1.992965 	 0.000000	126.581043
-0.000000 	 -1.991347 	 0.000000	126.599545
-0.000000 	 -1.989732 	 0.000000	126.618005
-0.000000 	 -1.988120 	 0.000000	126.636422
-0.000000 	 -1.986510 	 0.000000	126.654796
-0.000000 	 -1.984903 	 0.000000	126.673128
-0.000000 	 -1.983298 	 0.000000	126.691417
-0.000000 	 -1.981695 	 0.000000	126.709663
-0.000000 	 -1.980096 	 0.000000	126.727868
-0.000000 	 -1.978498 	 0.000000	126.746031
-0.000000 	 -1.976904 	 0.000000	126.764151
-0.000000 	 -1.975311 	 0.000000	126.782230
-0.000000 	 -1.973722 	 0.000000	126.800267
-0.000000 	 -1.972134 	 0.000000	126.818262
-0.000000 	 -1.970550 	 0.000000	126.836216
-0.000000 	 -1.968967 	 0.000000	126.854129
-0.000000 	 -1.967388 	 0.000000	126.872000
-0.000000 	 -1.965810 	 0.000000	126.889830
-0.000000 	 -1.964235 	 0.000000	126.907620
-0.000000 	 -1.962663 	 0.000000	126.925368
-0.000000 	 -1.961093 	 0.000000	126.943076
-0.000000 	 -1.959526 	 0.000000	126.960743
-0.000000 	 -1.957961 	 0.000000	126.978370
-0.000000 	 -1.956398 	 0.000000	126.995956
-0.000000 	 -1.954838 	 0.000000	127.013503
-0.000000 	 -1.953281 	 0.000000	127.031009
-0.000000 	 -1.951725 	 0.000000	127.048475
-0.000000 	 -1.950172 	 0.000000	127.065901
-0.000000 	 -1.948622 	 0.000000	127.083287
-0.000000 	 -1.947074 	 0.000000	127.100634
-0.000000 	 -1.945528 	 0.000000	127.117941
-0.000000 	 -1.943985 	 0.000000	127.135209
-0.000000 	 -1.942444 	 0.000000	127.152438
-0.000000 	 -1.940906 	 0.000000	127.169627
-0.000000 	 -1.939370 	 0.000000	127.186777
-0.000000 	 -1.937836 	 0.000000	127.203889
-0.000000 	 -1.936305 	 0.000000	127.220961
-0.000000 	 -1.934776 	 0.000000	127.237995
-0.000000 	 -1.933250 	 0.000000	127.254990
-0.000000 	 -1.931725 	 0.000000	127.271947
-0.000000 	 -1.930204 	 0.000000	127.288865
-0.000000 	 -1.928684 	 0.000000	127.305746
-0.000000 	 -1.927167 	 0.000000	127.322587
-0.000000 	 -1.925652 	 0.000000	127.339391
-0.000000 	 -1.924140 	 0.000000	127.356157
-0.000000 	 -1.922629 	 0.000000	127.372886
-0.000000 	 -1.921122 	 0.000000	127.389576
-0.000000 	 -1.919616 	 0.000000	127.406229
-0.000000 	 -1.918113 	 0.000000	127.422845
-0.000000 	 -1.916612 	 0.000000	127.439423
-0.000000 	 -1.915113 	 0.000000	127.455963
-0.000000 	 -1.913617 	 0.000000	127.472467
-0.000000 	 -1.912123 	 0.000000	127.488934
-0.000000 	 -1.910631 	 0.000000	127.505363
-0.000000 	 -1.909142 	 0.000000	127.521756
-0.000000 	 -1.907655 	 0.000000	127.538112
-0.000000 	 -1.906170 	 0.000000	127.554432
-0.000000 	 -1.904687 	 0.000000	127.570715
-0.000000 	 -1.903207 	 0.000000	127.586961
-0.000000 	 -1.901728 	 0.000000	127.603172
-0.000000 	 -1.900252 	 0.000000	127.619346
-0.000000 	 -1.898779 	 0.000000	127.635484
-0.000000 	 -1.897307 	 0.000000	127.651586
-0.000000 	 -1.895838 	 0.000000	127.667652
-0.000000 	 -1.894371 	 0.000000	127.683683
-0.000000 	 -1.892906 	 0.000000	127.699678
-0.000000 	 -1.891444 	 0.000000	127.715637
-0.000000 	 -1.889984 	 0.000000	127.731560
-0.000000 	 -1.888525 	 0.000000	127.747449
-0.000000 	 -1.887069 	 0.000000	127.763302
-0.000000 	 -1.885616 	 0.000000	127.779120
-0.000000 	 -1.884164 	 0.000000	127.794903
-0.000000 	 -1.882715 	 0.000000	127.810651
-0.000000 	 -1.881268 	 0.000000	127.826364
-0.000000 	 -1.879823 	 0.000000	127.842042
-0.000000 	 -1.878380 	 0.000000	127.857686
-0.000000 	 -1.876939 	 0.000000	127.873295
-0.000000 	 -1.875501 	 0.000000	127.888870
-0.000000 	 -1.874065 	 0.000000	127.904410
-0.000000 	 -1.872630 	 0.000000	127.919917
-0.000000 	 -1.871198 	 0.000000	127.935389
-0.000000 	 -1.869769 	 0.000000	127.950826
-0.000000 	 -1.868341 	 0.000000	127.966230
-0.000000 	 -1.866915 	 0.000000	127.981601
-0.000000 	 -1.865492 	 0.000000	127.996937
-0.000000 	 -1.864071 	 0.000000	128.012240
-0.000000 	 -1.862651 	 0.000000	128.027509
-0.000000 	 -1.861234 	 0.000000	128.042744
-0.000000 	 -1.859819 	 0.000000	128.057947
-0.000000 	 -1.858406 	 0.000000	128.073116
-0.000000 	 -1.856996 	 0.000000	128.088251
-0.000000 	 -1.855587 	 0.000000	128.103354
-0.000000 	 -1.854180 	 0.000000	128.118424
-0.000000 	 -1.852776 	 0.000000	128.133460
-0.000000 	 -1.851374 	 0.000000	128.148464
-0.000000 	 -1.849973 	 0.000000	128.163436
-0.000000 	 -1.848575 	 0.000000	128.178374
-0.000000 	 -1.847179 	 0.000000	128.193280
-0.000000 	 -1.845785 	 0.000000	128.208154
-0.000000 	 -1.844393 	 0.000000	128.222995
-0.000000 	 -1.843003 	 0.000000	128.237804
-0.000000 	 -1.841615 	 0.000000	128.252581
-0.000000 	 -1.840229 	 0.000000	128.267326
-0.000000 	 -1.838845 	 0.000000	128.282039
-0.000000 	 -1.837463 	 0.000000	128.296720
-0.000000 	 -1.836084 	 0.000000	128.311369
-0.000000 	 -1.834706 	 0.000000	128.325986
-0.000000 	 -1.833330 	 0.000000	128.340572
-0.000000 	 -1.831956 	 0.000000	128.355126
-0.000000 	 -1.830585 	 0.000000	128.369649
-0.000000 	 -1.829215 	 0.000000	128.384141
-0.000000 	 -1.827848 	 0.000000	128.398601
-0.000000 	 -1.826482 	 0.000000	128.413030
-0.000000 	 -1.825118 	 0.000000	128.427428
-0.000000 	 -1.823757 	 0.000000	128.441795
-0.000000 	 -1.822397 	 0.000000	128.456131
-0.000000 	 -1.821039 	 0.000000	128.470436
-0.000000 	 -1.819684 	 0.000000	128.484710
-0.000000 	 -1.818330 	 0.000000	128.498954
-0.000000 	 -1.816978 	 0.000000	128.513167
-0.000000 	 -1.815629 	 0.000000	128.527350
-0.000000 	 -1.814281 	 0.000000	128.541502
-0.000000 	 -1.812935 	 0.000000	128.555624
-0.000000 	 -1.811591 	 0.000000	128.569716
-0.000000 	 -1.810249 	 0.000000	128.583777
-0.000000 	 -1.808909 	 0.000000	128.597809
-0.000000 	 -1.807571 	 0.000000	128.611811
-0.000000 	 -1.806235 	 0.000000	128.625782
-0.000000 	 -1.804901 	 0.000000	128.639724
-0.000000 	 -1.803569 	 0.000000	128.653636
-0.000000 	 -1.802239 	 0.000000	128.667519
-0.000000 	 -1.800910 	 0.000000	128.681371
-0.000000 	 -1.799584 	 0.000000	128.695195
-0.000000 	 -1.798259 	 0.000000	128.708989
-0.000000 	 -1.796937 	 0.000000	128.722754
-0.000000 	 -1.795616 	 0.000000	128.736489
-0.000000 	 -1.794297 	 0.000000	128.750195
-0.000000 	 -1.792980 	 0.000000	128.763873
-0.000000 	 -1.791666 	 0.000000	128.777521
-0.000000 	 -1.790352 	 0.000000	128.791140
-0.000000 	 -1.789041 	 0.000000	128.804731
-0.000000 	 -1.787732 	 0.000000	128.818292
-0.000000 	 -1.786425 	 0.000000	128.831825
-0.000000 	 -1.785119 	 0.000000	128.845330
-0.000000 	 -1.783815 	 0.000000	128.858806
-0.000000 	 -1.782513 	 0.000000	128.872253
-0.000000 	 -1.781214 	 0.000000	128.885672
-0.000000 	 -1.779915 	 0.000000	128.899063
-0.000000 	 -1.778619 	 0.000000	128.912426
-0.000000 	 -1.777325 	 0.000000	128.925760
-0.000000 	 -1.776032 	 0.000000	128.939067
-0.000000 	 -1.774742 	 0.000000	128.952345
-0.000000 	 -1.773453 	 0.000000	128.965596
-0.000000 	 -1.772166 	 0.000000	128.978819
-0.000000 	 -1.770881 	 0.000000	128.992014
-0.000000 	 -1.769597 	 0.000000	129.005181
-0.000000 	 -1.768316 	 0.000000	129.018321
-0.000000 	 -1.767036 	 0.000000	129.031433
-0.000000 	 -1.765758 	 0.000000	129.044518
-0.000000 	 -1.764482 	 0.000000	129.057575
-0.000000 	 -1.763208 	 0.000000	129.070606
-0.000000 	 -1.761936 	 0.000000	129.083609
-0.000000 	 -1.760665 	 0.000000	129.096584
-0.000000 	 -1.759396 	 0.000000	129.109533
-0.000000 	 -1.758129 	 0.000000	129.122455
-0.000000 	 -1.756864 	 0.000000	129.135350
-0.000000 	 -1.755600 	 0.000000	129.148218
-0.000000 	 -1.754339 	 0.000000	129.161059
-0.000000 	 -1.753079 	 0.000000	129.173873
-0.000000 	 -1.751821 	 0.000000	129.186661
-0.000000 	 -1.750564 	 0.000000	129.199423
-0.000000 	 -1.749310 	 0.000000	129.212157
-0.000000 	 -1.748057 	 0.000000	129.224866
-0.000000 	 -1.746806 	 0.000000	129.237548
-0.000000 	 -1.745557 	 0.000000	129.250204
-0.000000 	 -1.744309 	 0.000000	129.262833
-0.000000 	 -1.743063 	 0.000000	129.275437
-0.000000 	 -1.741819 	 0.000000	129.288014
-0.000000 	 -1.740577 	 0.000000	129.300566
-0.000000 	 -1.739336 	 0.000000	129.313091
-0.000000 	 -1.738098 	 0.000000	129.325591
-0.000000 	 -1.736861 	 0.000000	129.338065
-0.000000 	 -1.735625 	 0.000000	129.350513
-0.000000 	 -1.734392 	 0.000000	129.362936
-0.000000 	 -1.733160 	 0.000000	129.375333
-0.000000 	 -1.731929 	 0.000000	129.387704
-0.000000 	 -1.730701 	 0.000000	129.400050
-0.000000 	 -1.729474 	 0.000000	129.412371
-0.000000 	 -1.728249 	 0.000000	129.424666
-0.000000 	 -1.727026 	 0.000000	129.436936
-0.000000 	 -1.725804 	 0.000000	129.449181
-0.000000 	 -1.724584 	 0.000000	129.461401
-0.000000 	 -1.723366 	 0.000000	129.473596
-0.000000 	 -1.722150 	 0.000000	129.485766
-0.000000 	 -1.720935 	 0.000000	129.497911
-0.000000 	 -1.719722 	 0.000000	129.510032
-0.000000 	 -1.718510 	 0.000000	129.522127
-0.000000 	 -1.717300 	 0.000000	129.534198
-0.000000 	 -1.716092 	 0.000000	129.546244
-0.000000 	 -1.714886 	 0.000000	129.558266
-0.000000 	 -1.713681 	 0.000000	129.570263
-0.000000 	 -1.712478 	 0.000000	129.582235
-0.000000 	 -1.711276 	 0.000000	129.594184
-0.000000 	 -1.710076 	 0.000000	129.606108
-0.000000 	 -1.708878 	 0.000000	129.618007
-0.000000 	 -1.707682 	 0.000000	129.629883
-0.000000 	 -1.706487 	 0.000000	129.641734
-0.000000 	 -1.705294 	 0.000000	129.653562
-0.000000 	 -1.704102 	 0.000000	129.665365
-0.000000 	 -1.702912 	 0.000000	129.677145
-0.000000 	 -1.701724 	 0.000000	129.688901
-0.000000 	 -1.700537 	 0.000000	129.700633
-0.000000 	 -1.699352 	 0.000000	129.712341
-0.000000 	 -1.698169 	 0.000000	129.724025
-0.000000 	 -1.696987 	 0.000000	129.735686
-0.000000 	 -1.695807 	 0.000000	129.747324
-0.000000 	 -1.694628 	 0.000000	129.758938
-0.000000 	 -1.693451 	 0.000000	129.770528
-0.000000 	 -1.692276 	 0.000000	129.782095
-0.000000 	 -1.691102 	 0.000000	129.793639
-0.000000 	 -1.689930 	 0.000000	129.805160
-0.000000 	 -1.688759 	 0.000000	129.816657
-0.000000 	 -1.687590 	 0.000000	129.828132
-0.000000 	 -1.686423 	 0.000000	129.839583
-0.000000 	 -1.685257 	 0.000000	129.851011
-0.000000 	 -1.684093 	 0.000000	129.862417
-0.000000 	 -1.682930 	 0.000000	129.873799
-0.000000 	 -1.681769 	 0.000000	129.885159
-0.000000 	 -1.680610 	 0.000000	129.896496
-0.000000 	 -1.679452 	 0.000000	129.907810
-0.000000 	 -1.678295 	 0.000000	129.919102
-0.000000 	 -1.677141 	 0.000000	129.930371
-0.000000 	 -1.675987 	 0.000000	129.941618
-0.000000 	 -1.674836 	 0.000000	129.952842
-0.000000 	 -1.673686 	 0.000000	129.964044
-0.000000 	 -1.672537 	 0.000000	129.975223
-0.000000 	 -1.671390 	 0.000000	129.986380
-0.000000 	 -1.670245 	 0.000000	129.997515
-0.000000 	 -1.669101 	 0.000000	130.008628
-0.000000 	 -1.667959 	 0.000000	130.019719
-0.000000 	 -1.666818 	 0.000000	130.030788
-0.000000 	 -1.665679 	 0.000000	130.041834
-0.000000 	 -1.664541 	 0.000000	130.052859
-0.000000 	 -1.663405 	 0.000000	130.063862
-0.000000 	 -1.662270 	 0.000000	130.074843
-0.000000 	 -1.661137 	 0.000000	130.085802
-0.000000 	 -1.660005 	 0.000000	130.096740
-0.000000 	 -1.658875 	 0.000000	130.107656
-0.000000 	 -1.657746 	 0.000000	130.118550
-0.000000 	 -1.656619 	 0.000000	130.129423
-0.000000 	 -1.655494 	 0.000000	130.140275
-0.000000 	 -1.654370 	 0.000000	130.151105
-0.000000 	 -1.653247 	 0.000000	130.161913
-0.000000 	 -1.652126 	 0.000000	130.172701
-0.000000 	 -1.651006 	 0.000000	130.183467
-0.000000 	 -1.649888 	 0.000000	130.194211
-0.000000 	 -1.648772 	 0.000000	130.204935
-0.000000 	 -1.647657 	 0.000000	130.215638
-0.000000 	 -1.646543 	 0.000000	130.226319
-0.000000 	 -1.645431 	 0.000000	130.236980
-0.000000 	 -1.644320 	 0.000000	130.247620
-0.000000 	 -1.643211 	 0.000000	130.258238
-0.000000 	 -1.642103 	 0.000000	130.268836
-0.000000 	 -1.640997 	 0.000000	130.279413
-0.000000 	 -1.639892 	 0.000000	130.289970
-0.000000 	 -1.638789 	 0.000000	130.300506
-0.000000 	 -1.637687 	 0.000000	130.311021
-0.000000 	 -1.636587 	 0.000000	130.321516
-0.000000 	 -1.635488 	 0.000000	130.331990
-0.000000 	 -1.634390 	 0.000000	130.342444
-0.000000 	 -1.633294 	 0.000000	130.352877
-0.000000 	 -1.632200 	 0.000000	130.363290
-0.000000 	 -1.631106 	 0.000000	130.373683
-0.000000 	 -1.630015 	 0.000000	130.384055
-0.000000 	 -1.628924 	 0.000000	130.394407
-0.000000 	 -1.627836 	 0.000000	130.404739
-0.000000 	 -1.626748 	 0.000000	130.415051
-0.000000 	 -1.625662 	 0.000000	130.425343
-0.000000 	 -1.624578 	 0.000000	130.435615
-0.000000 	 -1.623495 	 0.000000	130.445867
-0.000000 	 -1.622413 	 0.000000	130.456100
-0.000000 	 -1.621333 	 0.000000	130.466312
-0.000000 	 -1.620254 	 0.000000	130.476505
-0.000000 	 -1.619176 	 0.000000	130.486677
-0.000000 	 -1.618100 	 0.000000	130.496831
-0.000000 	 -1.617026 	 0.000000	130.506964
-0.000000 	 -1.615952 	 0.000000	130.517078
-0.000000 	 -1.614881 	 0.000000	130.527172
-0.000000 	 -1.613810 	 0.000000	130.537247
-0.000000 	 -1.612741 	 0.000000	130.547303
-0.000000 	 -1.611674 	 0.000000	130.557339
-0.000000 	 -1.610607 	 0.000000	130.567356
-0.000000 	 -1.609542 	 0.000000	130.577353
-0.000000 	 -1.608479 	 0.000000	130.587332
-0.000000 	 -1.607417 	 0.000000	130.597291
-0.000000 	 -1.606356 	 0.000000	130.607231
-0.000000 	 -1.605297 	 0.000000	130.617151
-0.000000 	 -1.604239 	 0.000000	130.627053
-0.000000 	 -1.603182 	 0.000000	130.636936
-0.000000 	 -1.602127 	 0.000000	130.646800
-0.000000 	 -1.601073 	 0.000000	130.656645
-0.000000 	 -1.600021 	 0.000000	130.666471
-0.000000 	 -1.598970 	 0.000000	130.676278
-0.000000 	 -1.597920 	 0.000000	130.686067
-0.000000 	 -1.596872 	 0.000000	130.695837
-0.000000 	 -1.595825 	 0.000000	130.705588
-0.000000 	 -1.594779 	 0.000000	130.715320
-0.000000 	 -1.593735 	 0.000000	130.725034
-0.000000 	 -1.592692 	 0.000000	130.734730
-0.000000 	 -1.591650 	 0.000000	130.744407
-0.000000 	 -1.590610 	 0.000000	130.754065
-0.000000 	 -1.589571 	 0.000000	130.763705
-0.000000 	 -1.588533 	 0.000000	130.773327
-0.000000 	 -1.587497 	 0.000000	130.782931
-0.000000 	 -1.586462 	 0.000000	130.792516
-0.000000 	 -1.585429 	 0.000000	130.802083
-0.000000 	 -1.584396 	 0.000000	130.811632
-0.000000 	 -1.583365 	 0.000000	130.821163
-0.000000 	 -1.582336 	 0.000000	130.830675
-0.000000 	 -1.581307 	 0.000000	130.840170
-0.000000 	 -1.580280 	 0.000000	130.849647
-0.000000 	 -1.579255 	 0.000000	130.859105
-0.000000 	 -1.578230 	 0.000000	130.868546
