-0.000000	-9.600000	-nan	0.000000
-0.000000	-9.599923	-nan	0.038398
-0.000000	-9.599693	-nan	0.153575
-0.000000	-9.599309	-nan	0.345476
-0.000000	-9.598771	-nan	0.614007
-0.000000	-9.598081	-nan	0.959041
-0.000000	-9.597236	-nan	1.380411
-0.000000	-9.596239	-nan	1.877917
-0.000000	-9.595089	-nan	2.451320
-0.000000	-9.593785	-nan	3.100345
-0.000000	-9.592329	-nan	3.824683
-0.000000	-9.590721	-nan	4.623987
-0.000000	-9.588960	-nan	5.497877
-0.000000	-9.587047	-nan	6.445937
-0.000000	-9.584983	-nan	7.467715
-0.000000	-9.582767	-nan	8.562727
-0.000000	-9.580399	-nan	9.730454
-0.000000	-9.577881	-nan	10.970343
-0.000000	-9.575213	-nan	12.281808
-0.000000	-9.572395	-nan	13.664233
-0.000000	-9.569427	-nan	15.116966
-0.000000	-9.566309	-nan	16.639327
-0.000000	-9.563043	-nan	18.230603
-0.000000	-9.559629	-nan	19.890051
-0.000000	-9.556067	-nan	21.616899
-0.000000	-9.552357	-nan	23.410345
-0.000000	-9.548501	-nan	25.269558
-0.000000	-9.544498	-nan	27.193682
-0.000000	-9.540349	-nan	29.181830
-0.000000	-9.536056	-nan	31.233092
-0.000000	-9.531618	-nan	33.346529
-0.000000	-9.527036	-nan	35.521179
-0.000000	-9.522310	-nan	37.756057
-0.000000	-9.517442	-nan	40.050151
-0.000000	-9.512432	-nan	42.402429
-0.000000	-9.507281	-nan	44.811837
-0.000000	-9.501989	-nan	47.277298
-0.000000	-9.496557	-nan	49.797716
-0.000000	-9.490986	-nan	52.371976
-0.000000	-9.485277	-nan	54.998944
-0.000000	-9.479430	-nan	57.677467
-0.000000	-9.473446	-nan	60.406376
-0.000000	-9.467327	-nan	63.184487
-0.000000	-9.461072	-nan	66.010599
-0.000000	-9.454683	-nan	68.883497
-0.000000	-9.448160	-nan	71.801954
-0.000000	-9.441505	-nan	74.764728
-0.000000	-9.434717	-nan	77.770567
-0.000000	-9.427799	-nan	80.818207
-0.000000	-9.420751	-nan	83.906375
-0.000000	-9.413574	-nan	87.033788
-0.000000	-9.406269	-nan	90.199155
-0.000000	-9.398837	-nan	93.401179
-0.000000	-9.391279	-nan	96.638554
-0.000000	-9.383595	-nan	99.909969
-0.000000	-9.375787	-nan	103.214110
-0.000000	-9.367856	-nan	106.549657
-0.000000	-9.359802	-nan	109.915287
-0.000000	-9.351627	-nan	113.309676
-0.000000	-9.343332	-nan	116.731498
-0.000000	-9.334918	-nan	120.179424
-0.000000	-9.326386	-nan	123.652130
-0.000000	-9.317736	-nan	127.148288
-0.000000	-9.308971	-nan	130.666574
-0.000000	-9.300090	-nan	134.205667
-0.000000	-9.291096	-nan	137.764248
-0.000000	-9.281989	-nan	141.341002
-0.000000	-9.272770	-nan	144.934620
-0.000000	-9.263441	-nan	148.543797
-0.000000	-9.254002	-nan	152.167235
-0.000000	-9.244455	-nan	155.803642
-0.000000	-9.234800	-nan	159.451735
-0.000000	-9.225039	-nan	163.110237
-0.000000	-9.215174	-nan	166.777881
-0.000000	-9.205204	-nan	170.453410
-0.000000	-9.195132	-nan	174.135576
-0.000000	-9.184959	-nan	177.823141
-0.000000	-9.174685	-nan	181.514881
-0.000000	-9.164311	-nan	185.209580
-0.000000	-9.153840	-nan	188.906037
-0.000000	-9.143272	-nan	192.603062
-0.000000	-9.132608	-nan	196.299480
-0.000000	-9.121849	-nan	199.994129
-0.000000	-9.110997	-nan	203.685860
-0.000000	-9.100053	-nan	207.373541
-0.000000	-9.089018	-nan	211.056053
-0.000000	-9.077893	-nan	214.732294
-0.000000	-9.066680	-nan	218.401177
-0.000000	-9.055379	-nan	222.061632
-0.000000	-9.043992	-nan	225.712604
-0.000000	-9.032519	-nan	229.353057
-0.000000	-9.020963	-nan	232.981972
-0.000000	-9.009324	-nan	236.598346
-0.000000	-8.997603	-nan	240.201195
-0.000000	-8.985802	-nan	243.789553
-0.000000	-8.973922	-nan	247.362472
-0.000000	-8.961964	-nan	250.919023
-0.000000	-8.949930	-nan	254.458295
-0.000000	-8.937819	-nan	257.979397
-0.000000	-8.925634	-nan	261.481457
-0.000000	-8.913376	-nan	264.963622
-0.000000	-8.901046	-nan	268.425057
-0.000000	-8.888645	-nan	271.864949
-0.000000	-8.876174	-nan	275.282503
-0.000000	-8.863635	-nan	278.676944
-0.000000	-8.851028	-nan	282.047518
-0.000000	-8.838355	-nan	285.393490
-0.000000	-8.825617	-nan	288.714143
-0.000000	-8.812815	-nan	292.008784
-0.000000	-8.799951	-nan	295.276736
-0.000000	-8.787024	-nan	298.517344
-0.000000	-8.774038	-nan	301.729973
-0.000000	-8.760991	-nan	304.914008
-0.000000	-8.747887	-nan	308.068851
-0.000000	-8.734726	-nan	311.193929
-0.000000	-8.721508	-nan	314.288683
-0.000000	-8.708236	-nan	317.352579
-0.000000	-8.694910	-nan	320.385098
-0.000000	-8.681532	-nan	323.385744
-0.000000	-8.668102	-nan	326.354038
-0.000000	-8.654621	-nan	329.289521
-0.000000	-8.641092	-nan	332.191754
-0.000000	-8.627514	-nan	335.060315
-0.000000	-8.613888	-nan	337.894802
-0.000000	-8.600217	-nan	340.694833
-0.000000	-8.586501	-nan	343.460041
-0.000000	-8.572741	-nan	346.190081
-0.000000	-8.558938	-nan	348.884623
-0.000000	-8.545093	-nan	351.543357
-0.000000	-8.531207	-nan	354.165990
-0.000000	-8.517281	-nan	356.752246
-0.000000	-8.503317	-nan	359.301867
-0.000000	-8.489315	-nan	361.814612
-0.000000	-8.475276	-nan	364.290257
-0.000000	-8.461201	-nan	366.728593
-0.000000	-8.447092	-nan	369.129429
-0.000000	-8.432949	-nan	371.492590
-0.000000	-8.418773	-nan	373.817916
-0.000000	-8.404565	-nan	376.105265
-0.000000	-8.390326	-nan	378.354506
-0.000000	-8.376058	-nan	380.565527
-0.000000	-8.361760	-nan	382.738230
-0.000000	-8.347435	-nan	384.872531
-0.000000	-8.333082	-nan	386.968359
-0.000000	-8.318703	-nan	389.025660
-0.000000	-8.304299	-nan	391.044391
-0.000000	-8.289871	-nan	393.024525
-0.000000	-8.275419	-nan	394.966047
-0.000000	-8.260945	-nan	396.868954
-0.000000	-8.246449	-nan	398.733257
-0.000000	-8.231932	-nan	400.558979
-0.000000	-8.217395	-nan	402.346156
-0.000000	-8.202839	-nan	404.094833
-0.000000	-8.188265	-nan	405.805071
-0.000000	-8.173674	-nan	407.476939
-0.000000	-8.159066	-nan	409.110517
-0.000000	-8.144442	-nan	410.705898
-0.000000	-8.129803	-nan	412.263183
-0.000000	-8.115150	-nan	413.782485
-0.000000	-8.100484	-nan	415.263927
-0.000000	-8.085805	-nan	416.707639
-0.000000	-8.071115	-nan	418.113764
-0.000000	-8.056413	-nan	419.482451
-0.000000	-8.041702	-nan	420.813860
-0.000000	-8.026980	-nan	422.108159
-0.000000	-8.012250	-nan	423.365524
-0.000000	-7.997512	-nan	424.586138
-0.000000	-7.982767	-nan	425.770194
-0.000000	-7.968015	-nan	426.917892
-0.000000	-7.953257	-nan	428.029438
-0.000000	-7.938494	-nan	429.105046
-0.000000	-7.923727	-nan	430.144936
-0.000000	-7.908956	-nan	431.149336
-0.000000	-7.894182	-nan	432.118478
-0.000000	-7.879405	-nan	433.052603
-0.000000	-7.864626	-nan	433.951956
-0.000000	-7.849847	-nan	434.816788
-0.000000	-7.835067	-nan	435.647354
-0.000000	-7.820287	-nan	436.443917
-0.000000	-7.805508	-nan	437.206742
-0.000000	-7.790730	-nan	437.936100
-0.000000	-7.775954	-nan	438.632268
-0.000000	-7.761181	-nan	439.295523
-0.000000	-7.746411	-nan	439.926151
-0.000000	-7.731644	-nan	440.524439
-0.000000	-7.716882	-nan	441.090677
-0.000000	-7.702125	-nan	441.625161
-0.000000	-7.687374	-nan	442.128189
-0.000000	-7.672628	-nan	442.600060
-0.000000	-7.657889	-nan	443.041080
-0.000000	-7.643157	-nan	443.451555
-0.000000	-7.628433	-nan	443.831794
-0.000000	-7.613717	-nan	444.182107
-0.000000	-7.599009	-nan	444.502809
-0.000000	-7.584311	-nan	444.794214
-0.000000	-7.569622	-nan	445.056641
-0.000000	-7.554944	-nan	445.290408
-0.000000	-7.540276	-nan	445.495836
-0.000000	-7.525619	-nan	445.673245
-0.000000	-7.510974	-nan	445.822960
-0.000000	-7.496341	-nan	445.945305
-0.000000	-7.481720	-nan	446.040603
-0.000000	-7.467112	-nan	446.109181
-0.000000	-7.452518	-nan	446.151366
-0.000000	-7.437937	-nan	446.167483
-0.000000	-7.423371	-nan	446.157861
-0.000000	-7.408819	-nan	446.122826
-0.000000	-7.394282	-nan	446.062706
-0.000000	-7.379761	-nan	445.977829
-0.000000	-7.365256	-nan	445.868521
-0.000000	-7.350767	-nan	445.735111
-0.000000	-7.336294	-nan	445.577925
-0.000000	-7.321839	-nan	445.397289
-0.000000	-7.307401	-nan	445.193529
-0.000000	-7.292980	-nan	444.966970
-0.000000	-7.278578	-nan	444.717937
-0.000000	-7.264194	-nan	444.446754
-0.000000	-7.249829	-nan	444.153742
-0.000000	-7.235483	-nan	443.839224
-0.000000	-7.221156	-nan	443.503520
-0.000000	-7.206850	-nan	443.146949
-0.000000	-7.192563	-nan	442.769830
-0.000000	-7.178297	-nan	442.372480
-0.000000	-7.164051	-nan	441.955213
-0.000000	-7.149827	-nan	441.518343
-0.000000	-7.135624	-nan	441.062184
-0.000000	-7.121442	-nan	440.587045
-0.000000	-7.107283	-nan	440.093235
-0.000000	-7.093145	-nan	439.581062
-0.000000	-7.079030	-nan	439.050832
-0.000000	-7.064938	-nan	438.502847
-0.000000	-7.050868	-nan	437.937410
-0.000000	-7.036822	-nan	437.354821
-0.000000	-7.022800	-nan	436.755377
-0.000000	-7.008801	-nan	436.139374
-0.000000	-6.994826	-nan	435.507105
-0.000000	-6.980875	-nan	434.858862
-0.000000	-6.966949	-nan	434.194935
-0.000000	-6.953047	-nan	433.515610
-0.000000	-6.939170	-nan	432.821173
-0.000000	-6.925318	-nan	432.111906
-0.000000	-6.911492	-nan	431.388089
-0.000000	-6.897691	-nan	430.650000
-0.000000	-6.883916	-nan	429.897916
-0.000000	-6.870166	-nan	429.132108
-0.000000	-6.856443	-nan	428.352848
-0.000000	-6.842746	-nan	427.560404
-0.000000	-6.829076	-nan	426.755042
-0.000000	-6.815432	-nan	425.937025
-0.000000	-6.801815	-nan	425.106615
-0.000000	-6.788225	-nan	424.264069
-0.000000	-6.774662	-nan	423.409643
-0.000000	-6.761127	-nan	422.543591
-0.000000	-6.747619	-nan	421.666164
-0.000000	-6.734138	-nan	420.777609
-0.000000	-6.720686	-nan	419.878172
-0.000000	-6.707261	-nan	418.968097
-0.000000	-6.693864	-nan	418.047623
-0.000000	-6.680496	-nan	417.116988
-0.000000	-6.667155	-nan	416.176428
-0.000000	-6.653844	-nan	415.226175
-0.000000	-6.640561	-nan	414.266459
-0.000000	-6.627306	-nan	413.297507
-0.000000	-6.614080	-nan	412.319545
-0.000000	-6.600884	-nan	411.332794
-0.000000	-6.587716	-nan	410.337474
-0.000000	-6.574578	-nan	409.333802
-0.000000	-6.561468	-nan	408.321992
-0.000000	-6.548388	-nan	407.302256
-0.000000	-6.535338	-nan	406.274803
-0.000000	-6.522317	-nan	405.239840
-0.000000	-6.509326	-nan	404.197570
-0.000000	-6.496364	-nan	403.148196
-0.000000	-6.483433	-nan	402.091915
-0.000000	-6.470531	-nan	401.028925
-0.000000	-6.457659	-nan	399.959418
-0.000000	-6.444817	-nan	398.883587
-0.000000	-6.432005	-nan	397.801619
-0.000000	-6.419224	-nan	396.713701
-0.000000	-6.406472	-nan	395.620017
-0.000000	-6.393751	-nan	394.520748
-0.000000	-6.381061	-nan	393.416072
-0.000000	-6.368401	-nan	392.306166
-0.000000	-6.355771	-nan	391.191204
-0.000000	-6.343172	-nan	390.071356
-0.000000	-6.330603	-nan	388.946793
-0.000000	-6.318065	-nan	387.817679
-0.000000	-6.305558	-nan	386.684181
-0.000000	-6.293081	-nan	385.546459
-0.000000	-6.280635	-nan	384.404672
-0.000000	-6.268220	-nan	383.258979
-0.000000	-6.255836	-nan	382.109533
-0.000000	-6.243483	-nan	380.956487
-0.000000	-6.231160	-nan	379.799991
-0.000000	-6.218869	-nan	378.640194
-0.000000	-6.206608	-nan	377.477241
-0.000000	-6.194379	-nan	376.311275
-0.000000	-6.182180	-nan	375.142438
-0.000000	-6.170012	-nan	373.970868
-0.000000	-6.157876	-nan	372.796702
-0.000000	-6.145770	-nan	371.620076
-0.000000	-6.133696	-nan	370.441122
-0.000000	-6.121652	-nan	369.259969
-0.000000	-6.109640	-nan	368.076748
-0.000000	-6.097659	-nan	366.891583
-0.000000	-6.085708	-nan	365.704599
-0.000000	-6.073789	-nan	364.515918
-0.000000	-6.061901	-nan	363.325660
-0.000000	-6.050044	-nan	362.133944
-0.000000	-6.038218	-nan	360.940886
-0.000000	-6.026424	-nan	359.746600
-0.000000	-6.014660	-nan	358.551198
-0.000000	-6.002927	-nan	357.354790
-0.000000	-5.991226	-nan	356.157486
-0.000000	-5.979555	-nan	354.959392
-0.000000	-5.967915	-nan	353.760611
-0.000000	-5.956307	-nan	352.561249
-0.000000	-5.944729	-nan	351.361404
-0.000000	-5.933183	-nan	350.161178
-0.000000	-5.921667	-nan	348.960667
-0.000000	-5.910183	-nan	347.759966
-0.000000	-5.898729	-nan	346.559171
-0.000000	-5.887306	-nan	345.358374
-0.000000	-5.875915	-nan	344.157665
-0.000000	-5.864553	-nan	342.957132
-0.000000	-5.853223	-nan	341.756864
-0.000000	-5.841924	-nan	340.556946
-0.000000	-5.830655	-nan	339.357463
-0.000000	-5.819417	-nan	338.158496
-0.000000	-5.808210	-nan	336.960126
-0.000000	-5.797034	-nan	335.762433
-0.000000	-5.785888	-nan	334.565495
-0.000000	-5.774773	-nan	333.369388
-0.000000	-5.763688	-nan	332.174186
-0.000000	-5.752634	-nan	330.979964
-0.000000	-5.741610	-nan	329.786793
-0.000000	-5.730617	-nan	328.594742
-0.000000	-5.719654	-nan	327.403883
-0.000000	-5.708722	-nan	326.214281
-0.000000	-5.697820	-nan	325.026003
-0.000000	-5.686948	-nan	323.839114
-0.000000	-5.676107	-nan	322.653678
-0.000000	-5.665296	-nan	321.469757
-0.000000	-5.654514	-nan	320.287411
-0.000000	-5.643763	-nan	319.106700
-0.000000	-5.633042	-nan	317.927682
-0.000000	-5.622351	-nan	316.750416
-0.000000	-5.611690	-nan	315.574955
-0.000000	-5.601059	-nan	314.401355
-0.000000	-5.590458	-nan	313.229670
-0.000000	-5.579887	-nan	312.059951
-0.000000	-5.569345	-nan	310.892249
-0.000000	-5.558833	-nan	309.726615
-0.000000	-5.548351	-nan	308.563097
-0.000000	-5.537898	-nan	307.401742
-0.000000	-5.527475	-nan	306.242598
-0.000000	-5.517081	-nan	305.085709
-0.000000	-5.506717	-nan	303.931120
-0.000000	-5.496382	-nan	302.778875
-0.000000	-5.486076	-nan	301.629015
-0.000000	-5.475800	-nan	300.481582
-0.000000	-5.465553	-nan	299.336616
-0.000000	-5.455335	-nan	298.194156
-0.000000	-5.445146	-nan	297.054240
-0.000000	-5.434986	-nan	295.916907
-0.000000	-5.424854	-nan	294.782191
-0.000000	-5.414752	-nan	293.650129
-0.000000	-5.404679	-nan	292.520754
-0.000000	-5.394634	-nan	291.394102
-0.000000	-5.384618	-nan	290.270203
-0.000000	-5.374631	-nan	289.149091
-0.000000	-5.364672	-nan	288.030795
-0.000000	-5.354742	-nan	286.915347
-0.000000	-5.344840	-nan	285.802775
-0.000000	-5.334967	-nan	284.693107
-0.000000	-5.325122	-nan	283.586373
-0.000000	-5.315305	-nan	282.482597
-0.000000	-5.305516	-nan	281.381806
-0.000000	-5.295756	-nan	280.284027
-0.000000	-5.286023	-nan	279.189282
-0.000000	-5.276318	-nan	278.097596
-0.000000	-5.266642	-nan	277.008992
-0.000000	-5.256993	-nan	275.923492
-0.000000	-5.247372	-nan	274.841118
-0.000000	-5.237778	-nan	273.761890
-0.000000	-5.228212	-nan	272.685830
-0.000000	-5.218674	-nan	271.612956
-0.000000	-5.209163	-nan	270.543287
-0.000000	-5.199680	-nan	269.476842
-0.000000	-5.190224	-nan	268.413639
-0.000000	-5.180795	-nan	267.353693
-0.000000	-5.171393	-nan	266.297022
-0.000000	-5.162019	-nan	265.243641
-0.000000	-5.152671	-nan	264.193566
-0.000000	-5.143351	-nan	263.146811
-0.000000	-5.134057	-nan	262.103389
-0.000000	-5.124790	-nan	261.063315
-0.000000	-5.115550	-nan	260.026601
-0.000000	-5.106337	-nan	258.993260
-0.000000	-5.097150	-nan	257.963303
-0.000000	-5.087990	-nan	256.936742
-0.000000	-5.078856	-nan	255.913586
-0.000000	-5.069749	-nan	254.893848
-0.000000	-5.060668	-nan	253.877535
-0.000000	-5.051613	-nan	252.864658
-0.000000	-5.042584	-nan	251.855226
-0.000000	-5.033582	-nan	250.849246
-0.000000	-5.024605	-nan	249.846726
-0.000000	-5.015655	-nan	248.847674
-0.000000	-5.006730	-nan	247.852096
-0.000000	-4.997831	-nan	246.859999
-0.000000	-4.988958	-nan	245.871390
-0.000000	-4.980111	-nan	244.886274
-0.000000	-4.971289	-nan	243.904655
-0.000000	-4.962492	-nan	242.926539
-0.000000	-4.953721	-nan	241.951931
-0.000000	-4.944976	-nan	240.980833
-0.000000	-4.936255	-nan	240.013251
-0.000000	-4.927560	-nan	239.049186
-0.000000	-4.918890	-nan	238.088643
-0.000000	-4.910245	-nan	237.131623
-0.000000	-4.901625	-nan	236.178129
-0.000000	-4.893030	-nan	235.228163
-0.000000	-4.884460	-nan	234.281725
-0.000000	-4.875914	-nan	233.338818
-0.000000	-4.867393	-nan	232.399442
-0.000000	-4.858897	-nan	231.463598
-0.000000	-4.850425	-nan	230.531285
-0.000000	-4.841978	-nan	229.602504
-0.000000	-4.833555	-nan	228.677254
-0.000000	-4.825156	-nan	227.755535
-0.000000	-4.816782	-nan	226.837346
-0.000000	-4.808432	-nan	225.922685
-0.000000	-4.800106	-nan	225.011550
-0.000000	-4.791803	-nan	224.103941
-0.000000	-4.783525	-nan	223.199855
-0.000000	-4.775271	-nan	222.299289
-0.000000	-4.767040	-nan	221.402241
-0.000000	-4.758833	-nan	220.508709
-0.000000	-4.750650	-nan	219.618688
-0.000000	-4.742490	-nan	218.732177
-0.000000	-4.734354	-nan	217.849170
-0.000000	-4.726241	-nan	216.969665
-0.000000	-4.718152	-nan	216.093657
-0.000000	-4.710085	-nan	215.221143
-0.000000	-4.702042	-nan	214.352118
-0.000000	-4.694022	-nan	213.486576
-0.000000	-4.686025	-nan	212.624514
-0.000000	-4.678052	-nan	211.765927
-0.000000	-4.670100	-nan	210.910808
-0.000000	-4.662172	-nan	210.059153
-0.000000	-4.654267	-nan	209.210956
-0.000000	-4.646384	-nan	208.366212
-0.000000	-4.638523	-nan	207.524914
-0.000000	-4.630686	-nan	206.687056
-0.000000	-4.622870	-nan	205.852632
-0.000000	-4.615077	-nan	205.021636
-0.000000	-4.607307	-nan	204.194060
-0.000000	-4.599558	-nan	203.369899
-0.000000	-4.591832	-nan	202.549144
-0.000000	-4.584128	-nan	201.731790
-0.000000	-4.576446	-nan	200.917829
-0.000000	-4.568785	-nan	200.107253
-0.000000	-4.561147	-nan	199.300055
-0.000000	-4.553530	-nan	198.496228
-0.000000	-4.545936	-nan	197.695764
-0.000000	-4.538362	-nan	196.898654
-0.000000	-4.530811	-nan	196.104891
-0.000000	-4.523281	-nan	195.314467
-0.000000	-4.515772	-nan	194.527373
-0.000000	-4.508285	-nan	193.743602
-0.000000	-4.500818	-nan	192.963144
-0.000000	-4.493374	-nan	192.185991
-0.000000	-4.485950	-nan	191.412134
-0.000000	-4.478547	-nan	190.641566
-0.000000	-4.471166	-nan	189.874276
-0.000000	-4.463805	-nan	189.110256
-0.000000	-4.456465	-nan	188.349496
-0.000000	-4.449146	-nan	187.591988
-0.000000	-4.441848	-nan	186.837723
-0.000000	-4.434570	-nan	186.086691
-0.000000	-4.427313	-nan	185.338882
-0.000000	-4.420077	-nan	184.594288
-0.000000	-4.412861	-nan	183.852899
-0.000000	-4.405665	-nan	183.114704
-0.000000	-4.398490	-nan	182.379695
-0.000000	-4.391335	-nan	181.647861
-0.000000	-4.384200	-nan	180.919194
-0.000000	-4.377085	-nan	180.193682
-0.000000	-4.369990	-nan	179.471316
-0.000000	-4.362915	-nan	178.752086
-0.000000	-4.355860	-nan	178.035982
-0.000000	-4.348825	-nan	177.322993
-0.000000	-4.341810	-nan	176.613111
-0.000000	-4.334814	-nan	175.906323
-0.000000	-4.327838	-nan	175.202621
-0.000000	-4.320882	-nan	174.501993
-0.000000	-4.313945	-nan	173.804429
-0.000000	-4.307027	-nan	173.109920
-0.000000	-4.300129	-nan	172.418454
-0.000000	-4.293251	-nan	171.730021
-0.000000	-4.286391	-nan	171.044610
-0.000000	-4.279550	-nan	170.362211
-0.000000	-4.272729	-nan	169.682814
-0.000000	-4.265927	-nan	169.006407
-0.000000	-4.259144	-nan	168.332980
-0.000000	-4.252379	-nan	167.662523
-0.000000	-4.245634	-nan	166.995024
-0.000000	-4.238907	-nan	166.330472
-0.000000	-4.232199	-nan	165.668858
-0.000000	-4.225509	-nan	165.010170
-0.000000	-4.218838	-nan	164.354398
-0.000000	-4.212186	-nan	163.701530
-0.000000	-4.205552	-nan	163.051556
-0.000000	-4.198937	-nan	162.404464
-0.000000	-4.192340	-nan	161.760245
-0.000000	-4.185761	-nan	161.118886
-0.000000	-4.179200	-nan	160.480378
-0.000000	-4.172657	-nan	159.844709
-0.000000	-4.166133	-nan	159.211869
-0.000000	-4.159627	-nan	158.581845
-0.000000	-4.153138	-nan	157.954628
-0.000000	-4.146667	-nan	157.330207
-0.000000	-4.140215	-nan	156.708570
-0.000000	-4.133780	-nan	156.089706
-0.000000	-4.127362	-nan	155.473605
-0.000000	-4.120963	-nan	154.860255
-0.000000	-4.114581	-nan	154.249646
-0.000000	-4.108216	-nan	153.641767
-0.000000	-4.101869	-nan	153.036606
-0.000000	-4.095539	-nan	152.434152
-0.000000	-4.089227	-nan	151.834396
-0.000000	-4.082932	-nan	151.237324
-0.000000	-4.076654	-nan	150.642928
-0.000000	-4.070393	-nan	150.051195
-0.000000	-4.064150	-nan	149.462115
-0.000000	-4.057923	-nan	148.875677
-0.000000	-4.051714	-nan	148.291870
-0.000000	-4.045521	-nan	147.710683
-0.000000	-4.039345	-nan	147.132104
-0.000000	-4.033186	-nan	146.556124
-0.000000	-4.027044	-nan	145.982731
-0.000000	-4.020919	-nan	145.411914
-0.000000	-4.014810	-nan	144.843663
-0.000000	-4.008717	-nan	144.277966
-0.000000	-4.002642	-nan	143.714813
-0.000000	-3.996582	-nan	143.154193
-0.000000	-3.990539	-nan	142.596095
-0.000000	-3.984513	-nan	142.040508
-0.000000	-3.978502	-nan	141.487422
-0.000000	-3.972508	-nan	140.936826
-0.000000	-3.966530	-nan	140.388708
-0.000000	-3.960569	-nan	139.843059
-0.000000	-3.954623	-nan	139.299867
-0.000000	-3.948693	-nan	138.759122
-0.000000	-3.942779	-nan	138.220813
-0.000000	-3.936882	-nan	137.684930
-0.000000	-3.931000	-nan	137.151462
-0.000000	-3.925133	-nan	136.620398
-0.000000	-3.919283	-nan	136.091727
-0.000000	-3.913448	-nan	135.565440
-0.000000	-3.907629	-nan	135.041525
-0.000000	-3.901825	-nan	134.519973
-0.000000	-3.896037	-nan	134.000772
-0.000000	-3.890265	-nan	133.483912
-0.000000	-3.884507	-nan	132.969383
-0.000000	-3.878765	-nan	132.457174
-0.000000	-3.873039	-nan	131.947275
-0.000000	-3.867327	-nan	131.439676
-0.000000	-3.861631	-nan	130.934366
-0.000000	-3.855950	-nan	130.431335
-0.000000	-3.850284	-nan	129.930572
-0.000000	-3.844634	-nan	129.432068
-0.000000	-3.838998	-nan	128.935812
-0.000000	-3.833377	-nan	128.441793
-0.000000	-3.827771	-nan	127.950003
-0.000000	-3.822179	-nan	127.460430
-0.000000	-3.816603	-nan	126.973065
-0.000000	-3.811041	-nan	126.487897
-0.000000	-3.805494	-nan	126.004917
-0.000000	-3.799962	-nan	125.524114
-0.000000	-3.794444	-nan	125.045478
-0.000000	-3.788941	-nan	124.569000
-0.000000	-3.783452	-nan	124.094670
-0.000000	-3.777977	-nan	123.622477
-0.000000	-3.772517	-nan	123.152412
-0.000000	-3.767071	-nan	122.684464
-0.000000	-3.761640	-nan	122.218625
-0.000000	-3.756223	-nan	121.754885
-0.000000	-3.750820	-nan	121.293233
-0.000000	-3.745431	-nan	120.833659
-0.000000	-3.740056	-nan	120.376156
-0.000000	-3.734695	-nan	119.920712
-0.000000	-3.729348	-nan	119.467317
-0.000000	-3.724015	-nan	119.015964
-0.000000	-3.718696	-nan	118.566641
-0.000000	-3.713391	-nan	118.119340
-0.000000	-3.708100	-nan	117.674050
-0.000000	-3.702822	-nan	117.230764
-0.000000	-3.697558	-nan	116.789470
-0.000000	-3.692308	-nan	116.350160
-0.000000	-3.687071	-nan	115.912825
-0.000000	-3.681848	-nan	115.477454
-0.000000	-3.676638	-nan	115.044040
-0.000000	-3.671442	-nan	114.612572
-0.000000	-3.666259	-nan	114.183042
-0.000000	-3.661090	-nan	113.755440
-0.000000	-3.655934	-nan	113.329757
-0.000000	-3.650791	-nan	112.905984
-0.000000	-3.645661	-nan	112.484112
-0.000000	-3.640545	-nan	112.064132
-0.000000	-3.635442	-nan	111.646035
-0.000000	-3.630351	-nan	111.229813
-0.000000	-3.625274	-nan	110.815455
-0.000000	-3.620210	-nan	110.402954
-0.000000	-3.615159	-nan	109.992300
-0.000000	-3.610121	-nan	109.583485
-0.000000	-3.605095	-nan	109.176499
-0.000000	-3.600083	-nan	108.771335
-0.000000	-3.595083	-nan	108.367983
-0.000000	-3.590096	-nan	107.966435
-0.000000	-3.585122	-nan	107.566682
-0.000000	-3.580160	-nan	107.168715
-0.000000	-3.575211	-nan	106.772526
-0.000000	-3.570274	-nan	106.378107
-0.000000	-3.565350	-nan	105.985449
-0.000000	-3.560439	-nan	105.594543
-0.000000	-3.555540	-nan	105.205381
-0.000000	-3.550653	-nan	104.817955
-0.000000	-3.545779	-nan	104.432256
-0.000000	-3.540917	-nan	104.048276
-0.000000	-3.536067	-nan	103.666007
-0.000000	-3.531230	-nan	103.285440
-0.000000	-3.526404	-nan	102.906568
-0.000000	-3.521591	-nan	102.529382
-0.000000	-3.516790	-nan	102.153874
-0.000000	-3.512001	-nan	101.780035
-0.000000	-3.507224	-nan	101.407859
-0.000000	-3.502459	-nan	101.037336
-0.000000	-3.497706	-nan	100.668459
-0.000000	-3.492965	-nan	100.301220
-0.000000	-3.488236	-nan	99.935611
-0.000000	-3.483518	-nan	99.571623
-0.000000	-3.478813	-nan	99.209250
-0.000000	-3.474119	-nan	98.848483
-0.000000	-3.469436	-nan	98.489315
-0.000000	-3.464766	-nan	98.131738
-0.000000	-3.460107	-nan	97.775743
-0.000000	-3.455459	-nan	97.421324
-0.000000	-3.450824	-nan	97.068473
-0.000000	-3.446199	-nan	96.717182
-0.000000	-3.441586	-nan	96.367444
-0.000000	-3.436985	-nan	96.019250
-0.000000	-3.432395	-nan	95.672594
-0.000000	-3.427816	-nan	95.327468
-0.000000	-3.423249	-nan	94.983865
-0.000000	-3.418692	-nan	94.641777
-0.000000	-3.414148	-nan	94.301197
-0.000000	-3.409614	-nan	93.962117
-0.000000	-3.405091	-nan	93.624531
-0.000000	-3.400580	-nan	93.288430
-0.000000	-3.396079	-nan	92.953808
-0.000000	-3.391590	-nan	92.620658
-0.000000	-3.387112	-nan	92.288972
-0.000000	-3.382645	-nan	91.958743
-0.000000	-3.378188	-nan	91.629964
-0.000000	-3.373743	-nan	91.302628
-0.000000	-3.369308	-nan	90.976729
-0.000000	-3.364884	-nan	90.652258
-0.000000	-3.360471	-nan	90.329209
-0.000000	-3.356069	-nan	90.007576
-0.000000	-3.351677	-nan	89.687350
-0.000000	-3.347297	-nan	89.368526
-0.000000	-3.342926	-nan	89.051096
-0.000000	-3.338567	-nan	88.735055
-0.000000	-3.334218	-nan	88.420394
-0.000000	-3.329879	-nan	88.107107
-0.000000	-3.325551	-nan	87.795187
-0.000000	-3.321234	-nan	87.484629
-0.000000	-3.316927	-nan	87.175424
-0.000000	-3.312630	-nan	86.867568
-0.000000	-3.308344	-nan	86.561052
-0.000000	-3.304068	-nan	86.255870
-0.000000	-3.299802	-nan	85.952017
-0.000000	-3.295547	-nan	85.649485
-0.000000	-3.291302	-nan	85.348268
-0.000000	-3.287067	-nan	85.048359
-0.000000	-3.282842	-nan	84.749753
-0.000000	-3.278627	-nan	84.452442
-0.000000	-3.274423	-nan	84.156421
-0.000000	-3.270228	-nan	83.861684
-0.000000	-3.266044	-nan	83.568223
-0.000000	-3.261869	-nan	83.276032
-0.000000	-3.257705	-nan	82.985107
-0.000000	-3.253550	-nan	82.695439
-0.000000	-3.249406	-nan	82.407024
-0.000000	-3.245271	-nan	82.119855
-0.000000	-3.241146	-nan	81.833926
-0.000000	-3.237031	-nan	81.549231
-0.000000	-3.232925	-nan	81.265764
-0.000000	-3.228829	-nan	80.983519
-0.000000	-3.224743	-nan	80.702489
-0.000000	-3.220667	-nan	80.422670
-0.000000	-3.216600	-nan	80.144055
-0.000000	-3.212543	-nan	79.866638
-0.000000	-3.208496	-nan	79.590414
-0.000000	-3.204458	-nan	79.315376
-0.000000	-3.200430	-nan	79.041519
-0.000000	-3.196411	-nan	78.768837
-0.000000	-3.192401	-nan	78.497324
-0.000000	-3.188401	-nan	78.226976
-0.000000	-3.184410	-nan	77.957785
-0.000000	-3.180429	-nan	77.689746
-0.000000	-3.176457	-nan	77.422854
-0.000000	-3.172495	-nan	77.157103
-0.000000	-3.168541	-nan	76.892488
-0.000000	-3.164597	-nan	76.629003
-0.000000	-3.160662	-nan	76.366643
-0.000000	-3.156736	-nan	76.105401
-0.000000	-3.152820	-nan	75.845273
-0.000000	-3.148912	-nan	75.586253
-0.000000	-3.145014	-nan	75.328337
-0.000000	-3.141124	-nan	75.071517
-0.000000	-3.137244	-nan	74.815790
-0.000000	-3.133373	-nan	74.561149
-0.000000	-3.129511	-nan	74.307590
-0.000000	-3.125657	-nan	74.055108
-0.000000	-3.121813	-nan	73.803696
-0.000000	-3.117977	-nan	73.553350
-0.000000	-3.114150	-nan	73.304065
-0.000000	-3.110333	-nan	73.055836
-0.000000	-3.106523	-nan	72.808656
-0.000000	-3.102723	-nan	72.562522
-0.000000	-3.098932	-nan	72.317429
-0.000000	-3.095149	-nan	72.073370
-0.000000	-3.091375	-nan	71.830342
-0.000000	-3.087609	-nan	71.588338
-0.000000	-3.083852	-nan	71.347355
-0.000000	-3.080104	-nan	71.107387
-0.000000	-3.076364	-nan	70.868430
-0.000000	-3.072633	-nan	70.630478
-0.000000	-3.068911	-nan	70.393526
-0.000000	-3.065197	-nan	70.157571
-0.000000	-3.061491	-nan	69.922606
-0.000000	-3.057794	-nan	69.688627
-0.000000	-3.054105	-nan	69.455630
-0.000000	-3.050425	-nan	69.223609
-0.000000	-3.046753	-nan	68.992560
-0.000000	-3.043089	-nan	68.762478
-0.000000	-3.039434	-nan	68.533359
-0.000000	-3.035787	-nan	68.305197
-0.000000	-3.032148	-nan	68.077989
-0.000000	-3.028517	-nan	67.851730
-0.000000	-3.024895	-nan	67.626414
-0.000000	-3.021281	-nan	67.402038
-0.000000	-3.017675	-nan	67.178597
-0.000000	-3.014077	-nan	66.956087
-0.000000	-3.010487	-nan	66.734503
-0.000000	-3.006905	-nan	66.513840
-0.000000	-3.003331	-nan	66.294094
-0.000000	-2.999766	-nan	66.075261
-0.000000	-2.996208	-nan	65.857336
-0.000000	-2.992658	-nan	65.640315
-0.000000	-2.989117	-nan	65.424193
-0.000000	-2.985583	-nan	65.208967
-0.000000	-2.982057	-nan	64.994632
-0.000000	-2.978539	-nan	64.781183
-0.000000	-2.975029	-nan	64.568617
-0.000000	-2.971526	-nan	64.356929
-0.000000	-2.968032	-nan	64.146115
-0.000000	-2.964545	-nan	63.936171
-0.000000	-2.961066	-nan	63.727093
-0.000000	-2.957594	-nan	63.518876
-0.000000	-2.954131	-nan	63.311516
-0.000000	-2.950675	-nan	63.105009
-0.000000	-2.947227	-nan	62.899352
-0.000000	-2.943786	-nan	62.694539
-0.000000	-2.940353	-nan	62.490568
-0.000000	-2.936928	-nan	62.287434
-0.000000	-2.933510	-nan	62.085133
-0.000000	-2.930099	-nan	61.883660
-0.000000	-2.926697	-nan	61.683013
-0.000000	-2.923301	-nan	61.483187
-0.000000	-2.919913	-nan	61.284178
-0.000000	-2.916533	-nan	61.085983
-0.000000	-2.913160	-nan	60.888597
-0.000000	-2.909794	-nan	60.692016
-0.000000	-2.906436	-nan	60.496238
-0.000000	-2.903085	-nan	60.301257
-0.000000	-2.899742	-nan	60.107070
-0.000000	-2.896405	-nan	59.913674
-0.000000	-2.893076	-nan	59.721064
-0.000000	-2.889755	-nan	59.529238
-0.000000	-2.886440	-nan	59.338190
-0.000000	-2.883133	-nan	59.147918
-0.000000	-2.879833	-nan	58.958417
-0.000000	-2.876540	-nan	58.769685
-0.000000	-2.873254	-nan	58.581717
-0.000000	-2.869976	-nan	58.394510
-0.000000	-2.866704	-nan	58.208060
-0.000000	-2.863440	-nan	58.022364
-0.000000	-2.860183	-nan	57.837418
-0.000000	-2.856932	-nan	57.653218
-0.000000	-2.853689	-nan	57.469762
-0.000000	-2.850453	-nan	57.287045
-0.000000	-2.847224	-nan	57.105064
-0.000000	-2.844001	-nan	56.923815
-0.000000	-2.840786	-nan	56.743296
-0.000000	-2.837577	-nan	56.563502
-0.000000	-2.834376	-nan	56.384430
-0.000000	-2.831181	-nan	56.206077
-0.000000	-2.827993	-nan	56.028439
-0.000000	-2.824812	-nan	55.851514
-0.000000	-2.821638	-nan	55.675297
-0.000000	-2.818470	-nan	55.499785
-0.000000	-2.815310	-nan	55.324976
-0.000000	-2.812156	-nan	55.150865
-0.000000	-2.809009	-nan	54.977450
-0.000000	-2.805868	-nan	54.804727
-0.000000	-2.802734	-nan	54.632692
-0.000000	-2.799607	-nan	54.461344
-0.000000	-2.796487	-nan	54.290678
-0.000000	-2.793373	-nan	54.120691
-0.000000	-2.790266	-nan	53.951380
-0.000000	-2.787165	-nan	53.782743
-0.000000	-2.784071	-nan	53.614775
-0.000000	-2.780983	-nan	53.447473
-0.000000	-2.777902	-nan	53.280836
-0.000000	-2.774828	-nan	53.114858
-0.000000	-2.771760	-nan	52.949538
-0.000000	-2.768698	-nan	52.784872
-0.000000	-2.765643	-nan	52.620858
-0.000000	-2.762595	-nan	52.457491
-0.000000	-2.759552	-nan	52.294770
-0.000000	-2.756517	-nan	52.132691
-0.000000	-2.753487	-nan	51.971251
-0.000000	-2.750464	-nan	51.810448
-0.000000	-2.747447	-nan	51.650277
-0.000000	-2.744437	-nan	51.490737
-0.000000	-2.741432	-nan	51.331824
-0.000000	-2.738435	-nan	51.173536
-0.000000	-2.735443	-nan	51.015869
-0.000000	-2.732457	-nan	50.858821
-0.000000	-2.729478	-nan	50.702389
-0.000000	-2.726505	-nan	50.546569
-0.000000	-2.723539	-nan	50.391360
-0.000000	-2.720578	-nan	50.236758
-0.000000	-2.717623	-nan	50.082760
-0.000000	-2.714675	-nan	49.929365
-0.000000	-2.711733	-nan	49.776568
-0.000000	-2.708797	-nan	49.624367
-0.000000	-2.705867	-nan	49.472759
-0.000000	-2.702943	-nan	49.321742
-0.000000	-2.700025	-nan	49.171313
-0.000000	-2.697113	-nan	49.021470
-0.000000	-2.694207	-nan	48.872208
-0.000000	-2.691307	-nan	48.723527
-0.000000	-2.688413	-nan	48.575422
-0.000000	-2.685525	-nan	48.427893
-0.000000	-2.682643	-nan	48.280935
-0.000000	-2.679767	-nan	48.134546
-0.000000	-2.676896	-nan	47.988724
-0.000000	-2.674032	-nan	47.843466
-0.000000	-2.671174	-nan	47.698769
-0.000000	-2.668321	-nan	47.554631
-0.000000	-2.665474	-nan	47.411050
-0.000000	-2.662633	-nan	47.268022
-0.000000	-2.659798	-nan	47.125545
-0.000000	-2.656968	-nan	46.983617
-0.000000	-2.654145	-nan	46.842235
-0.000000	-2.651327	-nan	46.701397
-0.000000	-2.648515	-nan	46.561100
-0.000000	-2.645708	-nan	46.421342
-0.000000	-2.642907	-nan	46.282120
-0.000000	-2.640112	-nan	46.143432
-0.000000	-2.637323	-nan	46.005275
-0.000000	-2.634539	-nan	45.867648
-0.000000	-2.631761	-nan	45.730546
-0.000000	-2.628988	-nan	45.593969
-0.000000	-2.626221	-nan	45.457914
-0.000000	-2.623460	-nan	45.322378
-0.000000	-2.620704	-nan	45.187360
-0.000000	-2.617954	-nan	45.052856
-0.000000	-2.615209	-nan	44.918864
-0.000000	-2.612470	-nan	44.785382
-0.000000	-2.609736	-nan	44.652408
-0.000000	-2.607008	-nan	44.519940
-0.000000	-2.604286	-nan	44.387975
-0.000000	-2.601568	-nan	44.256510
-0.000000	-2.598856	-nan	44.125544
-0.000000	-2.596150	-nan	43.995075
-0.000000	-2.593449	-nan	43.865099
-0.000000	-2.590754	-nan	43.735616
-0.000000	-2.588063	-nan	43.606622
-0.000000	-2.585378	-nan	43.478116
-0.000000	-2.582699	-nan	43.350095
-0.000000	-2.580025	-nan	43.222557
-0.000000	-2.577356	-nan	43.095500
-0.000000	-2.574692	-nan	42.968921
-0.000000	-2.572034	-nan	42.842819
-0.000000	-2.569381	-nan	42.717192
-0.000000	-2.566733	-nan	42.592037
-0.000000	-2.564091	-nan	42.467352
-0.000000	-2.561454	-nan	42.343136
-0.000000	-2.558822	-nan	42.219385
-0.000000	-2.556195	-nan	42.096098
-0.000000	-2.553573	-nan	41.973273
-0.000000	-2.550956	-nan	41.850908
-0.000000	-2.548345	-nan	41.729000
-0.000000	-2.545739	-nan	41.607549
-0.000000	-2.543138	-nan	41.486550
-0.000000	-2.540542	-nan	41.366004
-0.000000	-2.537951	-nan	41.245907
-0.000000	-2.535365	-nan	41.126258
-0.000000	-2.532784	-nan	41.007054
-0.000000	-2.530209	-nan	40.888294
-0.000000	-2.527638	-nan	40.769975
-0.000000	-2.525072	-nan	40.652096
-0.000000	-2.522512	-nan	40.534655
-0.000000	-2.519956	-nan	40.417650
-0.000000	-2.517406	-nan	40.301078
-0.000000	-2.514860	-nan	40.184938
-0.000000	-2.512319	-nan	40.069229
-0.000000	-2.509783	-nan	39.953947
-0.000000	-2.507253	-nan	39.839092
-0.000000	-2.504727	-nan	39.724661
-0.000000	-2.502206	-nan	39.610653
-0.000000	-2.499689	-nan	39.497065
-0.000000	-2.497178	-nan	39.383895
-0.000000	-2.494672	-nan	39.271143
-0.000000	-2.492170	-nan	39.158806
-0.000000	-2.489673	-nan	39.046881
-0.000000	-2.487182	-nan	38.935369
-0.000000	-2.484694	-nan	38.824265
-0.000000	-2.482212	-nan	38.713570
-0.000000	-2.479735	-nan	38.603280
-0.000000	-2.477262	-nan	38.493395
-0.000000	-2.474794	-nan	38.383912
-0.000000	-2.472330	-nan	38.274830
-0.000000	-2.469872	-nan	38.166147
-0.000000	-2.467418	-nan	38.057860
-0.000000	-2.464969	-nan	37.949970
-0.000000	-2.462524	-nan	37.842472
-0.000000	-2.460085	-nan	37.735367
-0.000000	-2.457649	-nan	37.628652
-0.000000	-2.455219	-nan	37.522326
-0.000000	-2.452793	-nan	37.416386
-0.000000	-2.450372	-nan	37.310832
-0.000000	-2.447955	-nan	37.205660
-0.000000	-2.445543	-nan	37.100871
-0.000000	-2.443136	-nan	36.996462
-0.000000	-2.440733	-nan	36.892431
-0.000000	-2.438334	-nan	36.788778
-0.000000	-2.435941	-nan	36.685499
-0.000000	-2.433551	-nan	36.582594
-0.000000	-2.431167	-nan	36.480060
-0.000000	-2.428787	-nan	36.377897
-0.000000	-2.426411	-nan	36.276103
-0.000000	-2.424040	-nan	36.174676
-0.000000	-2.421673	-nan	36.073615
-0.000000	-2.419311	-nan	35.972917
-0.000000	-2.416953	-nan	35.872582
-0.000000	-2.414599	-nan	35.772607
-0.000000	-2.412250	-nan	35.672992
-0.000000	-2.409906	-nan	35.573734
-0.000000	-2.407566	-nan	35.474833
-0.000000	-2.405230	-nan	35.376286
-0.000000	-2.402898	-nan	35.278092
-0.000000	-2.400571	-nan	35.180250
-0.000000	-2.398249	-nan	35.082757
-0.000000	-2.395930	-nan	34.985614
-0.000000	-2.393616	-nan	34.888817
-0.000000	-2.391307	-nan	34.792366
-0.000000	-2.389001	-nan	34.696258
-0.000000	-2.386700	-nan	34.600494
-0.000000	-2.384403	-nan	34.505070
-0.000000	-2.382111	-nan	34.409987
-0.000000	-2.379823	-nan	34.315241
-0.000000	-2.377539	-nan	34.220832
-0.000000	-2.375259	-nan	34.126758
-0.000000	-2.372983	-nan	34.033019
-0.000000	-2.370712	-nan	33.939611
-0.000000	-2.368445	-nan	33.846535
-0.000000	-2.366182	-nan	33.753788
-0.000000	-2.363923	-nan	33.661370
-0.000000	-2.361668	-nan	33.569278
-0.000000	-2.359418	-nan	33.477512
-0.000000	-2.357172	-nan	33.386070
-0.000000	-2.354929	-nan	33.294950
-0.000000	-2.352691	-nan	33.204151
-0.000000	-2.350457	-nan	33.113673
-0.000000	-2.348228	-nan	33.023513
-0.000000	-2.346002	-nan	32.933670
-0.000000	-2.343780	-nan	32.844143
-0.000000	-2.341563	-nan	32.754931
-0.000000	-2.339349	-nan	32.666032
-0.000000	-2.337140	-nan	32.577444
-0.000000	-2.334934	-nan	32.489167
-0.000000	-2.332733	-nan	32.401200
-0.000000	-2.330535	-nan	32.313540
-0.000000	-2.328342	-nan	32.226187
-0.000000	-2.326153	-nan	32.139139
-0.000000	-2.323967	-nan	32.052395
-0.000000	-2.321786	-nan	31.965954
-0.000000	-2.319608	-nan	31.879815
-0.000000	-2.317435	-nan	31.793975
-0.000000	-2.315265	-nan	31.708435
-0.000000	-2.313100	-nan	31.623192
-0.000000	-2.310938	-nan	31.538246
-0.000000	-2.308780	-nan	31.453594
-0.000000	-2.306626	-nan	31.369237
-0.000000	-2.304476	-nan	31.285173
-0.000000	-2.302330	-nan	31.201400
-0.000000	-2.300188	-nan	31.117917
-0.000000	-2.298050	-nan	31.034723
-0.000000	-2.295915	-nan	30.951817
-0.000000	-2.293784	-nan	30.869198
-0.000000	-2.291657	-nan	30.786864
-0.000000	-2.289534	-nan	30.704815
-0.000000	-2.287415	-nan	30.623048
-0.000000	-2.285300	-nan	30.541564
-0.000000	-2.283188	-nan	30.460360
-0.000000	-2.281080	-nan	30.379436
-0.000000	-2.278976	-nan	30.298790
-0.000000	-2.276876	-nan	30.218421
-0.000000	-2.274779	-nan	30.138328
-0.000000	-2.272687	-nan	30.058510
-0.000000	-2.270597	-nan	29.978966
-0.000000	-2.268512	-nan	29.899695
-0.000000	-2.266430	-nan	29.820695
-0.000000	-2.264352	-nan	29.741966
-0.000000	-2.262278	-nan	29.663506
-0.000000	-2.260208	-nan	29.585313
-0.000000	-2.258141	-nan	29.507388
-0.000000	-2.256078	-nan	29.429729
-0.000000	-2.254018	-nan	29.352335
-0.000000	-2.251962	-nan	29.275205
-0.000000	-2.249910	-nan	29.198337
-0.000000	-2.247861	-nan	29.121731
-0.000000	-2.245816	-nan	29.045385
-0.000000	-2.243775	-nan	28.969299
-0.000000	-2.241737	-nan	28.893471
-0.000000	-2.239703	-nan	28.817900
-0.000000	-2.237672	-nan	28.742586
-0.000000	-2.235645	-nan	28.667527
-0.000000	-2.233621	-nan	28.592722
-0.000000	-2.231601	-nan	28.518170
-0.000000	-2.229585	-nan	28.443870
-0.000000	-2.227572	-nan	28.369821
-0.000000	-2.225563	-nan	28.296022
-0.000000	-2.223557	-nan	28.222472
-0.000000	-2.221555	-nan	28.149170
-0.000000	-2.219556	-nan	28.076115
-0.000000	-2.217561	-nan	28.003306
-0.000000	-2.215569	-nan	27.930742
-0.000000	-2.213580	-nan	27.858422
-0.000000	-2.211596	-nan	27.786345
-0.000000	-2.209614	-nan	27.714510
-0.000000	-2.207636	-nan	27.642915
-0.000000	-2.205662	-nan	27.571561
-0.000000	-2.203690	-nan	27.500446
-0.000000	-2.201723	-nan	27.429569
-0.000000	-2.199758	-nan	27.358928
-0.000000	-2.197798	-nan	27.288524
-0.000000	-2.195840	-nan	27.218356
-0.000000	-2.193886	-nan	27.148421
-0.000000	-2.191935	-nan	27.078720
-0.000000	-2.189988	-nan	27.009250
-0.000000	-2.188044	-nan	26.940013
-0.000000	-2.186103	-nan	26.871006
-0.000000	-2.184166	-nan	26.802228
-0.000000	-2.182232	-nan	26.733679
-0.000000	-2.180302	-nan	26.665357
-0.000000	-2.178374	-nan	26.597262
-0.000000	-2.176450	-nan	26.529394
-0.000000	-2.174530	-nan	26.461750
-0.000000	-2.172612	-nan	26.394330
-0.000000	-2.170698	-nan	26.327133
-0.000000	-2.168787	-nan	26.260158
-0.000000	-2.166880	-nan	26.193405
-0.000000	-2.164975	-nan	26.126872
-0.000000	-2.163074	-nan	26.060559
-0.000000	-2.161177	-nan	25.994464
-0.000000	-2.159282	-nan	25.928587
-0.000000	-2.157391	-nan	25.862927
-0.000000	-2.155503	-nan	25.797484
-0.000000	-2.153618	-nan	25.732255
-0.000000	-2.151736	-nan	25.667241
-0.000000	-2.149858	-nan	25.602440
-0.000000	-2.147982	-nan	25.537852
-0.000000	-2.146110	-nan	25.473476
-0.000000	-2.144241	-nan	25.409310
-0.000000	-2.142376	-nan	25.345355
-0.000000	-2.140513	-nan	25.281609
-0.000000	-2.138654	-nan	25.218071
-0.000000	-2.136797	-nan	25.154741
-0.000000	-2.134944	-nan	25.091618
-0.000000	-2.133094	-nan	25.028701
-0.000000	-2.131247	-nan	24.965989
-0.000000	-2.129403	-nan	24.903481
-0.000000	-2.127563	-nan	24.841176
-0.000000	-2.125725	-nan	24.779075
-0.000000	-2.123890	-nan	24.717175
-0.000000	-2.122059	-nan	24.655477
-0.000000	-2.120231	-nan	24.593979
-0.000000	-2.118405	-nan	24.532680
-0.000000	-2.116583	-nan	24.471580
-0.000000	-2.114764	-nan	24.410678
-0.000000	-2.112948	-nan	24.349973
-0.000000	-2.111135	-nan	24.289465
-0.000000	-2.109325	-nan	24.229152
-0.000000	-2.107518	-nan	24.169034
-0.000000	-2.105714	-nan	24.109111
-0.000000	-2.103913	-nan	24.049380
-0.000000	-2.102115	-nan	23.989842
-0.000000	-2.100320	-nan	23.930496
-0.000000	-2.098528	-nan	23.871341
-0.000000	-2.096738	-nan	23.812377
-0.000000	-2.094952	-nan	23.753601
-0.000000	-2.093169	-nan	23.695015
-0.000000	-2.091389	-nan	23.636617
-0.000000	-2.089612	-nan	23.578406
-0.000000	-2.087838	-nan	23.520382
-0.000000	-2.086066	-nan	23.462544
-0.000000	-2.084298	-nan	23.404891
-0.000000	-2.082532	-nan	23.347422
-0.000000	-2.080770	-nan	23.290137
-0.000000	-2.079010	-nan	23.233035
-0.000000	-2.077253	-nan	23.176116
-0.000000	-2.075500	-nan	23.119378
-0.000000	-2.073749	-nan	23.062820
-0.000000	-2.072000	-nan	23.006444
-0.000000	-2.070255	-nan	22.950246
-0.000000	-2.068513	-nan	22.894227
-0.000000	-2.066773	-nan	22.838387
-0.000000	-2.065037	-nan	22.782724
-0.000000	-2.063303	-nan	22.727237
-0.000000	-2.061572	-nan	22.671927
-0.000000	-2.059844	-nan	22.616792
-0.000000	-2.058118	-nan	22.561832
-0.000000	-2.056396	-nan	22.507045
-0.000000	-2.054676	-nan	22.452432
-0.000000	-2.052959	-nan	22.397992
-0.000000	-2.051245	-nan	22.343724
-0.000000	-2.049534	-nan	22.289627
-0.000000	-2.047826	-nan	22.235701
-0.000000	-2.046120	-nan	22.181944
-0.000000	-2.044417	-nan	22.128358
-0.000000	-2.042717	-nan	22.074939
-0.000000	-2.041019	-nan	22.021689
-0.000000	-2.039325	-nan	21.968607
-0.000000	-2.037633	-nan	21.915691
-0.000000	-2.035943	-nan	21.862941
-0.000000	-2.034257	-nan	21.810357
-0.000000	-2.032573	-nan	21.757938
-0.000000	-2.030892	-nan	21.705683
-0.000000	-2.029214	-nan	21.653591
-0.000000	-2.027538	-nan	21.601663
-0.000000	-2.025865	-nan	21.549897
-0.000000	-2.024195	-nan	21.498292
-0.000000	-2.022528	-nan	21.446849
-0.000000	-2.020863	-nan	21.395567
-0.000000	-2.019201	-nan	21.344444
-0.000000	-2.017541	-nan	21.293481
-0.000000	-2.015884	-nan	21.242676
-0.000000	-2.014230	-nan	21.192029
-0.000000	-2.012579	-nan	21.141540
-0.000000	-2.010930	-nan	21.091208
-0.000000	-2.009284	-nan	21.041032
-0.000000	-2.007640	-nan	20.991012
-0.000000	-2.005999	-nan	20.941147
-0.000000	-2.004361	-nan	20.891436
-0.000000	-2.002725	-nan	20.841880
-0.000000	-2.001092	-nan	20.792476
-0.000000	-1.999461	-nan	20.743226
-0.000000	-1.997833	-nan	20.694128
-0.000000	-1.996208	-nan	20.645181
-0.000000	-1.994585	-nan	20.596386
-0.000000	-1.992965	-nan	20.547741
-0.000000	-1.991347	-nan	20.499246
-0.000000	-1.989732	-nan	20.450900
-0.000000	-1.988120	-nan	20.402703
-0.000000	-1.986510	-nan	20.354654
-0.000000	-1.984903	-nan	20.306753
-0.000000	-1.983298	-nan	20.259000
-0.000000	-1.981695	-nan	20.211392
-0.000000	-1.980096	-nan	20.163931
-0.000000	-1.978498	-nan	20.116615
-0.000000	-1.976904	-nan	20.069445
-0.000000	-1.975311	-nan	20.022418
-0.000000	-1.973722	-nan	19.975536
-0.000000	-1.972134	-nan	19.928797
-0.000000	-1.970550	-nan	19.882200
-0.000000	-1.968967	-nan	19.835746
-0.000000	-1.967388	-nan	19.789434
-0.000000	-1.965810	-nan	19.743262
-0.000000	-1.964235	-nan	19.697232
-0.000000	-1.962663	-nan	19.651341
-0.000000	-1.961093	-nan	19.605591
-0.000000	-1.959526	-nan	19.559979
-0.000000	-1.957961	-nan	19.514506
-0.000000	-1.956398	-nan	19.469171
-0.000000	-1.954838	-nan	19.423973
-0.000000	-1.953281	-nan	19.378913
-0.000000	-1.951725	-nan	19.333989
-0.000000	-1.950172	-nan	19.289201
-0.000000	-1.948622	-nan	19.244549
-0.000000	-1.947074	-nan	19.200032
-0.000000	-1.945528	-nan	19.155649
-0.000000	-1.943985	-nan	19.111400
-0.000000	-1.942444	-nan	19.067285
-0.000000	-1.940906	-nan	19.023303
-0.000000	-1.939370	-nan	18.979454
-0.000000	-1.937836	-nan	18.935736
-0.000000	-1.936305	-nan	18.892150
-0.000000	-1.934776	-nan	18.848696
-0.000000	-1.933250	-nan	18.805371
-0.000000	-1.931725	-nan	18.762177
-0.000000	-1.930204	-nan	18.719113
-0.000000	-1.928684	-nan	18.676178
-0.000000	-1.927167	-nan	18.633371
-0.000000	-1.925652	-nan	18.590693
-0.000000	-1.924140	-nan	18.548143
-0.000000	-1.922629	-nan	18.505720
-0.000000	-1.921122	-nan	18.463423
-0.000000	-1.919616	-nan	18.421253
-0.000000	-1.918113	-nan	18.379209
-0.000000	-1.916612	-nan	18.337291
-0.000000	-1.915113	-nan	18.295497
-0.000000	-1.913617	-nan	18.253828
-0.000000	-1.912123	-nan	18.212283
-0.000000	-1.910631	-nan	18.170862
-0.000000	-1.909142	-nan	18.129563
-0.000000	-1.907655	-nan	18.088388
-0.000000	-1.906170	-nan	18.047335
-0.000000	-1.904687	-nan	18.006403
-0.000000	-1.903207	-nan	17.965593
-0.000000	-1.901728	-nan	17.924904
-0.000000	-1.900252	-nan	17.884336
-0.000000	-1.898779	-nan	17.843888
-0.000000	-1.897307	-nan	17.803559
-0.000000	-1.895838	-nan	17.763349
-0.000000	-1.894371	-nan	17.723259
-0.000000	-1.892906	-nan	17.683286
-0.000000	-1.891444	-nan	17.643432
-0.000000	-1.889984	-nan	17.603695
-0.000000	-1.888525	-nan	17.564075
-0.000000	-1.887069	-nan	17.524572
-0.000000	-1.885616	-nan	17.485185
-0.000000	-1.884164	-nan	17.445913
-0.000000	-1.882715	-nan	17.406758
-0.000000	-1.881268	-nan	17.367717
-0.000000	-1.879823	-nan	17.328790
-0.000000	-1.878380	-nan	17.289978
-0.000000	-1.876939	-nan	17.251280
-0.000000	-1.875501	-nan	17.212695
-0.000000	-1.874065	-nan	17.174223
-0.000000	-1.872630	-nan	17.135863
-0.000000	-1.871198	-nan	17.097616
-0.000000	-1.869769	-nan	17.059480
-0.000000	-1.868341	-nan	17.021456
-0.000000	-1.866915	-nan	16.983542
-0.000000	-1.865492	-nan	16.945739
-0.000000	-1.864071	-nan	16.908046
-0.000000	-1.862651	-nan	16.870463
-0.000000	-1.861234	-nan	16.832989
-0.000000	-1.859819	-nan	16.795625
-0.000000	-1.858406	-nan	16.758368
-0.000000	-1.856996	-nan	16.721220
-0.000000	-1.855587	-nan	16.684180
-0.000000	-1.854180	-nan	16.647247
-0.000000	-1.852776	-nan	16.610422
-0.000000	-1.851374	-nan	16.573702
-0.000000	-1.849973	-nan	16.537089
-0.000000	-1.848575	-nan	16.500583
-0.000000	-1.847179	-nan	16.464181
-0.000000	-1.845785	-nan	16.427885
-0.000000	-1.844393	-nan	16.391693
-0.000000	-1.843003	-nan	16.355606
-0.000000	-1.841615	-nan	16.319623
-0.000000	-1.840229	-nan	16.283744
-0.000000	-1.838845	-nan	16.247967
-0.000000	-1.837463	-nan	16.212294
-0.000000	-1.836084	-nan	16.176724
-0.000000	-1.834706	-nan	16.141255
-0.000000	-1.833330	-nan	16.105889
-0.000000	-1.831956	-nan	16.070624
-0.000000	-1.830585	-nan	16.035460
-0.000000	-1.829215	-nan	16.000397
-0.000000	-1.827848	-nan	15.965434
-0.000000	-1.826482	-nan	15.930571
-0.000000	-1.825118	-nan	15.895808
-0.000000	-1.823757	-nan	15.861145
-0.000000	-1.822397	-nan	15.826580
-0.000000	-1.821039	-nan	15.792114
-0.000000	-1.819684	-nan	15.757747
-0.000000	-1.818330	-nan	15.723477
-0.000000	-1.816978	-nan	15.689305
-0.000000	-1.815629	-nan	15.655231
-0.000000	-1.814281	-nan	15.621253
-0.000000	-1.812935	-nan	15.587372
-0.000000	-1.811591	-nan	15.553587
-0.000000	-1.810249	-nan	15.519899
-0.000000	-1.808909	-nan	15.486306
-0.000000	-1.807571	-nan	15.452808
-0.000000	-1.806235	-nan	15.419405
-0.000000	-1.804901	-nan	15.386097
-0.000000	-1.803569	-nan	15.352883
-0.000000	-1.802239	-nan	15.319763
-0.000000	-1.800910	-nan	15.286736
-0.000000	-1.799584	-nan	15.253803
-0.000000	-1.798259	-nan	15.220963
-0.000000	-1.796937	-nan	15.188216
-0.000000	-1.795616	-nan	15.155561
-0.000000	-1.794297	-nan	15.122998
-0.000000	-1.792980	-nan	15.090526
-0.000000	-1.791666	-nan	15.058147
-0.000000	-1.790352	-nan	15.025858
-0.000000	-1.789041	-nan	14.993660
-0.000000	-1.787732	-nan	14.961552
-0.000000	-1.786425	-nan	14.929535
-0.000000	-1.785119	-nan	14.897607
-0.000000	-1.783815	-nan	14.865769
-0.000000	-1.782513	-nan	14.834020
-0.000000	-1.781214	-nan	14.802360
-0.000000	-1.779915	-nan	14.770788
-0.000000	-1.778619	-nan	14.739305
-0.000000	-1.777325	-nan	14.707910
-0.000000	-1.776032	-nan	14.676603
-0.000000	-1.774742	-nan	14.645383
-0.000000	-1.773453	-nan	14.614250
-0.000000	-1.772166	-nan	14.583204
-0.000000	-1.770881	-nan	14.552244
-0.000000	-1.769597	-nan	14.521370
-0.000000	-1.768316	-nan	14.490583
-0.000000	-1.767036	-nan	14.459881
-0.000000	-1.765758	-nan	14.429264
-0.000000	-1.764482	-nan	14.398733
-0.000000	-1.763208	-nan	14.368286
-0.000000	-1.761936	-nan	14.337923
-0.000000	-1.760665	-nan	14.307645
-0.000000	-1.759396	-nan	14.277451
-0.000000	-1.758129	-nan	14.247340
-0.000000	-1.756864	-nan	14.217312
-0.000000	-1.755600	-nan	14.187368
-0.000000	-1.754339	-nan	14.157506
-0.000000	-1.753079	-nan	14.127727
-0.000000	-1.751821	-nan	14.098030
-0.000000	-1.750564	-nan	14.068414
-0.000000	-1.749310	-nan	14.038881
-0.000000	-1.748057	-nan	14.009428
-0.000000	-1.746806	-nan	13.980057
-0.000000	-1.745557	-nan	13.950767
-0.000000	-1.744309	-nan	13.921557
-0.000000	-1.743063	-nan	13.892427
-0.000000	-1.741819	-nan	13.863378
-0.000000	-1.740577	-nan	13.834408
-0.000000	-1.739336	-nan	13.805517
-0.000000	-1.738098	-nan	13.776706
-0.000000	-1.736861	-nan	13.747974
-0.000000	-1.735625	-nan	13.719320
-0.000000	-1.734392	-nan	13.690744
-0.000000	-1.733160	-nan	13.662247
-0.000000	-1.731929	-nan	13.633828
-0.000000	-1.730701	-nan	13.605486
-0.000000	-1.729474	-nan	13.577221
-0.000000	-1.728249	-nan	13.549034
-0.000000	-1.727026	-nan	13.520923
-0.000000	-1.725804	-nan	13.492889
-0.000000	-1.724584	-nan	13.464931
-0.000000	-1.723366	-nan	13.437050
-0.000000	-1.722150	-nan	13.409244
-0.000000	-1.720935	-nan	13.381513
-0.000000	-1.719722	-nan	13.353858
-0.000000	-1.718510	-nan	13.326278
-0.000000	-1.717300	-nan	13.298773
-0.000000	-1.716092	-nan	13.271342
-0.000000	-1.714886	-nan	13.243986
-0.000000	-1.713681	-nan	13.216703
-0.000000	-1.712478	-nan	13.189494
-0.000000	-1.711276	-nan	13.162359
-0.000000	-1.710076	-nan	13.135297
-0.000000	-1.708878	-nan	13.108309
-0.000000	-1.707682	-nan	13.081393
-0.000000	-1.706487	-nan	13.054549
-0.000000	-1.705294	-nan	13.027778
-0.000000	-1.704102	-nan	13.001079
-0.000000	-1.702912	-nan	12.974452
-0.000000	-1.701724	-nan	12.947897
-0.000000	-1.700537	-nan	12.921413
-0.000000	-1.699352	-nan	12.895000
-0.000000	-1.698169	-nan	12.868657
-0.000000	-1.696987	-nan	12.842386
-0.000000	-1.695807	-nan	12.816185
-0.000000	-1.694628	-nan	12.790054
-0.000000	-1.693451	-nan	12.763994
-0.000000	-1.692276	-nan	12.738003
-0.000000	-1.691102	-nan	12.712081
-0.000000	-1.689930	-nan	12.686229
-0.000000	-1.688759	-nan	12.660446
-0.000000	-1.687590	-nan	12.634731
-0.000000	-1.686423	-nan	12.609086
-0.000000	-1.685257	-nan	12.583508
-0.000000	-1.684093	-nan	12.557999
-0.000000	-1.682930	-nan	12.532558
-0.000000	-1.681769	-nan	12.507184
-0.000000	-1.680610	-nan	12.481878
-0.000000	-1.679452	-nan	12.456640
-0.000000	-1.678295	-nan	12.431468
-0.000000	-1.677141	-nan	12.406363
-0.000000	-1.675987	-nan	12.381325
-0.000000	-1.674836	-nan	12.356353
-0.000000	-1.673686	-nan	12.331447
-0.000000	-1.672537	-nan	12.306607
-0.000000	-1.671390	-nan	12.281833
-0.000000	-1.670245	-nan	12.257125
-0.000000	-1.669101	-nan	12.232482
-0.000000	-1.667959	-nan	12.207904
-0.000000	-1.666818	-nan	12.183390
-0.000000	-1.665679	-nan	12.158942
-0.000000	-1.664541	-nan	12.134558
-0.000000	-1.663405	-nan	12.110238
-0.000000	-1.662270	-nan	12.085982
-0.000000	-1.661137	-nan	12.061791
-0.000000	-1.660005	-nan	12.037662
-0.000000	-1.658875	-nan	12.013598
-0.000000	-1.657746	-nan	11.989596
-0.000000	-1.656619	-nan	11.965658
-0.000000	-1.655494	-nan	11.941782
-0.000000	-1.654370	-nan	11.917969
-0.000000	-1.653247	-nan	11.894218
-0.000000	-1.652126	-nan	11.870530
-0.000000	-1.651006	-nan	11.846903
-0.000000	-1.649888	-nan	11.823339
-0.000000	-1.648772	-nan	11.799836
-0.000000	-1.647657	-nan	11.776394
-0.000000	-1.646543	-nan	11.753014
-0.000000	-1.645431	-nan	11.729695
-0.000000	-1.644320	-nan	11.706436
-0.000000	-1.643211	-nan	11.683238
-0.000000	-1.642103	-nan	11.660101
-0.000000	-1.640997	-nan	11.637024
-0.000000	-1.639892	-nan	11.614006
-0.000000	-1.638789	-nan	11.591049
-0.000000	-1.637687	-nan	11.568151
-0.000000	-1.636587	-nan	11.545313
-0.000000	-1.635488	-nan	11.522534
-0.000000	-1.634390	-nan	11.499815
-0.000000	-1.633294	-nan	11.477154
-0.000000	-1.632200	-nan	11.454552
-0.000000	-1.631106	-nan	11.432008
-0.000000	-1.630015	-nan	11.409523
-0.000000	-1.628924	-nan	11.387096
-0.000000	-1.627836	-nan	11.364726
-0.000000	-1.626748	-nan	11.342415
-0.000000	-1.625662	-nan	11.320161
-0.000000	-1.624578	-nan	11.297965
-0.000000	-1.623495	-nan	11.275826
-0.000000	-1.622413	-nan	11.253744
-0.000000	-1.621333	-nan	11.231719
-0.000000	-1.620254	-nan	11.209750
-0.000000	-1.619176	-nan	11.187838
-0.000000	-1.618100	-nan	11.165983
-0.000000	-1.617026	-nan	11.144183
-0.000000	-1.615952	-nan	11.122440
-0.000000	-1.614881	-nan	11.100752
-0.000000	-1.613810	-nan	11.079120
-0.000000	-1.612741	-nan	11.057543
-0.000000	-1.611674	-nan	11.036022
-0.000000	-1.610607	-nan	11.014556
-0.000000	-1.609542	-nan	10.993144
-0.000000	-1.608479	-nan	10.971788
-0.000000	-1.607417	-nan	10.950486
-0.000000	-1.606356	-nan	10.929238
-0.000000	-1.605297	-nan	10.908045
-0.000000	-1.604239	-nan	10.886906
-0.000000	-1.603182	-nan	10.865820
-0.000000	-1.602127	-nan	10.844789
-0.000000	-1.601073	-nan	10.823811
-0.000000	-1.600021	-nan	10.802886
-0.000000	-1.598970	-nan	10.782014
-0.000000	-1.597920	-nan	10.761196
-0.000000	-1.596872	-nan	10.740431
-0.000000	-1.595825	-nan	10.719718
-0.000000	-1.594779	-nan	10.699058
-0.000000	-1.593735	-nan	10.678450
-0.000000	-1.592692	-nan	10.657894
-0.000000	-1.591650	-nan	10.637391
-0.000000	-1.590610	-nan	10.616939
-0.000000	-1.589571	-nan	10.596539
-0.000000	-1.588533	-nan	10.576191
-0.000000	-1.587497	-nan	10.555894
-0.000000	-1.586462	-nan	10.535648
-0.000000	-1.585429	-nan	10.515454
-0.000000	-1.584396	-nan	10.495310
-0.000000	-1.583365	-nan	10.475217
-0.000000	-1.582336	-nan	10.455175
-0.000000	-1.581307	-nan	10.435183
-0.000000	-1.580280	-nan	10.415242
-0.000000	-1.579255	-nan	10.395351
-0.000000	-1.578230	-nan	10.375509
