1.72633
4.23552
4.73604
4.95046
1.57738
3.35243
7.11794
2.53422
2.22472
2.32919
2.83145
1.4864
6.32554
7.7527
2.14556
4.23637
1.98272
17.7734
19.521
3.09316
4.41097
2.15567
2.54928
1.6666
2.2769
3.5691
2.44716
1.87536
2.14149
6.08541
12.2656
2.99213
8.08129
2.09499
11.2408
2.20263
7.79389
1.00789
7.47566
1.53179
1.66968
3.52784
4.84591
4.28281
2.68803
4.13942
14.8093
2.95469
1.09096
10.6529
2.62126
2.34869
6.1957
4.06546
3.40715
11.7343
2.95039
3.71004
1.46154
1.93792
4.34326
1.49067
1.86061
7.41359
14.2357
6.03649
2.77329
1.44944
1.17264
2.16448
2.88877
4.14218
6.0164
1.62595
4.87467
2.25368
2.56408
5.07065
2.77856
3.32201
3.59802
1.36386
3.36652
1.39678
3.86065
2.51855
1.88504
3.22321
2.03614
5.72972
0.852385
8.65239
11.3247
2.61395
1.60005
1.26392
2.64318
7.15174
2.23544
1.15468
1.58611
15.1913
2.29227
2.46235
4.56446
3.43866
1.79412
6.88741
3.4841
2.70003
5.91973
1.76696
10.8408
2.65609
1.54865
4.49823
2.89586
3.74524
3.42754
3.69834
2.26059
3.58823
2.9321
8.08586
2.22105
4.43204
1.32155
1.7411
1.92989
1.91708
2.97343
0.785823
3.79899
2.06729
3.92691
14.8867
4.88892
3.93394
3.09346
3.85909
2.44116
13.5867
5.91914
1.67655
4.86445
4.89626
2.03736
0.845539
0.925567
1.91812
2.70849
3.19597
3.25593
4.13632
1.25075
4.52922
2.93204
9.4111
6.39103
6.66097
4.64716
0.996891
8.83425
8.61649
1.47209
3.46215
5.89587
2.99316
4.0532
5.45802
1.42632
2.42573
3.38713
2.87348
14.2938
3.59968
16.3901
9.59058
3.09102
3.39001
7.16405
13.6339
2.81516
2.25183
5.67641
3.4968
3.35875
3.43806
3.0648
1.28268
1.5451
0.806823
1.03305
9.01492
1.80499
4.22856
4.35438
1.99979
3.43538
6.87518
4.59654
2.18004
3.0027
4.00895
2.30707
2.26968
2.16436
9.12592
1.73817
3.21173
2.78104
7.00536
7.23933
1.88496
12.1057
3.34622
21.316
6.88615
3.47805
5.44826
5.01158
3.93142
1.01571
18.7351
4.94538
1.81245
4.41903
4.17679
3.06553
10.496
3.17385
5.4378
4.33154
5.38414
2.51072
4.56202
2.5673
7.56127
16.969
0.903972
6.14801
17.83
3.5389
1.12294
4.44798
5.69117
21.5388
9.30593
5.32443
5.20433
1.77604
4.9858
2.96036
4.76268
19.7134
1.83864
1.65066
4.2366
15.2821
4.59467
5.02702
2.34454
6.30912
3.85402
2.33206
3.18649
2.93949
4.53357
2.70956
11.3912
3.21257
2.2001
3.31264
2.82108
2.62082
0.535134
7.10567
0.830936
7.60349
3.71588
7.09404
4.82402
4.36915
2.62247
2.01249
2.04943
2.60719
2.90545
2.02951
3.63703
4.36538
1.99018
3.93615
4.8213
4.53313
3.35447
3.10939
0.756962
2.26346
3.37871
6.90375
3.86839
1.7836
3.73097
3.73745
2.73921
9.33233
1.51635
6.68957
2.70502
2.78953
3.82521
16.1884
4.93886
0.928366
2.64193
2.88137
5.07491
2.58384
4.55514
3.44177
0.70067
2.85629
2.73022
1.19791
4.82148
11.1151
10.4986
5.04224
0.829691
2.73993
4.0388
12.2719
0.614083
2.37221
5.21002
1.97656
4.49734
0.873983
4.45718
2.92383
0.654232
0.842105
4.61715
3.77444
6.45376
4.89616
1.47221
1.41266
1.07153
2.74498
10.3268
6.40743
2.1101
1.88719
3.21992
4.44396
2.46264
2.0102
1.45848
4.43626
7.11395
3.51953
5.40726
8.1948
1.46139
7.78545
12.3197
4.95979
5.36501
5.54702
6.28587
3.61724
2.92573
10.5154
1.78121
7.73864
1.57665
6.24281
3.16547
5.35102
6.18264
5.42693
7.62745
8.28092
4.39051
3.02754
2.40501
6.12773
10.8287
15.8889
15.3246
1.46406
1.63638
2.455
3.30965
2.45594
2.9938
2.91684
2.17577
3.77532
2.20228
5.69585
3.60557
1.43892
6.05412
2.51609
1.70368
1.69297
2.77452
6.24509
1.10486
1.44548
3.04257
12.0176
7.63849
2.35529
5.2582
1.64656
6.74869
1.76992
3.09592
1.87027
6.07901
2.84415
3.52469
2.73536
2.75658
3.93869
3.99437
6.69645
1.63459
1.34283
3.51571
3.224
17.8031
8.24968
2.25353
5.10419
2.50934
9.33526
2.46915
6.96946
1.18528
2.51919
11.4368
2.37007
8.63357
1.74446
3.09262
3.29216
2.80704
5.64948
2.87671
1.28394
4.37443
4.04951
1.38197
18.3323
4.59916
2.41097
3.55092
1.00556
7.94935
3.89317
20.3847
1.6441
4.12786
2.10281
4.22487
4.65129
2.56651
3.89939
3.95682
8.69842
9.26166
3.33352
1.24074
5.08379
8.11105
5.36148
4.73755
2.38586
3.61493
2.95226
3.13126
3.39605
3.01616
2.67165
5.19778
1.69844
2.76436
8.24805
2.31011
1.09468
4.14593
2.39967
4.94402
4.76364
5.07361
6.15829
6.04732
12.1311
2.57173
6.64575
1.81261
2.77169
5.12637
2.82365
2.70156
2.96005
4.3897
10.5474
0.721822
1.30648
5.60335
9.91169
3.60217
1.94091
3.86064
3.53561
3.40647
1.5357
4.43739
3.05772
12.0838
3.03647
2.80549
5.26298
8.57385
2.20382
3.73858
2.75651
2.88277
3.19249
2.51728
4.49049
4.34163
1.97639
1.98933
4.73679
19.5515
0.723159
4.15282
3.40272
7.83689
7.28417
3.01785
5.5428
3.03238
2.55918
6.92632
3.39836
2.42802
2.79493
1.23651
2.72692
1.44345
14.8581
2.84073
5.98693
15.8128
2.15561
2.6962
6.32283
2.01826
1.76693
3.3292
3.01938
2.00871
7.53322
3.16644
5.9527
3.46522
5.68729
3.30336
1.6
3.47199
3.30494
2.70644
2.55542
6.19795
4.88494
2.60987
6.48431
1.56879
0.947208
2.68588
4.11585
2.53806
2.07896
3.09756
11.6866
4.17923
2.814
4.23364
1.6621
3.83968
5.70881
2.33271
1.79183
2.07834
6.89491
3.69563
0.470737
3.65177
7.77128
3.11146
3.65728
7.06855
2.10422
2.52712
1.25411
4.11218
1.73813
1.62532
3.84501
1.13733
3.02821
4.75867
3.70547
5.32774
4.2815
3.04145
6.3099
19.9464
4.6563
1.70148
4.58127
5.06248
17.5866
3.53114
2.41751
3.88196
5.33408
2.87248
1.23198
1.67441
2.03601
5.04368
3.0269
3.42524
4.96835
3.51481
2.11544
4.35768
5.34559
7.27725
8.58411
6.88636
4.2189
1.71853
4.14259
9.71667
2.01629
10.2034
1.81226
2.53018
3.45506
2.17453
8.41753
5.74224
3.1526
12.9333
2.31185
4.20228
6.43284
2.71218
6.97353
4.25433
4.90461
2.36753
5.68372
2.33174
3.23747
6.05794
2.03066
19.6303
5.00634
4.60805
2.33836
3.95728
4.57001
8.50127
1.68238
1.40821
2.88299
1.7858
4.25217
2.02765
2.88317
4.48055
1.91292
5.11694
3.64622
6.63576
3.75085
1.46509
5.11597
3.57841
10.6056
4.8189
4.38336
4.12607
2.0618
2.24092
7.40844
4.94356
4.42508
4.58933
18.5697
3.43445
21.4379
1.51897
4.30465
6.19558
4.14681
2.33981
3.84251
1.40682
4.87402
8.17875
1.2219
4.96987
9.63834
3.57057
3.71802
2.88966
2.49323
2.80244
7.27559
2.18019
6.63974
0.596375
7.67941
5.25467
9.5015
1.15985
1.73592
3.47942
7.86447
3.01984
10.5571
2.01474
2.08563
8.98638
1.82294
2.67758
2.65818
2.60491
3.2438
4.42729
2.45872
5.9402
1.45156
3.18983
2.47842
6.46458
5.4749
3.07987
1.3049
6.14757
0.578932
6.17662
3.33451
2.06281
3.86461
3.19676
4.29695
4.96738
2.30681
6.42251
19.8283
8.63529
2.65979
0.668301
11.6103
3.31327
6.18276
1.36354
0.802588
3.76428
2.19229
1.58972
6.30829
2.47657
2.09856
2.90158
2.72271
2.46248
4.72975
4.4965
3.50928
1.65312
3.33403
11.3314
7.08762
1.3372
1.99401
2.49671
2.22375
2.14673
2.89072
3.23793
2.96349
1.4655
1.01602
2.4821
2.76638
15.0421
6.39649
4.1203
2.23899
3.55078
16.7372
2.71723
3.4033
1.77246
1.29778
3.09067
12.9309
2.55655
2.9245
5.05219
6.9447
3.92446
5.64857
2.64416
1.76858
2.69827
4.37084
2.94638
2.72304
8.67567
2.32622
1.40231
3.30551
1.67806
2.22284
19.7974
4.90158
2.57475
6.02465
5.54774
4.0806
3.61127
7.60215
4.68181
2.27151
7.1775
3.55765
2.52364
12.2222
2.51839
1.53126
3.76743
16.9156
4.51078
6.15073
4.63981
3.46324
2.34976
6.92518
13.3368
3.56342
3.17294
2.21126
1.17589
10.3252
1.78168
2.848
1.22301
5.67268
3.49379
2.8457
3.78956
4.56203
1.78768
4.45472
2.5262
3.46559
6.99638
10.7806
3.53838
4.63593
4.32684
12.1465
2.37504
0.984277
1.97795
5.56269
10.8036
2.27289
0.944876
4.96705
7.11577
2.35784
4.72099
15.6975
2.82199
6.54279
5.44476
9.4259
1.01457
3.65234
3.42336
11.5938
1.88533
0.8582
5.04837
1.87999
2.43721
10.7351
4.3699
18.8202
16.3907
2.05988
9.79656
2.83926
5.80815
2.46289
7.98418
3.47966
2.74438
2.82951
5.78652
2.10851
1.24019
1.59501
2.45205
2.50966
3.3866
3.90938
2.39697
4.65517
16.5904
5.28296
2.79187
7.10659
3.12465
4.81608
0.527533
9.07551
2.21964
2.27328
1.28082
1.56034
5.31044
4.81572
2.04494
1.55368
3.50282
1.31631
6.40453
4.93917
1.25352
2.34165
3.55595
4.31923
6.66981
2.11665
13.4212
1.86832
1.92287
2.35766
4.78021
0.966341
3.06924
2.88502
14.1481
7.95852
3.87571
3.8415
2.08755
6.71343
3.81772
1.23669
2.06046
1.87156
1.92202
4.19087
2.33665
2.89958
2.12411
2.97916
15.15
6.77225
3.44707
8.536
2.51955
2.86799
3.76952
2.45571
1.65965
12.8567
3.59594
2.2997
2.73015
7.49734
2.30214
2.32953
8.021
3.38508
2.83357
2.94432
5.51006
2.25423
1.47895
13.9764
2.46037
23.296
1.22637
3.11228
8.91173
2.50284
1.72647
1.59294
3.6275
1.65995
2.94969
1.01611
11.6689
3.11515
4.3546
8.06373
6.018
1.21555
6.82252
1.67084
2.37633
3.27417
2.16939
1.38886
0.87301
9.0112
1.56308
5.73931
1.86389
2.49061
2.22397
2.06982
5.70369
17.2887
2.25014
1.12522
1.44064
5.98932
3.05155
4.09173
1.63478
3.5788
0.756698
5.68356
13.2629
2.37408
2.24485
2.91304
2.89542
3.95008
2.864
2.71832
0.800697
5.57201
2.25278
19.5443
2.25328
7.62601
2.31545
1.94291
3.54498
3.30826
3.22027
2.31131
3.29894
1.9324
2.02695
4.21557
11.7672
1.09866
3.72821
3.39819
23.4843
1.6545
2.68161
1.52875
6.54967
6.5051
4.54747
13.4373
6.31503
3.57017
4.83357
2.65998
1.53363
2.11407
9.54981
2.91301
1.78338
3.04574
2.37947
2.94453
2.19514
5.27132
3.33341
4.88924
3.61929
1.63097
10.6635
5.79817
3.21149
2.20459
5.24954
3.45408
4.97899
1.444
8.77877
0.711395
1.93238
2.02511
4.56706
1.15718
0.99031
3.18806
6.00082
1.12661
0.849962
2.92296
3.44035
3.96354
7.08951
2.34458
1.87117
12.3078
1.08257
3.98883
12.6516
2.42796
3.76808
5.07636
7.04342
2.2256
0.887059
1.27733
8.91979
3.54613
5.0113
1.3974
4.35724
5.41982
2.94608
1.89161
1.20116
1.57138
2.59147
9.80523
14.1223
2.78463
2.41179
17.5862
6.64905
9.31305
9.51364
5.87947
14.7112
1.46743
3.37824
5.90065
2.29338
1.13783
4.13825
6.9618
1.08373
6.93648
8.36169
2.22448
4.8122
4.56282
5.09247
3.09795
1.278
4.314
1.4211
5.49162
1.47224
0.464707
6.48666
2.59754
2.91285
7.02041
3.14103
6.48725
1.62083
2.31208
13.5865
3.53182
1.95393
2.1293
3.36797
12.8438
5.15729
2.07774
3.03825
2.62811
0.25664
5.24796
2.258
4.24654
3.45925
2.61635
6.75135
3.90367
3.02091
3.43704
2.2365
1.25736
4.09316
2.384
24.2636
5.51138
1.71472
1.20449
3.10469
4.22839
3.18516
4.92997
3.19788
4.21317
4.42021
14.8638
8.24942
2.75556
17.5824
5.50414
4.50577
1.64356
3.62867
2.12617
8.80046
13.079
1.86488
0.577445
4.64704
3.5713
4.85453
7.64484
4.34958
1.65926
2.39655
5.72767
1.33359
2.7813
3.59496
5.6461
2.46003
2.3048
3.64116
6.54733
3.92252
1.7773
10.1522
1.99101
5.51046
3.83525
5.56832
3.95117
1.87634
2.8056
7.98164
13.0128
1.18285
2.31125
7.10438
0.698275
5.11135
5.02021
2.12496
16.0139
3.08364
0.799527
5.72063
3.13206
2.95071
5.96226
10.4897
2.81569
2.3299
3.36244
1.40125
7.10425
3.25736
3.96597
6.48359
4.48537
3.82604
24.4393
2.06954
5.18827
3.04644
3.3883
1.36021
2.09975
2.75557
2.05942
3.30323
10.2972
7.15907
2.30776
2.35916
2.90376
1.60336
8.05359
6.22589
3.46366
5.48293
2.26658
7.75863
2.86607
5.01631
1.71893
2.7301
8.19667
2.84567
2.80527
3.03601
4.41217
1.56019
5.66156
3.30179
17.9498
7.15263
2.29526
3.56488
7.21983
0.380222
5.33946
1.71865
5.30395
4.38695
1.8457
2.11513
2.03755
2.59277
2.23843
0.769015
1.31396
4.01931
1.67365
2.81677
3.4429
1.05172
8.63658
2.26625
2.12889
15.669
4.46172
1.49173
3.28884
1.60618
3.70286
1.50377
15.4035
15.1628
4.96844
8.10235
6.57588
1.85941
2.0544
2.93566
4.39295
3.09897
13.8654
4.99646
0.873497
6.40423
4.1498
3.84164
4.16808
0.622596
2.24133
4.73908
3.5804
6.26692
2.19668
3.17845
4.01318
8.44853
7.98965
4.59106
5.35851
1.2177
2.39816
5.62187
7.14846
1.94857
7.75619
2.15397
2.44167
12.8342
2.48469
3.08804
3.01049
2.27105
2.97258
5.28126
2.93256
2.13007
0.811955
6.28421
9.99847
3.03581
2.89111
4.07172
3.5026
4.32876
4.55289
2.34864
4.10919
5.02821
4.34648
4.10481
4.1871
1.63663
2.4436
2.9769
2.60399
6.42369
0.740586
1.07473
5.85371
2.72464
6.78517
5.62689
0.940745
5.67207
3.44672
4.7131
1.38927
4.32463
1.42742
7.21552
2.27809
2.74735
2.92989
2.20276
4.0295
2.11152
2.6538
0.659727
3.31754
0.798835
5.86035
2.67157
1.99281
3.23169
2.02594
5.58941
2.10749
1.32845
2.49986
3.45398
2.14316
3.35311
2.21787
1.44602
4.22262
10.5104
9.01002
13.7026
1.54413
2.4596
3.13107
2.32536
10.5635
1.78372
0.798045
2.29402
1.60774
4.50306
3.59294
6.89328
3.92056
4.64807
12.9332
22.7823
3.30028
2.25939
2.68264
3.38288
11.2388
3.24012
3.01517
8.62125
4.10648
3.06556
8.46659
13.6136
3.0838
3.15762
2.15769
4.37311
4.9
2.101
5.97019
3.37381
3.0582
4.40713
2.5206
2.20442
5.85224
5.88767
2.41539
3.44957
2.57206
2.07959
2.00335
3.03818
2.54389
0.688849
2.94215
3.17796
5.6163
5.95112
2.12309
3.59764
1.68835
4.30526
1.09202
1.99719
2.60623
2.25068
2.69079
2.55282
14.4554
1.83103
3.1132
1.73375
3.60097
4.96024
6.47757
5.46618
3.79811
2.82445
1.5523
3.35261
2.58354
10.7692
3.71338
3.33356
0.722088
0.217896
5.42723
6.86884
2.64044
10.8492
4.34084
2.54135
5.30845
1.91105
8.32441
1.92178
1.99294
3.53737
1.80686
6.16974
0.661305
2.1293
2.85141
2.93367
2.83241
2.48706
8.94248
3.19397
6.57354
1.67096
2.50835
18.5865
2.32188
4.6392
2.60277
3.61758
4.50091
3.0531
5.84778
3.52776
6.82568
3.70554
5.08883
5.6096
1.97324
3.16759
4.84887
4.20012
3.87868
8.3908
2.66453
3.79791
8.13072
1.74976
7.80184
2.35024
4.37919
2.32768
1.43597
1.76166
16.9175
1.01129
9.11457
1.795
16.8949
2.93111
2.38182
1.82384
1.84989
4.561
2.59945
4.51682
10.2864
1.28578
5.97862
1.304
2.2124
2.31415
2.9299
0.670374
12.4691
7.07
3.83973
2.68508
4.13234
3.17106
5.41452
3.33726
4.31813
10.3387
1.61511
2.83905
4.73829
7.56887
11.0045
8.1784
4.1245
2.9713
5.57465
4.47333
2.6481
5.0401
2.56097
3.89374
1.18133
1.1267
5.57471
3.38626
2.37872
4.05629
3.89478
13.3501
2.54787
1.62367
2.4061
2.95709
2.9947
3.21713
3.85579
1.10249
7.27511
2.93799
2.74422
2.42233
1.88152
2.90955
4.21405
3.96874
2.12362
7.41293
3.65304
1.11329
3.00289
9.63411
5.44588
1.21342
0.962487
4.27877
8.33466
11.5115
3.97795
2.46557
3.90724
17.9129
7.43477
1.81409
2.47079
1.65341
2.83027
1.12614
2.208
0.733106
0.549535
1.74931
5.14566
2.65061
2.52398
4.71927
7.2104
2.22291
3.54438
13.5811
6.43508
4.17217
2.93445
6.29866
7.73939
3.46481
3.65591
5.78867
2.26582
2.60797
0.772111
5.8798
1.9982
1.70747
2.37632
2.7994
8.68982
2.60708
5.61651
2.13239
7.29832
15.2389
3.2036
2.746
3.70902
0.997491
21.7803
3.02184
3.13384
3.14178
2.25942
3.31213
6.29084
9.09301
0.810674
7.36345
5.49004
1.70343
3.42043
11.4334
3.20224
6.34334
3.57527
3.35281
1.61853
2.29314
3.14008
1.53514
4.27667
11.6343
3.17912
2.42068
2.90776
3.04891
1.25172
3.13076
1.73851
1.92706
1.79899
2.45605
4.07944
6.53444
1.84688
3.97566
1.47235
2.53222
4.46251
4.84459
1.88253
2.64674
24.9266
3.61794
3.45014
1.60205
5.70322
4.44206
1.36472
3.07366
2.73594
6.85482
6.68216
4.02281
1.34883
11.5144
3.52158
3.34317
3.21729
1.55366
2.93708
1.89788
5.29482
4.53986
0.853606
0.92627
1.93812
1.38479
1.9982
2.55051
7.21198
2.35059
11.4191
2.60785
3.50543
1.77872
11.6263
4.17377
2.05888
2.32609
2.54433
14.7785
3.9384
8.81042
8.27831
6.36483
17.5604
12.3697
3.50594
3.04551
5.16345
2.80438
8.39106
5.54289
2.41283
3.1216
1.85939
2.84758
2.41379
6.76871
5.97666
1.78055
2.73302
4.41637
3.68859
1.47721
2.65493
6.48453
4.36195
4.33453
1.81418
3.98788
8.92973
6.68013
9.93169
3.27205
3.17804
1.17593
3.72761
3.48193
1.35366
2.7754
2.11878
2.64343
3.22572
1.40212
1.6525
6.69966
1.77483
1.52709
3.42182
2.75174
2.15607
8.02354
1.10267
4.14696
3.74475
18.2663
1.62078
1.29179
1.31498
7.79225
0.93252
2.16065
10.1067
5.78082
4.44229
4.57166
2.06837
9.49133
6.44658
4.59459
1.92455
2.36941
3.54342
6.30643
3.76349
12.3433
3.74892
7.26483
2.19855
4.89023
3.64598
5.76443
7.41396
13.3654
1.28138
8.3223
17.095
8.98738
2.25609
6.3266
10.7649
3.35939
12.0949
5.76564
6.1962
4.30326
2.74062
5.26604
3.2827
4.04069
14.4775
10.8314
3.0828
3.95575
3.67519
4.80572
1.51306
2.97716
3.99036
2.93146
6.18569
3.18652
3.81675
2.49256
1.81492
1.61174
4.14638
3.08167
5.37129
2.85904
3.76833
3.44536
1.25313
3.47339
2.5523
3.7727
4.60165
8.62464
3.83265
1.66881
5.32206
7.68543
2.06109
1.619
12.272
0.54883
11.9095
2.79125
2.82015
3.42037
1.64257
5.41857
2.5516
2.40926
3.29269
3.15681
3.27302
3.2231
3.2817
3.33663
2.11201
8.82696
1.7472
8.01373
3.38374
4.30569
5.16568
14.7931
5.17113
2.34111
3.66548
1.94105
2.69692
5.69069
1.87058
7.20448
2.47887
1.99181
3.6135
4.51659
2.21344
9.1445
1.89994
8.07464
0.623849
1.28991
16.9703
2.59469
3.92577
1.65115
6.22755
2.7259
3.32223
3.30656
1.78174
2.70159
3.67489
2.73227
2.76678
2.62363
2.41844
2.84471
4.56199
3.91778
2.34706
4.39158
3.67215
4.07765
6.03811
5.12759
3.26394
10.7346
1.58514
2.0186
9.12692
2.6771
6.41879
8.96145
3.71902
4.34211
6.30933
4.33529
2.98129
2.54771
1.72788
13.4309
4.06803
3.84178
2.50266
5.2956
1.20123
2.59283
4.75365
7.59875
2.94788
3.03713
1.27565
4.63381
3.77998
4.76853
4.96397
3.9619
6.40612
4.49307
3.41416
5.67113
3.60157
3.80927
5.19678
7.84209
4.04348
9.38165
5.64024
1.63466
1.78749
2.99941
22.76
1.02106
2.70012
2.769
5.03006
6.76737
7.00732
0.971623
4.35584
1.96859
2.88821
10.3882
0.954855
1.97977
5.18623
2.56728
7.47399
3.75482
1.13141
2.30667
8.3064
8.31686
2.24796
3.11398
2.90229
2.43973
2.36965
5.38446
2.15274
1.37866
0.936165
4.56126
1.67573
8.51081
2.39874
4.30838
2.82366
5.23454
2.46413
15.5763
2.04984
5.34518
2.63143
23.4689
15.0292
4.78217
3.42081
6.4085
2.18268
9.9228
3.01615
9.28442
3.71359
5.38803
4.7565
17.2503
5.33763
4.48273
7.24197
5.40415
6.72513
2.96695
3.65503
6.86953
2.5363
2.97962
1.94781
2.99549
2.10552
2.24623
6.79535
2.60802
5.69877
2.21634
0.9633
4.82759
5.36842
0.87001
4.57531
2.04506
4.89351
5.38502
4.45004
2.07329
2.48373
3.75118
2.51836
2.39289
5.26782
4.05272
5.03983
3.49425
8.9878
3.44731
5.12543
8.27411
2.1143
3.6312
1.80672
1.48417
2.76366
5.10286
6.25882
3.25911
4.10857
2.70477
2.32014
8.28307
4.06178
3.21648
5.89852
1.76589
3.35823
2.61851
1.43103
2.36092
9.79545
4.74949
0.83978
2.57336
0.94742
3.56299
2.44948
2.30589
4.40584
2.22064
2.24422
5.3558
3.24345
2.54541
2.9495
9.57444
4.67496
2.06164
4.92094
2.22059
4.19141
1.23176
2.18007
1.96557
2.74528
4.75281
5.49953
5.21183
1.29683
8.88914
3.80635
2.21785
2.35821
12.8984
2.84221
1.26802
4.94312
3.54807
3.63628
0.44223
3.24367
3.3599
7.12507
6.25413
3.13774
3.45062
2.20831
1.31656
4.53129
3.77593
5.15084
8.13485
12.9732
1.81045
1.67198
14.125
8.13164
3.22082
3.3181
8.10528
4.3354
3.39954
1.4147
7.49363
3.43495
2.51662
2.49237
5.69436
6.27342
7.09163
0.629103
2.65938
3.74733
0.574084
2.42235
2.99982
17.8172
2.25216
1.0268
1.92723
1.74737
3.90117
0.60411
1.25122
5.14051
3.28891
1.20764
0.824818
1.45196
2.22263
4.20397
1.36293
6.94064
3.60504
8.12234
1.38852
1.02788
9.17966
3.09394
8.98581
7.83244
4.51778
2.02682
0.699659
2.01185
3.88484
2.68777
9.71112
2.32198
2.81567
2.68298
12.4544
0.480011
10.693
6.04006
13.2184
2.99597
3.94968
1.66883
6.60137
3.65924
1.845
4.34015
6.90486
16.2407
6.51677
10.7157
1.36874
1.30278
2.90656
12.1643
1.38268
2.96956
2.61967
4.28708
2.38655
4.57802
2.69729
1.56662
2.18649
3.49726
2.07015
1.61994
4.19078
3.79237
4.65938
3.78152
3.1506
3.09992
2.20737
3.22555
1.47219
4.29007
7.38567
9.936
1.78222
2.16522
2.36931
2.58872
5.26008
1.54038
8.01141
5.008
4.24795
0.695398
2.69036
1.97595
3.14409
2.78086
1.68554
3.74557
3.11132
0.938739
6.7343
6.04632
11.1089
1.86514
2.7157
2.18795
4.92477
2.33521
5.60254
3.9507
4.85847
3.76106
1.88016
1.59159
5.24204
10.0148
6.70596
4.4275
5.60973
4.279
0.997333
1.4899
2.94666
3.50708
2.47679
3.03443
1.42086
1.39264
3.65929
6.29211
1.91141
1.59656
4.07839
2.07809
6.17501
7.73007
1.06847
2.3911
4.91278
18.2309
1.88035
2.53017
2.98572
6.89465
6.12535
1.25315
2.02031
1.41063
10.4653
2.06421
6.968
3.95271
3.60464
3.07612
2.50594
5.55788
4.09904
5.13169
6.16381
2.38323
12.3654
2.5013
1.87192
3.2249
3.60205
2.62099
1.07785
2.48696
10.9676
4.0766
4.751
2.38329
2.43574
2.37311
4.42915
2.86515
2.43919
4.87505
1.39059
3.44605
3.02757
1.0112
4.10655
2.92313
3.01953
4.01555
2.65324
2.13768
13.8429
3.75259
4.54766
2.29624
4.74099
4.70144
10.4567
6.35492
2.85226
6.06802
3.13952
2.09609
2.41261
4.49667
1.51698
1.59771
0.823532
6.3767
3.88163
3.10438
15.3039
5.70385
6.65477
1.12359
6.15181
2.99979
6.57246
1.86113
4.59947
3.74186
0.995085
3.99483
3.75877
4.05424
4.17828
3.13428
6.03084
4.63402
2.18047
1.62363
3.72413
2.72642
0.325386
5.54058
4.44077
3.24465
6.22979
3.67853
2.51662
4.93796
23.4554
3.62964
7.04513
12.9951
2.77263
2.72601
3.93775
3.43693
2.36087
1.70933
1.26052
4.15384
3.90276
11.315
6.24536
1.77638
6.55985
3.36982
0.317176
1.62849
3.19702
2.79132
3.61323
1.7534
2.01912
20.2875
2.17555
2.26138
3.06336
1.23117
4.23846
2.36556
1.20389
4.4524
1.79578
5.46699
7.35306
1.89812
7.2669
1.75131
4.55972
20.5225
9.85733
13.0332
1.56888
9.98379
6.40762
2.09665
2.65359
5.58906
2.19636
2.0469
3.31849
2.08358
4.04951
4.88936
0.324753
4.49452
2.8063
2.66253
4.32123
2.35894
14.1883
1.37557
15.2856
2.06113
4.15492
4.74761
8.44187
2.8928
2.75672
1.62515
6.76135
9.21164
2.99011
6.6008
1.88141
1.34684
2.60006
5.65215
1.81125
10.1573
2.60644
2.03064
5.92079
1.57593
6.26769
1.76572
7.77033
1.27201
2.87613
3.04986
4.73285
7.34117
3.00836
3.10564
15.677
1.91651
8.61221
1.1334
7.01242
2.09121
18.4448
0.987922
1.25761
2.70805
1.72232
1.56508
1.81845
5.41141
4.77886
2.95117
3.79586
2.24575
2.5353
1.03111
2.79257
0.825516
2.72266
2.731
2.49642
2.30867
2.03844
2.58277
3.95307
2.57321
3.04212
2.75494
5.62429
3.39657
4.19942
2.25637
2.82776
2.23133
4.53138
4.81111
1.81182
1.23454
7.06451
2.17026
9.07314
3.31096
1.76102
2.96859
1.8509
1.80885
12.4144
3.23601
0.538532
4.78561
4.23933
5.12995
1.8025
3.8656
2.029
0.768681
5.98849
3.91027
1.53807
3.12624
6.29135
2.21664
2.52651
4.72687
1.97131
3.20247
1.60034
1.60961
12.3315
3.21284
22.6522
3.18602
3.09306
2.24844
5.41668
3.90781
2.2777
5.86828
0.990116
2.58916
0.864619
16.4364
4.96717
4.132
2.2967
7.67222
5.74764
1.8601
10.7676
6.39781
4.7114
5.89605
4.43327
8.72774
18.1697
2.8828
10.2056
5.01695
17.1633
1.87671
1.55684
17.6835
2.29265
1.07545
5.7194
3.66137
2.43385
4.16118
3.77529
2.47858
1.53303
3.09249
2.26463
6.62885
2.90904
3.41031
4.43835
3.13081
5.66167
2.92877
3.30728
3.03943
1.81824
2.9917
2.91175
4.52454
4.59437
2.72862
3.81712
2.46934
5.18824
2.42199
2.43735
3.22266
19.0525
0.882856
3.54491
3.48188
22.4277
17.5515
1.85852
4.40477
4.23189
2.17579
2.81163
1.62096
6.85246
1.44376
7.13916
7.88654
12.8503
0.996437
3.59753
2.4459
2.67647
1.9302
0.496313
1.71277
3.86375
3.23315
2.12569
2.16017
3.96961
2.64426
1.52814
2.83536
3.274
1.4621
2.99296
8.02882
0.627566
5.71032
5.64913
6.56444
1.96167
3.14229
2.38354
0.809117
2.47495
1.8923
1.53497
13.4451
2.74614
2.40419
5.15604
7.38534
1.21196
8.36127
7.74259
1.33746
2.75653
3.23307
4.77619
12.4436
2.26613
0.844199
3.36881
1.81259
4.29031
3.21744
4.28862
4.37781
4.29891
2.54822
3.09868
5.34431
1.42947
2.47601
2.77975
2.67907
2.539
2.30173
2.82341
2.33765
5.40001
2.6925
4.56504
20.7532
0.833988
1.86539
2.41705
6.78756
1.11605
4.76132
16.6308
2.62632
14.8963
1.62639
3.19076
3.31695
2.2824
0.811301
3.86469
4.95435
10.3494
2.92295
3.51327
4.71719
7.12569
1.5036
1.13499
3.12089
5.77496
6.66798
5.03839
2.49628
2.77941
5.37343
2.77891
1.77756
2.81281
2.71921
3.18967
1.80454
5.35237
4.816
3.41968
1.58977
4.27323
6.95747
3.01175
6.06719
8.71038
4.28468
10.7446
11.903
7.42809
6.24844
5.02698
1.76708
2.04236
1.43426
4.24356
3.12786
7.5244
1.88589
0.794533
2.12289
2.14687
2.30443
2.01079
7.48874
3.29256
3.89376
1.46654
8.83535
7.37025
4.40478
4.5563
1.50379
1.25922
4.08259
1.91053
1.25886
2.73409
3.6324
11.2587
5.18689
8.11496
1.49151
5.80897
2.828
5.01929
1.89172
3.04184
9.19665
7.37659
2.38092
2.46089
2.99625
1.76403
3.66753
5.25429
3.66424
2.21473
3.38406
5.39442
1.6552
3.34817
8.06395
4.44595
4.94252
3.73359
3.31844
2.47315
6.22487
6.91937
1.62654
2.38816
6.7201
2.12784
4.72859
2.66389
8.38178
15.172
0.822584
1.36684
7.16091
2.81701
2.43717
17.3457
3.22898
1.58768
4.85997
2.47357
4.49766
1.77857
4.61356
2.04069
2.76667
23.1522
0.936108
1.49423
1.83416
16.8662
11.6291
4.29239
10.839
2.37072
1.11182
2.47687
4.37507
3.70059
3.66883
1.89166
4.80137
4.72294
2.53611
1.03045
5.39435
4.06471
1.56086
4.75642
3.77906
10.4295
1.3223
3.3264
7.48304
2.22333
1.47957
2.04817
1.55811
1.34971
17.5371
5.44795
6.63128
3.56698
2.1192
3.16777
3.2514
1.96133
6.93916
2.49189
21.1861
6.33085
1.51936
10.9873
3.8303
2.9345
4.54338
5.92657
12.3614
3.72058
4.54234
2.18618
6.42561
7.87016
3.36529
4.18223
3.47309
3.35646
5.58406
5.9709
5.95327
5.01156
4.67266
4.27087
3.12428
5.27103
4.04428
1.79366
2.23354
3.67324
4.99002
1.76305
2.4518
1.39774
4.77396
2.1318
1.87739
3.85407
9.69385
1.96833
2.42652
2.70034
4.26516
2.91846
2.55462
11.2662
2.90622
3.42237
4.79689
5.78381
6.07635
3.84784
3.06104
6.84355
3.31853
1.95402
3.80045
7.19835
11.9441
3.63887
7.73759
5.43588
3.65671
4.77019
0.822599
1.81791
2.55141
0.961092
1.30624
5.64513
7.60541
4.98937
3.69488
1.16843
3.6917
5.08993
1.55037
3.33942
2.0791
4.29416
7.6416
2.1554
5.36498
2.96085
4.76944
4.74301
3.00998
3.28487
0.711798
3.85935
4.97173
5.5323
2.3873
3.17836
2.83953
3.10751
7.08747
4.30075
9.38456
3.32329
2.36873
3.74846
2.38278
7.442
2.53666
4.64061
1.42862
16.1184
2.1287
4.35584
6.52605
5.40879
1.68045
5.54069
3.09938
3.21103
3.75304
1.30134
0.756436
7.53037
24.7548
2.27594
2.38774
11.8778
4.69053
2.65982
1.9753
2.94402
4.14855
3.6073
1.65992
5.56976
4.06838
2.4234
1.98639
3.59825
2.89848
10.1671
3.10147
2.41901
2.93536
6.72622
3.79175
12.7704
2.60771
2.27576
2.79246
3.8653
6.49737
4.29711
1.91214
10.064
1.9854
4.20149
5.01299
2.34918
7.63466
0.914345
1.66004
1.95499
1.47437
3.65394
6.34121
3.23369
1.49444
4.42971
11.9084
2.703
4.73634
3.02508
1.92967
2.96153
6.18856
2.52641
2.15587
17.6657
1.70505
1.49781
4.71946
4.67928
2.93993
9.8193
3.03572
9.39804
3.83272
2.05388
1.89862
8.67845
1.85788
3.33842
4.18513
6.17484
4.11732
3.78576
4.13355
3.80941
4.41696
1.88057
13.3067
4.78488
8.01542
9.30412
3.45342
8.73239
1.35028
2.22589
5.25156
2.88772
6.93638
2.12106
1.46851
1.99719
5.27915
4.57696
5.1787
2.67669
9.94586
5.38587
7.05329
1.67083
1.02463
5.80938
4.21748
4.03843
5.06498
2.17123
15.9636
2.60111
3.5278
2.0329
1.96079
6.18849
12.9373
3.684
2.32089
3.05129
1.03906
5.03501
3.37164
2.12327
11.5538
5.60802
2.72594
1.82438
8.22888
2.51998
4.19382
3.35914
2.02188
2.80967
2.31918
3.09207
2.96309
2.44839
3.35236
3.50393
5.36449
3.96906
6.62229
4.28366
5.42459
1.3935
6.72785
7.92767
2.84522
2.31284
3.92659
3.10414
9.00002
1.79301
3.41786
2.63149
7.37136
0.965182
10.2869
7.06401
1.4103
22.17
9.6782
3.63988
4.36874
5.22185
3.70501
2.61014
1.43329
4.46765
4.67681
2.5759
8.45228
8.22047
11.9066
8.54249
8.47953
5.35684
0.989515
2.7004
2.92036
5.71596
2.04185
2.74221
14.6927
2.13733
3.6745
1.93654
2.37253
9.6624
1.19218
9.82496
2.6196
3.5756
1.5627
2.98798
1.08201
2.1297
3.54966
1.96239
2.31502
2.07186
1.8029
6.62489
2.08022
1.02224
3.87017
11.4667
1.16919
10.0582
2.37688
5.19571
6.72497
3.68003
2.18155
1.04115
3.36097
1.75045
2.13251
1.65653
1.41783
1.24444
2.31151
1.70319
4.36404
1.99508
6.99261
3.13289
1.44114
2.1718
1.93146
5.99529
8.63636
6.79874
2.73417
2.29146
7.28201
4.85545
5.26165
1.98083
4.06333
3.94563
4.55518
1.60493
2.06739
4.2988
1.47537
10.761
8.04038
3.11413
2.8337
2.00226
2.02809
9.49927
3.08375
5.84958
2.121
3.88505
16.1172
4.03679
1.95204
4.81438
2.08502
1.57611
7.97167
6.83416
3.00213
3.43258
2.8452
5.05371
2.53574
1.65557
10.2406
0.958041
2.49782
2.31877
5.52295
2.9309
2.28257
1.77646
1.50797
3.91204
2.00764
2.77853
5.45825
3.6821
2.98218
3.3218
7.23044
3.08798
4.68299
2.97043
3.09063
2.39969
2.73361
3.56288
2.30113
0.76391
3.25904
0.887181
3.92008
10.1101
14.9579
1.13988
6.61007
1.48994
10.7657
2.18021
5.3199
4.90598
2.81693
6.29654
5.60282
5.79478
4.15319
11.9922
1.63443
4.15935
0.376328
3.65379
13.4311
5.42093
4.67843
1.65888
6.33856
1.44786
12.1022
1.38504
3.48007
1.51274
3.79287
8.04694
3.81635
5.41025
2.4159
2.4253
1.78814
7.90468
1.51953
6.64735
8.47634
3.44194
18.6811
5.44997
1.2893
2.18411
8.20282
3.57494
9.29145
4.38303
3.90683
0.470732
2.12895
2.13298
2.29284
2.85497
8.62796
1.31093
2.36877
2.85535
2.94037
2.87687
4.26819
2.24293
2.67866
8.91627
1.10822
2.12148
3.62586
1.8127
1.70583
5.41582
7.44322
3.36972
3.9911
5.48746
2.99784
3.59278
5.84104
3.43577
6.17316
2.56624
6.65628
1.5516
4.1806
2.88249
1.30525
0.977639
3.99771
3.06381
2.31847
4.58172
5.83443
6.88818
6.28814
1.43486
5.51151
1.02045
7.4659
3.33339
7.37168
2.42145
15.2784
8.79371
2.05015
5.48142
6.30699
2.43795
3.10569
6.97419
5.79638
1.84556
2.37886
3.2354
1.40719
20.3985
0.670569
11.3965
3.03004
5.07016
15.0089
3.94109
5.53242
5.04246
20.5417
1.96188
2.6272
8.66581
4.7079
2.52296
1.54214
4.18612
5.2885
4.68199
2.83593
4.32018
2.57307
0.909955
1.92952
2.96926
2.20423
1.90726
2.24598
2.93927
1.97809
8.57973
9.75159
10.1749
3.40778
2.09342
18.2731
4.7261
3.57076
2.66553
3.32841
2.8069
4.66452
2.16351
5.96277
4.53638
3.05888
4.63062
10.8907
2.83415
18.8541
17.2937
1.86939
4.25587
8.12395
5.00693
4.82771
2.98858
2.88451
1.21201
6.47298
17.1082
17.7523
3.30035
4.03012
13.1726
4.13097
1.52551
2.51018
5.96309
2.13506
1.68531
2.26335
7.05322
2.00053
4.16181
3.73987
7.43363
1.62511
1.73743
7.85219
0.773847
4.41721
2.12986
3.50844
4.02925
3.12669
5.85102
7.77267
16.4117
21.6143
11.1871
9.51405
4.34428
2.44844
4.34447
3.82108
8.37476
3.72381
1.63583
6.91086
8.52756
2.85691
5.32006
4.741
2.3879
3.92417
2.49891
5.28535
5.7313
18.1998
6.72605
2.80619
18.2418
1.91468
1.68611
4.93726
4.01286
1.91823
4.82557
0.738489
5.30914
2.67213
2.05887
5.07918
2.04079
2.65569
3.37474
6.30483
4.29691
3.33721
2.12109
2.15636
3.03717
3.6169
2.18847
2.09483
0.231907
2.13458
10.3938
3.34343
4.28407
4.40713
0.309719
2.38702
7.32146
4.49948
3.66872
2.3485
4.17881
6.97961
10.1453
1.55061
5.01483
2.51678
3.32698
0.959577
5.01522
1.03409
2.59199
11.7565
1.17042
1.75637
3.61749
5.8778
1.95553
8.36702
2.06375
3.00758
3.77856
5.96598
10.2658
4.3949
0.740978
1.59355
9.8947
4.27335
2.88673
7.45377
7.35708
1.41268
4.9321
4.17928
3.02115
4.11769
2.50367
3.0306
7.12444
2.832
2.57697
1.95727
3.48352
8.39036
9.32043
2.5934
2.18302
7.23249
1.13208
2.42376
4.31371
3.16323
2.62988
1.24064
2.14741
0.641709
2.31468
4.6579
3.34095
9.91682
6.49626
2.14745
2.24556
1.61542
2.54709
2.5315
1.01765
1.39545
3.38308
4.14645
5.47665
5.27392
4.02376
1.53687
1.08772
6.13241
1.45784
6.03023
3.73233
3.72199
1.69551
3.18014
14.3783
0.983681
7.77591
1.39138
1.94352
1.01101
2.38464
2.05767
2.37785
3.33465
5.15131
2.83851
1.87169
1.05676
6.41064
4.40826
3.55377
1.68566
5.70937
1.75552
1.82364
2.40536
2.70811
5.66407
10.6628
2.94162
2.51853
13.8514
3.69744
4.55354
14.6622
3.71216
4.53755
2.32984
6.06129
2.35497
7.06595
2.23196
2.20446
4.96594
1.42987
2.34413
2.59337
3.14639
4.06931
1.29694
1.49505
4.15063
4.91081
3.01935
21.508
4.72662
2.70323
3.62946
1.73813
1.15241
2.35421
15.4687
3.71446
11.3858
3.34912
3.84133
7.20874
1.44332
4.41879
5.95273
0.604495
4.20445
2.20922
20.5393
13.4721
2.92041
1.80969
2.51326
1.92439
5.23732
5.80635
3.06215
2.79462
2.7742
2.61188
2.38819
3.44216
4.82069
2.98094
2.30477
6.20869
3.33328
1.6284
2.69025
2.30769
5.78914
0.527058
2.78082
3.45717
2.35277
1.42816
8.67856
1.63189
2.77432
6.90294
17.5048
2.18775
8.62118
5.38153
3.72317
5.38399
2.44623
3.22783
4.91952
7.06136
5.87597
2.05535
2.10327
2.63904
17.989
3.28758
3.0269
3.26571
3.45821
3.32261
3.72432
6.93107
1.35531
4.8899
3.56512
6.78747
3.51088
4.03106
0.642364
9.73771
3.82847
4.06043
3.10004
2.33208
6.52162
1.62781
4.55487
6.34258
5.12045
2.4549
3.34658
2.31621
5.53464
3.46152
5.91112
3.60309
3.68636
5.46122
3.0053
5.58333
5.54947
2.81206
2.22054
2.0725
9.39948
1.91377
3.37565
1.42821
2.21968
2.09635
6.26079
1.44667
1.15611
2.41815
2.62479
5.47306
3.19728
6.91896
4.70999
1.82437
2.25883
3.38441
2.71092
2.80395
4.73473
2.02099
11.219
5.7028
5.18998
3.44221
1.50996
2.22805
4.57244
4.93353
3.96545
2.22677
0.808663
1.94422
1.15208
2.10887
4.96116
2.29608
7.95973
4.93114
7.13596
5.46831
1.67442
1.62957
5.10394
6.75077
14.5763
1.93998
2.34758
3.74193
4.85049
4.56357
5.30285
2.76646
5.25667
7.43228
2.04531
3.21301
2.84746
3.57353
2.82406
4.83031
4.3304
5.34508
5.63493
7.53278
2.54028
4.70962
9.90066
2.89001
3.14184
2.51835
1.67264
2.62042
8.97613
3.31131
2.03255
6.63174
12.997
0.768464
6.34447
2.15175
0.998135
4.68585
3.51933
9.09487
1.56528
2.89269
2.98405
2.55702
2.97393
2.34093
4.51573
6.82595
2.74413
2.95887
3.82465
1.40259
2.47651
1.38295
2.5031
2.06324
7.00517
1.51977
10.065
3.99844
0.97557
5.75821
7.08447
3.4597
5.5739
3.96584
1.68279
0.701684
3.37136
6.03701
13.3453
3.23317
4.19379
10.6682
3.98673
2.66176
1.10432
0.827411
2.85977
5.53898
2.59802
2.21927
3.84537
2.04481
3.08761
5.07871
2.48286
8.55017
2.05973
1.84454
3.52884
2.36472
6.66007
4.53378
1.66933
3.27078
2.48617
2.80257
2.09909
4.04768
3.11865
2.28294
3.34601
1.73819
0.991234
6.04735
3.60185
1.49824
4.60544
3.2711
5.05639
6.81973
2.19463
2.26427
2.10971
12.5974
4.52357
3.20496
1.64837
5.31174
3.91619
21.3952
2.5286
3.3711
19.4443
2.92389
4.76326
1.37278
7.8513
4.01469
7.90656
0.908063
2.88847
1.88437
4.77312
1.25442
10.3017
3.92859
3.56643
12.1333
2.3707
1.94739
1.85033
11.0089
0.724621
2.13608
7.31693
1.65583
9.76103
16.3677
4.48077
1.85449
2.92051
2.80898
2.95312
4.34861
10.2596
1.77074
2.07382
3.55159
2.22213
1.83549
1.99366
3.64288
3.6466
3.54271
2.08593
0.755864
5.56934
6.27101
2.20988
4.21187
3.42554
2.30277
4.36528
3.34669
2.60258
4.0851
11.8284
5.54482
2.63248
1.79121
4.60009
6.24937
0.837701
4.2947
6.35794
2.09641
9.39264
1.43079
4.67176
1.4597
2.13631
3.9066
7.94382
2.28656
2.97548
14.8301
2.25237
5.18505
0.989112
3.06596
3.18165
1.70861
0.508367
4.19112
2.97117
2.94517
10.9405
1.88938
2.87782
1.68356
3.46756
1.65819
1.96804
2.83519
2.96385
2.10445
3.28525
10.1177
6.34202
5.49627
2.82715
2.24912
1.5932
3.16896
3.31269
1.86886
8.82055
5.70217
16.6934
1.41984
13.6487
1.66333
2.27744
7.34341
2.40103
1.53767
7.97951
2.61294
2.755
2.82929
6.48163
2.84708
3.6799
4.88361
4.37539
8.2383
2.65732
3.55809
3.16504
3.0125
6.3855
1.49124
1.98114
23.0714
2.39742
7.59485
3.25914
2.37135
1.16611
21.9945
6.82379
5.05329
1.96472
3.1104
3.92724
2.90308
3.57753
1.50663
6.78968
5.54082
2.31141
4.87506
3.85059
5.96185
7.61252
5.33498
3.41179
6.55869
7.35524
2.35816
1.50204
2.28543
3.38486
0.817384
2.78452
1.16111
2.41964
9.79295
4.38436
3.80235
1.63983
5.20841
3.31321
2.32529
3.46606
2.13804
2.25562
9.6459
2.99443
1.56029
6.7584
0.946262
1.90286
0.81225
2.74687
2.39757
5.84034
21.6763
15.3484
3.53159
3.16604
11.4087
2.83471
6.60295
4.31064
2.47768
2.25776
2.77715
2.15237
6.21397
1.68201
1.17761
3.95249
4.27794
12.5879
11.2958
2.89607
7.07581
4.36978
4.53608
3.55117
2.78015
2.03326
9.71164
4.04114
8.19136
2.06328
0.64286
4.168
5.43149
1.1407
5.65592
5.93727
1.63655
2.98742
4.73627
5.3666
2.29549
5.66075
24.3849
6.65537
2.7921
9.32805
3.6244
1.31347
1.50943
5.63681
3.51869
15.8546
4.17881
3.60425
1.57319
1.38467
2.18457
3.1403
2.2667
2.42483
5.65769
4.09613
3.64919
6.17029
5.56495
3.87643
1.93426
10.2612
5.27404
7.9716
3.53799
0.865666
2.66867
6.92095
3.18748
1.91071
2.50359
6.87622
2.96846
4.97585
4.41219
14.8587
5.91099
4.10171
2.28656
4.54543
3.74801
2.06161
1.96423
1.09091
3.9006
0.725829
3.56348
12.8852
2.66239
3.46801
2.41363
3.30821
2.44974
4.194
9.40874
1.33101
3.08489
5.56632
2.66026
3.76695
3.23725
1.21369
4.05631
2.57669
7.31786
4.32268
18.5239
1.51991
12.4838
3.32553
3.63541
1.14912
11.1676
1.3279
0.606595
4.27303
1.62294
2.25543
2.85689
4.51116
4.90169
1.7014
3.71651
1.97363
3.43899
1.9357
2.72267
3.90115
2.57412
5.85733
6.40111
2.70309
11.6402
2.47982
4.05636
9.45803
1.78608
5.40838
3.01441
4.55
2.26188
5.47769
2.03118
9.42522
2.93959
3.76117
1.61193
2.10035
1.54118
2.46384
0.897766
3.92712
3.58159
2.18303
7.68519
3.05077
5.84768
2.73264
2.46729
8.2802
2.20939
6.62188
4.46713
2.95739
2.49304
7.5717
5.69118
9.14219
1.77926
2.79229
19.6662
10.4999
12.2264
4.74971
4.23903
4.46932
2.6042
2.37116
4.37482
0.80565
1.05384
1.74136
3.12879
2.90325
3.80534
6.92438
3.57027
11.4426
2.89984
2.43415
0.41988
2.67221
4.91392
1.68115
1.02929
8.92789
2.60589
1.82677
3.69458
0.965083
3.26829
12.3352
10.3227
5.99761
1.75871
2.10055
2.80835
1.83242
7.84215
4.02949
5.87593
8.49783
10.0425
2.40931
2.38184
1.88256
2.99575
2.09373
4.27226
5.25035
0.97795
1.72882
2.85249
9.64229
5.04738
8.98277
2.72179
3.17135
2.03791
6.94621
3.1324
5.66625
8.38102
5.32602
5.02241
1.26723
1.29589
5.12662
3.85883
11.1353
15.6893
3.32374
2.57098
7.69625
12.8426
1.9979
2.50637
2.16602
6.08823
6.34666
19.4769
5.95085
6.5088
5.95919
2.18277
3.73254
2.76056
6.95292
8.87784
2.17329
0.775772
3.18102
3.85825
2.64687
3.77983
2.85077
4.25531
2.53787
6.65844
11.8526
6.85237
11.1614
4.95986
5.86112
4.07711
3.49366
5.21953
7.68414
2.1718
0.802422
5.62314
4.12604
4.12091
2.53108
1.59121
20.893
1.96624
1.11314
13.3831
2.2461
11.8156
8.15538
2.54562
18.3664
2.08592
1.98248
15.2522
2.59245
5.8492
4.94228
8.69614
7.18725
0.959243
6.41361
3.07948
2.93178
5.12655
2.31139
7.12779
5.72717
8.60229
8.52108
2.03483
2.2623
5.59195
3.55252
2.68813
6.9077
7.46414
3.49313
4.803
1.21821
3.34328
1.51781
5.77794
0.799052
10.3185
6.38525
2.83485
3.25455
0.66553
4.85832
3.01724
3.95865
2.94692
1.89321
0.866476
2.45742
3.75409
9.85092
3.64244
1.74238
3.09362
1.25388
3.33325
6.26333
5.24116
3.99386
7.51685
1.2997
4.30776
2.71585
7.47101
2.567
1.48487
2.9897
1.82262
4.94985
2.25665
2.09767
3.88067
2.05783
3.82505
3.7734
3.88704
1.82247
3.25865
2.02887
4.99087
6.76043
1.67548
11.8155
3.05575
4.1293
2.44149
13.3241
2.41505
6.0915
2.48534
4.51326
12.1118
7.13711
4.65578
1.08772
6.43772
4.05233
8.6519
2.06254
1.03717
5.27284
3.86506
0.875179
2.8312
1.90672
11.2899
13.1282
6.44902
11.8529
1.16066
3.64828
2.50012
18.262
8.78738
8.87006
2.65692
6.10065
8.34355
2.96916
3.15808
1.02947
2.1471
3.95365
4.89588
1.34991
3.08786
3.73413
2.17596
8.85363
3.55413
2.76002
3.63878
5.39464
3.27898
2.33943
3.78742
2.34109
5.08417
1.97611
6.88395
21.533
1.59247
9.05076
1.18721
8.82759
1.84016
1.96545
2.75363
3.32178
3.6679
10.3596
4.75776
12.9508
4.22828
8.04263
5.09865
8.10013
4.8835
4.65028
1.60675
1.3198
3.00055
6.24726
2.85884
7.86123
2.99602
2.10583
6.24375
3.09753
2.67999
1.70671
2.73696
2.56669
2.49345
3.51861
3.66906
2.58181
9.67202
2.22605
4.01713
1.02674
4.85617
2.89132
7.18716
1.21676
3.96521
4.93281
0.543399
4.00101
9.11188
0.998059
2.84329
12.0406
3.07656
2.57928
7.66058
3.21674
7.40225
5.0088
4.65822
11.773
2.20863
2.3885
3.0922
4.27888
3.1918
4.46588
4.34504
7.15872
5.91058
0.657691
4.61857
3.07582
2.32716
5.85176
5.15685
4.03709
2.94319
1.67504
4.5047
5.50046
8.4174
2.81107
2.69877
8.16365
3.55249
3.70135
1.93278
2.04283
8.23705
2.38675
4.28341
5.16217
2.34153
2.42617
1.35421
6.51667
3.31704
4.03178
1.69516
13.9749
3.40817
8.06817
2.55346
1.74914
2.65746
1.25334
3.09788
2.84057
4.65354
6.05726
1.77402
2.73864
3.14784
6.36611
2.35455
1.13959
5.98198
3.79376
2.20877
2.00745
7.44963
5.24644
5.98202
8.053
8.36351
0.811348
5.49661
2.26614
10.5775
1.55063
9.89667
5.31488
2.34614
3.26593
2.68738
1.43398
19.4721
1.87545
1.75029
5.66096
3.38207
4.2445
2.88538
1.99657
1.82479
1.94682
6.29002
0.99267
4.21439
1.86717
7.81798
2.982
5.50506
2.85461
5.20881
2.46456
5.57138
2.9768
2.50366
1.81308
2.97759
0.987717
1.78997
5.87675
3.96137
4.32679
2.33372
24.3032
3.11684
4.17939
1.93182
4.75872
0.903656
3.60397
11.2055
2.52461
2.09634
10.2636
3.29535
6.02187
2.2512
6.10622
1.45601
2.47204
2.32339
6.71964
5.20848
13.7787
7.26447
4.7274
2.90404
8.80832
4.552
7.8131
3.86432
2.27829
2.90446
2.24733
4.11752
5.2966
4.69813
2.61745
5.56929
3.75191
3.62401
2.20491
6.46007
3.85279
3.54578
2.72075
2.70678
2.35778
4.79107
1.2691
4.30004
1.47439
2.40266
3.76798
4.58813
6.3066
4.43057
5.86409
6.9197
3.90413
3.53326
8.09701
5.41549
1.92701
5.50572
4.09473
3.31763
3.57511
5.5787
6.75659
3.15017
7.17596
7.48996
13.2006
2.64957
6.38764
2.97502
2.04443
11.1798
3.06242
2.01671
0.916656
0.506488
2.52182
1.91755
2.83333
1.79149
6.25038
6.41196
2.46094
1.36699
7.98847
0.978644
2.26605
3.26095
2.89695
4.66486
2.33876
2.47256
5.31209
3.26545
8.42291
6.94058
4.39514
14.6693
2.06868
1.22223
6.70009
2.74463
1.30244
1.62297
3.17733
3.9572
2.73582
18.9979
2.37859
6.5464
5.13882
1.40541
0.74936
2.93722
20.5075
2.6874
2.25463
0.964414
0.608332
3.57695
1.90476
3.37508
3.10099
2.61316
3.17026
3.31887
2.73565
6.01557
1.80864
3.06512
7.12079
2.48183
1.27725
2.61453
1.85421
3.08334
10.7477
3.9742
4.88399
3.49098
1.75234
1.63494
1.88646
3.51928
2.27754
19.2409
9.37835
1.40469
2.8576
5.75692
3.20352
2.68723
5.56363
3.85946
4.57585
3.13225
3.18696
2.91777
5.41455
0.606436
2.93717
1.37452
2.58764
1.34089
3.28612
3.71682
3.44082
2.34529
2.51303
3.95649
4.77214
7.35509
8.74507
4.00919
10.583
2.50688
5.10462
8.29089
3.99139
2.03545
2.60652
4.75209
0.511985
8.51528
11.3673
2.19781
2.14902
2.10981
7.34382
5.3921
3.86031
5.49577
5.48151
4.17474
5.45591
1.81395
1.98327
2.50556
1.70941
8.3275
3.35357
2.34068
1.45672
0.790571
3.08554
4.02429
3.99531
2.56475
9.74719
2.83197
1.65018
8.53793
17.0354
2.48036
7.29116
3.88923
3.36813
3.22885
4.32801
5.29656
1.89042
2.58192
2.25396
4.78752
11.8013
4.75803
2.22361
6.56719
4.8183
3.1707
2.88467
1.48629
2.86805
3.76359
2.7728
2.06875
3.65802
1.39348
4.48151
3.50508
3.01982
0.93514
9.18589
2.65598
6.92287
2.49067
17.8737
1.23506
2.71128
9.2842
1.79169
7.30934
3.20762
1.72005
5.38484
0.918186
9.5862
3.07668
4.62543
8.72365
3.26541
3.16744
1.34295
2.64707
2.30158
4.243
4.95823
5.10571
2.43071
5.35415
5.62626
3.10097
5.3432
2.42284
2.14957
3.05006
3.14056
21.3366
2.9926
11.4702
6.04763
2.72883
4.01678
6.20487
3.30457
0.980881
5.04664
3.32894
3.65082
3.27803
0.674118
3.87663
3.84655
3.91421
10.1258
1.43023
7.99174
2.34418
15.3874
1.84162
9.28711
5.07819
2.20537
4.4959
9.53641
2.0935
1.99038
1.15105
0.873683
7.12085
1.34584
5.74195
1.98273
1.76662
2.82707
12.6381
2.92742
2.52084
2.72079
6.73615
2.90782
5.69092
6.9984
6.18613
3.93181
4.28402
3.49581
8.5527
13.641
2.68018
2.55536
1.74093
2.32872
3.37572
4.43152
0.639194
4.99132
2.48982
2.02689
3.33757
3.02416
2.39286
4.578
3.54647
1.95445
4.19302
4.25887
1.81567
1.05599
5.09401
1.5758
5.81686
3.89386
4.58419
2.99893
4.51462
9.57463
2.5586
4.5762
3.0631
16.3117
9.24953
5.15816
0.683451
2.58199
7.1661
2.39364
17.6135
5.10383
1.1703
1.11375
5.21076
1.65142
1.95127
3.45783
4.92899
3.68395
11.4323
0.957164
2.80033
3.04355
5.69428
12.5757
2.79785
7.32806
2.1089
3.11112
4.74991
1.28621
2.02741
1.34531
3.8969
4.87533
1.0457
4.91795
3.51833
2.6269
1.80468
24.6575
5.2255
3.47815
18.359
2.05024
1.05862
4.70305
2.46208
2.59209
5.7599
5.91547
8.40725
5.63407
3.74699
8.85982
2.56178
5.68855
9.61706
1.45753
0.761014
3.49351
5.33561
3.63913
4.49436
3.23349
3.71874
2.87399
1.28615
4.98647
2.16633
1.58202
10.8727
0.403539
2.71194
1.81852
4.20785
3.13894
4.78288
3.93352
6.39257
3.71787
3.7098
2.62191
2.94905
3.21355
16.6833
1.97207
7.94997
14.9712
2.04321
5.82479
3.53251
2.85098
1.89167
4.15564
1.43024
2.04312
3.74451
3.01339
7.892
18.2025
6.50488
1.71913
0.985121
1.36709
1.08171
7.75355
6.11161
1.03455
5.8708
2.27611
2.09072
4.44061
4.14924
2.6914
2.24193
2.83762
2.64494
9.49737
2.59283
3.47377
4.2648
6.34201
12.825
0.53534
2.07003
1.94324
2.14915
2.27136
4.64654
2.18593
6.60151
3.69919
6.15476
7.87516
3.11572
3.12111
0.703256
3.70308
3.71285
3.25264
4.71285
2.65942
3.78494
3.69517
6.37631
3.82307
0.473894
4.87724
6.08932
4.25831
3.03842
3.43752
3.20934
3.00056
8.93923
6.43881
2.48242
3.50747
1.70727
6.08538
2.45116
5.49711
5.8476
2.29937
0.515987
7.02303
2.58988
0.759603
0.244058
2.37318
1.43446
1.72819
6.09907
7.73501
4.96061
5.39454
3.99568
16.4943
8.95591
2.78336
1.49127
2.40617
3.21468
1.89915
5.61082
13.0854
1.14642
1.21511
12.1843
7.00757
2.63772
3.7287
1.79755
5.35323
2.09172
2.84829
2.53756
4.10628
1.59927
9.07568
5.23649
10.5378
2.55462
7.86267
4.45823
4.57161
2.79577
0.926156
1.68903
4.05336
7.77241
2.96145
0.949095
18.6762
2.1352
1.41826
3.21738
11.4019
3.97678
3.25648
1.61336
6.27665
2.67624
2.49381
2.65351
9.43137
2.90199
2.59791
2.606
3.27427
1.56615
4.07602
7.06789
0.692642
1.53871
3.04308
2.47871
4.11406
3.10876
4.40901
1.57806
3.7179
2.6569
4.14226
1.96463
12.9178
2.5709
9.44878
2.65455
1.10361
4.79071
11.1753
2.19693
2.80956
3.54653
1.69532
6.80241
9.22137
3.36773
4.63418
3.19578
3.47895
4.27525
2.93362
3.08975
2.85025
2.32704
5.49098
4.50244
5.29684
7.41272
11.1774
4.88638
4.32549
2.56546
19.8421
4.24054
2.92897
7.9033
1.97695
4.72895
2.62874
2.91481
2.98256
3.86441
2.89611
15.1729
0.74206
10.6864
2.1162
5.04769
3.79192
3.85937
1.77594
2.22149
1.34902
1.86332
4.93485
3.00566
6.83929
0.90223
1.18455
2.62004
3.47603
6.56449
1.17834
3.93289
10.516
0.802852
2.49688
1.84009
3.53468
0.92206
1.25427
4.46669
3.02334
8.06127
3.89057
3.22651
9.23303
3.26983
4.93098
5.605
3.3511
3.18322
3.42747
1.46772
4.504
1.79272
3.94815
4.42115
4.84654
3.59472
6.57682
2.81942
1.07198
2.51577
0.474903
3.38832
2.66149
13.9126
6.19741
3.35229
4.9399
5.05405
0.192385
1.98528
4.51165
1.78284
16.0078
4.78056
2.26885
9.08971
2.32637
3.7171
5.44378
5.20128
2.45455
1.93814
3.39405
3.3859
1.4631
2.41872
3.13591
9.07135
0.68944
2.91257
3.43528
2.46347
8.81431
2.39727
5.22716
1.84418
1.19973
2.44943
1.46374
3.0975
2.50345
3.4774
3.16834
2.88019
3.13685
17.7488
2.31574
5.89844
20.0737
1.40717
1.20852
7.26327
2.20713
10.7114
5.7415
5.30107
1.31032
3.57753
3.44443
4.5651
5.52353
3.12653
1.33974
4.32033
3.48339
2.58125
4.12335
2.14378
6.31008
17.713
1.36572
12.1095
7.51463
5.1933
3.45582
2.81744
5.61781
17.5842
6.61533
2.53524
4.03006
3.52078
0.967515
2.42773
4.24559
2.88573
5.07929
3.26355
3.0818
2.98273
2.01896
1.24532
3.12434
1.27678
1.95238
3.18345
1.7239
1.61665
1.63622
2.4254
2.20424
3.53761
2.29251
2.32931
8.99194
1.11475
4.97126
3.38796
3.21069
2.91371
4.52119
2.25414
4.23561
2.66507
9.4955
6.43409
2.84034
6.12472
7.04803
4.19558
7.18666
7.41443
3.85599
6.51609
2.49294
14.1243
4.50835
4.46018
2.98444
7.07536
8.49772
6.66805
11.8348
2.66513
2.99271
1.92455
1.46511
1.92093
4.98244
4.2511
6.73322
1.45903
3.41617
3.17822
3.79969
6.80049
2.78563
2.83211
1.55391
2.01666
1.72521
5.95963
4.48141
4.69703
2.91504
12.5447
2.74546
12.6877
1.02197
9.17533
2.27996
10.3151
5.63645
1.92609
3.44938
0.707604
0.963936
6.2479
2.50909
2.70404
4.01465
0.40556
9.0509
3.64514
4.0647
3.35742
1.13552
9.39446
1.15557
2.58145
6.40812
2.16216
3.38624
1.60588
2.08866
2.67332
5.01585
6.18645
1.58826
0.834641
4.41127
1.73122
3.78708
2.93733
7.21667
2.96317
20.7984
2.70171
1.26488
0.763481
3.73339
10.553
3.42795
4.25769
10.8225
3.49917
2.49603
10.0272
1.0276
1.59706
1.62437
4.22587
6.42786
3.54342
3.41619
4.00051
1.80452
4.23064
6.98692
2.14867
8.34308
2.28982
2.6251
3.44532
3.70718
3.43104
6.90179
3.65977
6.33179
3.91649
2.47798
1.70859
2.1123
3.34144
6.46072
1.48866
3.37234
22.6636
3.28889
1.95409
2.75238
1.09841
2.03044
3.31819
6.58797
2.67029
1.14839
1.63963
2.18768
1.76841
6.84142
1.8952
7.16279
3.6289
3.16959
3.50172
3.06149
2.63892
2.61473
2.11953
2.70475
10.0803
2.31794
3.45783
4.89133
0.83073
6.3624
2.39687
1.98569
2.77641
3.5974
2.99334
3.47706
3.44253
2.66498
2.02156
6.8406
2.32536
4.67562
1.34376
2.62998
4.46895
20.192
0.845125
2.50673
2.23381
11.1741
12.7565
5.83598
2.37917
2.98505
2.31714
3.1127
2.43472
2.33813
2.20893
13.0357
1.96773
14.0541
1.04167
5.23649
2.91871
1.48303
3.65356
2.07117
3.49882
1.98788
1.68448
2.87763
3.01329
1.78189
22.9832
4.2897
4.59021
3.8105
4.22875
5.54988
4.22138
1.29323
2.60181
16.7066
1.69362
1.43181
3.06746
5.47779
2.41818
3.23347
6.58567
3.23326
11.0275
2.90341
0.786621
1.23461
2.25286
4.91302
1.44512
8.43705
4.35519
3.12938
4.10007
3.16589
5.59761
2.02263
5.09907
1.40443
3.47834
3.64751
3.67244
10.2445
2.80758
2.75966
2.39453
4.98795
2.66662
3.27036
4.25476
3.95434
1.4705
6.97049
7.56214
7.53535
1.50313
2.72351
1.87149
3.22827
1.88714
1.90132
4.29873
2.20819
5.0115
3.64043
4.35169
4.53882
4.64487
1.17349
5.94143
3.09664
2.04381
3.7152
1.93641
2.76515
2.60011
2.22359
3.15598
2.4484
1.44062
3.1473
4.64143
1.78282
0.706126
24.4359
1.97898
2.96558
1.72255
0.931003
7.38413
3.69185
4.16335
8.36625
5.79461
10.107
6.16758
5.96623
3.44104
7.19386
7.72517
5.31305
3.87056
7.6064
1.69919
3.42845
3.48639
2.91138
3.25919
7.27062
14.6842
3.2154
12.2921
2.65096
4.06761
6.43578
6.04348
11.0715
2.29842
3.22295
3.88701
3.7297
3.74763
2.20594
1.53671
5.06023
2.89391
3.78145
2.77616
2.29269
2.26117
2.46971
2.77064
2.34308
8.08233
17.7444
3.66152
3.74254
4.65619
2.81071
3.06299
1.65176
4.90974
6.90375
2.59717
3.11078
6.96994
11.5735
11.2418
7.64083
5.46426
1.1875
0.660288
5.12804
3.64252
3.79914
3.84102
3.56046
4.88241
12.5848
5.79709
1.09121
1.45332
2.36358
3.02389
4.58674
1.33839
1.73268
0.582193
2.11208
1.98163
2.56317
9.46569
4.12797
0.764127
2.32144
3.59245
5.74024
2.81541
4.05754
1.98995
15.9567
6.60948
5.85996
1.9002
4.73646
3.58939
5.80929
4.21912
6.59307
12.4335
3.48944
1.64083
4.80137
5.03635
6.52715
2.25623
2.18995
2.91244
3.32669
8.87576
6.54881
0.881128
4.15738
3.66257
3.13748
2.49274
3.28974
4.31647
7.00208
3.3713
3.456
2.71149
5.62556
6.94589
2.19116
2.16335
7.47739
1.40944
7.75676
2.49444
2.49999
3.95186
7.78011
3.24386
1.74554
2.5646
2.23074
13.3655
3.13776
3.38285
2.50018
4.28649
7.80329
3.16459
1.82637
2.31864
1.4592
3.35874
4.19064
7.27244
3.83097
2.26419
2.91295
2.02603
0.941028
12.8151
5.49884
4.30851
4.44374
4.47329
1.45171
5.58396
0.229036
2.90293
0.165962
2.46134
1.33276
8.08435
6.65476
4.2759
1.00382
5.14346
5.1566
3.93455
1.25277
5.62087
5.96746
2.66685
3.19174
4.99818
3.11244
2.44972
5.85653
2.97267
7.26431
2.71653
4.40349
3.32386
12.8285
3.45582
3.63683
7.60425
22.9777
3.92662
8.69666
2.70222
2.78728
4.33199
7.73047
2.51267
6.6652
1.11669
19.7948
4.44391
3.14272
7.77548
20.4497
3.79283
3.36702
18.1404
2.61284
3.54051
3.35876
4.87971
1.69267
3.49459
1.08856
4.04034
1.55092
3.73874
5.03811
5.20828
2.79242
4.34998
4.31088
3.64344
2.64195
1.49929
1.55022
6.5187
8.74398
6.7482
4.43316
8.6304
12.3308
2.16665
2.31539
1.68375
2.41335
2.88065
1.88399
6.10977
8.47769
1.02579
2.16708
3.25828
7.68906
5.012
2.6304
2.77446
2.89319
3.36585
8.24846
2.50253
1.70449
2.02162
10.4586
2.75483
7.78823
4.58837
1.40455
1.58719
1.73173
2.29625
4.38489
3.12052
6.18666
3.81004
3.06822
3.12919
3.50289
1.06702
2.07455
2.9112
5.89373
4.04804
2.71585
2.08181
6.44223
4.80266
6.95718
1.95256
3.72948
2.50815
3.6149
4.44825
9.02234
4.07312
4.886
2.30813
4.26689
9.36085
3.34139
0.951679
4.39209
7.83922
3.19921
2.38828
1.78351
6.37776
5.89063
0.723204
1.82027
5.21321
6.77446
4.77029
1.26491
3.3457
4.96787
3.74365
3.27228
4.6655
1.84547
2.86138
8.923
8.77385
11.627
6.43154
1.67512
0.842617
4.49212
4.91766
1.68583
5.6843
3.56558
2.18958
1.2678
1.25475
2.42305
4.79151
10.3294
1.36504
4.68169
22.5587
3.04151
4.02999
3.30657
3.98942
2.61266
4.39338
2.71766
5.62274
2.4824
3.28605
5.43733
5.39076
0.827952
2.36761
2.72245
2.84311
2.03462
1.59505
2.30538
2.14927
4.52713
1.84537
1.84651
1.52003
4.40312
4.62835
0.494074
9.63143
4.24288
6.16374
2.78625
7.78038
2.27291
6.17986
1.57172
5.32199
2.11739
8.42127
5.02569
2.90831
1.2829
3.25657
2.96553
6.65851
3.7844
4.26022
1.53843
2.71506
2.21506
3.46004
1.14343
1.84261
1.92802
3.23302
4.79239
6.52287
2.13686
6.19547
3.28328
2.72529
1.56394
3.76109
4.18384
3.97904
1.82277
3.34264
15.8665
2.29415
14.5123
7.00669
9.90758
10.4589
0.814875
8.56209
0.861032
4.43934
12.2598
2.24549
1.87253
2.98819
1.10636
5.82782
9.07155
2.19374
5.09533
1.75927
2.15128
4.10199
3.25179
6.30861
6.97916
12.5996
2.85411
5.61631
3.62259
2.69645
5.1623
2.76839
4.29472
9.66685
3.97949
2.56378
1.37938
4.07004
1.67395
1.25239
2.92122
4.97137
12.7988
4.1772
4.63209
4.7101
1.21712
10.0663
2.98889
11.6348
2.29843
7.93621
1.96738
5.63431
2.18504
4.77805
5.36255
10.0555
2.0581
11.4614
2.40347
9.09783
13.2131
1.45867
3.76998
8.45624
2.0533
8.09306
2.32581
4.89532
1.6206
1.06723
3.52614
3.14673
8.24584
2.96907
3.73174
2.62172
10.0629
2.83935
3.93098
1.9477
2.37147
3.70624
3.81066
2.54433
2.04606
5.17775
4.71507
4.85299
1.69269
5.32931
2.45654
4.59925
10.0962
4.21874
5.63514
3.45996
7.30329
2.12166
3.25637
2.63619
2.3931
2.26447
2.78065
16.1524
4.66024
2.4381
3.59595
6.75527
2.8304
1.8384
5.30127
3.00055
2.41903
3.60244
4.92316
11.7192
5.26453
4.73895
3.15826
4.02359
3.28963
3.73066
1.341
1.90186
6.29361
12.5464
2.02929
6.66706
2.67489
5.29774
6.05945
3.83027
11.4633
2.04501
1.99674
3.12406
1.76647
1.35399
2.30972
2.10291
17.7085
3.89707
4.23577
2.82032
1.41506
5.07723
2.29278
8.95036
1.18693
18.9724
4.11358
3.25006
8.66692
2.5653
3.49269
13.445
1.31848
1.72185
3.74982
0.424722
3.44305
3.13401
3.08184
2.91894
5.42978
1.79714
2.09626
6.70866
2.84421
2.47201
2.74292
4.7631
2.33653
14.2991
3.77435
3.89121
1.39858
1.94678
0.582971
2.60513
2.7706
6.22122
2.25563
6.30781
4.20574
2.02193
22.7713
18.481
3.7985
0.706381
4.94138
3.16432
2.89099
3.08988
3.84936
8.95203
21.5182
1.19263
0.923741
3.25165
3.22845
3.27495
11.2023
2.86487
7.33222
1.80128
2.66489
4.62135
2.76099
0.820247
4.08351
1.90388
4.32552
23.7166
1.24816
1.56963
2.55393
2.28687
0.927766
3.76859
11.2666
9.67981
13.0526
3.0253
4.66217
2.47432
4.97473
5.90728
0.454375
2.09431
6.23686
1.19499
1.20489
3.70256
3.67654
6.0591
7.78334
15.9089
6.44859
7.04087
9.438
0.680425
1.23373
4.95923
1.21606
3.17812
2.26449
2.64778
1.74496
3.62979
1.15539
3.32195
5.15881
2.82906
2.57984
8.02571
4.20699
3.05392
1.00222
12.0162
2.75463
2.53411
2.73296
3.52385
2.22967
11.1249
11.5489
1.58908
0.682197
3.9571
2.76587
2.63179
8.8553
2.54968
7.4999
3.81005
3.90485
1.8866
3.2299
2.04822
2.75904
8.15604
4.21241
5.7033
3.99512
2.53366
2.41358
7.72495
1.69693
5.33873
4.87998
1.76316
4.35269
2.4525
7.58863
1.69228
2.53751
6.46281
3.17752
8.17922
8.71791
5.86486
2.73689
3.53254
11.807
2.76294
2.17149
4.37383
4.35509
2.25972
3.35205
2.2661
5.27562
2.2902
1.64704
7.76283
7.69569
3.33439
2.89369
1.97897
8.8817
4.27245
3.41402
2.3676
3.74165
2.43034
1.04239
2.3764
3.71074
3.08469
2.2509
1.59052
2.76398
4.81856
1.17139
2.44136
9.1993
1.35379
5.59294
3.77986
4.4105
2.43019
9.25667
2.32549
2.10209
6.05956
3.04136
4.75688
2.78901
5.7182
2.4179
12.0193
4.72112
4.52546
3.07852
2.29293
5.94853
5.29293
6.06635
2.29685
1.99505
3.87298
7.55249
3.25656
1.36443
11.855
2.38949
1.90082
5.72613
3.51262
2.11406
2.88085
8.71364
4.77609
7.04437
8.6
10.0475
12.3915
2.78031
4.96227
2.01843
2.25324
2.92366
3.85741
5.16534
3.02775
6.19758
2.59437
3.89654
4.52838
3.25466
3.75352
2.99804
3.02078
5.60637
3.3321
2.01733
2.31405
8.58361
7.23304
1.81688
1.92277
2.26071
1.50133
2.46037
1.91474
3.71788
3.80337
4.52316
7.43459
1.71091
2.25416
7.62414
3.80175
5.13949
5.44403
2.9131
3.57257
6.55819
4.01591
3.74647
5.12321
1.66787
4.71895
6.82848
4.46519
5.59753
2.83857
3.00206
4.60324
1.9926
2.30886
4.16583
4.35373
2.56229
5.52952
7.61454
12.9206
1.96031
3.81169
23.6266
4.26626
7.27106
1.85659
2.1459
3.92134
6.70405
5.92918
7.40371
2.36938
5.71731
5.13948
16.6409
3.27271
3.17414
4.84879
3.97617
12.7223
4.48622
5.6
3.07571
5.04803
2.01243
3.61072
1.85194
4.13737
3.02624
1.17327
2.07733
3.81543
2.07554
1.59436
9.8962
2.49746
3.77152
4.49594
6.95665
0.80455
4.06384
4.04577
3.02817
3.8662
10.8231
14.7581
6.80204
5.19214
3.34449
1.78329
12.4114
1.84967
6.43244
3.05584
2.54735
1.05194
16.5262
4.68818
3.43281
2.43451
2.40036
3.22182
4.63675
3.04062
9.36582
4.24159
2.79027
3.74986
4.99553
0.79408
2.41738
15.0088
4.43343
4.28475
2.82425
1.51467
3.30471
3.32377
2.41532
6.89583
13.456
4.249
6.96588
3.00615
2.99535
9.3868
5.65397
5.23062
3.73466
4.60957
1.11044
2.2252
5.94658
1.16032
3.35255
2.83032
2.23617
3.74373
11.9818
2.76988
0.563565
9.8715
3.01143
2.7301
5.60786
4.95862
5.80654
2.21797
3.38257
1.29073
3.76749
2.86203
15.7392
8.02822
2.71736
3.20084
2.94705
1.61293
4.50297
9.2774
1.65805
3.21207
2.2178
4.09339
5.33459
5.34271
11.5128
2.38365
4.95434
3.36916
2.43162
2.9526
3.38784
3.99511
2.77801
1.7439
2.05332
1.60837
8.73983
2.76365
2.87524
2.84335
0.99372
1.54067
1.28997
4.92162
3.19259
10.7315
2.85568
0.661477
6.42068
2.27198
6.68924
1.23507
6.64463
3.14643
3.86883
2.75871
0.173364
14.061
5.88255
2.51675
1.8868
2.0065
2.41295
1.98994
1.99543
8.2996
0.855625
2.48952
0.875737
1.12793
2.29891
5.62338
4.52976
2.18984
2.32072
3.83175
3.42008
15.2661
3.83112
2.62266
3.02344
12.4791
3.14766
1.78477
2.4034
0.899034
3.05601
5.64096
2.20828
5.19126
17.6413
6.32567
1.41737
3.23095
15.4532
2.94035
2.57974
1.88495
5.49704
1.58736
3.07926
2.64086
2.30369
2.59083
3.40076
3.3162
2.14359
3.4586
2.2221
8.33679
3.51615
1.34222
3.92007
1.10336
4.33419
2.64665
1.65393
6.84562
14.6863
5.59821
7.73625
0.670368
1.58734
4.81147
3.15948
17.1683
3.4969
10.1169
2.52268
3.72952
2.62048
12.1686
3.59225
3.38193
5.03084
8.1543
2.93171
3.75481
1.65979
3.81051
5.05825
2.2663
6.7544
14.1146
7.47613
6.18242
4.70328
2.97935
1.57175
5.13986
3.42338
0.557102
10.3324
4.9514
2.75208
3.48334
5.02122
3.24662
4.45828
15.6355
2.22041
15.6858
11.2408
3.54345
1.10126
2.2289
8.06546
4.63707
3.75669
11.8264
2.0808
1.8681
1.77783
5.15073
24.5121
2.95611
1.95996
1.5357
8.81228
4.00903
3.84918
2.4677
3.42783
2.19463
7.8386
3.05265
3.96855
2.4494
4.09574
3.26018
7.09069
4.02419
2.4061
1.50784
4.46194
4.11274
2.89876
3.93212
5.99306
3.90974
3.9373
6.84498
2.65673
3.21514
3.02319
2.10572
3.63388
2.38246
4.01246
6.53332
4.79238
4.11794
1.56771
1.87642
11.7626
2.14038
4.74533
1.63145
5.23545
3.88223
3.35682
5.15203
5.12892
1.35894
5.75961
3.21504
3.35835
4.52013
3.88483
1.91122
8.67944
3.76151
2.39907
1.34266
1.62816
2.6731
1.78619
3.21286
3.68418
1.41026
4.79825
0.696284
5.31374
3.61436
3.50138
2.97966
9.68488
3.82521
2.9706
2.45763
3.44741
2.43489
6.61763
6.42748
5.14359
2.6143
4.00582
5.50876
5.58555
4.65968
9.72233
4.35328
4.71015
4.31758
4.61788
1.58542
2.55409
2.27506
3.63461
4.07422
6.79853
4.4123
4.25389
4.12905
4.17936
1.6568
2.48368
0.497297
6.03848
8.28246
1.77221
12.817
5.59032
3.28234
1.61039
4.88167
2.57735
3.18797
6.00784
1.80734
3.36104
4.96201
6.90776
2.44139
2.47381
2.35947
6.95402
1.12178
16.9907
4.33711
6.80454
1.06502
1.76363
3.37286
7.08882
7.06592
7.25024
4.44063
2.69619
5.88142
2.68466
1.1218
10.466
3.41755
0.553917
3.32996
3.5193
3.56843
1.80576
3.58399
2.22201
6.16357
7.45263
6.0527
5.28017
4.22361
12.0954
2.6317
4.16524
8.62125
11.1506
6.38346
6.11492
1.92588
4.11026
3.38434
4.95562
1.32422
5.44518
5.29306
7.88392
18.8176
4.38898
5.58086
2.28892
4.91852
1.75617
5.1695
1.88521
4.931
2.91582
17.3003
3.4359
3.0096
1.19866
1.18579
2.40766
0.76177
1.60894
6.92175
1.73765
4.19392
4.113
16.1678
3.23184
3.7231
1.45603
1.90744
4.77291
5.82309
5.65297
2.05683
2.67487
1.05115
4.38027
5.31656
2.43192
7.81801
3.24976
19.9059
1.09888
20.9127
2.83993
0.550067
3.40391
4.62089
2.89873
12.5489
3.95712
1.71805
4.86425
1.29745
3.77932
3.42038
2.3287
0.821002
11.2465
3.56084
3.05064
4.02765
5.94197
3.56029
4.91212
2.1517
4.01949
1.25147
3.79201
1.60095
1.37884
5.52852
1.66394
2.24832
0.615041
7.04017
3.40364
7.70408
4.56832
6.2466
2.7277
6.51835
2.30447
1.96049
4.44733
13.7743
3.76494
3.19221
3.66668
2.95744
1.15739
4.42774
6.0953
2.6681
0.698321
6.30632
5.07215
6.93597
8.6007
2.75643
1.12242
4.35353
6.08385
1.9041
5.86182
1.36777
3.51756
1.59078
3.46597
2.37594
6.10824
2.54491
3.44955
3.25688
2.45832
4.0062
3.8212
2.37034
2.02675
2.66993
2.81835
2.92499
3.81927
2.33469
5.24697
2.0959
2.73498
12.8833
0.568739
3.49274
3.02488
1.08833
2.35731
9.64501
6.27057
3.25025
3.27222
3.83705
10.3608
3.29938
4.75961
4.38069
2.91334
0.898815
2.04111
1.99865
3.02674
3.10467
4.4757
3.61964
3.43046
1.99322
3.67496
3.30591
14.9278
3.25557
14.5019
1.4598
3.74617
3.74051
13.7011
6.62129
1.3778
4.16539
1.22875
0.780434
1.52957
3.15831
3.48161
2.79432
6.5534
5.14412
2.31368
2.96815
4.62019
8.18913
2.10071
8.53386
3.62624
4.58923
0.905554
1.68325
2.30035
3.35792
4.21152
5.91892
3.65523
2.26036
2.96234
2.46429
3.21591
14.8646
3.85029
5.78708
14.1005
5.95976
2.43093
3.94987
1.23812
2.34209
4.29508
5.97779
2.09625
4.29702
15.8484
1.40106
3.25578
3.30006
7.39272
1.13534
2.36969
8.13439
2.20993
3.23708
1.21584
11.9225
12.6927
6.38953
2.35148
4.32829
1.09032
2.21773
3.37608
1.79368
2.29426
4.55609
5.09316
2.4069
3.33394
19.7523
3.16192
5.10621
5.41612
8.03468
6.3578
3.17682
1.89851
3.90419
6.71902
3.61696
2.76974
4.08784
3.69352
2.20757
1.38855
3.38312
2.85833
1.46682
7.51662
2.69115
2.41155
2.49028
3.9397
5.38357
22.2061
4.94285
3.13882
3.56454
8.98434
1.97629
1.47272
2.69744
3.32582
2.37298
6.81151
2.15418
2.41952
1.3467
4.42463
2.1121
2.20781
1.87936
1.52352
2.27122
5.94899
11.0447
5.753
3.64923
3.07072
1.49651
4.56228
8.37652
12.5097
4.6505
2.28396
2.74982
2.19122
4.76193
11.5712
3.46392
4.11431
2.82168
1.2619
6.52597
2.28839
1.73778
2.1781
2.81796
1.63565
3.52853
6.6423
5.76512
2.60334
8.60838
1.46077
4.87569
9.0738
2.27726
1.98193
9.36651
8.37415
5.23363
3.59055
3.16326
2.25558
3.39899
5.41576
13.0243
2.75656
18.3436
7.06645
3.03038
2.7648
5.23273
0.850542
0.830597
4.54689
5.46652
3.42181
3.30934
8.16748
3.53322
4.06435
9.03739
2.16387
1.77996
8.57977
2.22948
0.878653
5.35203
5.57412
4.33104
4.84794
11.0102
3.98504
3.89599
4.93609
2.79114
6.19675
1.75278
0.697187
0.818359
1.21467
1.85891
15.0911
5.27678
5.95049
5.02239
2.3896
2.75392
4.65996
5.88627
2.49311
1.95678
7.23972
3.02799
10.3905
2.65976
8.04489
1.25812
3.66265
8.76891
7.10258
5.79282
1.15236
2.90932
3.2484
1.02168
2.10377
7.27433
9.7545
8.84443
2.23975
10.1994
3.69078
4.68288
3.52332
16.4817
1.79088
2.93883
3.65173
1.15408
5.95173
2.3445
2.91548
4.63508
2.68162
2.4955
3.57256
6.24103
3.52985
8.95136
9.76046
3.6124
3.30296
2.02895
4.1116
2.85272
8.53637
3.03272
3.44689
3.33273
1.21716
4.84122
6.35037
4.8548
12.0455
3.61242
2.19848
2.16918
2.15985
3.08451
5.60223
7.47291
5.1637
5.24857
3.47677
3.14627
8.67604
7.93319
1.93885
4.28117
4.07142
2.94371
1.56577
2.81974
3.63139
1.96049
1.09364
6.11292
8.16275
5.08818
3.36895
4.31167
0.616604
3.01009
6.42522
0.74051
4.05238
5.39453
5.82208
2.40387
3.54686
11.7134
2.67926
5.3052
7.81719
0.887306
8.39422
2.87362
0.837279
1.94742
3.09106
6.29763
11.6436
17.9437
16.1944
1.99527
0.780233
2.34965
15.0206
0.721335
1.0237
2.3137
6.79019
3.10489
5.54391
2.59316
5.77597
1.95033
3.87699
3.97911
1.98167
2.28114
3.33633
2.31309
1.51095
2.40998
5.58098
6.1812
0.697849
1.42506
6.53084
5.13214
3.84698
4.44271
1.80849
8.05705
5.91977
3.43221
1.40362
3.50831
8.33746
21.5771
15.8444
22.1455
2.85749
2.12415
2.35066
0.704005
5.31195
2.5
1.28277
1.29648
2.78705
2.39266
2.01197
3.63815
7.71381
10.0474
16.9095
2.82552
8.67007
2.12996
1.54309
4.42088
3.35166
2.57335
4.99597
2.34563
4.05556
11.3258
4.36295
12.7778
0.733181
2.61907
2.88921
1.73734
4.36377
3.08283
2.27244
3.09969
2.93169
1.39448
5.47651
2.6728
1.78936
15.1087
6.07167
6.70141
1.51436
2.40169
8.32918
2.53622
6.59176
3.13853
4.40259
1.0778
2.48523
5.92995
4.77107
4.45858
3.31686
3.31919
4.54056
2.83371
2.5523
3.89431
3.47308
2.4612
0.987192
1.91689
2.29393
7.89109
4.19777
3.11385
3.31649
4.78734
9.49191
8.8867
1.01682
2.00233
2.61119
0.645903
4.78805
1.30766
2.43403
2.68538
2.859
2.65623
4.74676
6.79693
5.58479
2.83797
0.66711
1.47882
13.9799
10.1884
2.17095
5.82605
4.08312
3.80465
3.11497
1.16023
3.12794
5.99213
1.8118
2.29366
3.90419
2.5622
11.099
5.33556
2.42298
6.94442
4.50591
8.42541
2.1736
2.10928
1.72229
4.21173
3.9862
2.1165
2.61208
4.63147
2.35271
0.784419
3.63985
12.839
4.72792
2.45258
5.62246
3.6539
2.70387
1.73444
4.53308
8.43464
8.04341
1.98716
3.52625
3.11896
1.54123
4.6347
3.37159
3.83606
10.2435
5.91353
19.4407
2.47154
3.47001
3.22767
2.33445
1.69366
3.18674
1.33232
1.27192
4.95478
3.31404
2.50114
3.54081
12.763
13.596
2.20828
4.67604
3.25023
3.29154
8.25068
6.83058
21.6257
2.61538
10.1675
13.9469
6.18532
1.17681
2.82052
1.62856
2.83414
5.32158
1.84684
4.00727
1.40273
2.85415
4.63089
4.20061
2.09082
21.4316
5.06584
1.84002
3.38634
2.67637
2.03014
3.88677
1.42946
4.62891
3.06092
4.55718
2.15652
3.90527
2.09789
5.07974
2.81763
4.14236
2.57099
8.17896
1.61343
2.17465
5.33441
2.35611
0.597379
1.79467
3.78506
4.28022
14.9152
2.46546
2.0207
4.32627
1.93665
1.07751
2.59139
3.0338
2.52754
3.50965
3.13612
4.13963
2.68854
6.79789
3.14521
3.56905
3.40736
15.5423
3.94869
6.8315
16.6513
2.03066
1.99567
5.89061
4.74758
1.35853
3.99357
0.969588
6.2575
5.19099
4.48023
2.24003
3.18427
11.5215
7.68566
2.10039
6.37515
7.14053
6.95481
2.57632
10.1008
8.77598
5.67438
3.22208
4.0628
4.7513
4.52244
2.5784
2.42749
3.74862
9.26148
23.6569
1.13778
4.48064
2.8675
2.8291
15.5592
2.80787
9.56568
2.84699
2.88324
4.42375
2.33759
4.51077
2.35638
2.78951
6.09577
6.51144
1.56021
2.39054
5.69816
13.1488
2.43883
4.11732
2.44936
5.60367
3.3769
2.40858
5.09211
2.46523
8.31181
6.57614
3.84159
2.77228
2.71311
7.86861
8.25286
8.65719
4.69839
1.2362
6.92341
8.3746
2.8934
4.26003
9.40985
3.40778
1.41463
2.79992
5.33349
2.88923
1.63365
13.4086
15.7558
4.83421
5.2193
3.04986
1.47984
3.51403
1.60002
3.08356
2.06405
1.42996
3.23168
3.41624
4.19794
1.19589
2.47276
2.97932
5.33399
6.44094
7.35816
4.16274
3.40506
10.6136
1.06911
9.74531
1.96166
3.65191
0.776713
5.38969
2.20484
2.83375
3.08428
3.82019
4.40058
9.06407
1.33917
3.4004
8.65462
3.19334
1.75501
7.54106
2.81995
2.48103
4.11855
19.0241
4.90087
3.50218
2.82847
15.6269
3.80762
1.66651
3.0449
3.96508
6.6154
6.25278
5.79695
0.618502
4.0894
6.21105
3.11613
3.48393
2.93544
2.63567
11.2165
4.15351
16.238
9.84487
3.6645
18.539
2.36352
3.27951
12.0288
6.06817
3.21903
0.726934
2.14969
5.02696
2.22206
4.01577
5.98719
9.59729
1.23671
1.84345
2.33579
2.95062
2.99876
10.591
2.59637
7.74657
7.69788
3.16123
3.1475
1.19656
3.18109
3.51122
4.09019
5.59837
1.6935
7.00321
1.86119
8.25681
4.23053
12.6858
1.39489
3.70956
4.10122
6.51678
3.0373
14.5063
3.56344
4.02641
3.73964
3.08151
2.70959
3.58783
2.54069
1.52907
3.80975
5.912
2.60706
2.07481
3.3161
1.11744
1.2064
5.29748
9.02197
4.44249
4.69501
1.43734
2.12019
2.36364
2.37014
3.84907
2.21084
2.26542
2.64421
15.527
5.26058
4.69154
6.39399
1.49336
6.41627
3.79789
2.22248
1.31568
1.38042
5.35464
2.52784
1.33238
9.41387
6.7885
3.06043
2.60696
18.6949
1.10989
5.31267
1.69769
2.86267
2.92105
3.09932
3.14075
2.21203
5.17914
7.13169
2.70838
4.0041
1.43631
4.03775
2.96469
3.12008
2.64127
3.90726
3.33275
3.158
1.97679
6.9208
7.24461
4.4387
6.63561
2.37029
3.9521
3.62546
2.11224
4.90786
3.00316
1.96622
5.85653
1.97037
0.776719
2.98637
2.60016
1.02306
18.6816
2.57868
1.79121
2.88839
6.84444
3.84606
5.43773
1.96633
4.65979
4.26501
1.82369
3.87966
2.71199
1.3968
5.57566
5.92043
1.32123
4.14284
11.2047
1.385
3.05509
4.16524
2.86285
2.95336
2.50622
3.15229
4.39907
2.28853
7.49312
1.55936
4.09216
13.2969
2.19508
5.67424
4.11689
8.52587
1.77794
7.23913
1.63129
3.61893
3.48232
2.73433
2.94358
2.70449
6.41542
4.23704
1.59346
3.62446
2.89676
1.41303
4.03773
2.50618
1.91747
2.28756
3.37296
2.23107
3.40211
4.15725
7.34099
2.94527
7.84883
1.37648
3.09514
3.33249
5.7167
3.7258
2.09774
16.4949
7.57861
4.44464
2.38402
9.5779
1.2385
7.57749
3.59453
1.92502
4.91182
2.55653
4.58797
2.86641
2.0873
2.75211
4.20517
13.0555
2.73541
6.93271
8.72978
1.05293
7.86223
4.33534
4.20145
2.81171
2.41486
2.516
7.27196
3.21873
4.22254
2.01908
8.86688
9.15001
2.63746
12.1173
2.08644
1.21753
1.36287
1.62002
1.43002
3.79488
2.47761
1.95571
4.08163
3.82722
7.21779
6.03453
3.72325
0.914621
2.60652
3.55154
5.03198
3.50972
1.56473
4.48857
1.98921
3.10632
1.49556
5.84397
6.38225
3.26665
4.01178
5.60024
17.4928
2.53956
3.45925
3.57839
4.98373
1.4608
4.45593
2.70813
3.17675
4.80212
5.70479
2.60688
2.49101
2.30017
3.38549
1.45501
3.52562
3.68069
1.56612
4.6928
2.49692
2.91663
1.04608
18.7358
1.16537
2.38293
7.93639
3.21496
2.05216
4.84138
1.80151
7.52054
3.53158
6.3491
2.19047
6.97048
5.25138
7.36045
8.35721
8.50913
2.72111
2.12519
4.4034
3.32297
5.20575
7.88677
6.46346
13.8555
1.34426
3.50444
7.09442
7.33713
1.75181
4.33499
1.00623
8.06564
10.0251
2.23816
6.30776
4.63526
1.92554
2.05514
5.75783
5.64017
15.0701
0.862898
6.83839
3.47004
1.97446
1.19181
2.07649
4.25526
3.482
1.58475
6.67444
4.96874
1.94729
2.84309
6.33929
7.42045
7.03993
3.17805
3.91565
4.39868
4.63313
1.41258
10.9317
5.34669
4.09413
1.71924
12.7959
3.01706
2.27366
1.65611
9.76997
3.78568
3.40972
2.98504
3.63734
2.89097
2.48432
3.04503
3.56624
3.15118
1.31661
3.24513
2.96991
10.7358
7.1011
1.78443
5.25815
5.1351
1.82712
5.11446
5.38591
4.42543
4.02438
6.74728
3.66245
1.47636
4.41437
4.18976
4.58233
13.852
3.16106
3.0827
2.27023
3.77773
2.75796
1.44734
3.06285
4.40663
4.54843
1.2718
3.95122
1.89903
6.35819
10.411
2.15152
2.63881
1.32372
8.77079
4.67598
2.90175
2.97155
12.9639
12.7882
3.14475
1.38937
3.16685
2.58527
3.88202
3.80801
3.38866
2.1212
24.8165
2.2921
2.77519
2.18197
3.08013
5.48865
2.29598
6.35025
11.2511
0.816316
4.78946
5.59842
3.70175
2.6817
2.71023
5.49765
6.82713
2.07951
3.80497
4.34691
4.0423
2.11739
3.70577
4.29712
4.17847
3.15148
16.817
2.37029
21.3361
8.23303
3.45614
3.72084
2.9168
4.82818
6.1165
1.86483
3.48297
1.7698
4.69273
2.73871
6.578
3.84055
2.87359
6.39616
9.84648
8.91977
3.45511
3.10278
15.5232
2.28137
7.27095
4.12884
4.86637
1.30737
3.47889
3.60038
9.45023
6.31027
5.33587
2.55842
3.03456
1.12868
3.47021
3.69389
2.68831
0.517026
7.93316
1.86045
2.405
3.5608
9.55176
4.07931
1.1702
1.57633
4.7721
7.60034
1.35361
3.07965
5.60804
5.38693
2.40312
5.88444
3.69129
4.51324
2.94019
2.70839
1.35307
0.670753
2.70823
2.42444
6.47885
4.15722
4.57976
2.38841
3.39662
1.43044
4.21232
2.70845
11.3812
2.51585
3.03397
4.44367
2.06055
15.5565
1.70894
0.985583
3.14334
0.467953
2.15757
2.61783
5.91902
3.35294
4.36372
2.461
4.80806
1.79998
2.87222
2.53149
21.2977
2.54181
4.29883
3.09236
3.44335
3.01775
1.25603
1.27068
6.39594
7.26494
12.8575
2.0754
8.66538
4.11455
8.22324
2.25893
2.10488
3.20174
1.38864
3.17828
2.77953
7.55842
4.16278
6.16702
3.17586
4.82794
5.25333
4.99496
6.03168
2.82604
0.64692
2.34927
5.27914
1.80974
2.96933
2.48077
2.04718
4.76481
3.08222
9.11995
1.77789
3.35233
2.38815
6.99125
1.48892
7.5029
4.33538
2.47578
2.2688
4.18437
2.13484
1.09203
3.84794
5.49561
3.18566
2.80325
0.660677
3.62518
2.42623
4.03123
3.14887
3.69508
20.1977
0.997625
3.06089
2.89165
1.38913
3.89971
6.6836
5.2494
2.55022
3.15742
11.2259
3.27133
3.97791
1.08481
1.57484
10.6585
1.67489
6.33229
12.2156
2.88653
4.02177
4.6038
5.65258
5.7495
2.17934
7.64359
3.86846
2.93679
3.06012
3.58436
4.24962
1.55141
3.34757
8.07246
6.16835
2.3628
4.7718
1.41057
2.83501
8.17136
5.39627
3.1944
4.66475
3.84246
1.87468
5.50839
1.39049
2.42084
10.5704
1.35426
1.92444
3.79029
9.71885
4.10156
3.40543
1.75471
11.0908
13.4116
1.46438
6.39592
4.4324
0.818871
10.0776
1.83029
4.32703
2.33961
2.88075
1.45126
4.04054
1.72059
5.30592
1.06099
24.5317
3.33902
1.43578
11.2052
1.34821
5.68968
3.70686
2.93081
6.88294
8.97074
3.57674
4.52641
12.8018
3.10319
4.91079
1.08512
2.71806
0.85032
2.46683
4.13858
11.7448
8.87287
3.10738
5.24084
12.8188
3.43654
2.41079
1.57168
7.41926
3.60607
12.5787
8.1714
1.78923
7.12148
4.13149
3.6993
12.6017
4.37288
2.37363
4.1705
11.6155
2.41193
9.55875
2.37542
3.05087
4.70664
3.71525
1.50212
4.92144
2.01299
2.41626
6.1486
2.21362
2.61636
6.66053
4.72476
5.61936
5.50876
6.5454
18.1688
3.0677
8.20088
3.98198
6.94281
3.4263
6.90031
8.98458
1.84475
2.49001
2.43793
8.93425
20.6628
4.0801
4.24811
5.26707
2.47202
1.75284
0.94806
6.86529
1.42698
3.90024
9.51518
2.86322
3.40156
2.32255
2.23129
13.1087
5.87443
23.8542
3.41738
5.05021
2.08875
7.42929
2.81764
1.31416
2.92431
6.85926
1.52669
2.45356
4.5054
2.51385
5.76046
3.97291
2.72083
3.31727
7.13255
5.67039
5.68142
5.21892
9.36113
2.43538
2.31784
7.70716
4.46274
7.24454
8.01468
3.14565
4.18748
5.36206
2.10241
3.68122
0.707631
5.22466
2.29697
2.97524
8.62786
2.04112
2.93035
2.28228
9.22714
1.70482
8.08001
8.41583
4.06724
2.88668
3.56792
2.68469
17.4279
3.971
6.6149
2.42899
3.35367
3.37229
2.22206
6.18936
1.80372
4.56323
0.602268
5.44165
2.13648
6.09868
9.29972
1.42686
2.73823
0.548843
11.0332
1.85977
3.89334
2.96195
1.96132
1.0061
3.24984
2.44659
3.72677
3.2226
3.28657
3.49457
1.69337
11.069
8.66023
3.47616
18.3204
3.1984
5.19036
1.40584
2.37698
5.45862
2.5547
1.37552
4.45362
5.57845
6.96353
5.86345
3.61932
2.36904
1.26579
5.38574
2.78194
2.64364
2.66216
1.40342
6.89719
10.3566
1.88212
1.93168
4.987
4.36784
14.8883
3.567
3.68926
15.1534
2.4293
2.65061
7.28561
9.03245
2.66919
0.674533
6.04644
3.58926
2.43583
1.60378
1.8077
2.24226
9.97557
1.96794
2.21284
2.19583
1.21417
3.40819
3.8346
4.17721
6.74964
16.1823
2.58599
8.96605
1.11447
1.94006
2.71546
4.02568
1.29576
11.6005
1.16457
17.6517
4.87018
3.3719
5.24026
8.1157
2.64117
1.34529
2.51145
4.89281
2.37955
4.16854
9.7435
4.7834
2.63934
15.9754
7.44137
2.33796
6.15611
3.33577
8.71844
3.63384
2.1039
3.56186
3.44776
4.07095
2.27603
1.90424
3.13006
2.0056
2.93922
1.20184
3.46787
2.96664
3.28561
3.30326
3.21759
3.49773
2.05036
3.26114
2.2206
7.44802
1.29357
5.38844
12.9835
3.59188
5.51906
4.61614
9.81302
8.59141
0.755898
3.98282
2.20715
3.30563
8.14169
6.54775
7.31499
2.1914
1.75386
4.93377
2.6042
2.62486
2.56895
5.25819
3.44065
12.2237
3.63616
3.59737
2.61251
7.01951
2.4044
4.11192
1.77134
1.06289
2.0898
2.39033
2.04205
18.0714
2.21844
7.80365
4.31165
11.3169
3.13453
3.15046
5.10847
7.87393
4.75973
2.41204
3.02986
2.47963
2.91927
11.2764
4.54679
2.40381
3.04627
3.17284
3.13636
12.7963
2.37502
2.42862
1.86853
2.65207
6.53349
1.08
2.89158
2.50916
2.31838
2.11463
1.85138
2.44348
5.53997
11.0606
0.398843
2.41409
5.8219
1.40488
1.94604
1.72769
1.66611
8.10413
2.8787
3.93878
1.91257
1.81769
4.84377
10.6711
3.59126
3.99845
6.92924
9.5472
4.11706
7.17729
3.01772
5.7279
3.97417
1.67708
14.5916
1.5417
2.5379
4.64175
3.71416
3.57119
1.79613
2.4372
6.61024
6.8414
21.9424
4.81188
6.45231
4.38922
2.37307
0.818908
0.615064
3.49579
2.51878
4.13819
4.79366
2.68562
2.48819
7.04987
1.49753
3.25237
5.15647
3.20521
1.88248
1.69814
12.7475
3.66143
2.50008
19.4716
23.7093
3.26151
2.36895
5.40233
2.59547
3.77814
5.51018
1.29175
5.48771
4.13725
6.77836
5.15549
0.751174
2.81047
5.86032
1.60213
2.90663
1.56216
1.90623
3.60942
2.13686
7.57785
5.32851
3.19294
4.66509
1.18989
9.14658
2.70263
1.89445
5.91272
8.24515
5.20079
2.62197
3.35167
5.7772
2.8342
3.5082
2.61009
2.24487
2.11914
0.912594
1.70773
3.60835
1.42034
0.897048
2.53501
2.09723
20.0443
3.28064
2.08759
5.58869
3.22385
3.72249
3.30618
2.77808
1.501
4.35143
2.93562
3.11742
2.21728
3.52325
2.1881
3.15798
7.34278
4.09815
3.94323
1.38439
0.776201
2.87061
1.49114
3.19375
9.22521
4.06972
4.69901
6.48202
4.91261
1.31889
1.88431
3.19215
3.29442
2.77894
8.21364
4.19672
3.43781
3.98163
2.85866
0.902799
2.43078
2.71834
2.65496
11.214
1.60023
3.1419
10.4344
4.37635
2.92941
5.08257
13.7517
0.724922
6.94631
3.66863
2.62107
3.80282
2.89168
3.86588
6.33065
5.99728
2.85263
2.34484
6.31658
6.62185
1.6631
5.07954
4.22961
3.15526
3.44699
3.84626
4.3971
7.88173
2.88939
2.71044
10.01
5.50703
1.61284
17.1028
2.71165
5.2415
4.13824
2.82136
16.3318
9.08254
1.82037
1.23297
3.00424
3.50343
4.58249
2.94202
4.26449
1.42677
11.6044
2.44846
2.23626
10.4762
4.25141
3.10985
2.48988
1.00705
7.35932
5.93773
2.13889
6.95239
3.48699
2.66046
1.88489
5.33079
6.75826
2.06105
1.624
8.12766
5.03932
1.47042
1.83906
22.9427
1.67517
2.20774
4.84616
1.42925
2.6668
3.0589
23.6418
18.8671
4.42193
3.93928
7.3694
12.7846
3.54771
4.56978
2.74195
3.37244
1.60824
4.45752
2.75964
2.17773
4.76835
3.34016
3.01956
2.73004
1.01578
4.47814
5.65893
3.58333
3.46761
2.78378
5.47779
4.35199
3.09168
3.83404
4.71145
3.80224
3.25861
2.18134
4.40509
6.90373
3.31675
2.0094
2.72292
4.1147
9.00696
2.31962
2.71279
1.74654
1.87455
1.01421
2.72019
2.5549
3.319
1.99686
4.28283
3.70957
7.01785
3.51828
9.09171
1.95137
3.75404
3.98411
2.50944
2.66228
1.50519
3.12419
3.8607
3.77175
3.40566
2.49673
3.49755
1.13047
1.64021
7.58518
2.39462
3.03748
4.3871
2.14983
2.34306
2.60325
2.48032
1.51371
4.68908
1.92766
1.39389
2.3206
4.65093
2.59065
4.70659
1.67769
5.67903
3.88559
2.45861
4.43634
2.65703
3.13127
1.64201
8.84181
1.92973
3.05001
2.48097
13.4617
7.11923
6.05504
2.78068
3.20626
5.71605
5.77713
1.81686
16.826
3.31983
4.32832
1.39092
3.73961
1.2595
1.15226
2.74185
3.95981
3.72709
3.11164
5.72488
1.13786
17.7202
4.07587
4.35863
1.58147
2.04178
1.67514
5.33155
3.44515
1.38794
3.26821
3.45047
5.51641
5.28421
1.5478
2.77759
1.20135
2.14522
5.16024
8.35467
3.55315
2.21828
4.51793
2.67218
1.47615
9.04354
3.57356
2.47412
1.70082
0.50233
9.74884
7.41341
3.29667
4.16467
3.97686
3.00466
1.3849
17.5624
9.09039
6.43164
1.18077
5.73044
1.61789
2.88633
8.98234
5.6966
2.84564
6.17289
1.556
2.56624
8.32367
6.70747
3.97805
10.6719
6.3146
5.1769
2.96409
3.36079
2.55587
13.0421
2.00713
0.610724
3.96966
15.9263
1.97362
2.23212
4.79878
16.0192
3.29831
1.28531
3.666
13.3712
6.42115
6.79902
3.09661
9.86051
10.6137
3.69103
5.13358
8.79594
4.85386
2.50428
1.56259
3.89418
4.94055
5.68399
17.6185
10.5706
20.6649
4.56458
1.30697
1.57203
3.50222
3.31108
4.21384
11.5904
3.06099
6.33443
7.97677
11.1247
1.32374
1.73564
2.02493
5.6541
4.22853
7.32304
10.6052
2.61969
9.76496
20.4258
2.14614
3.57073
2.76036
2.27821
2.75997
14.9817
3.77676
3.6878
2.92804
2.19246
0.616058
2.68648
5.13516
2.41143
1.32769
5.38813
2.99267
9.1812
7.99292
3.15015
3.91842
1.13991
2.10822
5.1612
1.34269
1.24529
0.911412
2.90768
7.62313
1.63501
13.9772
2.19954
3.35559
1.6748
2.27985
4.58183
3.24422
2.77992
5.14826
2.80592
6.92358
6.40079
2.86924
7.5857
3.32642
2.88759
3.17556
5.70463
4.70843
3.68833
2.38605
2.66814
3.56323
1.92854
17.3384
4.2656
0.542556
2.92413
5.31734
3.81968
3.04828
2.9251
6.04785
3.28561
7.07851
19.5021
7.53059
1.41673
1.6591
2.48881
7.25438
1.12253
9.54901
2.51073
4.72536
11.3424
5.48944
1.58672
17.6156
6.5414
3.64787
1.25486
4.63978
8.57023
6.29266
3.12915
2.15844
4.36805
2.81451
2.37356
2.19697
17.9297
2.99523
22.3893
1.01831
1.65393
3.87936
10.4292
4.6854
3.26545
8.99416
5.88892
5.90185
1.91695
19.2583
3.83477
2.59965
1.92266
20.6264
1.90144
9.34042
0.8563
4.06603
6.67522
9.95674
9.71072
4.47442
2.26211
2.48023
9.16892
6.28944
1.56444
4.76397
1.31097
3.27987
10.4909
3.55487
2.53025
3.70017
1.51048
3.71388
2.93007
1.40328
2.20089
1.84607
6.94052
5.88384
4.64039
3.05334
0.784432
4.2365
12.5892
4.09288
2.77529
2.13683
22.0925
0.940322
9.13638
7.17188
3.81075
2.56094
2.06147
3.38692
2.0196
4.76338
4.37975
2.25814
1.20439
2.59684
10.5458
1.53841
3.79641
3.65847
2.2744
2.58349
7.96965
8.77952
2.79426
3.37769
7.16566
2.02805
7.5854
3.33129
4.07066
6.64378
7.48606
4.17485
16.9375
3.47333
17.8052
3.20328
3.28759
4.11278
1.88471
9.97179
3.38089
7.87095
2.62131
3.88712
2.21555
3.11145
2.36212
3.30127
2.10838
5.54494
2.25028
2.98416
5.85831
1.83746
3.15826
12.2297
2.34923
5.0369
2.49919
3.42972
3.85157
2.38751
0.651874
5.42087
9.95657
2.60946
5.08802
3.32403
2.65938
2.04317
4.07128
1.99691
3.02264
1.27273
2.28666
2.42321
3.15872
1.84711
1.31834
4.71444
4.61843
0.949142
10.7295
4.00183
5.76726
2.03848
4.4618
5.26034
2.85768
3.15531
2.5064
1.34988
3.18927
5.7513
3.82457
5.54614
2.92891
3.12629
5.49264
3.33287
3.47768
1.94897
3.01516
0.973425
4.06658
6.23944
2.2591
5.70275
4.35185
2.02934
3.56653
4.79823
6.50662
2.62321
2.84842
1.91578
7.33626
6.2895
2.64698
6.08767
1.00699
3.52267
2.63406
2.759
16.7327
1.95032
18.9986
7.85902
2.35754
2.02157
2.66701
23.9411
0.781449
6.78576
5.89423
6.21524
7.80158
1.64395
1.57402
10.0865
7.22804
1.51111
6.76776
5.16268
7.81454
4.475
3.47622
3.22915
1.1972
3.30274
2.20135
3.45305
3.62063
2.91131
3.40209
2.30169
4.89301
3.00085
14.7375
1.44005
3.74502
4.50215
5.59935
2.03933
2.34148
6.09531
6.42664
1.87238
5.63707
0.904212
1.26913
2.60126
4.11591
2.77819
7.11289
1.49203
1.34171
3.64982
1.48143
2.81725
10.1495
6.04515
2.83636
2.95708
3.3576
3.71469
2.94841
15.3572
1.26821
13.3861
3.21795
3.29363
5.6171
4.01321
4.16711
7.26643
3.20771
4.40138
3.53165
2.49368
12.6593
7.57778
8.57887
1.6244
3.66511
2.18853
2.87441
6.29953
2.57945
1.51326
1.75027
1.06548
3.53774
2.30111
7.35432
1.4245
1.47896
1.69996
1.67382
5.12752
7.4077
3.40923
8.30864
3.01528
2.83267
4.47382
2.33442
2.76694
3.33064
4.59203
6.66881
1.47276
3.52475
4.3848
5.32654
0.506743
1.59102
3.28947
3.63555
6.20812
2.21697
6.52788
12.2448
4.22726
2.37556
8.18965
6.35352
3.78885
2.93565
5.53339
1.21409
1.18243
3.50692
2.31568
5.40318
2.08127
4.96345
3.0847
4.44623
1.3829
2.65973
2.89793
2.5233
1.84139
4.77655
2.57262
3.72821
1.35855
3.78207
3.95568
5.36451
1.29738
3.06973
9.28743
18.1194
1.49547
2.50101
0.692916
1.90466
7.6752
4.36384
2.98702
2.43704
4.72148
3.7546
5.53996
2.39143
