1.90493
1.32459
4.126
17.9998
1.7788
1.79888
1.9478
5.56778
4.60088
4.71425
5.61682
2.81945
3.82915
2.49281
3.86336
3.5717
2.23522
9.2646
5.04473
3.74079
10.6044
7.90247
2.47769
2.74624
4.47671
11.1112
10.8944
7.92744
2.0405
6.19288
5.75932
3.07422
2.04065
1.93214
6.04901
3.71799
3.20189
10.4349
5.50791
2.5143
3.24459
4.81721
6.36937
2.63505
4.6283
1.69877
1.17069
9.94779
11.2326
3.99087
4.45779
2.95351
2.13626
2.27303
4.32758
3.8469
4.69795
0.603581
8.88296
7.27012
4.36299
4.33193
1.23868
15.135
2.52448
4.40975
2.91521
3.02818
5.22911
5.11026
1.55611
6.5512
3.87009
1.5238
2.89216
4.72374
2.75909
4.584
2.13395
2.89519
1.67175
5.92628
2.75752
7.59834
0.944427
2.54738
2.75709
2.243
4.2368
5.99409
3.18346
6.77221
8.68088
2.2768
1.286
3.58951
4.06608
5.85496
2.84402
3.38989
4.85931
3.02873
0.916744
3.23058
3.94917
2.68267
1.45174
1.39938
2.75665
2.02415
3.44956
3.64399
8.42866
3.55593
2.17552
2.54712
8.96932
11.374
4.45223
3.7561
20.2955
4.27331
2.53824
11.4489
6.58059
1.72153
1.62513
2.82587
2.37243
11.4784
1.46706
8.39304
1.76157
4.32792
4.42244
14.7822
1.57186
3.50455
8.24715
4.55818
2.52681
4.29401
4.31468
6.764
3.34156
2.14932
3.85297
4.02398
7.04848
3.54066
2.56751
1.91654
4.54289
12.7539
1.82706
2.67411
2.83211
4.69332
2.49889
3.71964
1.25389
2.12244
2.89796
2.39293
2.37764
3.69859
2.97653
5.91572
12.1282
1.19536
1.67604
5.32132
3.37041
2.25832
5.24722
2.57695
2.76441
4.9528
2.16236
2.5199
2.74733
13.5766
5.01588
2.64557
1.49815
3.48619
6.85969
3.69707
11.386
3.05565
1.96006
1.37097
4.46592
4.9999
6.95355
3.46704
3.98174
0.444145
3.24524
1.82245
5.17817
6.39943
4.29717
5.27357
2.25448
1.25218
3.66282
5.2035
0.793402
4.38333
4.09519
2.18205
2.93073
3.53698
2.91567
1.8496
4.93307
3.65437
4.71338
8.09385
6.25116
2.6438
1.54965
2.03414
1.56902
2.22246
1.8884
6.53861
2.25131
16.3693
1.71896
1.02359
5.82123
1.58693
3.83452
12.1261
5.06723
11.0778
2.30806
2.77758
1.48616
4.3427
1.0653
3.0456
6.17721
0.615458
1.89295
2.61339
11.6608
8.76928
3.57639
1.81151
3.25591
4.37093
6.49142
4.95784
8.53107
2.12589
5.56307
3.50919
4.43921
6.05733
4.38248
1.51666
2.59666
3.49124
3.83342
9.97138
4.29423
2.26787
3.116
2.39146
2.45763
6.79525
2.8511
3.24641
1.63236
3.49899
2.61621
4.88541
3.67496
6.72065
2.89728
2.26504
2.14342
9.17875
7.60024
2.23481
5.78264
2.80746
2.28971
9.21031
3.97829
9.77462
3.45494
3.49938
6.75739
3.58843
2.75597
6.41779
2.70911
4.86763
2.64436
3.8683
4.27834
4.80677
2.24549
1.3748
3.50659
2.06726
2.68454
3.21399
4.99448
2.61666
1.50994
3.22308
3.81987
10.3426
5.02456
3.38071
2.22397
4.24262
4.77626
4.15006
6.48801
3.78252
6.29738
10.6042
5.77678
3.62078
1.67598
3.18811
3.1381
2.02127
3.84126
2.58642
1.9739
2.85298
2.44724
11.5761
5.10016
2.43958
2.9447
2.05278
2.80934
2.2649
2.51173
8.71543
3.07878
2.10067
3.82491
1.92976
6.51714
2.19791
3.92156
2.18185
6.62131
1.76392
3.31169
3.18086
3.51805
8.0269
3.09945
2.91907
2.55129
3.212
2.967
3.00465
3.11022
3.87813
1.66382
7.32423
2.33465
1.7831
3.32089
6.19986
2.05891
3.12997
5.99299
2.62092
1.92196
7.41652
1.91945
3.72637
3.71576
2.85278
4.27614
8.09634
2.24769
4.5923
2.8695
8.80901
2.15467
1.96372
1.5796
2.21346
16.715
5.55368
1.8788
3.29992
4.51279
3.69144
15.2122
4.8356
8.19422
5.61115
2.52382
2.96013
2.29852
2.53647
3.87621
2.73616
6.32381
1.92795
5.82307
3.22023
14.8057
6.30358
3.98246
3.47306
12.5702
3.39545
2.26001
2.74115
2.36433
2.96198
17.2358
5.14896
4.22621
5.01208
2.74897
3.26479
1.12028
1.29971
8.51207
4.72111
2.15918
4.38581
5.6515
4.4775
7.36836
2.52598
8.77402
22.0999
3.88867
1.38502
8.00684
1.58379
3.70617
4.42996
3.8491
2.6944
3.15063
2.83518
9.65793
2.75199
3.5453
1.89339
8.08345
2.34088
3.02494
3.40487
4.50539
2.33692
2.99496
1.61824
3.68914
2.14477
7.76473
2.11421
11.7593
3.3924
1.63403
4.93984
3.39335
2.8246
11.5812
2.42858
5.26685
3.78865
1.06021
2.91443
8.83562
0.748558
3.2163
3.40842
4.86805
1.37897
6.27022
5.58759
5.6106
5.33089
3.01437
5.68592
6.2979
6.12884
3.43786
1.90611
12.9908
0.97987
0.501276
3.54576
0.951579
2.9011
0.706609
1.12001
2.99074
2.24761
0.380842
3.39807
5.64857
2.77604
2.18696
9.64786
2.52303
1.44151
2.82701
7.22537
5.79767
1.5796
7.68762
2.7239
7.46956
4.04565
5.26843
8.53543
3.80641
5.26174
1.66476
6.61092
3.54991
3.05093
2.7187
2.35923
1.43738
3.70176
4.22393
2.1098
4.20031
1.37946
2.31969
2.35044
9.40477
4.527
8.9995
10.5438
2.90851
4.13931
1.39412
10.0773
2.68012
7.78476
2.52663
3.61735
3.1785
3.32126
5.98907
4.92769
3.2464
1.91075
4.04116
3.03819
4.53123
4.48074
5.75691
3.64789
4.05935
2.89104
6.17465
9.89805
11.1888
4.32106
1.83681
3.61475
3.32979
0.592855
11.5442
2.11914
3.15269
2.8376
2.16681
2.70998
2.80741
6.76517
4.18212
1.11704
8.07123
3.16539
3.25066
1.2008
6.38527
2.02223
2.37728
1.27801
5.01262
2.49665
7.10157
4.01938
1.91843
2.33154
3.07544
1.54627
2.50095
12.3084
0.592918
2.85491
4.477
7.08576
12.9881
1.81463
12.7505
1.31354
3.91522
1.85267
3.62973
3.50939
2.12782
19.205
2.97659
3.48562
2.37732
3.54022
4.63999
1.69847
1.56626
2.54674
2.31745
4.52951
2.79182
1.99059
3.35303
3.70236
10.7966
3.18222
4.56399
2.46083
8.71963
2.06277
4.71843
3.22209
3.72666
3.053
12.4593
3.90085
8.26534
6.34097
3.53604
19.3314
4.86322
9.34237
2.75404
3.97212
4.05568
1.26939
2.80712
5.85939
0.608223
1.9689
5.55652
1.79524
4.39292
1.88176
5.00369
1.89277
2.79658
2.10765
3.501
3.44062
4.26024
3.14002
8.83365
8.94242
10.7958
6.9132
6.56889
3.20291
10.1629
2.52367
17.0349
1.52339
2.35384
4.11003
4.52893
4.14413
2.64305
3.53388
6.29373
2.25041
3.83794
1.13037
2.98916
0.927649
3.6322
5.59121
2.14518
2.46752
0.68274
3.05704
2.27016
14.6092
3.98601
5.96225
3.81908
2.82759
3.47593
7.98612
2.04658
3.15775
3.92748
5.43639
8.24655
3.69126
4.87059
1.94346
2.76527
3.45404
3.32499
3.12205
3.36274
1.07958
3.43566
3.86502
0.887657
7.15429
23.1477
2.71094
3.60959
3.28879
6.92328
3.57413
5.27911
3.39709
5.33079
2.566
2.06627
3.57074
3.75167
4.59007
9.16786
5.17006
2.49557
4.79241
13.2616
9.2687
1.7972
7.11057
5.88759
4.13441
3.94365
3.53676
3.3332
11.6971
3.60738
4.6619
1.60261
20.7406
9.10017
7.64081
2.123
2.6042
1.59707
2.49293
3.09955
1.92308
2.39801
1.75369
4.81325
5.54835
6.2808
7.4503
2.57976
3.12898
2.6832
5.93244
8.54712
5.08766
4.02354
3.04971
7.72091
3.86417
7.918
6.05408
4.43608
4.49864
4.08949
3.44687
13.1297
3.53715
3.91013
0.881455
1.67264
1.06311
4.92295
3.15502
3.066
3.65041
2.26014
4.9261
5.16458
2.84529
6.24656
2.59947
3.20287
1.24513
4.33634
4.14112
4.43852
5.00809
6.86188
3.78353
1.9979
2.42936
4.53553
5.02773
3.25162
2.07782
1.79045
3.24913
3.57141
4.51295
3.18612
2.65525
1.77922
6.33409
3.75307
3.56132
3.5333
3.46988
7.6966
4.32013
4.85624
1.5732
7.09052
2.31901
1.964
1.66393
2.51234
4.21231
1.43245
9.4959
8.00479
10.091
2.27479
4.44175
1.56352
3.65992
5.95947
2.63526
4.28516
1.56752
4.50684
6.67752
5.55785
15.456
1.39438
5.5073
0.784163
5.50646
2.03758
2.98086
3.81573
4.12195
5.5172
3.838
3.06162
1.46646
4.93219
2.69526
8.856
7.12906
4.71405
8.94857
2.10702
10.4366
3.15134
7.9063
3.68708
3.39977
4.26636
2.86184
3.18115
3.50615
2.19419
21.263
2.53657
3.67815
1.93699
1.49031
3.81417
1.26833
2.87277
8.51268
1.44933
5.30056
3.48509
1.45265
6.48741
6.5539
2.99149
4.59829
6.68713
2.2304
2.20196
4.37233
2.1044
3.49878
3.38172
9.30383
5.44734
15.4836
3.59037
2.12951
5.4923
1.80551
2.78233
3.00494
4.45979
2.61539
4.50816
5.6793
3.62449
3.1451
1.78462
2.3362
4.08077
1.44174
1.44547
2.26081
9.70802
2.60115
8.61087
8.2034
8.30462
2.61622
0.951314
4.34396
3.54841
12.7323
2.48559
1.7064
3.88923
3.59686
18.7051
3.39818
6.22361
2.73779
2.02858
6.3279
2.2294
2.38529
2.45798
3.65771
3.4384
2.75636
3.5383
4.02524
4.83614
6.45713
2.93095
2.54026
4.18429
10.0626
1.06526
5.21232
11.8232
1.48266
1.85058
3.58839
3.91766
3.24477
2.23046
4.20901
3.33144
4.9767
7.45023
4.37892
10.2888
3.67592
4.96743
2.80808
2.38139
2.98034
3.47078
2.69302
4.98228
1.27343
2.41393
1.89732
2.36379
2.95672
2.10978
2.47476
3.42677
2.94078
5.79125
2.04407
5.67945
4.93879
1.37395
2.92551
5.21159
4.09443
4.09486
10.0347
2.68175
3.31418
2.63111
1.46421
6.23264
2.71294
5.14645
8.08049
3.11227
3.19378
2.62708
1.81344
2.62068
9.64991
1.73829
3.74579
5.23606
3.08041
2.29102
2.97479
5.70079
3.86941
9.18446
13.752
5.34753
1.72247
3.37752
1.64013
1.55776
14.1849
2.34503
2.08601
2.07658
1.94532
2.51928
8.92032
2.97974
8.3397
4.14152
2.44679
2.98839
3.40285
2.67295
3.55885
1.97897
3.71636
16.1667
2.3889
2.85389
1.97814
5.48474
6.43499
2.7627
3.90183
2.7262
2.71508
6.58989
3.22762
2.63723
8.4952
1.24185
1.16917
1.63571
5.59783
2.71705
4.37833
5.7096
3.83423
3.74081
4.77338
9.22953
4.35758
3.8812
4.44497
2.54587
7.06048
4.2124
1.56823
3.90422
5.02397
6.21098
11.6724
2.70827
3.72803
1.20429
1.47382
4.11817
2.89587
4.55975
5.25827
3.42781
3.01631
0.749045
3.72902
4.68243
2.66347
3.52984
9.8645
2.36051
0.871266
9.775
6.09831
3.5287
6.41153
3.44128
2.58124
3.05216
2.50618
4.17312
0.625937
3.1753
5.03419
0.823681
9.96969
7.93898
3.47641
6.06556
2.37774
5.47678
5.95499
8.42846
5.80814
2.7037
3.66991
6.44398
6.37667
3.74136
3.19163
4.92505
11.9733
2.42662
21.4656
4.30984
3.2162
2.36438
1.17645
9.10904
1.54203
1.59009
6.05992
2.79746
1.74161
2.96825
3.36286
8.59715
3.44437
3.83139
4.1186
3.73178
4.98305
2.11606
3.0355
2.70753
1.24731
2.39587
10.8262
5.69621
3.788
3.4695
4.38203
8.64807
2.53597
20.9092
2.65035
1.34025
5.73251
3.08846
2.4759
2.95157
4.24664
3.99677
3.4285
2.05302
3.80725
6.80434
15.2303
3.87926
1.71518
3.77636
1.48454
4.28812
2.31169
1.94172
4.87227
4.32767
4.71171
1.08989
1.92118
3.6515
2.75951
5.83217
1.59645
4.18489
1.52574
3.55109
2.05751
3.40299
6.0807
6.91381
3.81687
1.50615
1.51859
6.48826
1.36716
1.0345
2.75566
2.53864
0.177344
2.80202
1.21899
5.187
13.4248
10.4254
5.59819
2.36912
2.29055
4.88776
5.19476
4.76983
4.08477
3.34086
11.2353
2.18377
3.31937
2.34465
4.09673
2.6983
2.88649
3.13597
1.72862
21.9688
3.17459
18.1142
1.75456
3.38081
5.02155
2.47877
4.79004
1.42671
3.13733
3.47388
3.99744
2.10565
5.28129
3.27652
0.876312
1.47038
1.79068
11.6364
3.57912
3.7445
3.08498
1.59197
1.6938
7.65246
3.29992
1.87802
3.12855
3.22824
4.29366
3.02659
2.50104
3.28974
2.62628
6.96302
1.85982
5.31517
2.06074
14.4684
1.22625
1.67753
12.0982
2.23154
1.18188
3.21007
3.27193
2.10346
4.12182
14.8521
11.2404
11.4633
10.0787
3.80476
4.53075
1.8458
2.74564
3.4316
9.60513
8.03544
9.18005
1.54709
5.52313
2.64903
4.64214
7.91195
0.896603
1.13261
3.97542
4.85257
17.2879
7.6548
4.36295
4.87313
18.5269
4.46069
2.24296
3.50642
3.85452
6.54244
17.5943
2.4483
4.78402
9.10078
3.06469
3.41046
5.28394
22.1854
3.41445
2.86835
3.00609
3.64125
8.39061
2.64848
1.15172
6.30306
5.24745
11.9261
8.63739
5.79773
6.31959
3.92027
2.2494
2.37503
4.40543
3.18413
1.65137
2.62802
3.10051
8.31501
0.872478
2.6724
1.15705
5.72307
7.65857
3.36657
1.45685
2.59999
2.22472
5.0217
11.2097
5.20567
2.84957
0.690163
8.10901
1.43325
10.8813
1.94243
3.67506
2.31575
4.14937
6.99884
5.11036
12.6957
3.68888
3.33621
5.25449
5.58885
2.70163
1.6782
6.1959
2.90308
2.54307
1.48701
2.45792
5.12538
6.58536
2.67944
3.68831
3.30613
1.67292
4.34008
5.48728
2.07054
3.01979
2.33022
2.2163
19.4449
3.93489
1.75924
5.18519
3.01845
8.47026
23.7484
4.84872
4.23684
12.6887
9.93986
3.25886
4.94473
5.75812
9.53288
2.14917
3.27033
2.91944
2.89505
4.05483
2.04898
5.25425
4.76352
2.68508
3.81713
2.9728
2.73072
5.64546
2.13309
4.1953
2.85873
2.03409
3.60265
5.26118
1.93192
3.12486
0.489883
1.60964
3.38457
4.22689
0.941094
1.87779
2.48672
1.89432
2.89415
1.99254
9.42464
2.50929
2.78956
3.43181
4.80391
3.31528
2.77419
1.86695
1.53687
3.08176
3.45063
2.51629
0.511275
2.85257
10.1211
13.5728
2.01981
0.79831
3.53392
2.02516
1.45069
4.91917
9.77283
3.07205
1.62629
9.70419
2.19549
2.5573
1.84617
2.45159
3.51686
4.72943
5.60591
1.40063
6.09161
2.45736
4.95787
3.00266
3.60763
8.30216
1.34638
2.04144
4.43285
4.75326
3.49642
1.71692
8.88919
2.1008
8.56621
2.17744
5.18072
2.27395
4.55676
2.51943
1.59242
1.48921
1.8136
3.88075
2.72329
3.16842
5.96366
2.51348
15.0842
6.88323
4.70053
3.13948
3.42329
18.1311
8.96591
3.47539
6.01681
0.734525
2.61733
4.6813
1.95718
1.08442
3.82171
1.81218
3.03615
5.354
3.05002
2.67207
3.52702
1.24673
2.85299
1.2953
1.75724
9.95443
3.03213
3.75437
4.43118
8.33842
3.04668
6.47209
3.44735
1.75367
2.20216
3.25955
4.50416
4.1233
2.00129
0.805849
4.7126
3.01269
1.32332
0.629633
3.04596
0.961269
8.16457
5.73777
18.7099
3.98039
3.60106
2.0678
3.44695
2.31762
3.46529
5.58682
1.974
2.63887
1.86221
3.52037
2.12594
10.0449
1.61898
2.59109
4.64839
10.5854
4.01199
1.63195
2.03907
1.41823
1.70661
2.53681
3.16026
1.6317
18.0288
3.53546
1.89609
4.40919
4.68506
3.37126
3.29396
4.37272
4.45215
3.87078
3.64641
1.18638
1.67586
3.61625
9.23505
3.32373
6.95597
4.39997
7.17307
7.05002
7.36101
8.71846
3.12819
3.20648
3.66978
1.45443
1.97449
2.54897
1.9512
4.33458
2.07869
2.91747
3.87596
3.18572
5.39806
4.07297
3.10492
1.66032
3.19688
3.24693
3.04421
1.34107
2.39474
1.99437
1.94457
3.50262
2.13152
2.31461
15.3894
3.88788
4.55848
2.67744
1.0082
1.39149
3.92733
2.95745
2.79577
7.18033
2.76262
2.8464
1.33454
4.66638
1.61647
4.35472
0.956774
2.33552
3.94164
17.5589
2.58752
3.09303
6.7675
12.4368
7.47147
3.14293
3.4235
0.962823
19.6851
4.85567
5.7245
2.97397
3.082
2.43876
4.31031
5.33342
1.62715
3.45079
2.3208
2.89033
2.67314
2.75786
2.82068
1.21038
1.12302
6.09594
4.47345
4.13656
1.44615
4.39352
1.56197
3.65611
12.9421
4.89505
5.88753
5.55992
4.2936
3.87544
1.96356
4.49125
12.3825
1.69436
1.94112
3.27392
8.08772
3.5392
1.29223
2.88013
2.56112
3.06127
0.430785
2.80127
1.86735
2.28423
2.69699
6.93961
0.622568
2.63746
1.07017
1.48573
4.20351
2.72341
6.47483
0.933304
3.4381
4.05358
5.27128
3.77471
2.42548
4.98548
4.04475
2.47847
3.76514
3.23753
5.16621
1.56822
2.51075
3.97456
3.88814
5.42477
1.88996
5.75485
8.24621
6.23594
2.77053
1.92841
4.21384
2.20191
2.23857
2.4833
2.38439
3.79344
1.90026
3.90742
3.52394
4.13442
18.0349
3.31415
3.24888
4.45817
2.8772
2.40264
1.203
4.62657
2.66585
4.02555
7.02416
3.52445
2.92438
3.47898
3.29583
2.22561
3.60243
2.99513
3.69517
2.89408
7.16567
19.2273
0.98763
2.68733
0.960909
1.72669
4.21392
5.29234
4.77109
5.01162
2.11626
0.722315
1.933
1.49401
3.59677
4.95088
2.90227
3.2303
5.72587
3.06202
3.89028
2.95436
4.52686
3.86002
4.68286
3.77141
3.12066
4.4957
2.75566
8.63287
1.94736
5.04909
1.564
2.87208
7.58837
8.74326
0.973043
2.47136
3.58881
4.95968
0.873945
6.36511
2.68162
2.41811
0.937047
5.15735
7.73104
2.38229
3.70443
5.28045
1.29197
3.25848
0.875867
6.2928
2.14187
1.03344
5.28532
2.88933
1.83125
21.7178
3.41339
7.42477
1.69448
1.01236
4.20753
1.36528
2.91757
13.2401
0.709034
5.66718
3.27302
3.76778
2.88017
1.98144
3.56799
12.614
2.14886
3.62479
4.46562
1.70126
7.31876
9.84896
5.38623
6.44099
21.9472
3.19943
5.15479
0.410112
7.12275
6.93491
6.49634
3.30184
3.19863
3.68287
1.11792
2.97406
1.59294
3.07172
4.15866
9.46396
1.56027
2.84548
1.76184
2.00511
2.93322
3.57286
3.39422
4.9471
4.42416
2.81814
2.65287
3.77297
2.64387
3.27361
14.4155
4.70245
5.43794
8.02825
5.64571
3.05849
2.99354
4.48029
2.55221
2.30649
5.66104
2.39741
4.44722
1.46165
3.05271
3.48831
2.34999
8.50269
2.99414
1.38564
1.77854
7.13104
6.53917
4.74372
10.3343
2.83663
3.44775
2.88561
6.06592
3.20739
20.5782
5.82284
3.60114
3.3682
3.83857
10.0507
2.64908
3.83915
1.75662
2.37065
9.52375
12.3847
2.54778
3.64345
4.12857
13.7259
2.87464
4.29196
6.97851
3.44072
2.03049
9.1104
15.7683
4.36347
1.24708
4.25446
4.19812
6.54718
10.4769
5.85192
1.64212
2.05215
3.00984
1.25379
5.84606
4.64359
2.02117
0.80213
4.33478
4.01128
6.67599
4.63094
10.8441
10.7883
4.63214
1.50503
18.2054
7.29418
10.8276
3.7692
2.77981
1.95968
0.737911
2.42046
2.07093
3.35506
3.85645
1.71124
1.98961
1.56154
3.96737
1.63858
1.8745
15.1021
2.30232
15.8308
9.18108
2.75474
3.09889
1.23857
1.68887
0.845924
4.04763
3.96355
3.628
1.98151
11.7268
1.57037
4.04477
2.83958
3.46524
8.14339
2.60875
4.27762
3.93669
11.0482
8.47001
3.31609
2.50752
0.671628
2.32243
8.75858
1.84719
3.02378
2.34991
1.67259
5.95934
7.00095
2.28875
2.55042
4.14743
3.31946
0.976295
2.35242
1.28915
5.07843
5.01928
2.9968
1.585
4.19431
9.26638
3.68932
2.19573
3.89803
18.8094
18.9028
3.04163
4.21872
2.94051
4.22372
2.77176
3.17252
4.11565
11.0454
3.2227
6.99379
3.98976
4.07424
1.99892
9.3003
1.76447
1.31476
12.3001
4.00365
2.84216
2.20899
2.75189
8.08928
8.62645
0.930701
1.92168
2.38611
2.05829
6.034
8.88781
3.97878
2.79245
3.95834
2.73485
3.18777
3.36234
2.68391
2.70494
13.7398
2.3326
2.58129
6.71791
8.50524
1.53775
4.83896
2.05274
3.14521
2.98069
5.41433
4.9327
3.56785
2.27442
3.72664
6.17082
17.7757
8.27252
3.00091
3.48896
3.41874
4.37133
3.88829
1.19701
3.82967
3.27493
3.84508
0.856766
2.84657
17.2851
3.34212
2.34313
12.4111
3.86996
5.82292
2.29147
8.82893
10.4768
3.42404
4.00696
4.68185
5.40813
9.59482
5.97145
4.11069
1.63615
3.42833
3.42225
2.64564
1.40073
3.04576
4.87068
3.7095
12.6566
14.4071
8.92576
7.55053
3.14862
7.67485
3.2216
4.61262
5.9948
4.14276
3.77755
6.10069
7.85065
2.35853
3.94417
14.4064
2.48393
2.34942
6.71961
13.5329
4.04192
1.59153
4.21001
1.56494
12.8248
4.44531
4.5265
3.41773
3.74945
3.47084
2.9114
1.45956
1.77532
4.45008
1.34335
3.50022
2.58844
2.86694
4.37343
4.39345
7.1226
4.38779
4.65966
3.73408
4.23828
5.99034
5.78384
2.25647
8.08158
3.53492
2.21348
2.35405
3.7729
0.814961
3.41463
3.19784
2.85545
2.23782
3.44809
2.01918
4.03599
3.1065
3.77295
5.72709
4.29127
5.19482
2.71465
1.99155
6.47468
4.11604
3.25245
0.509229
2.09364
12.6796
2.82676
1.81008
3.47165
4.48305
1.43547
4.09211
2.70689
4.73098
0.752778
2.31596
9.58269
5.32375
2.5712
2.13275
6.61392
3.57804
3.4636
3.02246
2.3513
3.67659
2.42588
3.05062
1.40479
1.94664
4.16223
1.71818
2.80359
2.65083
13.4401
19.5564
1.44431
2.65882
4.30756
3.59536
9.98818
6.43663
10.7411
2.45676
4.21822
4.09033
2.90307
2.79285
6.72991
3.54371
7.34984
3.64535
4.48552
4.47317
2.25892
2.86854
3.25985
9.30792
2.57457
2.87529
3.62456
2.66675
6.03602
5.07436
5.63548
1.72174
1.36161
4.97256
1.86305
7.62352
2.83146
2.61601
1.27592
2.48339
12.5548
2.90669
3.11162
7.53231
9.94689
4.69787
3.51182
1.27052
2.12674
4.61041
7.36006
8.25269
4.8958
3.1565
3.64302
2.9651
1.83902
7.13511
7.57612
2.04498
5.54981
3.96453
2.37092
5.69099
3.34991
2.35923
2.17584
20.7233
4.66153
3.6778
4.28217
1.55965
2.64965
3.07803
3.58392
0.772796
5.67752
3.06066
4.10602
4.10527
1.44291
2.49098
5.65925
2.31762
8.7474
3.61254
2.00223
9.09211
9.15853
3.44491
4.27993
4.72648
2.15148
4.73524
1.50916
2.66869
5.46937
5.089
2.65148
2.14359
2.98929
1.35626
2.93397
2.13608
0.869351
4.83708
2.73126
2.82048
20.6762
1.774
5.9734
6.41241
7.61212
3.87421
7.15233
1.4175
3.30669
3.7736
6.96442
6.09834
1.99625
1.6758
3.11328
2.79706
3.1504
1.99964
1.00376
9.4885
0.909598
9.00614
3.52982
3.83086
3.83779
3.59423
5.50082
7.44559
5.87445
4.14471
4.81398
2.93203
3.48087
3.45873
1.79954
1.6526
3.6759
4.51662
3.12138
4.04009
1.57571
7.04098
1.99951
3.67721
9.52321
2.62442
8.85143
13.5564
3.04133
3.98429
2.70957
3.38399
5.01661
9.5202
3.90573
1.29051
1.34443
3.3159
4.0786
2.81627
1.96398
3.60836
7.46392
14.1389
1.68843
5.9225
6.51587
4.70039
2.27375
3.70507
1.45303
2.96565
4.45668
3.60321
2.33148
2.75942
21.1305
2.21012
3.85043
13.9018
6.25439
1.67154
15.7506
2.8264
3.82307
3.37694
12.1076
2.95482
2.70322
2.53357
7.18375
2.97629
3.20747
2.02303
0.737421
7.91918
3.16924
2.49064
1.9442
3.70523
4.12423
5.62676
1.98487
3.43224
11.543
4.97453
2.0836
4.12773
3.17269
2.42972
3.03818
6.38518
1.88848
0.724644
1.41273
7.36921
15.505
3.78689
1.35121
12.2196
3.54564
0.999306
10.5188
4.35925
4.3661
5.64191
9.19688
2.36412
8.09221
2.43462
3.17323
5.62795
0.803159
3.09204
5.2008
1.80281
2.03748
2.49751
2.51193
3.01773
1.07541
4.73621
13.7381
6.39754
2.0947
2.47855
2.73322
3.23756
1.62753
2.27201
3.27013
11.0071
4.06081
2.38684
3.42642
5.6542
3.11431
2.4723
6.34913
5.02254
3.77372
3.77393
5.50186
2.23045
2.63411
4.34507
4.02017
4.23216
4.38827
4.42204
11.6766
10.1141
12.3226
3.45257
10.9155
9.20969
4.41134
4.00574
5.92158
4.02706
4.74318
9.16304
4.10359
4.03295
2.80808
2.50185
3.17808
1.96964
1.47535
9.15657
10.5508
3.57515
2.1215
0.93803
2.81026
1.12355
1.79468
1.47594
3.80038
2.33347
3.39116
5.32151
3.24181
1.97031
0.477242
2.33657
6.8375
2.16418
3.95911
2.95764
1.49186
3.4483
5.42306
3.52482
2.63168
0.307339
2.59021
2.43681
7.55323
23.2614
4.53334
13.4653
1.60875
8.90044
2.16532
3.71875
3.30326
7.76293
1.10782
2.6715
5.17456
1.38977
11.2176
2.86734
1.73599
2.76894
9.30551
6.5593
2.4515
3.61036
1.63472
3.67011
3.98474
1.2516
3.32714
4.14853
3.31803
2.49529
4.03738
13.3993
3.82287
4.04249
5.4112
3.45626
2.90717
1.47432
2.12897
2.4242
6.08289
2.8765
2.67067
3.67237
3.88767
5.41932
2.34602
3.42149
3.84403
4.31039
2.5539
4.53997
2.25235
3.8442
2.44836
1.84927
3.23637
3.89064
5.46394
5.28493
4.87905
2.27613
4.19744
2.71851
1.3831
8.25843
2.47852
3.75993
2.12671
11.5563
4.51304
6.7895
21.5255
3.2122
4.50795
3.81119
2.20563
5.36257
6.34884
2.00084
1.94096
3.66665
6.69973
3.69946
5.50204
11.0863
3.01061
12.7541
2.2971
1.594
3.44549
1.56417
5.5
14.9389
1.84115
3.63354
1.24414
1.41903
2.89579
6.10397
5.35699
3.33062
5.63906
2.10739
2.57648
2.93117
5.40352
4.83862
2.74246
7.53593
4.96956
1.97267
7.46919
3.93397
0.431963
4.32961
4.64841
1.6419
1.67649
2.21224
3.18064
3.52127
7.84247
3.01363
1.42517
3.56608
2.18587
2.5988
5.34402
3.95732
0.842175
3.46158
7.06278
2.71176
13.3386
15.6873
5.3523
1.63981
1.84396
2.45774
2.86999
2.05215
0.837273
3.3492
9.06339
3.28287
0.913446
1.88437
16.2787
1.80526
1.57694
4.03487
3.10326
3.1328
0.956136
4.86696
7.62548
9.4556
17.0991
3.40633
5.64907
4.93497
3.99797
1.14931
6.42369
12.4179
3.10785
2.23441
1.49854
3.00565
2.1805
1.89196
2.81858
4.17551
2.13384
4.70569
3.66359
6.25523
1.97156
2.78439
2.02307
8.65467
23.4714
13.507
6.64779
4.22425
11.1734
7.70751
3.10154
3.65802
2.9949
3.61774
2.15115
4.73419
1.67634
4.77334
4.67339
1.79956
6.16877
3.76092
2.69112
3.11026
2.83319
2.77353
2.92395
2.16167
4.24544
3.93606
4.61551
2.25681
2.77471
4.21179
4.76501
1.21173
0.339308
6.48802
16.4044
10.6539
7.33981
3.48998
3.62041
4.14571
3.64421
14.1857
4.04984
1.84796
5.47263
3.25217
6.34247
4.12897
1.52464
7.85593
2.71478
2.16467
5.25794
4.85875
3.14278
2.62812
6.84324
5.62566
4.65401
2.59703
1.92788
2.8132
8.62274
1.58756
2.71308
1.24707
2.80739
1.76836
2.94398
5.18306
11.3926
0.960822
2.93491
4.16242
4.15576
2.22764
2.07149
6.01556
3.29932
4.35711
6.36944
3.99859
5.25213
2.61755
2.81654
0.737315
6.36193
3.24174
3.55332
3.27587
1.66081
3.40146
3.09808
5.03677
4.07362
1.36909
3.34633
15.4876
5.43821
4.30938
3.67153
16.518
3.55413
4.11293
2.75453
1.34922
5.50996
2.00866
3.31549
0.688003
4.7183
5.89704
2.83268
2.04118
1.89647
2.99467
2.90015
2.23955
3.14435
4.45906
6.59257
1.23901
5
2.59739
2.80334
3.4416
6.2296
1.45442
3.56108
3.07197
3.31285
3.51522
8.24995
3.46307
3.54232
1.90188
3.75556
2.32978
2.31099
2.38292
7.14564
0.610133
4.7172
3.16692
3.75658
3.33411
4.02877
2.68276
3.47796
3.14032
0.250548
2.28269
3.92188
1.85013
2.59437
2.19967
5.08806
2.5409
9.31788
9.07699
2.36825
4.07731
2.54868
3.25622
6.10613
0.655442
2.02419
5.74323
2.89543
3.20712
0.658891
3.12643
4.4752
0.423518
1.29512
2.52201
10.7524
17.6131
13.7505
6.77795
3.36328
3.46397
2.79219
4.18359
4.02204
7.535
3.16675
0.961886
5.58231
4.47077
10.0544
3.80755
3.29186
3.05781
1.62608
3.22786
4.23499
3.34633
1.46164
5.77623
5.19399
3.02468
4.10595
5.09928
1.63788
4.70838
3.70802
3.7076
3.10857
2.05442
4.91596
1.03552
14.6758
7.69465
2.96406
4.92026
4.25346
10.1487
13.3708
5.77796
4.82973
2.62129
6.32256
2.72861
6.00034
5.70438
17.2124
4.29851
4.65081
5.1618
2.6033
7.32323
8.12116
5.6726
8.07711
3.45903
2.44798
1.89492
3.58736
3.72526
2.99666
4.84966
2.3596
2.8398
5.3999
1.63596
4.83507
1.14108
10.4275
2.11195
5.4585
6.60215
0.99651
5.23121
3.75042
5.01816
7.42927
5.77047
3.57004
4.83897
6.74699
2.77484
4.19815
2.04417
1.62913
3.04832
2.00649
0.534294
1.26427
3.70931
4.36122
1.65678
2.55808
10.5242
3.77441
3.08075
3.48305
2.11915
8.74468
3.28438
3.1305
8.10279
1.75855
3.18567
2.48203
3.23536
1.9846
7.92101
1.08673
1.85192
9.86342
3.75678
11.3358
0.658945
3.57437
3.52993
8.03229
2.93719
3.36776
8.93192
5.64914
1.78009
5.91051
1.79324
14.9386
1.63198
1.77563
2.18666
2.6926
6.26607
2.72431
1.20085
1.65149
2.55643
3.54661
3.67036
3.01735
2.39874
6.6104
2.23519
5.81215
3.40727
5.57026
3.39707
2.60145
4.67881
3.6741
5.41921
6.57546
0.721488
11.6168
1.85995
6.4261
7.62014
8.66207
4.70919
4.20216
3.40354
3.69799
1.55454
1.55465
4.45875
1.64499
7.09547
1.9906
2.64771
5.80712
4.21219
2.27241
12.2341
2.81831
1.0712
2.91306
3.48829
8.67737
6.06996
8.28605
2.87724
18.558
2.77975
4.0665
4.93366
2.53871
3.09558
6.72028
1.70589
3.51591
5.03257
3.10148
9.47961
2.64064
9.0254
2.07625
2.78144
2.61946
3.22938
0.369708
1.71449
6.08655
2.72052
7.8639
7.55713
2.60176
2.6904
5.41004
15.8559
6.05083
20.4304
1.75931
2.05626
1.90313
0.807737
3.67746
3.44234
2.39547
4.37364
2.50823
2.13517
3.28255
1.70919
2.65063
1.087
2.40461
5.4959
2.56445
4.73879
1.51426
1.42797
3.24987
2.4524
1.76673
4.33088
22.474
2.85541
4.03325
2.84199
9.70839
6.26314
6.35487
1.47547
2.62383
3.95555
1.48355
4.91544
24.86
4.43686
1.97603
4.67118
2.50225
1.27644
10.909
3.84213
2.00373
3.79156
2.90297
2.34127
2.91617
3.14758
4.97335
1.72315
12.441
13.3067
3.48079
2.05987
3.9223
3.67307
2.63654
2.63499
1.869
1.7428
1.91832
1.30371
4.39374
2.37749
2.33871
3.19166
5.3098
6.74909
7.18053
2.32081
2.68173
6.82687
23.9436
9.30695
2.61565
1.25614
3.53605
5.06838
5.45547
2.8071
1.55853
1.75217
7.97177
3.95846
5.10491
4.4877
3.16278
2.49541
0.621276
4.40379
3.81444
4.42226
2.84199
2.63291
8.76291
0.70007
6.09934
18.0577
4.71945
2.20802
4.05678
9.84551
6.08406
2.93411
3.59948
1.81407
4.0307
4.07228
8.57607
2.31538
4.24476
4.84319
3.84433
3.43474
4.8676
2.68841
2.76503
10.736
4.33417
2.06746
3.01276
3.44374
2.13333
5.90752
4.29532
5.76052
3.35719
3.34835
3.86837
3.56969
4.2912
1.48575
5.5971
1.95884
1.50585
1.9714
1.01066
1.91603
3.13342
2.75869
3.78284
2.45283
2.36544
3.9964
4.03486
3.85743
3.8002
3.56108
2.17205
9.01947
8.99715
4.53951
3.02405
5.42549
3.35767
4.75552
3.06536
3.64396
12.2323
3.28036
0.522137
4.03273
8.04249
4.62605
5.37936
24.2695
6.88958
5.21734
1.85354
9.10802
1.47451
2.27668
4.24077
1.65198
4.34391
0.618905
3.61609
2.51829
3.67543
4.22511
3.18949
3.19899
8.88146
3.56271
4.59257
6.88874
4.20073
3.53653
3.39856
3.72973
2.92224
5.81048
4.19032
2.1631
1.3483
2.93286
2.4024
12.6649
11.0418
2.42568
2.12069
3.23516
19.3893
4.80386
2.69376
3.63101
8.36993
2.45059
3.13707
4.32272
0.978433
4.76473
2.58703
2.70391
3.99259
2.33683
2.18111
2.83588
1.5434
11.1416
9.91306
0.978147
3.12896
7.58405
2.96899
19.5214
1.86825
7.40591
2.87815
8.6117
6.26498
2.30472
2.37005
4.23807
2.19951
4.70723
2.99548
4.61571
13.6886
2.04691
4.40037
4.05757
2.63711
20.6143
13.8636
3.82863
3.64621
5.4158
4.0633
1.5635
2.70764
2.75368
3.15719
3.67424
5.14298
3.53081
2.48319
11.0876
1.46363
5.63682
3.91864
1.83844
3.45802
9.98658
7.75097
3.09135
3.08915
2.598
1.86538
4.07879
1.72345
8.42551
4.57147
2.46642
5.52242
17.8487
2.64851
3.47123
0.989543
5.18642
9.61535
3.15241
1.18667
6.07206
13.8428
11.1608
3.57175
3.49803
10.1164
1.07431
3.06176
6.1712
5.21306
3.62647
3.2992
3.1409
3.48985
18.6329
4.84469
3.02287
2.15308
4.24431
10.0009
1.22686
4.16783
2.90884
5.8296
1.42772
2.01914
3.28946
3.0931
2.83445
2.8605
2.22314
1.7208
3.77064
7.82323
3.20964
2.39753
3.73671
12.5393
5.99455
1.99627
2.19692
3.21867
3.17107
5.365
0.854793
2.53426
1.54564
3.48972
2.18035
4.07126
3.49127
3.58287
3.86284
1.52084
3.94784
2.83166
4.85734
2.78356
5.79473
2.2991
1.9904
5.17032
2.41325
3.57729
8.80988
2.26061
3.17429
6.34107
4.60215
4.55268
4.03387
2.27167
3.50623
9.76696
2.71099
1.91478
10.2616
4.58826
2.403
1.82048
2.03441
15.2124
5.45275
3.60382
4.19982
1.07615
3.10961
1.0554
1.34036
13.8414
4.91882
2.50645
2.36932
10.5479
9.94724
3.45743
1.57011
22.0048
3.51438
2.49433
2.70191
1.89891
7.39121
7.15967
3.9814
4.47797
4.29018
4.92699
1.90506
2.58066
2.50873
2.15518
2.9148
4.10374
2.96075
3.22643
2.91445
3.05435
14.1694
3.65325
10.57
3.20717
2.90682
3.39217
1.35278
3.58736
6.9029
2.08114
13.9224
4.67517
7.27723
3.86994
3.26564
7.39248
3.14924
4.7325
1.20865
5.27441
7.42343
16.0758
1.89077
3.11961
2.02659
2.96354
2.51269
1.95017
1.96052
2.92632
1.942
4.25185
2.11186
2.85373
9.90312
4.40293
1.02768
5.97435
2.94276
3.03901
4.21093
2.57845
1.83899
5.94824
3.78776
2.36975
3.93759
3.09223
4.556
2.58528
1.42202
2.36102
1.56494
4.28396
3.3313
1.50176
3.11849
4.93465
1.47432
6.81786
3.40598
3.4914
1.06237
11.0148
2.92248
3.35873
2.72038
9.55458
2.93467
3.53541
1.99407
2.00545
6.69603
0.529721
4.09921
4.27409
8.08337
2.59851
2.50888
5.88674
1.81325
2.10251
4.89057
1.95024
12.7838
4.5787
7.26434
16.0186
9.05957
5.22008
4.64511
4.25803
7.77283
7.09959
6.62976
2.19763
3.48338
12.5389
3.82408
3.6852
3.307
2.73887
2.22232
13.294
7.56331
2.18463
1.84327
1.41004
4.08952
5.05298
6.5442
3.29648
6.43282
9.22791
3.71706
2.26964
9.73648
4.09988
2.89118
4.93826
5.88105
2.87928
6.62293
4.29365
4.92601
1.12944
7.35656
2.57249
1.14245
2.95379
2.47042
1.13027
4.64601
0.982582
1.24525
4.30925
2.04715
1.74021
4.151
3.20462
15.6166
17.856
3.70354
2.60087
4.82931
1.36485
3.05247
1.77488
1.34744
5.07601
6.51701
5.93152
2.37903
3.87003
2.42496
3.54436
3.12465
19.3543
5.69803
2.50432
0.940016
10.5361
3.30867
3.43469
11.308
4.23631
4.37195
2.67383
2.86626
5.99433
4.10234
3.33562
1.20469
5.57822
4.03695
7.12965
7.3988
1.72492
4.50237
1.98394
2.19932
2.75288
1.31379
3.21529
7.10217
3.44543
4.22668
1.16094
1.51384
4.54815
3.5651
8.66596
3.19741
6.15465
1.79061
2.23983
5.51078
5.64785
4.11509
7.02146
4.04914
19.6441
3.69451
5.73352
2.67255
7.86828
2.53224
3.31571
2.88348
3.2322
3.21156
9.85246
4.39378
3.61165
2.46899
0.882166
10.7301
3.98142
4.6847
7.84835
1.62657
2.32391
3.31982
1.40446
2.98769
1.29682
3.27757
3.98947
2.56748
12.2087
0.970924
2.51369
2.44124
3.7992
7.87781
3.8562
1.69943
1.69363
2.99983
6.08965
1.96073
1.97633
0.997867
9.34729
5.45589
4.60467
3.03145
5.20506
5.95178
9.30532
1.88544
5.31767
2.9754
2.14947
2.70141
3.90216
4.28505
2.68229
6.28286
3.71856
1.39602
2.75074
2.49478
3.23395
1.6421
3.11477
5.22918
1.47234
3.70616
7.18133
6.50198
1.61684
10.5481
2.76698
5.71454
8.49592
3.16246
2.78255
2.46573
3.6086
3.52427
1.54674
3.60111
12.0707
3.91465
6.88362
2.51845
5.2977
2.08613
5.16276
3.97654
3.56488
3.80927
9.06673
3.57173
4.62884
14.1969
2.86864
3.49791
4.64027
3.01007
2.17845
1.78849
2.29056
1.31034
5.4337
2.44524
7.70293
7.90524
1.12283
1.29353
3.02409
2.07773
3.97875
6.984
3.22106
10.5615
4.69649
1.74986
2.98175
6.83612
1.24297
3.1762
2.43594
3.08257
3.46097
6.45631
2.03497
1.45281
10.8855
3.87128
2.31777
0.296038
9.13786
5.48854
5.1249
2.80541
2.40318
6.5455
1.20214
1.58324
1.87243
2.97286
2.61944
2.74665
10.7899
7.89612
1.36695
4.94258
2.07209
2.29703
1.26098
1.14566
2.97144
14.8133
6.51883
2.28201
3.95882
2.15914
2.61172
5.40247
3.69033
6.91927
4.42401
3.04799
10.6475
2.9311
1.99365
0.640171
0.734484
3.12835
9.1942
1.51275
2.99497
6.71583
2.11847
2.62781
2.40172
2.1601
1.07302
1.75359
3.57811
1.8246
3.82858
3.21112
2.12758
6.19777
5.11483
2.79045
3.19988
2.01619
4.15337
4.24371
1.80954
2.61894
4.78271
1.36452
2.93323
5.71899
1.65306
2.08593
3.6808
2.77245
5.96391
4.14557
2.41676
0.227742
2.92983
1.37353
4.42076
3.36374
6.28304
4.53652
6.68706
3.76573
4.1117
8.17872
6.84399
3.31053
2.17892
1.57321
6.88793
16.5475
4.54381
3.33598
1.3616
2.30624
3.14258
13.6276
2.54453
1.49315
1.04855
4.45453
2.22661
3.24353
0.382126
12.0486
4.49521
3.84672
3.90855
8.8011
3.63782
18.4318
1.17758
3.23317
6.65825
4.15241
5.07403
2.12634
4.06034
11.3048
4.32747
3.40587
3.99313
4.02253
1.94499
2.14561
0.373208
3.7742
3.80528
1.40829
2.41196
3.07261
6.70907
4.78998
3.87775
1.11944
3.0644
0.98656
1.88898
2.14127
2.99338
3.15023
9.46055
3.47501
3.65239
5.83141
3.99598
7.18237
2.59253
6.33384
4.78183
10.1301
2.18218
2.94536
10.0751
2.28224
3.2022
6.80413
1.92648
2.88167
3.36668
3.52388
0.570435
1.74033
1.64449
4.2364
2.3211
13.0675
25.6643
6.6337
8.58093
12.3183
4.20911
3.51218
5.73274
4.01061
3.17051
5.50572
2.75948
3.22452
20.2653
2.71627
8.66676
8.16487
3.0023
3.44604
2.13532
4.49346
6.25666
2.35572
2.79108
0.488806
3.43871
10.8589
9.06534
1.5141
4.48261
2.06532
3.28817
0.805273
2.75441
8.47608
3.27109
1.85648
1.80225
7.44463
8.6763
2.85012
4.48391
1.75809
3.57264
0.29419
3.12436
0.924348
1.07212
1.94283
1.90139
10.4685
1.98908
2.74198
5.31126
2.55813
3.38435
0.900302
3.61126
9.67445
3.1402
6.98554
1.9554
4.8401
9.03398
2.20441
6.08399
2.55665
2.62574
3.85615
5.68374
9.02507
3.32419
11.0576
6.07127
2.84121
9.969
5.57536
8.33602
2.13149
2.65832
2.98232
3.33749
4.25313
2.61901
1.88838
6.42449
2.25176
6.24533
5.60532
2.48313
8.6888
6.02496
1.37019
3.35404
2.01059
5.26519
8.64948
5.44394
2.73108
2.09887
1.85958
4.81966
1.90744
3.58238
2.53866
1.44525
0.921385
20.2188
3.02156
3.03994
1.57009
4.32009
7.47923
3.43663
7.49787
7.35786
8.18654
3.38733
6.09936
2.70517
2.46083
3.1183
1.14577
8.64208
3.54749
5.60462
2.74089
4.99338
11.5674
4.31935
1.8389
10.6073
2.76818
4.47692
8.52294
2.49321
2.38256
4.11278
2.6066
3.63393
0.639916
11.4703
7.50439
1.88891
1.24916
4.79123
2.96567
3.84476
4.07982
7.04006
3.46527
3.8146
4.57599
1.05942
9.84409
3.05575
1.94968
2.20736
4.28891
1.97713
3.3201
2.1438
3.39069
9.21337
1.94593
2.70298
1.864
2.44895
2.2286
2.82493
2.48167
6.58225
3.88374
2.83401
7.82018
2.46112
2.54057
4.72485
8.40837
3.20681
2.46734
9.50123
2.74876
1.96446
3.174
1.96279
2.30643
2.93601
11.5745
5.22113
3.24434
8.9422
6.54908
3.87708
1.77062
2.5866
2.06847
5.7313
1.72778
0.379736
8.04524
4.01859
6.30582
4.08996
2.79673
3.89755
10.8996
3.77931
4.87409
5.61475
3.32258
6.83236
3.98334
3.85329
5.98684
5.62931
3.37227
5.37053
17.998
2.542
1.85887
2.44343
1.7307
2.91715
9.27919
4.27822
2.43374
2.19664
3.29438
4.34227
2.09996
2.25208
2.47706
7.47491
3.06634
0.778108
4.59715
2.20446
5.01369
5.52149
3.20542
1.84953
5.92541
2.2532
2.10521
2.58517
3.73146
3.49413
3.79734
2.7257
3.59236
12.4297
2.07119
8.35471
3.945
1.00315
1.9367
4.55239
3.67144
1.30823
6.51686
3.69796
4.14874
3.13196
9.0616
2.50626
7.10503
3.63658
2.36381
4.97493
2.20049
4.85865
3.65712
2.30468
2.90728
2.33678
3.48849
4.10827
4.6801
3.83132
6.1416
2.69884
4.06043
4.94709
4.51919
3.69195
11.9992
10.4295
4.98313
0.956506
3.86102
3.31417
2.77943
5.49296
5.83522
3.65984
2.28402
8.50587
3.75077
2.13038
6.99542
2.62911
8.7458
2.55388
4.96302
2.11592
4.20346
8.45895
4.66626
6.72454
3.47895
2.08277
3.41901
6.56117
1.25134
3.75971
3.2307
3.90412
4.9783
6.31637
2.80886
2.96555
9.61121
13.4267
2.44794
4.90039
3.66542
3.62347
1.69787
3.50989
3.50183
2.03655
2.63535
2.05813
5.2087
3.70015
8.79524
6.89986
1.42118
4.24142
5.31212
17.5853
2.44501
2.03857
3.81215
0.600802
6.40807
6.75315
4.76124
8.27901
2.35755
6.09075
1.92284
3.39305
6.49893
5.44605
1.71683
3.23043
4.4801
5.21773
2.53457
1.35029
0.622467
2.5468
6.26421
5.46093
4.95554
4.58685
1.11752
1.68484
2.75599
7.87443
2.44137
3.00864
3.03661
3.78059
5.77454
3.97201
2.8955
2.49945
6.37617
6.29861
2.40433
14.53
2.49633
2.28613
5.50481
1.40608
5.26181
4.20704
10.1806
3.3691
1.32961
4.85307
9.74513
7.6555
6.62988
3.62392
5.47954
4.28819
3.4273
3.23018
3.11146
2.20099
3.07118
3.63593
3.15935
2.73021
1.86884
7.19408
5.75208
2.79273
2.35431
3.05663
8.05344
1.72782
4.89528
6.3787
0.776427
3.00519
7.30526
5.74097
3.39394
7.8373
3.38789
1.99959
3.34746
1.91267
2.90411
2.48729
4.86389
1.88312
7.3304
5.05756
1.76779
0.694291
4.08449
3.53627
9.05737
3.67431
2.11628
2.52612
3.31597
5.09103
8.13707
3.9159
2.18822
2.72531
3.21499
2.36366
2.23068
4.47129
2.3804
8.70577
4.82858
8.95521
4.10918
3.71248
12.4339
3.92482
10.6673
4.06946
4.22687
7.64079
6.425
7.6792
9.38553
4.23394
6.72049
2.95441
2.23536
5.43365
2.26711
1.41963
3.81246
6.7989
0.777983
3.88239
5.0508
4.28134
2.2287
10.1851
1.78019
3.96917
2.94832
3.09371
2.91932
11.5928
1.76003
0.936367
6.41934
9.27696
3.35509
3.00073
5.36744
2.14403
2.33199
3.2293
3.24128
17.3091
2.65212
4.49414
5.21746
2.73302
2.65009
1.77831
2.51809
9.52189
2.48449
15.6892
3.33852
3.12915
5.3735
8.1185
2.45236
2.65344
8.01167
9.02638
2.38146
2.01688
6.41563
3.20564
2.988
1.54517
2.78314
4.8128
1.37362
1.33546
7.35745
3.95555
2.22571
2.7703
10.1416
0.66527
7.80989
2.32424
5.70954
12.4881
2.14793
1.86612
0.820934
2.12217
3.0902
2.51142
1.92936
2.45651
1.35298
1.52235
6.32869
3.03416
4.74268
3.73449
2.5057
4.41519
3.476
3.41753
25.2045
4.73333
3.44928
1.05882
2.49637
3.0008
5.13201
7.0627
5.24126
12.2967
4.48268
3.77205
2.35091
5.16956
5.47863
2.82102
6.03621
6.14671
5.99371
7.03196
2.65278
2.67563
1.70869
4.86483
1.20897
6.90472
4.38743
3.62567
1.55905
6.62382
1.84597
3.74784
3.07313
6.63826
2.82654
3.44
1.21284
4.2137
4.05658
1.36161
3.51876
1.80719
3.90313
2.86623
4.28471
6.83794
8.02155
0.809153
5.74427
6.39543
2.84689
7.77065
2.51545
10.6579
3.41778
13.6715
4.35609
2.37638
3.85191
14.9755
4.25702
7.3972
14.6333
3.22383
3.77345
2.68045
4.82435
2.8498
1.59521
2.25944
2.72712
3.02578
2.13765
2.98754
3.25497
14.6407
6.75714
0.700665
4.27767
1.77671
2.74529
4.67646
2.52437
3.36576
2.59989
2.11733
1.60705
1.7764
13.9042
3.2632
5.21051
5.02868
3.57994
3.62337
0.873933
2.84365
5.26121
2.7636
2.32681
4.19478
3.4876
2.21824
1.84572
5.78295
5.12909
2.63047
4.97312
1.30175
7.55646
4.78033
3.16914
11.9184
7.95267
7.07765
2.08559
5.1159
2.14484
13.9493
5.28301
2.32211
3.67946
1.65161
2.40743
7.44821
13.4115
1.77797
2.69611
2.79098
3.49142
3.42444
2.79531
1.78362
10.8417
3.2151
2.27531
2.24409
2.57707
3.23216
3.73813
5.71438
5.02015
3.04639
3.2508
6.72086
7.15177
4.48271
0.611646
2.81514
6.81608
4.43317
3.46263
2.42817
6.47601
5.01808
7.43813
2.15482
2.95628
3.63074
5.35901
3.26104
6.19019
3.55981
1.8795
4.6286
2.62146
3.41171
4.21375
2.76312
3.72619
2.45455
2.63726
4.96721
9.0817
2.28349
1.93314
4.56487
2.54042
13.0855
2.35228
5.38537
4.3277
4.19284
4.80657
17.4428
3.88847
8.18984
0.989783
5.26443
3.33879
4.4761
2.6131
2.31555
3.8926
1.52648
6.57097
2.37278
3.22357
3.20911
3.27403
4.13308
4.85149
9.32184
4.17448
5.11958
3.9543
4.97451
0.775318
1.98352
3.28546
4.05769
3.20105
3.08506
3.46278
23.5253
9.99459
3.99505
3.3704
3.66552
4.76687
5.18987
4.3505
3.11726
15.1436
3.43782
5.37239
3.21298
1.96299
3.13247
1.70581
4.55552
5.58753
2.92863
3.48827
3.97784
3.36377
3.06836
8.5452
3.60651
1.79565
10.2323
1.46836
3.29667
2.78308
2.39547
4.01294
2.97463
2.3449
5.87026
6.27514
4.51079
7.32885
1.82971
3.83455
2.25862
17.4661
2.34015
1.51096
1.71994
2.198
2.78088
2.75422
0.632909
3.12729
1.51852
3.58708
0.673872
4.16749
2.11055
2.31024
5.26675
5.40426
0.405329
1.60966
5.97302
3.64498
4.81373
2.19195
4.99013
14.7514
2.90689
4.13675
4.42781
4.51614
5.16866
4.23075
2.87406
5.72497
4.85215
7.70506
1.62133
2.71897
2.00965
4.0121
7.30358
7.22447
1.56931
2.48599
3.3025
2.95993
2.25887
1.30469
1.45146
4.18069
1.6831
3.09955
5.81223
2.68793
6.61507
2.98149
2.96668
1.86579
16.266
4.34934
3.35234
2.97997
2.97791
3.26297
2.9377
5.04094
3.4922
2.59042
1.30579
3.77566
2.63404
3.1236
3.93117
5.10983
6.43323
6.95095
5.27377
15.9146
3.70984
2.52382
2.17646
5.80527
2.38253
3.14458
2.90275
3.18179
15.4752
7.97283
1.78319
3.44987
2.7316
2.42932
3.34146
3.73692
3.75384
3.58053
3.49975
6.39766
13.4253
3.65574
3.6489
3.35502
3.12697
4.65169
3.72686
16.0626
3.26925
3.2997
2.81038
0.468066
4.38159
6.62769
6.28224
3.49271
8.00774
6.97391
12.8361
1.02293
10.7728
8.9184
1.70563
2.44276
2.40648
1.52777
3.01523
2.22941
4.27007
2.89355
10.6706
8.36029
1.9863
3.0975
4.07951
3.46524
5.69477
4.91999
1.15947
10.1042
3.56305
2.62212
2.05308
4.33886
3.02912
3.5357
4.2394
18.455
3.55892
18.5431
2.31228
3.83254
4.70159
1.39523
5.9067
2.31822
3.69749
3.04441
1.43642
6.32272
2.31173
1.60238
2.51553
1.88734
0.295955
4.52191
1.93378
2.46045
1.29806
1.78252
3.22884
3.91222
4.17978
3.08196
3.15188
3.76553
4.77875
2.64737
9.12353
3.18378
3.6645
4.4197
5.99417
1.94669
13.3179
5.91704
3.33501
5.63478
6.7392
6.836
2.71076
20.9
17.6415
9.68559
1.90195
2.68488
3.59661
1.13564
2.39397
3.28644
2.9134
4.0379
4.58168
4.49175
3.38543
1.00471
3.39022
7.6482
2.99677
3.59734
2.1422
7.93542
0.543545
2.29448
2.36508
2.11172
2.3649
3.44874
16.6707
2.31819
3.69242
3.89431
2.97765
2.13351
2.71547
1.81485
1.36014
3.72362
3.26156
1.87439
0.712532
4.31453
4.89345
4.99533
6.27732
1.28381
7.07612
7.04328
5.75873
6.11962
5.3441
1.60109
7.23592
3.08639
1.30428
9.53963
2.96163
0.852704
3.93173
5.06057
4.66829
8.19549
9.63476
4.53307
2.69972
3.35137
3.55321
6.0098
2.04493
3.81924
0.828526
2.31789
3.31506
2.65308
9.68445
1.99415
2.7425
3.70078
3.03136
14.7648
4.73561
4.33935
1.21076
1.18945
4.12928
5.11468
5.15195
6.39713
6.78186
2.11393
2.93961
8.40703
2.60944
2.20811
1.15349
1.38073
2.15464
9.41855
1.92153
15.3069
3.23744
1.70397
17.5728
0.430865
4.07269
2.9479
5.29591
4.02826
2.66027
19.334
4.68316
5.58186
2.02952
8.10816
3.38775
3.898
2.4946
2.33289
2.13769
3.0015
3.06243
3.95366
3.50881
3.35851
1.75404
2.42617
2.4033
3.56516
12.9812
2.50589
3.7237
7.8856
6.34564
14.6466
1.65052
12.0707
4.52623
5.51581
3.16708
3.69987
2.43048
3.6126
5.52947
3.28739
17.5284
2.94927
2.85867
3.46936
7.98041
6.59373
6.26295
2.54297
3.59708
4.92357
4.95588
1.59989
2.3675
23.5919
2.95388
4.45598
2.3572
2.59108
6.71563
2.56207
2.0704
1.55145
7.38849
3.02434
3.59967
5.17742
3.04672
3.49179
2.12294
2.39068
3.0488
2.5253
5.45322
2.43161
3.74682
8.89558
8.2226
3.91225
6.63132
3.29184
3.10325
5.10738
1.87693
2.99788
1.57131
3.07791
3.20614
2.82358
4.17696
2.40501
5.6118
4.73892
1.59167
2.04135
3.96501
4.25874
2.16248
1.63279
6.6558
0.728589
7.76199
2.17765
8.3764
4.956
3.49559
6.94229
4.83903
9.22753
2.27916
1.58879
5.26952
2.48294
7.95772
2.64513
1.29554
6.87869
1.27747
1.41089
2.59126
3.20143
5.02999
6.1605
13.6767
4.40318
3.57025
15.6489
9.51353
0.610832
11.1706
7.30975
6.06636
2.88022
3.38208
3.22574
4.26626
10.9094
4.04244
12.2791
2.31847
16.6361
2.15206
13.398
3.4571
4.44684
3.41554
2.37431
3.19824
3.6424
4.19529
2.89748
4.05912
3.39233
9.17527
5.13546
7.29512
2.18045
1.83128
6.29582
4.44528
3.12614
2.74167
3.36113
16.4881
3.27147
3.23786
1.80845
5.75709
1.60942
1.34743
5.42964
4.90729
3.63425
2.56501
3.72426
3.2966
4.52311
2.97155
1.73381
3.1792
2.76263
1.90609
4.29081
2.70742
3.38003
6.38075
1.36967
10.6162
3.23591
2.50589
9.56537
15.9946
7.51601
1.78714
3.39559
2.61214
3.29165
5.69708
4.19155
4.66154
2.19331
5.16101
20.6381
1.13349
5.21765
3.13703
1.92278
7.09866
3.9427
1.57889
4.04363
3.60017
2.0581
7.07532
5.67367
2.42303
1.81243
5.20878
2.85348
13.2064
6.3304
3.96332
2.57462
3.02142
3.73252
3.70648
3.66713
5.93035
3.24826
4.09701
4.20971
7.55158
11.7151
4.208
7.39975
1.96037
4.00969
2.98371
3.04657
3.10851
3.87457
5.04238
5.78189
1.68162
4.42547
1.2519
3.68171
8.72661
6.62013
6.97834
2.15541
2.83538
4.09536
6.60109
3.8956
12.8167
9.532
3.93097
0.70678
2.78585
2.78231
4.55698
4.54915
4.33458
1.08901
2.08738
14.2497
3.84485
5.34195
3.6675
2.40858
5.21226
8.60876
24.4631
13.0306
10.5391
2.87579
7.1794
2.27322
2.66055
2.08617
5.40555
16.2639
3.33577
6.30973
3.71438
2.60656
7.23405
2.51895
2.5241
1.43225
3.64274
2.35767
7.95296
5.4062
6.46966
1.00968
0.423613
4.30798
3.27276
1.17964
3.62355
3.05132
13.2271
1.75088
1.42682
4.65872
6.70948
11.0674
3.19033
3.30795
3.68457
1.97576
1.80297
6.93392
1.93189
1.10304
5.67717
6.25115
2.95405
2.38008
4.83167
20.2708
2.89993
3.50581
2.92945
4.14296
3.6549
1.13283
1.75271
3.15872
6.76411
2.6082
3.46566
3.64437
2.85146
3.91805
2.9205
4.62063
3.62988
3.71141
1.92952
10.5934
1.41686
3.85539
4.59944
3.75748
3.29251
12.2798
1.38524
3.41404
0.769868
4.55476
1.4499
1.16576
2.67919
11.9318
2.39701
4.08653
4.71961
3.79932
5.47571
4.48427
7.41063
3.07614
1.59851
3.04634
6.35002
7.59383
2.50787
2.03459
2.27025
0.955269
4.7593
1.90252
4.87055
4.42251
2.7583
1.74313
4.2513
4.0898
1.01164
3.42866
3.39204
12.0698
1.39272
3.58269
7.65403
4.89989
3.45652
6.40013
4.38442
1.63061
2.48603
13.7644
5.58982
2.98147
3.15289
1.23961
2.09793
3.25766
2.18759
3.98593
3.39352
5.85094
3.09544
1.74958
4.55446
3.75328
1.24493
5.69825
0.977508
2.45814
5.56818
5.1548
1.35502
23.7098
2.45068
1.38663
2.246
5.31744
3.00856
3.28006
1.66388
3.84988
3.64905
4.23026
2.64587
1.59632
3.01703
3.21246
3.20645
3.08871
18.6554
0.788544
1.52899
2.83691
5.91503
4.49196
2.88601
5.45818
3.51496
4.84753
3.07008
3.15682
1.85905
3.67991
2.84245
1.96846
2.65934
1.49006
2.74763
1.63613
2.65194
2.2459
3.82012
2.39019
4.26069
4.09341
1.14071
5.28194
3.30683
1.82796
3.67692
1.70186
1.97729
2.08721
2.00253
8.51018
5.64107
9.53014
1.98507
1.65523
4.59407
2.27785
5.62813
1.62834
8.023
3.00751
1.19951
2.6896
2.3225
3.35597
8.39094
1.81178
4.20036
6.23866
0.946964
6.18545
1.75592
1.26067
6.12505
3.05872
1.88572
7.14489
2.40048
9.51571
5.65447
2.33948
3.03123
3.64883
2.12851
0.772209
3.49009
2.7379
4.45114
2.88817
6.5757
3.17572
5.50798
13.4661
4.47247
2.67104
2.32299
4.67859
5.63972
2.76572
3.22909
2.67608
4.68505
2.07619
3.81188
4.43854
3.58084
2.95223
19.2729
2.75048
3.73666
0.912121
3.31637
5.22856
6.19979
3.0396
5.45035
5.08914
11.1672
4.38196
4.41665
3.35815
2.71891
7.9002
2.97926
6.25852
2.35001
3.24678
2.42633
2.12809
2.69282
4.62729
2.42444
1.28177
2.68953
9.21015
2.29044
1.33489
3.18296
1.43815
3.49026
3.19047
3.38253
4.66761
1.80069
4.73337
6.16203
2.57686
1.63004
16.713
1.93672
3.25212
0.625785
1.59848
1.62835
2.22076
5.33388
2.16671
2.59045
3.20087
3.24912
5.85008
0.4425
4.12702
5.96667
2.32576
8.94444
3.55612
3.19024
7.50858
2.96819
6.07952
2.7026
4.58208
2.06734
2.01802
4.64119
7.29559
4.69646
4.23192
2.68596
1.97862
4.49376
3.53708
1.35273
1.65729
1.76908
0.660209
5.9933
10.6573
3.67643
2.76036
2.84468
4.332
2.69362
3.28499
2.74516
4.00996
2.61797
6.69006
2.45197
6.2224
0.995538
4.70497
2.26031
5.90517
2.18022
1.60825
9.1164
7.64078
8.48024
2.9518
3.40245
5.81421
3.08638
13.1308
1.95024
3.29484
1.78664
2.28182
3.75577
3.07581
2.78659
7.87671
5.66587
8.04776
1.7103
4.70698
4.12719
5.30541
3.1204
3.18902
1.01704
11.3111
2.30688
4.31672
13.7293
6.08415
2.18244
2.85602
1.72531
3.59027
2.22718
2.38817
12.5665
4.41307
1.58837
1.20547
3.65305
2.27097
1.45223
1.48734
3.14159
3.84466
4.19271
2.00366
7.13405
6.00479
1.68639
2.77063
2.56737
5.14236
1.82884
10.3733
1.47141
4.37199
1.509
4.34544
2.43331
9.20846
3.13641
2.76819
2.36245
5.69895
4.72903
4.13423
6.4227
4.29772
2.83713
3.30491
4.75891
3.2201
2.88385
3.10481
6.53738
5.19204
4.51397
2.11969
3.81357
4.73716
3.21087
5.77182
3.2819
8.39741
7.16967
6.99029
2.56783
3.7509
7.76448
3.8153
12.768
3.42274
6.39875
1.94892
3.97328
4.62502
2.24052
1.20227
2.73602
4.97001
2.35176
3.26737
3.60414
2.03463
3.83706
7.9734
3.09149
23.4618
4.68822
3.47771
1.67109
2.05289
3.25577
18.3891
8.51967
12.1444
1.41066
3.46868
6.04646
4.36967
6.07968
1.64745
3.59088
3.34068
2.32721
4.3818
5.15362
5.14621
2.31725
1.04032
2.67126
9.77364
3.72709
2.62142
3.27588
2.86227
2.89612
11.2562
2.25816
1.40202
2.80255
2.0971
4.94345
2.41924
1.88476
1.37502
10.3138
3.96721
9.13089
0.892397
11.2546
2.07545
7.04002
11.9443
2.78365
4.97739
3.03559
11.0774
4.16813
7.45114
4.81734
3.88215
15.7127
1.66686
1.902
3.16353
1.79201
3.3174
2.31089
2.55078
4.0669
11.5582
5.38518
2.8148
5.22624
2.75466
2.86188
1.77862
2.534
9.50073
2.68749
1.81544
5.77768
8.29826
3.05402
3.03949
5.26286
5.48872
2.8702
3.42985
4.26137
2.63489
4.12981
1.24883
7.66594
4.01148
2.92447
3.47925
1.39953
1.1421
2.5497
10.8399
4.27481
11.566
2.7046
4.86188
8.58989
3.12989
2.33905
2.90222
8.07858
2.00722
8.91908
2.24873
1.90818
2.47115
2.24489
7.89254
3.75051
4.76078
9.57369
2.05223
2.15854
3.89237
1.46528
2.19762
4.46573
5.92459
4.08427
3.16664
3.62978
1.48923
2.50653
3.73916
4.46328
3.90282
10.031
3.48262
3.27131
4.36937
2.42513
2.98058
3.65755
2.1615
5.45804
4.26384
1.37115
2.22516
6.08187
3.10132
4.87729
7.70969
6.44736
7.13215
2.92045
1.00543
3.28754
8.09652
1.93997
3.89315
3.15814
0.990951
4.24406
4.8418
4.60945
13.5073
8.66996
4.53842
6.09294
11.7624
4.76692
3.68346
0.799965
4.12298
1.96942
7.49087
13.4093
10.8192
0.608004
5.90853
6.0264
1.67802
1.05742
3.50943
4.10755
2.41747
4.18811
4.39306
1.79955
10.1993
4.26851
3.96287
5.5918
2.90123
3.16391
0.764384
8.1236
4.66967
1.41943
1.65257
7.50425
5.54415
7.91415
3.68798
2.69175
3.3881
2.49745
4.46102
2.77749
3.04732
5.54258
3.58641
5.26207
2.47373
5.67606
2.87458
5.64188
2.39487
3.68504
9.33849
2.82014
5.75989
6.30116
1.84635
6.46117
3.83532
15.8911
2.16714
7.41471
2.73493
2.62621
3.0256
8.36126
5.55496
17.6702
1.03778
8.67891
1.96691
4.89855
4.23753
11.2143
5.1561
3.44797
2.12824
2.26768
14.206
6.36398
3.03277
6.89626
10.8696
2.44514
9.42284
2.69231
2.22165
3.95225
3.68711
4.53067
2.56821
3.48889
2.23237
2.12413
1.96964
6.71943
2.44363
4.09129
2.28935
4.28272
3.90415
3.89126
8.20128
2.9931
3.85148
5.0077
6.86454
5.16845
4.76421
8.65184
4.87445
7.71949
9.97551
3.64996
8.20763
3.94562
4.69295
2.35654
14.6422
12.0221
11.8175
4.25723
6.54182
18.3494
3.68329
1.86881
5.31411
4.63634
4.31255
2.58457
1.2587
20.2947
1.8789
0.551556
9.31444
6.81398
2.99875
3.03964
3.32364
7.03723
2.25164
2.54022
4.58803
10.3345
1.30952
2.3346
4.56886
10.0667
5.87457
4.86762
1.62358
3.7859
7.17776
4.03366
2.60734
9.10965
0.764103
3.52584
8.24543
2.07696
4.05101
1.92083
3.98354
9.27157
2.35723
2.51497
3.4053
4.39125
6.35831
3.25125
4.97535
7.12793
4.22185
3.96332
6.38355
1.3678
7.01163
2.37618
9.69115
1.00025
2.4435
2.56223
2.07676
3.62968
11.5024
5.26611
2.66378
3.29522
15.5601
4.10543
3.77291
3.27013
1.30839
3.43102
3.00618
1.78522
1.27614
3.17008
4.0725
18.7593
4.41381
3.25544
2.37994
4.25124
3.17238
3.08197
5.04619
2.2619
3.90477
16.1227
3.80591
1.69427
2.95027
1.74048
4.40686
6.41688
3.53206
3.51461
0.585133
3.70255
3.0428
23.6253
0.662947
2.16314
8.96223
2.22896
4.51674
1.6859
3.98264
19.0463
1.90244
5.35202
5.44282
8.51282
2.34287
4.9349
1.2233
3.09209
5.38778
4.78967
6.25855
5.11753
7.21323
4.98836
2.68481
2.31975
2.95695
1.28039
4.97691
5.68198
1.21147
3.11389
7.88346
2.77449
7.9537
5.70208
5.43814
2.69101
11.5266
1.00009
3.8729
2.74978
6.22128
4.13194
2.90402
3.21524
6.50446
14.8574
14.6111
1.87558
8.2614
8.0467
6.12939
5.13292
2.65807
3.12557
5.83699
1.1327
3.56705
3.66389
9.17533
8.05242
4.17456
0.755667
3.71576
1.99396
2.01144
2.60021
5.64365
7.47432
6.01453
6.82645
3.81214
2.83758
2.27613
2.49728
2.76051
3.49788
9.43652
1.94681
3.68499
1.27056
7.73493
1.38127
4.47771
4.13693
2.19507
3.43563
7.90668
3.37145
3.74869
2.78451
4.28338
17.2876
0.704329
19.3877
2.42518
5.14258
3.82326
2.85769
10.6621
1.89984
9.26205
2.98781
2.7631
0.78678
6.59502
7.13384
6.22995
2.93211
11.2513
5.46264
4.80766
3.38922
10.2621
12.2993
3.74366
2.92197
6.63169
1.98448
1.9198
2.52488
0.242119
2.88679
3.43775
4.49758
3.83177
1.58396
4.11212
6.93454
10.9504
1.48251
3.28793
7.30513
3.72333
6.31612
3.90387
4.03211
3.63974
1.74248
2.31276
14.6151
3.23904
3.45942
1.05433
3.99275
6.26279
3.65743
5.28491
4.52146
13.3539
2.80342
1.48778
8.9859
12.9469
5.66471
7.71695
4.23387
7.16771
3.29793
0.489977
4.3017
2.81662
4.2958
8.99927
2.87374
3.98231
5.86651
1.48552
3.51547
3.1928
1.93545
5.0925
1.92096
9.93705
5.09935
6.34037
3.37239
2.62489
3.81815
14.0131
0.894673
6.49959
4.11806
10.2594
2.78255
4.03026
7.84138
1.86098
3.44289
3.7284
4.74075
3.0336
1.81652
3.24033
3.28815
1.87923
1.78464
2.44792
3.9515
2.32412
2.33987
4.54666
2.67619
3.48146
4.41928
10.6915
3.54097
3.59055
3.09518
3.6607
3.68782
3.11322
4.44669
9.92093
4.34577
1.61611
2.65738
1.94195
11.0503
2.82828
3.03332
2.05799
3.81521
2.33394
1.53923
4.35575
2.73413
2.06104
2.28724
3.67858
6.97451
5.1409
2.23958
4.13851
3.6473
6.05367
2.01487
5.76197
3.53062
1.73822
3.99913
4.09046
6.3714
4.26066
2.43971
10.3422
2.01544
2.5661
2.53259
2.2195
4.52693
3.05431
4.79012
5.13996
16.2961
3.0558
2.82095
0.612009
4.56413
1.99576
1.61771
14.4107
14.7726
2.91062
5.21053
3.17721
3.31825
2.83727
0.956788
2.65937
14.5744
3.55219
3.03024
2.981
4.83735
9.58741
6.91349
4.16457
3.14306
1.76561
9.81005
6.74258
2.31598
2.26942
0.496933
1.5081
3.09551
1.29579
3.07037
0.73302
3.91432
3.01844
8.32583
14.9893
7.67049
3.95514
4.01409
14.3943
3.66098
3.30055
2.94752
3.2377
4.60462
4.05374
4.63057
3.86937
1.04788
2.91218
3.27993
2.9096
4.09548
2.28541
6.53263
3.37677
3.53839
4.05105
4.81796
9.111
2.50398
3.57394
1.13457
16.9138
3.07215
2.92549
1.89202
10.0684
1.17438
2.06565
2.59785
5.96625
7.70952
5.79088
1.90092
3.44513
7.12339
5.11834
8.17153
5.88978
1.52136
4.97375
3.82697
1.99723
3.88918
2.70869
4.09227
4.24835
3.37339
2.657
3.07711
5.57194
1.74198
5.37345
3.19841
11.6531
2.59621
11.4622
4.91178
10.9145
6.89981
3.24096
3.53143
8.82783
2.38748
4.61314
4.51357
12.8279
8.54831
2.02257
14.2062
2.93421
2.41406
1.82796
2.79346
4.01843
2.04526
3.40706
4.21573
4.8628
2.80248
2.80768
2.34537
1.28223
2.21745
3.07826
3.23953
2.91277
4.08885
8.22807
0.699925
3.24245
3.83656
1.40631
6.07705
4.42023
2.79836
4.3839
4.13999
4.5253
2.50683
23.4117
5.01775
2.68377
5.77433
3.83058
1.59314
3.51359
3.21095
3.04573
2.80025
1.63581
2.41695
3.07016
1.25425
0.309832
2.71241
5.74337
3.6844
5.26335
4.023
1.7856
1.34746
1.97891
1.68031
1.75546
2.19321
2.90046
0.982526
3.80894
3.77527
3.09405
11.7855
1.93948
3.61761
4.18438
1.95115
4.582
2.94276
7.65946
12.9365
0.597678
2.05354
3.32491
4.11162
3.70698
2.40791
2.29548
4.52203
2.79845
5.65731
18.4677
7.81384
9.23677
10.8374
3.896
2.9428
2.62233
3.3023
4.96548
3.82239
2.35427
3.29449
4.19181
3.14677
2.6638
3.04987
4.29991
1.44858
5.80418
4.04704
4.7111
8.02009
1.25172
3.93529
0.826043
1.40967
1.73919
1.76316
3.67192
3.37712
22.7979
4.62008
12.7115
2.55633
4.73939
2.75712
3.64226
7.89523
7.74626
3.14551
5.78419
5.46914
2.65998
2.71517
3.80322
5.2515
3.26367
2.70149
1.21839
3.45786
5.89966
5.51235
6.60482
3.05448
4.11194
1.9313
2.2563
2.71945
2.61546
2.3672
4.74809
8.71761
3.25259
1.83975
1.65704
5.8511
3.18569
2.29714
4.02204
3.59907
1.72639
2.9076
1.80213
3.17763
1.96006
6.44447
1.58816
7.77272
2.57208
4.79261
8.98038
13.5744
5.23265
2.66412
1.11715
3.51995
1.28499
7.41243
2.94532
1.88368
4.04423
1.07907
2.34352
0.548606
5.34525
3.11433
1.80292
4.53838
1.70497
1.17615
2.59031
0.843359
2.60097
2.56175
10.53
1.61406
8.64801
2.72844
5.06155
14.6352
4.27733
2.45895
6.73226
0.923965
5.40579
7.14496
2.23405
0.992089
3.11169
13.1226
2.38836
5.9947
3.34987
3.15293
2.97936
0.761308
2.38145
2.89495
13.8661
4.05159
7.54326
2.81283
5.08922
1.64828
1.73554
1.04754
2.77895
2.71371
4.03708
11.386
6.71852
2.57731
4.12764
2.67807
10.1779
4.63438
3.7181
1.67115
1.51023
3.96785
3.12755
3.42137
6.50658
5.13069
4.55055
6.50412
4.61874
3.73569
2.256
3.24334
1.45951
4.57077
3.02407
3.71158
3.14223
2.98482
4.45288
3.09907
5.47036
4.04418
5.25109
3.68843
4.28819
5.6572
1.39835
2.15338
2.69202
9.44078
5.5294
0.514746
7.253
5.71551
1.08074
6.74006
7.56436
4.03438
4.36938
3.12544
2.97342
3.38001
2.93696
2.24579
2.02401
3.35916
2.20847
6.73743
13.5545
6.68665
6.93266
5.4099
2.12155
2.74815
3.35748
0.7806
3.57641
1.23726
2.05039
5.27937
1.18596
5.14415
3.39131
1.01928
3.61301
4.34937
3.70406
5.69357
2.67706
7.65087
2.15101
2.17576
2.2217
6.3094
6.2602
2.6418
1.18131
2.92142
2.0657
16.8406
5.12748
5.70578
3.25396
0.870247
6.05442
4.21214
7.1697
4.67783
4.0341
5.86936
8.41515
2.41062
0.935619
1.12034
8.6889
2.7553
2.23296
2.64743
3.64842
3.1843
4.75451
2.36833
2.99168
2.3896
4.51625
2.05926
3.94359
2.67157
1.44743
1.76425
4.13182
5.99114
4.085
14.63
5.6506
4.88547
3.50025
2.67702
3.60721
3.69051
3.4505
5.5182
3.56537
9.15288
1.2258
2.23871
3.2319
2.30059
1.90343
6.97023
3.9373
2.50697
9.78821
10.1425
0.763865
3.21228
1.96708
1.9185
3.60853
1.00975
2.21947
2.94206
9.30415
2.68727
2.7656
4.90678
5.31711
14.0528
1.97238
7.83075
1.15563
8.14042
9.01587
2.30604
12.4083
1.76751
2.59195
1.96918
3.01302
2.93282
5.48859
3.17925
3.63844
2.87677
2.93314
2.2218
7.80438
4.24739
2.96698
3.89925
2.13669
3.85741
3.08309
22.5297
1.75309
2.39654
6.53581
2.7509
5.56743
2.66689
1.70496
3.27661
1.64609
4.79459
3.00381
3.84289
3.81789
1.13728
2.69771
2.99836
6.65056
8.23345
1.46611
2.74632
3.43111
19.4517
7.17932
3.40089
14.7122
2.39641
6.60472
1.4384
11.6544
1.42802
5.1337
2.42449
5.15611
3.17625
3.49901
2.27551
2.7693
3.08632
1.33606
6.38192
3.48611
3.98112
3.69515
3.49615
10.3519
0.762367
4.35888
4.87486
1.73404
0.580457
4.67978
5.1391
2.29571
2.39036
4.10577
2.30692
2.17095
2.23341
1.28419
4.6811
4.57787
2.52637
6.6487
8.09423
4.92004
6.23639
3.09455
4.99498
4.91321
6.80333
1.83364
23.9312
3.21105
4.79496
6.25405
5.11552
15.0137
3.39396
6.97619
1.24187
4.32411
4.39651
6.41321
2.6231
2.11932
5.95879
4.7083
2.50646
3.42725
5.7039
2.38748
3.32193
5.23745
1.37334
2.33736
2.5039
2.89465
1.52591
0.601271
2.20522
2.11631
8.85238
3.60276
4.74851
1.86768
4.27489
11.2331
3.39073
4.1905
4.35281
4.24139
2.33825
5.44257
1.60125
4.69117
6.0354
2.71095
4.86139
1.22867
2.0745
1.35392
3.84599
1.79324
3.06857
5.08763
4.92283
9.32596
2.13205
2.32972
8.57017
4.33833
7.08169
3.73809
8.01752
6.03288
3.66404
3.02284
4.23776
6.7717
0.651306
4.47474
6.59537
2.73372
3.09157
1.98617
3.23779
3.04769
1.55557
9.71691
2.4412
3.17638
1.55618
3.12751
8.34747
4.62108
3.47771
2.1491
0.832088
2.13451
14.077
3.82592
4.29973
1.66352
4.54906
3.289
2.89729
5.67791
2.44159
3.61549
5.78787
1.81793
3.44689
0.91849
2.5983
3.73106
2.47765
0.553436
3.81566
4.95776
2.14311
2.76516
3.80861
7.38815
8.04159
3.77362
4.25272
2.88669
6.17534
4.37573
3.60271
2.72387
4.56052
5.43175
5.1942
5.55608
9.4569
9.20995
5.24723
5.48038
2.45088
3.84214
3.27377
6.17053
2.35601
2.57594
1.79281
2.75679
2.1679
3.57003
5.70886
3.97286
1.15359
0.893417
10.0124
2.69958
4.44044
0.982142
3.41757
5.15857
4.40534
2.61038
3.83594
2.41837
4.56408
2.11297
1.30812
2.52767
7.91832
2.19545
3.38115
2.16696
2.57947
6.12112
7.70022
4.14735
3.7399
5.61024
6.73471
3.99338
3.59592
3.36117
4.08294
20.1846
3.846
2.65251
2.91985
4.17935
1.88857
5.119
19.5341
2.51569
7.5305
6.11507
3.40381
3.28725
6.37334
1.78045
3.51175
5.4354
4.22768
2.23069
2.1285
3.78547
0.637394
2.04133
4.15759
3.91097
4.29927
10.8608
1.87221
3.4662
4.1706
1.57669
3.94935
10.5233
17.0177
3.78583
12.2223
10.8651
8.42868
2.01345
6.74113
2.77352
4.87951
2.34758
4.82157
3.1757
0.553131
2.87947
2.05871
3.6978
0.25246
2.9512
4.22646
7.31271
5.82382
5.29213
2.73315
6.14404
15.3634
1.19974
1.40031
4.07391
9.09101
8.81935
8.42602
3.65971
1.1149
7.18606
4.03063
3.38415
4.33334
15.5788
5.78587
11.509
3.1847
2.2744
2.79919
2.73964
2.08113
2.89107
8.70942
2.51679
6.89383
2.05652
10.6544
2.40242
0.76934
2.09914
4.56159
9.98838
5.33835
2.93028
5.67508
10.5601
8.88264
6.04683
4.20184
3.78514
10.9489
5.34798
2.04916
3.36907
1.13535
4.12417
5.29419
4.48594
8.85653
2.8843
1.09248
8.97226
2.33524
3.61953
2.15883
1.07572
4.21126
1.4575
14.7723
2.85803
6.02529
3.28054
1.85476
4.46168
22.1576
2.0445
1.90357
2.77971
19.7855
3.75017
2.90368
4.57004
3.56322
4.09616
3.44246
10.0924
4.30717
0.618304
3.25452
6.12491
13.7554
3.78534
7.0871
2.76994
7.45476
2.95007
2.04941
1.08073
2.95124
0.68149
2.96699
4.64021
1.16752
6.71424
7.02673
1.46541
13.439
2.39295
2.4553
3.16411
1.37882
10.9567
3.6493
3.06848
3.72557
3.55955
3.83767
3.04052
2.45104
3.36486
2.85775
1.60451
3.16483
7.40771
3.14751
2.41041
5.3882
3.83268
3.23224
1.60389
1.99426
2.40966
10.2661
2.80729
2.27903
3.5456
1.6049
3.99316
6.59079
2.89756
15.3125
4.21602
4.46855
1.15462
2.81249
3.98678
2.51011
4.76379
2.82122
7.33616
7.13582
1.65475
14.5129
3.85803
2.72098
6.3213
2.64523
12.062
3.96543
6.55088
2.02991
5.54169
3.9613
3.84734
4.40077
1.92671
6.97136
5.91526
2.2571
2.86022
2.47074
0.846353
17.8345
1.49966
9.85459
2.4955
2.03184
4.76226
4.16819
11.4646
2.53653
12.207
10.0215
2.86732
8.24834
1.56971
5.49712
2.32888
4.94684
6.95213
4.86552
2.49631
2.93522
1.28883
1.27071
7.81246
1.89219
4.60879
3.39102
16.8503
1.25185
0.942166
3.1476
2.60405
3.94707
1.34954
3.31846
7.66657
5.59169
8.79697
3.51042
2.12365
7.89456
7.82468
4.58707
4.55483
2.34262
4.85242
5.08302
2.70184
2.88784
3.68364
2.25211
1.64286
4.85697
3.97045
3.41375
1.65703
16.6228
8.44882
5.71227
4.02141
5.44876
5.15918
3.09616
4.51108
7.50321
3.46344
4.95112
1.78054
3.37729
1.90365
2.73059
4.06158
3.52965
5.36932
6.69789
4.62055
2.3496
1.83339
4.30219
4.79838
1.85801
2.68545
2.45645
2.20845
6.46127
6.95139
8.39539
6.88226
3.04919
15.2901
5.79567
9.46531
3.18667
2.32332
10.6503
2.73501
5.91044
3.4524
5.18591
6.17301
21.3301
1.47847
2.29355
2.6553
4.77033
2.91789
3.14896
1.83522
7.17708
2.49678
3.48867
1.74779
5.48006
1.44963
2.2358
1.31101
17.7201
4.0033
8.96794
3.56136
1.53331
2.35381
1.91748
5.55104
3.36195
3.21756
2.63861
5.8544
2.13457
2.76272
3.35764
6.03786
3.22947
2.46257
2.3203
1.80223
3.94572
6.07656
4.6974
7.20176
5.71389
3.56376
2.67198
5.67739
4.05671
12.4866
4.32812
8.10629
2.05459
6.18045
5.34966
5.50588
7.15995
4.60637
5.50664
4.41821
1.61362
3.27042
2.81406
7.04602
2.38046
2.13982
4.33849
3.04895
0.610935
11.9226
3.43987
4.45441
2.11926
3.2816
3.01353
3.44074
0.610814
0.906443
1.9981
2.13786
3.10015
1.75324
1.22925
3.61133
5.79541
1.99927
2.28058
2.73345
5.02363
1.61154
2.85719
3.81804
1.91002
1.39458
2.37907
6.27344
4.10373
5.10504
6.34265
3.07336
3.36041
15.1567
2.92334
1.32249
0.985321
2.02471
1.43262
8.3332
1.46269
1.01147
2.31405
18.1383
3.88977
7.08825
5.87011
3.89761
5.48797
9.38584
2.36894
5.03637
14.3636
1.85463
6.04423
2.60732
2.42722
2.40139
3.99231
3.76633
3.72514
1.91853
2.14066
4.51658
4.68516
6.0756
12.276
4.97584
8.64092
1.78265
2.53193
2.35312
7.75529
3.64012
4.70204
2.02442
3.28676
9.15386
2.21213
5.76137
3.25338
4.81713
5.51654
10.4201
2.38475
2.68224
2.95038
4.27136
1.87813
3.15201
2.50284
6.93126
2.31358
4.85853
13.3746
8.18021
2.86338
3.35371
6.40359
3.35536
10.2747
1.66403
6.84026
4.78364
1.21892
1.33555
0.833013
1.49654
13.0649
1.85706
3.2411
18.0533
5.2777
1.95232
3.27558
3.50342
2.03086
5.35357
16.4243
2.38102
4.6211
9.08712
2.10402
2.1135
4.21539
3.25907
6.53931
8.13917
1.78126
0.868838
7.54742
5.72201
3.03718
1.71947
3.01556
1.73174
3.55712
3.5405
3.49349
1.97788
4.42239
4.87831
1.89941
4.44188
3.65391
2.65563
2.63215
3.21404
4.06324
2.1015
7.06286
4.9813
2.89914
2.62965
3.52258
0.876296
2.38775
2.32881
4.34311
1.62313
3.82014
4.04879
4.07736
4.8766
3.06006
1.69389
11.3111
2.89046
5.2546
14.7645
3.05612
4.21075
6.56994
15.7974
2.67425
3.614
1.97177
4.42581
3.22654
6.55757
3.64878
3.75957
3.97711
3.69545
20.7025
4.48438
3.33743
3.18815
8.21154
1.05334
4.29169
1.57924
3.02999
1.82688
2.95736
3.62327
1.54354
2.40312
3.04804
8.38375
3.71932
4.29137
3.65001
3.23524
2.27876
5.10061
4.96495
3.00255
3.20735
1.66929
2.07567
3.32925
6.4922
10.1853
4.90631
4.62324
2.87259
1.61759
2.48385
3.70775
2.42685
3.04825
1.99157
2.6496
7.24117
3.68887
2.72615
2.72007
2.61103
3.76852
2.44686
1.90113
11.5316
3.07842
3.80708
3.6997
2.84901
3.01104
2.99692
3.39601
4.61211
6.58906
3.6978
1.98664
1.50046
6.98317
1.67407
3.40157
3.4825
5.65738
2.83009
11.4067
1.88851
2.88031
2.65335
3.92265
9.25741
7.60389
2.36246
1.70086
6.57827
2.1882
2.56137
4.20578
3.4773
3.88103
3.17027
2.22457
10.2138
3.7207
3.32134
2.46967
4.83278
3.03718
1.46628
1.90244
2.36404
8.12804
6.50969
3.05836
4.14834
7.32965
7.34944
1.2823
3.87582
7.70198
1.59293
0.665963
1.95305
1.43044
1.72932
4.61714
2.67214
4.73332
2.51242
11.3097
2.0382
4.7896
0.991454
0.863024
2.66845
2.85661
3.59231
2.14021
2.65163
4.25298
8.42405
7.45657
1.58438
2.88162
2.15445
3.1051
2.01509
1.06862
8.48952
1.36714
8.46725
3.43241
2.64919
2.15567
5.94332
6.68762
2.46334
4.95683
1.68225
1.79761
3.29755
3.71944
1.74765
24.5205
5.2376
5.35093
0.931121
2.28557
5.45572
2.92783
3.75169
3.20621
5.88202
1.95806
6.44107
6.16111
4.99969
3.06735
3.05799
2.98645
2.6497
17.6386
4.01932
5.07761
3.31014
4.59784
3.00845
3.15896
3.1438
0.452832
3.24205
4.15983
1.22573
4.38611
10.9002
5.42158
5.09522
2.47197
2.25028
3.91331
9.20809
4.85064
3.20352
9.23524
3.97262
1.59356
6.56487
3.752
2.3852
1.23466
4.91567
3.19176
1.99586
4.07058
7.80064
3.67488
5.49368
22.2291
2.50549
2.62873
9.99444
5.52674
4.17372
4.28222
9.96327
1.77671
3.57735
3.88198
3.65159
3.47184
4.65985
0.806222
4.26002
3.22604
6.06197
2.37145
12.6476
2.78942
7.64176
1.79155
3.70301
6.62608
3.91349
2.2499
5.56908
4.31518
1.89292
2.57332
4.41169
2.77551
10.4703
7.51834
2.78287
6.37432
4.66092
9.29402
3.26828
9.06853
1.17026
2.46288
2.755
2.77367
7.77446
3.78454
2.62667
3.1134
2.49221
5.35987
2.52815
1.80001
8.55526
1.11408
1.5593
6.17237
2.49587
3.88438
4.80387
3.4064
8.58085
1.13717
2.87056
1.81211
4.46632
4.94727
6.15265
3.50137
1.2581
4.04656
3.606
4.86343
4.2737
3.50376
1.59243
5.10565
3.17099
2.59983
3.46905
3.46086
14.6157
10.645
2.32018
2.30817
6.4351
3.91591
3.63687
1.45853
19.9905
8.00293
4.47499
1.11632
6.13534
8.26193
3.61863
18.9385
4.12619
11.2749
3.70565
3.63228
5.05861
3.03177
4.44756
4.00151
8.42985
2.22445
8.79346
2.02558
21.7356
1.76505
2.33327
3.43934
2.5586
1.33491
3.07948
6.36373
4.78426
1.90407
14.346
0.814805
8.78759
3.18394
2.03591
2.37428
4.43815
2.15717
5.16338
3.41599
3.44071
3.6683
3.45934
2.91834
3.40028
2.55759
2.09511
1.98741
5.09071
0.710798
2.44022
8.88371
5.42657
20.0879
1.96192
2.8077
5.23147
1.62292
5.21722
5.53497
4.36675
1.7489
4.5901
4.10414
3.33546
1.61281
5.64743
13.1418
9.58246
3.7966
3.9262
5.11445
2.40673
2.30037
7.51643
3.60741
3.2207
1.48106
2.22689
4.74537
7.70682
3.62594
2.8963
2.96095
3.41774
2.73702
5.83864
3.08861
2.90896
1.81332
4.22876
1.73817
24.8879
8.75213
1.97801
1.68249
10.3281
3.54868
3.26939
6.95432
3.04402
9.00578
4.20755
8.02822
1.50617
3.15853
1.94972
2.99867
3.97703
1.75318
3.45924
6.79944
2.24586
2.38319
1.22246
2.97939
14.663
7.14716
1.18726
4.65638
3.18287
2.23485
3.56946
3.25703
3.88113
3.73903
5.29275
0.265822
10.4523
4.23997
0.904081
2.09126
3.81506
3.79966
3.57139
2.65766
1.16198
18.3199
1.88236
3.17912
10.3662
6.10903
2.04496
0.854126
8.28066
0.89415
3.12248
4.71294
3.78799
1.81854
1.18171
2.75317
5.77943
5.42551
5.90586
0.913151
1.76425
10.263
2.07791
3.2091
11.0866
4.49896
3.14629
12.2443
1.35637
4.93744
2.44604
2.36773
2.66213
1.89427
11.9601
5.03034
3.01541
5.07696
4.30226
4.10524
3.79096
4.26421
3.79957
3.42899
3.31914
5.23417
1.91811
2.0691
3.03177
1.7502
11.5633
3.62269
3.36575
11.5581
3.58269
2.39305
3.30239
4.78707
4.7982
4.31218
3.00388
2.97632
3.58329
3.82916
4.12513
2.36294
1.84855
14.5314
2.18799
2.49435
4.98268
3.30214
1.57448
2.36562
3.05477
3.13288
4.10304
1.66068
4.72236
5.68615
5.22079
5.34706
1.9211
1.20569
3.81773
14.9074
5.13775
5.34389
2.33246
3.37282
3.53922
8.0484
9.93566
3.24943
8.30463
2.57636
3.35866
2.12994
3.73499
3.93686
4.44632
5.38744
3.76907
10.8096
0.780206
3.38554
2.02246
7.00244
3.42604
3.65397
3.62882
3.31542
2.74281
2.69373
4.6771
4.39748
5.86719
2.00776
10.3826
4.95571
3.17048
5.24246
4.79001
3.92528
3.04827
2.60457
2.63358
4.5332
0.796008
3.44242
2.60249
3.60426
2.6444
1.51507
5.31766
6.0307
1.5594
2.13833
4.63904
1.74447
15.7339
3.22636
3.37673
5.41893
23.9666
4.98056
2.70475
4.27676
4.0064
2.8659
1.67901
3.45805
2.86249
5.12029
13.155
0.969066
2.66409
2.16749
7.84497
7.5596
6.75537
3.46941
9.08273
13.5747
4.12105
1.97041
2.93609
1.8753
1.8255
6.38175
1.36144
2.46914
0.980096
2.9858
4.46153
1.65109
4.7772
9.97465
16.392
3.91758
14.4952
5.73178
2.21918
3.7288
11.4593
1.73988
4.1779
3.43167
0.220141
2.19993
3.50183
2.63322
7.18717
3.1783
1.04115
9.61552
6.06527
4.353
3.81798
7.47217
2.73471
2.70644
4.13086
11.6029
0.729118
4.44048
5.26151
1.9247
2.50359
9.35056
1.17006
3.31672
20.6636
2.56732
5.5528
1.85851
19.4586
2.72304
1.87936
8.07503
1.71167
6.39039
4.0729
2.91011
12.035
12.1916
0.881851
3.33009
2.37238
4.28886
3.78084
4.28721
2.09867
1.20039
4.65206
1.60163
6.30429
3.79959
2.33387
1.28698
4.27341
2.35726
2.66238
3.09958
2.71526
4.69594
3.1782
2.50951
1.77881
2.79919
1.42124
4.18729
4.43813
7.30257
1.17425
1.26452
6.4468
2.66767
2.51097
1.78846
4.05891
9.41597
4.21763
1.60456
10.4925
2.059
16.7153
4.68758
7.35186
6.62764
2.60916
7.82657
12.2447
1.8504
13.3396
1.99451
4.2276
6.76877
4.01476
5.72324
1.61448
5.27341
9.72476
2.66761
7.89717
4.65874
2.42838
3.22816
3.24639
6.47461
1.26347
3.33807
2.46619
5.5362
4.10658
2.46995
1.64109
3.79974
2.06952
4.45073
6.38972
0.513196
8.11458
2.99333
8.78694
6.79513
2.08846
8.96771
1.49464
18.4822
2.93086
2.11763
6.1829
6.48328
2.94439
1.55901
5.4347
1.62651
6.01015
8.16627
2.46706
3.77073
7.29956
12.011
10.1035
6.75647
2.51429
0.758803
1.75871
1.6935
11.8395
3.89193
2.96719
3.34338
2.52664
10.6962
4.88006
8.4833
8.95688
3.55893
2.34409
5.72978
5.48332
1.61555
0.881485
4.99973
1.7983
3.32293
0.342195
2.12162
4.10072
2.54942
2.70271
2.44507
4.53722
3.60867
1.76604
9.65007
4.8859
12.5465
4.73025
1.73357
4.15697
5.24711
2.57105
16.803
1.36117
2.55588
3.26952
1.80929
5.91339
3.47168
16.4732
1.58079
2.48699
3.64081
3.57274
2.39308
2.38659
3.76618
9.01232
3.23095
1.7137
1.80155
4.10086
4.23458
3.17679
4.16768
2.40082
6.13609
4.12224
5.7117
5.06882
7.06656
10.0184
5.29145
6.15386
5.03876
1.92567
4.96851
0.659942
5.4435
4.69293
8.8408
5.9163
5.08268
21.8085
4.43801
4.94874
3.50897
1.69532
9.17907
5.15795
1.35499
4.81869
1.0523
4.08095
1.07543
4.39941
7.09593
1.48378
3.46003
1.81021
2.03396
5.44135
2.98084
1.3288
2.6348
3.3067
5.93048
3.70267
7.47577
1.52833
6.84075
4.79512
2.94175
1.46865
3.94214
3.36775
15.6784
3.956
3.52744
9.57231
5.28631
5.95453
2.82525
7.8587
2.79341
5.06066
0.738645
1.53343
0.984186
3.8972
7.73245
3.76421
3.71376
2.22294
7.17048
2.36591
3.3551
17.5272
3.04373
2.05205
5.54583
5.81491
4.78324
2.7155
3.51561
2.38938
3.97096
4.8272
4.55883
3.55621
3.10367
2.06365
3.38472
1.03345
3.70819
2.16556
3.63192
5.73788
6.51097
9.37334
3.17509
1.61677
7.16214
2.12903
3.12299
15.9442
3.20011
11.8433
2.90571
5.51804
5.65613
3.22621
12.4863
1.73911
2.57431
3.41709
1.96933
9.72436
1.32816
5.20999
0.678427
11.2305
4.64846
2.8741
3.22278
2.89509
3.00722
3.63863
2.85252
11.0388
3.86278
10.1814
1.10224
3.24394
5.10752
4.06027
1.19831
5.24887
7.99087
3.49559
2.88799
3.90909
2.9741
1.76699
3.0592
3.11127
2.06763
0.580529
1.47721
1.57309
2.89267
5.60799
1.18344
2.93458
18.8278
6.5848
3.93657
4.30673
8.70611
3.40598
2.26942
1.97213
0.875266
1.1862
3.26139
2.49973
3.21878
1.00014
6.31705
3.90654
2.98624
5.69387
9.50618
1.5935
5.17097
3.35837
8.07858
5.23042
3.30682
6.87375
3.03037
4.6104
4.14648
2.20907
3.57309
6.71171
0.442862
5.25085
7.5995
2.54654
3.75742
6.0203
4.536
3.81395
2.27584
2.19454
1.08199
1.76784
3.2032
4.07733
4.29299
7.88369
2.3376
3.55687
6.06267
10.5371
2.04033
2.24002
2.83093
3.66317
4.19614
2.85692
3.77801
6.26741
2.68543
3.84868
12.6555
3.21514
2.79484
2.11249
5.3645
20.0358
1.87672
2.76171
3.53446
7.34371
1.89248
7.36601
12.6198
3.25415
12.085
1.398
3.2001
4.82997
10.3654
2.64665
10.8253
3.30275
5.10192
0.872295
17.0044
3.37868
3.42293
2.49854
3.52676
4.42842
3.48864
1.30201
6.77459
5.43871
2.03197
7.21989
3.86318
4.26553
1.6845
5.49582
2.9537
3.6719
13.4839
3.76149
4.35905
0.646518
1.35072
1.07059
1.30112
3.44652
2.94575
1.68815
4.7419
2.39836
2.06951
3.8619
5.27786
1.62567
3.46528
3.04113
4.28789
7.29822
2.2121
2.91813
5.80107
1.68159
4.28283
5.57891
2.21164
5.62357
9.55157
5.50575
3.27236
17.2971
0.636355
1.56901
5.48468
8.05323
2.91652
4.64543
4.64422
1.27627
6.62982
8.0248
1.58766
0.836206
2.85236
1.76184
18.1164
3.13343
2.08857
3.04384
1.43888
6.39714
2.58609
9.80456
2.47912
3.50451
3.47668
3.90337
6.6385
10.2336
2.99416
9.41275
4.01635
3.09171
3.28472
2.21022
4.1731
2.79516
15.0617
2.12872
3.46115
2.27198
2.42221
4.32181
6.29305
19.2477
3.49217
1.6976
7.20723
5.42906
2.90156
7.6008
2.95974
1.87852
5.25976
5.05925
4.25915
2.93627
4.2925
5.52181
2.04058
4.60067
1.63628
3.79262
2.49693
1.09713
0.976492
9.6832
5.3091
4.12647
4.46819
2.60143
3.63671
4.04041
1.21125
2.23166
1.46485
3.37681
2.07128
2.06207
3.5859
3.59246
8.47776
1.78028
4.74902
3.31063
3.54721
4.00943
12.3972
2.91958
0.713114
2.95597
3.06405
3.22426
13.9826
2.93433
1.21263
4.55605
6.02044
4.61921
4.56036
2.6864
7.3993
3.24708
2.23392
2.78
4.30381
3.8181
8.14989
3.59855
3.90123
3.70029
5.04217
2.84452
2.84865
3.23641
2.75123
8.83629
10.5941
2.99784
3.48039
2.74591
4.29832
15.2163
3.37233
2.30684
3.66606
2.55977
3.551
5.95875
5.72588
24.7644
7.31477
2.64759
0.775491
3.95822
1.39839
1.78215
3.57142
3.26332
1.50803
4.00154
5.89703
2.42947
2.22585
1.99994
3.32359
1.94598
2.49432
1.48935
19.0472
1.64486
5.83438
8.48506
3.48951
8.94749
5.03553
5.61531
6.53068
2.44626
3.15327
3.33168
2.98993
4.81656
2.26303
3.72647
6.85259
8.08685
4.4559
3.29561
9.23221
3.41464
3.72943
3.81712
8.66642
4.07585
3.34348
2.08442
3.32283
2.99
2.94354
3.18243
2.0108
12.5558
7.62271
4.3705
4.1964
2.38429
3.32869
3.38666
2.90981
5.11167
10.8232
1.98485
10.3551
7.54009
3.27264
5.92624
18.4302
1.79359
7.86558
4.73337
8.18937
3.57677
3.15157
3.52469
1.96403
3.03608
4.32661
0.67221
4.27311
0.961177
6.98714
2.59211
5.9345
2.72861
2.31858
1.93841
4.34508
3.38525
6.67759
3.03746
2.78939
3.56477
1.97652
7.21209
14.6799
2.79559
4.95945
5.05429
11.0817
2.44193
2.31172
3.71824
5.41863
2.92595
4.78084
4.9728
1.52566
2.29313
6.74498
7.69056
4.29622
4.25404
2.1679
2.1714
0.628964
0.848145
2.96904
7.21795
3.62447
2.12354
2.75963
4.62822
3.67009
9.93033
8.76949
3.28617
6.72113
6.48037
3.13907
7.62951
5.9084
5.02502
1.57778
6.15017
2.8422
2.99496
2.34319
3.48427
3.08124
21.333
2.3305
5.25372
2.24592
10.4874
2.77469
6.61092
3.8938
2.1283
7.21067
3.03161
3.35786
6.38102
3.25948
2.99223
7.8007
5.54772
4.67809
7.28833
3.20566
10.2117
4.50809
1.27199
1.30491
3.98027
3.91871
5.75404
4.30393
1.39645
9.98597
1.64775
2.0774
4.06166
2.08192
3.06245
5.32185
3.63746
4.01759
13.4056
2.99508
8.20725
0.86533
1.93479
1.75433
6.32445
19.8826
2.35979
3.1456
2.94518
2.14567
4.16918
2.92661
2.94479
2.62708
3.07493
2.13438
1.90116
2.12235
3.63311
5.34339
2.95358
2.08666
1.612
3.59777
3.16869
3.43855
4.84606
6.08831
2.43529
3.68234
4.93478
13.1805
0.88969
4.09758
1.40231
2.28605
10.4609
3.17781
2.0631
4.34598
3.45008
2.55413
3.13475
1.07016
4.00296
4.07174
7.60275
2.76056
1.70834
2.49239
7.09118
5.82808
2.95113
1.54621
2.38283
10.2549
1.68868
1.24702
6.98809
1.17021
5.02049
1.02757
3.41767
1.82678
9.98847
2.76507
3.47931
2.84197
8.42069
2.00639
4.36055
1.28413
2.42091
4.89879
1.28807
7.12841
9.59141
3.0569
2.24548
3.66888
6.39397
3.70401
3.37072
2.70611
2.16154
3.12188
3.35046
12.0233
2.92029
9.17501
3.98497
4.8641
3.96976
2.92004
3.15017
2.93786
2.2189
4.73981
7.38333
9.47542
5.03225
18.6466
8.9648
1.98595
1.98511
3.36503
2.10852
4.17044
4.97098
3.02817
2.50348
7.0007
3.44921
1.51702
3.40128
3.12556
1.45666
4.70107
7.23632
4.29973
2.19894
1.86155
5.66894
8.40894
4.96416
1.45875
3.71592
2.06921
3.63121
8.43751
3.15056
3.74201
5.64963
2.79686
4.5453
3.22816
11.606
2.29022
4.03045
5.41791
5.70743
3.31033
4.41604
2.30047
3.39801
1.35392
1.50408
3.14753
4.8216
4.51793
2.5197
1.03608
2.36479
4.29442
3.97637
1.86986
2.50972
2.49022
4.14189
4.12274
1.69639
6.20716
9.09027
7.12103
2.72038
3.73335
1.42597
4.31822
4.55742
3.96775
4.7613
1.6932
1.11884
1.64187
4.5219
7.78418
3.43262
3.61012
2.49193
3.66026
5.24228
2.73818
2.96019
3.97939
3.47221
15.4447
7.14702
1.85946
24.8124
5.28142
4.96107
13.9367
2.23804
3.51924
1.76414
1.64901
4.40245
3.68453
2.39655
7.49069
3.13457
11.7609
9.68337
3.32815
1.70225
3.24799
0.753836
3.85684
3.11824
25.432
11.9996
6.83314
2.49336
4.37133
8.18684
2.8581
4.04563
2.79515
1.67329
4.80047
4.28762
1.16077
4.13155
3.33076
4.07011
1.01179
1.10564
4.15574
5.25288
1.74677
1.08709
9.37285
2.52304
3.26817
1.80482
2.21375
2.6411
3.57698
1.48675
2.83529
5.77918
1.79792
7.08728
5.51678
2.44463
1.78258
2.44245
1.96058
3.44069
1.71774
2.88323
0.203939
3.3238
1.68683
5.7498
2.63327
4.04282
2.89516
4.83613
9.65069
2.63853
2.18807
7.16481
4.4795
2.36682
2.69539
5.45087
4.31962
2.00994
5.03598
3.65168
3.74868
3.74962
5.03862
7.28224
3.0341
3.55589
4.18727
0.978388
5.65283
2.3914
2.95692
2.41776
1.20307
3.35956
3.44898
2.95608
2.13142
1.36552
5.61198
5.59767
3.05744
1.64459
7.4499
3.12719
8.0882
3.69938
2.37352
2.75815
5.98257
3.64147
2.70181
14.4908
6.27334
1.18616
2.81062
3.63717
2.64983
0.652094
1.96538
2.85615
3.49573
6.64925
4.21743
2.78514
5.28154
1.70874
4.39432
3.01266
5.23554
3.07049
5.34404
6.8274
0.974314
1.04272
1.10402
3.31386
4.41694
1.36306
6.03987
4.76947
2.42875
3.01891
5.11696
9.6583
3.64284
4.49624
1.27271
2.46702
3.98048
10.9398
2.55199
16.5701
2.86157
3.28745
3.31572
5.90208
2.54119
4.08117
2.52965
8.55377
3.0223
4.11789
3.01895
3.73183
2.79418
8.83604
3.99626
1.34617
2.82558
3.37609
3.17968
2.22861
2.35588
2.99944
11.0628
3.20539
13.2606
1.98627
1.60523
3.88921
4.77741
1.55537
2.8069
6.541
7.61411
5.83815
1.30186
2.6189
5.94333
2.7238
1.31246
2.8355
4.89987
2.56719
3.36921
10.1929
4.88093
3.54884
3.39882
18.3063
3.29407
2.57751
2.03559
4.19668
2.86443
2.07323
6.0607
3.15104
2.91149
2.66972
1.97525
4.06203
0.838616
2.44747
3.02768
3.63497
1.82999
1.20662
2.24045
3.74181
3.24453
3.30739
3.70483
3.85363
7.78061
2.30412
9.08736
7.3271
4.06342
1.38473
3.1245
6.69136
2.74589
1.78617
4.07335
1.04448
4.18894
3.8964
3.4769
6.16298
0.578415
6.33302
5.97869
1.3405
3.54004
4.67721
2.30287
3.24383
4.95735
4.81749
1.66365
5.02682
7.94548
2.29655
5.69396
5.35455
6.03664
0.80108
2.69087
2.69134
1.44853
3.98946
3.38318
6.19335
4.40693
3.60239
4.04963
2.86995
3.37588
9.29087
3.19928
5.42622
4.24618
8.86623
4.60129
2.46038
2.45378
3.33861
10.7887
3.05704
3.2855
3.48539
3.23159
13.8491
3.36197
1.19108
2.00844
3.03995
4.66459
3.47346
7.01529
2.70008
2.30466
8.4757
1.31647
5.54867
15.1633
6.84278
4.03548
2.40669
1.15249
3.66578
6.48448
6.5151
3.16541
7.02798
3.18289
3.1555
7.76878
3.15656
2.84355
4.67224
3.76023
8.8148
7.13043
3.90252
4.5191
2.673
2.38619
4.66291
2.48109
2.94565
1.84037
3.2076
6.29068
3.09134
2.95715
9.0362
2.81674
2.33008
4.12935
3.61603
2.83042
2.91797
5.77691
19.6718
3.78004
5.90419
2.38928
5.92783
3.01164
3.24036
4.12656
0.60464
3.14437
4.38828
5.59922
3.79697
5.92969
0.911762
1.64676
2.7956
4.07527
4.4823
2.6425
7.98035
3.36105
3.93452
7.05002
2.97401
2.7964
15.5735
3.5925
9.36502
7.26808
5.08513
3.18862
3.15569
2.75411
15.732
6.18947
3.2336
14.6503
1.41049
4.0104
17.766
3.46071
3.1105
6.08241
3.17124
1.47119
1.09161
5.95879
2.12044
0.712126
1.62688
13.3679
3.64379
6.08511
5.10807
5.986
1.25884
2.20711
3.3567
3.5695
3.17809
1.72349
4.80437
2.69317
9.9624
3.32259
7.29322
3.49631
4.42332
8.15625
4.61252
3.46773
5.13015
5.83931
8.13026
1.6199
4.32751
4.81338
3.87213
3.12921
0.940797
4.89694
5.69368
3.02346
1.84207
4.23737
2.70894
2.4811
5.85971
3.77833
6.51722
3.11904
4.35052
3.41108
2.98651
1.95365
4.91422
4.75533
3.00811
2.29157
4.50923
7.85989
3.05476
4.854
1.70455
2.20671
7.29853
4.55171
2.12757
3.59865
4.44496
2.15433
2.31199
4.7154
2.77863
2.83218
3.64942
14.8151
3.13586
6.90653
17.635
7.12451
18.6018
3.98816
11.3648
3.66772
3.25007
3.06039
1.92345
7.22149
4.2882
15.6644
7.32569
2.0778
5.44053
3.42064
2.41812
1.48528
4.8243
3.47749
2.99649
8.93352
4.63926
7.99832
5.12454
1.59682
3.0827
1.44759
6.12405
10.6398
3.94047
3.62391
9.85573
5.36934
3.76776
2.56287
2.59773
3.06061
21.6899
2.59347
3.02649
2.18942
1.62462
5.31355
4.13818
4.73589
0.499101
3.66513
1.95467
6.56033
3.83565
2.43549
7.53458
2.2769
3.85957
3.55042
1.90088
2.64375
6.76457
5.27399
2.12635
3.8839
1.59502
6.92823
2.91238
3.53037
4.85445
3.67053
5.24131
2.42132
2.68398
3.81345
1.52401
1.80155
2.72934
4.21927
2.55134
4.41526
3.79723
5.47656
1.35082
2.20557
2.54559
12.9222
3.92037
17.6106
3.20319
1.79421
3.34615
2.49564
5.0498
0.72172
2.91001
3.28654
3.9257
8.95499
4.99712
5.77161
1.17853
2.24455
4.25379
1.96261
2.01493
1.734
1.21278
4.56165
2.6441
3.3703
4.77748
0.782826
3.58113
1.82411
2.17593
8.31644
2.99646
2.2025
2.55208
2.30727
3.48943
4.93631
2.86457
3.00778
1.99684
2.20294
3.43166
3.51696
12.1106
8.64556
3.88252
1.86151
2.90822
10.5537
5.0693
7.91889
3.00367
8.21041
20.8579
1.08636
3.18055
0.909824
8.97236
3.08171
0.686858
1.44275
1.79364
1.85279
1.94262
3.04429
