0.744042
1.47842
0.0973291
1.48642
1.45958
0.769342
0.495162
0.217173
0.455423
1.11569
1.12427
0.320727
1.52146
1.92986
0.207249
3.00181
1.08553
1.61068
0.423422
0.329954
2.00229
0.959785
0.581305
0.169471
0.648727
0.46577
0.155395
0.6172
0.500015
0.603604
1.03129
1.10081
0.666761
0.736464
0.572178
0.230124
0.607026
0.651406
0.889017
1.0373
1.05746
1.49095
0.291389
0.729148
0.56168
2.11457
0.262124
1.16151
0.592345
5.5952
0.50833
2.77612
0.330299
0.19532
1.31935
1.87902
0.71887
0.603461
0.703142
2.52378
1.95429
0.524106
0.396197
0.475186
0.520246
0.438153
0.0548412
0.448429
1.18937
1.13371
0.266611
0.651435
1.17429
3.78812
0.232663
0.825643
0.274674
0.333184
0.712404
0.23475
1.23868
0.318704
0.939677
0.758421
0.44563
1.35805
0.227543
1.45463
0.835116
0.485077
2.29647
0.596064
0.592628
1.74461
1.15507
0.704065
0.315619
1.74719
0.354633
0.628217
1.03579
0.620182
0.571239
0.223276
0.415604
0.595019
0.525615
0.275039
1.65259
0.313659
0.356038
0.460502
1.01351
1.14058
0.783127
5.10078
0.344569
4.02625
1.2364
0.309688
0.392489
0.329852
0.877
0.556717
0.452676
0.795255
0.376399
1.94365
0.414453
1.13047
0.685799
1.32386
0.574849
0.406855
0.121489
0.512412
2.38212
0.267429
0.42498
0.332641
0.458432
0.472758
0.566509
0.184583
1.39265
0.585484
0.872424
1.03342
0.985632
0.55061
1.04101
0.467036
0.63108
0.769025
1.66274
0.262263
1.2456
0.338174
0.967563
0.327209
0.902938
1.20658
0.416255
0.886438
0.248845
1.92738
0.502498
0.309335
0.720129
0.609264
1.09647
1.06255
0.255831
5.69161
1.42796
0.410023
0.434505
0.837157
2.44327
0.852054
0.342394
4.98323
1.504
0.937131
0.199627
0.73103
1.72752
0.925058
0.349264
0.978309
1.01461
1.13764
0.599908
0.757531
0.141978
1.26917
1.74827
0.425141
1.20128
0.674273
0.854127
1.62691
0.698866
0.21205
0.414511
0.495524
0.833908
0.816482
0.209883
0.7062
0.150012
0.570198
3.72916
0.0655542
0.930417
0.570849
0.482121
4.31707
0.405398
0.422719
0.668738
0.806128
0.504815
0.790683
0.220068
0.622932
0.333335
0.362609
0.403392
1.07415
0.905172
0.6581
0.722939
0.758229
0.395311
1.16219
1.46422
1.33276
0.834308
1.11877
0.817727
1.70188
0.476614
3.04748
1.01729
1.50098
0.751273
0.766331
2.14466
0.950611
0.326733
0.776974
1.17857
1.69891
1.07143
1.66507
0.749063
1.55139
0.235015
2.13199
0.554022
0.708565
1.18812
0.300912
0.43466
1.05274
0.483706
1.44485
0.681087
0.0352194
0.761249
1.49826
0.680447
0.234642
0.549803
0.471396
2.23587
0.54031
0.267121
1.51887
1.53158
0.365691
1.62534
0.466005
0.799632
0.490545
1.41394
0.225442
2.86738
0.375832
0.288385
0.737193
0.707468
0.46581
2.41661
0.475975
1.03753
1.76691
0.36563
0.0882089
0.373251
0.557502
2.39086
0.327628
0.428262
0.355519
0.463684
0.376608
0.236578
2.65086
0.461636
1.77099
0.277853
0.385043
0.503799
0.966577
1.49883
0.580456
0.782986
1.50916
3.19284
0.761773
0.298696
0.573317
0.516091
0.732245
0.73202
0.383607
0.652796
0.666513
4.46698
0.201214
1.03525
0.32099
2.31828
1.39129
0.665317
0.795237
0.832601
0.228974
0.609671
0.711162
0.454152
0.882929
0.126539
0.80762
0.535317
0.273579
1.18043
1.02124
1.03615
4.69144
1.16342
0.241314
1.76416
0.995577
0.309819
0.305701
0.263031
0.384203
0.34785
2.49462
4.53377
0.142887
0.376181
0.688851
1.87949
0.546677
1.24667
1.09441
1.01205
0.814372
5.18594
0.599133
0.157298
0.416237
1.90919
0.259477
1.1034
1.47945
1.21513
0.714191
0.156632
0.975531
0.688785
0.172723
0.220449
1.98805
1.33537
0.202999
0.958636
0.577085
0.586002
1.22447
0.575282
1.25246
2.06361
1.05466
0.509677
0.348794
1.87888
0.184446
0.881541
1.04857
0.942702
0.587166
2.50751
0.357174
1.36171
0.54555
0.789246
1.22064
0.336436
2.29424
1.84849
0.563957
0.224058
0.385272
1.089
0.529979
0.64175
0.945016
0.824284
0.909976
0.555407
0.644071
0.603537
0.0758603
0.0785559
1.64875
0.76112
1.1266
1.36247
0.861208
2.05626
0.289819
0.886381
0.377155
0.581101
1.71756
0.275764
1.4611
0.695901
0.455841
0.194112
0.325515
0.375122
0.462176
2.7653
1.4063
0.128753
1.43836
0.358852
1.57654
2.28414
1.6656
1.06938
0.243192
0.982191
1.55588
1.54322
0.43078
5.22846
1.03869
0.364736
0.454899
0.881
0.348515
0.668283
0.157993
0.282805
0.347019
0.644021
0.976344
0.622048
0.813153
6.00959
0.428477
0.139035
0.266434
0.543417
2.27825
0.762125
0.893186
0.684512
3.1689
0.822623
0.826938
1.6435
4.17235
0.732386
3.61602
0.246098
0.507805
0.970618
0.635019
1.61956
1.13394
0.885771
1.56553
0.710356
0.278652
0.448838
0.936642
2.9406
0.597828
2.79328
0.914385
0.405834
0.613082
0.346195
0.370833
1.54675
1.57318
1.6224
0.505573
0.338964
3.40597
0.492132
0.533672
0.332572
1.41507
0.385323
5.8169
0.363923
0.751465
1.58642
1.8947
0.543316
0.721241
0.568677
0.342427
0.556173
0.48314
0.338855
1.75308
4.92732
0.348876
1.03998
1.06031
0.389328
0.450512
0.309434
0.339757
0.758582
0.386269
0.390533
0.213701
0.486173
0.566261
0.907584
0.545182
0.882353
0.500229
0.42731
1.19274
0.888865
0.279177
0.501124
0.647282
0.166045
0.27144
0.34869
0.291905
2.65589
0.731855
0.708967
1.58675
1.31195
0.580591
0.448929
2.40384
1.47021
0.64128
0.190898
1.53363
1.91737
1.41896
1.82207
2.04645
0.455434
0.457459
0.339068
0.421978
0.473002
4.57418
0.198065
0.839673
0.936315
3.29172
0.387321
1.00785
0.274822
0.0956823
0.0908889
0.293354
0.472062
1.00322
0.330699
0.909687
1.99679
0.175571
1.18221
0.277067
0.788532
0.349313
0.535934
0.951416
0.367341
0.202071
1.07246
0.90247
0.30466
1.51767
0.575382
0.159494
0.272332
0.643298
3.96629
5.34181
0.283245
1.7958
3.09756
1.33713
1.04703
0.277824
0.517483
1.22497
0.824175
0.453611
0.980985
0.73299
0.564578
0.642061
0.505961
1.42829
1.58742
1.51772
0.31826
1.55222
0.385787
0.536957
0.479288
1.48904
3.05131
1.23284
1.06207
1.03955
1.34544
0.962469
0.44906
0.551721
1.72197
0.524623
0.613529
1.03052
0.437936
2.02564
0.519899
0.963545
0.720299
0.309034
0.607689
0.0767189
0.279357
0.845558
1.74088
0.45839
0.473237
0.495891
3.14773
0.382899
0.372279
0.195063
0.487389
0.355073
0.403218
0.150136
2.04737
1.12917
1.29459
0.458935
0.418757
0.272648
0.580494
0.272053
1.5271
0.692183
0.212266
0.481156
0.553041
1.02759
0.417562
0.764508
0.420709
0.533904
1.05905
1.62825
0.769188
0.541429
2.6538
0.602149
2.68467
0.422184
1.8756
0.0245753
0.626861
0.927851
0.543054
0.607315
0.466191
1.19268
1.04981
0.80592
0.463249
1.66844
1.21125
0.0738628
0.456986
0.804483
1.72268
4.41186
0.43068
8.16492
0.670703
1.15407
2.47806
0.882638
0.437977
6.77122
0.992224
0.213118
0.158824
0.20075
0.259559
0.574827
0.487095
7.0544
1.59825
0.265417
0.90783
1.2815
0.612073
0.49245
0.605511
0.466405
7.54224
2.04163
0.698258
0.748684
0.624216
0.45456
0.268489
0.340803
0.954103
0.572575
1.55612
1.23825
2.45222
0.521044
0.0753737
4.1827
0.62512
2.48008
2.96497
0.263975
1.02624
0.753627
0.599678
0.414094
1.05329
0.280613
0.973142
0.655303
0.367642
0.143417
1.08225
1.75202
2.17871
0.551881
0.680824
0.41713
0.842646
1.33731
1.13956
1.75819
1.55125
1.06549
0.266784
1.1436
0.387184
1.29924
0.447663
1.1966
0.34451
0.164784
2.30479
0.348286
1.92481
3.07326
1.61221
0.346382
3.66018
0.124504
3.95958
1.72827
0.551997
1.2467
0.510012
0.99106
0.897061
0.641877
0.718213
0.333624
1.37784
2.50735
0.480875
0.271233
0.165239
0.615811
1.17638
1.3118
0.866782
2.02661
0.801799
0.730669
0.387621
0.803562
0.863064
0.587989
1.12846
0.929326
0.275862
0.610226
0.606706
0.15426
0.681034
0.536123
0.956835
0.335654
5.64557
1.0305
1.26944
0.497399
1.83096
1.10197
0.522337
0.908895
0.306007
1.59588
0.70808
0.456025
1.39464
0.574281
0.319856
0.444127
1.12589
0.573661
0.430966
3.50642
0.883742
1.91097
1.23082
0.238981
0.537019
1.29588
0.488856
0.698215
0.604554
1.40309
0.576916
0.840506
0.144753
0.324721
0.339254
0.240527
0.723862
0.665249
0.534151
0.960934
0.670398
2.0126
1.88806
0.36896
0.953806
0.380396
0.197411
1.09898
0.0709894
1.06218
0.647277
0.429157
0.358086
0.506068
1.29146
0.752696
0.291113
0.261229
0.426604
0.313734
1.20542
0.677639
0.513757
1.49457
0.873595
0.25607
0.361619
0.320056
0.603061
0.466638
0.603067
0.873481
0.762974
0.750149
0.998355
0.417228
0.526067
1.04575
0.168796
1.21122
0.501386
4.7055
0.810234
2.83422
0.429635
0.481141
0.565087
0.342557
1.22941
0.0621798
0.964034
0.322543
1.14009
1.33683
2.54817
0.398162
0.748792
0.185982
0.364219
1.05149
0.408592
0.393967
1.98698
1.44595
0.607297
0.708277
0.306312
0.394309
0.259005
0.56386
4.86827
0.679925
0.740711
0.648361
1.00503
0.349889
0.508813
0.71941
0.571224
3.46289
1.29965
3.23491
1.00355
1.07552
0.438534
0.133178
0.861513
0.578976
1.54801
0.399521
0.188017
0.900621
0.58558
1.54579
0.217722
0.706461
0.392434
0.897798
1.20387
0.494338
0.593623
0.565148
2.244
1.89283
0.26529
0.637977
0.473832
0.678273
0.155043
0.622568
0.757179
0.266042
1.49774
0.409066
0.535623
1.58805
0.924375
0.424334
0.580304
0.52508
0.661688
0.588133
0.256661
0.339788
0.3588
3.35034
0.460167
0.543833
0.184145
0.295798
0.384482
0.208864
0.741966
0.408146
0.117541
0.538762
0.300366
0.504783
0.291815
0.336545
0.746756
0.496897
1.0566
0.223082
0.526644
1.01447
0.523984
0.276034
1.04218
0.413966
0.637999
4.87152
0.447169
0.260459
0.612818
0.647696
1.29184
1.015
0.295343
0.461386
0.1718
0.948985
0.919377
0.429462
0.84972
0.906551
0.342536
0.848894
0.440682
0.414523
0.745688
0.46045
0.691615
0.301762
0.538886
0.837199
0.856351
0.183183
0.124986
0.780121
0.624702
0.574583
0.530741
0.192361
0.426811
0.977886
0.701998
0.343363
0.349409
0.200433
0.80374
2.01774
0.794347
0.964179
1.40435
0.18696
0.265645
0.637167
0.66804
0.290501
0.557294
0.426723
1.15415
1.02112
1.77143
0.925607
0.265606
2.09726
1.16187
0.230773
0.226827
0.230849
0.887744
0.332353
0.469048
0.76185
0.151347
0.335607
1.56219
0.486873
0.468839
1.09582
1.62535
0.227746
0.859378
0.24172
2.58354
0.474867
1.05879
0.46403
0.454811
0.754983
1.48888
0.254598
0.877594
0.405612
1.07325
0.868673
1.20827
0.682046
0.344537
0.850181
0.980304
2.02281
1.42298
0.194128
0.622328
0.592706
0.659678
1.11798
0.382903
0.810708
0.66126
6.7882
0.558593
0.611601
0.929644
0.806033
1.02903
0.228182
0.93575
0.926464
0.283147
0.501064
1.09363
0.927848
0.492704
0.500212
0.372544
1.31554
0.471949
1.09222
2.92787
0.488204
0.624564
1.08823
0.776942
0.980359
0.297235
0.316863
0.671487
1.66056
1.10264
1.16147
0.703855
0.229708
1.31067
0.359093
0.457407
0.621361
0.421392
0.53478
1.07117
0.575108
0.729144
2.24321
0.0712211
0.989391
0.382681
0.406049
0.100447
0.195611
0.784702
0.290715
1.97472
0.854486
0.716874
0.371546
0.806869
0.226061
0.26328
1.7548
1.4277
0.323355
0.49172
1.09227
0.290412
0.450294
1.29476
0.707592
0.682775
1.31126
2.76605
0.796143
0.809953
2.3962
0.539466
0.360759
0.62496
0.45557
1.19219
0.239286
0.723517
1.21244
1.35041
0.515392
2.28782
0.220464
0.991738
0.697783
0.744098
2.18703
0.645104
0.248091
1.58173
1.03426
0.390656
0.574384
0.611257
0.412216
0.0907763
1.1732
0.781576
0.236376
0.398328
0.805666
0.638038
4.6561
0.797349
0.674896
0.685963
0.115848
0.0729647
0.685724
0.566308
1.56099
0.579646
1.53169
0.1964
0.617619
0.700681
1.48475
0.669381
0.264429
0.931451
0.421488
0.820692
0.648337
0.697443
2.10854
1.30281
0.625529
0.190958
1.21123
0.684715
0.317146
0.960244
0.831062
2.38915
1.04236
1.00707
0.32495
0.10769
0.558077
1.9636
0.569834
0.552255
0.668215
0.137604
3.95026
0.25755
0.298741
0.453183
0.116323
0.1771
0.265493
0.421225
0.310135
1.78146
0.801091
0.574672
0.574338
0.477608
1.42336
2.86857
0.282218
1.58953
0.621727
1.00075
0.512521
0.428237
0.809235
0.374721
0.954484
0.904667
0.487745
4.53808
1.22289
1.43913
0.239604
0.84078
0.646802
0.488008
0.647394
0.258423
1.77637
0.258334
3.12641
1.02299
0.268946
1.39451
1.24759
0.716724
1.15328
0.161777
1.08953
1.24389
0.86095
2.23284
1.06816
0.36875
0.579366
0.932772
0.754272
1.45328
1.21429
0.208563
0.293224
0.452176
6.39001
0.724292
2.35084
0.598899
0.889209
2.71761
0.566157
0.331088
0.299956
1.20407
0.608965
0.383039
2.44755
2.01527
0.889685
0.933116
1.51528
0.368186
1.01676
1.03695
0.65937
1.15085
0.0412017
0.479778
0.677145
0.333281
0.604487
0.798313
1.96063
2.15618
1.17375
0.901097
0.408583
0.786764
1.37111
4.80477
1.40641
0.816532
0.287288
1.10637
1.67258
0.950344
0.557533
1.01479
0.888693
0.487339
1.05152
0.437456
0.294231
0.26054
2.49764
0.51615
0.616387
1.96781
1.00238
1.56483
1.00441
0.198763
0.54373
4.85545
0.23411
0.497627
1.03929
0.470605
1.37085
1.73389
0.549411
0.962974
0.602952
0.432007
7.29352
0.308052
0.658684
0.425731
0.789889
1.44209
2.76386
0.242884
0.339089
2.58168
0.248934
0.812155
0.806975
0.390965
1.32001
0.534144
0.659019
0.458184
1.17293
0.184992
3.82873
0.273537
1.00387
0.479825
0.486121
0.268555
1.62737
1.21209
0.551956
0.733768
1.22432
0.445114
0.500807
0.31141
1.09597
0.581613
1.30729
0.372934
1.08311
0.102124
0.66787
0.422714
0.490161
3.48807
0.508666
0.941112
0.89224
0.725589
1.74222
0.65483
0.298989
0.416005
1.03854
2.21368
0.603254
0.419089
0.310936
2.33482
5.10026
1.45838
1.66238
0.428232
0.932847
0.646623
0.850638
0.338856
7.41463
1.81068
0.179068
0.368455
0.707909
0.332647
0.533494
0.707691
0.260462
0.569062
0.676389
1.04412
0.182782
0.496311
9.50941
0.186824
0.363967
3.7587
0.74019
0.94105
0.426844
0.351231
0.874195
0.603385
0.528608
1.18687
0.973292
0.639668
0.480082
0.374485
2.33504
0.360892
1.27725
0.32008
0.220448
0.34902
0.685369
0.93515
1.04159
0.0600171
1.57956
0.530057
0.354303
0.631448
0.864941
1.40196
3.1777
0.501273
0.450914
0.734002
0.645764
0.638726
0.668999
2.95917
0.780646
0.418513
0.851223
0.531456
0.164204
0.263353
0.435088
0.463275
0.50658
3.23618
1.45147
0.633266
0.573176
0.659025
0.620202
0.814604
0.391668
0.550828
0.584561
1.12958
0.935832
0.163035
0.609137
0.769147
0.435225
0.806707
0.220152
0.412375
0.619733
1.19581
4.73237
1.60407
0.128726
1.22862
0.389684
0.384685
0.480567
0.2869
0.303141
0.705239
0.197479
0.76377
0.287599
0.201043
0.129967
0.992518
0.346794
1.14555
0.744664
0.281814
0.636711
5.91858
0.687142
0.653534
2.5474
1.81496
1.00303
1.13765
0.420094
0.567903
0.159978
0.509685
0.200921
1.2342
0.434932
1.82393
0.584261
0.214309
1.39215
0.736607
0.297839
0.372701
0.595676
1.32056
0.579488
0.445955
1.56089
3.09045
1.19794
1.0297
0.252772
0.29242
0.918614
1.58206
0.512587
0.118561
2.43817
1.37209
0.369249
0.558103
0.210603
0.648658
0.711146
0.595767
0.337878
0.231345
1.63729
0.588747
0.275639
2.56885
0.42881
0.545546
0.425572
0.883042
1.46056
0.586138
0.497636
0.642336
0.757108
0.649942
0.331068
1.72119
1.06301
1.50259
0.717132
0.219003
0.384505
0.242946
0.446054
0.947483
0.799381
1.09245
0.376719
1.10568
0.448871
0.793199
1.65614
0.657879
0.605804
1.3203
1.19692
1.57396
0.427489
0.738276
2.20412
0.463929
0.644442
0.659667
0.668785
4.49838
0.832782
0.870816
1.71779
1.90985
0.315859
1.70268
1.62533
0.377662
0.982034
1.69044
1.49969
0.0486737
1.0975
3.32988
2.55515
0.434197
1.14197
0.458166
2.17432
0.839464
0.17566
0.662731
0.756086
0.742618
3.18946
0.730199
0.236173
0.762359
0.209165
0.676696
0.676222
0.669856
1.00956
0.685952
2.19423
0.688455
1.11297
0.46225
1.33707
0.890901
0.352099
0.444843
0.332638
1.8692
0.703519
0.257344
5.63834
0.48776
0.611121
0.348972
0.889963
0.587337
0.85119
0.358895
0.262626
0.938461
1.17172
0.33835
1.655
0.321772
0.596421
0.575033
0.367837
0.359128
1.05712
0.152883
11.0958
0.739091
0.208524
2.54034
0.833221
0.306989
0.344527
0.239872
0.262336
1.17246
1.03483
0.371287
1.19205
1.18602
0.962095
0.968294
0.225537
0.44597
0.88368
0.331047
0.416879
0.369264
0.682143
0.93904
1.78107
0.517112
3.42701
0.846274
0.27296
0.730443
0.654358
0.275445
0.207144
0.286462
0.386895
0.316382
3.31254
1.32237
0.48791
0.225206
0.298367
1.67756
0.761484
0.793792
0.492744
0.791198
0.977134
0.547943
0.561371
0.197155
0.80515
0.722362
1.08763
0.739562
2.02354
0.385657
0.184715
0.749139
1.55767
0.771482
4.3493
0.745162
1.31981
1.29961
0.906262
0.287059
0.361971
0.694237
0.655943
0.496893
1.07099
0.206143
0.646936
0.669074
0.969593
0.463641
1.55312
1.32916
0.744401
0.254678
0.678678
0.793101
0.600584
2.03707
0.553866
0.628913
0.339539
0.404385
0.267898
0.834761
1.11288
0.503566
0.762168
0.622824
0.99964
0.431585
0.369654
1.09646
0.537525
0.895105
1.11511
1.39035
0.642154
0.714827
1.07061
0.373267
0.760831
1.00052
1.63929
0.353056
0.810808
0.890245
0.191198
1.67671
0.662484
1.01132
0.216825
0.275491
0.443203
0.695772
0.560067
2.64008
2.05342
1.10044
0.934214
0.314233
0.38765
0.477416
1.17412
0.554236
0.800208
0.302196
0.335696
0.481678
0.414214
0.511679
0.352461
1.87613
1.37007
1.24338
0.447966
0.136534
0.256311
0.46179
1.31954
0.59201
0.507311
0.324744
0.593552
1.1671
0.558211
0.56877
1.99432
0.659539
0.58124
0.775087
0.517177
0.553668
0.368228
0.562302
1.15451
0.600116
1.33399
0.530149
0.965186
2.35483
0.933809
0.97543
1.31535
0.61356
1.15825
1.05231
4.25668
1.18327
0.711156
7.18243
2.63302
0.4416
0.455483
2.58685
1.76593
0.870307
0.643834
0.501758
0.376461
0.516198
0.301116
0.40813
0.390216
0.409061
0.888114
1.05962
0.619591
0.0612252
0.488328
0.502731
1.24736
0.739337
1.16355
0.79309
0.914401
0.660473
0.653097
0.760793
0.406718
0.629687
0.360144
0.26908
1.34695
0.515092
0.355375
1.55716
0.305543
0.59604
1.4157
1.0441
0.725366
1.34554
1.15819
0.535635
0.877779
0.164803
0.522826
0.564299
0.981446
1.42949
1.38197
2.44417
2.45654
1.75149
0.463568
0.342301
1.19267
0.793571
1.05283
0.384763
0.546815
1.25401
2.34711
0.568561
0.21156
2.06129
0.644767
0.256432
0.294752
0.248031
0.188648
0.604385
0.375373
0.324366
0.403726
0.48244
1.30545
1.80301
1.15767
0.575097
0.895494
0.0921426
1.99133
0.372613
0.879349
0.905246
0.688452
0.357158
0.213224
0.402721
1.22454
2.30187
0.647619
0.336364
1.35658
0.711576
1.0963
0.361607
0.415446
0.670349
0.406712
0.966251
0.29939
0.412079
0.616389
0.677149
0.309982
0.348048
0.276836
0.294801
0.0815377
1.44029
0.274727
0.513655
0.794104
0.268724
0.703684
0.273251
0.117033
0.417215
2.15973
0.421485
0.747206
0.311299
0.548518
0.604934
0.320896
0.553091
1.22199
1.24506
0.417986
0.158726
1.16318
1.04733
0.413975
0.309914
0.725272
0.54714
0.188564
0.309863
0.24753
0.823751
1.87569
1.09895
0.152829
0.580764
1.38358
0.570273
0.715036
1.17108
2.29032
0.448404
3.04222
0.796882
0.379379
0.346091
0.350007
0.394541
0.506968
1.08105
1.90101
0.172874
0.788754
0.590003
2.3738
0.259646
0.466307
2.58379
0.671485
1.09365
0.490411
0.802435
0.69065
0.182831
0.909437
0.521159
0.338008
0.234252
0.236824
2.07497
3.27725
0.348898
0.254039
0.732563
2.92125
0.37135
1.29464
0.423369
1.25013
0.734201
3.10628
0.277834
0.478827
1.1285
0.555119
1.77867
0.418342
0.259736
0.63887
0.700293
0.333174
0.251047
0.785023
0.226659
1.1697
0.903028
0.256166
1.35375
0.360267
0.23886
0.514071
0.661391
0.742842
0.410691
1.21668
0.600553
0.701578
0.302157
0.727235
1.07398
0.633292
0.296042
1.43532
0.428671
0.519496
0.355713
0.647216
0.573466
0.947973
2.4129
0.314571
0.873422
0.313932
0.594407
0.458994
0.369728
0.672447
1.41114
3.43149
0.235529
0.386541
0.544982
3.83375
0.878802
0.509395
0.416108
0.304985
1.17044
0.495723
0.324573
0.419743
0.316317
1.20872
0.633696
0.719037
0.736715
1.61763
0.97375
0.329626
0.53495
0.308494
0.239495
2.58463
1.06436
0.444784
0.443269
0.876527
0.330804
0.386731
0.539931
0.768152
2.86985
0.424
1.35302
0.849803
0.233953
1.27368
0.470218
0.52511
0.409955
0.611001
1.17706
1.63738
0.692003
1.93062
0.377329
0.638593
0.739624
0.630452
0.625339
0.722709
0.685918
0.697175
0.779241
0.527145
0.876059
4.71264
0.483926
0.486132
0.886651
1.11033
0.508136
1.69555
0.681057
4.80958
0.792926
3.54571
3.82971
1.51527
0.572014
0.522359
0.897685
0.450987
1.50122
0.359909
0.765757
0.599275
0.780087
0.524702
0.606724
0.426669
0.742791
0.93838
2.01627
2.36228
1.4599
1.12692
0.351149
1.99418
0.532341
1.64534
2.10061
0.357713
0.232551
0.66658
0.495951
0.286231
0.21689
0.330817
0.7422
0.52653
0.678241
3.54173
0.894889
0.992811
0.217674
0.269618
1.6825
0.637831
3.02305
0.62299
0.664876
0.504784
1.48352
0.0822614
0.526985
0.807372
0.528443
0.778237
0.689556
1.42565
0.201215
0.862796
0.979383
0.763955
2.74648
0.350402
0.448496
1.50663
0.173039
0.447255
0.607449
0.740365
1.30918
0.317317
0.952657
0.121531
0.198056
1.0889
0.953655
2.07887
1.40297
0.16527
0.993787
6.92133
0.375401
0.360376
0.371297
2.17674
2.53309
0.941781
2.26993
0.422476
1.08919
0.593222
0.395909
0.398541
0.347335
0.497897
1.54286
0.380393
1.04471
1.74165
2.70531
0.26059
0.651561
1.04515
0.195597
0.259513
0.135288
0.74967
0.79878
0.540698
0.840045
0.572726
0.488799
0.416776
1.16807
0.418449
0.344162
0.898842
0.37971
0.519994
0.89407
0.645884
0.696131
0.448201
1.09659
1.04131
2.23806
0.322194
0.736405
0.278078
0.0953453
0.246328
0.284022
5.0769
0.422784
0.358013
0.0976382
0.574811
0.652363
0.630007
0.959061
0.868211
2.76819
1.60146
0.920218
0.503972
0.52584
2.20717
0.581476
0.706163
0.38295
0.430384
0.709718
0.5026
0.75555
0.697027
0.549699
1.53099
0.204717
1.46623
0.319342
0.470462
2.10648
0.578267
0.477489
0.511266
0.405429
1.31347
0.683882
0.664122
0.674754
0.323869
1.49328
0.754824
2.01795
0.253537
0.540442
0.854952
0.877339
0.293981
1.1394
1.26891
4.96235
0.177506
0.33026
1.30094
0.518477
4.87201
0.870909
4.94178
1.06863
9.86772
0.804404
0.955504
0.45784
0.187432
0.617128
0.68994
1.92541
0.661994
0.944036
0.325766
0.746422
1.11832
0.687195
0.555456
0.575755
0.952791
0.830799
2.43884
0.50875
0.489731
0.977115
0.217264
0.490194
0.719843
0.720924
0.34088
3.59234
0.566574
1.06358
1.3987
0.934372
0.441575
0.475961
0.547098
0.32952
1.52632
1.13432
0.74392
0.688606
0.422347
0.437127
2.50369
0.865243
0.147872
1.60621
0.546315
0.397551
0.924649
1.62697
0.451881
1.47854
1.09139
0.157359
0.736242
0.554262
0.272524
0.523125
0.573649
0.574728
0.513327
0.170198
0.428782
3.00659
2.08064
0.876004
0.523512
1.26665
1.37003
0.378729
0.45266
0.871354
1.49008
1.75286
3.07454
6.74259
0.350354
0.793398
0.986184
0.522504
0.512306
0.641802
0.535157
0.294347
0.678572
0.155599
0.590431
0.437754
3.96747
0.87473
0.413145
0.968248
0.376229
0.399036
0.861156
0.383143
0.874158
0.321841
0.793153
0.404327
0.618608
0.320304
2.53495
0.837328
2.96003
0.193823
1.42867
0.580314
0.253932
0.263703
0.954995
0.576639
1.0558
1.74297
0.18996
1.41412
0.859197
0.150978
0.623078
0.329499
3.70695
2.30245
0.647238
0.438843
0.225551
0.963026
1.29523
0.507038
0.641383
0.900366
1.34156
1.01662
0.403084
0.449688
1.44728
0.724756
0.451001
0.174277
1.27787
2.14516
0.783678
0.455151
0.131432
0.282256
0.283887
0.272829
0.556345
0.166209
0.866124
0.720795
0.951227
0.537069
0.510261
0.3871
1.07961
0.367982
0.532973
0.178616
0.305887
0.313691
1.00731
0.578941
0.512208
0.370616
0.861808
0.260895
0.803484
0.547786
1.31056
0.545625
0.247763
1.10618
0.366332
0.346985
0.369334
0.526981
0.251837
1.3494
0.585486
1.52195
0.397987
1.41247
0.646316
0.571201
1.48177
0.0657868
0.427003
0.365432
1.25745
0.538655
0.397884
0.874264
2.67506
1.9273
1.28022
0.638936
0.670642
0.447855
0.41963
0.952649
5.73391
0.164624
0.296545
0.5144
0.542838
0.732306
0.777397
0.597759
0.549427
0.690482
0.343059
1.20071
1.03299
0.732667
0.316976
0.271552
0.750201
0.41283
0.92412
0.118584
0.445017
0.617823
2.36236
1.01812
0.747543
0.937033
0.933344
0.204263
0.254603
0.633885
1.35215
0.447585
0.66372
0.844062
2.88132
0.874337
0.477294
1.34628
0.818072
1.10107
0.250599
0.825371
0.371342
0.205303
1.18073
0.348972
0.345116
0.339654
0.351378
0.783171
1.54783
1.39695
0.822025
0.662126
0.236534
0.588088
0.216367
0.206678
0.609695
0.460685
1.07565
0.553905
0.119325
0.499102
0.728199
2.85937
0.37049
0.913496
0.520906
0.610949
1.18301
0.627096
3.85381
1.02007
0.541017
2.47207
0.299422
0.399644
0.622958
0.518969
8.60827
0.327029
0.729055
0.588709
0.575099
0.560009
0.469473
0.219534
0.173602
0.5881
0.885698
1.67923
0.558585
0.693635
0.865164
0.609471
0.548984
0.811855
0.336603
0.060875
0.71367
0.30819
0.646908
0.521869
0.253433
2.0447
0.57211
0.667362
1.31601
0.655824
1.78723
1.81642
0.469837
2.16893
0.849205
0.279798
0.406547
0.259397
0.728525
1.00999
1.22535
0.709039
0.906171
3.18595
0.854571
0.200225
0.416956
0.322815
1.9803
0.638013
0.182111
0.323046
0.319284
1.83432
2.1886
0.98476
0.213516
0.187334
0.396925
0.972271
1.21011
0.520322
0.473842
2.97862
0.824815
1.2758
1.54754
2.10672
0.327578
0.460337
1.52767
0.616267
0.423937
1.41739
2.05299
0.445103
0.410021
0.660648
0.442748
0.547573
0.23605
0.6501
0.199489
1.48411
0.340263
2.90396
0.226815
0.3802
0.455283
0.253056
0.813254
0.339091
0.545619
0.954359
0.14518
1.97815
0.370667
0.378143
0.637346
0.324194
0.263318
1.25167
0.786114
0.979909
0.300944
0.364738
0.860956
0.401467
1.14598
0.80637
0.851102
0.483853
1.29767
1.00677
0.311461
0.400336
0.494832
1.74323
0.258393
0.338442
0.441528
0.999086
8.80139
0.790431
0.590222
1.10149
0.813476
0.85159
0.13206
0.844954
2.16477
1.02968
3.05244
0.554024
0.282709
0.396531
0.399619
0.860922
1.00564
0.674049
0.596268
0.435499
0.50694
0.569851
0.991766
0.4972
0.650343
0.549466
0.633487
0.366383
0.301134
2.4498
3.20127
0.696983
0.255379
1.0832
1.76498
0.373285
0.378572
0.367906
0.586235
0.588478
1.26174
0.733414
0.932702
1.24594
0.505641
0.558842
8.1098
0.350315
0.356295
0.877546
1.27721
0.843258
0.676728
0.919344
0.357693
0.9803
0.857234
1.26261
0.538233
0.725501
0.466578
1.24226
0.922929
1.67661
0.341513
0.569941
1.30644
1.52721
0.923922
0.513485
0.503926
0.593066
0.71926
0.254287
1.52525
0.661398
0.485018
0.534972
0.235216
0.416145
0.62327
1.49908
0.426189
0.891752
0.402365
0.889912
0.964883
0.518708
0.702866
2.11684
1.69232
0.728828
0.999491
0.61441
0.53856
0.847331
0.56015
0.420352
0.366511
2.14202
0.36497
0.885616
0.274714
0.547996
0.493968
0.140477
0.560319
1.31111
0.460914
1.0394
0.604076
1.5833
0.141392
0.569391
3.91709
0.151196
0.202786
0.887443
0.79869
0.213326
0.924659
0.988262
0.136565
1.85035
1.0387
0.250651
0.492259
1.01267
0.819437
0.752079
0.454711
0.553516
0.0792435
1.00385
0.899441
0.722542
0.703737
0.774026
0.195214
0.295056
0.383519
1.71548
0.306027
1.48279
0.449604
0.704463
0.602076
1.24425
0.714606
1.96368
0.44472
0.687318
0.27797
1.46974
0.42388
0.541864
1.49302
0.360734
1.03787
1.77494
0.186997
0.687863
0.407709
0.509682
1.04647
0.237857
0.214504
0.858609
0.128815
1.89497
0.306926
1.18229
0.220619
1.71562
1.36318
0.959459
0.624241
0.639383
0.3665
0.675596
0.432275
2.92985
0.319386
0.520775
0.820698
1.1236
1.08227
0.485059
1.02921
0.765987
0.344939
0.177324
0.768556
1.14333
1.19631
0.822705
0.766694
0.325999
0.609303
0.544563
0.792943
0.562118
0.701206
0.300342
0.400072
0.618645
0.849484
0.60516
0.16927
0.573732
0.50226
1.26448
3.33189
3.19483
0.444275
0.320959
0.98588
2.05554
0.539339
3.29884
0.91648
0.238068
1.02559
1.52934
0.201382
3.02462
0.349426
0.637147
0.487002
0.746061
0.420097
0.674271
0.239023
0.511911
0.160496
0.601099
0.969769
1.11035
0.737436
1.75167
0.460346
1.5576
1.07643
0.784721
0.858466
0.184571
0.364863
1.6947
0.380997
0.345081
1.88092
0.274762
1.43658
0.542311
1.22956
0.366704
0.661657
0.587626
0.743577
1.74366
0.745972
0.719845
0.412387
0.465168
0.375101
4.40025
0.291771
0.371718
0.762785
0.262945
1.11006
0.754358
0.474487
1.43874
0.283649
0.29051
0.769988
0.563212
0.57438
1.78526
1.22111
0.67675
0.341686
0.532293
1.60021
0.519303
2.2058
0.485088
0.455621
0.283722
1.03212
0.406483
0.619069
0.976095
0.413745
0.940965
0.319307
1.13028
0.394567
0.335918
4.31979
0.747721
0.456989
2.259
0.466082
0.61254
0.70325
0.671988
0.459678
1.05527
0.971199
0.640945
0.443186
0.361247
0.846529
0.120429
0.844782
0.323626
0.486233
0.997833
0.601517
1.44244
1.55574
0.297212
2.18348
0.84308
2.16545
1.11359
0.316946
1.7353
0.440879
0.167347
1.1947
0.637501
0.848758
1.03322
0.71527
0.643456
1.28621
1.64745
0.209785
2.56075
0.739447
0.253012
0.474027
0.592257
0.603035
0.549668
11.5937
2.73537
0.710887
0.512155
1.0624
0.373428
0.531055
0.690367
0.231686
0.858938
0.948096
0.367991
0.652455
0.441847
1.46041
0.614626
0.628692
0.438959
0.257478
0.457789
0.28973
1.63078
0.772975
0.704364
0.284047
1.23039
1.02368
5.52304
0.165036
1.08041
0.558181
0.567648
0.230142
1.46673
0.356488
1.72968
1.95964
0.684572
0.511754
0.428801
0.829144
0.731871
3.80202
0.323438
0.753895
1.07637
0.38743
0.891065
0.482216
1.92296
0.368168
0.366528
1.63412
0.657781
0.533928
0.354846
0.288924
0.20358
2.32744
0.318066
0.534208
0.512127
0.601301
0.431185
0.394468
0.483981
0.436595
0.681969
0.235837
1.26137
0.758628
2.46095
0.76768
0.571081
0.393297
1.34435
0.647146
0.933782
0.336503
0.79242
6.20545
0.742583
0.497966
0.529299
0.887603
0.279856
0.430073
0.692183
0.353579
0.924031
0.745088
0.330769
0.959438
0.301694
1.71652
0.350066
0.0828434
1.71881
0.985004
0.732135
1.52392
0.360999
0.474033
0.504685
0.538697
0.543539
0.822079
0.550246
0.41853
0.498912
0.699792
0.332076
0.318357
0.954526
1.46054
0.567847
0.399727
0.511814
0.622133
0.605541
0.953273
0.440608
0.243951
0.882685
1.13775
0.710755
1.43267
0.703387
0.932877
1.38223
1.3913
1.01912
0.290337
0.551636
0.988372
2.86963
0.695427
0.847692
0.528998
0.924369
0.288031
2.79058
1.26549
1.74079
0.905251
0.720712
0.417826
0.589865
0.621474
1.4239
1.28974
0.820039
0.703308
0.39655
0.372789
0.702265
0.813254
0.34419
0.345115
0.565947
0.707465
0.413411
0.392421
0.729871
1.68057
1.42473
8.56488
1.79946
0.339178
0.408924
0.296142
0.702311
0.330761
0.805884
0.167936
1.73849
3.8778
1.283
0.225509
0.362583
0.521938
3.08807
1.152
0.499815
0.29104
0.117967
1.11783
1.51909
0.266513
0.504605
1.92528
0.229331
0.934687
1.01798
0.469558
0.547598
0.707196
0.33265
0.782243
1.33723
0.308125
2.55249
2.5336
0.689781
2.10331
1.9552
0.541121
0.768753
0.283185
0.450672
0.850442
0.324411
0.977464
0.40833
0.069398
0.248981
3.25964
0.659892
0.594444
0.459434
0.976261
0.259973
0.0846515
0.456583
0.204415
0.762549
0.723352
0.447447
0.625248
0.545842
1.16726
0.329812
0.160564
0.287917
0.999627
0.625089
0.447605
0.415992
0.560879
0.322925
0.79455
0.723265
0.528349
0.779719
0.107463
0.331262
2.57189
0.402173
0.945191
2.08862
0.917078
0.431095
0.826855
0.79041
0.259002
0.234903
0.295776
0.603135
0.427226
1.30531
0.261409
1.83085
0.327727
1.34732
0.687401
0.375667
1.24231
0.785232
0.787457
0.721171
0.873177
1.05423
0.544584
0.406498
0.542899
0.341782
1.27037
0.371426
0.78299
1.23333
0.720989
0.964779
2.74089
2.30614
0.326527
0.238042
0.880302
0.262742
1.54159
0.722909
3.24212
0.31703
0.449976
0.327593
1.74098
0.61561
0.491066
0.115922
0.376003
1.38908
0.521016
0.706165
0.74568
0.545117
0.257612
0.878298
0.476797
4.48976
2.6808
0.227511
0.414115
0.997467
0.974041
0.981431
0.631487
1.03901
1.30444
0.260467
2.11814
0.270951
0.893048
1.18393
0.37904
0.519761
0.281937
0.74267
2.87811
0.235573
0.27854
0.325668
3.14874
1.55048
3.06537
2.40403
0.466118
0.225632
0.226609
0.367302
0.786391
0.555755
0.403078
0.592424
4.79829
1.07013
2.17669
1.64331
1.57662
0.778376
2.43245
0.543309
0.493186
0.50268
0.600085
0.367147
0.720322
0.581425
0.216004
0.70231
0.702093
0.792446
0.816703
0.431267
1.43965
0.318609
0.0938447
0.282736
0.489383
0.766712
2.30842
1.2657
0.5726
0.790059
0.445059
0.890277
0.0969702
0.128036
0.514137
0.489862
2.13432
0.710115
0.348783
0.40099
0.604175
0.520416
0.203625
0.238112
2.14961
0.676772
0.348357
1.80434
0.928998
0.685875
0.319409
0.203188
0.280008
1.26059
1.54693
0.488712
0.552704
0.567222
0.369532
1.59767
0.367377
1.75377
1.1697
0.777862
1.158
0.184898
0.23029
0.269053
0.781017
5.3057
0.364703
7.49051
1.46008
0.19497
1.44747
0.677171
0.497751
0.874051
0.155103
0.968565
0.598368
0.394048
0.46383
0.596382
0.329915
0.495424
0.912977
0.167743
0.43348
2.11163
0.407671
3.33799
0.423037
0.360027
0.268016
0.768371
0.530687
0.42283
0.462176
2.66725
0.64794
0.343778
0.282915
0.921936
0.259612
0.506224
0.411522
4.23562
0.320478
1.00749
0.542912
0.899048
0.359169
0.280562
0.593304
0.0523942
1.34858
1.26125
1.21288
0.458021
0.766758
2.84224
0.864742
0.378992
0.62688
0.41096
0.354971
0.507051
0.306388
0.679799
0.716096
0.967813
0.705708
1.4069
1.12252
0.460247
0.515078
1.15676
0.384669
1.02335
0.707696
0.9794
0.277146
0.727291
0.428324
1.33564
0.656789
0.8462
0.584733
0.749355
2.16844
0.53397
0.27576
0.388728
0.774975
1.20579
0.750906
3.47467
0.84892
0.285402
1.40626
0.255973
0.393305
0.642553
0.678961
0.490568
0.282458
0.449168
1.08296
3.79722
0.227718
1.17031
1.55892
0.329329
6.98999
1.30804
5.02372
0.473312
0.370174
2.2152
3.81875
0.533062
0.506705
0.277072
0.449179
2.15917
0.528924
1.97078
0.0695524
0.533247
1.47924
1.37677
2.41557
2.33492
0.369554
0.598071
2.04726
0.17176
0.296253
0.274718
0.551149
1.81285
1.71816
0.466803
0.314829
0.838385
0.55241
0.268459
0.629129
0.358453
0.17287
0.491875
0.965814
0.489161
3.13106
0.44087
0.999163
1.25381
0.709994
0.451714
0.854145
1.10738
2.13369
0.253948
1.74213
0.442201
2.87792
0.547277
0.287976
1.29331
0.635071
3.92286
3.96227
0.424061
0.510512
0.26842
0.676135
0.82461
1.72127
0.479718
3.87254
0.937241
0.282346
0.341037
2.34486
0.222812
0.952057
1.05016
0.59108
0.818818
1.12379
1.66266
1.07886
1.07536
1.71196
0.703451
0.314724
0.140857
0.317921
0.187351
0.292139
1.17324
2.70141
0.467523
0.326393
0.321571
0.326118
0.549888
0.584287
0.240568
2.42676
0.394533
0.762603
1.43375
0.0882503
0.355722
0.473425
0.606942
0.911955
2.4426
1.37183
0.40829
1.02905
0.244184
0.453635
0.413412
1.3087
2.47171
0.504305
0.76212
0.308023
0.765437
1.03346
0.393942
0.520158
0.395187
6.12651
0.305236
0.560792
0.590823
0.430695
1.13708
0.301095
1.24071
0.935878
2.92019
0.66991
1.90819
0.31928
2.86433
0.365211
0.658473
0.729461
0.491514
9.52194
0.204921
0.324759
0.650601
1.97443
1.40589
0.432286
1.3347
0.682932
1.21489
0.453185
2.06322
4.43443
0.847029
1.17699
0.376271
0.352238
0.6895
0.766535
13.1788
0.815084
0.0913791
1.64638
1.30834
1.23448
0.461924
0.311079
0.992952
0.398833
0.291892
0.828195
0.792
0.296831
1.29504
0.295359
1.02496
0.349461
0.676383
0.861475
0.591796
0.695386
0.567095
0.818425
0.602037
1.76139
0.497947
0.670767
0.529886
1.583
1.50045
0.767743
2.85017
0.562669
0.255438
0.538727
0.248067
0.678882
0.590239
0.704013
5.29006
0.343275
0.773362
1.03522
2.02686
0.520188
0.264217
2.44747
1.18842
0.498091
0.252756
0.686404
1.35433
0.878269
1.56091
1.93743
0.408734
0.862653
0.136389
0.844102
0.445523
0.497538
0.19233
0.0942698
0.257484
0.713231
1.11627
0.287606
0.314167
0.338605
0.962876
0.723537
1.49265
0.966565
1.17361
1.13511
0.395878
0.63437
0.394658
0.630024
1.37879
0.723245
0.319544
0.145272
1.11655
0.64394
0.331462
0.666188
0.0533833
2.04642
0.676616
0.228052
1.0582
0.474267
0.635562
1.06704
0.638877
3.32373
0.478639
1.35018
0.838252
3.07152
0.68431
1.28222
1.31457
0.487143
0.420884
2.37626
0.737949
0.749467
1.08376
8.21211
0.423946
0.626911
0.199227
0.465961
0.676923
0.939577
0.647265
0.48392
0.920867
0.282656
0.417612
0.678835
0.242665
0.334191
1.37817
0.741776
0.168078
7.70614
0.417752
0.136185
0.533919
0.303335
0.618131
1.48934
0.812843
0.219906
0.631718
0.451056
1.24612
1.00097
0.435476
0.759098
0.301194
1.51396
1.87137
0.378052
0.384381
0.49903
0.701723
1.38287
0.735475
0.705059
0.427054
0.445283
0.389756
0.87647
0.277831
0.346093
0.817459
0.510708
1.47764
0.375959
0.392966
1.09255
1.9025
0.442006
2.87164
0.601406
4.23215
0.489613
0.905969
0.688419
3.73909
5.03385
4.17334
0.332085
0.320944
0.58154
0.813777
0.354075
0.518669
0.300251
1.58385
0.27397
0.384774
3.01497
0.297753
0.529499
0.309632
5.91277
0.525921
0.432253
4.13692
0.603668
0.506734
2.46808
0.0891567
0.790635
0.650966
0.758182
0.84452
0.308078
1.03361
0.67525
0.989555
1.31166
0.310999
0.350771
0.574328
1.94927
1.71429
0.401913
0.756284
0.826511
0.679241
0.647951
0.557928
0.418178
0.447312
0.415297
0.931331
0.947195
0.480085
1.68686
0.546176
0.705509
0.516091
0.669393
3.02157
0.724329
0.303269
1.7626
1.0063
0.434477
3.26406
0.840259
0.295348
0.1053
0.611748
0.810537
2.07059
0.504258
1.49382
0.637179
1.22802
0.913968
0.689686
0.266059
0.607586
1.29636
0.763613
0.944648
2.47624
2.00052
0.277666
0.588811
1.11311
1.60572
0.262675
0.464997
1.24574
0.871611
1.32317
0.77019
0.405027
0.61721
0.641121
0.185243
0.310163
1.90183
0.298435
2.00315
0.912728
0.512609
0.54743
0.838302
0.401594
0.674016
0.307325
0.919614
0.294459
1.44889
0.256666
0.761506
1.64386
1.48196
0.508413
1.48812
1.18857
0.909972
0.362235
0.961024
0.494634
0.911484
0.525828
1.28153
0.140075
0.898692
0.340142
0.338266
0.437194
0.505196
4.485
0.467302
0.370738
0.883335
1.61686
0.753105
0.777731
0.690483
0.805803
3.49345
0.837119
0.236796
0.0141451
0.552076
0.289351
0.7945
1.05421
0.904414
1.08802
2.33787
0.399816
0.317361
0.385225
1.25815
0.766859
1.21337
1.09849
0.434545
2.31883
2.71577
0.313487
0.143012
0.924047
0.335153
1.01808
1.41234
0.207589
7.71223
0.282797
0.440018
0.52056
1.33299
0.308693
0.416223
0.429264
0.694513
0.553551
0.242265
1.3074
0.893257
1.62397
0.529506
1.98247
0.566694
0.588558
0.295834
1.96026
1.19095
2.10715
5.15915
0.391922
0.224104
0.880652
0.475987
1.38934
0.164396
1.08124
0.910338
0.783202
0.58341
1.59323
0.436066
0.711324
0.568132
0.362848
1.75882
1.05263
0.770386
0.416469
0.427448
0.582697
0.874804
1.65553
0.378832
0.349007
1.45738
0.323031
0.325461
0.43899
0.448352
0.33657
1.28166
0.540693
0.299251
0.30099
0.427519
0.4036
0.589657
0.903676
0.892213
6.49842
0.679519
2.18496
0.191012
0.527674
0.710594
2.2698
0.656213
0.352502
0.781014
0.333192
1.55745
1.50152
1.10527
0.673025
1.43034
0.862176
0.163135
1.00071
0.415546
0.555442
0.516671
0.561647
0.853417
0.244029
0.361095
0.850632
0.443597
0.513289
0.525948
0.80972
0.261998
0.514276
0.309294
3.21314
1.21957
1.70932
0.186502
0.647105
0.198135
1.14874
0.0830256
0.628989
0.706115
0.686615
0.290001
0.746255
0.897129
0.281419
0.187396
2.13188
1.20108
0.452254
0.471486
0.440636
0.864385
0.445345
2.54945
0.68439
10.3958
1.13342
1.13144
0.148606
0.552823
1.19898
0.559611
0.713816
0.437954
0.902838
0.452135
0.65105
0.595602
0.650603
0.397961
0.764488
0.237115
0.559799
0.486492
3.79709
0.884691
1.21508
0.132747
0.638513
2.84791
1.70877
0.595665
0.959382
2.43219
1.4297
1.60078
0.992063
1.05524
0.182249
4.37261
1.77265
0.270517
2.26985
2.00467
2.09339
0.473314
0.716084
0.374582
0.334313
0.768676
0.328294
0.358041
0.3784
1.21207
0.242445
0.582958
2.29815
0.518348
0.911623
0.717326
0.212289
0.148463
4.89668
1.11815
0.59841
0.153501
0.252584
7.36036
1.41518
0.840125
0.562353
0.742862
0.495371
0.670529
1.00974
1.20675
0.631086
2.57215
0.374578
0.710997
0.527471
0.619278
0.673435
0.672767
0.545632
0.75731
0.505772
2.34283
0.793111
3.04804
3.42912
1.07498
0.789178
1.53321
1.05249
0.306534
0.922499
0.200378
0.827687
0.959557
0.234937
0.480372
1.0634
0.647453
2.34461
0.231021
4.21007
0.236561
0.822194
1.44649
0.550365
0.30155
0.370127
2.30344
0.884573
0.62198
0.916908
1.49443
0.731888
0.190495
1.02667
0.538135
0.426885
0.298544
0.447016
0.154233
0.263939
0.798428
0.328735
0.636256
0.390002
0.603107
0.855907
0.43438
0.398638
0.610966
0.438946
0.69627
2.36745
0.350347
0.598517
0.135018
1.8058
0.340433
3.49192
1.89923
1.00195
0.926157
0.20524
1.17952
0.534437
0.28333
3.65008
0.311562
1.02817
1.07232
2.27995
0.33771
0.832497
0.622264
0.222897
0.240623
0.304955
1.37488
0.40207
0.824005
0.522196
0.653436
1.18356
1.04796
0.788222
0.42983
1.50636
0.204084
0.0599134
2.0722
0.58177
1.15736
0.536264
0.224851
0.163386
0.984954
0.149291
0.794586
0.531877
0.128175
0.53206
0.242774
0.581656
0.955487
1.95071
0.210345
1.04579
0.442937
0.342723
0.812004
0.663386
3.79984
1.16573
0.509095
0.239436
0.631174
0.0921329
0.332104
0.734895
1.468
0.681901
0.408931
0.396208
0.540489
0.178008
0.392893
1.7585
0.529621
8.50527
0.615439
0.844271
0.261386
8.04388
0.382851
0.347947
6.68318
0.232321
0.895128
0.585245
0.334186
0.376283
0.685179
0.979029
0.349396
0.648196
1.74721
0.783915
0.854124
0.262422
0.394108
0.340135
0.947854
0.738776
0.938165
0.759877
1.82877
0.448108
0.589759
0.363706
0.750978
0.959727
1.00446
0.891243
3.2523
4.4118
0.603607
1.52352
0.330734
0.661876
0.365227
1.28789
0.951279
0.461799
0.346575
0.135966
0.314082
0.506888
0.0973068
0.65801
12.1858
0.722187
1.52672
1.02965
0.120321
0.384273
0.497446
0.515173
1.14322
1.33979
0.494308
1.79895
0.414753
7.4971
0.430165
0.148789
0.596198
0.827574
0.527444
1.37653
0.485366
0.291408
0.627757
2.01742
0.256307
0.447485
0.514389
0.606518
4.49234
1.18537
1.20299
0.945643
0.262516
0.679885
0.348296
0.610301
0.457579
0.715003
1.62311
0.810112
0.798082
0.483083
0.658628
0.215357
0.991634
0.580454
0.945988
0.29316
0.725879
0.511964
0.272161
0.825149
0.419239
0.455499
0.316855
0.517153
1.15399
3.89126
0.370036
0.392033
0.858966
0.585986
0.508468
0.15351
0.677198
1.02411
0.406575
0.144892
0.770898
0.25449
1.32802
0.110127
0.601338
1.02163
0.98609
0.63665
0.549412
0.194011
0.540836
0.178592
2.05057
2.06628
0.354453
1.63335
0.208304
0.628841
0.19036
0.789983
0.490645
1.44101
0.732378
0.48612
1.14384
1.1077
0.22082
0.406345
0.489836
0.187993
1.12054
0.775985
0.262193
0.628285
0.447268
0.548295
0.652044
0.454031
0.845438
0.413603
1.86678
0.815527
0.226956
0.388257
1.60321
0.446138
0.559098
2.41517
0.726848
1.12214
0.813318
1.04266
0.569919
0.460092
0.440729
0.374395
0.450311
0.289534
0.61436
2.13621
0.307112
0.30956
0.444342
0.647062
1.24309
1.76818
8.37319
3.46475
0.826272
0.501238
0.393114
0.138831
0.486622
0.739597
0.715163
0.679943
0.34831
1.66004
0.833543
1.33683
0.537079
0.690712
0.177656
0.448125
0.823121
0.173985
0.9979
2.52393
0.892833
0.692291
0.702936
0.848714
0.314894
1.01791
0.194652
0.334296
0.795178
0.75908
0.455408
0.563985
0.358213
1.19995
0.40642
1.32128
0.586612
0.364991
0.87407
0.158837
1.35868
0.497131
0.649302
1.02323
2.12143
0.666069
1.08312
0.520206
0.503097
0.417047
0.286581
2.16443
1.00254
0.965715
0.630385
0.466862
0.85577
0.808401
0.476755
1.15353
0.523718
1.41628
0.257279
0.609972
0.308772
3.32516
0.296738
1.17513
0.825507
0.608296
0.114692
0.524681
0.620302
1.83452
0.523045
0.305035
0.874541
1.29363
0.967616
0.711026
1.10793
0.574143
0.490893
0.124958
0.642199
1.59567
0.196543
1.05901
3.39436
0.368801
0.46434
1.37964
1.52968
1.00159
0.913864
0.547252
0.362247
0.332539
0.489389
0.263826
0.421567
0.211137
1.12738
0.619699
0.302138
1.25514
0.951302
1.6075
0.71222
0.465584
0.453496
0.765616
0.767032
0.534761
1.79523
0.55788
0.391073
2.89386
0.651413
0.432582
0.859952
0.1374
0.279394
1.61804
1.07848
0.843716
0.305391
0.687521
0.4607
1.02954
0.827088
0.937642
0.052646
1.17543
0.399767
0.326534
0.584323
0.564136
1.09277
0.431632
0.423292
0.479081
4.27486
1.01627
1.00307
0.590728
0.500918
3.34375
0.466752
0.733424
0.225017
0.579187
2.29221
0.360925
2.08888
0.31331
1.64417
0.874348
0.601331
1.80087
0.206331
0.327868
0.376948
2.82513
0.251309
1.3414
0.418918
0.467731
0.294675
0.041007
0.677581
6.39632
0.272467
0.579207
0.695146
0.478998
0.277491
0.489094
0.556121
1.04614
1.16764
1.35578
1.45461
1.55077
0.857164
0.728554
0.794024
1.88207
1.89111
0.649429
0.193967
1.16341
0.720742
0.395735
2.21343
1.07849
1.52745
0.763199
0.726
0.576549
0.504393
0.479274
0.908668
0.739415
0.31597
0.759275
0.985412
0.638809
1.0067
0.483342
0.506179
2.64295
1.87594
0.127237
0.457996
0.27759
2.24489
9.44711
0.229662
0.5385
0.373573
0.275665
0.434527
0.18741
0.441529
0.290835
1.04347
0.428423
0.286691
0.739917
0.611179
0.975532
0.45204
0.145601
3.57439
0.899387
3.72222
14.1999
0.926138
0.348323
0.72233
0.511669
0.289816
0.542208
0.674684
0.423247
1.13299
0.473934
0.197719
0.196867
1.30453
1.68823
0.397732
0.794288
1.17671
0.409095
1.09951
1.78181
1.36073
0.874516
0.741168
0.296394
0.351229
0.266892
0.441542
0.370949
0.847873
0.476176
0.898933
1.12664
2.57326
1.03037
1.2419
0.129043
0.265012
7.77946
2.16715
2.27973
1.39216
0.489683
0.364044
0.269797
1.06619
0.665617
0.712513
0.20316
0.98707
0.284785
0.966533
7.41494
0.679209
1.1212
0.541421
0.319664
0.851103
2.92854
0.268189
0.22658
0.492025
1.06446
1.28262
1.04746
0.687026
0.336458
0.290805
0.853708
1.43959
3.15827
0.319521
0.405776
0.939332
0.6321
1.50714
0.554501
0.341748
0.530828
2.40017
2.54994
0.755087
0.633233
0.383683
2.38475
0.923093
0.793974
0.396587
0.438892
0.677098
0.737029
0.957777
2.67783
0.267189
1.07036
0.775673
0.895931
1.26929
0.430219
0.389561
0.327478
0.146205
0.521915
0.390631
0.521678
0.676827
1.10156
2.24145
0.585913
0.678096
4.26948
0.308593
1.96356
0.804325
0.643052
0.655352
0.539558
1.10061
0.559089
2.6655
1.00276
1.53389
0.819404
0.705427
2.58262
0.601132
0.74351
0.615189
2.40665
0.760454
0.881797
0.42627
0.832212
1.34256
1.14925
0.50385
0.932056
0.858785
3.14258
1.98478
2.66401
3.21476
0.535835
0.420295
0.659266
1.98981
1.04132
0.520599
0.984161
0.571381
0.691019
0.743439
0.658413
0.3239
0.737395
0.388447
0.329569
0.552098
0.605794
0.598306
0.249779
1.22243
0.50901
0.550868
0.302236
0.45097
1.7285
0.927798
0.648745
0.362468
0.474094
2.26815
0.216467
1.03348
1.31114
0.670901
0.167258
0.572806
1.02144
0.569572
0.452744
0.42009
1.84402
1.03473
0.173407
1.59382
2.01496
0.650787
0.777877
0.41308
3.96495
0.717899
0.286865
0.255421
0.438473
0.618049
1.11485
0.657478
0.722875
1.2464
1.18699
0.757657
0.358981
0.469487
2.74677
0.625582
0.216632
1.42157
1.21389
0.321142
0.378814
0.285381
0.503971
1.95235
0.252164
1.40309
1.97151
1.40857
0.24356
0.374412
0.573268
0.502821
0.34101
0.230469
1.65638
0.701008
0.572678
0.577157
0.440124
0.279818
0.27887
1.73107
2.50454
4.75998
0.66668
1.63667
0.389031
0.976289
0.162847
0.611137
0.501941
0.442923
0.204574
0.272239
3.5806
0.640405
1.81898
0.994945
0.651229
1.25912
0.210495
0.798774
0.311095
0.937178
1.5839
1.11462
0.567156
1.47378
0.971165
1.0281
5.48479
0.83546
1.53602
2.05493
0.544601
0.877041
0.883103
0.922872
0.687148
0.430446
4.36303
0.744336
1.15459
1.15156
1.0248
0.0652643
0.403169
0.241707
0.454778
0.369502
0.651734
0.549614
0.350078
0.688361
0.580795
1.47561
0.625939
0.924158
0.362523
0.772234
0.844215
0.812699
0.736107
1.51294
1.33636
1.17685
1.66957
0.736992
0.464971
0.354272
0.436837
1.02375
0.763703
0.418761
0.57011
0.536045
2.89741
2.08054
0.470505
0.937309
1.01443
0.544623
0.125193
0.493187
3.0633
0.333431
0.656928
1.87757
0.693049
0.640601
0.605025
0.44313
0.750558
2.47435
14.1149
0.769188
0.745267
0.780116
1.97197
0.443481
0.567032
1.02983
0.945778
1.87796
0.876388
0.345076
0.213962
0.595493
0.911691
0.634333
1.20278
1.11583
1.62503
0.43633
0.242447
0.770249
0.777822
1.41167
1.2412
1.33714
0.385051
0.198648
0.216872
0.449529
0.524885
0.950353
0.259312
0.652445
0.14086
0.376952
0.597988
0.882842
0.801688
0.982131
1.12783
1.0419
0.700564
0.711631
0.367243
0.976141
0.538897
2.9613
0.356157
1.18044
0.516126
2.04251
1.36297
1.52048
0.673203
7.12979
0.473539
0.707367
0.622894
0.469898
0.189788
0.839368
0.258513
0.630372
0.570495
1.03451
0.263199
0.82712
0.689243
0.333609
0.882272
0.351536
0.582576
1.10273
0.443441
0.851817
0.459784
0.304754
0.559489
0.375838
0.11366
2.26204
0.842628
0.502926
0.175475
0.291688
0.695557
0.820754
0.152401
0.639417
0.367855
0.469076
1.62156
0.430762
0.773507
1.12487
0.447904
3.17255
0.19211
1.57069
0.0720627
1.20829
10.9422
0.766647
1.28057
2.28634
0.182628
0.229277
0.458428
0.228863
0.794199
2.2738
0.505078
1.76287
0.502286
0.448732
1.25522
0.574018
1.02203
1.27272
0.29456
0.907607
1.31795
0.196898
0.39049
0.870842
0.691146
2.8579
0.604438
3.67619
0.335106
0.400383
0.814368
3.6557
0.229733
0.249548
0.847138
0.448282
0.696644
0.774289
0.655445
0.945148
0.907098
0.94156
1.81518
0.548295
0.466777
0.297042
0.869456
1.16223
0.445075
0.728573
2.01167
0.253307
1.86105
0.492236
0.459327
1.07267
0.465773
0.235242
0.427584
0.40039
0.319594
5.96601
0.243321
3.46384
0.80722
0.268674
1.14212
0.859317
0.449075
0.711879
1.11213
1.99655
0.830161
0.453129
0.782007
1.02273
0.366373
1.05795
0.240021
1.4675
0.60621
0.281165
2.33264
0.0951357
2.15131
0.206602
1.37732
0.667067
0.908648
0.817645
0.726037
0.517171
0.209416
0.283186
1.90436
1.35527
1.16737
0.661765
0.426948
8.03525
1.19445
0.715054
0.846475
2.68735
0.920799
0.375279
0.613545
0.436084
0.489969
0.589895
0.865002
1.4952
0.398001
0.353403
1.7769
0.578366
0.886757
0.659051
0.388998
0.685974
0.401609
0.542723
0.233572
0.345504
0.927026
1.51701
1.10065
0.600208
0.126372
0.554287
0.831926
3.24117
1.06566
0.563302
1.14596
0.63609
0.515348
0.338957
0.235358
0.896042
0.580865
0.691767
3.55942
0.71088
0.221352
0.606348
0.586922
0.805986
0.627771
0.434795
0.95896
0.708006
3.25146
0.667298
0.588686
0.912336
0.356321
0.240659
0.614809
0.793072
0.837326
0.580726
0.800076
0.826918
0.716817
6.40142
0.335588
0.525855
0.293452
0.301755
0.998545
0.685805
0.886192
0.301764
0.285488
0.380318
1.48722
0.59355
1.34117
0.457962
2.95353
0.159589
0.819717
1.79422
0.624643
2.94486
1.2271
1.2889
0.376362
0.288092
0.0801392
0.750228
0.434305
0.916996
0.875622
0.775901
1.72159
0.314822
0.446252
3.41874
0.981024
1.06351
0.457041
0.549045
0.819716
0.315901
2.57191
0.789586
0.825292
1.25452
0.230755
0.657743
2.60264
1.49541
0.702612
0.589052
0.535474
0.137013
0.731719
2.88358
0.57005
0.247852
0.391063
1.04375
0.161062
0.551258
0.758137
0.419124
0.417163
11.3025
1.76453
0.731122
0.661297
1.73496
0.355952
1.66363
1.3656
0.82063
1.14799
0.226984
1.43962
0.797777
1.26571
1.31299
1.62865
0.2064
0.444501
0.0387502
0.179569
0.779149
0.871585
0.489188
0.759572
3.71344
0.368064
1.14278
0.672047
0.467661
1.47633
0.734778
1.28577
0.808404
0.935158
0.683256
0.490741
1.01094
1.10106
1.01924
0.796921
0.952193
0.830943
0.569714
2.7901
0.720621
0.323179
0.856224
0.291056
3.22806
0.664708
0.209167
0.385367
0.633791
2.61471
1.10868
0.992749
0.242724
0.659224
0.317801
1.83916
1.1656
0.576938
0.543533
1.85611
0.68366
2.09317
0.359961
0.259521
1.98296
0.575937
1.58263
0.801856
0.823363
0.255646
0.348718
0.528378
0.297137
0.477822
0.214071
0.177591
0.490467
0.270472
0.532723
0.674492
0.234816
0.759041
0.344484
0.386177
1.55928
0.766969
0.576346
0.740556
1.76114
0.553293
0.760943
0.48718
1.25438
0.845708
1.17035
0.630262
1.98468
0.502866
2.00776
0.217376
0.565923
0.219374
2.69202
0.933711
0.497748
0.692206
0.55768
0.747803
0.288758
0.579272
10.0005
0.858566
0.629483
0.288782
0.612925
1.52033
0.329028
0.316145
0.797568
0.921216
0.757413
0.401238
3.77565
1.14726
1.69716
0.343674
0.340413
0.380094
0.226742
1.17528
0.507327
0.201607
0.893809
0.533985
0.14225
0.399702
0.554717
0.869712
0.3792
2.43834
0.746507
5.56269
1.04643
0.735504
2.43646
4.43721
0.344965
0.290335
0.597022
0.523733
0.157684
0.677536
0.552482
0.701119
0.884171
0.446704
0.705045
0.680744
0.832076
0.4553
1.00752
0.733148
0.289354
1.91038
0.535527
0.690654
1.12932
0.506748
1.1288
0.614463
0.285883
3.97204
0.488109
0.66248
0.135383
0.170176
0.573135
0.98686
0.243485
0.605047
0.870426
1.39281
1.36411
0.404192
1.05248
0.278399
1.10502
0.690299
0.910754
1.26095
0.723468
0.273097
0.354596
0.405607
0.912495
0.654878
0.940214
0.619153
0.804762
0.161487
1.3769
1.03258
1.96366
0.539193
0.567185
2.32047
0.348408
1.06348
0.337911
0.715468
1.04361
0.589524
1.38001
0.762853
0.308414
0.649352
3.75299
6.79513
0.791912
0.534211
0.787077
0.95787
0.21653
0.509258
0.647006
2.36082
0.192651
0.764671
0.673808
0.383917
1.07314
1.01957
0.44753
0.351773
1.56872
0.593444
0.322026
0.0959155
2.38353
1.5066
1.2714
1.29494
1.48149
0.764897
1.61195
0.632792
0.141352
0.295851
0.533809
2.17104
2.08224
0.576778
1.08073
0.809473
2.37931
1.73519
1.21472
5.38613
1.05063
0.51043
0.832899
0.716866
1.05066
0.131846
0.658373
0.315811
0.539477
0.317366
0.351836
0.729501
0.625734
1.04159
0.862724
1.69998
1.32784
0.710243
0.474978
2.72178
0.280514
1.02496
0.779182
0.448038
1.52595
1.41079
0.889295
1.30367
0.849738
0.528193
0.910759
0.795563
0.84002
0.865882
0.76487
1.07649
3.24904
2.51918
0.948449
0.580315
1.17185
3.25307
1.98675
1.9629
0.403779
0.451358
0.228628
0.850346
0.337746
0.283253
0.973212
0.818109
4.49862
0.47506
1.16741
0.616981
0.414672
0.805399
1.48677
0.320842
1.83897
1.15668
1.7299
0.522585
1.27894
1.12811
12.9151
1.24193
0.36097
1.3597
0.477023
1.6197
0.319674
0.632541
1.22512
0.910071
0.557402
0.850234
1.03452
0.630015
2.07009
0.799185
1.82134
2.30677
0.735729
0.789617
0.50359
0.282963
0.912295
0.237814
0.853287
0.427757
4.97026
0.850249
0.574572
0.302937
0.37658
0.490298
0.54854
0.366775
0.574743
1.29013
5.4106
0.160936
1.29961
2.43108
1.07119
1.71087
0.61435
0.4176
2.9244
1.5212
0.66175
0.807481
0.893906
0.46021
0.288918
0.489702
0.357802
0.967977
0.540303
0.3808
1.26203
0.379689
2.25911
0.389321
0.391147
0.372204
0.290551
0.211205
1.29312
0.482976
0.684054
0.714016
0.447169
1.19843
0.993691
0.477191
0.429895
0.313306
8.8272
1.81553
0.835724
1.09176
1.36112
1.49483
0.438591
1.36334
0.140954
1.33183
0.662609
0.213598
1.83366
0.629059
0.898792
0.522593
5.81868
0.758992
1.41135
0.641997
0.15837
1.13903
0.54993
0.511859
1.08342
0.544555
2.54763
1.38556
0.290017
5.8266
2.79271
1.23453
5.28885
3.91433
0.458359
1.88904
0.491185
1.84502
0.442174
0.701863
0.47022
0.652503
2.65993
1.12917
0.639035
0.586015
0.672615
0.621451
0.186011
0.41824
0.883037
0.436109
0.197691
0.361935
0.653146
1.09538
1.39555
0.301843
1.99234
0.271792
0.477576
0.640221
0.555469
0.881908
0.179403
2.64101
2.16097
0.469397
1.26887
0.735803
1.93248
1.04482
0.697908
0.907129
0.762461
0.444595
0.650528
0.59694
1.50536
1.58775
0.812458
0.983086
0.154337
1.29029
1.16985
0.13386
1.19782
0.917899
1.01918
0.494345
0.30108
0.0709757
0.331358
0.83379
0.970031
1.37308
0.359324
0.297387
0.987721
0.486911
0.408454
0.0808863
0.862467
0.551805
0.777389
0.670234
4.01269
1.01718
1.7145
0.470257
1.71114
0.79829
2.58439
0.4915
0.36707
0.241388
0.618529
0.292528
3.22983
0.55452
0.61041
0.231433
0.903593
0.183979
0.719218
1.24068
1.67389
0.690811
0.25078
0.370105
0.406078
0.642416
0.490691
0.483367
0.650924
0.72947
0.546928
0.789877
2.66205
0.760216
0.745083
1.25023
0.532349
0.649601
1.00742
0.519513
0.4691
0.750471
0.443889
0.199172
1.46937
1.19336
0.46425
0.123132
0.81783
1.05234
0.478515
0.232742
0.312287
1.06582
0.772896
0.845826
1.59567
0.42798
1.80466
4.15881
0.285138
0.460418
1.00982
4.73805
1.39983
0.618493
4.91682
1.50386
0.475413
1.59918
1.34776
0.456363
0.891782
0.281174
0.243379
0.578031
0.300624
7.28924
1.19152
1.19314
1.07935
0.268179
0.681001
0.688378
0.440319
0.889059
0.652729
1.87563
0.241199
0.962163
1.60501
0.293189
1.85343
0.429279
2.16776
0.987743
0.327284
1.33589
1.21283
0.755838
0.362688
1.51903
0.215166
0.131674
0.257235
0.581205
0.630705
0.755435
1.41041
0.242707
0.851249
0.377314
0.713806
1.00769
1.59652
0.545747
1.28291
0.769937
2.62913
0.964663
1.54667
1.25971
0.941297
3.06197
0.463104
0.556825
0.421838
0.812819
0.505852
0.499901
0.868718
0.424528
0.788958
0.674449
0.132993
0.733106
0.399696
1.01208
0.767093
0.791152
0.811922
1.41894
0.97603
2.52129
0.510219
0.400139
0.434115
0.444253
1.90308
0.359185
0.382705
0.467626
2.93519
0.802112
0.491428
0.761601
1.32146
0.559218
1.07361
0.604478
0.283107
0.459838
0.54517
0.282402
0.445761
2.16403
2.93628
0.9951
0.726529
0.214192
0.854571
0.499669
0.800606
0.811682
0.41099
0.332602
0.401555
0.171879
0.416636
1.23091
0.275818
1.09952
1.44978
0.598492
0.778134
0.421337
0.788587
0.911238
0.859541
0.597017
0.387194
0.202714
0.445914
1.26447
0.391993
0.841003
0.263296
1.45379
0.52804
0.841097
0.679176
0.233153
1.62419
0.205204
0.498084
1.07931
0.630176
0.655549
1.20939
0.436401
1.83102
0.5783
1.18872
0.4156
0.728659
0.741854
0.664089
0.48171
0.789544
0.581114
0.218434
0.329225
0.30915
0.80631
1.08675
0.0305268
1.72319
4.83096
0.39111
0.782275
1.70533
0.842037
0.65741
1.44002
0.643513
1.1749
0.0973613
0.121536
0.350352
0.288258
0.234428
0.616398
0.309285
0.838118
1.13547
0.241519
0.265577
0.466431
0.438783
0.840091
0.613047
0.690997
0.286536
0.676532
1.00039
0.597033
1.23817
0.616
0.910117
0.584575
0.454468
1.03253
0.313753
1.61315
0.415534
0.398761
0.176901
1.01765
0.654011
0.445192
0.831668
5.91899
0.478993
0.304193
1.33734
0.635189
0.598604
1.08708
0.763933
0.303756
3.66448
2.16172
0.289112
0.182202
0.640281
1.41542
0.432098
0.675397
0.371895
0.354249
0.120783
0.761114
0.557343
0.316772
0.683445
0.882901
2.49254
0.815814
0.724202
0.482311
1.72987
0.370806
1.51843
0.657338
0.28845
1.11615
0.540689
0.876424
0.488524
0.641246
0.277336
0.810995
0.700665
0.918682
0.124713
1.02534
2.6049
1.46677
1.27208
4.84092
0.615503
0.154565
1.19994
0.47549
1.02806
0.458942
1.85461
0.558582
0.571677
0.352017
0.685314
1.00241
1.25995
0.475503
1.52437
0.288189
0.913357
0.442141
5.67409
0.686667
2.06605
1.88483
5.84971
2.87427
0.6267
1.34065
0.591644
5.10215
0.449449
0.298749
0.477696
0.44897
0.211741
0.783555
3.0429
0.425121
1.00954
0.481126
0.932734
0.353394
0.260584
0.916717
1.07072
0.455294
0.376803
0.98883
1.72488
0.760338
0.623265
0.366364
0.985596
0.811305
1.21647
0.75356
1.24969
0.542676
0.678965
1.56851
0.513521
0.254743
0.70907
0.806696
0.526689
2.37708
0.513451
6.46625
0.87052
0.986714
0.591005
2.10383
0.11559
0.102653
0.784808
0.338816
1.9224
0.42589
0.333562
0.256463
1.3364
0.911961
0.565988
0.345313
0.505454
0.811747
0.375733
0.322404
1.03971
0.176865
0.260297
0.671379
1.94787
0.704116
0.516385
1.04543
1.18835
1.94971
0.609355
1.57727
3.0123
4.61803
0.479515
1.59199
3.38013
0.252521
0.517785
0.661684
1.36855
1.39149
3.50908
3.11401
1.34253
0.742126
0.618142
2.74363
0.524908
0.701061
10.3991
0.267489
0.419697
0.210094
0.299607
1.98382
1.10015
2.34419
0.258141
0.223534
0.973371
0.706318
1.87228
1.5763
0.89198
0.365148
0.564245
0.472829
1.06936
1.20588
1.76294
0.684825
0.903718
1.23429
0.541615
0.122869
0.899557
0.525809
1.34343
1.08812
0.70345
0.614959
0.687852
0.388265
0.668213
1.78442
1.99646
0.363224
0.388777
0.448791
0.816829
0.595448
0.311867
0.29207
0.804087
0.193141
7.71801
0.294896
0.38667
0.995534
0.435941
0.546253
0.307288
1.59512
1.659
0.395388
1.23981
0.236367
0.381551
0.370808
1.16368
6.24076
0.296856
0.86719
0.328116
0.629126
0.660102
0.641365
0.408577
1.38388
0.534843
0.262713
0.575002
2.33254
0.488951
0.708787
1.18554
1.21328
0.753118
0.451123
0.334863
1.98805
0.60462
1.01215
2.20359
0.525885
0.855489
1.75687
0.214537
0.209911
0.722073
0.161316
0.317
0.215674
0.547303
1.18664
0.911955
0.577835
5.23826
1.96922
0.613484
0.224867
1.30851
0.931412
0.838239
0.623475
0.574898
0.558097
1.12424
0.460724
0.424242
0.662267
1.30598
0.899293
0.870621
1.43128
0.719657
0.501616
0.571694
0.759499
0.603837
1.59718
5.35188
0.23045
0.32743
0.740497
0.398048
0.587226
0.547754
1.83161
0.262827
0.287339
2.31585
4.60331
5.40556
0.864032
1.23236
2.25634
1.97248
1.11316
1.81975
1.00472
0.591113
0.364762
0.703829
1.00817
3.81233
0.492015
0.962206
0.190195
0.379532
0.387807
0.38728
0.837047
1.46314
0.252139
0.776832
0.327125
0.297271
0.440678
0.692353
1.1169
1.47398
0.304645
0.908275
0.393478
0.178495
0.771932
0.408273
0.233913
0.999334
0.298345
1.3486
0.344111
2.25022
0.6292
0.683443
0.209736
0.835714
0.672192
0.51747
0.508255
0.295853
0.615431
0.482973
2.26911
0.435788
0.62317
1.15742
0.0765401
1.764
0.231837
1.00347
0.803038
0.644423
1.44843
1.21489
0.505437
1.26483
0.706896
0.28828
0.17481
0.65126
0.532048
0.801012
0.163645
0.498553
1.76417
1.20388
0.6086
0.658153
0.438609
0.643374
1.10326
0.664296
0.567844
0.239542
0.59188
0.377
0.599666
0.579303
0.446741
0.585693
0.82633
0.731232
0.323033
1.36791
3.68735
0.709704
0.40082
0.203982
0.506473
1.16212
0.220096
0.862482
0.660359
0.32301
0.374535
0.741913
0.195069
0.366459
1.14931
0.37528
0.190812
0.699574
0.0595245
0.484434
0.287072
0.718518
0.419333
0.367972
0.428677
1.19765
0.980718
0.128075
0.2619
4.06054
0.379551
0.730633
3.88525
0.300145
0.556823
0.0969951
0.834188
0.373555
0.627598
0.946834
0.302328
0.289806
0.240407
0.280688
0.396721
0.926869
1.90673
0.985429
3.23757
1.05886
3.34079
0.126926
1.23823
0.798289
2.20763
0.406408
1.62785
0.287439
0.91082
1.59583
0.801071
0.860363
0.965111
0.874291
0.685076
0.561518
0.0717884
0.430867
2.13806
0.531903
0.516948
0.104572
1.66157
0.368776
0.668536
0.728245
1.25715
0.482917
1.76466
0.410357
0.12198
0.335996
1.45029
0.520308
0.380185
1.3154
2.2986
0.941163
3.19929
4.47596
0.886669
0.203075
3.14503
0.456519
0.344755
0.253691
1.59238
0.470768
0.343495
0.473349
0.538578
0.961748
0.863718
0.237833
2.53648
0.429925
0.580232
0.298206
3.52409
0.926356
0.601956
1.15504
0.110524
0.520184
0.455586
2.46757
0.399919
0.960767
0.432216
1.10682
0.821999
1.59729
0.434739
1.66639
0.545588
0.27949
1.42151
0.567849
0.485275
0.249771
0.479024
0.52389
1.57967
1.33754
0.245998
0.124249
1.0811
0.0794574
0.958495
0.171626
0.984296
1.03922
0.973996
0.44557
0.274982
0.407639
0.711822
3.65188
0.506312
1.33257
0.421231
0.489643
10.5709
0.737846
0.671699
0.300552
0.385099
0.965592
1.84869
1.04136
0.899055
1.14388
0.285967
1.52116
1.2847
1.49065
0.247056
0.39635
0.314191
0.66523
0.606392
0.933935
1.45692
0.353249
0.737861
0.812864
0.884471
0.755654
0.570571
0.51046
1.05507
2.2307
0.267334
0.30316
0.267346
0.94959
0.773399
0.744912
0.326039
0.212724
0.797573
0.421313
0.147641
0.809933
2.05818
0.750137
1.56256
0.532595
0.676528
0.578121
1.85963
0.250103
1.24849
0.762136
0.456158
0.384132
0.67182
0.461399
0.42447
0.432509
0.260185
1.42793
1.29387
0.0661809
3.01793
0.512367
0.544825
0.420999
0.958625
0.503862
0.593329
0.352091
0.391593
1.37995
0.436753
0.350697
0.85324
0.889184
0.841201
0.216263
0.645174
1.01988
1.12255
6.0419
0.356603
0.510817
0.789562
0.620142
0.314553
0.46277
0.495713
0.928071
0.541501
0.913096
1.03183
0.371857
0.576508
0.267728
0.650008
0.464383
0.779434
1.39915
1.28862
0.727876
0.375298
0.175179
0.312684
0.373551
1.62702
1.66402
0.404092
0.65081
0.314518
2.22411
0.945949
0.67671
0.291633
0.77018
0.74574
1.7553
0.831042
0.535999
0.232711
0.132585
1.60561
0.706151
0.746597
1.25272
0.609523
3.4367
0.886803
0.444851
1.31629
0.575624
1.00864
0.322748
0.462152
3.06306
0.488957
0.768886
0.407978
0.67154
0.595602
0.565209
0.427917
0.824066
1.04326
0.263439
5.15916
2.10647
1.66186
0.666295
0.667863
0.576079
0.639578
0.643676
0.497585
0.362752
2.40916
0.247401
0.574683
0.23473
0.532637
1.17853
0.205995
1.47884
0.80274
0.678196
1.56466
0.540065
0.335667
0.24449
0.113661
0.527934
1.74303
0.702973
1.26472
0.243328
0.994488
2.94335
0.846707
0.473975
0.509336
1.30131
0.613681
0.897756
0.301871
0.776857
0.602177
0.928723
0.21323
0.391461
0.425724
2.19946
0.426011
1.67766
0.613885
1.30506
0.558758
1.05637
1.44845
0.351736
1.9675
10.0615
4.20539
0.444449
1.0054
0.363471
1.04859
0.446708
1.14661
0.661559
0.626842
0.57949
0.373185
0.550693
0.216421
0.618465
0.936346
0.772078
0.52754
1.45482
0.352577
1.89123
2.16172
0.272773
2.38113
0.474876
0.419686
2.49594
1.5368
0.655595
0.766658
0.331334
1.43483
0.368879
0.776337
0.680247
0.680862
0.376161
1.20611
0.953335
0.882641
0.116339
1.59981
1.13693
0.452792
0.637877
0.657471
0.271421
0.471903
0.918125
0.908211
0.759551
0.837475
0.629801
0.355477
0.461663
0.262691
0.912297
0.354246
0.993777
0.6345
0.412143
0.0602932
0.37087
0.518374
0.772684
0.331189
0.366173
0.484284
1.14831
0.617767
3.25514
0.552028
0.407712
0.298652
0.194799
0.479616
0.609641
1.2283
0.719714
0.518238
0.418526
0.4371
1.18286
1.02863
0.276285
1.07305
0.58323
0.743673
2.14678
0.223137
3.07339
0.563435
1.12938
0.593112
2.32336
0.241461
0.609548
1.13513
1.01159
0.504823
0.499547
1.63177
1.67478
0.289989
0.185043
1.467
0.831298
0.923637
0.841755
0.782829
0.421878
0.678008
1.39522
0.211577
0.570609
0.732553
0.679491
1.34799
0.196245
0.219767
0.639671
0.296122
0.758337
2.15924
0.302026
1.20793
0.982198
0.320506
0.630035
0.900226
1.68111
0.666173
2.77165
0.70232
0.782764
0.24854
0.519743
2.6842
0.31137
3.57166
1.12045
2.15452
0.344696
0.634664
0.737608
1.05862
0.561477
0.724658
0.847403
0.702918
1.0274
1.57334
0.952691
0.765793
0.405958
0.737863
0.504967
0.252816
0.549733
0.91962
1.29864
0.878253
0.588083
1.99539
0.300368
0.409088
1.4278
0.518131
0.687834
0.901402
0.436772
2.7071
1.26078
0.548965
0.326892
0.711438
1.10355
0.880944
0.532795
0.575707
14.7796
0.498606
0.506468
2.24512
0.424034
0.535364
3.61387
0.318556
0.448955
0.586729
0.26584
2.87165
0.361032
7.1286
2.26232
2.84976
0.506402
0.58703
0.668431
0.959786
0.196625
0.934067
2.32393
0.449151
0.70434
1.46283
0.575804
0.542554
0.581562
1.42199
0.521447
0.803715
0.246222
0.862278
9.8436
0.708123
0.637233
0.520836
0.198714
1.1117
4.17204
0.135406
2.10546
14.4665
0.361589
1.52856
0.992155
0.314327
0.356808
0.497892
0.935416
0.202736
0.46526
0.424077
0.425789
1.01164
0.419335
0.319327
0.217663
0.400023
0.479731
0.921403
0.181501
0.22629
1.07323
0.521509
2.61138
0.83329
0.415984
0.549081
0.424798
1.23266
2.00465
2.06491
0.0988383
0.378862
0.532356
1.12823
1.32573
0.416995
2.69495
0.465402
0.325951
2.07121
0.279342
0.523667
0.393126
0.532943
1.15369
0.321087
0.594123
0.315051
0.659103
0.458504
1.25534
0.53236
0.349622
0.641461
1.3565
0.415384
3.59655
0.732186
1.36359
0.537648
0.287818
1.26898
0.710581
1.40075
0.375348
0.258266
0.682758
0.409709
0.418169
0.377045
0.330284
0.812378
0.327415
1.54586
0.991395
0.735943
0.372698
2.38005
0.441128
0.270236
0.370396
0.841412
3.96609
0.398496
0.55118
1.04075
1.29372
0.527336
0.484724
0.389393
0.170204
0.338853
0.9086
0.838497
1.94156
1.325
0.45714
4.56055
0.537052
0.44515
0.398321
1.33381
1.35154
0.839853
0.334596
1.08246
0.733487
0.77694
0.473892
0.788612
0.626644
0.808643
1.19434
0.311764
0.586058
0.669757
1.02629
0.309574
0.570746
0.561666
0.864106
2.47838
0.582001
2.73594
0.21652
0.495502
0.679606
0.599645
1.12095
2.07683
0.53328
1.06961
0.424806
0.295842
0.408175
0.353091
1.1466
0.468586
0.275614
0.918832
0.186549
0.482145
1.20675
1.74705
1.76356
2.96093
0.624083
0.490413
1.40194
0.0569055
0.653458
0.255887
0.612339
0.283717
0.432218
0.174616
9.55048
0.710553
0.277638
1.77581
1.08939
2.27322
1.80772
0.44387
0.933719
1.09731
3.09395
1.12741
0.906664
0.494783
1.09133
0.529476
0.686704
0.608463
0.853675
0.360871
0.566847
1.12086
0.854022
0.294211
0.267318
1.86601
0.414363
2.78064
0.419944
0.844072
0.831089
1.57245
0.435971
0.870553
0.718413
0.194566
0.80201
0.301687
0.530401
1.40583
0.656547
1.05198
1.57547
0.144086
3.86038
0.336841
0.315832
0.354248
0.937758
0.577096
0.29786
0.524754
0.473994
0.530163
4.11009
0.430326
0.698686
0.43068
1.5952
1.79941
1.45735
1.08978
0.435619
2.17604
1.12371
0.843087
0.516816
0.396713
0.363204
0.2755
1.1606
0.429796
1.6244
0.586749
0.740014
1.71609
0.297944
0.524029
0.880513
1.26159
0.297095
1.24218
0.656268
0.638484
0.616757
0.681478
1.20159
0.484288
0.364618
2.53805
0.275111
0.301934
1.26112
0.855601
0.887373
0.65335
0.637037
0.146303
0.890147
0.48589
0.548244
0.556375
6.88865
2.87159
0.891095
0.215896
0.620629
0.477636
1.02412
0.410522
0.594936
0.673116
0.550223
0.51802
0.342146
2.16191
1.23842
0.688526
5.46595
0.952785
4.13197
0.923492
0.929762
0.271126
0.312398
0.854622
1.31115
0.701224
0.296877
0.667617
0.958547
0.577672
0.593952
0.165021
0.249493
1.39333
0.465499
0.18207
0.512018
1.24008
0.793618
0.496339
1.11211
0.234414
0.376543
0.475786
1.0718
0.141817
0.657828
0.678991
1.33504
0.484044
0.893639
0.976584
1.23591
0.654254
0.792246
0.41603
0.806292
0.363403
1.47139
1.10194
0.760286
0.22614
1.93148
1.22513
1.41192
0.424021
0.483175
0.933397
0.642407
0.737744
0.181102
0.926077
0.325301
0.328264
0.737406
1.11959
0.294599
0.287585
0.26819
0.240823
1.09409
0.587001
0.413182
0.473386
0.395316
0.953651
0.703119
0.618579
0.776002
0.415098
0.486143
4.81658
0.864894
0.50544
0.324112
2.15566
2.46194
1.49738
0.599544
1.31708
1.83953
1.2578
1.68993
1.08152
0.61731
0.740126
0.936977
0.288405
0.556918
0.583311
0.735262
0.433862
14.3394
0.257119
0.622649
0.217768
0.213479
0.45088
0.323202
0.48311
0.252139
0.46224
0.5705
0.543535
0.35572
0.395284
1.03825
0.654245
0.762556
1.96601
0.806789
0.729866
1.24959
0.806272
0.292395
2.16676
2.14869
0.478858
1.47946
0.724181
0.445975
0.55473
0.654117
0.262753
0.586182
0.799109
1.3317
1.15854
0.422478
1.93474
0.602604
1.22482
1.65186
0.621183
0.385079
0.282456
1.6087
0.234861
1.80548
3.00482
0.404942
0.759157
0.419196
1.17544
0.137612
0.556398
1.15363
0.205669
4.21521
0.400903
0.316968
0.71199
0.774854
1.10087
1.14833
0.474414
0.199376
0.371191
0.34698
0.435825
0.775426
0.0813939
0.397094
0.689367
0.544566
1.56214
0.312736
0.242381
0.908092
0.42252
0.381422
1.27243
0.93655
0.27162
0.314387
0.484669
1.30874
0.513112
0.464502
12.2702
0.655065
1.69817
0.632146
1.15554
4.22238
0.36929
1.03699
0.593357
0.481852
0.311834
2.13424
2.37404
2.63193
0.311703
0.445143
0.89015
0.810231
0.567144
0.500001
0.541111
0.612898
1.51216
0.186179
1.96725
0.339164
0.683292
0.320442
1.63873
0.657
0.615963
1.75209
0.81953
0.539476
0.943024
1.29407
0.614425
0.192631
0.448252
0.535721
0.705073
0.503827
0.266401
1.19408
0.382538
0.136656
1.66969
0.285386
0.425654
0.341938
0.591689
0.266459
0.836092
0.628926
0.441209
0.89716
0.635301
0.368138
0.509985
0.214999
0.475332
0.636445
0.873823
0.138549
0.243583
1.35157
1.93372
1.17229
0.54024
0.999836
0.236959
0.355757
1.35603
0.738989
0.456096
0.462307
1.22382
0.557058
0.432137
3.1172
0.280135
1.36233
0.668519
0.86342
1.14444
0.438579
0.909821
0.570063
0.505124
1.72212
0.712593
0.260632
0.225365
0.816612
0.577355
0.422291
0.574385
1.06511
1.45158
0.244248
0.699818
0.718935
1.10471
0.358096
0.384948
0.277471
0.562889
1.68034
0.335577
0.712045
0.417317
0.643234
1.29937
0.231773
0.467912
0.682696
0.539305
2.14602
0.857911
0.476462
0.446252
0.233115
0.774004
1.19769
0.375081
1.01842
0.720271
0.714383
1.82347
0.559638
0.0627914
1.17422
3.98813
2.2835
0.0849254
0.656217
0.0977449
1.12959
0.252718
0.564327
0.607954
0.423205
9.11912
0.451526
0.44001
0.418112
1.40304
0.613389
2.48204
2.7007
0.366588
1.88111
0.345867
0.468544
0.476845
0.36656
0.605546
3.32941
0.830914
1.95334
0.263532
0.491096
0.90274
1.04743
0.244883
0.437032
3.15642
1.72767
0.513212
0.775063
1.14451
0.458447
1.24345
0.410212
0.875153
0.574397
0.208628
2.83869
0.8863
1.33606
0.498438
0.680921
3.09337
0.614437
0.654067
0.486231
0.34493
0.499962
0.354298
0.629508
0.63486
0.548899
1.20503
2.5562
0.351199
0.639844
4.11921
0.794385
0.182021
0.68477
0.227991
1.08462
0.161623
0.876978
0.103672
0.57878
1.11316
0.391514
1.27557
0.511881
0.229611
0.981418
0.100446
0.345847
0.333534
0.402204
0.463138
0.340734
0.299151
0.444862
0.706631
1.83988
0.309983
0.381769
0.756602
0.84258
1.05077
0.627767
1.03668
0.895094
1.09155
0.768686
0.476507
0.577091
0.488738
1.01072
0.367651
2.15099
0.405039
1.16291
0.194106
0.941392
0.785558
0.965212
0.883791
0.705994
5.98309
0.542954
0.583037
0.0976081
0.274615
0.301255
0.629074
0.607961
0.331786
1.15493
0.890747
0.857157
0.841139
0.638017
1.16215
0.686034
0.518638
0.616514
0.680128
0.351162
0.459262
0.803434
0.223872
1.17712
0.227069
1.2925
0.196534
0.198606
0.282824
0.372702
0.936093
0.232387
2.17688
0.545659
0.366193
0.466516
1.06386
0.102023
0.538594
0.832969
0.273274
0.554624
2.03044
0.523586
0.42439
0.62916
0.719061
1.11286
0.478145
0.832444
0.559602
0.661863
0.728
0.465802
0.138626
3.40488
1.02071
0.254184
1.22595
2.42576
0.297742
0.889713
0.140188
0.256908
0.430959
0.633163
1.74875
0.669518
1.62095
0.310098
1.29677
1.55538
1.02388
0.795237
0.387294
0.267496
0.338996
1.41193
0.212341
0.684684
0.690968
1.47451
0.416878
0.675387
0.203111
1.64193
0.379891
0.385778
1.29072
0.525972
1.42309
3.58936
0.677182
0.729259
0.164005
0.168847
0.396138
0.410742
0.503081
0.205787
0.439267
2.26514
0.449049
0.546401
0.739847
0.37611
0.235691
0.538156
0.362293
0.895718
0.939449
0.907037
0.504763
0.309085
0.488652
0.367938
0.581983
0.893136
2.84241
0.270354
0.463498
0.374863
0.528764
0.156063
1.21571
0.600143
0.362242
0.633072
9.34443
0.329358
0.925099
0.603674
2.80192
0.166766
0.423073
0.382238
1.76883
2.33565
2.63835
1.07851
0.80793
0.392827
0.504658
1.61195
1.16774
0.61857
0.355836
0.683497
0.815814
0.506141
0.424595
1.58317
2.69119
0.623131
0.461268
0.376929
0.447606
1.36191
1.1263
0.411793
0.919356
1.5157
0.274689
0.416066
0.108792
0.876108
0.276192
1.09252
0.316429
0.239052
1.4573
2.1072
1.60337
0.692427
1.22697
1.22622
1.08818
4.7436
0.963827
0.390308
0.627526
1.54416
1.08414
0.290963
0.527878
0.756598
0.0475194
0.175299
1.41203
0.37577
0.503707
0.315237
0.820771
0.393915
0.550988
0.695591
0.941082
0.77586
0.690646
1.48302
1.33556
3.59706
0.532372
0.77697
7.43872
0.380477
2.60952
0.220944
0.976901
1.31976
0.29032
0.47883
0.296057
0.526047
0.446413
0.333605
0.397999
0.703483
4.89302
1.06108
0.861455
0.711668
0.344624
0.170226
0.152893
0.781334
1.17858
0.836275
0.569902
0.307154
1.16347
0.196926
0.713621
0.338624
0.52419
1.76988
0.584606
2.55973
0.417046
0.714928
0.63275
6.09642
0.489881
1.4083
0.216924
0.476082
0.417835
0.792055
1.15457
0.636022
0.962659
0.640636
1.42116
1.86251
0.717312
0.338477
1.27565
0.255935
0.416417
0.154334
0.263676
0.711429
0.200898
0.229676
0.515856
0.198282
1.09647
0.537054
0.922909
0.840171
0.238266
0.709263
0.359322
0.671017
0.390031
0.530295
0.558089
0.856826
0.662528
2.68832
1.45015
0.856662
0.61205
0.752229
2.04789
0.537595
0.176642
0.506544
0.502764
0.367798
0.448122
0.194871
0.390571
0.449242
0.402914
0.732364
0.71344
0.986765
2.26846
0.287626
1.13361
1.68825
1.23908
0.352037
0.566626
0.43409
11.1712
0.572617
0.828185
0.62089
0.524436
2.72402
0.651312
0.428116
1.04514
0.231779
0.581529
0.990635
0.338469
0.51445
0.786583
0.574285
0.577463
1.09452
0.559388
1.84445
0.60571
1.13762
1.00997
0.385358
0.177228
0.200592
0.554085
0.702458
9.3968
6.95269
0.337534
0.298721
0.207235
1.88307
1.05459
0.869044
2.70464
0.552051
1.0934
0.344919
5.30314
1.14581
0.974937
1.83487
0.550346
0.424182
0.255768
0.424967
0.381824
0.550286
0.694164
0.477729
0.303258
0.616783
0.134368
0.387794
0.530761
0.392677
1.34621
0.776068
1.10929
0.649332
1.1877
0.368381
3.70287
0.79684
0.27369
0.776711
0.257108
0.711571
0.294946
0.341482
0.83557
0.364812
1.32635
1.70993
0.760095
0.098299
0.580753
0.429976
0.656226
0.818222
0.478791
0.256379
1.04521
1.00934
0.87376
1.00473
0.788699
0.348146
0.685087
0.550355
0.301551
0.415439
1.19139
0.778238
0.372508
1.04133
0.673562
0.266841
0.720505
0.866879
0.364068
0.500869
0.272271
1.57485
0.879017
0.268212
0.357352
2.31315
2.15952
0.793155
0.360671
0.428515
0.55262
0.238291
0.60614
0.370171
0.25801
0.576384
0.539416
0.46373
1.84893
0.425472
0.591347
1.26778
0.42032
0.399582
0.589597
0.656462
0.836641
0.154769
1.78604
0.586158
0.144025
0.824649
0.49673
0.253755
2.12418
0.59018
0.636977
0.882079
0.329759
0.820057
0.482493
0.277145
0.488013
0.338722
0.40909
0.323028
1.79736
0.356645
0.334098
0.514149
0.934779
0.884236
0.362114
0.684397
1.56773
0.648002
0.140034
0.178204
0.912268
0.574811
0.514532
0.859698
0.577908
0.36031
0.92509
1.1004
1.30716
4.25176
0.225686
0.231003
0.862959
1.00335
1.172
0.123055
1.25981
0.645771
0.443554
0.323714
1.36611
4.25607
0.509288
3.13949
0.259726
0.579919
1.88991
0.337765
0.699072
0.556575
1.74653
0.398085
0.286732
1.80371
0.329965
0.691351
1.29855
0.326174
1.62849
0.179057
5.7547
0.678517
3.2679
0.805792
2.37587
0.771657
0.314333
0.75872
0.988842
1.04199
0.509635
0.0989474
0.645879
4.05971
0.332413
0.58935
1.86045
0.787014
0.964069
0.198789
0.770286
0.402453
0.892543
0.695864
1.08313
2.15012
0.365502
0.665386
0.4114
0.753293
0.21009
0.57087
2.76372
0.443781
0.377056
0.512217
1.55434
0.295836
0.663941
0.243144
1.2083
0.463478
2.30845
0.287529
0.990844
0.492966
1.26449
0.906252
0.287838
0.77112
0.350373
0.566105
0.835817
0.336488
0.604715
0.146166
0.854333
1.05655
0.376684
0.871907
0.463971
0.24432
0.38566
2.31118
1.81389
1.10522
0.240724
0.164598
0.870445
0.277626
1.35232
0.779308
0.43727
0.433385
0.605494
0.475159
0.732231
0.73074
0.569417
0.290956
0.832965
1.47494
0.0993149
2.08524
0.222534
0.354763
0.324479
0.355591
0.727544
0.946754
3.6665
0.928261
1.00334
0.644975
0.349314
0.508012
0.765444
0.237526
0.971959
0.672701
0.292493
0.413864
1.01306
0.584033
0.34791
0.736457
0.218316
0.659536
0.38525
0.55698
0.421137
0.521465
0.77699
1.61489
0.636047
0.568648
0.703964
0.510826
0.642454
0.131817
0.854053
0.229415
2.51422
0.312481
0.674076
0.8142
0.0371618
0.829977
0.741945
0.264799
0.638536
0.384153
1.01484
0.711335
0.406696
0.120714
0.229308
0.533889
0.343705
0.827174
1.28266
0.673012
0.225425
1.04762
0.700819
1.54665
0.349936
0.163155
0.549341
1.62168
0.705972
0.839278
1.37074
1.81763
0.260449
1.00294
0.371323
0.760183
1.66591
0.321731
0.625634
0.957602
0.882944
0.498676
0.498197
0.823597
0.267928
0.655243
5.86811
1.32227
0.505956
0.535866
0.0602633
0.384836
0.5458
1.05511
1.16479
3.73966
0.711212
0.729657
0.611643
0.839315
0.313161
1.04354
1.43748
0.811616
1.43286
0.948887
0.364673
0.888269
0.329082
0.840449
0.192463
0.551891
2.51367
0.824615
0.997758
0.28746
1.05674
1.27266
0.772541
0.288141
1.25256
0.121368
1.13019
0.129945
0.424897
0.74512
0.914172
0.341526
0.572988
0.517794
0.331218
0.94718
0.210263
0.250327
0.273691
0.500685
1.12412
0.752567
0.164784
0.55127
1.04029
0.747056
2.1916
3.81618
2.31627
0.39482
1.55611
1.0835
1.49976
0.606581
0.763614
1.61696
0.683765
1.1519
0.500391
0.734014
0.883231
0.558411
1.3502
0.3111
0.413917
0.251441
0.601446
0.47971
0.751979
0.746441
1.56011
2.02763
0.469056
0.953298
0.180845
0.695911
0.718164
1.09441
0.572526
0.630699
2.3127
0.742256
0.576083
0.103315
0.535927
0.503398
0.41754
0.647543
0.956513
1.33684
0.552713
0.924172
0.236899
0.554107
0.150307
0.364922
1.0862
0.358217
0.0889611
1.39136
2.97434
1.81653
0.117227
0.587647
2.31736
0.620993
2.83021
0.818401
0.373613
0.35747
0.267238
0.273388
0.334111
0.593231
1.24438
0.122093
0.266307
0.424728
0.105099
1.3366
1.58516
1.20467
0.619418
0.510785
1.54785
0.100233
0.490315
1.08772
0.35851
0.747281
1.5716
0.208671
0.385124
1.84808
0.834716
0.224694
0.961798
0.579066
1.35925
0.465822
0.644419
2.00947
1.05098
5.50657
2.72088
0.397261
0.217607
0.212125
0.0339655
0.886901
0.429413
1.52202
1.51373
0.561215
4.58412
0.25213
1.15659
0.794928
0.568408
1.14556
0.650485
0.900427
0.393556
2.63835
0.37223
0.298417
1.38368
1.10986
1.07407
0.583097
0.389956
2.50595
0.620309
0.538926
0.587585
1.06092
0.410667
1.12708
0.473749
1.76733
0.527615
0.452088
0.306722
0.901777
0.800467
1.49318
0.433964
0.19912
0.525788
0.404839
0.210625
0.964826
1.4137
1.34494
2.39079
0.618268
3.2407
4.48624
0.278737
0.529163
1.37217
0.34523
0.337633
1.12161
0.488634
0.405496
0.273713
9.42589
1.18008
1.36187
0.740278
0.165083
1.67981
0.771263
0.528241
4.41009
0.412686
0.50229
1.22096
0.185892
0.431645
1.31282
0.747546
0.463232
0.485964
0.163295
0.490053
1.79362
0.239432
0.726086
0.551349
0.111883
0.183604
0.304372
0.175241
0.824273
4.36051
0.94543
0.511019
2.99495
0.598593
1.36618
0.404692
0.388868
1.2493
0.695818
0.24524
0.189307
1.24806
0.513362
0.56285
0.772769
0.377459
0.332672
1.66864
0.318601
0.536284
0.133519
1.05009
0.937741
1.31192
0.846136
1.21727
1.38789
1.65914
3.87217
0.364857
0.275952
0.89141
0.832161
2.88499
0.633436
0.404508
0.765801
0.56669
1.19234
1.25964
2.12361
0.86572
3.055
0.787846
0.138056
0.191752
0.632718
0.879173
2.00825
1.70664
0.980757
0.702641
0.640896
4.92561
1.16601
0.22537
0.983082
0.171066
0.579147
0.324478
0.554995
1.75696
0.799606
0.672191
0.282881
1.08274
0.679986
0.296581
2.24304
0.255602
0.686006
0.899882
1.07162
0.188049
0.702618
0.720976
0.464899
1.12214
0.450375
0.564425
0.446179
1.3891
0.392044
0.575094
2.32898
0.683404
0.450504
0.619327
4.91643
0.223281
0.50017
1.87563
0.169564
0.963124
1.02084
1.11496
0.52009
2.15521
0.833907
0.484058
0.536701
0.560002
0.30087
0.434765
0.367287
0.790256
0.947443
0.242647
0.886443
2.8394
1.21875
0.503355
0.506854
0.764432
0.275847
2.07012
0.687017
0.402904
0.341821
0.635311
1.73471
0.162705
0.53153
0.87474
2.62037
1.77294
0.288602
0.766303
1.02919
5.03827
1.41678
1.12068
1.01921
0.403923
0.36515
1.83826
0.471959
1.90577
0.947646
1.21411
1.28477
0.987052
2.80997
0.509102
0.874456
0.32573
0.512911
0.200235
0.409401
0.628628
1.15057
1.11834
0.64368
0.548558
0.63428
0.765548
0.67366
0.46617
0.5734
0.239096
0.591705
0.844255
1.17939
0.941925
0.774235
0.628491
0.658811
0.598027
0.519034
0.330367
3.12823
1.15597
1.10072
0.670684
0.812645
1.1034
1.32068
0.776308
0.355775
1.11743
0.0561075
0.309479
0.72975
0.156269
1.04053
3.25582
0.937932
0.794733
2.56766
0.575575
0.411548
0.383284
1.38076
1.54428
1.10215
4.47655
0.264686
2.50923
0.3997
1.8163
1.72484
1.04618
0.523784
0.260714
0.33679
0.394261
0.582147
0.676525
0.86303
0.769611
0.343289
2.06034
1.5064
0.95633
0.406609
0.223466
0.28902
0.425718
0.0891032
1.43211
0.606226
0.669973
0.64289
0.81152
0.353023
1.21934
0.276623
0.85635
0.558555
0.489338
0.452705
1.79954
0.684734
0.0401849
0.258433
0.873169
1.5299
0.329007
1.52345
0.15803
0.930317
0.206484
0.430917
0.543762
0.352961
0.379667
1.17838
3.1914
0.571537
1.02408
1.36359
0.16222
0.564608
0.227963
6.54616
0.55589
1.05226
0.777069
1.02179
0.508399
0.470156
0.546248
2.31389
1.10912
0.314083
0.482869
2.54124
0.537671
0.347329
0.865856
5.6369
1.04956
1.84499
0.241983
0.928615
1.11758
4.30327
0.836579
0.819455
0.784286
0.6097
0.508888
0.510222
0.240184
0.450968
1.39089
1.66024
0.646159
2.68674
0.53579
1.21518
0.641024
1.37983
0.467345
2.65722
2.0493
0.813255
0.144521
0.69927
0.904728
0.49148
0.580579
1.58133
0.98775
0.379686
0.63465
1.34836
0.778813
0.191127
0.463548
0.212732
0.656796
0.60334
1.11016
0.257754
0.489947
0.260906
0.428171
1.47086
0.89407
0.611202
1.77678
0.451621
0.99645
0.702772
0.38244
0.778899
0.201706
0.545131
0.574805
2.70594
0.358914
0.430188
0.740682
2.14768
0.22194
2.42791
1.43472
0.424505
0.344229
1.18886
0.227049
0.67666
0.422129
0.410431
0.768063
1.53834
1.20213
0.494298
0.70985
0.332701
0.577838
0.573416
1.53227
3.27468
2.0681
0.393169
0.426169
0.807018
0.610987
0.720124
2.0614
0.196298
0.525256
0.51824
0.312994
0.220238
2.31096
0.452092
2.81866
0.549492
0.387088
0.335086
1.26663
0.67992
0.513097
1.11522
0.207702
0.889018
0.621556
0.603877
0.161917
1.39962
0.556457
1.05067
0.206641
1.56281
0.308719
0.594552
0.529953
1.16971
10.5516
3.74249
1.78731
0.691074
0.294232
0.661158
0.299142
1.60286
0.642708
4.76673
0.283411
0.269572
0.246543
0.419731
0.877108
1.54892
0.573218
0.326242
0.874284
0.449307
1.35065
0.899004
0.679376
0.135577
1.10943
1.61325
0.804661
0.155103
0.549906
2.00062
0.631951
0.790028
0.619929
0.27492
0.445066
0.541113
0.8738
0.642598
0.856777
0.878011
0.593076
0.822333
0.38123
1.83866
1.879
1.16584
0.715494
0.671803
0.736409
1.09538
0.265445
0.651005
3.25232
0.474451
1.26081
0.329702
0.469632
0.301419
1.90765
1.12447
1.07526
0.196282
2.00381
0.518058
0.3749
0.426489
0.319334
0.616137
1.04751
0.760023
0.250632
0.28159
1.38913
0.429934
0.496574
1.03289
0.715673
1.75189
1.11744
0.635248
1.15541
0.745499
2.64172
0.452623
0.429288
0.477928
0.619711
0.837588
1.14551
0.712587
0.767662
0.723552
0.575784
2.92227
0.790762
0.360661
1.22535
1.70057
0.935334
0.584369
1.30157
0.636982
0.371409
0.940262
0.620112
0.396038
0.590379
0.31255
1.93014
0.735185
0.832366
2.05031
0.529429
0.379395
0.622424
0.734504
0.269634
0.498877
0.64217
0.499915
1.75559
1.15618
0.982485
0.554401
0.913879
0.741838
0.456896
0.414955
0.307697
0.705955
2.35197
0.776472
0.594051
0.485918
0.565378
0.249364
0.785628
0.447241
0.916867
0.206163
0.787616
0.163271
0.420862
1.15813
0.557144
0.259436
0.531352
0.676647
1.02426
0.544545
0.66114
1.99619
0.511431
1.14029
2.99514
2.51071
1.77171
1.13159
0.217616
2.60501
1.1157
1.19773
1.75134
1.08618
0.242351
1.08399
1.55104
0.620698
0.348867
0.923899
0.446552
0.262039
1.93102
0.631013
0.454801
3.793
1.66847
0.71317
2.0955
3.62123
0.913638
0.512479
0.22325
0.854549
0.264442
0.305819
0.795032
0.444828
0.439459
0.966094
0.390447
0.785043
1.01962
0.45997
0.564275
2.46943
0.690501
0.453721
0.220245
0.182593
0.203705
0.372986
0.748506
0.980173
0.230508
0.374833
0.57846
0.71036
1.14817
0.759156
1.67003
0.788903
0.138521
1.67257
1.33726
0.432088
0.872242
0.538392
0.482236
1.53396
1.93307
0.641774
0.877831
0.334363
0.881163
0.157754
0.236043
0.912143
0.583538
0.7119
0.119033
0.159042
0.28544
1.3112
1.83648
0.742627
1.86717
0.744115
0.490807
1.32772
2.34506
0.824639
1.00469
0.226202
0.358482
0.804172
0.649717
0.145767
1.42627
3.86327
4.06862
2.6787
0.382776
0.78942
0.559146
1.89733
1.98296
4.39306
0.52135
0.286952
0.234153
0.900726
0.344912
13.4859
0.354178
0.408691
0.710618
0.23213
0.399882
1.70626
0.36822
0.447019
0.35242
0.231194
0.399754
0.0342819
0.526359
1.18392
0.457533
1.57781
0.811873
5.3081
1.0179
2.70626
1.09039
0.620328
1.9579
1.48911
0.440737
0.538281
0.281394
0.164915
0.607802
0.687925
0.711102
0.610743
1.00619
0.766412
0.726287
0.528938
0.25596
3.86001
0.934777
0.584137
2.74152
1.16761
1.97364
1.36312
0.651793
0.132154
0.517337
0.922576
0.401382
0.358802
0.273401
0.195943
0.322388
0.288532
0.116637
0.244347
1.02789
0.427969
0.88819
0.58791
1.06798
2.48958
0.563631
0.330989
0.869976
0.328352
0.736405
1.66414
0.145717
0.652055
0.356502
4.25443
3.17787
1.078
0.832742
0.234485
0.187228
1.30236
0.242878
0.981881
1.182
0.576436
0.383348
1.1033
0.626595
0.840726
0.211266
1.23141
0.376514
0.278794
0.482097
0.542537
0.548079
0.343004
1.68373
0.443579
0.369986
0.827727
0.389989
0.592238
0.464127
1.54671
0.761474
0.563158
1.32235
0.291022
3.23671
0.917205
0.346727
0.536611
0.688102
0.908597
0.512542
0.652178
0.528593
0.329956
0.992792
0.50128
0.455086
0.370742
0.801292
0.945163
0.778407
0.496924
0.188183
1.31472
6.6567
0.542338
0.315218
0.484624
0.961565
1.43302
0.139831
0.602819
0.664077
0.383499
1.33711
0.933778
0.55933
1.77799
0.690554
0.550213
0.938968
1.09509
0.816482
0.521105
1.35632
1.3817
0.314156
2.25131
0.36434
0.918732
0.787323
0.862776
0.30394
0.910123
0.534101
0.581646
0.623108
0.498221
2.38545
0.504965
0.709021
0.547791
0.36508
3.37368
1.35729
0.4095
0.875638
0.506001
1.89765
1.00152
0.637887
0.409765
0.592702
1.52051
0.215804
0.709819
0.295226
0.879435
0.532881
1.20897
0.641324
0.657363
1.22595
0.549488
0.337373
0.268104
0.445419
2.70694
0.547826
0.480897
0.577606
0.441502
1.1051
1.46029
0.550064
0.315844
1.14387
0.443208
0.306523
0.51419
0.933011
5.20284
1.11124
0.566873
0.380944
0.195799
0.520173
0.801809
0.960299
0.59805
0.732488
0.678438
2.51566
0.454484
0.395127
0.232701
0.862661
0.32894
1.1765
0.485498
0.545761
0.611897
0.806542
0.408311
1.66502
0.48005
0.681958
0.421587
0.713385
0.491132
0.302168
1.47973
0.367682
0.732121
0.811727
0.380125
0.304216
0.555483
0.460231
0.309027
1.5957
1.44405
0.615023
0.584971
0.701876
0.406679
0.458991
0.414628
3.90382
0.253685
0.563632
1.2386
3.10302
0.15342
1.27564
0.643057
0.917761
1.22897
6.06973
0.556821
1.03194
0.81066
0.268564
1.22949
0.425909
0.174353
0.554602
0.230726
1.83358
0.546095
1.52759
0.413776
0.532202
0.857019
0.86419
0.461483
1.22253
0.478839
0.877542
0.540775
2.18779
1.06899
0.396086
2.48651
2.00313
0.525542
0.621572
0.985586
0.76517
3.45487
0.630651
0.708628
0.287736
0.647025
0.42998
0.4074
0.538861
0.988977
1.13105
0.799929
0.636426
1.64679
0.7775
0.682236
0.247367
1.48634
0.872918
0.343097
1.13527
5.92687
0.871951
0.596746
1.05742
0.716468
3.41232
0.578627
1.68219
0.202644
1.71171
0.629527
1.17674
0.793567
0.970468
3.42083
1.99248
1.14197
0.610927
5.50006
0.6427
1.03518
0.969746
0.507375
0.467572
1.15894
1.07542
1.06465
1.01489
1.41655
0.82847
0.678161
0.236086
0.381256
1.99218
2.10127
1.24021
1.0212
0.762083
1.97749
2.29402
0.302227
0.499388
0.232578
0.474663
0.842582
0.9489
0.665352
3.71131
0.45363
0.697365
0.403791
0.587896
0.55365
0.236989
1.69378
0.981889
1.29484
0.710404
0.926961
0.668715
0.489578
1.91806
0.336744
0.508096
0.397107
0.478582
0.784208
0.349835
1.22187
0.439217
1.90132
3.40472
0.635243
0.250083
0.35724
1.44254
1.25832
0.493612
0.270759
