2.11315
4.13987
2.31133
5.23522
6.10381
12.0457
3.89343
7.70506
9.61589
7.14781
14.5574
1.29925
13.526
3.15517
5.37268
10.725
1.08272
2.08625
2.21825
2.69729
12.6855
0.792907
1.33102
8.59577
1.85717
0.779682
1.46295
1.55929
7.9761
1.33227
2.53326
8.3032
3.57243
1.74673
2.09296
6.58819
3.03666
14.9754
1.47616
3.44114
5.84288
3.46472
2.54983
1.89189
0.844331
2.74325
8.36722
5.39287
7.45504
4.97778
3.35595
1.36907
3.67949
1.44395
2.88879
4.9066
2.15818
1.57438
9.29708
9.51421
3.5972
5.8176
2.53057
6.1844
10.3863
1.32115
3.06174
3.28604
2.24201
9.16436
3.49246
0.751461
5.65552
3.08174
7.89415
2.83313
5.6673
2.78215
1.83216
3.12004
5.88142
2.88563
3.81915
1.52268
3.59822
4.47396
7.29794
6.78869
3.36539
8.13859
2.53858
4.02267
11.2172
2.18618
5.77231
2.66822
1.04818
2.61637
3.00164
3.67958
2.8781
3.56262
10.3116
3.24989
1.62067
9.76392
1.99617
8.59049
6.13878
1.82905
5.59042
2.28331
2.85202
1.86685
3.68372
5.98855
11.1964
4.1684
1.28484
0.895601
1.15344
10.7082
2.19787
2.30169
9.0442
2.65909
2.23061
1.71486
2.53522
3.61444
2.94265
1.58949
2.35193
1.73515
2.12983
3.49277
1.46955
2.55165
3.41905
2.898
4.4982
12.602
3.14779
2.3101
0.826175
1.64786
3.75178
4.96292
5.80803
2.50377
2.63964
2.37034
6.95897
12.8397
2.24132
6.43884
3.89448
1.40549
2.77736
9.36844
1.31257
1.37725
3.82633
2.66219
5.12454
1.12372
3.51534
6.96432
4.48259
2.67211
3.05572
0.950401
2.30622
1.11401
2.54999
2.59562
5.18401
2.49511
2.47496
2.92543
2.40205
2.0516
2.88254
2.97039
2.82716
5.33821
3.59091
3.535
11.4743
1.4078
5.32411
1.11949
1.29699
3.45774
1.5588
4.45176
2.27788
0.899786
3.42072
4.44588
1.83635
1.43122
2.23704
4.3407
3.18913
0.6732
2.12037
5.05676
8.9384
0.918471
4.22943
3.57768
1.04711
3.64068
2.30731
2.87882
3.79056
3.8495
4.52713
11.5091
5.6787
3.70846
3.73467
2.55751
0.228318
1.06022
2.38462
3.81779
2.2854
2.56897
2.83784
5.03108
1.52933
1.12001
2.80849
2.91758
13.4404
3.42068
3.21039
1.11037
5.51775
14.663
2.99631
3.31807
1.98451
13.7941
5.25833
4.2097
1.02513
2.82557
1.99872
2.16127
1.12021
1.63593
0.373628
2.54162
2.66447
1.37615
12.0309
2.50177
3.24015
1.12634
6.31358
2.63298
7.84574
1.70271
1.47886
0.39578
0.864771
2.50083
6.47452
4.61424
1.75641
14.1532
1.05458
0.766702
11.1151
3.28571
6.88673
5.02111
11.702
2.59432
3.45261
3.03158
3.17388
2.4604
0.449992
1.84233
4.71521
6.8501
3.58361
4.8068
1.39337
4.81288
2.5078
2.07334
2.17488
4.36009
3.47821
3.84385
2.69061
5.13679
1.81227
2.74306
7.05828
6.07803
4.4838
3.7783
2.7774
2.22167
3.23894
2.43084
1.72198
2.0759
2.87275
5.88359
1.2944
2.05115
12.0646
5.11875
5.38652
2.94843
2.34346
3.26683
3.71826
1.24845
1.41051
3.50387
0.558864
1.81426
5.3543
3.71353
5.7338
7.31164
12.5852
7.25801
2.62065
3.62437
2.84637
2.00221
6.02413
1.47534
1.68539
2.90971
0.926253
7.62439
0.714543
4.10301
1.84691
4.13548
2.11553
7.24665
5.23217
1.45061
2.72411
3.66415
2.36786
4.65899
5.51064
1.01304
5.90754
10.5822
3.67855
7.51698
10.0589
6.98862
4.5336
3.61157
2.45702
2.00565
1.37665
2.23532
8.45313
3.37471
8.11302
0.607655
1.84129
1.15386
2.52138
1.83723
2.42744
3.51592
8.01752
3.74976
4.28493
1.79767
1.61846
3.52717
6.46245
4.58648
0.768136
1.58736
4.43757
3.34006
3.31302
0.482112
0.533767
2.40488
10.0889
0.457997
2.35314
5.26808
4.20334
3.31098
4.09296
6.8779
4.4217
0.928482
2.1155
1.08364
0.302518
4.35624
2.49319
7.62526
6.17659
1.24977
11.8372
3.322
0.853057
2.39822
0.818419
1.34607
2.79051
7.18639
1.53761
8.86806
3.88176
4.62136
3.58862
3.15905
7.63807
0.511075
3.94198
3.06659
3.0914
2.66463
2.00155
1.52882
6.2676
7.08412
3.51156
2.99521
4.41407
0.975011
3.86758
3.45615
3.38575
1.5018
6.2681
2.67578
1.80409
5.46834
3.54517
3.62614
3.59599
1.75505
6.17356
1.84282
4.30768
2.21169
2.33728
7.89168
2.24872
9.05091
1.75301
1.95803
1.02735
3.74673
2.11384
2.77274
4.41031
1.9891
1.55447
4.94233
3.09686
2.09193
2.04271
6.33982
8.12841
4.89179
3.53208
12.1423
6.44914
5.97488
2.5296
6.38372
2.36641
2.27547
0.801308
5.34373
1.05209
2.37
0.323192
3.81025
1.74716
0.624736
4.93183
5.68557
5.51123
2.59591
1.71508
0.604479
7.84261
4.84407
2.42794
2.71101
1.82755
5.58268
2.86989
1.33699
3.77786
1.09946
1.26103
4.38066
2.01016
2.14174
5.44487
1.17456
2.1257
1.29712
1.13438
3.08542
5.16639
5.48867
3.0219
3.92609
2.43485
8.79404
8.0516
0.7926
0.853425
1.25475
5.18099
3.12198
1.27514
14.2719
5.27678
5.52042
4.76273
1.8254
5.58249
4.34654
2.49757
9.73425
2.18903
4.45983
1.55837
0.573722
5.57107
13.0789
1.25138
2.29256
10.8184
5.54865
3.98949
3.10785
12.6173
0.373248
1.82693
2.50833
5.79608
2.13688
6.59008
10.7756
0.577677
2.70402
5.36372
2.25201
5.07538
9.42609
4.0758
2.15116
2.82261
4.0931
4.2419
4.92787
2.03122
2.39523
6.17143
3.53969
6.49842
4.0191
2.9635
2.532
0.535912
2.82302
4.87507
3.64812
7.62648
3.14525
11.23
1.54959
5.6277
1.99241
4.36983
12.9403
3.33931
2.38626
2.49068
2.81944
1.42576
8.79986
3.16887
2.87313
7.2667
6.4863
2.69598
4.3957
3.60583
1.37575
10.153
1.80563
4.43102
1.93162
5.33485
4.28894
4.12503
1.0125
5.10806
8.60872
3.11871
2.46035
1.54861
2.05383
1.36399
3.68224
1.1304
2.14714
1.36694
3.68334
8.15454
0.990884
0.736945
3.17281
10.2711
12.2721
7.65083
6.56207
2.98626
1.84806
5.91477
0.69958
2.91941
1.91556
2.10748
2.11558
0.568795
3.41567
3.5724
1.92094
2.60031
4.52251
7.95353
3.22939
1.54479
1.68786
2.48699
1.11366
2.67146
1.36644
5.01614
6.2156
0.453752
5.70805
2.78449
2.20123
0.874177
9.2844
2.21295
7.73631
0.694054
1.71755
2.4703
2.4418
2.59996
0.0984717
5.43858
0.960149
7.10209
2.23707
4.3397
7.19795
1.94755
3.27842
3.3995
2.37079
1.81464
1.4679
1.9833
4.1139
2.50047
3.80865
1.03036
1.5474
2.62484
1.62684
8.25731
0.473966
2.34571
2.16764
1.15204
2.50547
2.52794
1.27475
9.83053
1.84195
1.76404
2.12334
1.35247
1.55672
2.97127
5.8988
3.67227
1.66358
2.24456
6.38368
0.6031
4.55353
2.481
6.28209
3.58286
1.23904
0.489553
3.44985
10.6142
0.886489
4.26673
1.29805
1.20576
3.39614
2.74479
2.93814
1.66249
6.23551
3.18694
5.22206
2.22185
2.84618
1.25545
3.96478
5.74865
2.37241
4.57772
5.08891
8.69957
2.94408
10.3799
10.9572
6.21326
3.4183
3.14308
2.46745
0.657382
4.9058
8.25761
4.77743
0.782286
1.43077
7.92931
0.879434
3.24566
2.78122
7.37475
6.29485
8.08245
2.26658
6.55486
8.23799
4.37647
6.02061
1.85508
2.28
1.67656
2.32602
6.30205
3.36138
6.09841
1.67331
3.86299
3.99761
2.48579
1.82891
3.00227
7.39931
4.9882
6.08448
3.57057
1.5652
2.10607
3.84266
5.90111
3.61911
5.24821
0.968274
0.647335
10.3985
4.96326
3.32518
3.55071
3.02497
1.71549
4.06216
0.769366
3.52622
6.39891
0.849033
3.06904
5.29745
3.77903
0.262432
3.09646
6.71008
6.34969
1.75759
6.50319
4.31621
7.51076
10.2296
6.78191
2.14129
6.83245
2.72573
2.0501
3.75172
6.74824
6.99926
5.44491
1.45603
1.97192
7.74099
6.34948
3.2572
0.925541
2.41869
2.75363
6.10325
2.86734
3.05328
4.60515
3.33222
1.92947
2.46568
7.98582
0.3012
10.1216
2.96541
3.74247
1.39289
5.21463
2.22159
9.97451
0.646132
3.61694
12.6924
9.27108
3.81758
6.48782
4.59333
4.76066
3.07892
7.62582
4.00472
3.64854
2.49337
5.34847
1.93103
3.79731
4.22082
3.29884
3.38468
1.59832
12.0846
0.625575
6.01073
2.29465
0.767008
5.80103
3.00244
3.37949
1.46224
1.84412
1.62485
3.70242
3.14813
3.52416
13.4199
3.92669
4.74487
3.16797
3.75023
3.13248
2.75488
1.93046
4.58903
3.05593
14.2287
1.60295
3.42639
0.962235
0.705446
1.19517
2.48231
1.77198
0.582229
6.83536
0.419633
3.18919
1.85699
2.49008
3.25883
4.20354
5.49206
3.47685
3.82724
1.99724
5.94657
1.77724
3.09121
10.2744
10.1901
1.72728
2.114
8.05644
5.01656
1.78144
6.70106
4.36518
7.25447
2.55564
1.43436
7.83737
1.67544
3.63243
5.02434
2.37163
1.2535
2.70968
2.38971
3.32369
0.533153
6.94476
1.43296
1.76294
1.41577
10.8918
1.3277
1.96072
1.416
1.81722
3.75537
1.54179
2.07417
7.81181
0.932207
2.68007
3.79052
3.02855
2.56965
2.66368
3.10121
2.6743
7.87606
9.94272
2.23383
7.03507
1.56626
5.56899
0.900243
5.84803
4.14844
1.24817
10.2353
13.2034
9.31108
3.83672
5.82637
8.30996
2.37709
3.13436
8.30598
2.80401
2.88398
2.68895
2.38451
4.49862
1.20427
1.07266
12.3861
3.00136
1.98723
2.42159
3.54275
5.38011
10.5943
4.25766
2.57504
4.41206
6.40901
4.9533
1.40325
1.99539
2.31173
7.13342
5.29899
4.63547
4.1874
2.33058
2.83501
1.72444
1.95583
10.6251
2.68192
2.53955
2.1449
2.28833
1.3228
6.98213
8.39009
8.33019
3.44173
3.21912
7.77678
3.28356
4.01758
2.75489
1.06164
3.30083
2.95206
5.13996
6.19775
3.80826
1.99686
1.15843
1.61395
3.81686
2.19359
4.93616
2.37781
3.325
4.91222
4.32937
2.74162
4.6196
8.19214
5.61857
5.63969
3.43512
1.30733
3.40025
1.36367
1.44756
2.11741
2.73518
1.20026
7.34973
3.09171
8.85725
5.87478
2.30113
5.2138
2.60569
4.94226
1.4248
11.0341
0.836142
3.05985
3.34153
4.25948
3.76895
3.06373
3.13145
2.59639
3.90195
1.79923
0.833275
3.43425
3.01818
4.65705
3.46465
5.56827
1.78142
6.34874
1.18452
3.07714
2.43849
1.16752
8.82071
6.59907
2.33842
3.67626
0.623567
0.91923
2.13188
2.41401
2.37887
2.82207
1.29454
1.24974
2.83278
4.75593
2.08491
1.84898
11.3103
2.27253
6.1155
2.13129
2.42598
5.25805
2.9251
10.7831
3.03353
2.62927
5.76838
4.39974
1.50895
4.42991
4.16983
1.60291
7.05595
4.95749
7.38653
3.49964
5.96397
1.6641
4.66752
1.33889
2.48086
6.30652
2.94701
5.08572
3.62428
7.46507
1.82719
0.538798
2.11261
10.9974
7.56309
1.15201
3.01631
1.34838
4.75601
2.07473
2.09092
1.08388
3.65616
1.86801
4.14801
4.37145
1.81952
1.70064
1.57769
3.94107
2.31571
3.30924
1.83673
5.78454
5.89192
1.74353
0.791584
2.25036
10.6956
2.55374
0.590557
7.52618
2.39405
8.98182
3.2641
1.15709
1.63944
2.85326
7.97933
2.98432
0.6106
4.18986
5.08815
1.18459
2.74117
2.63962
4.53054
2.80712
0.293451
1.195
3.4136
2.09503
2.32289
6.74941
0.769994
6.38425
2.73839
2.21539
1.3937
3.28141
1.11759
2.88729
2.42138
0.661074
5.85238
3.27187
4.86146
8.74761
2.18688
4.78882
3.80908
0.384949
6.16794
1.4067
2.45668
1.65216
0.37951
3.32411
1.9279
1.4371
3.28504
6.60607
5.64168
4.7146
8.27069
2.07393
9.26453
2.32595
4.33378
2.47385
3.88615
3.36645
2.87892
2.27879
5.909
1.3742
2.49222
2.87248
2.80515
4.26618
5.79261
1.6473
2.24465
2.17369
9.864
0.58872
5.69608
3.06495
4.07513
2.85491
1.96148
1.97736
0.347917
4.10212
2.67403
11.2812
4.62902
1.19972
6.86024
1.10132
1.91974
1.50479
1.75202
3.19609
0.889151
5.27272
3.70519
2.32937
1.42593
2.98132
1.22149
0.541585
4.11794
2.71289
1.41981
6.46363
2.36361
1.11046
1.18371
0.598795
1.51547
0.284669
2.90178
1.1159
2.80279
2.15241
4.16469
2.06127
0.331488
5.33697
5.33059
9.2425
2.51344
3.54552
1.066
1.95122
1.87424
2.46482
3.1932
9.41946
5.04689
2.01401
2.58849
6.59415
3.92811
3.00429
1.26167
2.53562
3.89736
1.01613
9.07535
6.65014
1.61547
3.03938
2.06484
0.672413
1.7434
4.2532
3.73038
1.99876
1.31189
1.84703
1.29374
7.88101
5.62518
0.421919
3.22382
3.00846
3.00078
3.64258
11.1088
4.43205
1.7834
1.22461
3.22082
3.63326
1.8187
3.42728
4.01526
2.98064
1.41932
1.8319
9.80064
6.83032
6.43795
1.79538
1.52881
2.88673
0.916489
2.9536
4.81334
4.04456
1.31202
1.52015
6.11352
8.85456
2.88112
5.87596
2.36042
2.86494
1.08206
2.98026
7.89062
2.99238
1.94277
5.10749
1.05857
3.76144
1.15956
1.74026
0.528701
2.27491
1.39894
2.37802
12.848
0.541985
5.15775
2.59515
2.74981
8.98834
4.02785
9.97889
0.495964
2.22707
1.89946
9.80871
7.06152
5.65436
4.27429
4.41568
7.38682
3.15635
1.83357
2.4602
1.23431
10.3328
0.45409
2.58957
4.13412
3.79665
2.76224
15.135
8.66806
9.20953
2.52638
0.803698
4.35155
5.75727
6.7848
3.41586
1.16167
7.16138
2.29323
3.42164
3.5811
3.06002
10.7121
3.5052
4.85396
8.80463
1.73846
11.3639
12.3149
6.45128
3.87447
5.26315
1.75035
4.72542
1.94184
1.82031
1.79102
5.21951
0.474276
2.66354
2.43784
2.17743
2.38925
2.42145
1.03013
0.443115
4.57675
3.42567
2.23338
4.71392
2.3686
3.5164
2.18117
1.63949
0.390343
4.43262
13.6287
1.67733
2.74514
0.947348
1.03552
3.61013
5.12652
2.10662
9.08518
10.8199
0.581881
4.41895
3.76685
3.66288
3.5405
3.00787
4.70872
5.44738
1.40136
7.10792
6.80617
1.71612
3.80682
3.80368
0.694513
3.96932
2.01098
5.63683
1.74144
6.30082
9.11195
12.0732
7.33847
6.48063
5.33711
2.2425
3.97528
3.09757
8.62043
3.12356
1.0244
3.45748
9.55565
2.20987
5.01746
2.59579
2.19148
5.26471
8.19695
1.09517
2.68032
6.29359
2.07779
2.12141
2.24547
6.91283
2.95715
2.13424
6.53091
4.43514
6.46411
6.4036
1.32629
5.9059
1.51033
4.67049
2.73154
2.9156
4.08303
1.71678
5.54646
6.19973
14.6768
3.12841
4.55522
8.55833
1.16842
0.563087
6.96366
1.21428
2.81082
1.6144
1.72505
5.64248
7.24023
0.548356
8.24903
2.14818
4.1635
0.786577
5.8956
3.16359
1.59249
6.67923
0.297807
0.449398
7.12729
6.12038
3.2053
6.26637
2.91708
3.66072
2.31333
1.99428
5.95453
10.5583
2.62405
0.979758
1.13623
2.1059
2.71459
4.14853
3.00602
1.31594
2.03807
0.937216
1.62598
7.31763
1.02228
4.39893
1.69551
3.11795
4.22519
8.63473
3.22815
2.79444
3.82573
3.53208
3.39275
4.69837
2.93552
0.25657
5.54686
3.85638
3.03782
0.704654
11.3392
1.82559
6.45278
6.02448
2.13856
1.93262
3.29069
1.88137
14.6037
1.6097
3.63483
1.6336
4.25811
2.6631
7.3673
4.90557
5.08222
3.29314
11.3109
2.57423
3.07504
5.36806
3.597
3.34828
0.692305
3.5832
1.96696
1.27248
6.94473
1.09222
4.64494
2.51638
5.07217
4.48706
1.54962
5.66378
2.04921
0.063849
6.29901
0.880062
2.05391
0.886876
1.69369
8.18198
2.50951
3.50507
5.82245
10.2361
1.61697
3.62918
1.21172
10.4976
4.836
3.78128
2.65955
1.97172
2.503
5.61674
3.72714
2.28272
2.62245
2.1159
0.765527
3.81107
2.62618
3.45238
4.13738
8.0589
5.45035
1.56531
2.70418
1.24049
2.29794
13.8655
4.47689
10.396
1.96295
1.27543
12.5574
0.854658
4.12924
8.78907
0.715866
0.662018
1.92521
3.53944
6.90991
8.83917
1.0613
2.29768
0.648037
5.91593
4.09882
5.39584
4.49561
2.29271
1.84863
1.16843
1.88045
11.5917
4.5217
0.971856
0.770988
4.36129
6.05664
0.575218
3.19587
2.70076
1.56577
6.4335
3.44998
1.78639
0.461806
3.05158
2.8386
2.42518
4.43581
1.54288
0.965147
1.83652
14.2974
1.3802
9.30244
2.44465
1.40252
2.85653
5.87107
1.70429
3.4901
2.68827
11.6584
6.63877
8.21481
1.10659
6.21408
0.311885
1.9801
2.8309
8.10088
2.51834
1.48269
4.48814
1.46663
3.0724
4.32062
3.72847
2.17375
1.94897
3.13393
2.8938
6.9831
9.58459
2.51615
5.44507
2.65674
4.09774
3.57723
6.87615
10.5053
3.53459
5.85837
3.52461
7.36142
2.70049
4.8862
2.70259
2.38196
6.56127
5.46166
3.45632
1.65652
3.84597
3.58214
1.01607
4.90004
6.52804
8.19757
3.3399
5.31106
1.41736
6.11477
1.62976
14.345
4.20585
0.34285
7.97607
1.7407
2.50451
6.2533
1.58473
3.48933
0.643445
4.70654
3.02031
2.02175
2.5542
2.63827
11.928
3.88876
1.8807
8.6111
0.561853
3.06163
2.07127
1.10501
1.57105
4.3554
1.48613
1.93595
1.33771
3.33661
1.85702
4.31728
3.39901
5.79691
4.31549
3.99645
4.08944
9.16935
2.54196
7.40977
0.756191
9.98444
2.00717
8.14335
4.50845
0.978732
3.64079
5.56302
0.756731
1.33826
3.06248
1.50494
7.44264
2.00745
1.58449
4.40695
4.62499
1.6874
5.71803
3.28791
1.97738
2.23427
3.88574
0.827756
6.73758
14.3798
4.09493
2.84028
3.88357
14.4783
1.67509
1.49808
8.82671
2.13189
7.48654
4.0689
3.47926
0.926407
2.01848
3.9853
3.20543
8.01381
1.99385
2.3461
2.4031
1.22448
2.52326
5.62474
6.92755
4.51534
1.88994
2.36283
6.47261
4.46239
2.6548
1.6357
2.32572
2.68695
3.80624
5.13109
4.5203
6.63101
5.06896
0.317616
0.774709
2.55885
9.44339
1.41255
4.31528
3.97973
3.64523
8.825
2.73095
2.64845
8.50822
2.91347
0.390267
4.88866
2.85548
3.53489
3.77072
2.12954
8.61832
2.47311
2.425
0.972255
3.10171
2.40434
3.33097
4.73667
3.47378
2.03808
4.23952
5.96614
4.89492
1.07816
0.279757
2.0478
8.60731
6.44312
0.466017
5.1243
4.24414
1.12805
3.83871
3.02009
2.24848
4.82821
2.43549
4.5013
4.88179
2.03794
1.28751
11.9951
6.14472
1.311
2.1778
1.19267
9.41011
3.04734
8.15522
2.64694
4.83442
10.9777
3.49516
6.08817
8.07212
8.51926
7.15419
5.47524
0.831101
1.70866
4.80415
11.5403
3.20028
7.24809
2.53899
9.50207
1.42099
1.77564
4.7108
1.71568
2.37696
5.7961
7.39206
2.52511
3.94467
4.58582
1.99122
3.15956
11.8255
6.04094
3.99545
1.38072
1.65488
5.06106
0.433829
0.712973
6.07247
0.752349
3.49106
4.47704
1.32944
1.93779
14.1684
2.69796
1.74516
8.65314
10.6366
3.3108
4.92388
2.77392
5.75853
3.19455
8.78686
3.33007
7.5756
0.649335
1.69481
4.32444
3.13751
5.01734
1.14712
2.60621
2.75093
2.49727
3.41492
4.54629
3.31628
3.15394
3.46209
8.52183
5.60065
4.59152
2.649
2.60507
5.65379
2.0925
2.01519
3.41447
1.18711
5.05186
0.394665
6.74875
1.68235
1.80685
0.663601
8.11583
9.4059
0.886224
5.23103
1.68768
6.14509
2.37049
2.49615
6.14901
0.950847
2.72318
1.51665
6.41797
5.46906
1.31728
1.7769
5.40332
2.71818
2.15493
3.05701
4.02505
3.16848
3.78839
11.1381
11.0424
1.4381
2.06812
11.2384
3.58508
7.53333
1.59409
4.73191
1.8473
4.39673
0.756829
4.3923
4.24737
2.33894
9.83013
2.46778
4.79948
1.43654
2.29201
4.98304
4.76108
2.07259
6.19167
1.92513
3.1979
2.29225
4.94058
2.14008
3.4145
2.4828
6.16164
0.427493
6.9809
2.93784
3.97519
9.70349
3.44807
4.67585
0.324298
3.75164
2.76543
2.23619
4.54695
5.37509
4.17775
4.4047
7.97353
0.639008
1.23594
3.31813
1.49652
4.93334
3.99431
5.86865
3.56808
4.15405
10.3399
2.68513
5.25261
5.8192
4.50424
2.64882
0.763986
4.92919
2.74654
13.2462
12.6195
1.70015
2.38939
5.90389
4.65753
1.8385
2.43882
1.66529
4.84034
4.26085
9.28377
1.91699
5.70828
6.83916
3.75759
3.74396
3.81372
2.45752
1.83168
1.9266
2.40722
3.31528
8.11216
5.74228
0.453568
5.48706
0.922666
2.27994
6.57164
4.59407
1.51508
3.43843
1.67394
3.17694
2.72495
3.14008
3.39417
3.30107
5.04057
3.45944
6.11827
3.51959
1.53306
1.69205
0.67071
4.28255
7.35111
1.63785
2.64796
2.75075
2.36609
1.63881
3.37065
4.28328
3.10434
1.22649
6.60139
0.832446
1.74775
3.88841
4.33678
5.47495
8.2529
13.9995
6.77491
1.46418
4.41461
7.27912
2.64864
2.87785
3.97835
4.44355
2.03172
2.57212
1.77531
2.17483
3.79064
2.63474
11.5413
1.86187
8.18251
1.47434
2.1414
3.80906
1.52386
5.0986
6.23686
2.59242
1.5825
1.21724
1.92546
1.378
4.322
3.37358
0.872318
1.31984
8.32204
9.46941
1.42275
5.62109
8.16916
4.29889
4.54415
9.75527
7.70907
2.49337
7.18821
1.48095
1.79697
5.40212
3.83339
4.31028
0.172263
6.90493
6.02495
1.9904
7.70641
3.06797
7.66723
0.924544
1.53634
0.597321
0.636083
4.42374
3.8271
2.9201
1.74767
11.1561
1.84977
4.23125
0.958994
2.18376
4.65301
3.89318
2.8675
5.38236
3.10449
1.17738
3.0011
2.31968
1.53853
2.08867
10.8516
4.33604
4.2051
1.58923
5.35158
0.532285
3.16179
2.41802
2.14351
7.59665
2.85681
2.88262
2.48997
0.691607
2.14919
2.2964
8.69114
14.7885
7.57503
2.87617
9.75107
2.52011
3.90893
4.49647
6.02057
3.25277
1.65689
5.82424
1.82724
11.2189
2.38204
1.69485
10.2911
3.59919
3.34164
2.1888
2.8209
3.72436
2.52555
2.0037
3.08456
1.55338
4.47667
3.35236
0.757711
4.97874
3.77279
4.10437
2.09511
1.61406
2.35162
3.63636
2.85527
9.28882
6.34811
2.58027
1.58347
1.64565
1.01432
1.50926
2.13289
5.34589
4.2233
1.83223
1.38055
1.5792
4.77528
1.78734
1.33031
2.74472
0.750909
3.13186
2.40548
2.5703
6.23228
4.36256
6.00358
3.85932
5.73318
2.26647
4.07369
6.77378
4.0007
5.89804
13.8233
8.5634
5.37006
1.66567
3.97581
4.29975
4.03661
2.64609
0.592644
4.52439
1.66453
1.51691
4.69583
5.66104
2.38909
8.53392
0.995069
3.67795
2.09641
4.23763
2.71278
5.51814
1.67706
1.35393
7.64836
2.70916
4.85518
6.77055
0.616358
4.14036
2.15046
2.06497
2.48374
1.70006
9.93397
1.36938
4.41992
9.07353
0.602088
3.51416
0.527631
4.32388
2.40218
2.36436
2.54434
2.49739
3.39665
2.35153
1.75847
11.7702
1.22778
3.04208
1.56715
1.94766
1.31034
3.59748
1.49697
7.40285
1.49831
9.63867
2.83038
1.50701
1.47456
4.70801
2.94208
1.68016
9.26853
2.32113
6.47009
4.95247
8.42514
5.00505
1.67886
3.15413
1.70248
1.69863
5.24254
5.37609
4.46534
0.802084
3.55807
3.94206
3.62613
2.80827
1.85181
2.29585
3.53928
1.38827
0.871336
3.28972
0.470591
3.89157
6.12329
6.20846
2.90596
3.96796
9.53077
2.54751
3.39294
4.87004
1.32106
1.1449
6.2268
6.93353
1.88786
4.51985
0.982452
3.13803
2.89671
8.31693
7.10646
6.28222
14.4432
7.17973
3.24045
2.60714
0.437697
2.89482
8.09441
2.08479
2.63243
3.73233
2.64599
2.68336
2.0881
1.24398
8.21524
5.0131
2.74358
6.9518
9.00024
1.37517
0.799691
4.86835
1.30236
2.48414
0.554904
4.61065
2.33597
1.53779
13.9034
1.21598
0.402981
3.66282
4.9111
1.73705
2.92427
8.3197
13.3376
6.36034
2.05554
4.21116
1.66309
2.0732
1.93508
2.52309
5.08235
1.19706
5.88706
2.9181
0.0245644
14.9714
1.0878
4.92587
2.78101
1.36618
1.00342
7.65668
4.81264
1.53126
3.29445
13.2339
4.21321
1.77998
1.78332
4.19371
4.27905
7.11009
5.54621
2.56474
4.56284
0.886691
1.54939
5.02972
6.03779
1.61821
3.62981
3.45372
2.34187
1.37057
4.91132
3.74141
0.846441
2.51217
2.10904
6.35665
4.6207
4.6547
4.2723
1.37519
2.66445
4.70448
3.31849
2.3539
2.10761
3.29994
4.20961
3.17094
2.29837
2.6316
6.74376
2.5981
2.22266
3.80485
0.998164
1.35028
3.08559
1.56624
2.38903
1.04963
3.84342
1.64845
10.2847
1.30528
6.41769
3.29709
1.34662
3.62067
6.15498
2.44677
2.57654
11.273
8.56717
2.67075
9.30504
4.61413
2.10525
7.56035
12.7235
0.707722
3.14726
4.31887
4.3243
2.83222
6.10089
0.456817
9.64755
9.89945
5.379
4.05229
0.681924
3.20492
3.10516
2.04095
3.30645
5.09876
4.92846
7.73042
2.1278
6.62178
6.39895
12.6619
4.2336
3.4383
3.59647
1.23554
8.90464
2.281
1.10288
4.66947
13.7092
1.02305
3.46476
2.19929
3.69911
9.2516
4.96971
6.11054
12.376
1.21583
3.28918
4.0024
3.43025
3.87265
3.24079
11.8933
6.39372
8.71282
1.12878
4.64813
11.5904
1.90573
11.2327
1.95286
1.55298
3.48178
9.6664
4.7411
0.457521
1.80786
1.80458
3.81443
2.87078
1.15574
1.73615
4.86355
2.36226
3.55904
2.13851
6.06831
2.66167
2.55968
2.28733
2.17141
0.776769
10.1109
7.56857
2.80904
4.59029
3.74008
4.06117
1.61917
3.16743
0.956926
4.35516
4.73135
3.25161
2.10344
3.8564
2.37123
2.65776
5.30324
1.63296
10.5822
7.21491
3.89937
1.35038
3.37856
1.3965
3.95598
2.00906
2.51423
3.19969
2.50848
2.07091
3.7125
3.76374
0.791832
13.3114
3.26469
2.56479
1.65561
2.13562
2.67787
8.30579
2.44822
0.393929
3.13214
3.63816
0.881198
7.68376
4.69395
12.2115
3.77387
7.16814
7.76483
4.1719
9.85884
5.80493
2.18028
6.50371
2.28256
2.21531
1.4444
1.17708
3.90072
13.9316
8.24386
2.07424
2.9198
5.94641
4.36697
2.1893
12.5851
2.56625
8.68422
3.03339
11.8432
4.38931
1.99302
2.32501
1.03285
1.4237
1.57279
2.03244
0.745674
1.53776
2.63714
2.84286
2.61591
14.3265
3.92558
5.29426
2.27935
4.83848
2.15646
8.34274
6.50911
0.152891
8.33319
2.02453
9.10711
0.988017
1.21241
4.4025
0.895502
1.3488
1.32291
2.25542
2.90217
1.38747
3.01301
13.566
7.52224
2.70592
2.96701
4.09826
3.98964
6.08862
1.87892
0.78314
2.96166
2.11716
2.53456
1.92158
3.68492
2.26442
5.86897
0.857404
0.789039
0.15526
1.71036
10.2022
4.31732
3.85419
5.15932
6.39703
2.08491
3.94331
0.665222
1.12723
1.66625
1.06801
1.76722
10.4319
7.99218
2.51651
4.64142
3.22722
5.19721
4.36123
1.37504
2.25414
6.38321
1.69832
2.54257
0.374993
1.67169
2.78318
1.84962
1.83767
1.59233
0.780951
2.85125
1.47725
2.77594
3.7456
1.24508
2.97226
3.23583
2.89014
2.32484
8.41661
2.90933
3.12348
7.75177
4.60041
3.46942
4.21733
3.35675
4.94618
6.3003
3.31988
3.81334
2.23095
5.24747
2.20463
1.67178
1.33509
3.01495
0.477083
1.09627
4.99003
5.03923
2.75234
4.30587
4.14496
8.69491
1.11584
3.57334
1.74976
5.9144
2.27507
0.429705
4.24838
9.31666
2.779
1.43773
5.26646
2.38798
1.62413
1.56165
3.78246
1.43655
5.00559
0.673669
8.95904
3.81651
1.32597
3.34133
5.7715
11.481
2.99108
1.42854
2.90058
1.33846
4.95565
3.30826
11.3632
2.13926
2.57802
4.98295
3.97126
3.17212
4.424
4.60147
2.82408
2.51883
1.54962
1.82984
2.76028
2.81056
3.12058
12.2191
2.19382
0.414286
10.1111
0.431492
2.50264
0.291614
0.379128
0.824399
0.736305
3.6857
9.79126
2.52988
1.93589
1.39952
2.34094
6.09652
7.11376
3.43273
3.40394
5.55334
2.82839
6.16178
6.3331
1.22805
2.57617
4.89014
2.42251
3.80428
2.8692
4.1197
2.1214
2.2083
5.56114
12.9502
1.84666
3.4507
1.29939
4.60141
2.91845
2.71863
2.33152
4.64643
3.98987
3.29007
3.61087
1.12553
2.11814
3.4818
1.11055
3.32573
0.640294
5.77572
0.965383
9.41252
13.9307
5.99412
1.91212
2.95147
1.21146
1.03345
1.97697
1.5373
2.39278
2.70584
9.43321
3.38063
7.39352
4.12596
2.56132
2.91505
4.18093
2.63689
14.8351
5.70096
4.39199
2.90545
7.23693
3.52347
4.47343
2.80035
4.57725
4.05466
3.37555
1.20902
1.61844
3.87018
2.07866
12.236
2.54325
1.43077
1.58393
2.05235
3.18938
6.25791
1.68365
10.4302
5.27062
3.57379
0.944573
3.56952
4.37243
8.40757
3.97694
1.54995
4.36965
3.07594
7.85651
1.76464
0.465798
2.35454
1.81592
2.53662
2.55184
2.20313
6.26617
3.6993
1.54411
9.60931
6.35189
2.01284
0.22739
4.23888
1.29528
4.47733
3.69967
1.57762
2.50439
4.11856
0.27872
2.6919
3.60183
2.45418
4.87992
3.11461
5.14253
10.5373
3.02592
2.36389
1.51136
7.59534
3.15632
3.08136
6.94978
2.97094
2.67141
1.7506
1.99452
2.19081
2.53645
1.64977
5.96646
1.93241
3.89856
5.5239
2.93729
2.55807
1.02335
5.53003
0.421045
10.0984
4.69479
8.80416
4.35271
3.17263
8.71241
1.78036
3.89531
4.25062
1.5328
3.91838
1.30662
2.27555
3.84374
5.69983
1.70819
3.1363
5.52983
5.65133
4.42749
5.11082
3.38757
14.1949
2.67164
0.791189
3.27745
8.75329
1.80823
3.26659
9.98028
12.7107
1.56263
1.87934
2.29121
2.4119
4.70544
3.42249
7.19294
2.44799
2.3252
3.02488
6.14392
7.6918
5.17353
7.55163
4.20905
2.45133
2.60324
2.49717
3.0505
1.78124
3.86585
0.468867
2.59367
5.98715
4.98471
1.40524
3.71227
4.39702
2.87336
5.9775
2.072
6.29044
4.98534
8.06591
5.65941
5.32777
5.93631
3.9043
1.95942
4.58927
1.04324
1.96913
0.766289
0.405679
1.14417
1.74285
13.0215
2.97661
9.00716
0.469697
1.79432
2.19883
2.77846
6.97363
2.85824
7.44889
4.83921
3.09844
11.6657
4.0685
2.46639
5.79993
2.90134
2.50809
3.27699
2.97867
2.66713
1.47281
4.13544
0.341384
3.29111
1.39083
1.45761
3.56604
3.554
1.81942
5.592
7.34788
4.69301
3.06305
2.45691
10.0095
3.04285
3.51591
9.46416
1.55325
0.62237
4.0676
2.37658
5.12828
5.08921
11.6374
1.24174
3.11718
4.42056
7.13094
6.00505
2.18911
6.15478
3.03091
6.40128
1.97592
5.10275
1.71013
0.595131
1.41436
6.59903
2.36225
0.595058
0.952046
4.28057
3.6849
4.45337
5.05946
3.76816
2.27227
2.06498
8.91256
3.24557
5.32012
5.64191
2.43954
3.96057
2.32274
5.8587
6.01078
4.29186
1.33473
2.54931
0.994018
2.15515
0.900673
10.6548
12.0038
1.82579
2.6462
4.71356
11.4651
0.24856
11.1506
1.68011
11.3124
5.39393
2.2791
2.85926
3.86237
9.66547
2.15317
4.9198
2.70938
3.361
3.00668
14.3461
1.65797
3.01679
3.73492
2.59005
1.92045
2.52322
1.97654
4.60881
3.61171
3.8541
3.73538
2.53789
2.65197
2.76084
0.565476
1.10695
1.80785
3.9723
4.12441
1.44191
0.638094
2.2881
0.821987
8.36631
4.47426
5.44906
3.74179
2.14737
1.0964
0.6474
4.95816
10.5457
1.7857
5.32288
3.95779
8.88736
1.96756
0.818176
2.86326
9.6553
2.61103
2.82747
3.9913
5.63347
4.99183
3.25967
2.25101
2.85075
1.21112
2.60719
8.69779
0.851385
1.80567
1.82823
3.37668
3.14535
6.97959
2.34935
2.99807
2.80315
2.10394
5.57255
1.57633
1.75974
6.89673
12.2122
0.5923
4.25887
0.886198
2.99924
4.1314
2.25793
3.4594
1.85646
3.29122
0.612377
1.7065
4.13587
2.82678
2.1257
0.275985
5.20675
4.30207
2.36949
3.86546
2.02977
4.9225
1.7772
3.2784
1.96781
2.48817
4.81947
1.59146
5.9109
10.3715
3.5189
14.4573
0.986665
2.7818
9.81159
4.45471
8.67092
2.71651
1.43585
0.805258
2.01661
3.19799
10.6442
3.59351
0.984014
0.30284
2.45911
3.58839
1.26683
9.8072
3.73238
0.341711
4.21212
1.93929
4.84888
2.45959
0.15073
2.70175
3.50434
2.59958
1.47948
3.84577
1.26381
4.96384
4.28843
3.3931
2.30956
0.656181
6.7313
2.84522
12.6538
4.10806
12.4824
2.55266
5.42312
2.62511
3.65611
4.1649
3.03759
5.90529
0.666382
1.33157
3.69547
2.33083
7.22582
1.16989
2.06812
2.46313
7.72774
3.06854
4.18479
0.950678
5.08579
3.46973
3.28124
4.65589
9.45629
7.6799
7.66227
3.06782
1.8315
0.664941
3.08311
3.92967
8.53598
6.54161
4.13716
6.93201
5.17359
2.7394
3.63538
5.18456
2.81738
4.76202
1.16142
4.78202
5.57464
12.6587
2.99467
2.88692
0.549753
2.77342
6.61657
2.62062
3.27086
2.91718
5.67179
3.9621
11.6136
1.5193
3.48021
1.10452
0.927725
1.13733
3.85785
5.28256
3.01273
1.36049
10.9418
2.45987
3.41993
2.07394
7.44181
3.91013
4.40803
2.12013
2.98981
3.89834
3.24554
4.12113
4.73446
4.11507
8.65879
14.0723
3.49858
3.90014
12.3134
3.43309
5.80021
2.90912
5.78243
2.17405
5.62156
0.669478
3.92457
1.52052
1.18386
1.07078
0.636525
5.28983
5.60242
1.21798
11.4535
0.289744
0.823082
12.265
7.69106
7.4846
9.87092
2.67595
1.19722
2.2146
5.66136
4.16384
3.1151
0.150914
2.73151
2.48795
6.93071
3.29546
2.42983
4.09033
7.58655
4.22416
10.1095
3.3214
1.76166
3.3754
5.50678
2.82776
6.71298
1.16854
5.0832
3.60772
2.0145
2.67089
3.72668
0.399158
2.14377
0.927679
3.71809
3.33868
0.276323
1.70653
1.51078
5.37346
3.09839
6.36925
13.5274
3.31283
2.40814
3.68681
0.418804
1.79672
3.8356
4.61987
0.926955
0.338055
2.80076
1.73511
1.41415
1.50541
1.37707
9.13533
7.21494
1.08553
4.21351
4.64632
6.21102
2.07853
5.36327
13.9764
6.5854
2.92648
1.011
4.11774
5.04384
0.757614
5.73333
2.94262
2.24699
2.22496
1.07061
1.55029
2.55961
13.8415
2.12509
3.86875
1.94458
1.99441
6.70375
1.11973
1.46649
2.1781
2.55169
5.95377
6.78535
0.636323
5.73486
3.17766
9.04419
5.51799
0.739588
1.77542
3.48197
9.87373
2.87228
8.89348
3.13619
5.14069
3.73404
2.1239
10.7707
3.10399
4.32084
1.01104
6.08305
3.75179
4.39537
3.25602
4.90135
1.09093
2.19218
5.79301
2.45453
3.49331
13.8343
3.97286
9.38167
3.4216
0.767704
3.56913
6.53725
4.93522
2.70622
1.76567
3.79141
5.81028
0.367533
4.17803
4.89504
0.816757
2.66473
10.1762
0.553068
2.65657
6.04962
4.37249
2.18883
2.07226
2.66785
3.81513
0.86978
6.95813
4.57306
7.51319
1.88659
2.19002
4.9395
2.07016
3.08867
7.3061
5.25736
1.34641
9.49996
7.83226
1.3816
5.69081
1.53914
4.44068
2.42676
10.1291
9.7647
2.30453
3.55585
3.18023
6.93539
4.67131
3.96258
4.94675
2.66878
4.40336
4.50397
1.44944
1.45137
4.33058
5.57371
1.59466
2.19583
1.41114
4.35926
1.40779
1.89031
4.41222
0.663437
13.6779
4.35656
1.57368
1.80996
2.8688
4.03857
1.71574
1.01008
3.18488
0.899557
4.27665
1.77128
6.58178
1.59135
4.90565
1.04408
6.51029
2.33647
10.9196
2.83707
3.02719
2.9117
0.196695
1.14489
1.62618
5.548
0.90445
3.08115
1.16728
3.73408
6.8857
1.82834
0.383398
2.2921
2.94679
2.52411
1.87608
4.69102
3.5739
2.00822
3.68868
8.06026
8.67421
4.09171
1.36753
3.36413
1.50566
1.09134
3.55598
2.02531
6.9005
9.39336
4.39206
5.6568
6.21555
4.81136
4.1799
1.84363
0.368888
5.54461
5.3426
1.78464
3.60263
2.32417
2.69348
1.11481
0.597456
3.50672
6.08341
8.43293
4.61412
4.53041
1.7033
5.43462
5.60227
2.65335
1.63877
5.81645
1.67091
2.74916
1.79292
2.72322
10.6211
1.22815
8.32977
3.30292
4.07257
2.69612
2.91635
3.66774
5.84599
7.08915
2.43907
6.4244
4.42386
1.29533
2.1718
10.5981
2.44175
4.36979
2.18535
8.34668
1.97356
4.69599
2.90941
9.48766
2.3281
3.66906
6.21884
1.93821
0.694054
4.39278
2.85866
1.75347
3.16015
0.0971817
4.60161
1.3156
2.63373
1.97243
2.913
4.71448
5.3849
1.46802
2.49101
4.77958
0.7411
5.03452
2.04705
8.83237
2.44236
1.66599
5.18689
3.6225
3.28424
4.05698
7.9642
3.16718
3.11888
3.84468
1.4066
3.35773
1.57668
3.0252
6.19303
3.74868
3.59404
5.9413
13.7787
3.64119
2.22908
1.32496
1.8817
3.81658
6.65603
3.32703
1.64084
0.347568
2.88982
4.30401
3.6127
3.86975
1.38269
3.16747
0.231128
3.96407
3.1243
2.3997
8.82514
3.99273
10.099
3.0996
3.71975
3.6447
3.49651
4.07965
2.15195
0.96883
3.17491
1.84195
4.88174
6.79212
0.930189
3.95973
1.59114
1.24027
5.72453
1.23801
5.1995
3.08149
2.61008
3.1905
1.84762
6.13153
0.91719
5.64913
7.33084
0.78817
13.6214
1.07714
0.992308
2.5159
6.22311
5.34309
5.90508
2.48878
4.80323
1.0911
2.31637
7.29893
9.72881
1.03053
2.47976
1.53735
2.00521
2.22238
8.76566
3.1525
0.427368
2.1353
2.37953
5.20257
4.83166
1.50405
13.8742
5.6676
0.937769
4.84272
3.70526
6.12632
0.646591
2.93593
2.11764
1.68942
3.23519
3.32311
10.2414
9.64755
5.20439
2.54158
6.52347
0.460781
4.28814
13.9395
2.27988
10.942
3.03839
2.20414
8.52408
3.47589
2.64026
2.85647
1.48134
2.89128
2.51864
1.63866
0.89013
2.06892
2.61101
7.51029
4.17291
1.94249
0.903608
2.6472
1.39644
2.09428
4.46863
1.39762
2.47005
5.01883
2.47463
1.428
3.54298
3.15298
5.16714
1.53261
3.5792
4.47209
2.49277
1.18667
5.37104
4.48287
1.51275
13.5616
1.65354
1.69917
2.96274
0.841212
7.03686
3.23437
7.93848
13.7437
5.59309
3.35752
3.7529
4.767
4.65246
2.56481
12.5979
10.1551
7.23225
3.18632
2.93585
2.08596
1.30764
2.86937
2.00795
5.57043
1.72031
5.16523
2.0851
3.34452
4.54355
1.30653
0.764143
1.05644
0.766385
3.35074
3.14148
5.76546
7.48586
8.98273
0.648428
3.35045
1.6304
3.19864
4.80794
4.12632
0.850525
2.55785
3.04623
2.57861
7.15015
0.757295
3.53643
1.52303
2.62204
3.45457
2.74819
1.42677
10.5157
2.36475
5.54697
2.28843
4.59278
0.676485
1.58357
3.77579
4.09665
1.49523
3.42834
2.30899
2.95468
3.98161
5.37012
1.08508
4.09634
2.42142
0.933282
3.13789
3.78932
3.4742
1.16285
1.53031
5.70407
4.85221
3.93791
8.35269
5.94842
4.00901
7.43835
3.53496
4.35363
2.09991
1.18477
3.18795
6.06879
3.57496
1.15089
1.22519
2.5957
0.671054
3.86048
1.0243
8.43369
2.01969
4.51019
8.49583
10.5328
4.73835
7.17259
3.45417
2.4088
1.54102
9.71998
1.57553
4.28804
4.44896
2.76764
0.988739
2.63512
7.00799
1.70575
7.12679
4.21806
0.665973
3.2615
1.59053
2.14851
1.60823
7.26836
2.67817
3.80663
4.48427
8.93804
9.95985
1.48642
1.58743
5.01838
1.63871
7.56125
4.19668
2.91824
6.55315
1.43411
3.24418
2.94544
3.79495
2.92077
7.95213
7.073
2.31536
2.05726
3.27921
3.51308
2.88606
3.76656
4.21295
2.12206
1.62888
5.89973
3.07263
2.38672
0.234568
4.3712
4.11879
0.364257
1.41251
2.05991
13.2429
1.39268
1.68436
3.59978
2.35646
8.53446
2.27123
0.927158
3.51849
3.26556
7.67065
2.20802
3.36816
2.56772
1.59047
9.74451
2.11857
2.25013
4.32494
1.65505
5.98503
8.18759
9.57598
1.59686
0.0848296
2.2048
8.80499
5.01048
2.96392
0.488267
4.01172
3.76025
0.51518
1.48236
3.36804
0.593713
3.95565
1.66309
0.976946
6.13108
2.24326
3.94309
3.19784
4.16048
4.33337
1.94024
5.17642
1.26833
2.97143
1.48825
5.51285
0.962582
2.03675
6.36138
8.05069
5.25226
6.82883
2.02412
0.499471
5.99422
2.21446
1.60836
1.16201
9.59568
1.4252
1.43079
3.87396
7.43115
2.37501
4.77217
5.30465
2.13126
8.70549
2.34048
2.99379
8.98056
3.01913
1.17676
1.77159
5.6225
1.06781
0.78074
2.18818
2.58955
3.62138
6.44993
1.33933
6.3526
1.64454
2.97914
3.8666
2.27276
3.83357
6.31329
1.24573
2.72024
3.14486
7.55895
2.44774
2.90949
6.03911
14.033
5.73663
3.15403
1.80896
3.17443
9.29906
2.99119
5.68095
9.59265
10.4469
0.485011
2.80115
2.60854
9.08177
4.25044
4.76415
2.63987
3.21012
2.97326
6.07183
3.26551
2.03043
6.88775
2.09387
1.34138
0.995829
6.06082
2.86281
2.76604
1.96288
4.52946
3.5284
3.62784
4.06525
2.17993
3.89074
2.4006
4.33021
3.0816
2.35248
7.75219
6.22066
4.93835
1.62335
4.8366
2.90881
1.34975
2.18018
4.05678
3.37615
1.20323
3.64852
0.834124
5.93236
6.7292
4.86341
3.26116
2.39798
7.77184
3.36664
5.59105
8.18847
6.187
0.472954
2.27085
3.05686
6.19563
8.18393
4.71252
3.30443
1.48443
8.10315
5.23085
12.6599
12.0604
0.958669
1.15225
4.34492
10.1669
8.29108
1.32732
3.05333
0.857921
3.879
4.3129
1.08758
0.700416
3.38379
0.35156
9.28917
3.28746
6.49588
7.4844
0.983675
1.25584
3.6121
9.17186
1.89054
3.9779
4.22809
3.19848
5.42078
1.07939
5.05415
2.83945
4.5356
4.14371
3.51362
2.62803
3.90049
1.09435
0.98075
2.04571
4.06622
2.52037
4.65041
3.89587
11.1601
1.79852
1.83944
1.99
0.656867
2.49796
1.6514
4.089
6.91739
3.07968
6.04071
5.05382
3.24501
1.2765
5.79195
1.46202
2.1188
1.38508
5.07838
7.99617
3.07253
2.51454
4.87111
2.84966
1.70811
0.6761
1.92281
2.3975
3.80239
0.284381
8.15669
1.77119
2.51303
2.18558
1.92608
3.81534
2.78556
8.20942
1.63357
6.42796
5.72431
2.41381
3.93057
5.93322
2.91332
2.57693
4.77665
1.55001
3.31426
6.89108
0.787815
2.4904
3.51966
6.75011
2.30078
2.35898
1.75017
9.29641
2.90636
3.72838
12.9641
2.12833
2.25024
3.00909
6.23366
4.92236
5.13507
3.24138
3.67424
1.24436
4.0245
2.10467
2.13648
4.7816
9.35432
3.13081
3.75078
1.53858
2.94781
4.18326
0.553256
5.23323
13.2813
1.99053
4.45266
2.59279
1.93759
5.30668
3.6819
4.89932
0.848937
3.42112
3.38325
9.40601
9.37631
3.51773
4.37411
6.02528
2.05005
9.56754
8.53096
1.25634
5.93132
2.19497
1.7779
0.891629
2.85884
1.99381
12.6406
1.41562
5.51216
2.52722
1.79047
13.9798
10.5091
3.25411
5.96658
1.3737
3.99275
2.29252
1.16475
1.32008
0.530341
4.05566
3.3722
5.67557
3.15067
13.9269
7.82471
2.15339
4.24121
3.55551
1.97972
2.26183
1.90558
4.71187
3.21833
11.9696
3.94759
3.22114
4.15546
3.63345
5.54733
1.97727
3.22974
3.27856
3.60385
1.82231
0.558946
2.55997
2.50594
0.498517
5.73686
0.874173
6.64536
3.21271
8.61767
1.45802
2.21573
2.99457
2.8815
2.01903
6.18984
1.39606
4.28593
0.419877
5.59561
2.04675
2.43952
8.42334
1.46675
4.18901
1.13772
3.31861
4.34796
1.65502
5.34004
4.15813
2.33792
5.20709
13.4068
1.49136
13.0792
2.76361
1.67561
2.78433
2.43753
1.27653
4.79544
4.34791
3.00581
7.6349
2.65281
8.68272
4.10139
4.13608
1.60246
2.64461
2.38479
1.57173
0.856227
0.175418
3.24553
1.30921
1.34208
2.80142
0.94582
3.78006
1.8196
12.1522
1.74518
2.40221
3.38805
1.135
0.46571
1.30204
9.84507
3.25563
4.74763
6.63762
2.51832
9.34764
6.60516
4.5049
2.0042
4.19041
3.22326
2.93424
3.04544
3.16928
3.25263
5.449
3.48874
1.30508
2.15663
2.8728
4.0236
5.77924
5.3616
4.36054
3.57901
4.22312
1.82752
3.01759
3.00297
5.02734
2.45403
2.66693
5.9338
1.96389
2.36831
2.02713
3.80873
3.01385
5.86374
0.819623
4.90818
2.07762
3.9127
6.83455
2.45235
2.40507
1.33087
7.70297
1.68345
0.841213
3.1546
2.28947
0.76875
1.20054
3.52164
9.06309
5.39182
1.77087
2.48942
8.0918
6.03452
5.29351
1.21557
2.5231
8.89814
2.44657
4.91901
3.26286
1.57612
0.494055
2.10116
0.827554
3.86383
1.08721
2.9586
9.80507
1.81698
0.920545
7.4636
4.00568
1.10677
5.88564
4.51203
2.33751
1.61508
3.56382
2.7144
12.3341
8.32909
1.43375
2.00415
2.47978
6.55583
2.68316
2.58711
8.28183
10.8635
9.39704
2.9124
4.42444
3.85667
5.48063
7.60561
4.51805
3.3073
0.649979
2.1881
6.03865
2.09142
2.32668
15.0134
4.36195
1.99568
0.950763
1.13786
3.77177
4.51642
5.76717
5.58611
1.69953
6.96694
5.04355
10.5176
3.52009
0.802834
7.72493
1.27894
3.47302
2.12859
2.03025
2.48107
1.60353
5.57822
11.4122
2.78565
6.72249
2.23436
2.17533
1.9855
4.60423
2.42756
3.35418
4.08898
11.8352
12.5771
2.12664
10.8888
2.36902
4.74824
6.28985
2.07577
7.00582
3.63137
0.954266
1.61863
2.01292
2.54295
10.0527
2.12008
3.99968
2.54871
4.33847
1.34015
3.99363
2.8754
2.39577
7.54363
1.87438
1.99266
1.64077
1.17431
2.21985
7.59981
8.33583
5.47266
4.40756
1.34405
2.38085
6.80464
2.94182
3.05461
5.23745
0.940275
4.68874
8.47715
0.900203
7.61605
0.87732
2.00402
4.54778
5.66876
5.80517
5.7023
5.0909
3.68289
4.99661
5.9917
1.24114
7.33094
10.8169
1.13221
3.66637
0.475694
5.01106
11.5611
1.89086
1.53358
7.72013
0.955758
1.38762
1.57125
11.22
12.2086
1.2632
6.75603
4.07397
7.5995
2.15133
2.6714
2.1786
2.22752
2.16896
2.49815
2.32515
2.75397
7.30069
3.26384
1.50227
2.28762
2.37335
1.67453
2.79111
4.69178
4.05039
4.10615
15.1867
2.34206
2.5268
5.88525
0.972296
4.88346
3.40658
1.10857
2.98143
5.17033
1.57644
1.58861
1.43405
5.32028
8.51076
6.56933
2.14121
0.634073
12.4371
2.48984
2.64473
2.8384
2.46169
8.8698
6.23415
7.00895
1.21642
1.61513
5.36184
1.52869
8.27166
8.02656
4.64271
5.50372
6.19878
3.4596
1.03915
1.64517
5.56787
5.30553
9.69115
2.12111
3.8218
2.03663
4.15708
2.93328
1.57284
1.37469
0.731324
7.70057
1.62808
0.647029
4.25653
4.64502
1.66485
3.51649
5.8588
3.04191
2.59328
6.41432
2.49564
1.18865
3.02001
0.343926
13.1461
7.1412
7.83267
3.73829
9.33298
9.74208
8.09466
1.13507
1.43758
3.53466
6.69594
5.73342
3.36968
1.56272
6.28212
13.5523
4.98947
5.75902
2.15427
2.41152
7.51196
13.1302
5.37642
4.12792
2.54656
7.0365
1.63638
8.42498
1.4126
2.47991
5.64985
3.16762
0.693697
12.8583
4.38937
4.48095
7.3536
2.43994
0.884325
14.2431
10.0837
3.84068
13.6357
5.00186
2.17777
2.61956
2.46159
5.45336
10.0772
4.45614
6.46978
7.61872
1.18967
0.492724
1.61521
1.45951
1.31849
2.86843
1.56629
2.14434
12.472
3.69759
3.95534
1.44555
1.69142
1.74752
4.88281
6.02928
1.0224
2.49747
3.6077
1.90626
2.04386
1.6534
2.63297
3.00929
3.47059
7.62686
2.6804
4.23772
10.6985
3.98726
2.5592
5.59084
1.30823
12.373
4.59804
6.47952
2.00505
2.95264
0.818344
6.96028
0.558283
1.41312
3.54372
4.45906
0.840342
1.1245
3.07346
5.69184
3.01785
1.36176
1.38672
1.73514
1.59332
9.25994
4.33651
11.3132
4.24586
6.64069
1.43318
3.62999
5.75215
4.59457
6.63646
13.5938
7.78234
4.93191
4.66688
2.62027
4.52629
2.12715
4.14735
0.599099
2.96441
1.51061
6.31191
4.68855
0.587349
3.2565
4.38558
2.27456
5.37765
1.62783
4.00646
2.16204
7.25112
1.62422
1.57764
5.28263
3.3899
0.539693
6.8728
3.12324
0.336406
6.69781
5.01507
5.39695
3.64606
1.85626
1.45605
9.21713
1.193
3.29614
4.16944
1.3948
3.43164
1.251
1.72977
0.832693
4.90542
2.88157
1.17474
2.88391
1.68264
1.6823
4.10938
0.944093
8.21976
3.9907
9.21508
3.3711
3.83998
2.45773
1.42178
4.78044
0.830678
1.7302
8.37432
11.0711
3.90534
3.5968
2.64932
3.92624
2.97237
5.09899
11.9711
5.92938
10.7026
7.26903
1.72657
3.10955
3.69263
4.3967
2.68738
3.14297
2.7398
4.58685
0.553506
6.10451
1.6802
1.84195
1.31716
7.8161
1.84943
5.79712
1.0582
2.49358
5.8407
6.90037
5.63121
1.8282
1.17202
2.92909
5.04331
2.4058
1.47497
6.41271
1.34405
0.6173
1.42261
3.52389
5.69109
2.40567
5.43564
3.32352
1.15972
0.652823
3.36035
1.74339
7.27706
2.1965
1.46378
2.4788
3.80278
1.31577
3.02602
3.31458
2.15429
2.11062
2.2097
4.76476
2.36195
2.36168
1.54226
2.20841
4.1859
4.04909
4.08614
5.29718
3.81359
1.43071
7.5826
4.61813
6.7433
2.98083
3.07242
5.25208
3.12952
2.4399
3.26437
4.11112
1.53814
3.59548
7.48202
2.07779
2.81462
2.92827
9.48778
4.76495
4.64009
3.28859
4.48474
2.04752
3.13369
1.3251
4.38935
6.45095
3.21878
2.35298
1.73514
4.74349
5.21881
1.43079
0.618144
1.33189
2.79414
2.05619
3.7213
6.39202
0.690891
6.80621
3.07927
4.67398
2.78027
0.240862
4.51144
3.23595
9.05716
3.77465
2.78086
1.47633
2.5538
5.48689
1.10977
1.53806
1.06326
4.0137
3.02053
7.00211
5.8292
7.53731
2.36378
2.18913
6.1021
4.31149
3.32867
8.29263
7.93628
2.22717
1.89389
3.61562
3.01084
1.91457
2.66492
6.28651
1.53158
12.0104
6.35816
6.90546
1.64549
7.73897
10.9917
5.88451
0.610518
1.14707
3.93631
3.991
4.11368
7.89986
11.7068
6.90745
2.58413
2.72466
7.62626
0.828257
9.82708
2.38771
3.53947
1.63441
7.36825
4.25479
5.80263
3.5818
1.68615
2.55336
0.290037
4.11718
3.89278
0.366524
4.46393
1.77163
1.6748
0.845558
1.13291
1.93927
2.52054
9.7722
1.97
4.01138
4.75813
3.76128
5.22241
2.03724
3.98669
6.00222
2.47401
4.52663
3.5977
2.44203
3.68688
0.798688
2.81907
2.48769
0.639192
2.91647
11.6096
6.04271
4.60223
5.84057
3.065
2.16223
1.66127
5.98219
1.34962
2.66685
4.731
2.9786
3.76124
2.32108
2.29732
0.924206
4.10098
3.15761
2.85381
1.90725
7.17522
9.72304
2.04528
3.14859
0.933515
2.17734
2.14134
1.68631
2.23383
4.54085
1.92125
2.24688
3.88314
2.05431
2.92389
2.22784
0.71312
2.70848
2.22561
1.97798
2.03608
6.98094
3.6788
4.48311
2.31675
1.6696
1.86013
6.01608
5.98935
1.16752
2.2731
0.635447
3.12166
7.77289
2.01576
3.04516
1.13831
1.86559
0.39989
6.17785
1.2405
5.38774
3.27926
4.98802
2.90654
4.38939
3.25983
2.83721
7.79365
1.63723
4.95994
3.1289
0.754008
1.59565
4.48142
2.06859
4.67016
3.19562
2.21199
2.5089
2.90725
1.01434
3.58303
2.16991
2.10847
1.55196
2.32117
1.41294
5.09983
1.52831
1.29792
4.07337
3.7115
9.01705
1.50576
7.45709
4.67611
9.6519
8.407
7.57
5.80817
2.27255
3.71027
3.78852
3.46867
0.714643
3.12322
1.50504
4.73783
4.07452
2.2879
4.08758
1.77
4.48597
1.63903
8.70241
3.29969
2.51413
3.33032
3.06412
1.56888
1.27555
1.79161
3.52651
4.6665
6.31541
1.5724
7.22104
2.58278
0.227713
2.61983
3.13368
3.23446
1.19891
2.49984
2.5881
0.0988847
3.40325
6.80652
4.01574
8.67159
4.91351
1.71028
2.54197
4.68572
1.63376
12.6366
3.7085
5.71599
2.23242
3.06951
2.02826
1.03882
9.90038
2.45872
9.15896
8.62523
0.269274
3.24893
3.93467
1.89979
3.88764
1.88875
2.48675
3.03614
0.787239
3.8026
4.67935
10.3935
0.975205
4.2365
1.86343
4.07556
1.59698
1.8246
1.47948
2.81512
1.15498
1.39807
8.38785
6.09386
4.63093
2.16737
2.63619
0.940896
0.755316
3.84121
1.91314
2.6229
3.47409
3.80175
4.25749
3.208
2.82832
6.17657
1.75321
1.00373
11.8964
7.66849
3.26596
0.851819
7.98221
2.41633
1.98033
3.25531
4.39773
7.55432
6.51895
1.59199
1.02498
2.19301
3.43995
2.2393
4.26353
2.95896
2.9839
2.40396
6.88782
0.48969
3.21026
3.92484
2.81523
1.94062
6.68476
2.03317
11.1549
3.02553
3.15343
1.37154
1.95272
3.95523
2.02445
2.60087
2.9792
6.27958
4.22556
0.354127
7.02941
7.51337
2.58881
2.46405
6.07597
9.51982
2.34231
8.27077
3.97405
1.69083
5.9557
3.04879
3.72316
4.94498
1.19964
1.126
8.65967
4.38941
2.48992
2.95574
3.55572
3.73217
3.63411
1.57852
2.4174
6.46334
0.489328
10.368
2.18796
2.07885
3.34341
5.32677
9.26046
2.96821
3.96163
4.47415
0.868237
3.07441
8.20561
2.21446
2.47392
1.25068
11.624
0.542013
2.81068
4.09341
3.99518
0.956747
0.668126
7.93583
1.98793
3.70881
1.89686
4.55711
3.76833
2.40115
2.38852
1.5756
3.64879
1.44937
4.74282
1.2512
2.23334
3.1743
1.66301
0.651584
0.719786
2.73786
4.88724
2.28231
4.10474
10.8516
1.52199
1.08071
4.46857
9.14563
0.400236
2.36123
1.98568
3.73936
2.21956
4.17978
9.2482
2.38067
2.63841
10.5831
7.56629
1.66632
6.50333
2.81358
2.14756
3.78666
3.29094
1.93526
4.86369
2.95341
2.0708
5.69507
4.66165
3.37451
1.35673
2.70053
2.14683
7.32222
3.62367
3.28893
2.05105
2.29952
1.82587
1.58747
3.3616
6.09823
5.06464
1.15069
8.04261
2.55888
5.66921
1.92723
4.63532
1.9936
3.25622
0.935219
2.88702
2.37049
2.35141
4.36963
2.72565
0.988605
5.59721
0.727513
1.95538
2.69972
4.51924
3.49333
1.47768
3.86891
8.0263
1.98479
3.37375
1.60575
0.982202
3.20219
4.95312
2.75287
5.31738
2.85185
5.15308
10.7892
10.2709
12.3362
1.74845
0.970543
2.24055
2.47198
2.24082
3.18229
6.33974
1.73618
5.24468
1.474
0.232518
2.6855
1.77098
3.42205
10.3078
4.12607
7.43792
4.62675
1.09277
5.84114
3.92012
0.729665
1.5789
1.65931
3.54428
1.07687
8.24821
2.08671
7.3341
7.23532
2.16462
2.22361
3.44079
1.47306
5.22399
1.33017
1.19854
1.22572
3.20782
4.76796
5.76792
2.16192
4.28105
6.26841
7.00948
3.21975
2.78636
8.82385
2.91364
3.73911
2.23265
1.61392
7.255
4.99005
1.57043
2.65092
2.07938
13.8955
5.13192
3.08495
1.26896
4.33312
3.90583
7.35214
8.01943
8.64464
3.79773
1.7841
6.08775
7.69822
2.04816
0.421551
2.34153
3.93345
1.61163
3.22531
2.06767
5.59116
7.32556
4.46954
1.20812
0.722399
0.157936
7.71212
1.80313
3.07371
12.1375
1.14016
1.89981
4.2734
0.828723
3.80428
1.67128
0.6746
1.18981
2.99863
3.22141
2.02366
2.79503
2.33089
2.07161
1.38573
4.61737
3.25201
1.97136
5.36681
2.20248
1.56842
0.50897
3.28528
10.9276
0.941779
5.46013
8.37869
2.19028
12.474
2.32225
2.42558
3.17705
5.04616
2.36584
3.01923
0.657725
0.868154
2.47175
4.76621
5.45438
4.08401
0.178596
1.84036
0.376714
2.89868
1.01063
3.28453
12.994
0.59819
3.84529
7.63492
3.65691
5.10857
3.3225
2.34718
0.357952
2.82379
9.47099
0.750853
5.57217
1.78698
1.72731
3.97497
2.47162
2.94228
2.49832
2.57257
5.20486
11.2801
1.0656
3.21985
2.96061
9.77164
3.22242
2.12081
3.11962
3.95595
10.0745
2.5205
4.6389
9.628
0.584965
1.35875
3.648
2.20371
3.5743
2.39057
4.32781
6.13948
9.57556
4.43316
4.57225
8.23337
1.17551
8.75957
5.42535
4.41987
1.65718
2.55997
5.08039
4.70162
2.56354
6.21658
3.40861
1.69604
2.88885
3.62375
5.129
4.91992
6.30451
0.100181
7.40129
7.60838
2.5603
3.27552
4.56421
3.15341
3.10347
3.19069
2.13547
2.9235
5.68274
1.46753
2.42142
2.82904
0.7842
3.09605
2.55851
1.48935
4.01031
2.6766
3.79445
0.689688
0.631747
5.16198
4.19918
3.3303
3.05498
4.62098
5.43712
0.916958
1.89682
5.39994
5.35968
5.77717
4.73855
5.09017
1.80246
1.45265
3.16801
1.01399
4.3514
3.61699
2.45634
6.74034
2.55204
10.9165
4.9494
1.1017
1.96699
2.83088
0.340728
1.96837
3.5732
2.50723
12.9189
1.93256
8.23359
1.10415
5.17006
4.88119
1.57842
0.621818
1.94685
3.22985
3.7
5.86308
3.53548
7.50062
7.93536
0.675596
2.30739
4.04108
5.17056
1.34061
3.09914
2.26896
3.60209
5.08232
5.76928
8.07067
5.39629
3.35688
0.134302
7.75147
1.80411
4.3058
1.99228
2.76437
3.43355
2.65347
1.68063
3.19302
0.73583
2.36788
0.711378
1.80105
3.94468
1.99452
1.05116
2.86843
7.685
3.87312
3.91392
2.38438
2.21702
1.13215
9.8652
2.41356
0.846657
9.41742
3.96482
0.408484
2.7859
2.11338
1.53089
6.3521
2.91232
4.76606
7.94193
2.01924
4.53799
6.40793
3.20606
3.56531
1.25815
5.25839
3.40711
5.64575
1.88225
6.03752
5.1662
5.44746
5.52055
2.66964
2.77173
4.94809
1.69785
8.16966
12.0399
1.78861
1.32648
1.33415
1.40014
5.2235
5.07826
6.93884
4.53657
3.58003
1.3949
3.31541
1.10817
4.43735
8.76392
1.73244
4.11992
0.768513
2.21874
3.95182
11.3801
4.07412
5.16986
3.12296
1.88148
1.52658
0.508631
1.96843
1.81426
6.95143
2.12218
1.38935
1.90193
3.09075
3.84537
5.01525
1.89445
2.7017
1.31464
2.81191
1.43229
1.74579
4.8596
4.59615
1.67797
4.72116
1.42054
3.77515
1.93651
2.99045
1.68586
0.906782
9.29522
6.10882
0.729977
1.52914
2.47161
1.96358
7.2531
3.76047
0.506047
0.749961
0.913849
5.58989
2.40225
2.92841
9.13378
1.84506
2.19787
3.93333
2.64106
0.592171
2.98799
9.83768
0.973205
2.05266
1.99724
2.30895
2.9443
3.49198
5.7902
2.72787
0.749563
2.16025
1.52025
1.48667
6.48373
1.24054
4.57742
8.95281
7.80723
4.54963
2.92553
4.95746
8.05717
3.31625
2.6288
2.56003
3.659
1.71678
5.33146
2.30527
1.08906
0.714838
1.85281
1.07242
3.8326
5.33743
4.16929
10.5297
0.789812
5.69888
2.01332
6.09919
2.40651
2.54253
1.41131
4.89072
2.7638
2.23599
2.70721
10.2984
1.45498
1.48271
1.08605
2.86111
3.1677
3.58238
0.957637
1.78054
1.1923
3.41814
2.73081
0.293077
8.02801
3.55361
3.53082
8.33526
5.06651
9.84821
3.3229
1.39978
8.79739
3.22305
2.33057
11.7181
3.9324
4.61934
6.71512
1.73977
2.44533
2.28949
3.77001
1.75632
1.96364
1.20981
2.58359
3.56045
0.760837
2.28054
5.84052
1.75738
0.959318
1.7432
5.35413
2.1752
1.91551
4.85147
5.81143
4.29918
2.03407
7.924
11.0314
4.30394
3.24617
2.21905
5.08149
1.3297
4.04821
8.8833
1.38755
2.32452
1.35385
4.00589
4.1905
6.08073
5.09416
2.88066
2.16059
2.94145
7.95197
6.89013
1.39703
1.38632
5.40886
4.29562
2.69435
5.04395
11.7834
2.07336
5.46346
6.58549
1.77085
4.95007
3.53688
3.229
1.12132
2.35178
2.74209
0.536844
1.43188
3.17121
2.21333
0.421204
2.23506
1.68043
7.44199
2.08043
1.18835
2.921
3.3088
3.04653
2.59317
1.62438
3.20941
1.60345
11.3075
1.18279
2.88098
7.4237
2.44537
10.5062
1.81166
13.4894
6.4764
7.0358
5.6355
3.13065
2.18376
1.14744
3.09432
1.26611
3.21046
2.6489
1.27084
4.8174
4.92536
2.97994
4.4925
2.15279
6.65401
1.3817
1.21142
1.01636
7.19479
2.38574
2.78816
2.75866
5.26085
6.03124
2.50503
5.45372
3.37382
9.72915
1.09832
1.68762
2.36026
2.7192
4.07742
8.09873
3.67882
8.02748
9.50961
5.9511
3.04666
4.55413
0.868752
4.60325
5.27249
5.86003
2.37831
2.15948
1.28651
1.36109
1.98859
0.616526
3.8326
5.81405
4.71558
1.91992
2.64059
2.56132
3.31611
4.76729
4.24557
1.18145
4.12265
7.6108
7.76486
6.58781
4.07127
1.86036
3.04209
2.66849
13.887
1.22419
0.428112
4.40491
3.23095
1.26601
2.5436
2.53389
3.5259
4.76609
2.4123
1.68084
2.5552
8.17841
3.92687
0.488635
0.498663
1.75262
2.41673
5.75757
0.255608
0.996222
7.59849
9.50359
0.394629
2.2503
4.75469
3.26684
2.54021
3.58589
2.71244
1.50812
4.94548
3.01042
3.64581
1.55518
9.98884
3.50478
0.733354
3.47759
2.31298
8.04962
5.17181
0.438843
8.35921
3.33671
1.00913
2.6591
2.67985
4.13401
2.41086
10.6937
2.13556
5.61464
1.70591
5.09815
3.29673
11.1296
3.40727
0.953485
5.34199
5.0308
5.90166
2.52472
1.93014
3.30798
5.07155
2.34937
2.22209
3.08973
3.15291
3.56536
5.86332
1.26473
2.06768
14.6048
8.59763
3.50545
4.91402
4.48542
1.15387
4.95193
1.99398
7.03384
3.97031
4.12225
2.79512
3.13159
3.52642
1.29593
8.79133
3.55778
3.54486
1.7955
2.29057
2.89295
11.1709
3.24026
1.65339
0.820736
1.75204
4.6217
2.6593
6.76971
6.59085
1.95562
5.89526
2.07731
6.47366
3.14426
3.50036
4.78861
1.63727
2.32869
4.88214
3.34274
0.707238
2.61786
7.19598
6.23705
2.34019
2.73726
3.23386
10.1307
4.16611
2.28635
1.81383
1.08633
3.61946
6.06345
2.91386
5.11342
2.58525
5.46353
2.65647
0.197011
1.64216
4.95852
3.0796
1.50938
9.12993
1.91658
4.27003
4.90389
1.56867
1.46345
1.73346
2.20027
4.77779
2.69614
7.92761
5.21886
0.851541
3.28434
6.91877
12.3207
7.76902
4.93953
1.15536
6.50639
2.6292
2.83124
1.76731
0.570775
3.65149
6.49017
1.89266
1.99035
5.5094
10.3196
3.50661
1.67162
2.52855
0.836636
1.81115
3.16982
2.67291
1.53279
4.09083
5.26191
3.82452
5.87689
0.548489
0.861454
4.026
4.83391
9.30825
1.78283
3.87355
1.71754
3.0602
3.6154
3.03868
1.90472
1.90853
4.30715
14.9088
5.59304
5.34076
2.79705
2.77114
12.5177
1.9671
1.98837
3.99665
1.37519
1.66846
3.89708
2.04905
2.02015
12.083
0.773721
3.41556
1.24678
10.5832
3.95457
4.18442
4.24777
1.72507
1.5064
2.27329
2.3188
5.46544
1.701
2.00761
3.7999
1.73936
3.5769
0.873688
7.64437
3.30879
1.29724
3.24476
2.1544
4.74202
4.76115
1.95814
6.2704
2.83853
9.05859
2.19104
0.425397
0.873727
6.54894
6.89082
1.39126
5.64795
5.13958
3.25191
4.25693
11.9902
3.55853
3.14319
3.48631
1.98666
2.29817
4.6141
4.1246
2.20797
2.61643
8.27741
2.9977
5.11928
4.36131
0.671412
2.45192
2.3101
2.10312
2.24782
2.00741
1.29324
6.59506
13.5483
3.86282
2.07256
3.81499
2.1792
6.34309
2.35378
1.56244
2.57495
12.9305
2.01595
2.17481
12.4235
3.48206
1.70192
2.42892
3.16645
2.79889
2.74184
1.40613
2.09359
3.03661
1.64191
6.964
2.5083
3.03574
1.3449
2.01644
6.00472
2.25629
2.26528
1.96787
6.84921
3.32354
0.424547
1.77991
1.40047
3.96502
2.27225
2.27966
7.38718
3.10606
4.09177
4.13348
3.79132
2.17832
2.98199
4.02372
3.01369
3.55841
4.98583
0.122798
4.63628
1.43041
1.92809
5.91538
1.07918
1.94947
7.22893
0.211008
3.96438
2.07795
2.48254
5.23769
2.96856
7.21597
3.088
9.63422
3.92796
5.73673
1.93124
7.41877
2.54375
0.144336
2.18534
2.44701
1.64719
2.37617
3.28054
0.236896
2.4347
2.25656
14.9269
0.438871
5.03076
3.19722
4.9262
2.09559
2.99551
2.43005
1.18334
5.369
4.64534
3.2474
2.20649
1.1389
4.659
4.29222
1.66163
3.09699
1.60355
1.5098
0.473899
2.17321
1.70097
2.83711
3.87477
0.625162
2.44113
6.93365
2.3461
5.88682
2.31884
4.7629
1.4779
9.4633
6.03041
3.88871
3.87249
9.89762
5.48252
6.2128
7.15141
1.37166
2.43709
0.9041
1.23563
6.4746
4.34384
0.432331
1.54856
0.775326
2.78406
2.48688
1.8999
2.56676
1.98037
1.72128
2.82428
5.05761
1.65989
3.07619
2.09958
3.7114
3.9994
5.88953
3.57474
2.24272
7.90035
1.92724
2.75759
4.79903
3.51618
2.60654
2.63092
4.01511
2.80162
0.727008
8.14198
1.40004
2.01799
3.22292
3.15832
6.93041
2.13204
3.31574
1.1179
1.94613
9.47016
1.91294
1.18639
2.66945
4.8644
5.10039
5.62029
4.60974
3.02893
1.79522
2.25459
2.11283
2.80773
5.58627
8.22416
0.118599
4.82789
2.62341
2.06076
2.50278
5.36549
2.78349
6.4473
8.48651
2.09035
4.841
0.72024
2.93298
1.8833
9.03762
5.65452
1.22993
1.54485
2.716
2.57893
6.83502
7.16809
2.6856
3.47851
4.24253
1.62972
2.12859
0.214219
3.70304
1.9486
1.53817
0.284457
3.07315
3.68277
2.73012
3.75583
4.83765
3.55297
2.78158
3.18678
1.10151
4.1347
3.40168
2.4713
4.0182
1.79669
4.15547
0.804316
4.62635
8.99321
13.8849
0.460287
5.39594
0.283528
6.49786
6.35817
1.69151
2.51137
12.4637
10.4027
2.37318
0.421474
4.60118
1.41433
4.63412
3.8512
2.67955
1.86225
0.913533
0.946089
4.7159
2.46809
2.22653
2.79301
6.11206
9.84404
5.1754
3.05623
8.98503
6.81155
3.25537
3.77036
8.60868
2.30546
1.88909
4.69295
2.62689
3.25637
2.36002
2.28443
3.82945
3.80341
6.7051
2.02605
7.25894
4.1626
3.58937
10.3818
3.86821
2.04811
1.42889
3.59648
8.694
3.43894
6.46807
3.3146
3.34309
7.8917
8.26994
1.45027
2.06802
2.02966
3.57517
2.87407
1.76378
2.69551
3.30647
5.56562
2.34096
8.97207
4.19271
6.19829
9.05934
5.76175
3.55843
2.10013
2.12716
14.5211
3.55239
1.38666
5.31843
7.51137
3.70877
1.41122
5.23077
9.39543
2.98182
2.6174
1.73814
3.93616
3.13417
6.16963
6.29052
4.99313
2.98021
2.46435
2.15047
4.86919
3.39883
6.1097
3.28779
4.04194
0.438021
1.70403
3.54747
9.60934
2.04966
1.40857
3.75589
2.93848
13.788
2.77434
3.90003
5.6899
7.50398
2.41595
5.30231
4.28722
8.86887
1.81464
5.40721
2.59861
6.14855
0.341237
2.54483
2.03637
3.24876
0.211752
3.14712
5.68784
1.83574
0.676423
4.78966
8.41542
8.48939
5.41138
3.60553
0.799214
2.58382
4.31645
1.44313
2.96843
2.35929
1.80817
7.88319
2.40548
2.88615
1.24934
3.59886
1.93541
0.45594
2.16436
3.13492
7.16134
2.3236
0.797842
4.56097
1.63643
3.89782
2.2734
1.07015
7.079
2.29912
3.77755
2.64624
3.70119
4.27837
1.66368
1.7468
0.522905
0.73635
0.713049
8.54917
2.21521
4.42988
2.80088
5.38311
1.71406
3.17219
2.50655
2.10462
14.0344
6.47149
1.96108
6.04748
3.45534
2.15971
5.03729
2.09464
3.63037
3.9099
0.773799
4.40643
2.9947
1.7468
1.13123
0.743966
4.0715
4.47506
3.37034
2.30891
8.61448
0.369318
5.7449
2.07113
3.26158
3.67747
1.04502
2.61341
2.24271
3.2891
1.36089
5.00007
4.27579
9.95304
1.2506
1.09925
9.65924
0.576971
1.83061
3.14248
10.5964
1.84763
2.65537
5.48889
2.8224
3.75492
2.98886
3.08245
2.17515
3.14223
8.63917
1.41449
10.482
7.02548
4.61012
2.13448
8.04373
1.20369
2.924
2.6176
3.11069
1.35744
6.50743
1.91919
4.44265
4.15181
2.04702
6.67869
1.26331
1.85597
3.04959
4.2165
3.0046
2.19356
1.39808
2.69479
1.45679
12.7547
3.14705
0.658162
3.86367
2.81046
6.09055
1.08543
0.524011
0.868256
2.33965
1.97542
6.35337
0.484311
11.2141
5.27344
5.13514
5.13108
1.69208
4.41826
3.70362
4.37326
0.929608
7.73674
6.25566
3.51974
1.08212
2.12786
3.68353
3.21981
2.75173
3.4123
7.46599
4.77081
1.95455
2.7733
2.37941
2.49587
3.60273
6.42763
3.76824
2.63887
4.22737
0.979425
1.23345
3.29258
2.42006
1.84927
4.63456
2.06976
8.10359
4.6427
3.60607
1.77331
2.84987
5.16189
1.4086
4.85253
2.9262
0.829438
1.44777
3.09699
4.9075
2.10166
2.3355
4.20047
5.18871
2.94638
2.78755
1.77534
2.11858
6.62387
4.89735
3.19511
3.11295
1.6691
9.18448
5.15468
2.88721
6.5283
0.967266
5.73723
5.80031
2.46021
2.96392
4.822
1.48116
8.99966
4.56485
1.81277
1.27505
1.77027
8.69581
4.30839
2.6731
4.59376
2.62321
1.81715
4.9483
10.8648
9.60046
1.21077
0.738113
3.0591
1.97331
1.91045
2.62809
4.09152
3.41436
6.02705
14.9083
2.54793
2.33606
4.59435
1.29645
6.45208
2.50016
14.4507
7.85718
2.41872
3.57063
4.58084
1.96309
8.77963
2.3755
1.35252
3.44756
0.46893
1.65329
3.65538
5.20296
2.22929
2.56808
1.69935
0.886678
1.7192
5.05494
3.16646
11.6167
6.07916
0.890275
3.2332
1.05686
1.78094
2.64707
4.56424
7.37052
2.26449
3.3667
2.83939
3.43077
0.570812
1.17969
3.88861
0.562449
2.25164
1.36978
4.64298
2.31447
4.08505
2.42256
2.32505
2.70683
2.85162
1.82935
7.41164
0.339362
11.6688
1.59275
1.54846
3.97814
3.08509
14.1546
4.20712
1.47869
0.19108
1.14498
7.41833
2.76203
1.17028
5.83413
1.79587
0.839218
3.72294
1.94888
9.05922
2.17213
6.33184
0.658902
5.97998
4.27619
3.56914
2.51072
3.05503
1.09537
2.74241
2.6755
2.68127
3.19417
5.49451
0.520795
1.49785
4.04557
0.836733
1.74164
4.00938
1.49669
4.1732
3.84299
3.55271
4.90074
5.39712
4.67083
1.58102
6.73287
1.68423
3.88918
3.513
1.16809
5.15964
3.11736
10.5002
3.24285
1.6495
0.684274
1.90142
0.851315
2.32782
9.41514
3.55548
5.67749
9.97171
1.83473
1.9869
9.47889
10.5494
2.43322
4.01955
3.37906
4.01283
2.15094
0.52385
3.82241
2.82284
3.93022
5.42679
3.53189
3.70608
3.47183
2.60526
1.75668
4.0177
8.93409
0.782242
6.08117
2.76912
0.76775
3.6435
4.0122
7.85822
2.57787
1.24652
10.1285
1.51446
1.73388
3.25036
11.5367
3.9583
2.57859
5.72319
5.28599
2.52943
0.938392
1.99199
1.20516
6.73429
3.46423
5.78072
4.86281
1.63735
2.94602
9.99556
4.34651
11.7087
6.49199
12.1077
3.1509
3.60058
1.02386
2.4743
5.24978
3.35823
4.46786
5.09044
2.34126
1.70671
5.78364
4.03614
2.25626
1.45167
2.50583
3.19312
5.09619
3.6752
4.68904
3.68701
9.70448
1.96909
1.67024
7.60881
6.54884
11.4022
2.62045
5.86668
1.86222
3.56663
1.54159
4.50447
1.27199
1.03583
2.09201
2.06744
9.52646
3.97766
2.01351
3.90298
4.55771
1.76795
2.26434
3.77858
1.69381
1.8757
3.2912
0.875414
2.27517
4.80546
1.61833
1.6136
3.82227
2.74332
4.03616
2.765
0.286837
2.32998
6.97465
1.06037
0.579776
2.20536
2.77925
6.49276
3.15681
2.85958
6.10344
1.91101
2.6001
3.63985
4.87793
3.08739
5.03216
1.79784
14.9557
6.41341
1.43216
10.905
2.00612
10.7764
2.22089
3.47688
4.83657
2.75771
10.6076
6.132
8.72648
3.47739
2.86849
2.06164
1.90467
1.52847
1.23279
3.87435
6.67708
3.04644
4.55213
0.584677
3.84863
2.91003
1.69347
2.31429
4.52044
4.02377
2.61442
8.2054
0.949577
3.03514
2.98074
8.23166
5.76778
11.8955
1.07725
1.50276
1.64788
0.538909
1.84563
1.15134
5.95556
7.12364
3.18023
3.64825
4.46736
2.7896
10.2619
4.31862
4.49074
3.81874
13.9872
13.4615
1.92203
1.80438
2.99571
6.00358
1.84836
6.74863
1.11523
7.06471
6.33107
10.8662
3.07452
2.12196
1.97732
0.835914
3.1636
2.32787
0.486371
1.2752
2.05272
1.07509
11.2777
7.34483
3.77521
1.85231
2.24479
2.84011
2.55868
2.74653
8.14973
2.3463
10.8881
2.92544
1.93211
3.82128
6.24485
6.21829
3.77541
3.79604
2.94754
2.45017
2.106
2.23619
1.57162
8.47961
3.23481
2.00844
2.91267
3.75086
2.36724
2.86627
8.49908
2.42688
1.24561
6.624
3.05204
6.91771
2.61649
5.54505
0.974659
3.46361
3.8712
5.68014
6.74453
2.51061
6.50841
2.03209
3.46225
3.17358
2.023
7.29896
4.0749
1.80938
3.4626
4.61378
2.38714
7.11958
1.81571
6.03705
1.68973
8.49747
3.42837
1.05319
2.16678
2.84828
2.79392
8.41696
2.30974
2.70174
1.56277
0.905241
7.60712
2.82916
1.56665
1.4925
10.0515
1.82538
5.12448
2.44485
3.69944
2.51237
1.21301
1.09982
5.02824
1.30648
2.13659
8.05118
1.9411
6.36522
4.85497
1.42464
2.08433
1.91234
2.31888
1.40078
10.0476
2.15121
8.12757
0.981329
1.0137
1.7582
1.39791
1.97129
1.02194
4.09751
0.499462
2.90951
3.93253
5.22516
8.48991
3.03472
0.67136
1.35797
7.78858
5.06592
5.5916
7.10222
4.55107
2.15888
7.0969
5.95556
4.56191
5.20918
3.72196
2.72521
4.25054
4.59184
5.25977
1.32668
3.79462
2.71214
0.308888
0.84961
4.64074
3.13043
4.19334
6.51228
1.58909
1.02221
2.84124
12.1115
2.137
9.968
5.69571
4.9029
4.08942
1.69472
6.1884
8.86147
1.48085
3.63495
0.383589
8.3812
2.15887
2.72423
2.37137
1.89682
0.422275
4.7322
7.8885
2.40053
5.01788
5.10105
3.00252
3.13465
0.928674
9.38454
2.19968
10.7516
2.67434
9.43864
1.81234
2.19936
1.85028
0.739329
3.15814
5.39034
4.85378
2.72687
3.73008
5.68371
7.04523
4.32943
2.91227
2.20676
4.13633
4.1553
3.21266
0.801838
1.142
1.02453
3.4126
5.05945
2.91287
5.72616
8.61903
8.95487
1.6277
4.76843
2.74338
10.1257
3.87137
2.10054
2.40403
2.42723
2.02049
1.52527
4.97906
2.67434
4.49306
4.01931
2.39709
6.2387
13.9913
4.52422
1.74281
6.73233
1.61655
2.33017
7.48179
2.34083
6.07992
1.84902
1.85673
2.64269
1.60323
5.70774
3.31739
4.23323
6.67283
2.45106
4.97652
7.84983
4.09181
1.88758
5.39985
2.20797
9.20093
2.77571
2.53364
2.43838
6.52502
2.2673
1.5713
9.36182
2.90433
9.9039
6.05934
4.73428
1.92421
11.5878
6.50936
4.03335
2.29904
2.25876
0.627429
4.68482
0.506974
1.08273
1.41831
10.6231
2.13137
2.68685
6.48729
4.58368
4.53079
1.6714
0.828679
0.868375
11.0398
2.98359
2.24632
4.78695
0.799502
7.11107
9.91619
1.01316
5.45231
1.58123
1.21407
0.702783
1.76922
2.96998
6.47885
3.84768
3.12459
2.77157
4.21185
5.67812
6.77607
1.09424
1.03562
1.7328
1.4214
1.9429
5.23689
2.79874
3.90381
1.02827
2.73492
5.05745
2.80898
3.34642
1.67073
2.3235
2.51119
3.62675
2.83672
7.00071
7.53291
9.34409
4.65786
4.02088
1.01791
4.39815
8.39622
2.728
2.42024
2.25438
7.06388
12.2344
3.12593
6.17704
6.90289
3.78956
1.32404
2.30699
0.808144
2.15175
3.64158
1.91238
3.67682
2.12394
5.22062
8.17369
3.56999
7.09669
8.0368
1.91041
2.81194
11.5784
3.19317
0.516112
3.14407
1.08356
2.76008
0.463868
2.99721
3.20472
2.92418
3.58649
9.96443
3.26886
2.95626
1.29693
2.36684
2.70275
1.13858
8.53281
3.98588
0.685907
10.2113
3.76027
9.73727
3.32649
2.56239
1.77503
2.35595
5.96767
2.58884
1.15127
2.73197
5.92917
2.84305
4.35865
2.75101
3.93556
1.57817
2.0008
7.29697
1.11582
11.3331
13.3375
6.01901
1.35232
11.6018
3.0417
2.74457
8.76434
3.96402
1.96581
4.04311
1.17666
7.8931
3.46032
7.10532
2.70272
2.17738
2.71656
7.74562
1.75028
2.89186
3.96629
14.0028
14.2909
4.5809
8.74119
2.40267
2.64439
5.57313
0.480182
4.47966
5.19155
5.51348
4.24341
11.0389
8.93437
3.16546
6.85518
2.09784
3.32981
1.27013
1.55706
2.15501
2.20178
2.84416
5.14278
0.847202
9.66089
3.23107
4.30022
4.7347
2.31533
1.56373
2.50802
1.57354
5.02068
1.22212
4.51772
14.6486
6.34092
1.35675
1.46275
3.25532
5.11757
2.06298
6.38113
1.82538
0.86939
2.143
6.06553
1.59503
2.52182
2.70206
3.65237
3.75366
9.10019
2.11622
4.41368
1.03895
1.38841
1.2866
3.003
5.50171
3.43269
10.6398
0.729193
6.43589
2.3197
14.4946
1.08365
8.23316
0.652506
2.23973
2.41081
2.79789
3.31675
3.42092
4.40154
1.5192
2.42169
4.02428
0.577566
0.709759
1.84325
3.24573
2.26824
2.38567
1.41137
3.26294
2.37641
4.02134
3.01618
14.0993
0.828093
4.72818
3.86811
6.50158
3.61922
8.35418
3.8534
2.80876
3.07709
3.33307
13.6892
1.34695
4.89689
2.4619
4.50251
2.55083
5.53138
3.65351
5.63706
1.83195
2.0117
1.49566
0.607945
0.103769
5.2528
3.44191
2.74591
1.57348
4.06769
1.1707
4.11656
1.64781
4.49435
1.84289
2.37388
3.92921
3.6557
6.65901
2.73742
7.37429
13.477
4.26981
5.4055
2.82225
2.12927
3.11887
2.1148
3.16471
3.16913
2.03798
4.8926
3.39239
0.536005
5.03287
3.37975
3.41526
4.25405
2.19732
13.4627
9.57099
2.16623
5.84827
6.11838
2.61456
2.24562
4.30218
4.78823
5.80094
2.34917
3.00986
4.68998
1.27229
1.28955
1.26967
1.50091
2.9979
3.9782
0.511307
0.992039
0.891112
1.19441
3.35547
1.66545
2.43543
3.36191
1.18344
1.1863
2.8084
4.30291
2.23615
6.57072
2.91133
4.17521
2.89711
4.87007
0.385528
6.12384
3.94352
2.93278
7.08772
0.926454
3.41323
1.86834
1.47913
0.80265
1.75803
9.57332
3.29489
4.55023
0.782889
2.06172
5.97042
5.63861
0.855854
2.09309
5.84868
2.14695
2.79397
1.99998
4.53389
7.51167
1.03094
3.83548
3.27087
3.68856
3.51245
1.42492
1.92899
3.66259
0.778343
3.10149
2.05796
3.49712
3.34101
3.63271
2.59572
2.51465
3.73987
2.93615
1.06267
3.46
1.70916
2.59358
2.52431
3.08039
7.61137
3.5982
3.9551
2.64588
1.63602
0.960572
3.15878
2.94882
1.62669
2.83013
6.84203
4.54294
5.68208
6.87016
11.451
4.49973
2.53632
1.53713
0.463973
5.06191
3.68162
0.384847
4.70909
6.44355
5.67447
2.75071
4.02639
4.91643
1.78879
4.01113
2.23289
3.26394
5.36862
3.02509
2.0914
1.65451
2.2741
3.0139
1.88731
4.22551
1.97286
9.17467
6.13278
1.55658
4.62115
3.59541
1.34383
2.36222
2.18406
13.5134
0.277393
4.17493
3.983
2.88335
3.32992
5.01519
1.48621
1.10355
7.4502
2.79077
1.63765
4.59065
4.27059
10.5016
8.25655
5.40503
0.243583
2.11917
9.54953
4.1275
3.79267
2.36557
4.78557
4.35821
2.17718
7.01833
1.11508
8.14409
2.2778
3.12974
1.97201
3.87397
2.33388
4.2856
1.50529
2.22327
5.07233
4.72517
5.0783
3.68409
3.97676
8.38496
3.33142
10.6629
10.2285
2.97707
6.65767
3.15304
4.43929
4.68578
3.20555
0.616416
1.78932
1.92677
0.51035
4.74169
3.1046
7.85189
4.1354
2.91078
2.77231
6.10513
9.88184
3.56878
2.04257
2.69001
5.77682
1.00936
2.43176
0.429099
3.53086
0.693961
1.34535
1.10622
3.38815
0.678625
6.40372
11.6582
3.55274
4.95302
1.74388
2.57122
6.90176
2.93619
2.53429
3.48407
0.723882
1.4024
1.31477
4.42251
5.73629
5.19695
2.74179
2.87526
4.80085
2.16583
5.05491
2.9213
1.75469
5.90344
7.20949
7.76998
3.65546
6.2829
2.59978
7.78151
2.71087
2.92596
4.99447
1.1471
3.01132
2.05358
6.26111
5.90762
0.791848
0.683579
4.18303
4.59149
5.95947
1.34718
3.67107
4.65507
0.427627
2.00269
2.03072
7.60457
3.15458
9.4308
0.443197
1.44271
1.43477
4.40019
1.52055
5.03877
2.32389
12.8388
2.73127
2.0327
3.40102
1.14625
4.1923
3.05472
3.63302
1.46979
3.79593
4.8082
1.55679
1.71608
1.72367
7.58603
1.64061
5.18999
0.362427
3.38828
2.09878
1.1059
2.05073
1.73412
4.51095
1.33827
3.52436
1.6005
8.35653
4.98327
2.70965
2.84463
7.23466
5.04209
1.34151
0.390092
1.55402
2.34697
4.85897
6.30424
1.77364
4.40391
1.36126
1.16422
6.37111
1.79029
2.54983
1.72592
4.62564
2.69849
1.7516
9.37834
4.95488
8.15659
3.11017
3.61619
0.765281
0.723524
2.90824
3.82705
2.48654
1.94636
8.83339
1.1953
3.78397
2.32679
4.19732
5.18965
1.09517
5.65895
5.60815
2.85702
2.94456
6.64871
5.1792
4.0908
3.42194
7.41984
5.2336
2.16981
11.7836
1.81918
9.36119
1.8727
2.81484
2.82925
3.36455
4.83915
2.90571
8.7029
7.80606
2.45129
1.97559
8.03233
3.35497
2.88235
3.10588
2.40261
1.76925
1.76661
2.13094
1.30832
2.0718
7.01719
4.15552
1.51514
2.81708
3.46793
0.796348
2.359
2.45058
4.00429
3.73387
1.23471
5.98255
0.199226
3.10614
5.13463
1.2776
2.67251
3.93455
1.90651
1.44707
6.02768
2.27779
5.28151
6.0848
5.5806
1.10897
4.16374
4.65665
1.58787
3.66158
3.21191
8.06198
1.09132
4.17921
12.9537
2.90273
0.977992
3.44361
5.87541
4.00869
3.69692
4.07457
0.428073
1.96904
3.87417
14.661
1.19544
1.83163
2.51532
5.4165
2.75841
0.822228
1.52825
3.26544
6.37388
2.59509
6.88198
6.97306
7.11138
3.09683
6.3167
9.3492
3.95594
8.95655
3.66291
5.85808
3.40371
1.01898
5.43299
5.32041
7.57569
6.16921
7.59076
5.49534
0.991632
10.6172
5.63073
1.25419
5.5413
4.32991
0.40862
4.34411
5.34342
3.00482
1.43869
3.41309
1.84208
1.31002
4.05424
2.33996
2.99179
7.79084
4.66317
1.11532
2.05366
4.33116
1.81514
4.01163
7.56844
2.98751
3.80963
1.5807
0.648297
1.4875
2.87239
8.23623
1.16818
1.61751
5.78883
3.498
3.04244
3.11037
5.72119
2.4257
2.92114
2.98502
2.44894
3.42061
7.33862
3.15839
2.05148
3.98007
4.78923
2.42202
3.19884
4.90734
2.98667
1.4233
5.1043
1.86915
3.98988
2.45044
4.18571
1.84894
5.87696
0.0444717
7.25905
1.30213
3.82812
2.86745
2.66741
1.72334
3.4547
2.89535
5.1331
3.04229
2.18857
1.96632
1.0746
7.82255
2.08764
4.94851
3.20203
1.1309
1.18652
5.03736
1.22686
1.56722
8.37984
4.59281
2.84301
1.49901
3.97025
1.06078
1.62912
12.6303
1.08618
4.23249
4.75933
2.94787
1.70807
2.82182
4.2473
2.87648
3.30215
3.95262
0.506188
6.81715
11.9622
2.17086
1.63634
5.70583
3.26284
2.78371
4.17353
0.0706687
2.09217
3.31798
2.87982
2.66129
2.94179
4.92112
1.69834
4.53079
0.738914
4.74076
2.17148
2.7494
5.48359
2.24771
7.94969
1.32675
9.56318
7.61253
3.30087
6.29344
2.6661
4.52851
3.76953
2.15062
5.02919
8.64277
3.39196
2.36012
3.30905
2.0221
4.44829
5.27749
2.44064
4.60426
6.18617
10.5516
0.525877
12.5994
2.9515
4.42421
3.71018
7.17396
0.565202
3.71632
4.55692
1.76722
2.30169
1.89197
8.39829
2.16806
4.52975
1.32331
4.20411
1.41707
3.9556
0.953539
4.53386
4.29037
11.0093
1.63778
3.15038
7.04601
3.01644
2.28752
1.99306
3.2673
6.36228
10.133
6.63541
1.98663
2.44854
3.32588
1.38065
3.05283
0.345604
15.0062
1.82927
3.64098
2.82154
1.43694
0.688356
1.64867
4.11234
5.3112
0.527033
2.0898
6.26678
6.0423
3.55018
2.40813
2.41441
6.58379
0.818959
2.80483
0.980485
1.93935
3.15874
1.9898
1.28248
15.1339
1.87654
4.35404
1.12289
1.7434
4.03092
6.94528
0.34962
4.41291
2.7393
2.83567
2.70774
1.76501
8.84009
1.37686
5.01718
4.46422
1.65276
2.79569
5.5746
4.89303
1.00915
2.60847
6.71761
1.7421
6.74479
1.57949
0.348265
1.93184
8.90692
2.1115
2.56096
1.99768
4.59815
0.563336
8.00724
11.3783
6.41572
0.9374
12.5772
1.91815
3.68947
3.34772
2.04217
3.9895
4.24614
6.50761
3.6653
3.83683
3.58942
1.5665
3.14515
4.53839
4.64078
4.24833
4.99911
3.30891
1.82696
3.63278
1.02009
6.36695
6.07743
10.0741
1.29206
1.02848
1.4467
9.89093
8.25919
1.97143
5.25213
10.0295
2.0167
0.618691
0.444864
6.67408
5.06713
2.88732
2.37245
3.28404
2.57885
2.02631
1.04627
1.10643
2.24587
1.92635
4.25241
4.47036
3.39998
0.938592
0.691955
1.59115
1.57638
6.52695
1.40842
1.96665
3.93467
11.5246
3.95957
3.30974
4.57951
2.0517
1.05009
3.01851
4.82902
3.63283
2.06297
8.2224
4.69649
6.60539
1.88636
3.48321
4.6852
1.04297
5.06824
5.20445
4.55264
0.7594
1.53207
0.343128
6.91952
5.5893
4.58163
7.09806
4.40672
1.3711
4.15721
1.06211
2.9894
2.18857
8.84104
3.07071
3.14714
3.07117
0.80646
2.14427
7.17295
1.44774
0.456822
5.40024
6.67505
4.32643
4.59748
3.05668
1.50492
2.28956
1.26727
1.0547
5.74159
3.84076
3.46442
1.38912
14.281
0.362382
4.12094
13.0595
1.99108
5.79007
3.03651
3.29549
3.13721
0.367516
9.44772
8.88903
2.67168
3.54262
3.32958
7.94845
0.900928
0.203369
3.4229
5.09536
7.85128
10.0317
1.10751
2.15844
1.35592
4.89616
4.05159
1.45068
1.5351
1.46574
1.74957
1.09179
13.9257
5.14278
1.81335
1.568
1.67416
8.86096
7.18861
5.82203
1.6451
0.691678
1.77764
6.53849
2.89944
2.62904
2.83058
0.296293
2.8232
5.82955
1.78494
3.9401
2.99361
5.51189
1.28792
3.39936
3.77451
1.67897
8.87635
2.11161
1.6118
9.34448
1.57428
2.05108
2.85147
4.47693
5.51527
4.57279
1.05133
1.8742
4.90694
5.31008
5.1965
5.18447
1.01677
1.92927
3.10181
1.31609
4.54698
8.0982
4.816
3.02257
6.08375
1.3568
3.91302
3.499
1.43309
8.98825
2.66551
4.05129
0.76344
3.23963
2.78611
1.71081
1.87058
3.15338
7.95051
2.73081
3.82716
4.3608
0.760113
5.27235
3.68104
10.6343
2.19986
1.58534
3.61766
5.44382
4.56618
3.13442
1.01584
4.4095
5.08446
6.90148
1.60974
4.94764
1.88248
5.69618
2.14482
0.595588
2.45326
2.966
2.28604
2.23625
5.68588
2.34564
0.915002
2.4307
1.91571
2.02052
1.75556
8.11142
1.91638
2.98305
10.1619
2.8168
5.71424
2.55633
3.6242
3.69094
2.41543
9.31195
0.922156
3.6852
5.07361
11.8149
6.58493
1.86302
1.5905
3.8783
8.39576
2.24489
2.25251
0.590459
8.10275
0.828734
3.39754
2.15698
13.2483
4.58458
3.67194
11.7832
1.37913
1.96881
1.91352
0.770792
1.19257
5.32417
5.05631
1.16646
5.79618
0.969852
4.41698
3.97365
2.12898
1.64378
1.32716
7.77754
6.37576
3.58443
4.71512
1.10529
2.51789
0.913611
0.41743
3.33163
3.75597
1.194
4.9438
0.714372
1.66745
2.54239
1.19831
13.8992
4.67311
4.02411
2.58131
8.67471
2.66262
2.45488
2.671
2.47011
3.49469
1.16441
6.19761
2.02306
9.71357
2.66636
3.94879
6.19728
8.34022
1.71528
0.677072
3.35807
2.03379
1.99154
9.11659
3.37343
5.89306
4.41105
4.0863
1.87702
2.46762
2.5953
2.41927
1.41334
1.16022
1.14888
7.91018
5.58187
9.67047
6.81299
1.0978
4.37483
3.45581
5.14426
0.340617
8.33993
2.06764
4.32074
9.80129
6.35605
1.01979
2.38901
1.36393
2.35155
0.999382
12.7506
6.75865
2.942
1.3088
3.66602
1.71114
4.50684
4.5546
3.31483
1.59162
5.76148
2.13017
1.45759
3.28102
11.7701
6.72245
7.18076
3.63795
2.12365
1.90972
1.1129
5.69497
2.72811
4.46096
1.13059
1.03055
13.8031
1.79406
3.18635
2.09217
2.54382
1.13436
2.50484
2.56213
1.57859
0.6678
2.35182
1.3694
0.432205
2.61747
2.25199
2.37913
3.23334
2.91313
4.337
3.7219
1.72242
6.62639
1.34402
3.90238
0.54394
4.56069
3.86772
2.95125
2.57835
3.71556
3.19935
2.30925
4.4505
2.78734
2.88782
0.628461
9.37471
2.02571
1.52692
5.05095
3.55085
6.35343
4.14629
2.38554
0.973133
1.56309
1.62249
1.85746
2.4235
7.10289
6.63088
2.12244
4.73147
6.86488
4.06402
4.12259
1.0856
2.62174
1.05096
1.78721
3.3908
4.51786
2.17529
1.95515
4.52043
4.06635
3.01633
1.83387
7.55186
2.3294
4.01565
5.78562
2.69228
11.9037
3.76254
3.8739
5.37295
4.14813
2.43033
2.67778
3.10911
5.47209
8.30434
3.17797
2.00243
1.5958
1.4869
6.38897
8.20302
0.777499
2.03161
2.32682
1.84544
4.85579
5.75043
12.7744
0.350529
2.23882
1.36142
3.25546
2.61315
5.74669
6.5394
2.97593
13.5499
2.48714
4.20217
6.09203
10.5555
5.52443
9.27188
3.09962
2.33785
3.24324
1.08776
9.97558
4.90152
6.7333
2.25445
5.34323
1.78333
4.2435
4.46813
3.6518
2.3518
1.25523
1.21092
3.18588
9.13587
6.00634
3.65432
2.58488
0.939002
11.3445
3.60605
1.30542
3.44168
3.32974
1.47548
5.83898
3.22765
9.50085
6.41912
0.459828
1.27836
5.08404
14.8525
2.79284
2.24294
4.44015
2.11445
4.56553
5.90915
1.6858
1.50639
7.54166
3.39397
5.82895
3.27434
3.08135
2.5474
3.66649
9.43165
2.91671
2.57733
4.05769
1.05483
2.88999
0.665189
1.15653
10.5325
5.93774
5.99485
2.60108
9.12728
9.03973
3.19617
2.73714
1.03304
2.49193
0.835715
5.06121
0.199006
7.29916
3.53094
4.48442
9.90006
2.44971
1.69319
3.51059
6.04335
4.39257
2.90451
4.83981
2.90526
0.64975
8.47863
2.14225
2.02001
2.45166
3.87101
3.56551
2.38808
4.87209
4.3974
1.8332
0.183261
3.14072
2.9861
1.56215
1.49251
5.30836
4.0313
7.47221
1.69801
11.2935
1.93889
4.82116
6.38779
2.02661
4.60932
1.73965
3.84321
3.63142
2.01944
2.29074
1.70456
3.36393
0.0215099
4.04789
0.903377
3.29262
1.41448
3.42408
2.65182
3.05557
4.20546
8.98215
0.587281
5.04925
1.09558
5.64042
1.7994
3.99838
5.67541
2.99213
4.86908
7.93011
1.3419
3.17801
6.77078
3.01754
0.859432
0.895654
3.77831
2.39416
3.06961
3.90743
2.51281
2.36514
0.32861
7.66252
3.43829
0.806528
11.3515
0.430381
3.11296
4.74329
3.09057
2.2254
2.18509
1.63446
1.73498
4.08313
3.72419
0.92635
5.63706
3.53443
4.08041
3.66669
2.11795
0.738355
1.54604
2.4759
3.15247
9.34079
1.73024
2.52202
2.04813
4.82472
3.18952
0.984047
2.8852
2.62183
3.63526
1.75267
2.11298
1.36235
10.1414
3.90358
2.16185
1.28731
2.12128
1.45691
2.02882
0.811773
1.10525
1.51188
6.33669
2.72103
6.20711
0.297842
5.6752
5.68656
7.8144
4.80692
4.87833
3.76264
9.18354
2.04556
3.80563
5.30408
1.32033
9.06537
0.964118
4.87726
2.76628
2.81149
6.93331
4.22492
4.46916
3.32916
7.10752
2.70318
13.9759
2.615
1.05824
1.10897
3.44161
2.02236
2.49993
2.32411
1.87875
13.6332
4.81821
1.23806
5.05355
0.765014
6.10204
1.43452
3.50683
3.86259
2.25502
1.63483
2.31067
0.7025
7.98357
3.74049
1.41585
3.71211
0.869303
2.70964
1.92368
2.01988
10.6382
1.44104
3.20758
3.21564
1.29567
5.85971
3.38327
1.56351
1.26805
5.60206
3.49823
7.68418
5.93669
2.89666
3.53654
0.643722
3.01671
2.56716
0.901093
3.38802
2.42309
2.25752
11.7959
8.6748
4.1269
3.69406
3.65697
2.90207
3.35745
2.54403
3.10646
4.3776
1.47078
2.33108
3.00016
3.29379
2.47631
7.13678
1.18162
1.64537
1.68902
6.35529
3.18117
8.91677
3.16516
6.739
2.96064
0.573193
7.68647
2.37464
1.46353
4.47294
2.56582
2.72782
2.1775
6.01167
4.49514
2.06435
1.74739
4.17362
1.93638
2.12656
1.52961
2.18789
3.81497
9.06449
6.67399
4.10799
6.17712
9.65385
5.72224
9.25906
3.38509
2.78746
9.78099
1.52581
0.555618
0.91442
0.303333
7.39205
3.24275
2.04266
1.69579
2.3075
2.30324
6.82145
10.3822
1.84177
2.93764
1.7928
7.34302
11.4975
8.23946
1.49406
9.10832
9.8111
3.33363
3.39619
4.12547
11.329
2.15872
1.83128
10.4644
10.1638
4.92397
5.49749
2.99448
1.05342
0.693513
5.18018
2.77672
13.3228
3.21312
2.08075
0.208038
6.33021
5.83561
1.32685
4.04635
6.60923
3.31922
2.23993
0.975731
0.994788
3.10335
10.5672
5.53106
9.77876
1.05827
3.26347
3.4737
4.43925
1.2516
4.51468
0.213741
2.84939
3.78721
4.38069
7.20647
2.93007
0.929
1.31704
5.12662
0.732749
2.9286
3.52532
1.74459
3.0696
3.03139
1.37903
1.64606
3.11725
4.21952
2.0872
1.04818
4.32533
7.88142
7.0535
5.04167
4.3587
2.05639
2.36301
4.03865
3.06571
0.867458
1.21821
0.348111
7.49702
3.27689
2.36341
3.93527
1.16445
4.19672
7.09666
2.09366
6.39559
0.342041
0.538372
2.28109
10.6419
5.68468
4.74398
3.7667
14.0822
2.48916
2.04217
11.7222
2.0373
5.53036
4.14387
2.26079
4.98069
3.06352
0.67727
0.639623
3.90416
1.91175
2.18203
0.508239
2.83433
11.221
7.15483
1.84344
4.08037
1.91251
2.07026
1.92626
1.74645
2.43813
10.0257
10.1686
1.45518
4.63224
2.51564
1.6261
5.92494
1.61506
1.03138
3.88091
3.03654
3.20346
10.8121
2.98935
3.28423
4.68323
3.31414
12.0974
14.572
4.22974
14.8717
13.3064
2.61011
4.7633
4.43715
0.6511
0.247752
2.10498
11.4081
2.44379
1.5982
3.56023
1.51848
2.88063
13.9765
4.29267
4.5496
2.1609
3.17379
0.866092
3.06922
2.24613
2.65446
6.20827
5.88011
4.37144
5.55008
14.8579
0.962445
3.18681
3.40935
6.10467
2.24204
0.281202
2.58263
4.78378
4.29933
2.10958
5.57276
1.86721
3.49618
3.97715
0.119491
10.0476
1.57566
5.1274
5.46641
2.39951
2.47929
1.26749
1.48397
3.41936
2.77645
2.88418
3.40057
2.57822
2.1499
4.3234
1.4499
11.4863
0.870077
0.129822
3.98855
2.54369
3.90718
2.18562
5.76381
3.50665
13.2673
6.13675
10.5074
7.19452
0.843556
5.56836
2.8794
3.92977
2.8678
3.04259
6.43108
1.97043
5.61099
5.67825
14.4022
3.94469
4.94209
0.64041
3.11999
9.27546
2.08057
3.72579
2.51317
6.57533
1.94263
2.24948
1.28272
2.52703
1.50239
5.57336
2.89571
4.88538
3.27462
0.797428
1.28488
1.13386
13.7846
3.10485
13.9287
4.63419
2.99348
6.75176
4.05504
3.89244
1.60357
2.32642
3.35978
4.15718
3.45819
3.48162
5.44789
3.61448
5.3993
5.68857
2.37944
6.2782
2.58988
4.31735
2.07301
2.07687
1.21794
1.53251
1.95904
2.08608
3.03391
3.43444
2.27649
4.82647
0.894862
7.37587
2.80005
3.3256
1.8917
2.00834
0.662203
2.11474
3.35238
2.41357
2.70123
4.04617
1.97895
2.61084
4.28337
2.95338
3.19679
6.25393
2.02753
0.765228
3.95792
8.22165
4.42374
1.34003
3.10185
6.91765
2.30063
1.99773
2.45225
4.34167
2.9909
4.21965
4.57507
0.756553
8.64399
2.2555
4.37834
5.32037
1.85197
4.67956
3.95356
6.33951
11.9656
6.78261
1.46778
4.17275
2.49565
2.97069
1.0186
1.45921
2.01898
3.51461
2.9397
7.84129
1.2516
2.57022
3.04245
3.04669
7.08396
2.19321
1.5878
1.58008
3.03063
6.31892
0.184246
10.3532
3.30952
1.75199
5.19096
8.55606
6.51781
5.85176
1.9664
1.72676
2.80118
7.66671
4.54791
3.23892
4.23263
6.28863
3.01314
4.66431
2.64301
4.89079
2.38498
3.21575
6.31167
1.17377
2.37742
11.1294
4.4443
1.35382
1.4449
0.445699
4.22911
10.8754
1.38039
5.3359
3.77757
1.78175
1.07296
1.95695
14.6932
3.1609
1.54681
0.709721
1.90308
3.20248
4.88806
13.7693
3.89408
4.7551
14.7735
1.42177
1.74915
1.46583
3.77567
4.34744
1.914
4.98282
2.59692
3.19893
3.49499
5.07339
0.354813
11.4975
2.3712
1.70597
1.52029
1.9447
1.43947
5.56864
4.75993
2.34255
4.34824
6.09506
2.27518
1.27206
2.81405
1.23176
3.14116
3.25745
0.890376
1.95895
2.8325
2.62223
4.11058
1.6903
1.76639
9.18054
2.42467
5.29483
3.52311
6.14846
2.11165
3.64015
7.33358
1.97004
8.00884
9.68898
2.68812
4.96124
3.16955
1.64855
1.68363
2.89027
13.8997
2.1483
12.8199
2.6719
6.50102
2.11623
2.48213
3.05448
3.23762
1.43512
2.30932
2.2557
4.22381
6.04047
2.1838
3.49387
8.02951
3.83757
9.01581
0.957874
6.48729
1.55304
3.9566
2.66246
5.61827
1.46998
3.25167
3.03668
1.38651
