4.05018
1.42456
4.8445
7.98028
1.24646
2.84329
3.19162
2.12007
4.79195
9.52321
1.96974
6.33945
6.32203
3.09504
0.328233
0.98615
5.66269
5.41596
2.55512
4.63678
3.31843
3.38814
7.17523
3.24277
2.70968
3.0359
6.25487
4.6689
35.2035
3.91516
5.28355
1.17186
2.1797
0.223781
2.21546
1.7095
2.68315
2.52135
6.05804
5.42337
1.78253
4.59885
7.71039
3.9539
9.01141
0.816785
0.794951
0.466513
0.989615
3.92958
3.76194
3.81248
1.82148
1.84059
1.98394
1.44267
2.16343
5.28281
2.44613
11.6128
1.12881
6.86986
10.1063
2.1025
3.03087
2.02204
14.946
7.35073
4.94578
33.5181
10.0398
2.39358
1.41885
28.4688
8.16664
6.55413
2.08321
3.73814
1.76529
1.59507
2.02439
3.07281
16.9955
4.88824
10.3151
1.46142
3.22045
1.53563
3.07989
1.7626
0.846726
3.68002
5.10844
6.04526
2.18054
1.23464
4.49691
0.646079
2.93775
4.14633
1.96006
3.7087
5.64826
2.35057
1.62822
1.05608
9.00146
3.24928
3.68789
0.539008
3.60518
1.16161
2.37311
2.7253
3.67939
2.01496
2.56435
2.14823
6.0725
2.89955
1.31147
2.02099
2.25418
6.1104
3.14573
1.77875
1.14479
2.09789
2.54684
19.1663
7.42579
13.9434
1.75022
3.49525
0.754629
32.7394
0.923994
13.1728
3.67498
0.304589
3.68295
2.78747
2.86618
3.99985
2.35715
4.63957
4.28685
3.15664
4.86944
6.37696
3.75923
0.763567
0.26795
2.12815
2.14229
2.12538
8.54707
6.87275
2.10313
6.45732
2.02188
0.780847
5.43128
3.87519
2.77183
0.453426
0.864395
5.8031
3.43279
4.28906
32.6992
0.75362
3.55899
2.55211
1.11525
2.15878
5.51767
0.347695
2.49232
2.84804
3.63524
1.62574
1.1448
3.45989
1.60586
6.94105
3.50282
1.91397
4.95308
2.00106
2.40308
8.81941
3.47029
2.02383
3.15988
1.69183
2.22799
14.6565
6.30522
2.20539
2.58008
1.44894
3.1128
2.07474
4.28269
2.1093
1.12755
2.70996
5.71817
8.82005
4.32825
8.45003
2.27655
1.2705
44.5863
9.851
12.4561
3.96925
2.51319
22.2104
1.47787
8.89395
1.73882
4.75796
2.88946
3.82843
1.11864
1.33773
6.9949
1.94837
1.26432
5.37614
4.60104
6.75505
28.615
0.476897
2.84144
3.14415
11.2489
4.71225
12.4876
4.01952
4.01216
1.18804
2.69524
22.9233
13.9165
4.6779
1.63054
1.90347
3.48146
4.61417
5.90783
1.16324
6.19719
3.05334
0.810341
20.4198
4.49923
1.7484
5.10319
11.5702
1.99957
0.438078
2.65249
1.21185
0.338935
3.50672
16.6731
5.78143
2.19478
15.0984
5.02004
7.94215
3.19117
7.06083
3.34105
6.64803
6.82458
2.5322
10.1056
12.4041
1.46063
1.56333
2.21952
2.74977
3.11462
2.11481
24.7364
9.97785
2.83375
1.7596
4.61468
3.65473
27.2318
1.26684
8.79445
3.1812
2.48047
1.57735
2.41679
0.796119
2.09683
2.60888
2.1331
5.02365
5.53667
10.5394
0.812449
19.5019
6.27776
1.75264
3.27151
1.83986
13.162
1.38449
2.71616
5.9193
4.52891
3.92823
2.58078
3.41505
0.994061
1.28144
1.30913
12.6327
3.71851
1.98101
1.47338
1.37946
7.18545
3.25568
2.35158
3.39963
2.735
3.19621
0.473401
2.16897
1.70958
7.70135
3.7061
2.69227
1.18918
1.89001
14.452
5.32259
4.15443
2.72341
1.3577
0.491435
2.96089
1.53921
1.00179
3.67553
3.7706
2.34914
8.50455
7.13366
7.11995
4.94414
3.30191
3.89106
0.846698
1.95905
3.39222
3.79733
15.7055
7.9113
5.34483
0.407719
2.05557
9.29674
5.05536
8.52279
9.20983
19.4696
3.29521
2.74171
6.68898
4.91249
6.7636
2.67684
7.51731
2.30923
4.7388
2.8795
5.04943
3.07196
5.4884
1.91003
1.68043
6.36607
2.14622
1.99079
2.07805
16.5629
1.58669
2.87628
6.46994
1.8958
3.40185
6.86369
3.3052
17.623
2.99734
1.96687
1.41619
1.51419
6.36745
2.38022
3.02968
9.11542
12.8976
1.35718
3.39698
2.64283
5.16055
2.56484
5.29663
1.64482
8.90037
0.988951
1.15688
1.32015
25.0086
7.95956
1.9934
1.07046
4.11364
2.9465
4.21876
106.222
2.28752
1.52558
1.42629
1.07685
3.19796
6.7824
2.07312
2.16743
3.52841
4.92853
4.62299
0.878878
7.4808
0.723292
6.54453
4.08441
3.3163
3.0534
2.825
0.349107
2.82035
3.10787
5.06673
0.746367
4.06437
8.80251
5.89953
59.5259
3.37022
2.12326
57.2194
3.01144
2.55626
27.4185
1.60574
6.69907
1.48022
3.18109
9.11163
1.90989
2.1154
1.036
10.2094
1.78806
4.38107
2.13163
7.12352
1.45963
2.17436
0.561038
2.10447
3.21216
18.5714
8.98821
1.99853
5.29115
0.704223
2.92358
4.68181
2.69579
3.91959
5.60602
1.85423
0.540309
5.41542
15.7361
2.05945
1.9396
2.81244
5.55784
2.40348
2.31908
1.52564
1.67604
24.1585
4.53173
2.57106
1.95621
8.83628
5.02184
3.32573
15.5594
1.0651
0.840165
2.99337
2.5091
8.38723
0.727749
1.32635
7.55662
1.20132
5.28554
5.4187
9.52108
4.53838
31.1178
0.870609
1.66129
1.69691
2.03795
11.7572
3.23679
7.50644
2.06344
1.42774
1.94666
3.43374
5.76271
0.109462
4.64625
13.5969
2.90504
1.97128
6.03413
4.9129
2.58656
4.59637
2.76046
0.845006
2.38211
5.52703
8.04256
20.2802
2.50653
1.53566
3.42388
5.06819
1.26329
0.851307
10.2977
3.38981
4.93339
1.35848
0.36675
1.4958
2.55116
1.81512
3.04758
1.42214
10.5801
1.52992
8.4776
17.845
2.09591
1.25873
1.6814
2.01181
1.51514
10.0272
25.1896
2.08674
8.12423
8.09465
10.6607
7.25609
7.76095
8.429
1.50374
6.1313
0.419474
5.59078
6.49946
2.05505
5.54276
3.66267
12.8909
1.29229
3.11325
0.659133
5.64784
1.21069
2.10612
6.26054
2.04846
3.14765
1.95037
4.84341
2.64515
14.0462
2.51894
1.04931
5.59419
2.09844
5.17585
8.92759
1.98162
4.90044
3.24779
11.4089
6.14043
1.32313
13.4591
3.0147
5.55855
16.9786
2.97655
31.8325
3.66144
6.12215
1.32236
2.20847
2.52794
63.1496
4.68333
1.68527
2.8131
1.63361
1.00232
5.00166
2.72755
7.31286
1.73694
2.96864
4.20524
1.87494
22.8333
3.76332
4.33941
3.59472
1.5174
32.2825
2.41476
1.20979
11.4703
2.25564
2.89093
7.57173
2.51177
5.22104
3.59082
1.52042
2.26793
6.60798
1.0849
1.69887
3.02555
4.57659
3.00632
4.09075
0.836736
5.29253
3.44133
19.0916
0.413879
0.540262
5.61213
2.9799
2.04592
3.10626
4.71174
1.8827
8.53488
6.34458
0.464854
12.7875
3.42974
1.04347
2.60262
4.98589
11.7256
5.66801
6.40872
3.20835
3.93171
3.02358
2.95222
2.05558
2.79911
4.33933
3.57555
4.75484
1.59038
6.39415
2.97902
2.20336
1.92408
0.858201
0.489212
2.25614
4.56082
1.81872
2.38498
9.38828
1.97893
3.0347
3.29338
3.32226
2.48824
1.44777
0.752054
2.73204
19.1937
3.38911
2.67331
0.536146
2.57141
2.89539
6.49959
2.42021
0.993243
4.41399
3.40015
2.27018
3.52467
1.53573
5.48577
3.14953
3.97903
3.50745
2.85771
1.6524
6.54309
5.56825
0.470078
2.66419
2.36035
9.66377
6.45368
3.44587
1.56538
6.618
1.57753
2.49246
1.46155
2.54112
3.38465
17.4316
3.91921
2.04435
3.47983
1.63471
1.14931
23.593
0.133912
1.43099
2.06552
6.81116
1.42561
4.31816
5.92812
3.63196
0.566252
3.17902
5.89715
0.918215
4.54792
3.45906
2.26275
2.07558
8.59146
1.29881
3.72183
21.628
5.8407
3.75419
1.08774
4.64358
1.84996
17.5415
4.51772
3.00815
3.04106
2.84458
0.807599
0.562396
19.389
2.74462
1.37909
4.85641
7.33755
0.628638
7.64073
2.32706
1.72346
1.29854
0.389646
0.82261
3.79204
1.54592
4.59185
5.32398
3.11136
8.57999
2.54921
6.87118
1.50072
7.28813
3.11702
4.3749
2.58093
8.71081
2.01816
11.2474
32.9164
12.4555
30.6397
13.554
1.49097
33.8577
2.58843
22.2287
5.29962
1.701
1.2314
0.932814
3.98497
3.19879
28.6491
3.0815
0.646188
5.20271
1.72633
2.93681
3.61328
1.26109
2.44512
1.93344
10.0165
1.67485
2.50962
100.426
0.940481
1.58889
3.44236
2.12801
7.19207
4.29595
0.987371
2.64258
3.43771
0.886202
2.06753
1.28816
1.84472
6.13082
3.4924
3.12375
3.69415
4.95687
0.825099
9.42859
1.41169
4.07808
3.84903
3.44922
1.65967
1.35798
6.46856
3.5498
1.15165
1.84547
35.4609
13.9882
1.23209
2.2037
2.60386
2.92023
2.83796
3.73276
10.126
1.29282
0.859403
2.76123
1.80385
4.1144
4.8245
2.92079
2.22911
2.39319
3.42941
19.923
2.64162
2.3315
0.262901
3.79799
1.25318
1.51269
1.24469
2.8688
2.09183
2.76536
3.13287
7.52346
1.54355
2.9316
3.01178
10.0136
1.71537
4.60247
2.95868
1.4268
1.77755
6.35656
0.419444
7.2511
1.59412
11.4474
1.36319
11.4848
11.0869
6.54092
1.99306
4.87054
4.47249
2.94506
6.4712
4.95733
8.02983
4.2428
1.91178
2.81938
1.78959
3.3079
3.18654
6.55498
5.36939
2.46372
4.70491
4.54641
3.74837
7.37259
6.6143
5.94231
3.42963
2.8772
4.1562
4.59147
1.86444
3.81879
2.05367
7.52136
1.51567
1.88569
6.27938
2.42059
0.176063
6.56088
9.04894
2.13379
15.9786
0.592917
1.63633
1.69145
4.5415
1.24577
1.47259
5.31754
1.63294
4.41058
3.28547
1.17575
35.0585
6.32624
2.99372
3.00783
7.02716
3.02023
6.56879
4.365
2.04696
3.04643
1.73803
1.32386
2.94766
4.87133
1.89849
1.78171
1.62779
2.99095
30.6518
0.903569
1.2564
2.48403
4.33932
0.710632
3.21346
3.77445
0.757401
6.81504
1.72232
5.58735
3.54574
2.17573
4.55101
3.58094
2.48513
2.40257
22.4447
4.41592
1.99919
21.931
10.5259
9.23099
8.03573
2.63007
0.53945
2.22766
2.23728
2.10569
2.8399
1.61962
3.03038
1.51853
1.52114
3.73955
0.997333
6.05214
4.96634
2.08408
2.20755
1.29815
1.46534
1.92374
2.19239
8.5626
1.59815
5.89649
16.5057
6.45652
0.950999
1.09079
1.52338
5.97311
1.05083
8.07588
4.39053
0.824385
4.77241
13.9266
1.50199
2.11763
0.84237
0.99405
3.51874
1.33187
1.5814
2.55602
1.77787
18.7811
6.02083
3.84775
9.742
2.29774
13.3781
3.46765
2.88597
4.47751
1.71188
8.38185
2.57117
147.294
31.1445
1.53943
1.38233
22.6644
1.25843
6.13046
5.93004
5.5548
0.881235
4.13323
2.28706
0.474095
1.75751
3.31168
1.46834
1.92909
3.67053
4.56591
1.1641
11.6792
2.06234
5.392
1.99532
1.74221
0.816046
3.08899
3.78579
2.89055
1.16407
3.45868
3.36788
7.25237
3.61693
6.92083
4.34962
3.8353
1.67145
5.51579
8.65116
1.13059
6.07146
2.6414
0.993422
6.72867
25.5413
6.81728
2.85661
1.24052
2.10907
13.1051
1.29669
1.8701
4.91286
2.23005
3.50104
3.10903
3.07957
5.0425
4.98059
1.51097
5.20973
2.28531
10.5445
6.24628
1.5133
5.55716
0.889894
0.722155
3.51359
2.42446
1.51099
10.2749
4.35332
3.50568
1.14408
7.03457
1.98093
4.45294
5.08744
0.710143
7.08764
4.68292
1.78236
0.964222
3.0928
6.29468
4.70247
2.90234
8.12503
2.29939
6.12036
3.93956
0.264647
14.018
4.3063
8.99589
5.24237
2.53624
2.64651
2.84046
8.28454
6.89464
4.8003
1.24526
2.56178
2.3496
6.63604
1.49812
1.38808
2.4212
8.27823
6.69665
11.8183
3.2781
0.61359
1.28762
5.15261
0.810137
16.3037
2.38936
0.709024
2.48392
9.62655
0.849763
4.65404
3.79249
2.55039
1.28152
1.97383
6.22446
4.27248
7.60589
10.0652
3.94996
7.60318
6.20611
5.27008
1.85212
4.71762
10.2285
0.861026
1.74989
2.22922
5.00281
7.3554
8.24095
0.431111
1.62873
1.0035
3.41534
0.533409
3.93029
1.97942
1.20972
11.9854
5.21646
3.72536
5.90204
4.09099
1.26296
10.8522
7.01555
6.38963
3.30212
2.34571
6.17768
1.56269
7.2357
3.7567
2.10787
2.15294
4.90747
4.75682
7.43462
2.24966
2.27576
2.18923
1.40385
0.918545
0.940639
0.901821
2.00141
11.0184
7.01219
2.45713
3.10038
2.70967
4.8265
6.87052
1.76671
3.34864
3.36363
0.848168
1.21427
1.05655
3.4183
1.26899
12.5936
4.8017
1.13074
2.92929
0.628785
0.566556
4.91151
1.8627
2.31065
2.18558
0.138695
1.4484
4.23267
5.5437
18.3873
20.0848
3.46927
1.91252
16.4245
8.54443
2.27312
1.26251
6.86652
8.28096
2.52323
1.40183
4.30857
3.41271
1.63088
8.12706
2.36549
3.93219
0.511577
3.57986
2.5698
2.11682
0.191199
16.7784
3.19086
2.64543
3.74405
1.37298
4.41156
0.703018
1.8513
6.12105
3.69282
1.39357
3.1011
2.00733
1.63034
1.55988
4.95599
1.17547
11.2735
3.04736
1.24744
0.532646
3.36137
3.04275
3.38347
2.03887
7.11295
2.17962
2.58579
10.8683
2.4939
4.00628
12.0998
2.00349
1.69811
9.73962
1.12641
9.1759
2.5074
6.14231
6.04483
16.1774
3.35022
1.15631
1.38738
3.45964
0.908858
0.80381
2.20903
2.91304
28.537
2.54705
14.3734
11.7995
3.44666
3.28839
1.00987
1.32366
5.78488
4.3588
7.10097
4.01741
0.839253
2.33839
5.14382
14.0048
0.772487
5.09463
3.87332
3.75634
2.78668
1.92076
2.09401
3.26811
4.23092
4.74868
0.358808
8.86713
0.996378
3.96632
8.97572
1.75175
3.89847
1.66604
8.07114
2.83663
2.12658
11.5487
2.29425
12.535
3.14563
4.93094
2.82931
1.03393
4.68592
8.81534
1.33711
1.79337
3.17044
1.71773
3.25195
8.38969
5.58022
5.02685
2.20174
0.794239
1.44047
1.3632
3.79165
1.67719
1.76904
3.11957
12.7929
1.07491
3.57298
28.164
4.21435
2.13945
1.33345
16.4006
2.58039
1.98783
1.35659
3.66615
8.50907
2.96748
10.7266
1.60244
11.426
2.75863
3.64105
3.08502
1.14199
1.04737
2.49265
2.74243
8.89174
1.13213
0.749611
6.25026
2.20774
6.31357
6.17075
2.55467
2.54031
4.90218
2.11562
9.10726
3.09918
0.712297
34.7674
6.41695
2.06494
2.28486
2.27777
15.4735
2.69608
3.14663
3.42153
6.82354
2.21427
2.85267
2.2321
2.06249
0.931543
1.64852
1.07612
5.71976
5.64232
28.1585
3.35691
0.41361
7.35577
1.93449
16.4421
3.58826
3.17474
2.7172
3.79576
1.50423
11.3985
14.2934
1.45676
2.82508
3.65129
0.282912
1.1847
3.68196
3.24481
11.0963
4.02561
2.41041
1.96004
2.09588
10.481
3.85127
0.896787
6.12589
1.69384
4.83007
1.7879
2.61386
1.24297
3.47783
2.64965
5.13354
1.6077
5.55453
4.6178
2.21448
1.49357
2.6353
3.44833
2.42175
2.52046
3.87826
2.58037
2.46999
2.88354
3.50048
1.79575
2.87767
1.75627
2.03269
2.77099
4.19265
0.38077
2.04972
3.03232
1.43124
1.89386
1.35784
20.7825
4.2744
3.93969
2.66123
1.94758
13.6556
5.58668
2.13675
10.1177
2.23687
3.57364
1.87417
3.28734
2.10939
3.81023
2.55293
1.63111
3.67837
4.06688
2.86053
2.25493
1.3991
0.917889
5.89581
3.12458
4.9992
4.97969
2.60947
3.25854
11.7396
3.2969
4.79182
3.95027
7.22373
4.26382
1.66733
14.8862
5.98925
3.94711
11.5151
2.55108
1.941
1.65304
12.3657
4.94007
9.866
4.37653
3.01819
0.423097
0.890239
3.10616
1.79341
1.64499
2.88787
2.6446
2.18562
7.95433
15.9029
2.07871
2.19793
5.12157
0.472463
0.911915
1.73847
2.8092
1.5204
9.77136
0.986184
11.0843
2.26634
23.3301
1.62389
1.72808
1.76562
5.39815
2.77975
1.24685
3.09806
1.57727
7.71149
2.40156
47.9428
1.0568
10.106
8.6625
11.699
1.24142
2.24619
1.74565
3.86769
2.07588
3.14074
3.59358
2.89433
0.959256
3.3932
6.55172
2.91007
11.054
1.76945
5.79818
2.58561
3.42053
3.19197
2.2544
1.1681
1.48969
10.2022
4.57821
11.689
6.77031
2.62754
4.38187
28.6901
2.03604
4.20867
2.90248
4.71786
2.27779
0.387743
2.99552
3.85137
2.78817
1.87117
1.68927
6.8
1.95519
2.23656
0.451131
7.32669
1.61908
1.37678
17.781
4.73936
9.48168
0.607083
1.12417
5.35801
19.226
22.3584
3.9255
2.00831
26.5982
0.984557
1.89689
5.28083
5.46393
1.18306
2.3353
11.8512
1.07991
2.40498
2.91407
3.92809
2.63677
1.63541
5.04196
1.21746
1.65247
3.40634
7.99336
2.17071
0.880275
1.75431
4.12086
5.89219
0.817005
1.98686
1.12398
1.10837
3.24814
2.82235
13.1169
1.71758
2.58293
1.65961
0.961855
1.68875
4.92056
1.88965
6.7588
1.69351
4.00785
3.67324
6.19748
2.00441
3.67368
4.52111
3.13419
1.53218
2.33208
7.75625
0.572511
5.86181
0.704126
3.26075
4.40408
4.23591
1.9107
4.52964
2.43586
8.25877
1.04913
0.94873
12.5658
65.8171
1.56516
1.2477
3.3713
1.12418
0.960807
2.58375
3.52106
2.32138
4.71869
1.52226
3.46568
6.27542
3.55691
1.37001
6.5287
1.93356
7.05439
5.30469
5.45553
1.43855
3.27838
1.83947
3.62292
1.98108
6.29482
0.74674
5.5075
2.74001
1.70361
0.978191
2.78505
4.39006
3.11155
3.3967
22.6732
0.939364
16.0079
1.00314
1.45426
1.39391
2.88537
2.10152
1.25666
3.81056
0.400465
0.544951
4.69187
2.39676
0.877113
3.23412
4.70913
8.53424
2.80205
2.80256
1.54368
7.77358
1.38755
4.17658
0.644042
3.79596
1.6664
3.61596
1.02684
1.23597
1.02325
0.565769
1.05419
13.0241
5.96143
2.55587
1.62342
9.47495
3.97322
19.2039
0.430572
0.967039
4.28557
1.7978
1.02552
3.79702
1.05489
5.70375
3.31358
2.41039
6.46659
10.0539
6.0585
3.17901
3.00564
4.49186
2.15604
1.87802
5.71544
9.85692
4.54975
0.305807
3.41723
3.40967
3.39992
2.48482
3.556
2.97554
0.628498
3.60445
30.165
3.77682
6.33019
2.32434
6.30925
11.1973
0.945662
3.99913
3.38297
2.23382
13.5731
5.10936
5.07775
1.94589
3.49245
1.96057
1.78862
2.31566
3.75276
7.24899
15.3961
6.2937
0.365432
2.775
15.6833
4.37679
4.35065
7.20667
4.92331
3.91982
3.59038
3.60861
3.02514
2.308
13.9361
2.38245
9.02505
8.94369
1.05551
3.6297
11.6724
3.6596
5.3144
1.94035
1.85478
1.9116
0.902947
5.83421
1.67071
2.20648
2.84008
1.54824
1.98508
3.03553
1.10983
1.51181
2.58118
0.949369
5.69316
1.3514
0.66816
2.36845
3.47784
6.43526
11.6942
2.48693
3.11191
4.42708
18.2202
2.65345
3.03419
22.2127
2.52921
8.89291
1.95302
0.66783
3.82598
3.31618
1.60701
8.45694
8.18281
2.90208
1.55009
2.68132
1.3101
6.58042
2.65617
7.75833
2.35041
5.26279
2.59328
4.45728
3.10349
1.89131
2.95114
0.665662
1.97252
1.25027
2.53958
2.88029
7.0322
13.3797
5.77797
1.742
6.05406
2.21915
40.2097
8.52819
5.36728
0.380636
0.714072
3.82244
2.27119
7.43134
2.5233
0.344851
2.57697
2.0766
2.46084
2.01668
6.47732
1.82724
4.90754
0.99511
1.1686
4.47902
3.23564
1.24272
2.90285
2.49692
6.36051
6.98093
2.0683
43.5026
1.60402
3.47167
2.88035
3.65772
0.921301
14.1653
3.64515
3.1721
1.39126
3.86609
0.817237
2.26169
5.25798
2.87059
1.13645
3.13932
2.20376
3.51401
13.0806
1.93824
3.50238
3.99108
2.41942
1.55114
4.70778
1.76738
1.40528
5.00723
1.79095
2.27418
2.27522
5.13387
2.73804
4.47268
2.66716
5.14064
2.93871
2.33605
0.762868
4.32493
2.27392
3.26488
3.50343
3.11825
4.38312
0.822736
3.82074
5.31221
1.17017
1.87002
1.35464
1.68065
3.02068
3.27603
6.20852
2.90739
0.541552
4.34632
2.41353
1.22266
1.95622
7.97498
2.4524
0.797451
2.94747
1.8919
4.66142
0.776414
7.70918
4.96001
2.20523
4.32281
1.47095
2.10812
2.9006
2.04171
2.05278
2.27976
1.39298
4.03107
4.67225
5.47976
2.12115
4.73895
5.73712
2.9031
6.4042
1.24717
8.94981
2.52061
2.65614
4.53811
1.13491
1.63337
1.06928
2.30101
2.32412
1.73328
1.37119
5.31743
4.51868
7.22234
3.78778
2.3201
3.61309
2.11123
2.33466
1.4602
1.0269
1.92631
2.44768
0.460116
7.64697
1.80246
5.41579
2.76968
6.70432
6.03422
3.59365
3.44938
0.0469022
12.1808
2.07885
1.93753
0.960282
7.17286
5.20211
1.43191
1.74398
1.42379
2.05525
1.83551
6.44446
3.29801
3.12323
2.58271
4.11981
2.94126
6.40673
57.5538
4.82589
2.21527
9.06573
3.48264
10.2715
1.1151
5.22723
2.00337
8.58001
3.25861
2.86361
4.61407
1.86586
0.921867
1.98853
5.86898
1.36059
4.0277
8.44324
10.7439
13.5875
0.88272
4.39339
1.22943
2.84268
3.24765
0.885223
1.99149
2.76214
8.08924
6.36069
5.32933
1.77248
10.2145
26.2418
17.5864
3.43999
5.93374
2.44746
1.87518
4.37585
6.75604
4.20429
3.83831
1.48833
2.55558
1.73161
12.2812
1.55751
2.20527
2.94645
2.46156
23.4468
0.694581
0.679003
2.80125
3.73657
2.18471
0.936482
2.42898
2.4416
2.22746
1.76919
11.5877
0.796495
3.25169
8.30574
0.706498
6.05186
9.13556
4.14373
2.3834
1.21671
5.47776
21.2535
4.20846
13.6885
5.29192
29.3538
5.13168
2.30885
2.1816
4.94042
1.64651
2.7916
3.92826
3.20131
1.60804
1.12082
2.96271
2.34532
3.04916
6.57603
1.68488
1.51111
2.39618
5.87517
0.932058
5.49303
6.85893
7.00947
4.74726
2.06857
3.46861
1.97736
6.06678
8.48231
2.43169
0.826976
7.02391
5.06106
3.99634
7.36197
2.56924
4.33919
4.56652
9.37242
2.76578
8.39354
2.27657
10.0125
3.10858
3.47289
0.638235
3.43305
2.73269
3.14652
2.45934
0.535505
1.11576
2.28005
2.61092
3.82266
0.924481
3.03946
2.29069
1.06761
0.359685
2.01387
0.944402
2.26878
1.24071
5.62544
18.587
4.99932
1.81281
1.93863
6.10728
4.39402
1.95464
14.2758
1.61619
4.28535
7.84304
14.4794
1.70442
3.24292
6.62419
1.10483
2.35553
1.11155
2.27904
2.87563
2.75875
2.5774
3.73187
4.59641
1.05773
1.85761
1.33639
0.653968
2.35026
2.6043
3.7351
12.5432
0.445266
1.01154
1.51835
11.079
12.0017
2.86216
1.55881
0.711764
22.0823
3.75797
0.815357
2.40318
1.05299
1.04045
1.22922
2.33336
3.87263
1.16983
23.0233
0.98554
4.37522
5.09191
4.49714
12.4881
4.36994
13.9677
2.35855
0.810968
2.13858
1.00719
2.08164
1.41845
14.4813
4.66988
1.26655
1.83943
6.28379
3.99293
8.33776
3.20651
2.27333
1.79871
22.9647
5.5218
3.19665
3.34112
39.0964
2.75636
2.87953
5.11567
4.29642
11.6576
9.35794
35.019
7.54786
2.74633
1.54735
2.9597
1.4691
0.715419
6.96889
30.2534
1.72924
1.64273
10.2903
2.23642
8.21794
0.834988
2.65527
1.1539
4.78831
104.553
5.82374
1.0397
5.0544
2.24794
0.706995
2.1275
1.67624
5.35142
6.06453
1.48164
1.26122
1.28114
1.93725
1.53848
4.64889
4.3167
12.0915
9.43734
1.92416
2.82203
2.96501
1.57563
2.35278
2.5992
3.25853
19.3497
8.32571
1.42934
6.85466
2.81817
0.942536
2.3203
5.64092
1.8706
2.14666
4.28249
2.23665
0.377016
4.74803
3.80015
7.19587
1.77222
3.52864
2.39504
2.45525
3.20059
1.98829
2.99197
1.04171
7.98693
1.29576
7.25416
5.78888
11.5074
8.3621
3.81725
2.92819
0.826699
6.92566
6.21119
1.78758
14.8496
2.8732
3.65156
2.59771
1.07417
0.974345
5.83646
1.8223
1.42468
1.20263
2.36884
2.87689
5.02445
2.15281
1.00074
2.68804
0.818567
1.48001
3.54209
6.36859
1.14371
4.22764
4.6077
6.84158
10.0062
4.29897
3.13597
1.0918
2.07608
2.68578
7.54683
0.476219
4.29639
14.2793
0.272622
11.4091
0.35617
2.64806
1.90223
2.38453
13.7328
4.83128
12.1794
5.77894
6.69235
3.89331
1.35119
1.74004
3.97358
1.66802
3.30842
7.62064
4.83553
0.85539
1.91467
15.4173
2.05162
2.40528
10.8635
11.9834
8.42485
4.37524
2.97575
3.1684
2.77436
6.69768
0.82004
11.2121
2.55128
0.936644
1.02656
8.86735
3.11807
2.11321
22.847
3.20919
1.75762
2.29289
1.36373
2.93093
1.94206
5.11336
2.8197
1.23742
9.73053
4.64351
13.3267
3.21442
6.23467
1.62081
1.86212
13.6349
3.71174
51.658
2.98716
2.56975
2.18699
1.73084
0.518006
8.11275
0.867423
1.34374
11.5187
6.32192
0.503067
2.01133
5.81081
2.2064
2.13185
10.5555
19.863
1.55061
7.33103
1.24051
2.74573
1.13246
0.834989
2.14006
5.42336
9.29349
3.65814
1.73816
1.14599
2.04455
3.56139
4.2822
20.0082
4.25523
2.86024
4.0994
0.89124
10.1356
0.794811
1.5208
0.709707
1.81688
2.37151
5.39885
4.0739
1.96596
3.57868
3.29645
11.3547
0.567627
10.0635
2.96591
37.9578
5.74221
1.71371
1.98463
3.25466
2.97273
3.49394
6.51491
4.74525
2.9792
10.4911
6.06316
5.99613
6.18233
2.91659
5.23469
0.492275
1.55729
11.5157
3.24425
5.49247
2.20224
1.51079
1.9191
2.94219
1.85254
2.4573
6.02981
6.66365
1.53396
19.2235
17.5815
1.74212
7.42029
1.44
5.78138
5.30777
5.57692
3.3011
1.12319
4.08452
10.2172
4.7666
4.85183
5.8533
2.19287
7.53077
1.78327
5.77546
2.45269
3.47546
1.4219
2.76181
1.50001
2.11103
7.17289
1.46423
12.6246
2.33151
4.51895
63.3506
5.57897
2.03379
3.87011
3.59226
7.80303
4.44302
0.87283
4.15186
1.77418
1.15514
0.547473
2.92843
2.83518
4.00554
2.25312
9.18638
3.1014
3.03612
3.64933
3.4271
4.8247
1.90439
3.77762
3.48322
29.8259
1.89434
6.04319
4.75265
8.11477
1.30518
1.97169
8.95142
1.75623
2.3884
5.70474
9.22954
1.2019
5.31206
2.62779
13.1055
4.26311
10.5375
1.50227
0.905157
3.84091
0.365046
1.66239
1.47453
51.3845
1.97142
2.22424
48.292
6.33107
1.54231
3.82906
1.70568
2.69236
6.64671
0.481167
7.35331
3.11384
3.10228
6.94654
0.990815
1.67892
3.24865
1.50394
14.3002
1.08629
7.69706
0.730052
4.20893
2.1602
1.28851
1.08918
3.40045
2.87186
2.6214
1.65181
3.00339
1.92617
8.07137
2.43763
0.771479
1.90086
0.987993
1.15462
2.35978
6.75235
9.5876
1.37402
2.38429
2.06472
1.52978
23.0517
0.792398
3.11882
4.8305
1.29097
11.2617
5.04803
1.08633
2.15917
6.68535
2.29138
10.6391
7.1873
1.23911
2.85546
4.30372
4.54793
3.11386
2.9107
1.63752
0.882802
1.84351
0.625595
2.02416
2.65615
2.69972
1.14115
6.64394
1.66583
4.2475
4.25217
2.28717
5.13229
2.01851
1.62981
1.51808
4.52818
4.17759
3.3015
15.807
3.01952
0.941649
2.99578
10.4075
7.31192
2.60091
4.57772
3.15623
15.6108
2.17272
2.12599
3.23887
4.56969
2.43321
1.48272
1.64384
2.43862
0.706128
3.87064
3.06779
1.12151
1.90306
1.48552
27.0081
21.9274
2.44222
4.21484
7.62561
2.80281
5.81913
1.16222
1.63524
2.36802
11.2155
3.91586
4.25702
4.13355
5.09257
1.32094
15.1445
16.2278
0.98156
3.41563
3.57668
7.22803
9.14641
2.13696
0.755317
5.21867
5.58566
13.0117
5.14879
9.11814
2.84207
3.67506
1.98154
6.12873
1.98454
1.79767
7.4439
3.87599
4.44226
5.88006
3.63458
8.05425
15.7035
17.4788
3.18554
2.45333
7.18396
0.419562
10.9315
6.6544
0.500845
2.95888
4.14331
4.03693
6.77154
2.64609
12.1642
5.06192
9.62611
0.939077
2.29495
19.9628
1.20074
2.35843
9.18972
2.63577
4.11876
2.75134
3.34655
3.96877
8.79928
1.01494
7.16787
0.0895348
2.29211
1.22312
7.80956
1.31832
9.78041
2.58065
4.24615
11.9218
2.7049
3.08473
1.33427
1.06879
1.70468
3.71955
3.46167
7.98428
4.35155
4.36833
1.49791
1.95607
1.42311
4.16764
6.21627
0.472836
4.81787
8.81516
8.50263
6.5548
4.4488
21.4965
1.48874
2.34291
8.35155
5.62106
4.97627
20.2892
1.50653
4.53387
1.58414
1.36649
5.76945
1.81608
3.21138
2.425
4.44318
2.20665
6.10338
2.13373
1.98386
7.17903
6.48169
4.11111
4.71941
1.69163
2.55381
4.78764
3.67105
7.92167
5.75686
1.18955
12.6117
3.12458
8.68622
4.39939
5.79934
1.17114
2.25037
4.7316
2.17633
3.70061
1.63176
0.678387
3.67552
0.524169
5.49789
3.97539
9.15229
2.91152
11.4436
3.14155
1.93872
2.17721
0.811832
2.19655
0.978064
0.504093
0.490177
1.57351
3.84163
1.47026
0.367106
8.46562
1.78089
1.91308
0.883642
2.34931
2.78767
2.06149
2.82427
3.25615
3.06045
0.437089
2.87528
3.25934
2.96945
2.05002
8.06761
3.47469
3.05132
1.62231
0.425788
4.23929
5.43471
1.18452
10.3143
2.37891
1.47124
2.49522
4.49644
1.42337
3.28605
5.08364
4.43267
3.28951
1.78124
5.25047
1.99447
1.27107
3.2941
7.56616
10.7794
3.66724
5.66946
10.7347
3.61249
1.61233
2.29308
2.05479
3.56038
0.672141
15.9809
1.50849
1.44301
1.61719
1.56353
4.46589
7.21129
3.76024
2.47918
2.7134
10.4147
2.11791
4.18218
1.30742
2.00336
8.07422
3.5839
3.89488
7.56691
1.47881
1.97688
0.454079
3.1435
2.31112
3.58357
2.90778
3.44127
9.41924
9.40774
3.29482
4.52734
1.3788
2.70368
0.970219
22.0455
4.03644
7.07245
11.4478
6.44946
11.242
5.52516
2.24467
3.61511
6.31316
4.37143
2.59948
3.05091
12.7763
2.81322
1.84665
9.18504
11.0262
2.33243
1.79196
1.73127
1.88266
0.541118
1.62759
20.889
4.07935
7.34169
20.008
23.8734
7.34096
2.59537
1.35719
1.32218
4.97915
1.08402
4.49814
5.97162
1.00971
0.803816
11.4809
5.38181
8.01544
2.91399
4.84511
3.10979
3.27797
3.62932
13.4704
0.412797
0.937987
0.384243
3.33123
4.69675
5.51464
4.09632
1.52207
17.7152
1.36813
3.96114
3.17704
2.5568
13.9404
1.06234
3.94582
4.30644
4.30537
0.741907
4.75938
2.58505
6.34417
4.97812
1.63904
4.88129
7.31385
1.32737
1.69671
1.16493
1.00962
0.876388
5.89314
0.83171
1.10317
1.60464
1.71634
3.86807
1.89621
12.0677
0.609847
5.8476
9.19425
1.66916
2.79162
2.36472
2.63425
3.96557
7.26886
1.76738
5.7808
6.09812
0.932113
3.46593
4.58306
4.48506
1.1208
1.47852
92.0162
5.1845
0.667653
2.24593
10.4959
0.729268
3.67179
0.923203
0.743914
6.46305
5.02447
1.75409
2.56726
0.844663
1.70397
5.60656
2.90132
2.00132
7.52861
1.5818
1.69547
1.23084
0.664238
3.14434
2.49599
3.81466
4.98848
4.09055
3.59004
8.8756
6.5726
3.7898
2.24368
5.4318
3.84589
1.27478
1.02094
2.45404
1.53864
2.99658
2.20375
2.55069
6.68598
2.70533
8.42074
1.42379
2.02427
0.380365
0.490517
2.39881
1.49361
4.87202
4.69187
2.51211
3.57158
7.12104
1.39365
5.85909
7.21511
11.3098
8.26213
13.7823
2.63157
5.70715
3.17262
0.806889
6.77256
1.12237
12.6334
2.9503
1.83562
3.69586
5.41195
2.72186
3.57177
2.44488
2.83508
2.63533
1.89189
1.87197
2.00586
1.17697
2.09254
3.29473
2.91984
0.31774
4.2759
5.47438
1.64529
5.469
2.76091
0.868791
3.94019
1.62048
2.85344
5.89314
1.84802
2.58207
1.22744
1.64575
2.78243
2.12405
9.01328
1.54941
2.21151
4.5176
3.97844
1.78738
1.83029
0.360995
1.07041
1.48219
7.67185
18.0524
4.66589
2.35115
5.44771
2.13905
2.10999
18.7694
3.42457
4.79925
9.60497
2.60851
1.84301
1.13937
1.57366
5.35224
7.21006
7.55964
7.89821
1.30289
1.38911
1.4321
1.16425
3.46478
2.40162
1.4219
2.83437
1.25448
7.71397
1.52118
2.70734
3.4564
1.75766
8.30845
1.01632
3.5908
4.70878
3.61974
2.34706
9.00027
1.96882
0.963688
1.50612
6.84938
1.20995
8.02522
1.92117
2.71221
1.15292
6.86047
3.75105
0.934101
1.70517
13.7042
3.12099
3.39326
0.926132
3.79945
5.35582
0.208121
7.37417
2.78335
3.00266
6.60145
5.71172
6.19707
1.87991
2.07969
2.27446
4.66344
8.03535
1.43782
3.48046
5.85372
6.06013
6.97394
3.2062
0.446409
17.9062
0.984953
2.82092
2.14005
2.97424
2.79143
10.4202
3.27144
23.1654
1.58827
2.69216
0.577434
1.3544
2.32269
5.28293
2.78394
19.2084
0.963719
1.60989
2.0307
8.05417
2.06668
4.34041
3.59759
0.471619
3.13501
3.81364
6.26943
14.1631
4.32823
2.0083
2.64508
4.18776
6.76048
22.689
1.47405
2.14534
2.17594
0.495815
2.68934
1.17095
1.51044
19.2272
19.0332
2.01553
4.04605
3.70208
3.28661
1.82033
5.10668
1.1936
2.35635
10.9036
7.12123
2.84245
7.65524
0.823935
0.277308
4.06287
2.38321
4.65343
3.73692
3.33758
0.390113
0.268762
0.53155
5.94186
2.28857
1.48341
0.678878
4.46491
1.83577
3.09285
1.64957
3.31612
2.78485
1.37002
3.08106
5.6327
21.3746
10.8334
2.01648
2.14893
7.20865
1.52308
2.26612
1.80502
3.76249
3.00464
2.15303
6.1738
1.07635
4.52284
2.83109
4.47104
3.24815
0.878684
2.47254
1.19687
12.8577
9.26129
2.00375
17.3196
2.1706
12.8056
2.58275
5.61933
6.57129
3.39012
2.16906
4.41883
1.87696
2.92479
0.802626
6.71332
13.297
3.65418
3.74677
2.83559
2.08478
3.06267
3.99232
2.21433
3.71584
7.31664
2.41214
2.74697
2.88069
0.985435
4.78317
1.92345
3.11461
2.17749
11.948
3.74282
1.46865
2.76497
7.52615
5.72513
8.84041
1.55238
14.8676
3.73569
7.41392
15.1872
3.78285
5.74089
5.67029
9.34637
5.93457
4.80399
2.01761
0.769248
3.89275
1.52621
3.58842
0.694397
13.4312
0.822849
7.30275
2.7452
4.22213
1.32097
3.26864
1.38798
0.525683
1.80725
1.46884
1.6943
3.30986
2.7301
2.12543
1.02152
1.28029
7.12652
5.18059
4.15087
1.08844
2.90362
10.8335
3.58422
2.71101
2.58913
1.56422
1.73735
9.91914
0.64059
0.717812
1.53002
1.76793
5.1187
1.65487
2.93577
2.45868
10.8068
0.558886
2.86502
6.4227
3.88251
19.5288
1.02729
1.87987
3.38789
8.49195
4.21889
6.82423
4.10564
1.95068
0.446726
3.55986
8.12967
30.594
6.43678
1.17715
3.85347
3.25715
4.03246
2.64951
1.36523
3.24645
1.23262
2.79089
2.85577
0.815764
1.79581
1.48283
2.32691
2.51917
14.7347
6.66054
2.02939
2.01212
3.87483
6.17133
5.65631
4.66255
0.287618
4.62859
5.31257
0.502672
0.567058
1.50444
3.70294
3.61315
13.5237
3.80576
1.32134
2.3559
1.18704
6.05555
3.87926
2.15579
2.01949
1.62572
3.39783
1.84478
4.24109
3.9322
8.08661
3.60582
1.47337
4.46313
2.54755
2.91665
4.06915
2.83287
1.7371
20.2803
15.4136
0.314258
1.31549
1.32026
1.93165
2.11017
9.26079
5.15865
2.90862
1.9378
2.26775
9.98141
14.8604
3.05988
1.72846
7.48222
1.23476
3.96888
1.59305
3.36866
3.89665
4.43534
6.99555
2.94007
3.17061
5.76636
6.1088
2.41328
2.56756
9.41646
2.28468
0.362256
4.35776
5.11644
1.01754
16.3386
4.23771
2.10299
1.36968
1.72473
4.63358
2.85724
2.36113
6.58607
2.0401
3.25341
1.84258
12.1544
4.40159
16.7565
5.14538
4.91017
1.13099
0.60546
1.9876
1.55892
5.17853
8.2926
17.7381
3.85081
1.93895
3.08373
4.14052
0.893628
2.01222
12.7487
5.99046
1.45806
5.73969
4.65297
1.56365
4.5367
1.53862
6.41364
76.1545
7.32392
4.93959
34.1737
1.86975
3.79443
6.23026
1.62472
3.15776
1.3133
2.72371
3.2928
1.03258
2.31776
1.56904
2.17528
9.29285
4.457
1.16501
2.87009
0.462316
4.44808
6.26193
2.50371
6.94448
2.82071
2.22385
2.09561
2.06971
2.03259
4.16691
0.995226
2.08845
2.02636
4.86276
8.69279
10.6168
2.79474
11.5118
2.37401
9.16244
3.01996
12.4311
1.55904
13.072
1.66602
3.32493
2.55377
2.71848
6.81786
1.37952
50.4039
2.0025
2.31858
2.99712
2.14602
0.694561
8.67196
22.6415
9.69898
2.19981
2.34309
1.87856
2.96659
3.62767
4.2392
5.77609
1.62114
3.94753
8.23241
21.6735
1.77653
1.68342
1.4985
2.53111
3.64873
2.14728
6.22592
5.72007
1.78183
2.4721
4.90019
2.18671
2.95292
5.70497
2.67412
8.14352
3.00907
2.62822
3.62344
3.26594
13.3653
5.19138
4.74278
1.9208
2.29922
3.9128
1.63477
3.86319
0.784556
1.52147
10.5499
2.20409
1.94741
0.340711
4.29159
6.06552
5.08752
8.87195
8.58174
4.24388
2.97722
2.17733
5.60608
2.91082
0.9724
3.74827
3.07091
3.66936
9.2649
7.94987
2.32889
5.4308
7.83066
0.272404
4.24307
10.0368
2.00347
3.69388
0.723206
3.89467
9.53966
5.54611
89.2638
1.9186
8.62749
5.083
2.75735
0.910195
3.96387
2.81492
11.2285
2.25876
4.34728
3.44395
2.30066
5.15945
2.56406
3.11904
1.94625
4.11432
8.1735
6.09565
1.25197
0.957051
2.55638
2.25939
2.936
4.19907
5.08669
1.7448
1.84275
1.59073
0.896511
1.01445
3.93271
1.7408
4.48978
6.02678
2.29711
6.04363
2.39268
13.7254
1.77594
4.84746
1.45223
3.32649
2.89073
1.49332
3.86775
1.67525
33.4018
1.14216
0.852536
7.60894
4.68015
1.45364
7.31117
1.87894
2.49138
19.9622
2.05394
7.04216
3.17339
3.06967
1.74584
1.71434
7.59636
6.51607
1.8818
7.7125
8.14283
3.55985
3.24261
4.68244
6.08334
4.41651
2.00952
1.25467
4.64471
5.39323
4.24445
3.04708
1.96929
3.94035
2.83919
2.92649
6.58821
5.10184
4.14164
8.373
0.225555
10.4104
1.52261
5.7695
3.17204
8.12391
4.51343
1.61995
4.85207
0.747979
14.6566
3.87697
6.20423
4.60049
0.474212
7.33823
7.21329
0.943589
11.1985
19.7994
2.96553
7.16455
3.64937
0.36387
9.01416
2.332
5.7023
3.52605
0.969472
2.40505
1.22494
73.2027
6.29336
5.70821
1.82856
1.56757
5.0579
0.678053
1.99853
1.40272
0.795781
1.94557
1.88443
9.03508
5.40811
2.17439
3.76123
5.84627
1.66868
3.22722
0.729521
5.50592
6.09372
2.51824
22.8862
0.748692
2.74843
2.85224
2.30836
6.74794
1.83526
2.05987
8.8532
0.468728
1.72637
0.727334
4.87506
2.83077
3.27998
11.3873
14.3316
1.37656
5.49388
1.21189
15.5183
0.665343
3.09067
5.20332
1.75355
3.8409
3.66145
2.28195
0.134247
8.85699
3.28543
3.11129
2.14235
3.69957
3.28944
4.9869
2.47626
0.720683
0.739151
0.903919
7.84699
1.32701
8.51253
0.755517
15.9455
1.2691
3.21413
1.75384
5.09351
2.93269
2.07706
2.10087
1.40734
5.94639
1.91855
1.27823
3.2138
1.96844
2.3271
2.49886
9.51792
2.92927
0.741749
3.18849
2.31586
5.38875
2.69924
4.86516
2.86521
3.02481
5.42295
8.08484
7.41217
3.16681
2.91505
2.01621
4.40169
1.21615
6.88105
1.50025
4.94528
7.56471
5.28735
1.00446
1.97948
6.29028
0.202337
57.6264
3.76443
1.13824
10.9147
1.77821
3.74044
1.45446
0.618115
7.7323
1.48616
6.52419
32.2184
2.27345
3.08773
3.29098
2.21733
8.83909
5.52098
5.97328
1.36428
0.634214
8.15228
4.87793
1.55062
3.22951
6.13574
1.0359
6.76609
2.50237
1.33967
1.42422
1.91254
2.46548
0.982863
2.28907
23.9554
1.57163
5.11518
5.16348
0.621049
4.48956
0.65755
3.85939
3.30342
4.16997
0.52461
0.36128
3.66583
2.75102
3.02655
4.3222
1.67595
3.78571
7.76136
2.08287
0.407976
19.8441
3.78814
3.20773
1.82793
0.310257
4.49822
5.96235
8.06391
5.40579
14.5759
4.22897
3.27692
2.00202
1.7403
8.07552
1.39809
7.50317
1.16856
3.96526
4.84809
1.2673
1.26577
8.87232
0.791851
4.76085
8.17296
2.55605
0.933056
0.433967
1.29187
3.71983
3.03122
4.01902
8.90458
2.59811
0.89164
1.76458
0.333644
2.34249
1.31149
0.620837
1.9024
4.59815
2.94883
4.32984
6.81844
0.921257
5.89935
2.47024
2.22345
4.10546
1.96077
2.43967
3.13083
12.8929
0.314849
5.21491
6.62623
2.13524
2.51543
5.82541
1.63207
1.1199
3.28057
3.11117
3.79071
9.61436
0.488448
0.265059
1.34365
1.37528
0.395106
1.53642
9.34526
1.94318
1.07261
3.50619
4.64647
2.6574
4.66388
3.53306
0.690279
5.42896
2.88059
3.60505
5.76352
6.1507
2.65757
4.33688
5.71997
28.4475
2.39611
3.59534
1.77762
5.30936
16.1684
3.16843
5.34479
3.7572
0.247586
6.38989
5.04463
1.18504
3.56508
2.11923
3.80482
2.10471
3.65607
3.59469
3.77079
5.25918
7.41555
4.17787
2.41915
3.72534
2.38555
1.01411
2.19145
4.12405
8.55793
6.72541
2.52043
3.04866
4.59066
2.49096
3.32479
1.59801
2.72295
3.45933
3.35249
3.37104
11.0337
1.66373
2.99162
3.96612
1.80036
2.36285
5.2154
2.65937
3.46263
23.5039
1.55253
3.73523
16.4931
4.56527
9.20412
5.04571
3.73856
16.8849
10.7019
0.318759
2.43595
7.13125
1.91738
11.302
3.47581
5.47966
2.13042
2.44712
3.20109
1.22995
3.37419
12.9094
16.7242
3.79827
0.560539
10.5863
1.98678
2.22552
1.2132
4.71736
0.917421
3.34452
1.47986
3.12628
8.6226
1.85978
1.36593
6.41039
1.72552
3.07581
0.510569
3.48415
2.85395
10.0372
2.94041
0.366641
10.7332
6.84271
1.47271
3.44487
3.8674
1.5393
3.00099
4.7038
6.69934
3.24145
0.796492
12.0724
3.5643
1.81856
0.359116
1.25632
3.37715
2.46197
1.8421
7.53953
2.71381
3.23974
1.28584
2.58561
2.91196
1.47626
6.1444
6.76297
0.851916
6.12947
3.12694
1.8968
1.42319
5.9662
2.90743
3.43842
4.45307
1.55295
0.839078
2.4604
2.12475
2.91357
3.20471
6.71793
8.2738
11.721
1.36532
7.1477
7.45723
12.1877
2.55454
2.69214
4.57225
2.42888
12.7092
2.1373
2.68171
6.69113
3.53319
1.67866
19.0898
0.563219
4.31959
6.65508
4.74077
2.66545
10.3745
0.177283
2.87781
1.69743
4.85992
7.02843
23.7255
2.98857
2.04911
3.58961
1.67449
4.62598
2.18003
2.14554
1.47316
2.84298
4.15054
0.590255
2.30216
1.90508
1.8018
3.03582
2.30789
6.94355
2.34829
3.55358
2.85942
2.44094
0.732024
8.50485
0.965658
1.66788
4.62196
1.21221
7.30822
1.36418
5.70761
1.99406
5.61405
4.12186
3.68578
2.85469
2.28357
2.40578
1.37897
1.40895
2.95244
4.99204
0.977945
8.18008
2.45226
2.1394
9.83199
1.7258
1.47098
3.14893
1.66101
5.29312
4.94883
5.49913
2.66026
1.51573
3.36913
3.99359
4.67731
5.15565
2.92135
1.36598
2.0862
1.2614
7.89155
5.11814
3.02405
2.64565
2.42338
1.19941
5.91269
1.95127
7.33266
6.08415
34.8152
4.50288
0.84364
3.12123
1.63738
1.27961
3.21755
1.55544
2.96722
7.88993
0.375459
3.02099
4.55143
2.09927
3.60299
6.51399
5.50348
0.95107
3.61446
1.86863
2.49793
1.07897
22.6653
1.85299
5.77415
1.1143
2.14041
1.02596
5.08319
6.45256
6.03812
1.40674
1.21799
2.108
81.3592
3.99131
4.60582
0.85851
15.2424
12.5086
3.54558
7.31838
2.94999
4.87511
2.2332
6.1462
3.55781
3.51788
4.80766
4.31273
22.093
0.767793
33.1128
2.60493
1.00876
1.81579
4.45119
13.3579
1.63964
3.67858
14.5612
2.78809
1.59271
2.3116
1.1883
5.25487
8.3681
1.23972
1.82171
2.21725
4.46485
3.56487
1.6986
8.16014
9.03308
3.804
16.5786
1.48088
2.73878
11.2446
1.80575
8.59296
3.02171
3.01458
3.79789
0.531748
6.85227
3.51339
1.10516
6.74994
2.13751
2.50218
5.88323
9.25315
1.38194
1.22441
5.05023
1.04023
2.55429
6.55314
1.08642
3.95785
2.42421
0.893094
1.25159
2.49292
4.30482
2.68023
5.70675
7.83346
4.89479
3.25148
4.55992
2.00866
0.798754
22.0771
1.73001
1.44376
5.92407
2.08764
21.0395
1.70316
1.89724
1.50817
1.04016
1.60155
10.8059
3.56801
0.745028
2.26404
3.52221
5.20302
2.61558
2.94872
7.21583
2.75174
1.28202
1.41367
2.38484
4.61707
4.62427
10.2349
7.50493
5.26511
3.95268
2.46272
56.7907
2.78609
4.62288
3.41655
0.94406
0.530672
1.51508
1.89966
2.05224
1.70584
5.20935
2.23191
2.77782
0.547051
2.80942
2.93369
1.43016
2.77575
2.70659
2.45507
3.75771
3.4123
1.14393
1.26117
8.03233
3.32167
6.2846
3.7956
3.1223
0.442835
2.30008
3.03424
3.42654
5.208
4.00428
2.75791
7.10326
0.95527
7.18807
1.57737
10.6982
1.53154
2.85483
7.33551
4.93383
3.5231
3.10167
7.67117
3.25234
4.42612
6.7997
3.58054
9.13616
3.97437
2.2223
2.5347
2.80442
1.37268
1.92491
2.23448
4.55173
26.3547
1.01986
3.10858
4.80185
3.3805
1.58802
5.03306
7.93992
1.52923
4.68734
3.08772
3.36747
1.7925
2.50102
0.790922
4.84974
0.915481
4.33531
7.11078
5.18986
4.51481
4.21182
1.57571
6.717
1.10911
2.13697
7.89488
2.11278
2.08508
8.23039
1.22501
4.56575
3.0364
7.84044
2.63092
20.1493
1.24396
2.71529
1.85067
1.17834
1.48906
1.7329
2.90612
1.88889
3.91223
7.379
11.3099
5.78419
2.63904
1.8303
0.442104
4.8186
7.21219
4.42995
7.495
3.30933
8.50688
4.22504
4.86779
0.421344
1.03306
12.3501
4.55969
5.0826
3.46639
0.635606
1.61656
1.00387
7.57879
17.4841
5.3251
2.51197
3.94517
4.4485
4.78088
9.10665
14.4236
1.98462
2.94001
5.03503
3.48347
1.48579
4.36226
3.57737
5.77471
1.61835
8.40156
3.40001
2.89045
2.27112
1.69383
0.713012
2.30704
4.311
9.31972
2.14923
0.818832
1.51474
12.3358
6.85561
8.06236
3.10816
1.5519
11.9252
1.13958
2.60321
4.68171
2.22933
13.462
0.62356
1.23186
2.05206
4.04642
2.45874
1.40352
1.81776
4.31278
0.878312
3.39921
11.3574
4.8168
2.40683
2.7184
2.25982
1.2922
3.48262
1.01389
4.39
4.93144
5.48589
0.272341
3.06962
2.65292
1.08195
3.70877
2.88621
10.3331
2.26641
3.28903
4.69712
2.52181
2.64017
43.8042
3.4002
3.1913
5.24983
4.80348
73.3432
6.90986
1.32592
5.48582
8.2539
5.12802
4.25563
0.831706
3.0697
5.12273
1.49013
5.59104
6.2393
1.41952
4.66167
2.6268
3.73655
1.27534
2.4586
20.4033
0.932002
0.818673
1.99085
4.09534
2.88401
3.06645
2.978
0.404051
3.63563
3.02729
2.44116
0.807011
42.0462
3.61863
0.469382
2.64047
13.7474
6.40645
1.00371
3.96937
5.68551
0.742492
2.77811
1.16381
3.84869
3.00903
1.1158
5.04922
0.600915
11.1221
11.831
9.88343
2.03406
1.07983
0.690226
5.12002
5.99665
4.44781
10.9941
1.05737
1.71674
3.66412
2.58233
6.53535
3.77572
1.86092
4.53395
4.37001
3.5618
1.95992
8.4444
4.81069
3.2286
4.01454
2.53755
9.46161
1.69925
6.48345
2.62394
3.6466
2.49162
2.33851
1.85129
2.42083
7.22344
1.21624
2.83027
10.7244
2.08936
3.03564
2.36009
1.58901
7.55968
1.86426
8.16215
2.78598
1.84329
1.75134
5.35622
3.93388
6.31462
1.23226
6.08292
4.95302
2.79181
0.542853
0.960712
7.41661
3.49246
4.11974
2.68556
3.78944
6.04027
15.5188
7.23591
1.57857
6.04833
6.89965
28.6264
5.28966
2.04515
15.0886
2.31895
8.59383
1.46722
1.52878
0.932946
2.25279
4.57681
2.68982
3.86227
11.1494
4.46696
3.26491
2.00912
14.5232
2.29569
9.56902
128.388
3.66218
20.9313
9.09652
3.5764
4.18602
0.822789
6.37996
2.20432
2.21158
0.56811
8.74961
0.615918
1.12427
0.808575
3.99082
2.22788
7.2653
2.40683
1.8663
5.75239
3.05957
2.63263
4.9781
6.93687
2.838
0.375244
1.11142
2.65525
6.60943
3.83016
6.65514
2.82612
3.19867
1.62983
3.14798
0.831231
2.53713
2.4696
18.3356
2.42733
2.56509
0.763838
10.007
0.70585
2.54591
2.3504
1.42544
4.187
4.81025
3.31482
2.64473
1.92612
1.59339
1.69769
5.96242
4.32727
4.66224
8.32261
1.20186
7.11434
1.20152
3.27575
2.64859
5.05699
3.30013
3.94961
0.851168
4.93426
2.56229
0.800905
2.15649
3.16966
12.3515
2.33291
1.26535
5.53739
7.15369
1.87674
0.981798
4.03168
2.85488
1.8811
0.897933
0.742188
4.91648
1.26432
0.831972
1.58052
27.3169
2.77683
0.693091
0.218285
5.91381
1.01657
1.36175
2.68945
3.34801
13.5003
2.89085
2.48991
1.41767
1.80618
1.86307
2.1628
1.97461
2.51231
3.01743
2.67726
3.56192
1.83965
2.05727
1.6115
6.16302
1.44179
1.53688
3.59292
10.4509
4.54422
6.20181
4.36891
7.67744
3.72128
0.492988
3.71906
3.1386
13.8597
3.98281
63.4957
3.08139
2.879
1.78789
4.33246
1.99106
2.45284
2.9836
1.08053
1.5148
0.0883748
0.908252
8.58021
1.30037
2.67285
18.9986
3.58974
6.80852
36.9509
5.43367
1.28145
3.89354
23.5319
4.24293
0.94271
11.0669
7.21024
3.89166
2.16318
14.6455
1.79911
0.491353
13.0984
1.81514
10.9657
1.40384
2.50472
2.77353
2.7225
9.18116
4.26467
5.67346
6.80252
2.22058
2.72921
2.22826
2.11241
0.672666
2.14772
10.1289
4.46439
1.24435
1.82349
4.57401
3.67218
1.42536
4.6798
1.97245
1.56334
2.69823
1.80376
2.7972
10.6451
1.24744
1.74137
7.62633
0.788221
4.20963
2.71676
0.998736
3.54332
2.64539
2.2464
6.31099
2.1461
2.24707
1.12324
5.49819
3.5196
1.99499
2.16739
2.97603
1.51647
1.53205
1.29485
5.63927
4.67146
2.13194
2.06812
9.64208
8.45581
7.06149
3.4198
4.28177
12.0383
4.31185
4.95508
10.4884
5.74575
7.32236
130.629
1.46309
1.37888
3.68967
3.20033
1.72935
1.87839
7.65738
8.94802
0.736487
11.312
13.368
1.1419
3.4833
1.72714
5.92597
7.01779
4.89978
1.32775
4.64404
1.81188
3.17734
2.49651
2.1485
3.78355
2.0554
1.43142
12.1034
11.0044
3.03968
3.12676
0.601571
4.59828
1.98702
2.46012
2.68636
9.76042
10.8986
3.76553
7.50183
0.40976
3.99409
4.7159
3.51723
1.15578
1.35923
5.08738
1.12726
2.13108
2.95289
3.44429
4.57707
2.04098
4.31635
4.88253
1.85894
4.36684
4.36489
1.37488
4.31201
9.6345
5.53575
3.36364
15.2895
2.81511
2.20259
2.47846
5.37366
40.4528
6.22594
3.24621
1.61875
5.68855
2.95428
2.20296
4.58946
1.45241
3.85752
0.819622
3.38588
6.91422
37.08
0.470468
11.8358
1.42036
2.37818
4.08192
1.58732
2.37246
2.07955
1.90346
1.41735
7.07394
3.24174
1.07235
1.71401
4.05496
0.513621
2.15627
0.490924
12.2053
2.66925
1.51645
1.47335
2.62117
1.83965
0.803665
3.26667
4.22502
1.69631
4.30456
5.00127
1.79303
1.78829
1.07731
4.07846
3.6087
8.65649
4.17161
3.8622
4.07497
3.35389
5.27236
2.26571
1.13436
0.297876
4.09493
3.99213
3.13383
2.03134
5.75789
2.69196
0.670112
3.12108
3.50214
1.20088
7.43327
2.82087
49.62
0.85098
1.68526
1.91498
5.59466
3.52627
15.0457
4.47074
0.39255
2.40072
2.44831
0.831393
2.84966
1.32777
26.931
2.51146
1.74185
3.63469
1.57477
8.38966
2.06869
2.08968
2.61402
4.24556
14.6845
1.35483
5.22702
13.3799
4.73506
6.48781
0.757006
2.31153
6.69433
1.84776
4.31733
1.54626
0.348034
0.676493
3.57199
3.61734
2.90587
5.43124
0.506921
8.50303
1.69594
6.04215
1.04451
1.5146
0.889306
54.4391
10.7816
2.29735
2.1885
3.2795
1.82187
2.28478
2.88885
12.8405
3.90962
2.60619
2.38608
7.44392
3.65943
2.22455
1.762
4.1523
7.36645
3.49374
5.39451
3.01922
2.55035
0.97211
2.25096
3.07052
5.00274
2.02396
8.10924
1.98381
16.5039
14.5387
3.24998
2.38435
3.40669
3.70479
3.45234
3.55757
2.82612
1.47675
0.850713
3.81811
0.936896
3.43431
5.26158
2.98469
1.71312
14.073
1.61157
6.87807
2.17245
6.22814
1.36338
2.3928
4.04577
4.39532
1.31649
1.90212
2.19498
4.57195
3.55895
2.14682
3.31
3.73321
8.38815
11.2153
2.16199
2.38455
13.9587
1.77655
1.8625
2.58349
2.38548
4.02961
3.13012
1.80437
2.98983
17.0892
15.5557
3.57081
1.41639
7.08753
1.57105
5.24346
0.335065
1.45396
2.34551
3.6898
3.35541
5.37516
2.92011
2.92536
1.93284
6.5873
7.6678
10.0538
4.72136
3.87465
4.82092
1.64906
1.6491
7.02188
4.05848
3.00371
6.96085
1.67244
3.50797
2.80222
1.33857
3.66741
1.3869
1.11884
1.7044
5.78874
9.11188
0.17729
4.83906
1.95033
6.31885
0.628626
1.01424
1.08052
10.8334
3.17276
6.80711
1.89374
3.37377
2.56764
0.909651
2.98144
1.39987
3.01236
1.24914
5.70256
3.09819
5.97749
4.44307
6.18955
8.45228
6.13294
1.94386
3.82891
0.750926
1.87197
2.6513
5.16694
4.11437
3.81852
3.53737
17.9043
3.38161
2.39293
8.98666
5.43305
1.32797
4.55109
6.57137
3.85073
8.84571
5.81563
4.00311
4.35159
0.516456
5.41756
7.11188
5.99351
8.48713
2.09273
5.0866
5.47473
1.58541
7.46528
1.4381
2.81722
0.5542
5.64092
3.70944
6.21382
2.90123
2.70358
4.63749
3.36296
2.04599
1.26895
26.9814
1.08134
2.45898
1.67939
3.61564
2.13413
23.2709
2.96418
3.94963
1.18964
1.10215
3.05171
1.50565
1.90985
2.98589
6.86369
26.2088
3.12799
2.17356
5.80673
1.96643
8.38945
2.50917
2.8806
1.19825
4.82224
2.61112
3.57308
4.84945
4.1618
7.0853
1.7336
1.9692
1.16389
4.24549
2.65793
2.39036
2.02543
10.0375
29.2382
1.91214
3.19046
1.69642
1.91733
2.61283
2.7938
3.41362
1.73157
0.68403
3.33663
1.86027
2.18012
2.54453
17.2498
3.82207
8.311
8.89705
3.43495
4.87864
0.581536
1.96557
5.02116
3.05616
6.52691
4.70502
1.62354
3.48255
50.9661
3.27398
7.43178
0.61194
8.36101
5.5023
12.4057
3.91666
21.0498
3.41298
0.995797
5.57358
1.45088
1.47732
2.48496
2.61993
4.7395
3.2886
2.42841
19.762
21.1346
1.17582
15.4358
1.16694
1.74691
1.7012
1.51525
4.98203
6.43561
16.47
8.28826
0.74994
4.25373
1.8322
1.89419
3.57845
0.724274
1.80782
15.4911
1.84583
0.673322
3.18985
0.597503
7.06392
5.1402
3.71407
4.0519
2.51761
4.2339
4.22841
1.37205
19.6847
0.700573
6.08766
4.28737
24.5756
1.04591
2.68282
7.33243
4.68656
7.55908
2.17035
1.75324
2.42494
4.84732
7.08892
3.02656
0.296118
1.88962
1.46646
3.6972
6.27479
2.55557
2.30403
3.06164
1.80873
5.34174
3.08599
4.66922
4.04971
1.62242
3.11413
0.702995
1.43455
1.76298
3.7842
2.96504
3.83213
2.85167
1.65327
1.26353
2.36971
1.99174
4.93121
5.62102
8.13867
4.25848
0.864613
11.4664
0.823148
2.56331
1.35636
0.425877
8.69276
4.45201
3.87119
1.75066
2.40838
1.76538
1.40478
4.51885
0.331983
8.90898
2.02583
2.01277
6.35453
10.2439
1.59862
6.02425
4.05666
3.50815
1.38207
14.2024
2.50313
8.31856
1.4337
2.43602
10.1949
4.11709
2.80646
3.21887
5.2696
1.64837
22.578
4.86286
1.9271
0.276668
7.20383
9.1322
1.7352
1.32853
3.92488
2.79915
5.07174
0.433855
1.75976
1.7452
2.42074
1.88218
1.19486
2.36707
0.835789
1.14731
1.34461
2.21653
6.63878
2.72294
2.67834
2.72575
2.09517
4.0182
3.74144
0.992301
2.26502
2.31442
4.37709
3.61835
3.64986
4.29758
3.11997
1.86222
6.45686
1.9117
0.980973
2.28494
4.75272
3.40545
6.70038
2.0939
1.05427
3.80056
3.57987
10.9084
9.28603
5.74944
5.59121
2.02211
1.15933
4.13849
3.36238
1.79919
2.6291
1.79937
34.1009
1.46111
5.50541
2.27928
2.44706
6.50492
1.10771
4.28587
2.24832
7.4515
2.39613
2.04656
5.01027
2.57506
6.73017
1.84686
0.199715
1.53421
6.08032
10.3936
2.53111
5.65386
0.679531
2.33844
3.01711
17.6739
1.78543
12.1454
0.695087
2.3334
1.49047
4.93054
16.28
7.95468
3.9376
3.89421
2.91732
2.50727
4.18366
7.03405
1.24566
3.18926
7.71978
5.48699
1.56057
2.12562
3.33904
29.1253
6.23908
2.96809
12.1154
0.855229
0.322051
2.41151
0.949537
4.01312
3.1328
0.549043
24.2891
5.47533
4.96464
1.29489
4.9322
7.08423
4.62816
2.0212
1.84088
1.47648
3.18218
1.28435
17.4128
1.68804
2.5285
1.83303
10.6373
4.44026
11.2255
4.70613
5.48846
2.71591
5.99367
6.35456
2.41444
4.06455
5.03953
4.15569
4.32155
3.57325
36.3475
0.933009
5.39579
4.44093
1.74686
2.02822
0.459286
2.43227
4.35841
4.79954
3.72575
3.72117
2.88566
6.78346
5.69761
2.05685
1.29132
3.95715
2.31765
5.80381
6.70678
2.63825
0.843932
5.04977
4.13252
18.6118
2.2183
5.4289
4.58508
1.70717
2.20363
0.470015
4.39754
3.17556
2.18116
5.54174
1.94141
5.79962
0.437857
0.835256
8.68363
1.2181
4.11653
6.55964
1.31182
4.39221
2.08389
5.18499
2.76071
2.8835
2.64672
2.6103
2.81717
1.92652
5.51214
3.8147
1.14158
4.14666
1.18774
7.13113
4.33478
11.9706
5.30732
8.73445
3.64142
1.64624
0.296597
1.06797
6.40463
7.55862
1.17327
3.19668
0.226988
5.22874
1.09318
4.80562
3.91669
0.535165
4.19783
1.24843
1.56701
3.47311
2.44587
3.64124
3.76867
3.17406
3.2599
1.01231
3.85126
3.10001
0.862495
2.07966
1.54935
5.60269
6.59701
2.19978
2.22009
4.55126
1.47934
15.9362
1.4311
32.6589
3.46109
1.03878
12.2789
2.23085
0.995549
24.9023
3.46549
4.22265
2.72026
5.18958
3.21584
12.1165
2.58159
1.52731
8.89616
10.7312
2.46109
1.6385
10.0462
3.06265
1.47325
2.94705
3.00449
3.42856
2.49047
3.36804
2.25443
3.76122
4.2941
4.14449
0.917107
3.76394
1.08516
4.3655
1.25181
6.29217
1.27862
5.79473
7.45974
6.58514
3.25051
5.14634
3.72688
6.07299
6.42911
2.42108
12.4178
5.05528
8.00945
21.4247
2.91481
10.1133
2.18728
2.9537
0.859889
17.2687
1.635
4.2173
9.68235
4.72934
1.05409
0.713981
10.0555
1.00124
2.84783
4.71739
2.38335
1.69431
2.20751
16.05
0.58347
2.32912
5.18317
0.735769
4.64447
0.64653
8.25192
6.62246
9.28813
2.46043
6.53942
2.56781
2.74522
1.88198
0.337598
4.20869
3.66039
2.69831
2.2513
2.03713
10.7347
4.26636
4.6656
1.98283
0.897925
3.68351
4.78209
5.81576
2.20958
2.64814
3.59248
2.38072
2.66916
2.96928
1.37972
19.6078
2.82752
2.72146
2.75441
1.06807
2.72354
1.98497
1.56966
14.6651
9.87639
14.8896
1.55313
15.4676
1.99833
2.65758
1.35976
2.54478
3.3056
6.42779
1.09171
5.3232
1.25308
2.66065
2.0007
3.07965
0.970252
3.26976
1.83584
2.7262
4.98945
8.51525
4.1848
5.99987
6.95416
2.39668
9.3045
19.6909
2.65626
1.29916
4.17384
1.18284
1.6276
2.44381
0.879694
0.985581
2.47248
23.0347
7.91825
2.08313
6.91972
1.24284
4.01834
1.75822
2.88993
1.31442
7.08961
1.52907
2.84723
2.23302
5.0672
4.59873
2.30977
0.857723
4.74057
3.19186
3.59622
1.84876
25.9093
3.55209
1.28982
9.11635
20.4741
3.01336
1.51135
2.41948
1.10305
28.6803
5.61651
3.61066
2.7649
7.95988
3.33422
18.0844
11.9345
1.71984
0.255449
3.25384
6.71472
3.46995
7.67243
6.39715
1.38545
6.17799
15.6394
3.51706
1.90723
1.51382
17.6071
4.42664
3.00931
14.5223
2.68868
1.55595
10.6566
4.05467
1.41934
3.7079
16.8662
3.7739
1.32225
11.0265
4.20289
0.293419
7.49835
3.39941
6.48625
4.12443
9.58008
5.06923
1.42422
3.08767
2.03244
1.4288
1.68872
3.24024
1.76698
3.07412
4.1062
0.539962
5.28065
8.14911
6.09705
9.26717
3.97646
1.47108
5.11868
9.47716
4.85958
2.43555
2.49078
2.05648
2.82622
2.78072
0.31177
2.61085
15.7768
7.23478
2.0247
1.73372
3.96359
5.93162
0.797199
3.14113
2.22865
1.28383
3.18599
9.80923
7.08919
1.17924
12.7729
2.39383
4.05216
3.84841
0.506917
1.16633
10.2325
0.46659
2.70343
1.85447
3.5629
0.842661
3.68294
1.88667
1.35767
5.15583
13.9217
17.1691
2.93376
2.27541
1.22515
5.48406
7.2349
2.17988
1.0245
3.8576
1.94503
4.80475
4.96948
3.15548
7.51848
3.6211
0.709516
28.6724
8.24796
2.43909
4.54286
8.64529
16.2037
6.92223
3.3878
1.96148
3.90073
7.39559
51.0035
24.201
2.66089
2.12913
2.40518
1.68195
2.23665
1.08694
4.78959
11.3067
3.60812
3.62676
1.4161
3.77693
5.15502
1.51973
4.09881
2.15241
6.91296
2.22228
0.718981
1.83145
3.26762
3.66671
34.5293
4.64686
3.65271
4.87388
1.61759
1.56471
2.69054
20.9491
2.69638
2.81711
7.87344
9.69323
3.34329
5.86637
3.33659
3.97799
1.82999
8.3827
3.27398
5.69586
5.23033
2.47009
1.98329
3.53031
3.53819
2.53102
1.36418
8.73585
4.37515
2.33677
1.88514
0.936299
5.93553
3.72794
6.77046
4.41384
5.42022
11.5345
1.44876
5.99769
2.64172
1.16904
2.83121
0.573997
2.53494
3.24127
2.10906
1.39754
1.58543
2.64598
8.89097
0.810692
4.63049
2.73348
3.87528
0.877317
6.2564
0.725446
2.3928
1.95642
0.557731
8.87372
8.06627
2.63268
1.97644
4.74507
36.6505
7.01367
4.00467
5.14412
2.05371
2.08523
1.35688
0.274487
22.8168
6.11352
1.41359
26.3747
6.14487
2.67929
9.34472
1.14629
1.32052
2.94125
113.625
2.79374
5.55944
20.3027
2.63209
1.62116
2.40323
0.890489
1.89978
2.10574
4.46538
2.05106
2.95442
7.3959
1.5747
6.33866
1.89631
1.04134
0.903879
3.67809
0.461409
3.17561
9.98224
1.54099
2.43161
7.9579
0.814356
5.987
3.37786
6.53386
5.56697
7.9505
1.66156
1.82514
1.86429
2.79204
2.18817
3.85229
4.10423
1.81909
2.38195
5.23869
2.37789
3.03004
7.57761
4.78048
3.1025
4.80158
1.97851
5.77018
2.71429
8.75925
12.1797
4.16169
1.3547
17.5401
4.83616
8.60768
0.849421
2.59573
2.8693
5.46872
7.42961
1.15215
2.76881
8.08959
4.09023
5.41862
0.823481
2.97163
1.21827
2.41471
12.169
2.20095
7.48149
1.63615
5.66312
3.46216
1.9798
2.51473
1.181
2.80707
5.30604
3.27914
4.4941
1.97655
2.35137
2.1467
0.613013
1.69552
0.528282
0.91431
6.41108
2.45841
1.45412
2.08096
0.509456
6.78406
7.25588
2.05534
26.7712
0.32462
1.72237
11.3724
2.8131
3.13312
1.703
2.81631
2.45925
1.46725
1.30614
2.44346
5.28286
8.00902
3.59522
1.57364
33.5796
2.29133
1.25852
2.92223
7.72592
2.65483
1.9632
2.53076
2.66116
2.66967
1.73233
3.39312
2.80042
2.84506
8.31148
1.0495
7.49645
2.4364
1.16438
3.7995
3.45194
12.5225
10.8982
1.79144
8.57911
8.84895
6.14994
1.18086
5.58837
1.48996
10.9502
2.86752
1.1792
2.1332
7.36398
0.612978
14.1958
4.28737
1.09155
0.877173
0.747778
2.2492
3.7934
5.01442
6.7549
2.16561
2.42373
7.5438
3.8223
3.41828
0.861803
3.22011
3.36143
3.94903
1.09116
1.68307
3.19403
5.5944
3.72655
2.32607
2.74965
2.83688
9.22841
2.405
4.39938
2.19289
5.21204
8.03612
3.71193
2.44166
1.70771
4.88738
1.74941
13.4649
4.23317
5.72435
2.49459
2.07079
0.503263
2.32729
2.90013
1.06125
4.09324
1.56629
1.19991
14.0028
1.43096
2.61192
6.29019
2.04187
10.8227
2.47302
1.94031
2.08298
11.1333
0.742529
2.40343
3.27881
4.06426
0.429397
2.32208
1.81161
2.75239
1.8162
0.288506
2.61955
25.6784
2.30192
3.84783
9.31049
7.01788
0.556219
5.08226
1.89213
2.63608
1.35031
4.10008
4.44267
4.41504
1.97652
6.73364
2.86045
2.32796
6.33402
1.66588
36.4663
1.67539
12.7171
3.24763
3.54012
2.84706
1.86107
2.94624
3.78977
4.10761
2.15761
2.40404
1.89246
1.26445
6.28069
11.619
1.36432
2.60915
0.975722
5.91023
2.06913
12.0294
4.67189
3.47044
2.52559
16.3222
0.7319
2.55408
0.779042
3.56697
3.0121
9.24579
1.07593
22.9994
10.8477
5.02539
4.7767
7.56561
2.25448
15.5612
2.32503
1.93514
0.737121
4.95463
2.13643
3.64655
1.33051
7.04753
2.98367
2.63828
4.11564
2.72071
3.27366
1.75755
20.0263
7.44741
3.64069
3.64942
0.50298
3.01877
2.83096
0.558347
2.66077
2.78633
3.57344
7.28347
1.17382
4.66135
7.41405
5.05057
10.9538
1.86078
2.01422
1.90514
7.33186
1.59238
9.26596
1.58002
2.09288
5.19195
45.8506
4.53173
8.05524
5.02505
0.828406
6.68271
2.68628
4.75432
2.92792
3.96937
5.15022
3.13387
17.8962
8.14342
19.1299
5.67243
0.245235
1.32919
2.29205
3.3647
4.12753
1.81759
2.08213
1.79439
2.57354
6.29653
0.634779
10.2828
0.69027
3.81596
1.52344
3.49459
3.84191
1.19577
1.55225
9.03785
1.62374
1.13133
6.49417
6.17217
11.1737
2.99433
1.4698
9.3303
11.3818
7.65268
1.18778
4.05465
8.31334
13.6083
0.768513
4.37761
1.91394
2.53675
4.53861
5.55038
15.3557
3.44118
4.71231
0.91332
2.39681
1.69864
3.95349
1.84235
5.37245
2.67513
2.42799
5.33724
5.54729
1.32412
3.69904
5.27849
4.63153
1.94274
1.64985
1.58036
2.96159
9.25067
7.24433
6.22101
1.5532
10.2933
1.66851
0.834382
2.15092
4.27981
0.609654
4.40486
2.58384
7.9668
0.628636
4.01807
4.45502
1.76097
4.36473
2.11532
5.93097
13.2519
3.40712
2.35785
3.52019
4.04563
3.33865
6.75563
2.61118
4.44341
4.99715
5.36291
14.0509
7.30864
6.88973
1.74013
3.23327
0.591748
2.55633
5.78561
1.63592
8.1703
5.77944
4.29608
3.49239
2.68123
2.42867
5.54564
5.42042
4.37324
2.07955
13.274
4.32981
0.867041
3.29185
1.65341
3.96814
1.08742
0.1239
2.02662
5.04362
1.93493
2.11609
1.05984
4.18203
1.14097
7.41789
2.95663
4.54671
3.2982
3.26898
80.1617
8.72929
5.1175
5.06844
4.16007
3.00824
4.0901
11.6265
1.22139
3.25984
3.39029
9.10243
1.78516
7.10982
4.15245
51.581
4.05346
1.76414
3.14651
3.78248
4.16642
4.00927
7.80904
4.68981
1.65391
12.1524
3.50534
0.956071
2.31765
7.51782
1.1144
5.87691
2.89024
3.174
3.95585
1.20441
2.04965
1.85313
3.30173
2.42532
3.59606
1.57481
5.25508
5.03812
8.71438
4.06169
7.1762
4.67481
1.8203
4.69035
3.48925
2.69374
2.20245
1.40056
4.52506
4.27698
1.84166
2.33205
2.19196
3.2068
5.47329
4.65529
3.17391
1.85663
4.89481
3.18284
0.629041
6.49679
7.11807
8.83871
2.09831
3.13113
4.39972
6.17366
0.957299
1.45272
1.76441
1.83914
1.0794
1.49572
1.98357
1.03613
5.13533
5.58662
1.36921
4.21398
5.20775
3.37733
8.6098
3.94704
2.80752
2.97144
2.43288
3.06196
1.30265
1.65536
16.5771
0.716813
1.07074
2.92922
1.71664
14.1594
1.57028
2.31079
3.74383
6.59981
3.00807
1.29963
2.23872
3.33259
5.32234
2.7999
9.60646
1.22637
0.848552
3.88724
2.808
16.1508
2.35202
4.14151
6.08753
2.49262
5.21951
1.61463
0.962341
1.2955
2.95638
2.01008
1.31926
4.26067
2.12188
7.93562
8.10571
4.76108
2.33149
22.5868
4.11765
2.84916
1.32991
2.47069
7.8064
0.681938
3.82704
2.69609
1.05816
2.92361
5.77635
6.75231
2.11674
2.82392
4.96368
4.59074
27.7851
1.23958
3.87747
1.65818
1.2766
2.02618
9.10875
2.29761
7.06276
4.64287
1.3308
9.50955
2.78092
2.763
1.60186
3.75896
3.62872
4.35299
5.99986
5.81819
1.15947
1.90843
3.02443
1.97528
2.06257
2.27899
6.88498
4.50263
1.28284
1.06006
0.877129
4.89038
6.13589
3.82086
2.89424
2.48879
5.59568
1.84376
1.06256
3.77097
3.34163
3.88391
8.89397
4.00419
8.87522
4.10199
2.81085
14.7502
7.25712
8.80378
2.61634
12.0435
6.08439
0.753471
2.90196
1.13738
6.66583
1.45946
2.96135
1.39425
6.80927
2.8526
4.59686
5.60834
1.52184
4.26556
4.62076
1.94933
6.77182
1.75539
4.57158
3.83026
4.54091
2.93632
3.35962
2.34086
0.95956
2.46748
3.51725
2.42424
17.3675
5.14355
2.59455
2.48689
3.58036
3.48503
10.5511
11.0606
1.95782
1.96726
1.90662
1.93337
1.7679
4.43817
10.4619
7.23765
2.98762
1.2987
1.92704
11.0636
1.70451
1.97728
0.864786
24.238
4.11875
1.50712
3.89453
2.9047
2.89417
0.633536
4.03558
2.98948
3.48498
4.64961
1.58385
1.38752
1.4538
1.71697
4.24619
2.93674
1.26329
1.10625
0.422811
2.69437
1.83101
3.16314
11.1857
2.0317
1.98418
6.60159
19.371
1.59646
22.4313
1.7139
3.33554
2.07819
4.52202
13.2406
6.42709
0.839309
2.72911
5.85378
9.02121
2.17003
0.449177
7.19672
3.34436
1.71136
6.54115
3.40632
3.35794
1.6977
0.439059
1.61931
3.56391
3.36343
1.53135
4.87445
3.30352
2.17211
1.5812
3.05877
2.94713
7.26121
6.20108
1.39524
0.753275
11.6829
28.8287
6.63323
1.45762
6.94335
1.51825
1.41638
4.03578
69.8438
2.00517
4.83623
11.2443
2.52469
3.00075
2.12836
2.00265
3.73128
0.84583
1.10095
1.63429
4.49221
4.1305
2.84411
1.95356
5.49219
2.72058
7.57253
1.50588
3.63473
6.76361
18.2822
4.50288
1.68157
4.20886
36.0654
16.4498
1.56803
2.3103
1.27756
2.69328
1.73207
3.69469
1.25861
4.81805
1.31009
4.75003
2.68922
3.55198
3.90193
2.10955
4.27848
15.3415
8.99323
5.70128
0.496542
6.94216
4.98742
2.78608
1.23
3.29271
5.17395
5.48471
0.633437
3.11539
2.58802
0.947206
1.67485
4.87197
1.4407
5.76666
4.23785
4.46288
13.3859
3.76998
3.01518
1.85416
4.01929
16.8949
2.62585
1.95762
1.75228
4.00042
4.67727
0.869132
4.06855
4.59819
37.461
3.11466
6.34162
3.5547
3.45383
6.85021
1.03981
12.2295
1.62707
1.1249
7.52906
6.98748
1.47053
1.14873
4.7514
1.60384
6.52562
3.03201
3.34112
2.87083
1.01879
1.3065
2.60582
4.74318
9.33768
2.09452
4.96342
1.5113
3.55358
6.06189
1.57601
1.5924
3.1902
4.0985
3.26087
7.08247
4.5126
4.19229
2.02932
3.02612
5.10129
2.30271
3.48746
2.5961
2.53
2.02924
0.705955
7.59333
1.8121
0.760102
7.47598
5.50206
1.80742
4.05098
6.18582
4.60796
1.60994
4.05706
1.60558
6.98477
3.31749
2.0334
3.00037
2.97792
3.03916
7.18159
0.654784
3.38589
0.893488
1.64613
1.56938
0.271066
2.67569
3.45213
1.64323
3.30992
8.53936
2.25069
1.46893
2.53105
2.7376
6.42949
17.3711
1.80602
1.21141
4.9992
4.47688
3.02682
2.21182
0.99443
0.736881
2.35333
8.35862
7.18953
2.47536
11.2761
6.19278
9.0962
0.924577
2.55614
19.5384
6.93442
3.88401
5.94224
0.447142
4.02084
4.43568
0.681984
2.31258
1.72367
4.44829
10.6698
3.35596
4.01498
1.36308
1.80503
7.94436
3.149
7.14994
6.66558
1.866
2.06091
3.00877
0.12565
1.07785
1.94615
2.41659
1.25747
1.8673
5.05357
1.76676
2.09388
5.81117
1.70425
5.42499
1.3745
3.77981
1.02513
13.8973
3.43875
9.59105
2.2676
0.79466
8.24386
8.24733
3.72917
3.61293
2.56401
3.59623
2.55665
1.93694
3.09994
1.74875
2.53231
1.63962
0.484215
10.6947
5.98625
7.24115
0.864603
5.27406
7.11714
3.01879
0.930193
1.35817
0.761367
2.8761
1.56528
15.145
0.654935
14.7943
5.23607
4.36801
2.44509
0.569916
2.28448
20.96
10.7144
1.25394
40.3143
3.02227
4.2612
3.72827
3.64928
1.83648
1.96877
0.509067
7.20296
9.61007
9.15673
1.33669
0.74378
3.49474
6.24995
6.85091
0.686409
3.08788
1.85018
1.294
3.9301
4.99635
3.05954
3.08269
3.31383
3.74806
1.01799
7.07104
1.48406
3.70808
8.71412
1.77237
3.34225
29.8828
4.06444
2.93724
5.20094
2.53518
1.13534
0.892995
5.43699
1.42586
3.75137
2.89233
35.3679
1.61557
2.35082
3.47032
4.86269
2.94352
2.51793
0.5353
3.85526
2.7776
5.31723
6.61234
3.56902
0.796842
2.84479
4.04915
3.14609
14.9602
0.447501
2.04392
0.807332
2.16543
6.25634
4.10725
10.5988
1.52796
6.41435
4.43031
8.03528
0.380098
7.12297
3.79464
0.385944
1.02411
4.24418
0.65608
3.90743
3.77208
1.95319
2.67593
5.96884
1.51801
0.415023
2.59875
13.8581
1.32167
1.29578
20.9155
8.08302
1.91916
0.616146
20.4861
1.08985
9.43131
3.66741
0.951058
0.762067
5.74837
5.7466
5.21634
4.44184
6.45889
2.33017
1.36584
2.3493
3.60354
2.22116
1.68282
1.47682
4.996
3.99752
1.24194
2.68616
10.0827
10.7481
12.7062
2.2129
4.2192
5.06436
8.90828
7.61984
1.83501
2.60833
3.89271
3.4081
3.04157
1.78835
0.992885
9.57623
3.83491
7.79253
5.79172
6.07149
3.52799
1.89547
1.62924
25.962
2.2536
7.5955
9.62335
3.82245
2.82044
2.4768
17.9829
4.11789
2.16905
2.8989
8.04734
2.44551
2.55825
2.3993
11.1339
4.69018
3.96234
2.10771
2.32177
1.71048
2.72667
13.6221
2.13796
0.771766
4.0041
5.08794
3.21931
5.54494
2.65309
1.17545
0.566745
8.67666
10.2314
1.80171
3.40082
1.92713
3.27732
10.9812
2.55311
4.62937
100.334
9.362
0.583473
3.24072
0.923323
8.40599
2.91233
4.86309
0.509872
4.77207
6.20196
3.48447
2.27339
5.39516
6.92344
3.10054
1.72684
3.39183
15.4899
3.97877
8.27888
78.426
1.34196
0.927383
2.17318
4.59745
7.72614
3.16249
1.92124
3.44944
5.44526
0.93528
8.14094
7.48402
0.946954
2.08844
2.46414
3.56454
2.10784
3.08962
3.01539
4.3305
1.56432
10.1445
2.76627
6.62931
1.43477
2.67864
5.62113
0.564646
9.58917
0.448241
1.41455
5.11227
1.91556
1.8374
1.86651
3.45365
7.56307
2.29525
3.573
2.05804
3.02471
5.65141
1.672
2.02289
2.44372
0.483706
1.53202
14.3892
3.21815
6.17748
1.77348
2.18119
3.00682
16.6213
3.07386
4.2862
3.53238
16.6626
1.89575
5.56109
2.03488
2.75307
3.73388
3.13121
2.12504
2.26582
3.75065
0.708966
9.96696
5.83906
8.45506
3.30733
2.299
2.86565
4.97357
5.02428
0.928096
1.93435
1.98571
0.416328
15.8629
2.40281
1.01147
11.0425
6.36371
1.95422
2.69476
3.81134
0.683395
10.7061
3.19788
5.18024
3.03657
11.5993
2.91479
1.81569
1.54649
1.44896
1.32554
1.23167
12.8754
1.89271
17.7793
2.62466
3.90659
2.93636
2.00055
5.29519
6.3576
17.9186
7.852
7.51579
2.9357
13.8426
1.83794
7.31671
2.73619
12.3975
7.63199
3.8355
6.33571
2.17894
1.50854
2.51916
5.80323
9.69209
9.26981
1.19145
5.12746
2.65315
1.86636
1.64515
4.90812
2.77805
1.59039
2.58081
3.88583
3.76172
2.68316
10.2061
5.31249
1.46914
6.51144
27.4844
1.43074
2.66967
1.42988
2.27991
1.69757
3.16827
10.6344
2.71416
3.69775
2.81506
4.02498
0.614257
4.41621
3.71917
1.29941
2.96316
3.95692
5.73787
5.37764
6.85865
1.9687
2.3638
11.9305
3.69528
1.44624
1.22653
2.51149
4.44993
5.45657
3.55317
4.94859
3.0881
4.66894
4.50628
14.5659
7.15066
4.24458
8.25924
1.7848
4.78522
1.53018
4.35231
45.2461
2.58171
1.17738
1.661
8.01004
11.1715
2.7652
1.06767
2.76559
2.99354
8.8978
2.10962
3.16337
0.915516
2.57739
2.51362
3.32599
0.178065
1.50048
1.17047
3.38878
11.0514
1.96257
6.35996
2.2071
1.21701
2.41594
3.29119
0.413406
0.775879
4.60059
2.09071
0.988003
2.77451
1.51527
6.9195
1.71276
3.71598
1.17837
2.73056
6.34016
2.1336
5.16665
3.27328
2.48282
7.55514
20.6581
0.599784
4.79656
21.9228
5.731
3.01005
4.13659
7.47106
0.904231
3.68201
1.41089
3.52135
2.68182
1.61372
0.846255
0.552574
9.96839
2.31621
1.84036
0.836512
2.75386
2.06723
3.13232
1.30508
6.93919
6.15798
2.15898
2.29772
7.38222
0.981349
2.72355
2.20196
8.54997
1.50381
2.24757
4.96258
4.07266
2.3456
0.991841
2.15871
7.03478
4.44513
4.01177
0.776624
22.6813
2.05797
4.40478
2.68302
3.29111
7.60243
2.81209
2.40308
3.78599
1.3212
6.88626
3.8566
2.56327
4.88787
2.97305
1.44199
2.97943
2.69394
2.6
3.12355
0.532266
2.269
19.7992
1.469
4.79839
2.17538
3.18772
3.30865
6.50611
6.40528
0.820311
6.09917
2.05459
5.55522
5.03459
2.47407
4.54025
3.05822
1.27858
21.2286
4.21219
9.21579
1.42021
2.34988
3.6196
2.83655
10.4006
5.97111
5.12532
3.89603
9.97406
1.04749
1.73063
3.08438
3.47127
1.03781
4.66432
7.82132
2.64786
1.02289
0.829701
2.34365
14.2152
1.541
4.98635
11.0684
4.83193
8.0793
2.16025
14.725
2.60971
2.89461
1.11041
0.336893
3.21467
3.35789
7.93551
3.13958
1.44016
2.21014
3.57112
0.54838
9.96243
26.0374
5.40941
3.78968
4.93817
6.47459
9.06503
4.67392
7.65972
3.98233
2.98129
2.55177
4.61641
2.15282
6.21221
1.87335
4.59166
14.0418
2.9262
7.02191
0.89419
0.988195
1.9649
1.13455
4.07221
2.94224
1.76199
10.2887
3.3427
0.758783
4.64524
15.224
1.97356
18.2614
6.29197
2.51556
1.54258
0.689701
14.2079
0.293783
9.85109
10.1564
5.46807
7.77472
1.74966
4.98779
5.36012
2.82955
1.18207
2.3085
9.0275
16.541
2.38387
0.966627
9.01578
0.763104
2.4626
4.56551
4.22822
1.12574
18.7846
17.4181
8.8519
8.11957
5.97326
8.05237
2.51378
1.02089
7.2758
1.01306
6.86938
2.48039
1.59931
4.48149
4.73346
1.592
21.5067
7.45954
0.875261
1.90341
10.2164
0.4087
3.69414
1.25136
2.96209
2.7198
6.39133
3.52761
0.985187
13.2337
2.22961
2.04689
5.98004
2.84197
2.96545
1.04407
3.45104
3.95651
17.5984
2.41948
1.04917
1.94482
10.7402
0.559511
9.49038
2.14555
2.59479
11.6396
3.01825
4.70373
1.83562
2.17334
1.53674
1.43525
1.28665
4.17011
9.83065
2.90599
2.04257
1.08248
4.85444
1.12631
1.70938
4.05231
0.988032
6.77838
6.02155
4.61799
9.04815
6.86921
1.88927
0.874821
0.509962
3.27332
2.35792
5.88026
2.77171
1.24127
3.54851
2.208
3.2032
1.3884
2.63763
3.62978
12.5645
2.14198
1.70268
4.69749
1.99483
3.31878
2.93523
1.92274
1.97814
2.48764
2.87068
4.0424
1.28424
1.00118
0.420165
2.51796
3.13094
1.50763
2.13862
2.55342
8.09742
4.90588
5.66714
8.76566
3.13345
2.37171
0.564954
3.55579
4.10393
2.18718
3.63476
6.97099
6.4229
5.88069
3.01095
3.84102
0.770054
2.22732
2.92339
2.79453
3.71418
1.69728
1.41696
1.70616
4.03692
1.48521
3.11589
2.41139
1.51099
3.23877
5.22692
11.7637
1.21331
2.16399
3.42529
3.05717
5.09223
5.429
6.64741
3.66338
18.6432
1.72406
0.71891
2.20766
3.3667
2.54056
1.59972
6.06601
0.716343
10.468
2.48833
1.56513
4.00896
2.72263
13.0041
2.59719
2.3473
1.44689
2.81865
1.29084
1.87444
2.14424
2.37056
4.08092
7.62285
1.30827
7.05764
0.773276
5.15108
2.18192
6.55203
3.01429
10.8344
10.9073
1.13697
0.540932
0.26522
1.52761
3.52468
14.4691
2.58753
4.0174
2.82213
4.25792
2.8568
1.23395
3.19814
2.27453
45.0342
3.70238
17.5185
2.70721
4.98176
17.7179
1.03314
3.57025
1.43622
5.5575
7.22636
0.808578
3.75605
1.32127
4.48977
2.70376
33.4996
3.76903
31.5133
10.3909
6.11552
2.03068
4.0439
3.79949
2.08459
3.1813
26.2588
3.11928
2.2896
3.56481
13.5863
4.06187
1.63266
10.5653
0.803337
3.47821
0.746203
3.66283
3.61244
1.77366
3.15447
8.77188
7.72148
1.86204
1.84336
14.6008
4.30913
2.59094
14.0616
13.7239
3.44442
4.24898
3.0887
3.07387
3.56571
10.6096
3.64698
1.84942
9.1938
9.49575
1.19885
10.9615
13.591
12.0311
4.48797
7.04965
3.29639
4.98468
14.4438
2.98023
2.64999
15.1577
2.39749
15.7825
1.89939
3.05776
7.02515
1.63974
8.4061
2.71193
1.98714
111.618
3.39215
2.27524
5.1107
1.82899
6.03699
2.16071
11.2974
16.376
7.70365
3.77199
2.99902
2.97388
14.1466
4.77176
3.67316
1.94794
1.94867
4.83938
1.66198
14.1079
2.07766
1.43732
1.06324
22.8096
10.2677
1.73025
7.39423
2.68017
1.45157
7.34872
1.48381
5.36087
3.6506
11.419
4.13793
3.65004
1.49329
2.05569
2.99103
1.16669
3.22236
7.48151
4.17298
20.4167
1.24905
0.739112
2.05561
3.92874
3.48364
3.635
4.3711
45.3373
4.54237
1.03825
26.7085
9.12844
1.51141
7.36077
2.65724
4.31732
2.77156
3.60009
5.80258
3.24311
0.645059
4.74923
2.23874
5.71014
9.16185
6.256
3.74513
1.46179
4.4568
3.23321
2.9767
2.05529
5.57657
2.72332
1.4036
7.68631
10.8747
1.52328
2.61631
1.17471
4.41209
4.42904
7.89306
1.81812
0.90161
2.58963
9.67934
2.40645
14.2922
2.85285
1.87381
0.783377
1.54813
5.35399
2.72043
6.04851
0.411805
3.13319
1.97632
3.13069
1.37589
7.19928
1.56583
6.78173
1.83292
3.23908
1.02872
1.35493
4.06048
11.689
1.45294
3.71793
3.21015
7.8873
4.43483
5.47294
2.4646
2.94582
2.44899
2.16609
1.65369
4.65724
4.93736
1.56015
4.97745
1.69046
0.459877
2.67213
2.90791
0.75844
16.1015
8.38989
4.79637
14.9752
7.13853
3.55893
2.65817
3.1625
1.41769
14.8629
11.8449
1.46022
2.10629
0.927947
2.05915
5.83609
1.03436
1.46113
1.41743
0.574094
2.99136
6.17748
1.95029
3.89331
3.48301
1.71871
1.50527
1.35215
1.49076
0.639352
3.21504
5.10861
2.36707
2.27085
2.63567
2.90408
4.38412
2.08278
3.64291
3.69033
2.44547
2.54305
3.85858
3.41621
1.06216
2.445
8.59994
1.00673
1.55463
2.30821
7.25667
2.37149
24.1534
7.21256
2.56692
4.76378
3.55483
2.76313
0.757689
3.29684
0.932046
2.61398
2.38129
0.800361
8.70264
16.4852
2.94656
2.25752
3.17821
4.33825
1.42149
4.78944
3.45307
2.01575
7.25445
7.87965
1.90626
0.133562
3.97775
4.34989
2.11275
2.97724
0.526125
3.24457
2.42217
0.994223
1.2176
13.8822
4.17023
0.388983
4.91236
8.20474
3.32679
3.77544
2.56628
4.93861
6.01256
1.68541
2.39185
10.314
5.07949
1.77522
16.1242
33.1174
2.6633
3.50838
1.62042
5.06456
3.8159
7.55674
8.1744
3.79741
9.27542
0.357994
6.23738
3.24779
1.91169
8.23711
13.6395
4.42567
1.55987
0.716463
2.12523
4.35649
3.23544
2.65068
3.26363
5.83548
0.409563
1.44209
1.37065
2.88197
1.76323
1.36066
7.48989
9.14094
1.23832
7.74375
2.31477
2.49836
0.890061
1.15319
10.4007
1.9557
2.3011
2.35106
0.294137
6.59858
2.18973
1.51653
5.34171
6.43326
3.34479
1.79431
3.89852
7.81288
2.3571
1.65856
12.9657
1.28652
1.87689
5.65634
19.9489
1.83251
1.37144
2.51874
7.96555
4.24686
2.92409
3.85123
2.49206
1.52964
2.3713
2.5371
0.543452
1.8667
2.16872
4.53051
6.62441
1.0098
1.04204
0.332856
1.11298
2.87849
5.47702
7.33401
5.04975
2.79506
8.26111
0.92202
4.2961
12.1798
2.66777
7.72977
20.5601
10.3886
0.737088
5.89097
5.40627
2.21676
2.50316
7.91006
2.16946
2.74384
6.41064
2.01556
2.13439
1.61617
3.09801
1.90247
5.02635
1.0312
3.07008
4.82604
1.1321
4.26811
2.04312
2.01559
2.96741
6.18793
3.19103
1.71808
4.35003
2.20561
2.18863
0.775062
1.15068
1.92598
6.4196
7.37182
4.14019
10.9106
3.3554
4.45894
1.01429
1.38394
10.0288
9.93467
3.66475
3.98979
6.45618
5.94908
6.68976
1.13605
1.13503
2.82482
5.73122
1.53238
1.89913
2.02441
0.794253
0.70742
3.9364
6.59405
0.14255
0.771353
9.22347
6.63669
2.57053
1.43574
3.42752
3.20709
2.39538
1.20273
8.44061
1.46935
17.2979
1.31506
3.36769
0.290128
2.50537
6.22444
0.866561
1.60037
3.22004
0.585838
2.46013
0.808661
3.10347
2.17976
7.05855
3.52486
3.47949
4.32018
8.17657
2.02251
6.90683
1.62372
4.33448
1.59545
2.11352
15.3751
11.2991
4.08158
7.32376
2.87049
8.41591
5.25702
3.82692
2.01191
8.52874
57.33
2.22456
2.64365
1.46024
6.4646
0.416996
3.81587
15.3097
1.39194
1.94119
3.16752
3.57402
2.84394
6.70844
0.806419
4.23342
1.26323
2.42487
1.04837
2.79365
11.0323
3.50351
3.09769
5.11866
1.66813
3.31253
3.93828
3.63109
1.5461
0.699138
2.74118
3.50136
2.27977
3.79275
0.481117
3.36081
2.83327
2.27115
6.15141
3.34802
9.98912
2.14342
1.17831
3.30661
3.34169
12.5407
3.14843
3.32187
1.08543
4.5874
3.88463
2.05439
1.72248
1.19614
1.98843
0.691575
3.02129
18.9397
3.16739
3.99828
11.1971
1.17829
3.37856
0.216987
1.00842
4.80481
62.5615
3.26863
6.23866
3.01503
3.80404
3.71208
1.27714
3.49337
1.70774
8.67091
2.01083
3.94558
7.6942
2.35159
0.534859
2.72065
3.39131
3.48124
3.0808
0.839006
4.63023
1.43624
0.83772
3.48685
12.3719
9.33125
2.0879
2.53839
0.436584
2.43368
1.81257
0.708915
1.60668
9.10347
5.54507
0.559592
1.28912
6.1608
1.87557
4.45082
5.59589
4.59807
1.42225
2.66892
1.02495
4.22626
2.01296
0.57091
4.03876
2.71872
3.37296
2.09584
1.88127
4.90381
1.44563
0.937725
71.6643
4.12184
6.3372
2.07017
5.77563
5.49733
5.52033
1.66224
5.49733
2.03491
2.64428
1.87388
1.18238
1.43778
1.77288
1.72052
0.858024
6.25166
8.2651
1.24739
3.17593
2.29309
3.16851
2.65812
2.35819
5.01916
7.07266
2.53562
3.31547
26.6952
5.99665
2.4906
6.99532
2.07248
1.40773
1.83672
8.05622
1.98785
8.14384
8.62288
17.1555
1.62219
0.409021
7.1797
4.46951
2.55164
8.54908
4.12967
5.90061
1.14415
10.65
4.30858
4.39209
3.41528
12.9178
22.0177
7.50902
2.56164
1.5269
1.81259
21.8043
4.63743
1.33917
11.5427
6.52319
6.38427
2.22367
3.43843
3.24809
0.750626
4.69053
0.417978
12.5986
3.31559
9.50948
2.20529
1.88603
9.92472
2.49892
2.78239
1.86414
4.16004
3.68693
1.01504
21.4676
4.11157
3.0056
4.31325
1.37979
1.09328
5.28474
2.76644
10.7648
1.82086
1.55088
4.06808
5.89413
7.60814
2.80949
5.13329
1.70264
0.445355
0.748694
4.36555
1.7715
3.22037
1.9978
4.78727
2.39103
3.46758
15.0501
2.94929
2.46855
2.03548
1.81723
1.73011
3.11411
5.68666
8.21341
1.44248
12.657
2.79725
0.696604
3.00231
14.9796
9.32115
3.75002
8.04169
4.70451
0.601385
4.00323
2.11988
3.90115
3.04177
3.00127
0.754493
5.41226
3.20999
3.5469
1.72667
0.548635
1.53522
4.8794
22.3326
3.38542
1.28237
5.01479
2.56702
9.87367
2.03426
1.37751
10.4342
2.11923
8.457
2.25912
0.988861
1.51492
8.11406
25.243
1.99374
0.781897
0.820968
0.902137
3.31195
18.0067
3.63029
2.90422
10.7483
4.56481
5.74898
2.79165
1.68911
8.63701
0.564468
1.00663
12.1918
17.3446
3.54424
7.03067
1.7444
4.16719
3.44346
15.3769
9.17531
2.49024
2.69317
4.26968
11.6785
5.12378
18.9932
2.87393
4.18823
3.50813
2.28157
4.18449
0.19769
2.41746
20.5063
0.404712
0.733335
1.3948
2.72131
5.59207
6.56033
5.5567
4.41252
2.34134
2.43876
4.77391
1.81406
2.42025
3.72889
4.83749
1.9111
0.622889
5.60009
3.05642
61.8736
8.0044
0.663092
4.94337
2.02795
7.71528
5.55299
3.99431
2.7253
7.03522
3.42772
1.82235
4.4048
6.17287
5.8151
27.7731
12.2861
1.84817
1.55295
0.532291
1.26594
1.8926
5.62631
2.73905
5.96148
2.03613
2.25509
1.35063
6.07944
5.96851
3.35211
2.04347
1.41273
4.72793
4.11771
2.28125
1.57329
2.57511
8.44578
2.67878
1.32343
2.92917
3.55401
4.21501
2.72328
0.267708
0.444158
7.97417
1.98452
1.76363
6.00801
0.776371
1.87019
0.36554
6.20831
3.3473
3.74919
1.3772
23.5064
0.787064
0.515593
14.8992
1.97307
3.16351
1.53365
2.99075
1.96091
5.85994
1.17783
2.23664
2.78097
1.05444
0.490437
1.63715
2.5752
1.00295
4.07358
2.83867
3.47825
4.8738
6.26276
8.18292
2.69256
2.42398
0.619335
3.43839
4.05706
9.84518
1.8546
2.21058
3.039
10.866
8.21679
7.12794
5.19094
0.320746
1.34319
3.28846
2.66022
3.09967
3.60007
11.4233
4.25064
3.04576
9.7364
1.24843
15.0118
1.64872
4.7815
2.62259
5.01889
25.2619
0.590498
7.52876
1.95587
3.24901
4.70995
12.3978
7.13458
1.62148
4.28536
1.75089
1.95846
1.38529
7.61411
5.45067
1.49407
2.11968
2.42626
0.934686
10.5826
131.931
10.5198
2.67909
3.38896
2.48199
1.15965
1.82856
1.37158
1.42977
2.71001
2.1276
2.49605
0.60001
0.521018
8.83506
1.38653
7.82163
2.25863
1.59061
1.06404
2.02604
5.63759
3.75922
1.51266
1.46404
3.28234
5.05567
1.31388
1.69764
1.351
2.39114
2.22405
1.52219
9.14534
0.508629
5.49962
3.47217
0.972032
1.68486
2.69672
9.91884
3.12778
3.9319
4.57327
2.89539
4.50249
16.5858
0.990706
2.94022
3.67991
2.59183
38.0333
1.67137
1.36132
3.64329
1.75219
4.64966
0.488874
11.4976
3.01948
5.12588
1.05229
1.86493
2.0733
2.82465
3.13545
4.9759
3.50081
0.879121
1.65598
4.74629
1.91735
4.547
0.546291
0.747339
4.21688
2.43263
1.13063
5.06403
1.45428
0.294272
2.0169
0.952076
4.06179
9.08129
2.45021
5.23575
2.98099
9.55892
0.706697
9.40047
4.55234
4.30423
7.95186
11.2138
0.798607
1.76759
1.06007
1.90259
2.20849
2.43375
0.800643
5.09484
1.61542
1.40443
5.26287
4.11359
4.74061
4.20855
5.72737
5.83756
5.87345
2.65832
2.18602
2.32474
0.914855
2.56742
1.47889
0.936681
8.54922
4.61573
5.8047
2.6384
2.89453
4.74241
6.59174
1.36412
1.06209
4.06796
5.82827
1.36278
6.91063
4.07349
4.4439
0.824072
0.97729
8.38938
5.79378
2.0287
5.02146
1.11352
2.41599
0.179796
3.65961
2.21584
4.18067
2.79523
2.79399
1.61002
4.11645
3.11823
2.47908
0.786876
5.35546
2.26942
7.1107
21.7727
5.78284
3.0454
10.4344
3.24602
2.19842
4.16081
4.08912
0.762535
2.42626
2.71825
4.12917
2.37692
0.494107
2.79098
2.28325
4.30491
0.586228
3.92193
3.61552
1.69283
6.58009
3.81165
3.4171
0.529242
2.69026
1.73736
2.48904
23.2632
1.68485
50.7983
4.86584
3.75955
4.0125
6.17862
3.70617
0.827205
9.00736
6.70927
7.167
2.64507
27.4521
1.18435
2.73673
1.37226
4.15006
5.85302
1.04071
5.02745
0.610182
4.20701
3.89296
2.69065
11.6221
0.567442
2.12545
2.75925
3.38719
4.40904
6.09172
4.07351
8.04543
2.62949
7.60279
1.59169
1.76902
2.3578
2.2813
1.24933
12.9301
10.9825
2.46696
2.45537
1.8658
3.58493
5.98126
2.23717
1.36532
0.932472
1.75297
5.58318
3.91282
3.49785
2.66022
2.47794
1.37283
3.82664
2.55436
6.93515
13.9788
2.35833
5.68045
1.34367
2.42821
2.51204
2.32276
2.30083
1.98022
1.49238
9.34793
2.11607
9.06984
0.717827
0.384133
4.21152
4.63398
1.38351
6.38437
10.5168
4.49558
3.07514
4.32844
0.787321
7.05168
0.872298
1.6212
1.57246
11.0593
0.880133
3.55473
2.43157
2.83351
5.75978
1.1089
2.33957
10.4892
0.350076
17.216
5.84475
2.33503
9.81388
5.19753
33.5178
1.90534
1.97576
25.4127
5.52912
5.15361
3.29487
2.42637
3.7106
5.06131
2.1958
2.15743
8.8702
14.9552
4.94783
15.3871
2.40469
1.17429
3.82287
2.28768
6.58307
0.890198
3.20426
0.965478
40.2648
1.52103
0.465945
2.21627
14.9593
3.22253
11.0955
5.27153
1.29227
4.05741
2.19513
3.16165
1.38759
1.80912
2.65513
1.71659
1.88306
5.35158
5.41972
6.16111
1.56579
3.53311
1.0795
1.46389
2.68666
4.6354
3.0995
5.53752
1.32421
7.90221
0.826957
3.1659
13.3733
1.33688
1.58916
1.68399
6.24208
3.12349
2.35541
1.97767
1.69527
2.50926
3.42219
0.255279
2.59761
2.59966
0.975045
2.51534
4.17448
4.49873
0.974398
14.4929
6.86844
2.26274
11.7279
4.63179
13.9476
3.00531
5.86413
1.85387
2.91934
1.54252
5.24063
1.37438
6.61932
1.73276
1.30913
0.175545
5.16122
4.26474
0.646876
6.06198
2.04072
2.27519
1.02233
1.41104
4.08301
2.67387
1.10872
4.18072
8.38762
0.473126
1.1386
9.61411
5.17214
9.79851
9.46394
2.72482
8.68749
3.06851
7.98021
3.69773
10.1849
3.65071
3.50741
1.22321
5.63176
2.66952
2.44486
20.4034
31.3301
5.55721
4.82446
2.06789
3.50833
3.48243
7.99427
6.37888
1.91394
1.08157
0.959268
18.3167
20.0168
2.88548
1.63561
1.8595
7.85503
14.7358
0.62306
1.85478
2.30041
3.31862
11.6942
7.71382
2.5557
2.36583
1.72081
1.6719
5.42352
1.66599
9.21729
3.42993
1.92945
2.14068
24.6224
2.5845
2.59751
28.5979
1.12126
2.29598
1.59957
11.8357
1.41412
2.74211
2.62848
0.52605
0.804215
5.99358
4.39648
2.99693
4.56517
3.98486
4.32014
8.21421
3.69927
1.83368
1.09644
7.23964
2.72017
2.08337
4.07238
1.11965
28.3866
0.807067
2.8821
1.30817
7.54649
4.93652
5.5935
0.492189
4.39604
1.03474
1.02179
3.28162
2.57913
14.2512
5.6416
4.35352
3.22196
0.625926
6.77952
0.613987
2.87319
2.32293
6.11784
4.13966
0.269492
14.8654
5.80263
2.53244
2.3507
3.3087
10.799
5.8109
5.35663
5.78073
3.26884
1.0764
3.47698
3.46928
0.685876
10.4353
1.55573
3.93008
1.9062
2.40043
4.75079
2.17008
3.29631
2.13096
2.70887
1.35079
1.66244
4.95964
5.82747
0.443619
3.58052
6.59853
7.88098
4.3136
4.45464
0.616132
3.03908
6.94223
3.33057
1.72528
4.79943
18.3283
6.16457
1.45194
4.46917
4.57834
4.85344
4.82765
3.54286
5.39316
2.88591
8.73081
1.78081
4.64125
1.90635
10.1252
3.501
1.64684
3.74237
0.443047
1.7505
5.259
1.50622
1.83157
9.36406
2.59475
12.5319
1.3855
2.00502
0.526518
1.74957
1.20855
3.22368
2.49221
1.36196
1.217
1.13785
1.36949
2.71043
1.89641
2.52687
3.44898
4.96226
2.85827
1.23112
3.5291
4.98556
1.0054
1.68531
8.00795
2.54444
4.31367
0.655582
4.47257
1.75122
1.51191
13.8692
23.3999
3.76715
12.4878
1.84434
1.18371
5.12382
3.58096
1.44412
1.3312
2.28327
20.4163
4.6449
0.69322
2.67426
1.09779
4.49557
1.4502
2.80969
2.69292
8.87722
1.27051
0.950873
3.42733
3.27896
9.41162
1.68549
1.17284
2.08959
2.37132
3.57037
2.99942
10.4797
2.46245
6.80964
3.45698
3.66882
2.30982
1.93612
4.65086
73.2287
3.74439
7.9497
8.86804
5.66084
7.70837
1.0021
3.88701
2.3651
4.27439
0.924738
4.30913
9.85147
2.31152
1.89036
15.2596
5.22624
5.73775
19.5106
5.94376
11.1038
12.9963
1.19547
1.66754
10.537
6.48689
6.35851
3.1146
0.715735
2.58994
2.39686
6.15303
0.990169
4.56593
3.69736
1.49506
8.75842
15.8725
5.29191
1.19645
6.93345
0.620709
7.82751
0.69869
4.79784
3.29017
7.77446
4.90307
1.78967
2.03996
2.114
2.41969
2.80961
5.10482
2.28309
4.50025
6.66714
4.27188
1.20074
14.0531
1.29199
4.1241
2.18761
2.64257
4.19222
6.4748
1.88863
2.50376
2.86603
4.68993
2.03388
3.0139
1.92977
1.67914
7.46886
4.24883
4.35071
2.11133
5.21741
4.31243
3.51646
1.19396
14.9926
8.3094
1.17687
0.851279
1.79839
1.31101
2.79969
2.89594
1.72549
4.0926
0.454322
2.34181
1.83827
2.27073
3.23262
0.715697
1.41265
3.10896
2.45765
1.36138
0.964826
2.7689
1.67239
2.4248
1.30728
2.96671
1.48612
2.12054
10.2556
3.02291
4.71872
0.409709
2.33491
2.87353
1.47002
3.2851
