0.390529
1.25993
1.23813
3.66331
1.69353
1.74969
2.00727
1.27905
1.96307
0.217692
1.56368
0.46386
0.86329
2.32459
0.687391
1.60734
0.22543
0.606461
0.291134
0.502464
0.214366
0.675086
0.869531
0.308088
0.35781
2.73569
1.01817
6.78974
0.375365
0.981407
1.10721
0.492339
1.7599
1.19347
0.752108
0.432901
0.216373
1.10068
0.403434
0.56909
1.73441
0.35594
0.218198
0.762755
1.31391
0.153768
0.254818
0.270317
0.995577
1.56489
0.822285
0.7905
1.67087
1.11567
0.430317
1.21104
1.78466
2.21876
0.401658
0.713746
0.221629
0.559572
0.460369
0.438946
0.211073
0.570609
1.13458
0.392071
1.42661
0.38266
1.91377
0.456918
0.723535
0.417219
0.855351
0.228986
1.61493
3.06949
4.19982
0.437242
0.586525
0.274544
2.05013
2.8287
2.01797
1.06673
0.709787
0.311429
1.089
0.942572
0.594647
1.3567
0.488057
0.600124
0.787887
0.61796
0.582231
0.466761
0.357781
0.441817
0.649399
0.475622
0.730461
1.55089
1.58005
0.670026
0.223607
1.90611
5.84534
1.29475
1.14592
1.03236
0.835317
3.36822
0.788803
0.655042
0.400761
1.73383
0.429452
1.93787
0.521949
3.13875
3.67073
1.21695
0.109813
0.207339
0.609452
1.5809
1.89854
0.728055
0.540554
0.573854
1.86483
0.154396
1.09851
1.06556
0.448092
0.740245
1.11273
0.871445
1.71454
1.19418
1.85479
1.85483
1.36549
13.0914
1.85097
1.50836
2.08355
1.33019
1.90865
0.67233
1.4071
1.15636
1.42046
0.394983
0.876284
1.99685
0.886203
0.180656
0.396564
1.07687
0.257015
1.07455
0.933628
1.35173
0.456326
1.15719
0.175232
1.53674
0.667923
0.735224
1.69292
0.213077
0.184818
1.15895
0.744202
0.274311
0.746755
0.364412
0.0783566
6.1281
0.178685
1.43521
0.380398
0.486812
0.391056
1.11272
1.52793
1.73308
1.44693
3.41653
0.610675
0.857747
1.61772
3.49211
0.486115
0.68701
0.378569
0.484457
0.221236
4.69705
2.045
1.39201
0.841076
2.64829
0.429407
0.304463
1.02644
0.28726
1.905
0.791643
0.496797
0.281364
0.232354
0.209172
1.91814
2.56232
0.902215
2.22315
3.62709
2.0506
1.36729
3.53217
0.961767
0.6867
0.181793
0.540576
0.47876
0.913391
0.908032
2.68674
0.719734
2.53274
2.04937
2.06165
1.98155
0.117876
0.520909
1.35901
0.488535
0.561052
0.257048
0.813805
0.411233
1.49014
0.461316
1.7245
0.193588
2.52853
0.355768
0.0510512
0.249518
0.611497
1.35824
0.404826
0.279503
0.446876
0.82391
0.40843
0.348684
0.748321
0.643324
1.01265
0.245826
0.562694
0.699183
1.55206
1.24995
1.71671
1.3401
1.37545
1.207
1.34234
0.699491
1.28963
0.189876
1.92139
1.15179
1.1268
1.20683
1.65193
1.91788
1.31259
1.48487
0.490713
0.416046
2.55526
1.02664
0.495352
0.392952
1.98758
2.00591
0.751926
0.589675
2.30966
0.777787
0.584485
2.10429
0.574732
0.965032
1.82429
1.61391
0.441623
0.561252
1.58256
1.46576
1.33278
1.45173
0.452881
0.350487
0.685419
2.34836
0.964261
0.595194
0.48114
1.39922
0.493307
0.370016
1.6722
1.07387
0.928758
1.51351
0.965705
1.66675
1.90286
3.14018
1.36018
0.301006
0.336159
1.22282
0.913538
10.7424
0.774361
0.865897
1.50577
0.23747
0.498511
1.02873
3.04189
0.594847
0.574128
1.22882
0.34826
1.47506
0.557142
0.578331
0.478651
1.95841
0.573273
0.469474
1.39909
0.699339
0.886984
1.16363
0.743074
1.26574
0.490061
1.37954
0.62495
2.09159
0.189062
0.391255
0.389316
0.265585
0.994595
1.01095
0.231434
1.84893
1.17558
1.01364
0.587787
0.811242
0.789932
0.687013
0.476618
0.936465
1.58631
1.65813
0.496464
0.541927
0.149449
0.344641
0.294128
0.968246
0.0691759
0.887558
1.98891
3.52635
1.04455
2.65118
0.490033
12.1355
0.554534
0.153579
2.66538
0.610032
0.605232
2.48846
0.965382
1.40591
2.43186
2.42398
0.166979
0.360526
0.110721
0.499443
0.554933
1.55315
0.322216
0.933928
0.264937
0.520591
2.21538
2.43854
0.253129
0.286566
1.02581
2.20418
0.465983
0.281029
0.971225
0.196214
0.821529
0.474258
1.64812
2.12925
0.31519
1.63678
0.172469
0.456909
1.24565
0.899927
0.306693
0.543372
3.15633
0.28995
1.63767
0.364485
0.306181
0.533932
0.461533
1.92788
0.146559
1.66605
0.382821
1.25551
3.56448
1.34818
0.321759
0.557285
1.07241
0.338018
2.35021
0.257965
1.34166
1.25191
2.70388
2.34677
3.74665
0.889581
0.513769
0.236743
1.29377
1.04846
1.30069
1.99961
1.96101
0.646476
0.534653
1.05901
0.257291
0.332985
1.75409
0.430814
0.426683
1.28212
0.127027
1.86379
0.323985
0.684177
1.21512
0.856456
0.3937
0.236065
1.59628
0.431577
0.44692
0.40539
0.434457
1.3686
0.447695
0.577576
0.577388
0.741568
1.69401
0.553648
1.51156
0.927569
0.928637
0.986579
1.84807
0.817976
0.723591
1.25689
0.449448
1.86178
1.62841
1.25551
0.588404
0.419815
0.319805
0.683311
0.260986
0.524177
0.63971
0.184362
0.297297
0.438391
0.535337
1.38803
0.81658
1.52833
0.850964
2.00616
0.179494
0.893264
1.3611
0.847544
0.690927
1.18047
0.487973
1.05917
1.94834
0.335705
1.64368
0.816301
1.76689
0.32718
0.262164
0.329533
0.832011
1.46832
1.08767
1.62605
0.456273
1.65632
0.410918
0.882628
4.0486
1.91108
0.248157
0.954827
1.20667
0.316039
1.40026
1.33261
0.359642
0.127123
0.397444
1.31722
1.83693
0.711187
0.546286
1.22739
0.36004
1.74216
0.85822
0.37727
0.35325
0.969213
0.814588
0.399749
0.93499
0.432471
0.294515
0.949522
0.49952
0.749724
1.07247
0.676735
0.397635
0.872573
0.046785
2.05312
2.55935
0.594506
0.643782
0.43015
0.197107
1.42504
1.72347
1.13518
2.25539
3.067
0.626637
0.164806
2.58904
0.705632
2.32536
0.340887
0.107847
0.815915
0.369154
1.3454
0.5049
1.1476
0.898607
0.573347
1.80252
0.121356
1.46908
0.360131
2.42261
0.617835
0.416965
2.40424
1.92893
1.35581
0.323123
1.0312
0.8006
0.446712
0.722367
1.81577
1.21211
0.31896
0.761774
2.36709
1.95121
0.792951
2.18296
1.51228
0.565853
0.564414
10.8691
3.11194
0.451704
1.39924
0.376095
1.15288
0.831737
0.761975
1.40874
0.176835
0.459017
0.902027
0.520788
1.12382
1.61512
0.632878
0.298168
1.54637
1.07511
0.243575
2.41786
0.294749
0.387881
1.01944
0.432322
0.281324
0.873851
0.454802
0.697348
1.62648
0.711466
0.499547
0.826336
1.11718
1.42253
0.280602
1.59616
0.410561
0.408497
0.411767
0.36202
1.14691
1.30529
2.32332
0.212029
1.82286
0.478964
1.17853
0.686005
1.12912
0.23746
0.870824
1.49593
6.71602
0.971207
0.20283
0.951281
0.738187
0.342067
0.792675
2.84447
0.718344
0.415231
0.705807
1.11451
0.492929
0.669321
1.17884
1.96192
0.615538
2.896
0.235044
1.14248
1.39735
1.3298
0.819756
0.496301
0.429235
0.625124
0.349528
0.440221
1.29968
0.487166
0.871337
0.347302
1.73758
2.13709
0.621982
0.935604
0.663028
0.475325
0.679619
1.02887
0.222049
1.20527
0.201965
0.326526
0.281638
14.084
0.380224
1.34768
2.61528
1.28806
1.03023
1.7518
0.625493
1.03709
0.4281
0.865902
0.57567
0.72229
0.836724
0.517369
0.403544
1.10782
0.431629
0.74012
0.4543
1.34434
0.251069
1.63815
0.623028
1.72992
1.59896
0.530648
0.53807
1.85271
2.11703
6.02159
0.691116
5.08282
0.602436
0.175229
0.933751
1.16738
0.771538
0.721042
0.624728
0.921905
1.60553
0.369612
1.32838
1.89952
0.886717
0.396322
0.540106
1.4997
0.147229
0.339115
0.641142
0.170458
0.52359
1.20157
0.610618
0.922316
1.49976
0.910645
0.840407
0.294363
0.549375
0.524306
0.646622
0.734223
0.383786
5.08251
2.48235
3.46684
1.29494
0.444718
0.332448
0.35128
1.00263
1.97449
2.10298
1.51339
0.0691281
0.613658
0.179506
2.28789
0.474898
2.55361
1.11745
0.657708
0.641282
3.03662
0.325579
0.55449
0.401525
1.37255
0.382372
1.78113
0.784358
1.74885
0.329025
0.543509
0.369896
0.405946
1.267
0.271738
1.59626
0.754939
1.08526
1.86266
1.53087
0.352401
7.57472
0.66652
0.169654
0.557073
1.63827
4.16711
1.62348
0.786428
1.8767
0.75333
0.250704
1.76266
0.310302
1.94795
1.76534
0.448286
0.879793
1.63128
0.523628
0.179076
1.97316
5.21476
1.59882
1.29693
0.448177
1.20399
0.452704
0.330172
1.13834
1.56726
0.451526
0.262131
2.92424
0.566537
1.25433
1.48478
0.546862
4.23843
0.231455
2.83015
0.353965
0.408421
0.221187
1.32325
0.163218
0.995382
0.428891
0.90617
1.32432
0.352061
0.100479
0.938849
0.378516
0.865896
0.23647
0.145737
1.79456
0.942918
3.75191
0.304723
0.396531
0.443026
0.956901
0.269643
2.49207
0.277665
0.84888
0.32665
0.303354
0.603556
0.362528
0.374992
1.28215
4.06805
1.64341
2.46875
0.428384
1.44211
0.361763
0.375546
0.361035
1.00732
0.359756
1.39596
0.441106
0.936824
2.01654
0.83466
0.58083
1.31348
0.402757
0.536349
0.834112
0.701663
1.33177
1.00633
0.605053
0.509228
0.476417
0.450362
0.433137
0.350239
2.5105
1.34262
0.336522
7.1365
1.34418
0.185065
0.368375
1.43903
3.03688
1.27907
0.819186
1.13495
1.32919
0.207914
0.409692
0.808708
1.32092
1.63031
0.60092
0.410458
2.93848
0.59022
0.540484
0.254836
0.268471
0.572188
1.5082
2.17176
0.398256
0.180182
1.66067
0.489113
0.211217
0.825799
0.40398
0.7692
0.364769
0.814443
0.34974
1.83043
0.410532
0.795253
0.918899
1.22972
1.6388
0.61381
1.98781
0.836066
1.17335
2.65417
0.966402
1.65244
0.520318
1.49636
0.218445
0.554075
1.963
0.215397
0.330337
0.673045
0.382612
3.58512
0.270448
0.166016
0.838383
1.80514
0.404009
4.05551
1.45993
6.09734
2.09473
0.184307
1.15617
0.288376
0.806238
2.03103
0.634262
1.33388
0.118229
0.9153
0.373336
0.382898
2.02647
1.85869
1.19751
1.2559
4.6016
0.775079
0.381514
0.691524
1.03716
1.78963
1.81711
0.813517
1.17836
0.5031
1.80352
5.28765
0.85147
1.26533
1.40378
1.03763
2.12858
5.30472
1.59505
0.629166
0.586976
2.53002
1.27291
0.897821
1.10836
0.801762
2.91893
0.646071
0.31839
1.69063
1.22438
2.47617
0.738432
1.49597
0.608951
3.89308
1.06406
0.440328
1.36093
0.318164
2.2759
0.782138
1.83883
1.83799
1.26683
0.277483
0.406162
1.00019
1.5286
0.205108
0.671634
0.379783
2.67621
4.85256
21.1057
0.429946
2.53329
0.845058
1.57981
3.83915
0.665884
1.11475
0.318553
0.338415
2.18738
1.3575
1.34306
2.40153
0.990458
0.26539
0.459305
1.63374
2.60889
0.644829
0.963723
3.70246
0.207292
1.16589
2.14026
2.07084
0.449156
0.823965
0.805564
1.00645
0.815267
0.435026
0.259253
2.32026
1.42492
0.320308
0.212371
1.08118
1.27672
3.43981
0.228178
0.27958
2.92423
1.96653
1.68732
2.89367
1.54052
0.655257
1.60614
0.287902
0.560499
0.889279
1.28923
0.203075
0.462194
0.338277
2.09773
0.339482
0.652967
1.30944
1.07582
0.585501
2.2796
0.615111
0.234289
2.65957
0.351007
0.594505
0.103945
0.30634
2.10205
0.321202
2.16929
1.6887
0.287971
3.41309
4.98154
2.85133
0.523232
0.436805
0.178697
0.258231
1.06391
1.14552
0.519611
1.03555
2.81518
1.22424
3.47229
0.898644
0.37807
0.254885
0.270672
1.63971
3.83964
0.465429
0.699115
0.173987
0.569831
2.86835
0.562423
0.693171
0.363907
0.622806
0.411605
0.632214
1.80811
0.417483
1.55697
1.16265
0.326095
2.05801
0.580888
1.5559
1.93382
2.13309
1.68911
0.0487088
0.887538
1.2092
1.72733
0.526993
1.44904
0.71917
1.44196
0.251076
3.18405
0.981806
1.0169
1.30369
0.70817
1.76814
1.42455
0.378718
0.249844
0.114153
0.538672
2.05091
1.53009
0.458168
3.23685
0.905888
0.476587
0.268818
0.557769
2.45119
1.16073
2.00026
0.444909
0.701172
2.74514
0.992699
2.9564
2.27265
1.642
0.118095
1.5611
0.831607
0.530501
2.09121
0.275338
0.779286
0.0759958
2.17319
0.358684
0.762239
0.477365
0.0749845
6.58413
0.665528
0.756096
0.600998
0.748591
0.203722
0.749011
1.03067
1.58087
1.85108
0.428461
0.29012
1.20323
1.05703
1.76812
0.96209
1.61057
0.652707
1.88426
0.797249
0.330345
1.49549
0.334324
1.86134
0.171449
0.395095
0.321361
0.651106
1.43582
0.81323
2.60469
1.69211
0.518427
4.12258
2.53751
2.37372
0.344489
0.440706
2.00284
2.10462
1.68604
0.289996
1.03467
0.664341
2.70441
0.687846
1.80972
0.771003
0.347605
0.821875
1.38847
0.791513
0.537542
0.81349
0.471954
0.500454
1.41428
1.15485
0.119501
1.04213
2.90679
0.992293
0.706383
0.23298
0.94485
0.853409
1.69441
1.02449
2.02135
0.445252
1.11329
18.366
0.361446
0.687111
0.225925
0.69209
1.07231
0.770124
2.31402
1.19678
1.53652
0.321723
0.864074
0.307181
2.24956
0.048407
0.186512
0.309856
0.437976
0.345993
0.41218
1.84393
0.431161
1.33754
1.39803
0.994738
0.153437
0.260045
0.40738
1.44983
0.267527
1.23438
2.25296
0.776068
0.2094
0.666363
0.276887
0.795421
0.382439
1.56505
0.27872
5.11474
0.663879
0.653377
0.711931
0.653355
0.510421
0.325012
0.972917
0.201337
1.28276
0.696492
0.494555
0.625525
1.81573
0.430029
0.58925
0.80557
0.501252
1.09447
0.226542
2.12114
1.17119
0.860624
0.918883
2.13216
1.54353
0.220042
0.561468
0.412326
0.398566
1.545
0.38313
0.784153
1.65721
0.306062
0.809242
0.750175
0.979086
2.11815
2.00232
0.58643
1.52603
0.274998
0.500126
0.30936
1.31747
0.916581
0.321975
1.46173
0.862246
1.4334
0.332405
1.52296
0.571736
0.743525
0.118808
0.821155
0.498117
0.84006
0.906326
0.919694
0.797032
0.941831
0.244921
2.38724
1.11837
1.06024
0.502422
0.395375
6.47141
1.79105
8.72341
0.823037
0.346942
1.2794
0.123631
1.56018
1.07901
1.07461
1.72051
0.307489
0.413832
0.574236
0.294652
0.36531
2.32221
0.657323
0.969096
2.20968
1.22103
1.11433
0.32816
0.35855
0.901173
1.78264
0.318084
0.481324
0.212849
0.99499
0.268085
1.81071
0.319548
1.3725
2.04919
0.296979
0.440352
0.689668
2.10907
0.300881
0.347373
2.13734
1.16751
1.74978
2.30364
3.44432
0.333302
0.802738
0.675524
0.0875048
1.50016
0.250459
0.572664
1.0539
2.24218
1.45733
0.939249
0.995427
0.789992
0.446905
1.41399
0.202318
0.646454
1.19894
0.590079
0.853374
3.05496
1.52105
1.23692
2.6621
0.479981
1.17337
0.837544
2.41506
0.664632
0.682354
1.44182
1.24483
1.63122
0.924182
0.314353
0.551613
1.6811
2.1734
0.247695
6.32632
0.774651
0.732574
0.420056
0.704407
0.47642
0.226201
0.17262
2.11764
0.551316
2.73782
2.22565
1.42749
0.438602
0.244745
0.652751
0.379169
1.08331
0.877635
3.30082
0.749162
1.31034
3.65513
1.58911
0.2715
2.12967
0.371809
0.728959
0.872042
0.668135
0.592789
0.14193
1.26932
1.1945
0.700402
2.36524
0.440003
1.20717
2.18518
0.360052
0.920238
0.127672
1.61144
3.90899
0.408822
1.14854
0.207896
0.0927615
0.68328
0.386662
0.75594
0.345732
0.366385
0.624429
1.24994
1.07757
0.599096
1.43581
0.694242
3.57933
0.298204
0.128546
1.62495
0.71643
1.02795
0.303137
1.04248
0.8357
1.6033
0.429738
1.04897
0.535159
0.410139
0.162771
1.52574
0.538285
0.448602
0.726682
0.619465
1.03653
0.853498
2.61957
0.442712
1.77917
1.46649
1.14028
0.783427
1.32463
0.9369
1.59436
3.8585
2.61913
0.30246
1.86912
0.254088
1.59012
0.719249
1.63282
0.346458
1.00184
0.305022
0.726742
2.42799
0.7718
0.221917
0.505958
1.14451
0.476869
0.835041
0.882643
0.681617
5.54008
0.787121
0.529163
1.45778
0.639007
0.186071
0.337373
0.983344
0.489699
0.433874
0.833672
0.356761
2.08045
0.695754
1.22282
0.723682
0.715255
0.879851
1.66254
1.31173
2.83721
0.466453
3.3968
0.244508
0.98115
1.30143
0.48235
0.65196
0.842933
0.945112
2.34245
1.16304
0.475037
1.16261
1.28163
0.595016
0.582943
0.616105
1.85451
1.14042
0.266097
0.677791
1.89497
0.434445
3.84993
0.947086
0.327689
1.54681
0.334543
2.05338
0.398066
0.979452
0.18991
1.19578
0.209951
0.824892
0.506886
0.506964
0.473438
1.28797
0.543905
1.68452
0.471564
0.645288
1.06013
0.45129
3.1284
0.594036
0.84256
0.184703
0.558278
0.582627
1.97743
1.41695
3.30237
0.577911
0.859266
0.427888
1.14564
1.09323
1.16518
1.19167
0.610849
0.424548
2.12876
1.11864
8.19152
0.671304
1.40954
3.02674
0.637358
0.905691
1.79723
1.48348
0.220277
0.813426
0.345064
0.276785
0.279702
0.461235
0.38516
0.559333
0.818069
0.30057
2.06231
1.49611
0.911369
2.04243
2.00877
1.79215
1.35261
1.15249
0.44253
0.289136
1.38025
0.461912
1.86875
0.321393
0.854191
0.378439
0.953184
1.54186
1.05824
2.42653
0.205359
0.857867
1.29986
0.581371
0.877583
0.525843
0.619638
0.118104
0.263151
0.820574
0.231471
0.769471
2.82329
1.29017
0.841201
0.513938
0.322066
2.29418
0.947556
0.272217
1.24081
1.16883
0.850868
0.955971
0.741881
0.679269
1.07412
2.29748
5.97937
0.275136
0.12799
1.05979
0.64868
1.94612
0.987335
2.23351
0.639229
2.14505
0.515039
1.37023
0.253223
0.432526
0.274689
1.40047
1.24257
0.276545
1.291
1.16991
0.574872
0.566188
0.187449
0.568392
0.573384
0.337409
1.92479
0.874776
0.268332
0.834782
2.18152
0.618597
2.03678
0.478691
0.42492
0.152651
0.693572
0.470325
0.462564
0.172905
0.338471
0.137097
1.1306
0.124886
0.423453
0.620624
0.957289
0.417496
0.186646
2.24612
0.204492
1.21463
0.251279
2.09834
1.51855
0.311391
0.660064
0.83151
1.13356
1.42512
0.27892
4.35538
1.69692
1.56873
0.762796
1.62404
2.63453
1.65651
0.360379
1.57751
0.521414
1.72443
1.45641
2.49878
0.377405
0.43914
0.822045
0.347497
1.29711
2.14296
1.7629
1.18615
1.52483
3.22373
0.935845
1.73163
1.35033
0.319188
0.34298
0.352614
1.38959
1.6542
1.24978
0.215576
1.05731
1.47871
1.35598
0.254244
0.564002
0.572176
0.216079
1.52847
0.494678
0.233499
0.495066
1.21874
0.539804
3.34689
2.47632
4.75636
0.684398
0.441902
0.498724
0.496139
0.594009
0.322256
0.612791
0.683975
1.27402
0.220773
0.51928
3.21651
0.780212
1.74062
2.9856
1.7553
0.596566
0.518293
0.630667
1.68441
1.34711
0.174112
0.461974
0.437293
0.0798696
1.10295
0.375005
0.159914
0.588686
0.614838
2.15167
0.239526
1.47296
0.559298
0.223409
0.0981776
1.71538
1.92085
0.331066
0.883605
1.57046
2.14977
1.83965
0.966864
1.68298
0.689833
0.211168
0.853524
0.287305
0.68654
0.529781
0.290773
2.51033
0.809106
1.13094
1.99227
3.20502
0.493597
2.41754
0.461802
0.295305
0.284158
36.5468
0.755232
0.304468
1.05976
0.197064
0.687559
0.553773
0.438611
0.781764
1.3903
0.733548
3.57927
0.0976895
0.648036
3.83448
0.200055
0.309203
0.998238
0.350463
0.470186
1.63918
5.25591
0.265282
0.789309
1.06379
0.599299
1.23479
0.641078
1.1842
0.226707
0.897915
0.600782
0.832019
0.951397
1.66497
0.992845
0.690505
0.578164
0.827872
1.56969
0.361086
0.906923
1.25773
1.74623
1.29295
2.78218
1.11364
1.61666
2.12749
0.244493
0.617077
1.99815
0.296995
2.27737
5.37065
0.423388
0.787595
2.35894
2.57705
0.167467
0.24106
0.215407
1.29971
1.96198
2.25613
0.555026
0.35431
0.297902
2.20868
1.94725
0.769137
0.863233
1.37324
0.557017
1.07556
1.63155
1.97781
1.63642
1.00041
1.26323
0.699722
1.76213
0.248486
0.361928
1.37655
1.89911
2.85483
1.2821
0.540122
0.264116
1.43999
1.28634
4.7929
0.536497
2.55169
1.16776
1.38258
0.508829
0.475787
0.37427
1.11253
1.63338
0.400993
1.06802
0.301076
1.9405
1.06241
0.556226
0.418215
2.26835
1.99217
1.55462
1.57207
0.545705
0.745681
1.24191
1.12241
0.199526
0.532591
0.600003
1.13587
2.12884
0.662041
0.507465
0.318854
0.552066
2.37428
1.37122
0.168109
0.226429
0.456335
0.176164
0.799733
0.370533
2.50884
0.659528
2.53497
2.04664
1.37067
2.13684
1.56283
0.72563
0.878763
0.413299
0.198485
2.38522
1.33317
0.754233
1.50414
1.72971
2.46026
0.315188
0.428931
0.0761111
0.435453
0.375673
1.60256
0.647656
1.77781
0.515652
0.517075
0.213842
0.793965
1.7631
0.925305
0.583542
0.838557
0.485692
1.4269
0.525281
0.963344
2.48485
0.344894
1.87496
0.343337
1.5307
1.58316
0.496815
0.343938
0.88764
0.479187
1.00853
0.511366
0.347729
0.47191
1.19336
1.09332
0.266553
0.783365
1.31044
0.287181
0.337173
0.804994
0.470559
1.6218
1.18693
0.893692
1.33636
0.771992
1.14639
0.193224
0.667953
0.397543
2.37028
1.08996
1.50282
0.370427
0.557993
1.22589
0.825828
0.713437
0.439738
2.66947
2.1975
0.28363
1.66202
0.316503
1.38774
0.396351
0.684978
0.539225
1.55727
2.11636
1.04549
0.972219
0.314458
2.75776
0.3472
0.256433
0.395373
2.42904
1.38246
0.329382
0.398686
0.352725
1.70432
1.83474
1.00691
1.08551
0.583582
1.37546
0.758141
1.16206
0.280507
1.88287
0.420181
3.78622
1.38373
0.610093
1.31696
0.17848
2.4989
0.460729
0.560584
0.197316
1.57567
0.127037
0.487457
0.266632
0.39539
20.16
0.412993
1.31033
0.296669
0.286194
2.36153
0.650594
0.804945
0.946173
0.766583
5.53045
0.729838
0.61934
1.34286
2.10925
2.79912
0.800568
1.46317
0.663068
1.62206
1.52772
0.450084
0.59635
2.02196
0.630758
3.0561
0.978117
0.233374
1.1431
0.97972
0.278561
2.161
2.84929
1.11402
0.667071
0.376945
0.377881
1.3042
0.754474
0.333885
1.87834
0.0834975
2.2184
0.443112
0.978676
1.04667
1.33551
1.12382
0.74003
0.545837
1.62239
0.419156
1.22458
2.04845
3.00328
0.430024
0.384665
0.118418
0.398113
0.204349
3.28902
0.398845
1.72248
2.96135
0.446086
0.313695
0.480543
0.136208
0.369036
0.540568
1.46901
0.285961
0.566887
0.631391
1.64879
1.23418
1.93011
0.216068
0.4088
0.896736
0.641553
0.407961
2.11409
0.219442
1.4984
0.212116
0.380787
2.63447
0.512951
0.907206
1.08341
1.27585
1.37133
0.57998
1.42854
0.372656
1.72321
0.493131
0.419605
0.642814
0.707021
1.51828
1.75511
1.47281
1.50342
0.844003
2.78803
2.82454
3.06507
0.799213
0.34464
0.418088
3.50037
3.18734
0.596675
1.06004
2.85168
0.454196
0.448975
1.70991
0.544761
1.43957
0.627258
0.577574
0.304221
1.77287
1.13259
0.285532
2.17958
0.324283
1.49887
1.07488
1.16666
0.912717
0.194072
0.294311
0.888405
2.80598
0.47038
1.06905
2.3681
0.0361763
0.763091
1.43184
1.48996
0.3147
0.618193
1.22456
0.425123
1.38944
0.577212
0.367663
0.511846
0.634698
0.350791
0.338926
1.50425
0.440008
0.724892
0.545689
0.220324
2.27348
0.257697
0.345011
0.404287
0.387376
2.23841
3.2654
0.422657
0.617812
2.61818
2.17134
1.21258
13.628
0.911428
0.440743
0.204382
0.723636
1.79068
0.266727
0.572287
0.617312
1.1928
0.813727
0.262345
1.08432
1.42756
0.569521
0.171958
2.02656
3.48491
0.65974
0.82308
2.02782
3.17029
1.75264
1.58184
2.15176
0.253831
1.10316
0.604409
1.88554
1.11103
0.549637
0.0686028
0.902972
0.202618
0.650192
0.779147
1.31374
2.06307
2.01586
0.395368
0.614577
0.411512
0.705388
2.31128
0.211036
1.0768
0.89293
0.314518
0.958296
1.18076
0.282784
0.656672
0.822278
1.27163
1.29648
0.546944
0.505959
1.23072
1.52691
0.221087
0.192166
0.346283
0.482535
1.45771
0.31893
0.297103
0.752082
0.39267
0.617434
1.34247
0.779226
0.776161
0.964481
1.74316
0.674396
0.92098
0.953172
0.306647
1.66393
2.23079
1.92206
0.356512
0.877116
0.494747
0.408538
1.01254
0.694835
1.2651
1.2374
0.286704
0.477484
0.280774
0.632214
0.220608
0.462851
0.626116
0.792615
1.5794
0.990332
0.795514
1.88897
0.605841
0.512403
0.477226
2.6034
0.560368
0.868875
7.85893
0.565709
1.70594
0.314812
0.50562
1.65065
1.04579
1.02899
0.358526
0.840901
0.687859
0.231582
1.6109
0.738166
0.370888
0.976379
0.542454
0.636286
1.3363
0.554355
1.19064
1.14067
0.486762
0.498638
0.640138
0.179819
0.427343
1.17655
0.906118
4.059
7.36563
0.290449
0.867849
0.867909
1.72889
2.1214
0.658281
0.633942
0.629109
2.53446
1.08657
0.763171
0.664366
1.79085
0.328488
1.21636
0.294098
1.06584
0.627826
0.626203
0.267298
0.440091
0.667652
1.50285
1.01996
0.926792
0.265194
1.26421
0.741504
0.271292
0.317228
0.436756
0.480678
4.45
1.06709
2.68994
0.98867
0.459818
1.23722
0.679835
0.158096
0.31755
0.893304
2.71313
0.44398
0.243155
0.30289
1.85179
0.69586
0.905669
0.961073
0.555397
0.436148
1.76413
0.259253
0.48945
0.0918694
0.501427
0.512068
0.810652
2.12815
0.825452
1.52469
2.72129
0.29923
0.391962
0.394381
2.35474
1.27973
1.19056
2.99467
0.480648
2.34305
1.00627
0.835979
0.501936
0.645631
0.234958
1.56705
0.7478
0.983909
0.723787
0.357162
1.18755
4.76215
1.06526
0.388141
5.59539
0.732255
1.21214
0.314775
0.466303
0.685018
0.345816
0.216795
0.908994
0.757507
0.497328
1.12494
2.25513
1.21556
3.06086
1.92168
1.23364
0.216896
1.20744
17.0461
0.828815
3.18113
0.241305
0.96856
1.47573
0.803639
1.50551
0.444354
1.57167
0.338379
1.86543
1.61718
1.46738
0.53247
0.203468
0.568307
2.10053
0.966469
0.611611
0.898817
0.202462
4.01481
0.232046
0.732854
1.33099
0.475298
0.409433
1.48291
0.731603
0.135009
0.863229
0.225539
0.735806
0.646846
0.913519
1.08936
0.140234
2.09064
4.12243
7.86676
1.22666
0.48178
1.05989
0.201792
1.50564
1.36467
1.62771
0.508988
0.453646
0.793651
1.27717
2.60465
0.723831
0.219302
1.4535
2.14591
2.03675
0.253569
0.966489
1.07358
0.693445
1.56913
2.75467
0.242404
1.66372
0.826108
0.540998
0.533146
0.392117
0.35299
1.77392
0.556621
1.58346
0.268943
4.93322
1.19629
0.410938
2.25685
2.17422
1.78341
1.37827
1.13939
3.3078
0.205436
1.62232
0.422943
0.621489
0.345657
1.05998
0.430306
0.154937
0.747098
1.88004
1.18785
3.43289
0.339738
1.12032
0.625878
0.553241
0.40927
0.594342
0.23782
0.854386
0.189871
2.39412
1.8755
2.85227
2.12158
1.95215
1.21485
1.02112
1.84127
1.82693
0.566156
0.459201
1.89053
0.323742
0.695129
1.75645
1.55623
1.08546
0.862576
1.68772
1.30681
0.752854
0.585902
0.882382
0.62692
0.226949
2.48334
0.520693
0.787806
0.240492
0.687803
0.476517
0.0957334
2.27979
0.881021
2.10716
1.99233
0.977472
0.873412
1.18431
2.31473
1.10528
6.70447
1.83762
0.276681
0.598469
1.01187
0.963321
0.299454
0.345792
0.298462
1.73318
0.0679419
3.5743
0.707014
0.505416
1.38299
0.753977
0.926597
0.719792
0.0961478
0.440889
0.234712
0.841069
0.579592
1.83344
1.06148
0.480355
0.905313
0.263813
0.358015
0.764263
2.05485
1.30416
0.25094
0.807786
1.86461
0.487017
1.77482
1.27924
0.378986
1.43458
3.22873
1.55847
0.312716
1.54952
0.15079
0.0841674
0.430526
0.465654
1.31827
0.921263
1.99543
0.0280972
1.23995
1.30048
3.54788
1.25833
0.583884
0.730129
0.704983
0.40166
0.702253
0.38459
0.403643
0.494585
1.07135
3.06245
0.569649
2.30473
0.24199
0.311867
0.447899
0.38528
0.971001
3.44481
3.05242
0.820821
3.75386
0.585469
0.438063
0.221435
0.985921
69.5
0.259346
1.29352
0.909361
1.20165
1.0914
1.03848
0.152378
0.807196
2.40099
1.45135
0.547065
0.832669
0.499634
0.386738
0.855021
0.255269
0.204094
1.26403
1.3256
5.36627
1.78659
0.371167
0.463117
0.199576
3.36029
1.83583
1.33816
0.434488
1.94485
0.296961
0.374978
1.13529
0.322304
0.151739
1.46892
1.20372
1.09499
1.56378
0.569301
1.99421
0.558149
0.629749
1.74794
0.63195
0.691154
1.30494
0.938125
1.02423
1.70651
0.564802
0.57943
2.771
0.447848
0.515233
2.1187
1.09039
1.80965
1.63358
0.815847
0.402955
1.62489
0.54318
0.982826
0.627579
0.45951
0.31376
1.08743
0.889891
0.803689
2.14242
0.952468
1.14755
0.502196
0.314276
0.925384
1.14054
0.548298
1.56002
1.1697
0.653838
0.405437
0.793918
1.47497
1.02651
0.455077
1.68871
0.223534
0.230822
0.608547
2.6554
1.13914
1.33764
0.379152
0.403753
0.690436
0.768917
2.33073
2.4124
1.13249
2.53066
0.302662
2.73443
0.83193
0.387342
0.88419
0.260435
0.56303
1.29334
1.78515
0.587265
0.309396
0.383504
0.33871
0.314813
0.902119
0.205559
1.3319
0.0334287
0.571166
3.18597
0.65537
0.792016
0.696875
0.286481
0.915785
0.338679
2.55575
1.14779
0.761253
2.07626
0.886848
0.418253
0.304428
0.315031
0.565585
1.12911
0.873044
1.35019
0.474212
1.94612
1.56523
2.35392
0.644152
0.324532
1.54047
1.80654
1.30933
0.585353
1.53663
1.05199
0.435865
0.671391
0.320535
3.92918
1.20922
6.25698
2.02167
0.304135
0.788077
1.79841
0.148143
0.632522
1.28151
2.2717
0.475478
0.853836
0.812909
1.0076
0.529653
2.06604
1.89992
1.42417
1.16487
0.55768
2.94614
1.74035
0.297699
1.16059
1.17739
0.774975
0.337331
1.07445
0.459105
0.228554
1.28949
0.978191
1.05031
1.0022
0.953608
0.180481
0.3956
0.883084
1.43255
0.643117
2.03827
1.02696
0.625437
1.10896
1.63362
3.36082
1.90848
11.6667
4.38751
1.44613
0.945245
0.272254
1.03746
0.612009
0.609379
0.147013
0.859355
0.53155
1.43957
0.697495
2.77414
0.741352
1.4533
0.747912
1.57525
1.92469
1.97963
0.411102
1.77968
2.58846
1.11445
0.329043
1.02467
0.717729
0.649715
0.79617
0.25733
1.83207
0.406503
0.723508
2.31301
1.02793
1.87229
1.9538
0.617472
0.643093
0.629005
0.571264
0.837241
0.0830497
0.33552
1.84242
0.759718
1.36365
2.29135
0.632153
0.747591
0.41102
0.223497
2.17674
1.57877
0.210868
0.527197
1.92777
0.127773
0.257594
3.16689
1.33535
1.72924
0.205262
0.515262
0.868367
0.173312
0.563223
0.0938603
0.789431
0.482673
0.512203
2.37449
1.41749
2.91481
0.119588
1.04363
0.486591
0.308645
2.54859
1.72701
0.313262
1.07563
0.789669
0.345898
1.48272
0.473322
1.61111
1.66223
0.210602
0.750456
1.19284
2.33403
1.53577
0.695347
0.700534
0.565311
0.230495
1.058
2.25804
0.177531
2.09034
0.265408
0.599954
0.531895
1.85044
0.46757
2.09858
0.181959
0.368304
0.295411
0.404277
0.737684
2.14628
0.541118
3.70262
0.904845
0.316694
0.806828
0.359262
1.02567
0.417349
0.196021
0.667958
1.87038
0.931009
1.06954
0.126694
0.160571
2.13861
0.677418
0.540575
1.10765
0.311956
1.68189
0.193731
0.783112
2.08104
1.07218
1.57419
0.541919
0.518253
1.54163
0.370823
2.27006
1.25288
1.46165
0.531056
2.20126
0.327972
0.413661
2.00536
1.33744
0.472437
1.16609
0.533493
0.0933806
1.7114
1.83577
1.85754
0.958881
0.260832
0.427103
0.277549
2.85971
0.349166
0.142737
1.11497
1.80386
1.50531
0.968942
1.0598
0.90367
0.735733
0.391463
1.70521
0.326323
0.306471
0.973535
3.03675
1.27903
0.905157
0.808733
1.38369
1.77798
0.660111
0.427394
0.719803
0.428528
0.469497
0.277888
1.1534
9.04911
6.69816
1.18612
0.305989
0.601591
0.268762
7.82117
3.81767
0.517855
0.842909
1.04764
0.479199
1.16992
1.40181
0.483806
1.78252
0.682692
1.88871
0.13763
3.40966
2.09563
2.52091
0.113711
1.35695
1.0557
0.355319
0.713413
0.316227
1.50596
0.755768
2.40038
0.848938
0.177782
3.79718
1.02339
1.81184
0.314135
2.59669
1.61142
1.42941
0.377342
2.07051
0.750471
2.42538
0.342127
2.23805
1.79379
2.01873
1.34553
0.264886
1.4536
1.63372
2.59562
1.13391
0.177344
2.3478
1.10062
0.529033
1.6654
3.098
1.0741
0.135778
0.576075
0.357003
0.631778
0.929106
1.29701
1.23422
1.82019
1.14802
1.70869
0.635545
0.667767
0.56258
1.09841
0.486005
0.371157
0.570541
1.05527
0.454857
1.38363
0.544707
2.16994
0.339224
0.346647
0.429519
0.569341
0.385747
0.740518
1.92091
2.94083
0.68851
1.31352
0.471971
0.585029
1.06124
0.335229
0.542917
1.43525
1.60204
1.3892
1.48473
1.35612
0.250761
1.21195
0.829177
1.45425
0.319424
1.0754
2.86506
0.605206
0.343365
0.520465
1.34834
0.269055
1.53183
0.505835
0.522264
2.14378
0.374401
1.11887
0.471916
0.699939
0.819996
1.08196
5.00386
0.412957
0.378349
1.3315
0.533135
0.540137
3.1661
1.85965
4.34521
0.578568
0.869401
1.36609
0.443037
0.430244
0.419556
1.88628
1.50246
0.206453
0.848171
2.07714
0.596899
0.378759
1.60692
1.68795
6.38317
0.509722
1.07685
0.377271
0.41709
0.659716
0.549696
2.4863
2.53934
1.57295
1.72007
1.95399
0.232454
0.551125
0.384638
1.13512
1.10085
1.56158
1.08444
0.285247
3.04615
0.70262
0.539232
0.076562
1.92163
1.71557
1.20654
0.984927
0.388585
1.23901
1.12627
0.668346
1.86119
1.05017
0.751312
0.758027
0.94831
5.66678
0.904415
0.587502
1.59939
0.570989
0.583777
0.518641
0.8508
0.781191
0.716797
0.211808
2.98516
1.38331
1.95057
1.30345
1.62074
3.16464
1.21164
0.322095
1.48251
0.397756
0.711887
0.968951
0.759804
1.13423
2.05534
0.617834
0.697466
0.641398
0.415491
0.386149
0.912029
0.488305
0.133544
0.681116
1.25337
0.630689
1.64149
1.66589
0.992619
0.261319
1.27459
1.3732
0.453905
1.53117
0.441183
0.435988
1.76137
2.85666
1.55661
0.0743555
1.15418
1.40481
3.26568
3.42452
1.98279
0.641274
0.197612
1.33255
1.08563
1.78505
0.262461
0.125152
0.633057
0.150167
1.34987
1.51073
1.24899
1.26386
1.10742
0.225693
0.462956
1.31596
1.06004
1.48202
0.20631
0.586344
1.29329
1.72065
0.300187
0.135777
0.365524
0.33334
1.3807
1.0402
0.626278
0.84899
0.50611
2.00262
0.865244
0.601096
0.36504
0.191916
2.53417
2.24441
5.69892
8.27512
1.6131
0.895304
0.796788
1.40241
1.54347
1.44562
1.61399
1.62152
0.600025
1.28626
2.31804
0.346829
0.425188
0.590628
0.18497
0.180855
0.285512
1.79887
1.17274
1.01635
0.329396
0.0798516
2.19106
0.285014
2.48008
0.345211
0.945661
3.13026
1.69083
0.82678
0.231596
2.40257
0.707535
1.15172
1.54273
1.20152
3.24284
0.82615
2.25573
1.75107
0.343525
2.35399
2.7692
0.796236
1.81684
1.41479
0.752493
3.43271
0.693212
2.63499
0.3066
1.74095
5.82787
2.05706
0.535276
1.82114
2.08702
0.530836
0.309927
1.04403
1.05985
1.93911
0.518402
0.202652
0.400607
0.280619
1.5264
0.301949
0.631863
0.268445
1.33239
0.612005
0.315258
0.580982
0.754079
0.300013
0.793414
0.32524
2.20468
0.840685
2.07078
1.40273
1.58395
0.202383
5.69245
0.956325
0.222152
1.11851
0.593334
1.93684
0.440094
0.555246
0.877127
1.40588
0.899077
0.265784
0.9156
2.27941
0.448907
0.878019
0.76046
1.97467
0.824681
0.680355
1.99134
0.668206
2.11656
0.244169
0.280957
1.19729
0.283272
1.65006
1.47552
1.19156
0.772718
0.891865
0.608607
0.286512
1.07268
1.54275
0.538523
0.207
0.742857
0.432372
0.409582
0.601677
0.0878943
2.70106
0.524823
1.4439
1.8453
1.22713
0.147927
0.787721
1.97855
0.399344
0.277759
0.608394
0.408687
0.609355
1.15056
0.967698
1.01047
0.542737
1.56534
0.518429
0.644084
0.0363678
0.0636105
0.646544
1.46741
1.09924
1.05321
0.348217
0.582214
5.19096
0.368302
1.19664
0.417243
0.353645
1.03447
1.79212
1.02216
0.267434
0.480059
0.230691
0.375083
0.519594
0.667148
0.599324
1.73865
0.458623
0.470367
1.58589
0.54636
0.391654
0.190006
0.923522
0.697725
2.4665
0.682404
0.367092
0.401564
1.16119
0.376731
0.456237
0.412286
0.381893
1.06421
1.32272
1.74561
0.678314
1.61856
0.781501
0.815578
0.364071
0.466184
0.529176
0.836682
0.567051
0.625843
0.537828
0.192433
1.12957
2.06872
1.41582
1.0212
0.655141
0.936321
0.844245
1.19335
1.14066
0.428453
0.411939
0.775245
2.06099
0.474719
0.6789
1.29308
0.198456
0.402905
0.985275
0.112417
1.63688
0.668722
0.252707
0.869141
2.0763
0.28472
0.223763
0.660771
1.4036
1.50041
0.647858
1.0861
0.359888
1.52691
0.203099
2.7561
1.65108
8.60611
0.915496
1.14327
4.36875
0.454001
1.83634
0.797296
1.49137
0.484481
0.382377
0.778184
1.3704
0.910469
0.454367
0.681376
1.2097
0.140422
1.76008
1.18815
0.953814
1.53855
0.0272252
0.324372
2.8071
0.383156
4.87699
0.365087
0.401939
0.83738
0.960209
0.184967
1.95329
1.31063
0.392375
1.79163
1.24834
3.1869
2.47179
0.265735
0.392671
2.58268
0.678201
0.44805
0.522686
1.08706
0.385043
3.48985
0.228675
0.256338
1.04845
0.738476
0.366662
0.171968
0.489991
0.646215
1.22368
0.29392
1.96231
0.615119
0.42146
0.933187
0.680924
0.467204
0.470276
1.46358
0.848272
0.357473
0.288668
0.295808
0.70097
0.300077
0.22423
1.32746
1.78418
0.447044
0.889687
2.34287
0.619552
1.8152
1.17809
2.20696
1.61069
0.316741
3.46715
0.847362
0.531813
0.802416
1.89932
1.15798
0.492314
0.878311
0.243108
0.230389
0.641441
1.31208
0.523911
2.4396
0.963653
0.376814
0.65312
2.29589
0.734173
1.02504
0.51916
0.293795
0.391902
0.799994
2.46207
1.49726
2.68047
0.830432
0.150613
0.815196
1.85913
0.324946
1.20226
0.815282
0.920046
1.14891
0.609366
0.535044
1.09242
0.2706
0.311208
1.45965
0.47557
0.933703
0.289028
0.540496
0.511563
1.79437
1.44555
1.00837
1.39834
0.852903
0.17116
0.727663
1.11524
0.836188
0.595869
0.275903
0.808152
0.96303
2.0985
1.13419
3.04544
3.43054
2.9789
0.396722
0.85682
0.743676
0.672351
0.139676
0.870837
0.710224
0.743054
0.263901
1.6787
2.08845
0.244772
0.36194
0.583684
0.957684
0.39575
0.515597
1.08061
0.413704
0.339629
1.58616
0.395672
0.607358
1.13429
1.77254
1.94198
1.05712
0.54257
0.14194
0.14362
0.219667
0.947225
0.0963125
1.02759
0.588777
1.94725
2.25623
0.412668
0.382498
1.50344
1.37364
1.14924
0.236963
1.87186
0.441938
0.363949
1.79497
2.1118
0.473092
3.47277
0.882335
1.58719
1.54976
1.10599
0.476073
0.743636
0.497505
0.74349
0.393198
0.412364
0.162164
2.19475
1.26973
1.3912
0.309137
1.21236
1.49096
1.12858
0.284863
4.38946
1.11469
1.07757
0.962207
0.243876
1.73976
0.66233
0.764054
0.251158
0.935676
0.386301
1.87665
2.40593
0.168401
0.509913
0.262681
0.748321
0.797633
1.68127
0.548619
0.312872
0.835039
1.20801
0.305496
0.22515
0.556791
0.300627
0.221341
2.64168
0.713856
1.70423
0.480891
1.8535
2.08084
0.834496
1.13239
0.108985
0.361435
3.74903
3.00803
0.963462
0.612096
0.598708
1.48646
0.610352
0.557235
2.00304
0.390046
1.76746
0.56121
0.415553
0.653422
0.460496
1.89001
0.177309
0.284493
0.44759
2.25568
1.32115
2.37488
0.338517
0.588105
2.13233
0.163398
0.3257
2.31517
0.665027
0.64755
0.617759
0.288699
1.21836
3.50619
0.612413
0.225871
0.219552
0.650365
1.03408
0.100976
0.829657
0.476627
1.15307
1.12613
3.8478
0.713205
0.248579
3.13057
0.346596
0.731493
0.209028
0.591614
0.311271
0.426302
1.60759
10.5181
1.26636
1.6521
1.24648
0.225374
0.496111
1.11977
1.23665
3.94388
1.7604
1.75341
0.581414
1.00706
2.90289
3.96029
0.980175
0.503137
0.765319
1.42352
1.29372
1.12033
0.620039
0.589302
1.79696
1.55989
0.281834
0.327883
0.731193
2.58546
0.539984
0.546807
1.60399
2.03202
0.299477
0.272407
0.470048
0.441598
0.582909
1.12651
0.23095
2.21424
1.06591
1.23062
0.532064
0.875759
3.79691
0.586889
0.158529
0.442996
1.14861
0.448718
0.311407
1.47723
1.30893
1.52033
0.26772
0.809229
0.157888
0.99063
1.40364
0.607839
0.841263
0.20622
1.3981
1.49993
0.345426
0.18976
2.05121
1.66255
4.07087
0.673783
0.171425
2.04877
1.01838
0.189106
0.317776
0.322406
2.456
1.25082
0.361035
0.239973
1.09276
0.38593
1.47223
0.990188
1.38992
0.220827
10.7589
2.59018
0.554051
1.15655
2.35628
0.27289
1.85746
0.459961
1.40478
2.33478
0.49282
0.216176
0.444963
5.65191
2.09416
0.375246
0.999561
1.71467
0.911921
1.5747
0.855051
1.08359
0.510537
0.680819
0.48459
0.292372
0.144348
2.72967
4.54416
0.609892
0.759688
0.10988
1.50859
0.355783
1.3414
0.229094
1.68856
0.768117
1.09482
0.272819
0.699432
1.2532
0.561297
0.495112
1.416
0.578543
1.93112
0.507628
0.188637
0.224775
0.601731
0.13641
0.3343
2.39346
0.573662
0.353402
1.46897
1.18037
0.448669
2.36049
0.613427
0.3744
0.843625
3.49541
1.09125
2.23355
0.290656
1.34053
0.543643
0.298844
0.61068
0.809281
0.362462
4.70165
0.219114
0.174699
0.390232
0.971062
0.575736
0.310904
0.33241
0.512248
0.37141
0.270912
0.598706
1.80288
0.733385
1.24021
5.4015
0.211851
1.65011
0.347061
0.421124
1.19298
2.06968
0.83331
1.17005
3.44583
1.98447
0.983422
3.92034
0.58626
0.612636
0.114958
0.369675
0.362345
0.220938
0.988898
1.34123
2.21552
0.43412
0.253347
1.39458
0.467403
2.13082
0.388611
0.671551
0.243561
0.385044
0.257732
0.293255
0.583202
0.0919565
1.65269
1.14073
0.713438
0.57815
1.06833
0.303974
0.381593
0.900269
1.28074
0.311428
1.63161
0.751275
0.314192
0.646381
1.79942
0.12673
2.16417
0.510268
0.388402
0.55606
0.465997
0.60661
2.14229
2.17906
0.486959
0.495444
1.40785
0.81313
0.129667
1.11793
0.884218
2.08904
1.70283
2.68462
0.801669
1.33001
0.417046
1.34377
0.633134
1.0041
0.28755
0.201738
0.605597
0.543524
0.893359
0.624184
1.69517
1.21569
1.80452
1.34284
1.41116
1.26573
1.93462
2.33722
1.34512
2.05387
4.19961
2.27504
0.627192
1.96409
0.810249
0.310588
1.53793
0.275815
3.35398
0.913375
0.634533
1.17307
0.936597
1.31904
0.189059
0.713615
0.493725
0.593926
1.8219
0.526538
3.56661
0.967183
1.49751
0.324143
0.416235
0.201166
1.57555
0.141569
1.13618
0.533226
0.791628
0.591677
0.497585
1.89437
0.31372
1.42605
0.547389
1.47589
0.69818
0.479612
0.138001
3.02458
0.856415
0.685235
0.839231
0.79109
0.330008
1.06243
0.792117
0.246891
1.17272
3.94662
2.0691
1.49522
0.295981
2.97883
5.64817
1.11281
1.076
0.718017
0.988553
1.18793
2.51593
0.365668
0.281213
0.97023
1.41869
0.723551
4.27125
1.7924
0.517945
2.00359
0.591198
0.980324
0.312854
0.443297
2.16791
0.611178
0.569486
0.172967
0.701536
0.712501
1.6907
0.554994
0.440743
0.476372
0.0722029
0.87317
0.236926
1.61627
2.34623
1.52475
2.29059
0.532882
0.399256
0.508094
1.90544
1.06224
0.951094
0.488581
0.269689
1.29535
0.810991
0.350456
0.270366
0.839565
2.16754
0.93389
0.586255
1.18579
1.99859
1.40147
0.302405
1.22326
2.86765
1.34311
0.630004
1.13272
0.382521
0.568198
0.1571
0.224363
2.08713
0.603918
0.522495
0.121191
2.22906
0.555544
1.06247
0.394876
1.18413
1.76481
1.02649
0.690154
0.879268
2.74803
0.410131
0.524873
1.09975
1.20618
0.33521
1.77819
2.2558
1.42617
2.78813
1.60035
1.1233
0.71679
0.270874
0.231768
2.32039
0.544439
0.851016
0.199359
0.9105
0.992909
3.57108
0.509904
1.67797
0.647419
1.05138
0.415143
0.421
0.937288
1.62305
0.168922
5.06558
0.535644
0.467705
0.774145
1.41177
0.414632
0.19491
0.656896
1.5065
1.06108
0.247968
2.44324
0.757615
0.520836
1.38094
0.376625
1.66791
0.831282
2.60603
0.0725819
0.262336
2.12383
0.249913
4.62006
2.48987
1.68993
0.17217
1.13853
0.158658
0.8458
2.1318
2.253
1.68125
4.60971
0.291584
4.02085
1.44438
5.4883
3.1574
0.290852
0.610883
2.47286
0.506203
0.232294
1.05963
0.580065
1.27968
0.45128
3.12947
2.13417
1.05183
3.63948
0.250245
0.545543
0.720098
2.19985
1.20548
1.27053
1.26263
0.6354
1.53446
1.32696
0.359984
0.416844
2.85973
1.58541
1.44758
1.91562
1.6435
1.33435
0.481239
0.751865
1.53543
0.573284
0.257117
0.456608
1.31296
0.222163
0.107416
2.45877
0.21414
0.272761
0.508939
0.441637
1.73301
0.364446
4.08593
0.660402
0.464797
0.379871
0.191899
0.739912
1.75012
2.69479
0.562191
0.359924
0.399089
0.242524
0.554034
0.480959
2.85798
0.27641
0.626394
9.72829
0.377204
0.697157
2.23958
0.554385
0.281271
0.289225
0.53723
2.16691
0.254357
0.462916
0.48024
0.307743
2.13912
0.721244
0.579106
1.29771
1.53353
1.41359
0.306455
0.626961
1.47663
2.26436
1.15984
1.6116
0.53205
0.393639
0.49197
22.872
0.300264
0.429228
1.28332
1.6588
0.46307
0.449124
0.281716
0.864738
0.539885
0.590957
1.11445
2.25723
2.55026
0.725123
0.16234
1.26259
0.207765
0.360566
0.309906
0.490454
1.74929
1.02086
1.94933
2.0382
0.334409
1.94363
0.0238996
0.296874
0.397121
1.98174
1.80218
1.48374
4.06808
1.44175
1.23238
1.03107
0.36943
1.81636
1.35507
0.958109
0.514995
0.754174
0.57743
3.69148
0.827623
1.75329
0.926762
0.947807
0.630183
1.00252
0.368502
0.426188
0.129461
0.258227
0.298329
2.03443
2.46371
0.296795
1.36352
0.509207
1.06931
0.594289
3.69992
0.448299
0.541039
0.948379
0.512487
1.21505
0.478385
0.09254
1.30645
0.571636
0.410881
0.446897
1.81485
0.400683
0.762511
0.417236
0.85442
2.08469
1.78151
0.275408
7.77007
0.625377
0.795685
1.23095
0.358831
3.77859
0.607362
0.269634
0.356168
0.288102
0.693177
0.0874386
0.3926
1.74845
0.426085
1.37384
0.871956
1.45781
0.333086
1.34302
0.698359
12.07
0.359137
0.161889
0.229452
0.436624
2.36725
0.851051
1.0001
0.489245
1.44908
0.773665
2.60005
1.12891
1.48782
0.116158
0.704581
0.431728
0.436484
1.12957
2.25991
1.01492
0.643869
0.645215
1.11255
1.23259
0.756604
0.283615
0.498133
0.846833
0.340274
1.46387
1.56371
2.17997
1.54206
2.49729
1.01449
0.179677
1.07067
0.388441
0.159446
2.48404
0.205093
0.705617
2.66016
0.756929
0.535563
0.594085
1.65171
2.30449
0.346743
2.61573
2.24514
0.411514
0.824631
0.836144
1.23714
0.198629
2.18018
0.34832
0.148863
0.672264
2.93826
0.611595
0.827986
0.902722
1.32052
0.624508
0.657515
0.434449
1.52689
0.776685
1.30994
1.62078
1.29855
0.498088
7.4204
1.55152
0.183219
0.638584
1.46986
0.310808
1.43086
0.222194
0.639939
0.536122
0.654756
0.780464
0.589379
0.269054
0.262104
0.337024
1.336
2.15522
0.250104
0.664631
0.627656
0.194265
0.126892
1.62203
1.16972
0.601616
6.74713
1.29824
0.93474
0.888409
0.96291
0.331215
1.4466
1.01392
3.38887
0.562166
1.85087
0.176936
0.658879
2.16566
2.09262
1.74231
1.2742
2.14084
0.533434
0.734114
0.654874
1.65132
0.671719
0.429133
1.00384
0.589833
0.156579
1.8497
0.42804
0.34837
1.97073
1.71673
1.40329
0.245678
0.464482
1.85953
1.07345
0.934414
2.06052
0.119563
0.231404
0.496861
0.754057
0.145593
0.343819
0.0239013
0.115904
1.02386
0.414302
0.365419
1.1922
0.451889
0.374068
0.463454
0.490688
1.8356
0.611198
1.46086
1.81982
0.389672
1.1829
0.848591
1.16569
0.310656
1.09343
1.97514
1.82018
1.70244
0.803976
0.665819
1.45228
1.55825
0.976209
0.593786
0.897083
1.02106
0.341182
1.05108
0.96843
0.391459
1.35033
0.488196
0.347752
1.02177
0.237401
0.505566
1.22739
1.54615
0.272677
0.28929
3.58132
0.266514
1.36904
0.812383
0.272518
0.399843
1.26454
0.214459
2.31425
1.44524
4.66338
0.398752
0.586849
0.539456
0.357168
0.635287
0.18626
0.998257
0.376541
0.286934
1.34847
2.29473
0.431972
0.342999
1.6338
0.846831
1.82975
0.952604
0.438985
0.149052
1.36702
0.625133
0.113258
0.469489
1.5477
0.683255
0.201894
3.0987
1.57533
3.11536
0.459002
0.375815
0.550698
1.35537
0.786694
0.143148
2.04939
1.19568
0.224257
2.47053
0.463572
1.53229
0.532512
2.42574
2.26803
1.81509
0.378782
1.24865
0.868782
1.15244
0.460967
0.316525
0.353323
1.31153
0.669603
0.593791
0.807864
0.834748
0.402816
0.506099
0.508768
1.24694
0.63576
0.454762
0.147203
0.210533
1.33515
0.781236
1.84937
2.23442
1.00778
1.13579
1.76215
2.3547
0.344902
0.740402
0.425438
1.86592
0.883426
0.371144
0.931774
0.511377
0.972042
0.55536
0.561259
1.34618
0.298234
0.483581
0.756835
0.491768
0.142023
0.150746
0.551438
0.508813
0.805362
2.09648
2.57621
1.58583
0.837964
0.225579
0.690405
0.198322
2.23038
2.23506
0.679976
3.78311
7.78776
0.28882
0.953139
0.959423
1.9941
1.83519
0.446141
0.682767
1.68596
1.3911
0.584014
0.121876
2.34224
0.193086
0.260301
0.125652
1.57751
11.9255
0.686509
2.22708
0.958947
1.27232
1.00556
1.72094
0.507541
0.851277
0.711737
0.370616
0.67925
1.05957
0.78069
0.282886
0.644608
0.398752
2.22823
0.335952
1.45236
1.31572
0.817739
1.3162
0.73784
1.81885
0.615624
1.26343
0.875936
0.416458
1.8867
1.6282
1.04694
1.35955
0.954431
0.739435
0.292844
2.06125
1.99876
0.841779
2.51866
0.987434
0.278739
0.183451
1.2431
0.0603022
0.356018
1.0595
1.77039
0.591785
0.729924
2.034
0.465776
0.950998
0.290608
0.598324
1.63992
1.41854
0.650558
0.888429
0.19895
0.629611
0.891236
0.346441
0.293394
1.1722
0.220582
0.338144
0.17865
7.177
0.511671
2.30147
1.66496
0.864878
3.30013
0.418007
0.3905
1.7049
0.648336
3.00038
0.565708
1.00376
0.683166
1.67959
1.59324
1.91907
0.22011
0.174596
0.611742
1.08604
0.754389
1.08907
1.10173
0.365894
2.24945
1.33156
0.434626
0.578595
2.41644
0.988086
0.687983
2.52683
0.537203
1.88452
0.604371
0.136086
0.810745
0.532278
1.20855
1.69476
0.266244
1.74037
1.82452
0.653257
0.208659
0.711856
3.1623
1.52263
0.795963
1.18659
1.22101
0.302443
0.892888
0.358726
0.583538
0.170628
0.604884
0.813332
0.254448
0.297578
1.00401
0.437557
1.09675
0.777015
1.04959
1.39203
0.515427
1.99163
0.552542
0.585373
2.54441
1.10027
1.30893
0.944055
3.24875
0.603774
0.258832
0.399627
1.26656
2.43175
0.680467
0.520672
1.31548
1.21578
1.48337
3.3594
0.444267
14.4014
1.09117
0.0370739
1.37473
1.0868
2.24849
0.725546
0.184159
0.452821
0.245354
0.398698
0.752322
0.651011
0.211618
0.474792
1.18098
0.245717
0.940378
1.59083
0.927669
2.41459
0.579962
0.393475
0.612996
0.105607
1.90988
1.08737
0.771241
0.383183
1.60839
2.53268
1.41412
2.18091
0.450004
0.41776
0.409583
2.74379
1.68527
0.554333
0.256657
0.726493
0.367973
0.330788
0.318799
0.290345
1.08151
0.478383
1.00389
1.00209
4.13996
1.85966
0.358145
0.966518
0.322728
0.811814
1.17954
0.909274
0.351516
0.147555
0.574475
0.274737
0.38733
3.28616
0.218346
0.269125
17.681
1.81261
1.67889
0.288934
1.38756
1.57782
1.33891
1.11171
0.772168
2.20938
1.13956
0.576099
0.288742
1.03852
3.75045
0.19242
0.677835
0.500429
1.49424
0.456131
1.54495
0.225252
0.875395
0.58083
0.401866
1.27647
0.305692
0.287838
1.3226
0.233185
0.265652
3.14017
1.27581
0.58967
0.333489
0.626069
0.661324
0.506737
0.487547
0.519194
1.62967
0.309101
0.338297
2.28183
0.76531
1.2722
0.844214
0.711185
0.979385
0.135552
0.487663
0.227625
1.16847
1.9537
0.718472
0.589514
0.693243
0.673613
0.815261
0.562597
0.97568
0.5389
0.835785
1.87738
1.72533
1.2637
0.941082
0.469418
0.894864
1.81806
1.61119
24.4731
0.623425
1.99886
0.406813
0.501992
0.774892
1.42658
0.292974
0.491215
0.390994
9.54707
0.873193
0.308593
1.08691
0.500403
1.16362
0.226073
2.18721
1.67704
0.374819
0.22255
0.232541
0.646402
1.02528
0.504195
1.46142
0.18421
1.94485
0.624163
0.653863
0.52532
1.24303
1.19901
0.643181
1.05325
1.76398
3.41211
0.267568
2.04576
2.28675
0.586059
0.640321
0.108745
1.51891
0.488593
1.34931
0.0415196
2.78987
1.48915
1.40964
0.339714
1.5703
0.71841
0.290043
0.897845
1.34431
1.12949
1.85956
1.1442
0.738367
0.726574
1.16016
1.00727
0.568927
0.292566
0.28119
0.317421
0.522135
0.335781
0.136402
0.771033
1.53891
0.291898
0.495763
2.72071
0.357152
0.324882
0.138404
2.70422
0.868915
0.978112
0.619122
0.28701
1.52759
10.3283
2.56674
1.09881
0.23363
0.689869
1.05168
2.49947
0.446431
0.29194
0.126764
1.47177
0.925464
0.297416
0.25047
0.0419665
0.788922
0.649686
0.783561
2.76436
1.11106
0.503944
0.354173
1.74589
0.766532
1.85709
0.528418
0.697445
2.02563
0.511186
1.74892
0.526425
0.513902
0.575611
0.678324
0.197958
2.46251
0.172245
1.60538
0.283417
0.22395
1.837
3.22409
2.29057
0.566911
0.853235
0.488568
0.743888
0.415005
0.516373
1.18495
0.887614
1.55562
0.880486
0.951448
1.4352
1.39781
0.333297
0.419368
1.15152
1.59998
0.764574
0.718753
0.48815
0.291194
0.263358
1.29327
1.38487
0.410704
0.261743
0.298607
0.396411
1.29061
0.596587
0.468387
0.603507
0.716458
2.17323
1.51316
0.743695
0.642425
9.07075
0.288648
0.988107
3.67097
1.17874
0.863812
0.546065
1.05972
1.71164
0.229507
2.43496
0.35734
0.927615
0.434365
1.63018
1.74063
0.95898
0.367827
0.484824
2.03507
0.274824
0.997014
1.24424
1.74881
1.28702
1.37067
0.409236
1.59026
0.317503
1.95118
0.474744
0.262623
0.717511
0.678087
2.03623
0.212389
1.32204
0.523749
1.20547
0.375573
0.922767
2.0976
1.03287
0.875971
0.707565
0.484251
0.655516
0.337837
0.29921
0.159964
0.0929085
4.33265
1.12309
0.408522
0.722456
0.989016
3.38534
2.41428
1.09072
0.353901
1.08448
0.486887
0.223574
0.711348
1.10752
3.6863
0.424656
0.567945
1.63408
1.76312
0.595429
10.0462
0.391525
1.4233
15.9422
0.706574
8.09761
0.525312
0.50589
0.15393
0.228568
1.39825
1.07355
0.250348
2.80251
0.540476
0.334887
0.349107
1.46011
1.78484
0.295383
1.6822
1.37266
1.87949
0.517607
0.649365
2.55654
2.57478
1.8251
0.750296
0.506803
0.359332
0.619453
0.629488
1.14564
0.925684
0.980181
0.434278
0.539022
0.884095
1.64332
1.23024
0.813229
0.768603
6.3173
0.789119
0.474354
1.45463
1.30173
0.219838
0.75901
1.64924
0.430934
0.469135
0.276939
1.40071
1.02635
0.979226
0.270757
1.38756
0.889489
1.49675
0.0805891
1.40123
0.982223
1.65252
2.18636
4.30675
0.264611
0.65357
1.21066
0.741538
1.88428
0.633922
0.639942
1.14944
0.824149
1.40814
0.359103
1.1166
0.442199
0.250236
0.412759
1.90835
1.39668
0.826428
2.57803
0.621727
0.550119
0.450543
0.616265
4.77104
0.0892539
1.00071
1.31052
0.544952
0.0733694
0.740637
0.311894
1.57484
0.477637
0.260067
0.781273
0.535235
0.108309
0.561608
0.66359
0.653491
2.64148
0.797928
0.365294
1.20652
0.327367
0.372415
1.71542
0.416271
0.634698
0.8957
1.36697
1.27377
0.500722
0.164501
2.02277
0.238191
0.453581
3.34871
1.82837
0.24968
3.42393
0.190955
1.96837
0.532287
14.1943
1.81225
2.64415
0.761048
0.719204
0.468791
0.088241
0.148336
1.97843
0.560472
0.119232
0.586532
1.13665
0.549248
0.52378
1.3726
1.82619
0.887311
0.434404
0.566642
1.32022
0.500478
0.228773
0.5511
0.42095
0.328853
0.676036
2.14716
2.07414
2.01547
1.73033
1.29011
0.179925
2.60725
1.87804
0.368111
0.774759
0.94256
0.364021
0.783364
2.10982
3.65241
1.10976
2.18969
0.415468
0.925927
1.1491
0.632331
2.42755
0.222695
0.203202
1.24023
0.959419
1.0888
0.432478
0.588153
0.672736
1.35162
2.54324
0.594822
0.888849
0.2403
0.547359
0.481545
2.38696
0.261075
0.738624
0.776263
1.4998
1.28861
1.5929
1.42135
9.26632
1.53466
0.482301
0.401962
3.16838
1.25667
0.354042
0.343673
10.4392
1.02058
0.540594
0.645476
1.57356
1.12249
0.354071
0.830688
1.23702
0.981181
0.717087
2.39741
1.14248
0.360989
0.280284
0.573785
0.261478
0.668052
0.249457
0.671177
0.349526
1.46136
0.284575
1.20113
0.427128
0.541542
3.32913
0.977292
0.500475
0.38995
0.263716
1.00401
0.603925
2.37927
0.320047
1.84188
2.02258
0.104672
2.08239
0.918858
2.02059
0.723993
2.22287
2.1571
3.26928
0.507415
1.15539
0.0379241
0.421712
1.82348
1.11538
0.604789
0.212702
0.477536
1.0915
1.77166
0.373318
1.04992
0.499943
0.418144
0.604429
1.90277
0.843704
0.379093
0.243219
0.951422
0.406264
0.366874
1.0755
0.66409
0.973487
0.493971
2.16772
3.08373
0.945618
1.28213
0.262671
1.14869
1.40066
1.45807
0.988799
2.37741
2.73195
0.150372
0.329685
0.388817
0.493144
0.223907
1.96406
0.508632
0.360222
1.77557
0.383608
1.08736
1.64045
1.221
2.466
2.62482
0.204739
1.57185
2.77431
0.411095
0.374576
1.92698
0.902157
2.08362
0.606012
0.914832
1.29243
0.177794
0.868494
1.3267
1.89794
1.50976
0.494076
4.58046
0.747941
0.774009
0.417768
0.241689
0.747714
0.570311
1.10516
0.60262
0.611618
1.08616
1.12378
1.50742
3.42917
1.28018
0.7334
0.969256
1.41179
0.8089
0.677952
1.18541
0.613669
1.64077
0.676817
1.39658
0.290317
1.0542
1.2952
2.47826
0.503785
0.991222
0.277133
0.240164
15.785
1.33139
0.989443
10.3271
0.471087
0.55331
0.82413
1.53074
0.678222
0.321822
2.25095
0.429485
0.291054
0.810237
0.943367
0.0653129
0.172584
0.708353
0.42714
0.45061
2.77973
1.03897
0.30998
0.908201
0.322569
0.519613
0.89327
0.856121
1.20426
0.417224
2.05413
0.718584
1.31302
1.50778
0.780317
1.10762
0.938191
1.03301
0.281328
0.26631
0.40337
1.7414
0.368034
0.323109
2.20552
0.317864
0.301151
0.277968
1.80648
2.58019
1.38638
0.452947
0.753757
0.979148
1.18826
1.65177
0.491615
1.52786
4.08832
1.16134
3.09689
0.315593
0.275817
0.19035
0.573007
0.168397
1.79255
0.326009
1.4877
0.950393
2.08478
0.108552
2.54311
0.264795
0.857989
0.55116
0.742184
0.427068
0.334142
2.83399
1.31866
0.610805
0.526821
1.96536
0.682398
0.901841
0.134957
0.932115
0.379418
0.18577
1.94038
0.248858
1.50728
1.1132
1.6265
0.330879
1.44425
0.298916
0.587752
1.74628
1.79614
1.93644
0.136685
0.381164
0.282438
3.78042
0.603145
3.23674
0.159908
1.18506
0.914952
0.97311
0.415502
4.39926
0.807826
1.8439
0.254008
0.412481
0.30479
0.25648
0.334528
0.292953
2.01116
1.11601
3.46241
1.2626
1.03426
0.730803
1.40974
2.01185
0.153047
0.274413
1.57195
1.62728
0.123301
2.1391
3.68314
0.706687
1.84264
0.374102
1.55861
0.601628
2.41417
0.44258
1.61639
1.7463
1.25325
3.51754
1.75412
1.57396
2.17018
0.641613
0.791211
3.92161
0.500274
0.610213
0.404889
0.571119
0.530197
0.357216
1.95976
1.40054
1.9522
1.14582
0.185307
0.372318
1.31179
0.341816
0.622811
1.14045
0.434972
0.447002
0.591199
1.69117
0.580422
1.11127
0.465366
0.522117
2.8851
0.416823
0.57542
0.657952
1.89194
0.622959
0.637448
0.431298
0.382011
0.639855
0.37488
1.22596
1.75561
0.899254
0.751581
0.376368
1.25326
0.130831
2.04653
1.02874
1.1809
1.66369
1.92827
1.23219
0.605198
1.59808
0.874653
0.380499
1.60689
0.596616
0.377372
0.351897
1.51894
0.416607
0.681402
0.653869
2.86677
0.282871
0.784098
0.291744
0.372789
1.85986
0.248874
1.66116
0.450069
0.572907
0.89249
0.202152
0.10379
0.391469
1.85839
0.253207
0.234765
3.25196
2.24302
0.973791
0.366991
0.266763
0.534019
0.349683
0.413836
1.59607
0.871834
0.799144
0.353035
1.20979
2.44913
0.459863
0.658172
0.277208
2.01174
0.545061
1.38179
2.2555
0.921649
0.260768
1.74511
0.21477
0.657216
0.242647
1.89609
0.337817
0.645163
1.38078
0.207202
1.08209
2.12042
1.51525
0.259666
0.30564
0.219686
1.53992
0.182582
1.19305
1.09947
1.39173
4.33025
0.321658
0.578951
0.753739
0.275111
0.950529
0.955399
0.333373
4.1639
0.211435
2.27493
0.925487
0.309342
1.84483
1.33105
1.52568
1.69085
0.2022
0.414061
0.267584
0.381471
15.3458
0.682509
0.887272
0.701608
0.443794
0.971436
1.63048
2.9227
2.2735
3.64805
1.61319
1.18577
0.513117
2.5208
0.944594
0.584621
0.499969
0.201342
1.92509
0.423177
0.28355
1.17826
4.46657
2.39583
1.2157
1.17149
1.0738
0.964301
0.340448
1.98223
0.487986
0.459093
0.355141
0.901351
0.558544
0.192027
0.749074
3.01233
0.550347
1.01583
0.611201
0.298558
0.702127
0.309814
0.44594
1.41583
0.378329
0.698369
1.84649
0.399127
1.41136
0.317776
1.00453
1.30762
0.918748
0.439634
0.767048
0.340206
2.3861
2.62491
0.995069
1.92202
1.07081
1.81007
1.93916
0.87459
0.533677
1.61475
2.19572
0.504738
0.207976
0.650917
0.679953
0.53968
1.26449
1.038
1.56531
0.638808
1.40397
1.87312
0.150198
0.518923
1.80155
1.52449
0.831389
0.8308
0.3917
0.766968
0.373269
0.428019
1.54324
0.905878
1.55422
6.65657
1.78307
0.698986
0.800002
0.865672
0.300189
0.170563
0.768371
0.801118
1.98327
0.259557
2.1844
0.377294
0.432943
0.63465
0.733649
1.34959
1.42255
0.623167
0.46077
2.16546
0.755452
0.604693
0.153124
1.24554
0.560991
0.432684
0.241727
2.6022
0.653066
14.2852
1.04774
1.01946
0.228096
2.47013
1.21948
0.70558
0.239189
0.319966
0.216994
1.68657
1.33065
0.519815
2.37961
0.829079
0.582604
1.50484
2.13488
2.68492
1.00923
1.73573
0.988183
1.07799
1.44122
0.307876
0.384569
2.13661
1.1468
0.0777013
4.64316
0.619628
0.776217
2.48443
1.92606
0.718436
3.74344
0.972496
0.726949
1.43745
0.720854
1.16015
0.355896
0.536246
0.864341
0.701113
0.455228
7.67358
1.40951
2.23784
2.56043
0.360988
0.181234
0.197338
0.43056
1.0222
0.663273
2.18996
1.39996
1.92679
1.02734
5.5447
0.335699
1.15599
1.57153
0.407904
0.372923
4.53996
0.264514
0.183941
0.4521
0.884213
0.412582
0.240761
1.02062
0.390575
0.785207
0.995029
0.75216
1.58021
3.78168
0.745435
0.45221
1.13612
1.10671
2.81797
0.876392
1.5948
1.50092
0.546603
1.17862
4.81202
0.758894
1.29467
1.23571
0.296943
0.294797
0.934051
0.760483
2.02925
0.28876
0.982616
1.48717
0.275276
0.439695
0.448982
1.91174
0.360038
1.38637
0.445249
0.501347
0.367919
3.8101
0.704506
0.688826
2.9416
0.250517
1.16521
0.57957
1.20917
1.13683
0.648802
0.774341
1.39133
0.384733
1.11161
2.01515
2.26458
1.79723
1.0605
1.6873
1.16189
1.79978
0.289604
0.384251
1.06684
0.158844
0.850273
1.86289
0.373722
1.38936
1.07549
0.38139
1.39427
2.30305
0.438264
0.981986
3.97798
2.1883
0.512404
0.527035
2.18329
1.03932
0.904451
0.519892
0.555572
1.85691
0.365653
0.481432
0.421797
1.12277
0.994396
0.677457
1.3252
0.474973
2.80637
1.73255
2.88367
2.41883
0.702522
0.985348
8.57505
0.354632
8.50805
0.597717
2.09006
2.44368
1.31395
0.598579
1.60499
1.08413
0.98873
0.251151
0.101392
1.4328
0.193255
0.314741
1.83241
2.77773
1.03749
0.574651
0.668015
2.17682
1.9511
0.439652
0.826871
1.95523
0.477043
0.869502
0.436102
1.12345
0.957057
0.325273
0.187873
0.609639
2.97351
0.523048
0.329882
1.47054
1.40268
0.244668
0.587704
0.77589
1.74282
1.72132
1.87428
1.93407
1.427
1.69237
0.769621
0.226089
1.39698
0.420373
1.4713
0.681005
0.893827
0.615567
0.235046
0.893878
0.743931
1.4135
0.628921
0.574341
0.362128
0.260133
1.033
0.544485
0.389043
0.470672
0.143015
2.0968
1.33644
1.19829
1.43579
1.12155
0.778218
0.309397
4.17536
0.346587
0.492236
0.289895
7.14458
0.751636
2.39984
0.934623
1.17754
1.66155
2.51535
0.419875
0.327986
1.55167
2.21158
0.762149
1.30111
1.98673
1.08644
1.01597
0.23828
0.768794
1.25637
1.23914
0.192347
0.577946
0.59303
0.26509
2.22436
0.2907
0.716105
0.645337
0.386091
1.87566
0.432616
1.54705
1.24371
0.755806
0.36848
0.424105
1.26668
0.167949
1.70636
0.774605
0.275086
0.914007
2.58825
0.259349
0.596898
0.454541
1.2387
0.783746
0.0990275
3.69519
0.520743
0.579532
0.520753
4.2072
1.10495
1.27606
0.43618
0.519553
1.46032
0.395992
1.28617
0.945307
0.831782
1.16338
0.473045
1.18444
0.270876
1.02051
2.44895
0.23172
0.289744
1.33963
3.01249
0.31589
0.855205
0.291612
0.307498
3.19295
0.907311
0.314612
0.177082
6.13111
1.54166
1.55414
2.82523
0.879094
0.488874
0.480152
1.79343
0.487673
2.83418
0.214208
1.13875
0.674775
0.189576
0.44338
0.784348
0.453882
1.63417
0.631183
0.467211
0.676548
0.967288
0.656108
1.61893
0.36616
1.32841
1.92461
0.848406
0.310301
2.3737
0.895555
0.451514
1.06801
2.61003
0.392896
0.388999
2.69205
0.705451
2.12559
0.354596
1.25053
0.677757
1.01644
0.560256
1.63779
1.37327
1.33399
0.762224
3.67987
0.641598
1.53136
0.799494
0.323863
0.530152
2.59183
1.93899
1.26262
1.18976
1.15332
1.74365
0.701011
0.162318
0.381721
0.431729
0.90223
0.949764
0.549476
0.482521
0.154415
0.33375
1.0325
1.92316
4.16099
1.96768
0.18889
4.84227
2.34374
0.943711
2.09625
1.25162
0.28912
0.523667
2.19523
1.28814
0.615046
0.608146
0.124725
1.22878
1.96011
0.360495
0.448549
1.11288
0.971914
0.647919
1.3
0.343156
0.797331
1.25148
11.0134
0.492182
1.55969
1.45995
1.26555
0.696346
0.838613
0.347314
0.491583
1.61065
2.2577
1.50743
0.667165
1.04066
1.38842
1.168
1.30907
0.28515
0.699985
1.12219
0.60701
3.43432
0.178838
0.591302
1.95341
0.230429
0.250201
1.64369
0.970452
0.39935
0.44256
0.219413
1.84048
0.308847
1.99637
0.339918
0.452809
1.50809
0.315359
0.657769
0.32101
1.37007
1.46284
0.563543
4.994
1.70878
0.488097
0.221414
1.59659
0.439038
0.212012
5.40399
0.265722
0.371539
0.271953
0.646783
0.866874
0.0997031
0.447778
0.398998
0.62328
0.122403
0.840556
1.29332
0.396922
1.19458
1.28328
2.16558
1.23266
1.09859
1.02663
0.467205
1.81228
3.82012
1.88478
0.218167
0.429947
2.50932
0.702852
1.10983
1.32459
0.425398
0.203049
0.285562
1.34907
0.410757
2.01211
1.96128
0.450002
0.208219
0.485019
0.632364
0.461344
0.781546
1.01291
0.956376
1.06842
0.141446
0.533096
0.781354
0.777305
2.1626
4.58909
2.8979
2.02809
1.23573
4.99054
2.73565
1.41866
0.272322
1.79329
1.49219
0.63802
0.131519
0.784323
0.691007
1.99887
2.13869
0.570541
1.21221
1.2667
0.630129
0.426988
4.27243
0.983116
0.365777
1.92434
0.57504
1.10804
0.506833
1.43915
0.33133
0.648762
0.150728
1.56083
0.369131
0.335297
0.424383
1.28894
1.35005
2.18307
0.279323
1.38037
0.452571
1.2316
0.857247
1.4514
0.46276
0.194868
0.862028
0.291695
0.356785
1.18602
2.67209
0.780926
1.86852
0.344929
1.42292
0.336986
0.638735
0.983745
0.386879
0.492418
1.34343
0.550264
0.115201
0.676437
0.736957
2.44781
0.6122
0.763315
1.76529
1.58824
0.278467
1.89304
0.521854
0.305871
1.21349
0.485371
0.341071
0.436185
1.92926
1.28599
0.47758
1.36244
0.164754
0.571125
0.314964
0.406942
0.370835
0.310433
2.42611
0.491922
1.26909
0.914923
0.516173
0.246548
4.2387
0.133471
0.351616
2.12417
0.637347
0.247101
0.155913
0.418293
1.76686
0.571063
1.01778
0.586531
0.411905
2.17128
1.89462
0.901344
0.223388
0.40607
2.10945
0.944935
1.251
0.894332
1.00435
0.889179
0.136398
1.14357
9.54976
0.434517
2.24917
0.439406
0.551389
0.850291
0.337343
0.19957
1.68981
0.4391
1.00424
1.93163
2.82284
0.543841
0.20177
0.541997
0.133537
0.928846
1.71103
0.625484
1.62696
2.28327
1.84753
0.972297
1.81603
0.458242
0.120641
0.238906
0.960475
2.56712
0.583958
1.30214
2.64383
0.468337
0.356167
0.218058
0.476941
0.276166
1.16494
1.22937
2.37912
1.06851
0.310702
0.761778
0.793946
1.66564
2.04057
0.866638
1.78468
0.256052
0.410917
0.987434
0.261203
1.07989
1.80451
2.13334
1.46448
0.881105
0.302042
1.99278
0.982128
1.5574
2.66028
0.533906
0.634448
1.96242
2.34481
0.0824219
0.903327
0.415427
1.40881
1.54899
7.68234
2.2834
1.6902
0.420031
1.11854
2.94832
2.32062
2.85923
2.12231
0.395091
0.963093
1.06312
0.294138
0.640428
0.596101
0.719814
0.502753
0.229231
0.696882
0.225229
0.864912
1.04773
0.263027
0.654058
0.398081
0.423205
1.72687
1.89683
4.46294
0.391557
0.143483
1.27044
0.377167
0.410902
0.892589
1.81605
0.439161
0.945977
0.350546
2.55531
0.546392
0.275631
0.718972
0.562587
6.03846
2.54014
0.502642
0.853218
0.2161
1.22315
1.71397
0.177985
1.14678
0.958906
1.86762
1.21864
3.84721
0.703069
0.455033
0.600614
1.2783
1.80503
2.8947
0.540838
1.19326
0.479096
0.153178
1.54851
4.21021
1.8541
1.7762
0.873071
0.273741
0.999213
0.550525
0.179975
0.475417
0.152935
1.46333
1.85421
0.813953
2.25508
0.605027
1.50849
1.0999
1.02723
0.375756
0.464976
0.233511
1.40241
2.09429
2.16267
1.4034
1.20704
1.95887
1.9616
0.735587
2.24173
0.928452
0.39465
1.85296
0.578979
0.729638
1.29425
0.991072
0.458302
0.283393
0.626268
3.22515
0.157625
0.463431
0.505947
2.09625
0.343913
1.29505
0.946692
1.16116
1.72492
1.66187
0.708829
1.91793
0.547276
0.596902
0.29889
2.21531
1.25061
0.520605
0.41787
0.546862
1.16807
0.899125
0.808122
0.212564
1.81326
1.14672
0.732215
0.56359
1.62065
0.884065
0.401008
1.02489
0.726331
1.74773
0.871218
2.78429
1.35757
1.01549
3.18345
1.37716
0.329895
0.506162
1.03834
1.33034
0.292337
1.15823
1.37706
0.736353
1.45261
1.65929
0.81176
0.564512
2.29622
0.799659
1.00379
0.291739
1.18624
0.367306
2.32615
1.76255
3.90466
0.590848
1.56087
1.66448
0.899948
1.29251
0.459046
1.8261
0.547811
1.08794
0.645422
1.05703
0.619823
4.71539
0.521203
0.774419
0.183514
0.764602
1.2979
1.41714
1.64456
0.263951
0.174673
0.806304
1.95153
3.61796
0.941488
0.916815
2.21808
2.2903
2.17646
0.434294
2.47031
2.52023
1.71004
1.22444
1.24856
0.591775
0.391033
0.843789
1.36448
0.955336
1.12897
1.30224
0.555717
0.341814
0.515393
1.6762
1.43999
0.672993
0.925247
1.04553
0.638073
0.166243
3.83892
0.463263
0.296695
0.723732
0.666663
0.259539
1.23078
1.85859
0.218096
0.302515
0.313791
1.35893
0.757901
0.517927
2.02907
0.547419
2.90594
1.66198
0.466886
0.721109
1.8485
1.96393
0.074562
0.344962
0.382936
0.470726
0.561662
0.395075
1.86728
0.602969
1.39458
0.668777
2.53679
1.54131
1.62263
0.330855
0.441972
2.30417
2.13808
3.34096
0.715633
1.29825
10.0862
0.496102
0.140112
0.157701
0.639895
1.79741
1.10978
1.82765
1.91221
1.25283
0.566424
2.02342
0.583112
0.352442
1.97101
0.687622
0.354652
1.70803
1.06211
1.22002
0.491316
0.333724
3.51588
3.17671
0.110598
1.91799
0.169267
0.364147
2.07216
0.913771
1.0955
0.717769
0.517639
0.739451
0.517802
0.119943
2.97759
0.324536
0.914323
0.405724
4.39202
0.424974
2.52824
0.435038
1.15107
0.529343
2.08158
0.177602
0.869727
1.50388
0.687956
2.02761
1.43972
3.30862
0.445223
0.529678
0.037776
0.355511
2.11454
1.71132
1.08152
0.644318
1.15128
0.701282
1.21428
0.320517
0.978529
0.618203
0.948106
1.289
1.15184
0.681129
2.00486
0.763602
1.25516
3.58795
0.593189
0.707438
0.543071
0.386094
0.256975
1.37461
0.947187
1.00294
0.862877
2.11648
1.58194
0.70528
0.628836
2.56988
1.88524
1.59672
0.830305
1.5103
1.62283
1.31701
0.687427
0.983722
0.834749
0.852028
1.34238
0.470848
0.22738
2.12032
1.17585
1.33098
2.22741
1.12058
0.222374
0.361916
1.56088
0.796006
1.13306
2.37137
1.66221
0.34731
0.248025
1.5614
1.3205
1.17667
0.257616
1.06177
1.51638
0.358192
1.3947
3.00752
0.674356
0.20313
1.70119
0.996393
1.39978
2.06924
0.851885
0.601675
1.34527
0.981118
0.977744
0.506287
0.468829
0.687562
0.802275
0.203797
0.498303
4.72651
1.60447
0.492828
2.59078
1.5148
0.212631
0.928866
0.715608
0.395614
2.19014
0.764511
0.663042
1.75148
0.878825
1.63929
0.586033
0.583137
0.0796855
0.672328
0.411979
1.48892
1.14414
1.08049
0.652167
0.19806
0.887848
0.548381
2.70187
0.337775
1.81365
0.109854
2.28376
0.91858
0.208794
0.424397
0.735721
1.41095
0.198551
1.17241
3.56319
2.03182
0.364664
0.956296
2.23104
0.381724
1.39844
0.326017
0.324294
1.99358
0.116262
1.50134
1.12043
1.65086
1.14764
0.35177
0.535886
0.427911
1.24612
1.12216
0.575142
3.55544
0.454948
1.06695
0.685202
0.221226
0.384372
0.537989
1.90353
1.19059
1.34494
1.00735
1.05523
1.48724
1.21247
0.488291
2.09686
0.390939
0.807465
0.151111
1.63921
0.715132
1.61097
0.525948
2.50629
0.318406
0.667109
1.03444
0.655395
0.44212
1.07989
0.699242
1.4259
1.15209
0.925154
0.495507
0.465102
1.5656
0.826464
1.13272
2.43946
0.36542
0.176968
0.880677
1.27578
0.298102
3.82573
0.658308
0.382307
1.44612
1.02306
0.982321
0.175549
0.0877451
1.21301
0.211911
1.48346
0.812226
0.785455
4.13104
1.54458
1.65921
0.347772
1.06389
0.347162
0.306386
0.708876
0.801855
0.246053
1.24284
4.24079
0.402106
0.785483
1.28263
1.30209
0.874984
0.239318
1.61572
2.16583
1.19976
0.888787
0.542751
1.78564
2.95912
1.44793
0.234663
0.538824
0.342276
0.316219
2.56082
11.2639
1.42442
1.831
1.37339
0.216685
0.729224
0.348715
0.540161
1.29519
0.279773
0.432249
0.709827
0.766703
0.704512
0.154255
0.427139
0.5819
0.31304
2.01145
1.17724
1.72988
0.29554
1.10892
0.741243
0.714324
1.01304
0.211175
1.24419
1.77347
0.189675
0.543106
0.594823
0.845804
0.567995
0.353408
0.322414
0.423884
0.555052
1.32668
0.979171
0.650954
1.29452
0.841058
0.307938
0.73975
0.46199
0.33492
3.26931
0.659076
0.592098
0.781624
1.00622
0.450439
2.04237
1.40076
0.743474
0.378102
1.8824
3.77315
0.357546
1.1023
1.28266
0.285202
3.64158
1.33267
0.611701
0.764701
2.46665
0.466323
0.409621
0.161814
0.443102
0.234026
1.68985
0.519693
0.823148
0.936353
2.24564
0.63841
1.62913
1.25772
0.571177
0.82049
0.328347
0.564529
0.895678
0.328014
0.659077
1.40347
0.168704
0.710386
1.03009
2.00047
1.78389
1.07863
0.462084
1.63629
2.50366
0.986105
0.36175
2.21594
2.27608
2.47691
2.63385
1.89344
0.11615
2.22347
4.38906
0.604656
1.64717
0.353517
1.46294
0.108427
1.39424
0.259071
0.249198
1.26857
2.01648
2.58422
0.0281328
0.776292
2.38061
1.29411
0.43253
1.33655
7.36727
0.459018
2.31754
2.74877
1.69234
0.285529
0.746197
2.52827
1.22289
0.970717
0.528806
0.735236
0.225238
0.0595709
3.10731
1.25749
0.262809
4.3689
1.06662
1.38353
1.13099
1.37887
2.15188
0.408742
0.183668
2.42646
0.190691
1.43708
0.831338
1.20978
1.00116
0.423132
1.50734
1.24668
2.36861
1.98512
0.382387
1.19389
0.278221
2.30773
0.358412
1.46392
1.17965
0.343593
0.617482
1.85516
0.244993
0.635737
0.95032
1.25405
0.177609
1.57954
0.336522
0.714625
0.497733
2.77878
2.05399
0.461347
5.0562
1.6427
2.06383
0.349756
1.02405
1.84627
1.33252
1.78882
1.21592
0.262469
0.620739
2.88326
1.26914
0.253909
2.42672
1.6198
2.02948
0.875057
1.33349
0.450284
2.09966
1.79505
1.12204
0.408894
2.72413
3.10977
1.7122
1.66962
1.90026
0.298047
1.58918
0.642129
1.35977
0.869858
0.434563
0.444854
1.15832
1.33823
0.241811
0.828109
0.143686
0.933251
7.39697
0.0730998
1.13429
0.551767
0.218585
1.05053
0.557449
0.2251
2.84795
0.521677
0.740373
0.664485
1.16848
0.81347
0.857758
1.33085
0.376702
0.388209
0.808968
1.52067
0.321889
1.30936
0.263498
1.93755
1.33622
0.35327
0.472046
1.87364
0.341228
1.09182
0.739741
0.77623
0.807682
0.724191
0.303771
1.53612
2.43411
2.25485
0.992659
2.46021
1.58452
1.21683
0.576617
0.714948
0.469221
0.38148
0.830354
2.21044
1.55903
2.03373
0.410921
0.949924
1.43614
0.392518
0.442787
0.465822
1.84672
0.543393
0.606682
0.708744
1.76884
2.16816
2.88411
5.77735
0.0854315
1.21197
0.220414
0.984812
0.660177
1.53948
0.91917
0.314745
1.35241
0.412145
0.943904
0.721564
1.52711
1.08462
1.08742
0.467953
1.78367
0.592653
0.712524
0.817466
1.62798
0.42709
1.19516
1.75007
0.206206
1.63354
0.597123
0.339959
0.456074
0.29144
0.428465
0.711511
1.04593
1.62263
0.97732
4.95258
0.224436
0.737447
0.205162
0.594608
0.800135
0.438199
0.928298
0.358736
0.202345
0.514533
0.0803933
3.03617
2.99125
1.23597
0.404971
0.401143
0.747326
0.238456
0.113812
0.24041
0.384422
0.591706
1.34808
0.721918
2.36146
0.970132
0.647412
0.472723
1.52643
0.698261
1.33206
0.990599
0.35615
0.595034
0.272952
0.196186
0.566565
2.3235
0.902023
0.259076
0.223137
1.111
0.855289
2.04493
0.243963
0.63128
0.750472
0.950422
1.32982
1.55814
3.26754
0.243325
0.882241
0.889715
0.118813
0.368971
0.736499
1.03893
0.6266
1.45855
0.377445
0.750502
1.52403
1.74434
1.61552
0.444281
0.436601
2.11897
2.402
0.440262
1.78069
0.428654
0.278674
0.282168
0.858919
0.152664
0.748702
1.13099
0.852727
0.54618
1.13747
1.57712
1.94262
2.07842
0.57815
0.294284
0.425362
0.227157
0.667314
0.453017
0.487285
2.05902
1.66913
0.571964
3.52922
0.275367
2.93785
1.42895
1.5417
0.983431
0.223601
0.455592
1.09603
1.25128
0.881084
0.286195
0.23716
1.03993
0.447077
0.651416
1.28156
0.513292
1.23095
0.362266
1.51089
1.57296
0.895675
0.905306
1.65999
0.355199
1.82472
1.06575
1.49286
0.369652
0.428655
0.616873
1.20898
6.93079
0.607447
0.219251
0.571603
1.23449
2.19735
2.16224
0.443218
0.64591
0.938413
1.24447
0.385643
0.615448
0.709135
1.00835
0.0757949
0.890486
1.47666
0.640356
0.751262
3.84089
0.20047
15.2704
0.793671
12.5778
0.914597
0.519087
0.321576
0.851604
0.703474
0.682909
2.90655
0.55729
0.956826
0.517018
1.72467
0.330943
0.538841
0.346531
0.348606
0.833437
5.95378
0.750202
1.31281
0.595419
1.14273
0.383485
0.869264
1.17564
0.889317
0.698652
1.75458
0.672986
0.205728
0.591076
0.24902
0.499112
0.943563
1.04006
0.352098
0.468134
0.553953
0.650164
0.0701001
0.702746
0.336623
2.22221
1.20824
1.18365
0.812897
1.75935
1.01084
0.973328
1.51359
1.14102
1.36078
0.45249
0.746592
0.507282
0.160918
0.575126
2.04176
0.574598
1.78689
0.252216
0.895514
0.177852
0.144889
1.00506
0.515328
0.394011
3.86136
1.26824
1.40288
0.443939
0.707227
0.658584
1.75591
1.36809
1.20305
0.346215
2.72507
2.01722
1.18481
0.341182
1.83159
1.48401
1.38751
0.58252
3.38264
0.382439
0.198798
1.08053
0.419793
0.45556
3.36702
0.859051
0.784711
0.238078
2.04605
0.352027
0.493045
0.311577
0.346718
0.972605
1.36317
1.507
1.13444
0.819682
0.896855
0.327891
0.563893
0.194497
0.551458
1.23807
0.471182
1.45758
0.845331
0.448712
3.94325
1.13625
1.01303
0.533191
0.331133
0.959578
0.364715
0.224344
1.45544
1.12165
0.295209
0.521858
0.259141
1.94614
0.958443
0.346034
2.09615
2.19362
0.633855
0.450638
3.37282
0.872967
1.26179
1.97133
0.435727
0.736925
0.545123
0.796803
2.46202
1.28881
0.423289
0.408757
0.510232
0.632442
1.38878
1.56447
0.769749
0.267156
1.02025
2.63452
5.46086
0.232527
0.508606
1.86406
0.316914
0.425712
0.879844
0.183757
0.195607
0.667138
0.29561
0.109782
2.20766
0.361832
0.660589
0.417761
0.246785
0.416149
2.91046
1.51821
2.33445
1.08925
1.3523
4.39387
2.58404
0.2215
0.517653
0.721875
0.708995
0.522904
0.059075
0.6166
1.21588
0.676496
0.165739
1.41716
0.51371
1.50269
0.549133
1.22791
0.244258
1.00781
0.217108
1.18772
1.2473
1.11906
1.95027
0.403827
0.301397
0.315214
0.395638
0.335657
0.641156
0.331154
0.262206
0.597684
1.58584
0.367708
0.199932
1.28489
1.14019
1.45643
0.758865
1.71989
1.46505
0.453597
1.26341
1.27299
1.49806
1.19407
1.13327
0.631101
0.101692
1.39005
0.901119
0.433917
0.287472
0.533263
0.149898
1.55097
0.515376
0.443469
1.41278
1.15536
2.3946
3.89832
0.21207
1.57316
0.264095
1.41082
0.305647
0.501835
1.73165
2.07697
0.858031
0.47618
0.392823
0.679023
0.211028
1.1345
0.581958
1.12026
0.428499
1.46972
0.718757
0.551019
0.0775283
1.41649
0.353392
0.787953
0.549859
0.480753
0.297953
0.105339
1.45486
1.13478
0.692368
1.00309
0.6077
1.2807
0.538222
0.355102
1.36876
0.407963
0.215633
4.28558
1.60614
0.626008
0.457196
3.32454
2.14734
0.291628
0.253448
0.544573
0.987593
0.511964
2.30828
1.59299
1.31064
0.275736
0.182722
0.322494
0.314232
2.15632
1.04341
1.14632
2.21394
0.541504
1.2932
1.27033
2.78751
0.440363
0.401202
0.84914
0.28227
2.05117
0.47658
0.842575
1.41936
0.643117
0.600931
1.7181
0.603235
0.708045
0.689503
0.724154
0.698157
2.20386
0.757993
0.770716
0.437553
0.192608
0.48277
1.22629
0.704454
0.833635
0.813132
0.429688
1.46835
2.24169
1.64595
1.25481
0.979652
0.111005
0.223291
0.220692
1.09498
2.20039
0.808248
0.390904
0.946448
0.996297
0.802993
1.19941
1.28762
0.619914
1.73075
0.667506
0.388972
0.472973
0.555087
0.635836
2.61453
1.64521
1.40018
0.209421
0.570831
0.112589
0.267167
1.31408
4.54386
1.04769
0.415925
2.20725
2.32472
0.255586
0.667662
0.586362
0.289103
1.76471
0.368201
0.682296
0.797331
1.03401
1.87494
0.161899
3.45452
0.537922
1.58034
0.594087
1.38396
0.355411
1.15604
2.17131
1.23695
0.288562
1.68359
0.614231
0.409912
0.943846
1.40929
2.5999
0.390945
0.704664
1.18151
0.1703
0.129375
1.81662
2.44494
0.491837
0.570376
0.439583
0.741369
0.483508
0.594167
0.838781
0.343551
1.23675
1.27479
0.372598
0.901585
2.50719
1.26113
0.30427
1.89038
0.102
0.467725
0.165417
1.0354
0.517646
0.957165
1.42241
0.734058
2.67895
0.169889
0.479118
0.895654
1.38805
1.84246
1.44986
2.5789
0.415666
0.551908
3.45498
1.20558
1.98744
0.675282
0.923161
0.127395
1.0587
1.36099
0.237386
1.6358
0.483248
1.7227
0.61926
1.6505
0.319489
2.27183
1.54044
1.89518
1.29705
0.142006
0.558828
2.21576
0.160034
3.10691
1.1964
2.25866
1.2288
0.150213
0.412121
1.23511
1.34891
0.191737
0.57811
1.57925
1.12316
0.407692
0.070887
1.65101
0.648723
0.209333
2.29574
1.41067
0.468018
0.285605
3.16752
0.399144
0.436625
0.544027
0.882119
0.132064
1.11096
0.836685
1.56638
2.86552
1.5912
1.33317
2.43045
0.721935
0.84272
3.0189
2.56909
0.0776092
1.80221
0.994529
0.458808
0.278882
1.34482
1.49882
0.806722
1.47869
1.17745
0.475504
1.59959
0.828392
0.210107
1.79784
1.3182
0.344114
0.575998
1.88122
0.504346
0.625594
1.75022
1.31432
0.397125
0.786828
0.616625
0.817539
1.15093
0.599303
0.846031
2.68858
0.535244
0.495895
0.871405
0.387376
1.39239
0.701298
2.08039
1.70179
1.83417
0.495724
0.420302
2.20101
2.02546
0.900745
0.408266
1.22987
0.572339
0.207751
9.56347
0.135051
0.792361
1.70798
0.527193
2.66986
1.59779
1.18572
1.91047
0.502103
0.630049
1.69239
0.164224
0.613792
0.674429
1.02746
1.03953
0.666116
0.566531
0.343216
0.211231
1.8702
0.314084
0.539429
0.736864
0.766861
0.410046
0.722386
0.216393
1.96045
1.01269
1.74798
0.634589
0.744561
1.40661
2.89177
1.50481
1.01782
1.18328
0.704381
0.716631
0.518284
0.440436
0.435981
3.36129
1.2469
0.960019
0.538345
0.309249
1.26921
0.350204
0.188542
1.1981
1.35154
0.397242
0.413077
2.04577
1.92544
0.417155
0.73227
0.848067
0.797553
0.242378
0.368761
0.669128
1.34368
0.882268
1.50806
0.86006
3.29936
0.959734
0.455442
0.311664
0.981658
3.14421
2.04296
0.578176
1.22844
0.439611
1.00032
0.525175
5.2281
1.24371
0.211205
1.61352
1.45086
0.253987
0.223741
1.41122
0.893102
1.18951
0.048971
1.64721
0.846312
1.25665
0.626868
0.555729
0.709121
0.380449
0.49688
0.35264
1.5991
0.990605
0.45233
0.762701
0.51311
3.06318
0.317828
0.124979
0.384761
0.248686
2.53227
0.425508
3.16352
1.73949
1.47106
1.92131
0.796484
1.65461
0.383248
0.60727
1.27533
0.539198
1.20587
0.402046
0.114008
1.21098
0.276338
0.869819
0.149661
2.16953
0.45282
1.2249
0.208833
0.644233
0.568658
0.310513
0.408998
1.49146
1.02809
0.912876
0.680808
0.210615
0.878824
0.690724
1.2968
0.888881
1.39797
1.00944
0.417833
2.23874
0.425441
0.377442
2.72086
3.84755
0.886301
0.470708
1.11591
0.308249
1.70941
0.313265
0.24666
1.46098
2.35257
1.49725
0.599119
0.209469
0.34918
1.28989
8.90804
0.396631
2.1215
0.680264
0.423285
1.33521
2.02517
0.636768
0.63407
1.52628
0.780794
2.39925
2.36678
3.19033
0.386694
1.37046
0.80739
0.306784
0.321461
0.469186
1.65428
0.363774
0.391328
0.940078
2.19357
0.31855
2.21206
0.738031
1.80189
0.16955
1.14479
0.434311
0.61717
0.441834
2.44928
1.74692
1.71725
0.339828
1.90154
0.519161
0.809996
0.383639
0.742819
0.722865
2.50073
2.20421
0.54907
0.148723
1.1391
0.38505
0.45247
3.17914
0.573113
0.41696
0.513673
2.1318
0.585045
16.0603
1.92518
1.55825
0.484194
0.484776
0.672904
1.50942
0.514543
0.542464
0.501708
1.45456
0.783904
0.298264
0.243008
5.21453
1.68523
0.748035
2.09363
0.139287
0.251367
0.668144
1.63144
0.689349
0.805837
0.332634
0.73679
0.745654
0.313129
0.694384
0.899822
1.1537
1.31992
1.23648
1.56739
0.45351
1.37851
3.6903
0.512576
0.348345
1.13829
0.568898
0.458681
6.8163
1.90269
1.08087
0.716345
0.522001
0.524109
0.933902
0.276027
1.3805
2.36277
1.86312
1.15407
0.646398
0.321015
0.792685
1.12059
1.39163
1.2645
0.925925
1.64808
0.843526
0.328971
1.25158
0.727923
1.57456
1.22409
1.26392
0.119952
1.22067
0.357196
0.799611
0.398339
2.27006
0.732325
0.894235
1.089
0.213639
2.51476
0.965335
0.725099
2.13288
2.14195
1.00193
1.84397
0.757385
0.196556
0.464232
0.620652
0.753207
3.06739
0.221799
0.313597
0.221692
0.705142
1.01444
0.849242
0.484917
0.535888
0.44919
2.62467
0.830316
3.8002
0.410252
0.833091
0.125051
0.428586
0.249046
1.21781
1.36303
0.51866
0.657817
0.358922
0.116509
0.83127
1.84505
2.16856
1.5192
2.40399
0.241987
0.124502
1.50281
0.57562
0.248953
0.739137
0.388032
0.502178
0.421023
0.491843
0.494077
1.26966
0.13247
2.07562
0.647256
0.299423
3.35065
1.31926
1.84641
0.116139
0.42874
1.19218
0.373038
0.736505
0.349022
0.629084
0.155232
1.32833
4.6092
0.641659
2.00582
1.81315
0.318168
0.740071
1.33029
3.12041
0.591227
1.11277
0.321652
0.469194
1.13794
1.08005
1.04821
0.354318
2.08137
0.403002
0.233417
1.7069
1.07489
1.27725
0.249287
2.30831
1.95497
1.03545
2.0553
0.661062
1.87392
0.946997
0.661289
0.87543
1.29343
0.987157
0.231249
0.713226
0.861106
0.444988
1.10033
0.171152
0.442478
1.08768
7.77703
0.396498
1.50745
1.23142
0.664452
1.1289
1.62012
0.342375
1.04573
1.86559
1.67726
0.296715
1.3061
0.847559
1.47153
0.620842
0.810536
1.62396
0.304786
2.37999
5.92171
1.71648
1.15406
1.89785
0.897921
0.610754
1.19889
1.3358
0.195374
0.498185
0.496806
1.13802
0.706122
0.291373
0.898867
7.65537
0.783195
0.472254
1.24504
2.39263
0.856445
0.653186
1.06977
0.189832
0.627297
0.545875
3.67449
2.14986
5.58774
1.55773
0.457794
1.0174
0.271096
2.8234
0.52692
0.400111
0.171776
0.860142
2.01019
0.585526
1.85399
0.468539
1.23306
0.355862
0.169947
0.667926
1.7961
0.701051
0.448936
0.583479
0.421839
0.673069
0.543651
12.8892
0.280287
0.412184
1.12067
1.78072
0.42247
0.593946
0.175948
0.0694482
1.83748
2.17424
0.30979
0.497274
0.320789
0.449224
0.302946
0.306023
2.11071
0.660042
0.491859
2.28191
0.497824
2.48586
1.03455
2.20328
0.291395
0.625111
3.05743
1.045
2.27164
6.57576
0.425484
0.913586
1.03541
0.394114
0.394685
1.95184
0.531165
1.27626
0.341967
1.30501
2.65381
0.756224
0.949458
1.11863
0.400527
1.57629
0.181132
0.993762
0.267329
0.68488
1.85503
0.22058
2.29313
2.39397
0.692367
0.467105
0.827226
1.50422
1.17366
0.227175
2.55786
0.66825
0.290546
1.46917
0.836536
1.25863
1.07055
0.431294
1.24755
0.155046
1.6449
0.511107
0.353418
1.69651
1.25354
0.103914
0.377936
0.235811
1.20625
1.3327
1.63995
0.461574
2.55266
0.480476
0.522019
1.20676
0.511898
3.2839
2.37455
0.625925
0.125819
0.800238
0.83668
0.739263
0.371497
2.82539
0.259168
0.92438
3.82386
0.653105
7.92949
0.383678
1.10986
2.73582
2.57272
0.214399
1.77755
0.501506
2.1295
1.46611
1.34078
0.806244
1.05147
1.28269
2.2589
2.63654
0.641564
0.921242
0.628925
0.395156
0.849348
0.329945
2.23593
1.06574
0.578381
1.18968
1.24647
0.320722
0.493409
1.08832
0.350194
1.38547
0.821277
0.204753
1.98064
1.29626
1.83334
6.22758
0.569374
0.242986
0.379531
2.32714
0.513177
3.41068
0.960034
0.709168
1.14573
1.00374
0.50332
0.656926
1.33174
1.95539
0.349801
0.6476
0.999514
1.28323
1.48824
0.637481
0.437313
0.927683
3.19357
6.79358
6.15188
0.509815
0.840249
0.223888
0.278278
0.477257
2.22315
0.254627
1.65194
2.68287
0.755138
1.2588
0.417049
0.704862
1.71063
0.341397
0.495518
0.56665
0.333191
0.449273
1.4982
14.4134
0.725324
0.438587
4.95697
16.6991
0.720008
0.840007
0.82476
1.00433
1.39966
0.578182
1.23045
7.52507
1.40025
1.66209
2.02164
0.430913
0.76214
3.88614
0.615744
0.889518
6.3562
2.24745
1.29548
2.39475
2.12193
2.97898
0.370862
1.24035
0.332165
1.28479
2.65806
0.319219
1.11583
0.487401
0.681788
0.948521
2.16324
2.3714
1.41791
2.14064
0.955074
3.45074
0.30049
0.40153
0.479318
0.583491
0.0972633
1.25927
1.54116
0.40715
0.60729
0.456631
1.99365
1.27987
1.97438
0.740835
0.184053
0.818471
0.32119
0.409523
0.793744
1.98411
0.274882
0.642564
0.658578
1.04423
1.99146
1.26608
0.188986
0.35851
0.286549
1.96252
0.703157
1.46207
2.02246
0.125866
0.186996
0.950047
0.586342
0.50969
1.0585
0.132437
1.70507
0.422782
0.589807
0.436029
1.69131
0.886737
0.417516
0.627988
1.8813
0.246221
0.347892
0.432889
0.627917
0.67051
0.210918
1.23421
1.58045
0.591553
1.99676
1.88432
1.38825
2.14257
0.273796
2.22877
1.00644
1.43262
1.77336
1.68044
1.02646
1.00698
0.64713
0.274459
1.86485
1.9849
1.33924
1.63047
0.304883
1.07718
0.869379
0.879073
0.29581
2.46441
0.665771
1.61739
0.26591
0.475469
0.469394
0.0967665
0.696362
0.445139
0.312565
0.326678
2.04718
0.407908
0.88194
0.677479
0.619262
0.170019
1.66215
1.37143
1.20974
3.0625
1.13181
0.209727
1.1887
1.14037
1.12165
1.5373
1.29309
1.37572
0.285993
0.438729
1.04989
0.0859027
0.235251
0.555681
0.64175
3.19079
2.20698
0.392363
1.88907
0.520467
0.177034
5.08806
2.63555
1.96487
0.312815
2.34675
0.73244
0.461113
2.30762
0.237925
0.811862
2.09524
0.873916
0.87172
0.179465
1.95524
0.379787
0.176917
0.166082
0.86028
0.256162
1.19382
1.48254
1.57497
2.79564
1.14183
1.03093
1.09653
0.305437
0.118437
0.172878
1.84906
1.04873
0.703054
1.82975
0.301713
2.99282
1.12081
0.495147
2.56081
0.194209
1.21303
0.369531
1.52993
1.8602
2.20782
4.54533
0.280907
0.904374
0.320167
6.76359
0.220268
0.378369
0.205536
1.35104
0.92574
0.785329
0.348134
2.37112
0.477737
1.33919
0.417902
1.41602
0.962325
1.06192
1.83441
0.574561
0.782112
0.313722
0.363727
0.968933
0.532227
0.450637
0.77756
1.93829
1.07374
0.934562
1.42083
2.85879
0.53484
0.484283
0.885892
0.83558
0.246463
0.405416
0.513915
0.901813
0.428674
2.50321
0.40484
1.25758
0.338262
0.509627
0.372394
0.863176
2.00432
0.769483
2.59159
0.117579
0.210184
0.241053
0.537982
0.288991
1.57608
1.85716
1.30899
0.665423
0.297961
1.42914
0.933664
0.238147
4.10801
1.14608
1.58158
1.9108
1.90381
0.777262
0.338689
0.213838
0.136045
0.0748941
0.696427
0.787836
0.236374
0.378676
0.578091
0.435047
0.539553
0.593356
0.272127
1.82614
0.472217
0.782944
0.806444
2.01918
1.30914
1.45288
0.406834
0.640982
0.978007
0.766036
0.262608
0.271475
1.38861
3.34749
0.619889
0.372975
0.441362
1.16879
0.437508
1.26292
0.749319
0.924146
0.593277
1.15031
2.3173
0.174643
0.164543
0.466385
0.35794
0.569639
1.25995
0.179461
0.690301
1.59245
0.13774
0.476397
0.530715
1.69607
0.816745
0.806267
0.761775
0.619958
0.42178
1.5622
0.38961
6.86692
0.873358
0.513994
0.538975
2.69219
0.268269
0.223351
1.68225
0.275103
1.99984
1.95082
2.86678
0.523306
1.84219
0.523191
0.650417
0.559533
0.574864
0.565002
0.900891
0.232522
0.589333
0.554827
1.91041
2.23955
2.6861
2.34448
0.390137
2.38714
0.164022
0.368398
1.11017
0.811027
1.46164
0.707054
0.862196
1.93247
1.50373
1.47597
0.630752
0.520315
1.16457
0.379091
1.76899
0.197749
1.1214
0.288662
0.369056
2.33453
0.273736
0.39151
1.42832
0.472834
3.91357
0.61263
0.265671
1.49439
1.37521
0.421358
1.29244
0.30956
0.877388
1.58085
0.372125
0.204383
1.51006
0.267853
0.972601
1.47791
0.501466
1.05912
3.37529
0.876606
2.27748
1.12708
0.851179
3.40356
0.190471
0.597752
0.542099
0.486701
0.431078
0.474203
1.64235
0.53015
2.13481
0.943946
4.21251
1.35359
0.599067
0.551391
0.517374
0.480119
0.596721
0.690313
0.558689
0.422696
0.392677
3.91288
4.01956
0.741224
1.03796
0.349528
0.631956
1.44209
0.422377
0.488176
1.14736
0.165343
0.491257
0.468663
3.86757
2.84646
0.582184
0.22897
0.446954
0.300052
0.79194
0.454384
1.46361
2.6115
2.07541
1.04343
0.653916
0.701666
2.38059
1.18086
2.14232
1.44556
0.598957
1.79674
2.63643
1.27348
0.48709
0.208676
0.979469
0.461194
1.59424
0.866188
1.08783
0.619016
1.24684
0.981126
0.348821
0.494788
0.517817
1.86109
0.576308
0.392902
1.32438
0.203777
0.697257
0.365379
0.589657
2.21259
2.44789
0.253962
0.431545
0.75599
0.224083
1.51877
1.24184
1.15682
0.679786
0.955284
3.00122
0.64201
0.969143
0.335028
0.405493
1.39695
8.50556
0.39307
0.73928
5.62459
0.756115
0.440299
0.679227
2.76791
0.53984
1.52274
0.927729
0.607807
1.78142
0.361214
0.300174
0.437709
0.718508
0.692893
0.443802
0.662607
2.57024
0.529251
2.7821
0.374576
1.46046
1.62469
2.45631
0.860448
0.965069
0.965274
0.383601
0.469239
0.688164
0.501215
0.50463
5.1344
1.2279
0.527958
0.29982
1.03094
1.05382
5.59236
0.950208
1.17809
1.03667
1.05225
2.02212
0.553493
0.53016
1.25319
2.55646
1.08086
1.03218
0.628027
3.63804
1.0064
1.96622
0.312244
0.35065
0.480731
1.10195
0.635425
1.28615
1.62173
0.794742
0.275706
0.0416914
2.26995
0.373845
0.442551
0.99593
0.231986
2.2199
2.14707
1.75103
0.239959
1.88401
1.38973
0.657784
0.281736
2.76142
0.492752
0.994521
2.17332
2.70683
1.29824
0.588524
1.1702
1.101
1.88756
0.474813
0.88116
0.41633
0.609878
0.685257
2.15152
2.60635
0.289433
1.16551
0.24556
2.16466
0.444779
1.84656
0.796607
0.438803
3.04414
1.20884
2.58159
1.12808
0.782744
0.537109
0.899912
0.439735
1.87282
1.51294
0.627499
1.15622
1.44227
0.996051
4.61465
0.280072
1.18244
1.26729
0.411692
0.188903
0.592187
0.36568
1.61875
0.372643
2.92586
1.03411
0.883624
0.679815
0.187786
1.2033
0.253689
