0.152318
0.758798
1.2003
1.59082
1.6172
0.791474
0.655296
1.31221
1.89173
0.274572
1.8926
0.339332
0.713268
3.06469
0.896468
1.8696
0.258947
0.570171
0.188817
0.576855
0.233584
0.545932
1.22483
0.397739
0.710787
4.84059
1.35802
3.95515
0.350964
1.00329
1.14023
0.411367
1.76563
0.809325
1.06774
0.485689
0.35668
1.1857
0.506622
0.62012
1.40564
0.678893
0.141687
0.706074
3.45196
0.28488
0.611938
0.459793
0.447529
1.74258
1.07569
0.444756
2.46685
1.21261
0.581483
1.14694
3.85683
1.85951
0.376237
0.437228
0.325051
0.882932
0.384372
0.363069
0.410888
0.660813
1.74862
0.348497
2.12473
0.400214
1.45054
0.599595
1.29806
0.676401
1.61122
0.715814
1.50996
2.56541
1.74068
0.447424
0.570929
0.247314
1.54703
4.97371
2.5612
0.604874
1.02604
0.534839
0.827552
0.883181
0.64468
0.425854
0.464755
0.761526
0.647728
0.45704
0.362591
0.451278
0.468067
0.745311
0.720093
1.52897
0.351744
2.35999
3.09751
0.567035
0.69426
2.09818
1.77248
0.677928
0.580522
0.978011
0.432305
4.40659
1.31852
0.560343
0.406996
3.55705
0.401929
1.47471
0.311793
4.83684
8.22886
2.53198
0.137706
0.549584
0.647151
1.14793
4.48056
0.537667
1.29304
0.419827
1.55576
0.367202
1.13507
0.992774
0.499952
0.303677
1.2403
0.616058
1.72754
1.60189
1.55395
2.90893
1.77159
12.3379
4.68157
1.10396
3.1813
1.95732
1.98172
1.11775
2.31737
1.07965
2.86692
1.17679
0.882664
2.3294
1.16724
0.380761
0.466687
1.19747
0.384783
1.06237
0.690668
1.36221
0.388884
3.06182
0.196045
0.285988
0.437692
0.578601
1.41748
0.468447
0.224175
1.07315
0.265166
0.321709
1.06379
0.385282
0.116736
1.96182
0.272697
1.01136
0.337766
0.367154
0.258488
0.884273
5.0198
2.72746
0.262567
3.0572
0.195119
0.984105
1.60244
3.5878
0.522851
0.709084
0.576724
0.422833
0.490931
2.8648
1.31961
0.432502
0.550866
1.71978
0.584563
0.424025
1.14991
0.706872
1.46764
0.882955
0.453899
0.275645
0.508203
0.542524
1.45746
2.91776
0.895648
2.02555
2.61129
1.84899
1.32528
4.01782
1.18471
0.533584
0.135851
0.396971
0.710255
0.979293
1.27925
0.688687
0.332994
5.13017
2.67216
2.27685
5.64516
0.255067
0.327163
0.896757
0.647253
0.504687
0.141386
0.943606
0.430352
1.26645
0.5928
1.24121
0.345244
5.48065
0.216263
0.589849
0.347293
3.90281
4.18696
0.257345
0.406857
0.71557
0.76581
0.287924
0.441525
1.07102
0.502661
0.643122
0.196559
0.683467
0.357123
1.48196
0.667788
2.04134
2.86334
3.02523
1.3424
2.43666
0.847892
1.82938
0.697164
0.96252
2.87864
0.73084
4.72321
1.47539
2.00296
0.752552
1.2238
0.488594
0.355423
0.140515
5.8391
0.726405
0.339539
6.46378
3.2824
1.37068
0.791026
2.30482
0.739621
0.716417
4.85419
0.615936
1.2513
1.59342
1.69947
0.353467
0.539834
2.2329
1.74775
0.508478
0.568931
0.147939
0.422735
0.759202
3.76455
0.342359
0.177608
0.828494
0.969236
0.728832
0.870961
1.89957
1.70015
0.899756
2.69612
0.785716
1.88277
1.80452
2.11352
0.941226
0.500029
0.718688
0.789761
0.523778
6.34423
0.444762
1.30738
1.7791
0.146397
0.736226
1.2633
1.85847
0.519112
0.447576
1.10829
0.304321
1.66485
0.4396
0.595439
0.381784
2.83963
0.423932
0.367338
1.31862
0.831906
0.96617
0.62964
0.609829
0.959298
0.740165
3.56468
0.630678
5.34435
0.222406
0.282921
0.15813
0.445733
0.967982
0.270386
0.237501
2.2271
1.83495
2.4425
0.418827
1.44157
0.515806
0.863163
0.293033
0.77286
1.85291
0.3981
0.408183
0.695545
0.210462
0.3883
0.367529
1.19131
0.0664596
0.455497
2.16754
1.00317
0.782717
4.3982
0.22309
12.4928
3.25048
0.219607
3.99597
0.545041
0.612633
0.985217
1.01151
1.70837
2.0239
2.14306
0.171339
0.254645
0.419425
0.267411
0.804372
1.39603
0.298459
0.650574
0.14886
0.694869
2.12071
1.08921
0.282895
0.289578
0.675595
6.36511
0.48452
0.354764
1.05773
0.27631
0.222649
0.989245
1.13254
4.98612
0.457927
1.56318
0.320522
0.582572
0.737309
1.22896
0.307166
0.1911
2.50644
0.343354
1.83946
0.79642
0.340305
0.554088
0.458629
1.71503
0.148946
2.31846
0.465289
0.952899
1.28336
1.66369
0.618121
0.483171
1.1577
0.312449
4.8696
0.256793
1.34841
0.968437
5.69054
5.61655
5.74325
0.716678
0.468804
0.67584
4.60522
1.12053
1.16142
5.38104
2.7648
0.722686
0.585522
0.861163
0.222005
0.371093
1.85634
0.384553
0.321815
1.39883
0.295873
1.56614
0.4709
0.370871
0.983373
0.714517
0.636215
0.243465
1.64987
0.535787
0.561579
0.548296
0.704706
0.90506
0.821113
0.628064
0.45055
0.140455
1.25925
0.691776
3.05997
0.634386
0.927178
0.891551
1.47251
0.747859
0.769562
1.7366
0.643283
4.09652
1.79422
0.353055
0.549182
0.573872
0.206202
0.662479
0.594094
0.60406
2.7419
0.244076
0.245701
0.331024
0.714841
0.758274
0.943524
1.2107
0.844838
1.66676
0.233072
0.253878
1.26267
1.0439
1.00699
1.25881
1.11704
2.71551
1.09606
0.658605
0.82193
0.609206
2.44023
3.98524
0.173338
0.270411
0.203719
1.6308
1.00215
0.950814
0.982183
3.25224
0.26109
1.04034
2.57009
1.77421
0.426345
0.656975
1.53302
0.81936
0.843433
1.12389
0.521085
0.540861
0.35782
1.1334
0.69115
0.395122
0.408548
2.59008
0.452144
1.60845
0.191501
0.454242
0.392313
1.11377
0.968844
0.482902
0.98917
0.526587
0.589298
1.00488
0.435744
0.844496
1.36282
0.511981
1.42238
0.866633
0.202722
2.92035
1.48761
0.738855
0.374577
0.650717
0.374526
2.95097
1.30828
1.25074
1.63235
0.461755
0.418816
0.19233
6.04662
0.594295
5.61575
0.482579
0.29336
0.560623
0.730973
0.558023
0.672292
0.707867
0.972605
0.10846
1.99643
0.0830729
1.09065
0.597332
2.94444
0.496017
0.207487
2.14355
0.914733
2.53542
0.691013
1.14524
0.713697
0.176515
0.556993
1.83103
1.14531
0.293722
1.13474
3.42279
1.24846
3.48208
5.07913
0.603269
0.530115
0.393195
10.9344
3.90651
0.5237
0.681684
0.667936
0.554729
0.768666
0.944523
1.00874
0.413924
0.142739
0.455813
0.51748
0.578461
0.452743
0.530631
0.267581
1.52638
0.902813
0.221595
3.64164
0.391614
0.565211
1.02731
0.626048
0.453081
0.949235
0.28833
0.658421
0.713877
0.80481
0.52997
0.303742
2.01181
4.20627
0.289386
1.67355
0.282486
0.322724
0.354813
0.581653
1.50856
3.16369
4.61255
0.26239
1.88353
0.754669
0.502693
0.322612
0.586703
0.260788
1.2777
1.57111
6.52241
0.984525
0.157681
1.19238
1.00023
0.318565
1.26887
2.50775
0.37214
0.964493
1.36596
0.586811
0.354917
0.966564
1.63154
1.80182
0.284099
5.94256
0.786481
2.95792
1.55788
0.211469
0.458414
0.762477
0.61567
0.191797
0.369363
0.581064
2.73488
0.54211
1.00462
0.422131
1.63321
4.52892
1.39386
1.32068
0.72436
0.514959
0.38566
0.929241
0.270166
1.40566
0.226599
0.545471
0.32741
15.3689
0.537694
1.62779
7.11551
1.5188
1.01044
1.7471
0.657597
0.903025
0.631492
0.810615
0.691422
0.385086
0.236644
0.585316
0.438924
1.66641
0.44193
0.206182
0.304578
1.60412
0.274687
4.24978
0.498554
2.66186
1.42461
0.881507
0.397606
1.78388
1.28913
5.54507
0.523405
1.20056
0.787172
0.347532
1.24745
1.45363
0.681963
0.47055
0.508752
0.76451
1.73112
0.107519
1.58963
6.83251
0.178831
1.25473
0.976805
0.672023
0.0643173
0.885019
0.688856
0.482531
1.20376
0.825484
0.755152
1.25103
0.919565
0.542159
0.381339
0.978012
0.317841
0.489426
0.823558
0.439104
0.384729
5.86977
3.14637
2.05968
1.0913
0.390084
0.44926
0.434099
0.912343
1.92946
1.97603
1.93984
0.457142
0.198973
0.222613
4.72189
0.654831
3.54731
0.963218
0.699475
0.844299
2.46331
0.636593
0.458404
0.758529
0.478654
0.355101
1.77111
0.423233
1.74574
0.593248
0.37103
0.236112
0.571066
0.806404
0.559964
0.994604
0.846353
1.2232
1.27433
0.757002
0.305694
6.29407
0.613453
0.159542
0.801969
1.56308
6.73649
1.94687
0.527945
1.06853
0.386933
0.157588
4.03493
0.638505
3.77227
3.35785
0.422403
0.491018
0.298555
0.670612
0.219942
3.52683
1.53689
1.61669
1.04804
0.705305
0.150835
0.37881
0.814856
0.899302
3.35168
0.379381
0.892051
4.25308
0.53533
5.11617
0.617076
0.703751
2.86029
0.363554
4.42595
0.406058
0.876668
0.721266
2.37665
0.239757
1.16421
0.127524
0.345248
0.398784
0.452714
0.107802
1.19138
0.666032
0.882525
0.488327
0.264733
3.79527
0.199539
4.36656
0.38408
0.260553
0.266984
0.648988
0.357254
1.33117
0.609722
0.984679
0.443846
0.305821
0.580595
0.62483
0.600267
2.23911
3.5154
4.58785
2.53434
0.495213
1.37571
0.268325
0.513165
0.478013
1.56279
0.453713
1.09991
0.246466
0.996143
1.69898
0.417051
0.651457
0.429875
0.195466
0.347889
0.550432
0.943288
1.30816
0.450476
0.545096
0.327865
0.859681
0.435847
0.475919
0.337816
3.63642
0.479116
0.323361
7.04274
3.98847
0.370593
0.405289
0.668585
4.81136
1.74706
0.476464
1.38353
1.29594
0.45974
0.430586
0.72476
1.09344
3.54956
0.329528
0.291309
4.65835
0.550831
0.51865
0.248399
0.253946
0.703239
2.68242
1.80084
0.601803
0.140567
1.6689
0.664319
0.28909
0.761072
0.510371
0.742696
0.520361
1.23804
0.49247
3.21571
0.80654
0.9306
2.66829
0.907088
0.843967
0.200804
1.83458
1.04441
1.56974
4.61386
1.01914
1.38
0.430367
4.69378
0.342822
0.159734
5.9891
0.144485
0.284605
0.614086
0.425676
4.3967
0.40228
0.179425
1.00335
2.02857
0.323334
3.25124
0.648957
4.45523
1.45038
0.355872
2.14309
0.252854
1.05603
1.99079
0.980474
1.18611
0.319025
1.34318
2.48219
0.454554
4.13039
2.08528
1.73637
1.5582
2.95876
0.534106
0.384607
0.69723
1.40234
0.708237
1.54548
1.36405
0.834744
0.461328
1.73134
3.02323
1.00111
0.628903
0.511285
1.14654
3.36548
5.93125
1.19605
0.512039
0.438682
2.08116
1.19929
0.396184
1.28053
0.571194
3.10483
0.352287
0.358296
1.42696
0.895878
2.6177
0.29802
1.94359
0.803705
1.29858
0.992222
0.955837
1.51264
0.125685
4.19345
0.797487
4.42295
3.35179
1.34079
0.346326
0.232272
0.924456
1.48805
0.41824
0.653481
0.362535
2.70717
2.69488
21.449
0.485304
3.13435
3.73861
1.48371
3.5095
0.817661
0.973571
0.325738
0.351667
2.26156
1.65348
1.48307
2.32237
1.18942
0.404601
0.428817
1.65903
2.30636
1.39246
1.09158
1.92833
0.305583
1.15193
1.54226
1.91069
0.34323
1.33056
0.478829
1.42608
0.858271
0.4621
0.18308
3.28049
1.25522
0.643248
0.299307
0.788658
0.587918
2.76207
0.520247
0.497894
2.58612
4.73338
1.75171
1.76992
1.64623
0.674419
1.23142
0.242514
0.539462
0.773272
0.623253
0.594161
0.825895
0.435458
1.16743
0.197659
0.490372
1.42863
1.62207
0.731972
2.81547
0.776171
0.509417
2.82502
0.311962
0.625269
0.0529302
0.625483
2.1332
0.359125
2.03786
2.18178
0.522503
2.42782
4.55354
1.54341
0.487247
0.479762
0.765944
0.297072
0.754234
1.98166
0.740185
0.863015
7.96402
0.406174
3.88501
0.920753
0.463668
0.383207
0.449021
4.31544
6.48714
0.610348
0.951763
0.195952
0.744764
3.43576
1.02027
0.474167
0.517947
0.879503
0.44712
0.659031
1.47962
0.786712
4.24419
1.6986
0.820156
2.73481
0.786627
1.51396
1.8925
4.77353
1.61884
0.147707
0.210662
1.45173
3.93474
0.209916
2.4272
0.414925
1.71785
0.251239
0.801074
1.13135
1.2622
2.3964
0.323097
1.50033
1.93926
0.744221
0.470881
0.349214
0.658398
2.71058
1.21026
0.289591
2.99468
1.02663
0.354452
0.473085
0.932155
2.99389
1.27448
2.85391
0.561085
0.4064
2.65899
1.39285
2.80609
3.60093
5.10658
0.606738
0.772994
1.12875
0.20548
2.30486
0.508753
0.692884
0.593565
4.76277
0.430752
0.343189
0.238081
0.398054
6.43429
1.203
0.390084
0.457894
0.71013
0.162376
0.162148
0.807829
0.548868
5.16308
0.62697
0.198657
1.05847
1.94279
1.19445
0.915715
1.26577
1.38342
1.83078
0.742813
0.258683
0.603138
0.442607
4.42413
0.139451
0.457836
0.291327
0.613372
1.07002
1.44167
1.90696
2.01454
0.266668
2.81539
2.03769
5.13122
0.333969
0.734336
4.29894
3.01891
0.931425
0.322231
0.440622
0.747166
2.16994
0.666502
4.14934
0.815871
0.594524
0.387853
0.766633
0.609486
0.334269
0.551936
0.580333
0.551815
0.937788
1.2376
0.423075
1.17645
6.21391
1.38713
1.98803
0.161372
0.795403
0.682961
1.03204
0.692475
2.60521
0.435301
1.05015
16.2616
0.507577
0.251906
0.305085
0.722633
1.23955
0.626612
0.436963
2.4697
1.34081
0.0856377
0.495148
0.6103
2.13193
0.148683
0.224927
0.382312
0.433066
0.371672
0.458954
1.79953
0.653785
1.86258
1.8824
4.89051
0.216437
0.267094
0.262243
1.04077
0.313911
0.74213
0.749116
0.665759
0.197523
0.678929
0.215854
0.987349
0.381745
1.17336
0.300375
7.45883
0.597948
0.669102
0.718343
3.50524
2.73458
0.488586
0.255825
0.154225
1.43397
0.54592
1.27331
0.418812
1.6167
0.433343
1.33994
0.474747
0.408172
1.00016
0.240211
0.726997
1.22006
0.869381
0.572279
3.85947
1.04979
0.170376
0.81738
0.401602
0.694682
1.51739
0.267046
0.755082
0.447264
0.966737
0.774162
0.492815
0.901689
5.52048
1.85384
0.189743
1.35205
0.311998
0.690373
0.242187
1.07521
0.224537
0.645081
1.49093
0.839538
0.158364
0.542628
3.0554
0.441529
1.35844
0.17689
0.551888
0.246257
0.500408
0.941
0.359716
0.959902
0.924058
0.514624
5.40235
0.982729
0.989951
0.487599
0.371266
1.97938
1.48896
5.35769
0.248875
1.33039
1.43663
0.661692
2.67984
1.44458
1.162
1.33227
0.940554
0.357049
1.17104
0.605807
0.402671
1.16036
1.05785
0.986622
4.95448
3.53964
1.21956
0.196733
0.616226
0.872815
2.76272
0.46736
0.640389
0.218526
1.22559
0.276703
1.82737
0.568247
1.46315
1.18618
0.322552
0.315209
0.725723
5.54358
0.551763
0.800899
2.07225
0.758528
0.707096
4.78231
4.33297
0.283236
0.460001
0.668713
0.887152
1.55709
0.931565
0.221987
0.60124
1.14856
1.4718
1.16771
0.976651
0.831571
0.440942
1.29792
0.98607
0.646066
0.892031
0.496823
0.758621
3.48044
1.83845
0.921438
1.69512
0.684401
0.434274
0.801788
1.46014
0.607396
0.569237
0.691787
2.00561
1.25557
0.534862
0.490767
0.371611
1.91365
2.50941
0.255946
3.14307
0.283988
0.941797
0.511874
0.633096
0.731176
0.441555
0.693852
2.27032
0.48907
2.43576
2.3348
1.63258
0.33219
0.289566
0.335746
0.351779
1.15777
0.889171
2.59787
0.401886
0.2559
2.46346
1.50196
0.209799
3.80539
0.530886
0.350503
0.896503
0.375785
0.272965
0.591522
1.37536
1.20229
1.03297
1.86511
0.521832
0.49827
5.4403
0.208987
1.40101
0.262326
1.38229
5.97023
0.525462
0.782941
0.505303
0.629646
1.22376
0.445176
0.961691
0.664111
0.220114
0.714608
1.95962
1.4978
0.555681
4.12091
0.486361
2.96603
0.479007
0.555654
2.85743
0.810315
0.110578
0.410614
1.58791
1.04817
0.571236
0.681151
1.40679
0.832128
1.35629
0.549052
1.09489
0.493627
0.520394
0.337658
0.470809
0.622084
0.657976
2.39217
0.526014
0.975037
2.30495
1.46098
0.782205
0.507726
1.37439
1.25841
2.81769
2.72371
0.482286
1.47306
0.3953
1.70339
0.579726
1.75342
0.337921
1.17756
0.276761
0.433672
1.81949
0.224451
0.387268
0.499435
1.13693
0.696612
0.755888
0.228064
1.7402
5.21044
1.84562
1.32432
0.650549
0.595658
0.254843
0.16998
1.00775
0.336434
0.58432
0.289945
0.314037
2.37023
0.783155
0.975674
0.76609
0.468743
2.49559
1.39089
0.721934
4.68621
2.45333
2.53788
0.333891
3.2588
2.64493
1.08193
0.560931
0.943085
0.467377
3.98437
1.60105
0.371647
4.04402
1.31126
0.879108
0.619849
0.699695
1.57451
1.45477
0.312252
0.546599
1.72078
0.538531
4.40935
1.6733
0.361076
1.22126
0.241976
2.22085
0.606238
0.839307
0.28445
1.42372
0.453711
0.984575
0.967235
1.00184
0.395123
1.53418
0.575698
1.56353
0.301611
0.278864
1.10656
0.618235
3.31484
0.6367
0.998003
0.104342
0.668484
0.527935
1.14987
1.47676
6.46048
0.727091
0.313406
0.251707
1.38156
1.24388
1.15422
5.14949
0.758804
0.434167
1.83368
0.985601
10.5229
0.575312
2.57347
3.82164
0.4493
1.01185
1.76561
1.39832
0.302233
0.474537
0.464027
0.575158
0.205298
0.48816
0.421702
0.341075
0.828354
0.316257
1.11297
1.29468
1.02376
2.2057
4.54965
0.940023
1.08406
1.32414
0.430326
0.201326
1.5276
0.329594
3.85458
0.727084
0.7307
0.508647
0.52702
1.71938
1.10605
2.65877
0.284985
0.229777
1.28445
1.44073
0.698357
0.709314
0.57093
0.370394
0.645022
0.69451
0.0751761
0.71138
5.73349
0.859034
1.53827
0.192372
0.600933
1.6504
0.92124
0.408554
1.23013
1.64183
1.10844
0.810201
1.34351
1.32309
1.57815
2.10862
3.99948
0.356644
0.452072
0.463978
0.505015
4.75877
1.18275
2.20652
0.654036
1.33337
0.563531
1.6623
0.420221
0.308843
0.559063
0.255025
1.32576
1.4744
2.98317
0.239574
0.579695
0.889765
0.397803
1.06183
0.623037
0.376472
5.92356
0.996713
0.252472
0.838525
1.09368
0.485566
1.93273
0.360647
0.246445
0.272803
0.710269
0.162266
0.176968
0.58544
0.495952
0.564025
0.475922
0.284144
0.382364
0.459423
1.10838
0.498139
0.155062
2.12199
0.363243
1.43593
0.151318
1.87975
0.861487
0.747086
0.17655
0.599356
1.13422
1.37162
0.161962
4.0924
1.94509
0.988027
0.934066
0.935779
2.89706
1.79282
0.892312
1.10976
0.257285
1.48222
0.257018
0.828409
0.759853
0.36019
0.499783
0.493198
0.728109
3.10867
1.55895
0.750439
0.527387
2.73905
0.811506
1.39403
1.02575
0.871069
0.415462
0.648903
1.24476
1.77452
0.864907
0.128196
1.35512
0.565196
2.04085
0.910253
0.558588
0.413958
0.255446
2.09525
0.909396
0.423121
0.917234
0.667343
0.153253
2.04175
1.10436
8.06009
0.673054
0.280397
0.34124
0.261088
0.769753
0.340049
0.562747
0.523547
1.10313
0.746184
0.374657
2.05044
0.645998
1.56216
3.4004
0.279627
0.603378
0.78381
0.186189
1.44276
0.658243
0.217735
0.554981
0.626205
0.595588
1.09279
0.502529
0.48883
0.596182
0.603821
1.83156
0.355942
1.32452
0.66713
0.271321
0.515534
1.83158
4.63357
0.108767
1.00439
6.42525
3.37195
5.01326
0.668537
1.35569
0.92768
0.218194
0.812098
0.386665
0.438289
0.583361
0.178634
4.21268
0.417232
1.72645
4.84979
2.21474
0.340565
0.873435
0.484552
0.284421
0.743445
36.5209
0.854266
0.426783
1.42377
0.777551
0.958321
0.677958
0.221035
0.41808
2.15939
1.0246
3.11363
0.101196
0.503105
1.96863
0.319841
0.19863
1.49363
0.74484
0.707799
1.99099
6.16608
0.220947
0.425736
0.432048
0.632515
1.37745
0.76368
1.7881
0.0722418
0.293429
0.413326
0.581197
1.30634
1.53247
1.17577
0.56317
0.547056
0.389675
1.2626
0.300999
1.08753
1.45219
4.15185
3.09777
3.0142
2.83198
1.46083
4.6735
0.343049
1.28307
0.781947
0.393186
1.81339
3.59706
0.486785
0.779008
3.71982
3.51536
0.372664
0.256568
0.226395
1.07831
1.18002
1.18494
0.643455
0.161129
0.476346
2.09842
2.57919
1.12964
1.01463
0.693171
1.12764
0.954397
1.78082
3.25624
2.12171
0.976662
0.59065
0.236483
2.62353
0.622368
0.32043
0.463037
1.92589
4.3917
1.76313
0.150358
0.377722
0.946947
0.65262
2.44085
0.763562
2.33436
0.935128
1.31306
0.497609
0.466456
0.239845
1.0126
2.36531
0.482459
0.790199
0.0734419
0.86307
1.91035
0.477235
0.681512
2.67009
4.95919
5.09171
4.3306
0.95795
0.69166
3.32461
0.98703
0.290211
0.235058
0.363639
1.0651
1.74327
0.886525
0.396173
0.233536
0.694074
2.6937
2.57981
0.114957
0.540103
0.449138
0.452679
1.58144
0.234079
1.66761
0.674477
5.46101
1.98583
0.120907
1.77598
1.22439
1.08939
0.707654
0.715802
0.102277
3.12934
2.3394
0.4582
2.18912
3.92218
4.88311
0.709011
0.326144
0.156369
0.553707
0.330256
1.79732
0.442028
1.89136
0.244152
0.414058
0.912883
1.4679
1.93835
0.442495
0.588242
0.221553
0.764532
0.546346
0.515038
0.788304
0.743506
0.369729
2.97145
0.352574
2.32744
1.5748
0.62202
0.344134
0.513213
0.799939
0.648189
0.490994
0.180577
0.505255
1.06317
0.993821
0.191662
0.510228
3.40365
2.19752
0.224742
0.270031
0.909336
1.56086
1.54963
0.899569
1.37275
0.31332
1.23282
0.131022
0.910801
0.669254
2.71044
0.312186
2.08305
0.722393
0.796481
0.957472
0.823027
0.519022
0.672198
0.646724
1.71661
0.546825
1.54299
0.27368
1.32984
0.56257
0.430127
0.542373
1.53274
3.46423
0.872505
0.745842
0.430407
4.66714
0.29924
0.440754
0.27022
1.17785
1.5207
0.81331
0.332122
0.83238
2.02918
1.83543
0.576879
1.98108
0.424652
0.557214
0.898262
1.1633
0.197545
1.54038
0.334009
3.25611
2.01473
0.841807
5.12799
0.644319
1.25846
0.668248
0.540473
0.583827
1.8016
0.162956
0.409733
0.373806
0.824868
22.108
0.374144
0.933192
0.120299
0.601901
4.46373
0.334211
0.626408
0.443245
0.871243
8.00137
0.548745
0.613694
1.36196
0.168454
5.56678
1.52977
1.37806
0.830988
1.62221
0.985696
0.494301
0.445013
2.241
0.678311
1.72196
0.740392
0.268892
1.34601
2.70763
0.602552
4.51192
2.55484
0.636143
0.612973
0.540073
0.15113
1.60382
0.571683
0.594283
4.33745
0.497672
2.43653
0.563319
1.30247
2.59061
1.52534
1.01646
0.386189
0.506675
1.40006
0.602548
1.61222
2.99633
2.4031
0.608988
0.416104
0.113468
0.314235
0.297171
5.84625
0.27775
1.33031
1.85152
0.421142
0.567362
0.738081
0.184672
0.413825
0.346064
1.41913
0.222022
1.19902
0.435426
1.42565
1.52493
3.24552
0.173667
0.538215
0.734956
0.620454
0.268801
4.87824
0.425329
1.39354
0.385819
0.458137
0.578156
0.356728
1.14111
1.07011
1.30264
1.76143
0.402124
1.21634
0.776568
1.82233
0.646501
0.282453
0.60005
0.587085
1.42274
4.2221
1.21361
1.39295
0.614008
1.58271
4.37353
3.71909
0.533668
0.535942
0.264131
1.64622
1.83493
0.672938
0.677908
4.06351
0.335539
0.575728
1.13268
0.75073
1.68816
0.558135
0.590091
0.435611
3.22423
1.85536
0.11066
1.887
0.116879
2.72665
1.73662
1.13854
0.602029
0.100573
0.209984
0.973552
2.18417
0.336382
1.10653
1.29658
0.310995
0.586037
0.813456
2.85995
0.551228
0.479557
1.6905
0.481932
4.40777
0.685812
1.18786
0.728974
0.483246
0.348918
0.606352
1.38199
0.653243
1.0251
0.742462
0.188537
1.60295
0.44533
0.529781
0.315657
0.202372
1.92166
3.56788
0.55747
0.489151
0.404873
3.32127
0.408477
12.8646
0.481309
0.856861
0.303398
0.736448
1.59949
0.200116
0.539996
0.779946
1.71023
0.802536
0.462665
1.13256
1.03701
0.849752
0.248882
4.03749
3.44312
0.763953
0.620467
3.77943
5.13911
2.20401
1.53256
1.59401
0.318912
4.27747
0.140462
0.664145
2.89259
0.190276
0.401922
5.93475
0.269683
0.733257
0.553053
1.25413
1.72012
5.64766
0.416425
0.275176
0.588322
0.408589
1.76714
0.766383
1.07162
1.06579
0.253791
0.240943
0.84616
0.264781
1.30289
3.36119
1.79526
1.3517
0.0948127
0.578178
0.641269
1.12841
0.510941
0.228074
0.401427
0.659612
1.43383
0.589327
0.507165
1.08625
0.415048
0.793773
1.24504
0.234651
0.530072
1.44178
0.741139
0.857911
0.946831
0.553873
0.550968
1.08513
3.12907
1.56966
0.377496
0.934154
0.462483
0.20179
1.59508
0.400909
1.34833
1.26592
0.175163
0.340752
0.4981
0.898478
0.178875
0.909365
0.65673
0.324043
5.6388
0.996999
0.350862
1.84711
0.543492
0.560982
0.336382
2.26434
0.353406
0.667574
5.86029
0.317781
5.672
0.292087
1.41374
2.05184
1.24421
0.659213
0.340024
1.26248
0.482787
0.3478
1.7654
0.433561
0.365707
0.913331
0.635546
0.512425
0.364312
0.386313
0.330024
1.04246
0.484414
0.279563
0.681357
0.161191
0.287143
1.53891
0.686789
3.19352
2.56799
0.210151
0.909191
0.877055
1.73098
1.87604
0.992807
0.532633
0.634923
2.32062
0.793661
0.695596
0.10888
1.6936
0.362256
0.89932
0.115872
0.69783
0.380923
0.568816
0.444777
0.490515
0.793787
1.53916
1.39368
1.00017
0.396636
0.795482
0.736012
0.285922
0.464351
0.514
0.545122
1.11957
1.04618
2.093
0.690558
0.574865
1.36938
1.01523
0.255619
0.66403
0.948845
2.39772
0.674674
1.5377
0.306184
3.17773
0.831809
1.49997
1.00979
0.418345
0.263573
1.43003
0.392231
0.271699
0.5018
0.778129
1.5533
0.522842
1.78606
0.428678
1.82815
4.25993
0.554007
0.281615
0.602196
1.92173
1.20945
0.633842
4.23618
0.664817
1.33984
1.50189
0.350116
0.340139
0.389923
0.88633
2.97279
0.865439
0.872276
1.35492
1.34928
1.09002
4.63196
0.737921
0.498692
2.07948
0.838709
1.35902
0.313558
0.369682
0.463663
0.879642
0.359521
0.669366
1.09804
0.186976
1.86463
1.36589
1.63667
4.13791
2.57683
0.661898
0.312065
0.71728
15.5988
0.591402
1.50988
0.450816
0.88355
1.07899
0.688936
1.49908
0.800244
0.89873
0.391794
1.83901
0.933519
1.07592
0.232411
0.335911
0.860044
2.05729
0.855642
1.0645
1.27116
0.491342
3.77173
0.224832
0.544102
2.16749
0.519216
0.598189
1.50509
0.401714
0.519602
1.64359
0.261583
0.521425
0.579601
0.743222
1.09507
0.221262
1.76847
6.43955
5.92883
1.48486
0.573939
1.16838
0.450414
1.74095
3.96889
1.60899
0.795391
0.536319
0.321724
0.768616
5.6398
0.528697
0.209939
1.00171
2.65343
1.91979
0.105294
0.661214
1.1341
0.341408
3.32716
2.49298
0.322052
1.24222
0.878999
0.536556
0.542763
0.36928
0.427536
3.36818
0.309133
1.47935
0.776099
4.36788
1.06992
0.569781
0.941932
4.73051
1.72013
1.41416
1.71561
2.38763
0.11444
3.55427
0.803443
1.09657
0.753832
0.620542
0.755825
0.175617
0.553801
4.08327
1.22552
6.37612
0.681401
0.642589
6.53342
0.602422
0.885863
0.550335
0.172073
0.500424
0.351451
3.4754
5.74993
5.64134
1.65977
2.8579
1.60604
1.21016
3.03341
2.02472
0.27326
0.597361
4.31732
0.748985
0.449042
0.919724
0.831803
0.454423
0.380857
2.78797
0.999066
0.802092
0.0910191
0.423658
0.530462
0.329921
4.88795
1.01546
0.7057
0.611799
1.15094
0.28131
0.287622
2.64092
0.80824
1.77292
2.23849
0.693853
0.473731
0.861879
4.42008
0.872389
6.19815
1.98646
0.310607
0.597465
0.88137
0.17697
0.575461
0.377142
0.257081
0.53876
0.462302
2.28628
1.99462
0.355418
1.15492
0.542841
0.856488
0.253395
0.272108
0.183571
0.591493
1.09462
0.529311
1.68791
1.01845
0.537832
0.769073
0.409107
0.235833
0.775468
6.05917
1.21658
0.883771
0.635996
1.94226
0.184109
1.66997
1.26106
0.643623
1.8209
6.48023
3.57357
0.168601
5.53836
0.395543
0.863093
0.726276
0.368159
0.700598
0.670386
2.52846
0.423083
1.12521
0.744883
3.10599
0.923247
0.35928
0.383012
0.682921
0.608573
0.641676
0.583171
0.316298
0.742281
1.31545
2.42159
0.521792
5.85963
0.739149
0.525663
0.525861
0.719301
1.36691
3.31521
3.8959
0.114821
1.43154
0.921016
0.792228
0.178643
1.19231
69.6417
0.551569
1.74754
1.15894
1.66906
1.56461
1.7747
0.175346
0.519488
5.13835
0.847626
0.749287
0.930482
0.426436
0.443842
0.845955
0.499093
0.0912658
0.931382
4.18956
2.03401
0.643312
0.705743
0.804442
0.0934619
4.4104
1.90677
1.49548
0.476467
2.23734
0.333466
0.263041
1.27215
0.412283
0.476733
3.71358
0.695295
1.6783
1.27747
0.640605
1.7533
0.836743
0.646151
3.82975
0.812705
0.341972
0.429556
0.729402
0.995552
0.83553
0.580859
0.382119
3.59629
0.758862
0.493004
2.20868
1.32431
5.55035
2.62863
0.64229
0.452129
1.74363
0.468414
1.08469
0.61863
0.602782
0.245132
0.993202
1.25718
0.489825
6.6607
1.057
0.474615
0.432324
0.208348
0.89224
1.39274
0.734432
4.67305
1.0228
1.45937
0.538014
0.994234
2.20071
4.44248
0.296963
4.92891
0.38353
0.527977
0.629763
5.56584
1.17347
0.812
0.710162
0.311088
1.13318
1.17902
3.33999
6.15152
4.45974
3.54713
0.387935
4.5758
1.49187
0.540624
0.839835
0.244236
0.543027
0.552065
6.04769
0.213958
0.352022
0.790003
0.336278
0.534369
0.717891
0.0958599
0.771339
0.500351
0.491016
1.97394
0.411423
0.330264
0.524928
0.373459
0.906314
0.243213
3.54535
1.0785
0.332748
2.91523
0.756218
0.383787
0.205477
0.213149
0.437119
1.16337
0.886153
0.193096
0.46017
1.8523
1.8339
4.96147
0.916433
0.466349
1.51067
0.356692
1.16041
0.505433
2.67148
1.43849
0.318351
0.571329
0.429743
0.501204
1.01389
5.68687
3.44951
0.339031
0.598254
1.62024
0.28302
1.93968
1.47157
2.812
0.893683
1.03822
0.293077
2.3732
0.395058
7.62976
2.98933
1.76879
0.861526
0.837229
1.08531
2.0726
0.399906
1.01566
2.73343
0.206297
0.256974
1.02902
0.702815
0.428282
0.929512
0.823455
1.60051
1.04435
0.874888
0.535051
0.513048
1.6949
0.853122
0.580218
6.70906
2.80043
0.866636
1.3548
4.23364
2.17535
1.42805
14.585
1.11055
1.16854
0.881877
0.587965
0.697856
0.340406
0.306517
0.221977
0.244674
0.406407
0.835303
0.577118
4.99323
0.610987
0.703883
0.757831
1.67479
0.901698
2.0531
0.389823
3.14427
0.720435
1.38812
0.396806
1.02015
0.575899
0.880297
0.58481
0.366384
1.22579
0.792464
0.542948
1.5925
1.16758
1.38488
0.979333
0.780907
0.811115
0.675044
0.67976
0.538826
0.752729
0.527621
1.83942
0.464338
4.21387
2.41489
0.739276
0.610677
0.495915
0.172711
3.61543
1.54578
0.313087
0.771918
2.55897
0.302586
0.234861
1.50626
3.00436
1.33273
0.148359
0.393015
0.757777
0.218149
0.25683
0.850476
0.362982
1.05607
0.78398
1.00689
1.04568
1.82275
0.208229
2.02916
0.169161
0.251968
5.7563
1.80152
0.112831
0.982973
0.709824
0.265483
0.645562
0.391785
0.647237
5.37845
0.306238
0.892054
0.354827
2.93973
1.1187
0.682507
1.67204
0.614991
0.219547
0.924452
1.0719
0.677384
2.75049
0.301296
0.843562
0.374419
1.08934
0.393214
1.75531
0.211501
0.17074
0.171397
0.275426
0.603706
3.9407
0.783198
2.8435
0.945007
0.588914
1.3475
0.371667
1.20651
0.292452
0.745124
0.779481
4.92171
0.927803
0.510759
0.365117
0.0683461
2.75537
0.402599
0.480005
1.49555
0.551172
1.61719
0.4963
0.596682
3.18234
1.02959
0.713179
0.740499
0.515612
1.22235
0.552313
5.62336
0.449614
1.71624
0.840978
5.10112
0.398503
0.550373
1.92344
1.59485
0.710052
0.97856
0.610238
0.840889
3.51268
1.84797
0.670853
0.970827
0.986894
0.350383
0.524829
2.55361
0.488694
0.43366
3.44816
5.33443
2.88057
0.549544
1.50033
1.18537
0.823612
0.618611
1.02341
0.572168
0.17817
1.01977
3.01306
0.749574
0.789432
0.332105
1.25524
2.00231
0.690213
0.667139
0.787449
0.254218
0.262845
0.402311
1.19177
6.76667
6.91838
1.1129
0.429939
1.35209
0.681061
7.43403
4.45382
0.511959
1.03401
1.1287
0.42101
0.819578
1.85418
0.507597
1.44539
0.594714
3.14925
0.75519
2.10105
1.79478
2.83895
0.247194
0.962293
0.927293
0.163867
1.50115
0.431755
5.63094
1.23052
2.72597
0.525532
0.222602
2.92001
0.544223
2.20729
0.347784
1.77639
1.5669
0.493382
0.722648
3.13323
0.802074
5.55017
0.76176
5.49662
0.524208
1.63186
1.38021
0.422719
2.7168
0.690301
2.14361
1.13678
0.592309
4.80921
1.24842
0.176845
1.43514
7.67102
0.973156
0.41991
0.824605
0.420824
0.898537
1.03657
0.91583
1.21189
1.17907
1.0034
2.93737
3.16276
0.411667
0.27244
0.866624
1.09542
0.327949
0.763416
0.963922
1.08753
1.70868
0.47371
0.448046
0.306109
0.237214
0.251012
1.18949
0.0859532
0.446846
4.79996
2.88227
0.589389
1.74234
0.308188
0.231556
1.29069
0.438359
0.419593
1.20875
0.727274
1.81049
1.6661
0.945856
0.116549
1.01581
0.939793
1.49194
0.182591
1.15179
2.21664
0.218438
0.594175
0.586882
1.72354
0.204932
2.10374
0.743612
1.38465
1.41227
0.380646
1.15935
0.681694
0.699646
0.898517
5.10875
2.38377
0.738131
0.511583
1.5761
1.28386
0.305096
1.18221
1.40223
1.92151
0.272617
1.06518
0.677945
0.332102
0.500209
0.531509
5.01316
1.64991
0.78631
0.977271
0.773354
0.196329
0.268936
1.62604
3.2972
1.50054
0.454282
1.05973
0.551221
0.175452
0.643288
0.233206
6.62961
1.55641
0.454808
2.28975
1.6599
0.631654
0.759635
0.221274
0.994683
1.18686
1.33876
0.534468
0.293099
5.81909
0.670159
0.492055
0.354211
2.50912
1.76678
0.701363
1.11706
0.158386
0.189898
0.756401
0.467495
2.42788
1.13477
0.580932
0.362336
0.821276
5.50396
0.277193
0.445123
1.7931
0.417349
0.322434
0.407493
0.890103
0.464103
1.30423
0.328365
1.42322
0.664575
6.03989
1.80546
1.3336
8.62258
1.1816
0.337373
1.52642
0.386615
0.659565
0.748392
0.887915
2.04864
3.34447
0.778341
1.08208
0.438201
0.733122
0.309314
0.279209
0.732158
0.226317
0.657294
1.04715
0.658396
1.64443
0.415379
0.293475
0.600036
1.34736
1.3655
0.273659
3.25888
0.57942
0.333376
0.65666
4.92312
1.66971
0.288687
1.52414
1.44082
2.14371
0.4948
6.02842
0.27429
0.142095
2.8145
0.715764
4.44102
0.430346
0.308887
0.663334
1.47817
1.80408
0.0952941
1.26526
1.18286
1.95907
0.421759
0.62223
1.65834
0.848033
1.35852
0.289444
0.473363
0.324967
1.9806
0.19915
0.515156
0.35843
0.424638
0.95807
2.06136
0.593435
1.04211
0.687623
1.58389
0.383925
0.451293
0.215876
0.286038
2.51829
0.759828
3.90153
2.37524
1.15685
0.934364
0.44096
1.33547
1.069
1.19039
2.60703
1.30575
0.403594
1.58342
2.17146
0.532287
0.36761
0.448338
0.29027
0.444556
0.493565
2.47534
1.232
1.19043
0.319857
0.0727121
5.69689
0.173747
2.03852
0.0237806
1.34824
2.77491
1.72012
1.28331
0.371446
1.16223
1.53408
0.3267
4.05497
2.63308
6.6067
1.21236
2.25522
1.88668
0.270708
3.02253
3.00066
0.226414
0.963694
2.69381
0.619187
3.83067
0.709336
1.46674
0.312178
1.77937
3.62295
4.74124
0.24127
1.89256
1.96156
1.61216
0.343103
1.20314
0.64236
0.832037
0.312445
0.276531
0.307305
0.276002
1.6174
0.469716
0.709037
0.238237
1.41572
0.785986
0.115268
0.281977
0.496371
0.300019
0.259338
0.407272
3.94591
0.501358
2.17307
1.59889
1.24178
0.10487
0.881479
6.90322
0.55348
0.844564
0.557274
1.77491
0.209894
0.25935
0.912981
1.23738
0.741276
0.437691
0.651716
4.29583
0.0582482
0.44129
0.877376
2.24594
0.86565
0.548716
2.30965
0.544281
2.1323
0.443237
0.436964
0.810759
0.676973
5.65965
1.36889
1.43275
0.770666
1.1641
0.957064
0.455132
0.537132
4.10791
0.476007
0.261048
0.420408
0.299712
0.520434
0.567807
0.623377
1.20886
0.574067
1.02614
4.04562
1.77748
0.388583
0.788588
1.57119
0.916834
0.787597
0.581316
0.675582
0.103921
3.16464
1.2616
1.22956
0.594714
1.44954
0.598245
0.713464
0.2199
0.161291
0.681667
1.1946
0.969409
4.84014
0.487202
2.26039
6.2472
0.377509
0.673335
0.53237
0.212178
0.960442
0.969101
1.461
0.205224
0.268971
0.579059
0.350618
0.592974
0.545092
0.708561
0.827859
0.405737
0.595357
0.8814
0.59865
0.290544
0.319937
1.34295
0.304589
2.65325
0.474798
0.335646
0.419676
0.938083
0.280388
0.400811
0.360515
0.421395
0.69902
1.11967
1.19296
0.725465
2.36097
0.448673
1.0273
0.393776
0.405505
0.420286
0.307786
0.462673
0.849595
0.247602
0.640203
0.948374
0.700472
4.76725
0.845664
0.413705
0.896731
0.450833
0.58193
1.05788
0.402333
0.830394
0.466411
1.729
0.349432
0.828053
0.75055
0.700113
0.393514
0.865573
0.111522
1.23866
0.710265
0.229596
0.310504
1.6202
0.167796
0.23984
0.692207
0.844288
1.47574
0.746335
3.15215
0.471194
1.699
0.321718
5.25947
1.97192
10.3471
0.220812
0.918018
2.73359
0.182205
3.2377
0.508886
1.80953
1.1269
0.411496
0.964184
3.63663
0.436632
0.482235
0.452773
1.34368
0.453082
0.462848
1.23799
0.523609
1.81792
0.431352
0.430101
5.22399
0.540418
3.95268
0.504646
0.694785
0.39686
0.987136
0.258462
2.07175
0.349734
0.476307
1.77559
1.62024
5.17101
2.34049
0.675532
0.6531
1.52422
0.886513
0.487799
0.757834
1.15425
0.445245
0.869977
0.269472
0.265515
1.07344
0.473666
0.366464
0.264658
0.658277
0.0688514
3.17001
0.405722
1.43529
0.823471
0.913211
0.781145
0.0864718
0.720132
0.490548
1.22885
0.596644
0.322025
0.557858
0.607062
0.739834
0.206214
0.57105
0.981085
3.59908
0.35537
0.558258
4.6906
1.93343
5.01533
1.61358
1.97791
6.09467
0.232734
4.72975
0.626786
0.54192
0.368818
0.764392
0.962617
0.573113
0.983615
0.41218
0.507307
0.691119
1.39616
0.388196
3.70351
1.21322
0.31918
1.39352
1.51027
0.36793
1.44404
0.633094
0.268908
0.280666
0.670524
1.31469
1.07533
2.14169
0.951416
0.19802
0.365667
1.82748
0.317088
0.59457
0.359208
1.15908
1.4885
0.352215
0.616067
1.1264
0.547236
0.0633213
0.334964
0.279261
1.47598
0.247006
0.358283
0.629528
2.1848
2.32342
0.943189
2.06967
0.95931
0.70288
3.5162
0.815287
0.395982
0.504029
0.536751
0.671312
1.00143
1.86642
1.59833
3.12877
4.05209
8.4528
0.340934
1.52395
1.25378
0.73793
0.353874
0.641425
0.606866
0.453588
0.350979
2.32924
2.23475
0.389655
0.637428
0.507409
0.944838
0.577592
0.314972
0.468294
0.36952
0.139554
6.29354
0.713985
0.210751
1.66864
1.1963
2.22913
0.847209
0.685364
0.517535
0.449912
0.370818
0.791369
0.130202
0.807363
1.248
0.925205
4.9024
0.544967
0.379196
1.47657
1.50962
1.18403
0.133294
2.04816
0.329223
0.222648
2.64027
2.29132
0.417534
2.17275
0.259142
1.77303
2.16079
1.09177
0.299794
0.911136
0.633813
0.320381
0.491888
0.444428
0.404447
2.30852
1.14072
0.308327
0.638857
1.32901
2.7539
0.832211
0.666546
1.71772
0.756922
1.06211
0.748414
0.678301
1.88949
0.684104
0.650667
0.429394
0.511916
0.611858
4.37099
2.27879
0.438272
0.561455
0.0241239
1.27876
0.867213
2.32255
0.393668
0.162716
0.431154
0.66964
0.541982
0.315915
0.254885
0.224154
0.355616
2.13405
0.686457
4.73934
0.367066
3.65553
0.732321
0.201714
1.26407
0.411281
0.392107
5.61059
6.7879
0.470544
0.677961
0.592382
0.989238
0.0745239
0.700866
1.69931
0.238842
0.939104
0.637356
0.372922
0.813099
0.585365
0.882515
0.576817
0.161675
0.347086
4.24374
1.70086
2.40757
0.453036
0.395987
3.19285
0.395258
0.276608
1.64043
0.820825
0.716278
0.512292
0.282215
5.45573
4.82545
0.865474
0.487649
0.314103
0.522558
1.08269
0.220286
0.7238
0.378582
1.34934
1.1426
2.70894
0.360064
0.757901
3.29587
0.353899
0.303757
0.316479
1.23684
0.172728
0.298804
2.22833
4.46499
1.93324
1.47669
0.86512
0.648748
0.602973
5.37583
3.5812
5.12824
0.951533
2.03484
0.686031
0.644695
3.18359
3.76868
1.01148
0.521126
0.678894
0.557103
0.893712
0.802804
0.401228
1.29894
2.01098
4.13806
0.24312
0.743333
0.42587
5.54676
0.215431
0.412155
1.48832
4.57002
0.44019
0.146166
0.257064
0.533743
0.464278
1.74698
0.27213
0.71839
2.56977
2.9637
0.341132
0.916247
2.66528
0.481773
0.301043
1.34055
2.47028
0.727616
0.474163
1.77834
1.17023
1.92021
0.756007
0.849669
0.21923
1.3318
1.36409
0.512627
0.817838
0.243983
0.900677
5.12116
0.36328
0.684739
3.13963
0.722417
6.07327
0.552436
0.4053
1.20165
1.25813
0.146899
0.361425
0.353801
0.915282
3.09833
0.062883
0.419763
5.72425
0.322316
1.7696
0.504996
0.398443
0.299688
8.25583
3.00733
0.244734
1.33408
2.43794
0.190971
1.47813
0.32054
1.67206
2.48205
0.634709
0.271739
0.547526
7.02438
2.142
0.314767
1.11354
1.2296
0.907386
1.19777
0.926785
0.77935
0.244327
0.366991
0.605449
0.319036
1.00768
3.6597
2.56526
0.580903
1.21268
0.329289
1.33972
0.163169
0.205379
0.0940265
3.55518
0.766102
0.51916
0.284899
0.853111
1.58616
0.64255
0.995998
1.0238
0.834889
1.52457
0.471474
0.53542
0.19562
0.803937
0.271394
0.277251
3.5605
0.530889
0.278017
1.65041
1.15519
0.395261
2.19492
0.840547
0.841945
1.17858
3.02297
0.806002
1.80212
0.33146
4.64657
0.198632
0.426188
1.28025
0.797839
0.12582
4.83702
0.349763
0.514774
0.455018
0.838398
0.46959
0.70974
0.468355
0.440572
0.097261
0.483769
0.29012
2.19467
0.406912
0.575571
4.47667
0.378836
1.76626
0.431407
0.247004
2.45416
4.78917
0.387257
1.36693
1.58218
2.77729
1.05886
0.863915
0.495775
0.757972
0.191296
0.654792
1.48085
0.27303
0.444162
1.99017
1.17369
0.274388
0.136947
1.68577
0.675493
3.52804
0.38274
0.630905
0.371976
0.0758433
0.408821
0.251461
0.628747
0.185041
4.55166
0.761293
0.437766
0.726801
0.799647
0.319231
0.486195
0.606612
1.28517
0.456025
1.00413
0.620299
0.350881
0.586006
1.58822
0.259754
2.31452
0.542791
0.651411
0.516504
0.588557
0.420813
1.35642
1.41345
0.313792
0.39727
0.593702
0.462183
0.288135
1.08425
0.696177
1.56981
0.968489
0.464275
3.49713
1.14347
0.424354
3.2808
0.616439
0.524321
0.468064
0.240546
1.13479
1.38235
0.53991
0.698278
1.60521
0.602082
2.24188
1.40413
1.40054
1.255
1.82947
4.07944
3.84005
0.246238
7.09792
3.81454
0.585266
1.36717
0.536438
0.311227
1.51199
0.25905
3.89983
0.71097
0.332342
0.701234
0.822244
1.37714
0.36659
0.985316
0.535252
0.741556
1.9733
0.192735
2.54067
1.14156
1.21388
0.278301
0.585953
0.378807
3.53758
0.328088
0.833769
0.255636
0.729236
0.505232
0.199498
1.81031
0.109278
0.215735
0.584662
1.49656
0.591068
0.517663
0.0687019
2.4697
0.637615
0.545083
0.719345
0.818081
0.190012
1.61817
0.540213
0.373387
0.95205
1.88252
0.661652
0.394303
0.297727
1.57213
1.92175
1.72494
0.668591
0.522516
1.45288
1.35138
2.83909
0.293077
0.342744
0.889324
1.18419
0.331047
3.89713
0.477312
0.652447
0.925611
0.499857
1.19064
0.313
0.551371
3.03901
0.378902
0.265492
0.336066
0.754037
0.731281
1.67573
0.617745
0.508947
0.49694
0.493043
0.438605
0.681387
1.5569
5.52248
1.02612
2.17172
0.441303
1.01435
0.631675
1.13587
1.57765
1.01908
0.441693
0.669411
3.40597
0.647976
0.609768
0.551709
0.791049
1.95238
0.387361
0.277674
1.24808
1.9716
2.64905
0.608035
0.879812
6.30682
1.12524
0.768341
1.21313
0.381261
0.711931
0.353805
1.34055
1.82959
0.803173
0.380367
0.0962021
2.41245
0.63923
0.954539
0.523271
4.5286
0.811973
1.02884
0.704184
0.827793
5.29427
0.393129
0.332309
0.92255
2.31174
0.463415
1.93723
2.35672
1.08578
0.215178
1.1201
1.09906
0.637334
0.425965
0.306453
4.81516
0.537352
0.521361
0.189289
1.11567
1.52515
3.66732
0.330287
1.68273
0.577724
1.14761
0.967384
0.971851
0.821625
1.36948
0.111637
3.29978
0.813466
0.560061
0.410101
1.65141
0.168974
0.398369
0.122628
1.58803
1.35793
0.232153
3.74771
0.439189
0.60439
1.55921
0.692384
1.36223
0.765997
5.54126
0.649111
0.507401
2.17726
0.245805
1.09915
2.1206
1.62182
0.238853
2.8469
0.141456
0.962381
6.65251
2.53738
1.86298
4.95118
0.498725
4.58653
0.819095
7.89992
4.31767
0.540173
0.726829
8.13038
0.463636
0.152565
0.311239
0.434593
1.29512
0.812771
2.16116
5.50272
1.58584
3.01931
0.654014
0.6751
0.231685
2.57059
1.14107
1.21945
0.756295
0.637397
1.0831
1.7775
0.426485
0.62235
3.50464
1.61539
1.40183
1.39311
7.11222
4.87954
0.414864
0.823159
1.49959
0.346629
0.334932
0.507869
1.66732
0.210624
0.107363
1.09974
0.293672
0.242732
0.544993
0.7709
5.91785
0.417504
2.22135
0.382303
0.579536
0.636041
0.132864
0.524159
1.96567
4.3579
3.0663
0.401865
0.503976
0.214772
0.597678
0.512025
3.06213
0.290224
0.85976
7.20152
0.13852
0.530363
0.86992
0.38191
0.426314
0.45963
0.554047
0.961806
0.301299
0.428117
0.336921
0.502982
2.11759
0.802368
0.752818
1.02361
1.82733
0.341271
0.38596
0.578836
1.7326
2.26656
0.906877
0.515135
0.365008
0.870053
0.6945
23.1507
0.346706
0.124487
1.07516
1.72045
0.241863
2.90898
0.254089
0.953979
0.333078
0.108828
0.681162
5.49792
4.90856
0.471382
0.618505
1.81896
0.21195
0.791063
0.293991
0.81516
1.51859
1.04389
2.07913
2.28342
0.335639
1.99231
0.419539
0.203867
0.350952
5.67788
1.77098
0.696043
4.66348
2.34919
0.695788
1.0362
0.429285
2.40393
1.2587
0.729629
0.197152
0.761609
0.275686
2.46771
0.37978
1.69155
0.560249
1.24078
0.508813
1.14374
0.327459
0.706981
0.581489
0.336766
0.476994
2.42185
4.02798
0.28346
1.70211
0.482004
1.35416
0.871558
1.93039
0.517982
0.504437
0.745708
0.622622
1.02202
0.334904
0.253174
0.7485
0.264842
0.483961
0.130704
3.75276
0.350407
0.308528
1.08501
0.960352
2.61432
2.23401
0.321799
11.2729
0.203814
1.34775
1.23552
0.377265
1.39978
0.294799
0.440378
0.360965
0.610706
0.6794
0.527009
0.153353
0.530423
0.660943
1.22576
0.632174
1.82498
0.16291
1.32024
0.365577
11.5671
0.356842
0.516168
0.476036
0.328676
2.06429
0.750373
1.05182
0.643572
1.70796
1.33993
3.14883
1.06965
1.64137
0.11836
0.415256
0.81105
0.76918
1.5114
4.03478
5.56454
0.563024
0.591763
1.07747
1.32073
0.808549
0.130002
0.444442
0.795858
0.457595
2.17906
0.836062
3.04364
1.41603
2.52481
1.1021
0.304013
1.25179
0.433656
0.184885
1.71847
0.324402
0.847393
0.335378
1.22477
0.407634
0.682111
1.73057
3.50931
0.418429
5.47968
5.84158
0.480311
0.611906
0.816419
0.912746
0.580121
1.31651
0.338561
0.31592
1.53519
2.55228
0.556036
0.825192
4.41009
0.867377
1.02726
0.64398
0.357455
1.30265
0.508584
0.844432
3.97507
2.7759
0.297789
5.92049
1.10608
0.918325
0.486145
1.83985
0.557599
5.45804
0.358667
0.207448
0.437888
0.20057
0.689701
0.346395
0.470656
0.32672
0.747049
1.52113
4.9856
0.277166
0.531183
0.542595
0.337669
0.175273
0.593669
0.374532
0.92835
1.48103
1.10832
1.147
4.26418
0.575094
0.784784
2.21306
0.640016
2.67969
0.201722
1.14179
0.19084
0.543163
3.05695
1.63649
2.33645
0.222545
6.26858
0.561365
0.483695
0.663035
1.98893
0.682222
0.624103
1.15396
0.697475
0.916341
0.876467
0.158575
0.414052
1.09004
0.938013
1.45712
0.426612
0.382318
1.80145
1.08554
0.614934
2.85255
0.554166
0.246641
0.371667
0.325109
0.515302
0.222948
0.282559
0.369936
2.40519
0.359028
0.629404
0.890916
0.846244
0.414953
0.683608
0.740817
1.00552
0.853986
1.49772
1.85921
0.173277
1.03348
0.82065
1.45509
0.315213
1.25269
1.48624
1.96351
0.605198
0.456298
0.655561
1.64826
3.71401
1.2974
0.657616
1.65801
1.13539
0.444543
0.65827
2.08768
0.32185
0.619339
0.382175
0.511919
0.584412
0.420425
0.291183
0.788884
2.80332
0.130297
0.35968
2.31862
0.41841
3.23273
0.363132
0.260085
0.273607
0.706878
0.272062
1.43577
1.46198
3.95458
0.341877
0.518097
0.404908
0.552002
1.2509
0.407674
0.635912
0.70763
0.331509
0.936306
1.59967
0.527579
0.329189
2.93217
1.52653
1.35592
1.12355
0.392476
0.204903
1.79038
0.305947
0.254833
0.772759
1.32643
0.836976
0.411091
2.39119
1.41434
3.28546
0.41938
0.787593
0.671517
1.18517
0.207496
0.476769
3.39069
1.00712
0.592305
1.36484
0.205478
1.49531
1.38397
3.89074
5.7807
0.813488
0.376829
0.595427
0.789184
1.17402
0.38268
0.182784
0.546905
1.0644
0.534271
0.707087
0.738645
0.285111
0.228576
0.48556
1.33105
1.10137
1.01467
0.60724
0.493326
0.28807
0.918723
1.213
1.64049
1.00023
0.734238
0.343651
1.45923
4.39321
0.638486
1.40186
0.521523
5.19481
1.34984
0.41817
2.59576
0.448386
0.819921
0.45576
0.661172
1.01542
0.480695
0.387686
0.676077
0.571224
0.57132
0.379844
0.712198
0.686442
1.42646
1.95957
4.76711
2.49176
0.423409
0.266561
0.757635
0.196591
2.63403
2.68846
0.550887
3.26674
8.08299
0.276945
0.74453
1.75046
1.94714
1.12536
0.474191
0.622124
1.41102
1.71571
0.754228
0.391584
0.490397
0.402151
0.422945
0.49381
1.50483
12.7948
0.484244
0.632107
1.36071
1.09282
0.609569
1.52723
0.211313
1.02169
1.32171
0.433649
0.899234
0.653608
0.705648
0.317383
0.985828
0.381111
2.36362
0.348841
0.963807
0.790251
0.659301
1.03159
0.690746
1.50626
0.61408
1.00963
0.920945
0.218239
2.06811
0.917651
1.03572
1.65095
2.08129
0.383213
0.318224
2.00567
0.561451
1.1059
1.68033
0.759637
0.684575
0.690238
1.22226
0.596068
0.44888
0.761559
0.862354
0.151298
0.582009
1.6207
1.3823
3.1642
0.470976
0.781798
7.24505
0.512931
1.18204
0.630655
0.212623
0.253241
0.91632
0.417937
0.507482
0.620909
0.274705
0.374565
0.239247
5.48827
0.555301
0.859066
1.69426
0.881636
2.00303
0.419078
0.863855
3.47606
0.745136
2.41945
0.503436
0.929062
0.472296
1.61699
1.00946
0.937592
0.371269
0.613989
0.546584
1.62273
0.913621
1.32796
1.26271
1.23089
1.38473
0.163252
0.265216
0.557092
3.08943
0.948942
0.437232
2.00327
0.520517
0.602949
0.206819
0.173496
0.424725
0.54646
1.37671
1.64547
0.228809
5.32985
0.91209
0.701047
0.273531
0.815878
1.76348
1.5707
0.994227
6.90594
1.4238
0.641686
1.08496
0.609632
0.533309
0.423802
0.681105
0.85356
0.883158
0.536969
0.924506
0.667428
2.23686
0.861876
1.04829
1.53799
1.01738
2.30453
0.145664
0.255265
2.2149
1.21549
1.20485
1.14789
5.29749
0.913627
0.247086
0.308952
2.31358
4.02535
0.799583
0.293359
0.580848
1.16402
2.56154
2.34467
0.450585
13.8798
1.01252
0.236299
1.65908
1.20719
1.78304
0.656646
0.335276
0.297995
0.140793
0.5676
0.805153
0.70778
0.27055
0.608977
0.431233
0.0918439
1.68128
3.30411
0.802679
1.58786
0.658762
0.340747
0.659984
0.0840031
2.55357
0.674886
0.883947
0.782576
2.15132
2.81089
1.69661
1.95195
0.443352
0.8089
0.320729
5.14503
3.68207
0.505568
0.30603
0.582669
0.451504
0.248815
0.237767
0.369226
1.37984
0.213461
1.11968
1.03903
4.88054
4.54633
0.41207
0.512963
0.617114
0.396925
0.967607
1.6777
0.155908
0.375966
0.719688
0.355618
0.408189
0.958108
0.411084
0.373601
16.7745
1.01614
4.66645
0.38111
0.611659
3.6113
0.555191
0.42001
1.32288
4.32401
1.1202
0.744363
0.63456
0.827978
2.39255
0.161317
0.633861
0.343582
0.460777
0.810931
2.16484
0.331822
0.560603
0.429979
0.282874
1.0071
0.438141
0.264827
2.78601
0.330691
0.379357
2.50259
0.990658
0.622972
0.396904
0.758163
1.02642
0.305568
0.366754
0.273788
2.97871
0.349598
0.414186
4.34814
0.38071
0.867608
1.95027
0.821236
1.10645
0.301238
0.380463
0.33684
1.44188
0.675432
0.577589
0.70866
0.832797
0.666533
0.449656
0.769266
1.08983
0.693201
0.95474
1.75046
1.64844
1.3107
0.60408
0.869644
0.581935
0.84424
2.94609
22.6976
0.556285
1.34488
0.947701
0.347117
0.210483
1.8283
0.367626
0.877627
0.563513
7.60425
0.0441695
0.179154
1.52556
0.540287
0.627129
0.342705
1.79379
1.64433
0.396972
0.308845
0.358469
0.424152
1.31993
0.392266
1.55125
0.363214
3.20883
0.600284
0.0992386
0.499527
0.898829
1.24272
0.582296
0.971055
1.33691
4.92143
0.158285
1.45714
5.59894
0.209122
1.07779
0.147599
1.31618
0.627077
1.94702
0.435354
3.168
2.26602
3.99645
0.328823
0.608965
0.205826
0.171505
0.644606
1.28107
1.1131
6.44393
0.796178
0.335474
0.427947
0.701115
1.00237
0.463654
0.238603
0.271299
0.302243
0.46064
0.530625
0.118412
0.372051
1.84235
0.363441
0.458559
1.79105
0.210134
0.635782
0.571827
1.9111
0.864564
0.751229
0.840728
0.344508
2.25794
10.2165
3.00398
3.5255
0.0885254
0.284173
0.885151
1.23406
0.383706
0.264341
0.140668
1.20184
0.587972
0.551735
0.281206
0.757205
0.616871
0.675903
0.646391
5.04755
1.30791
0.641931
0.395398
3.59563
0.0636279
1.87501
0.376275
0.634974
2.53547
0.761463
2.10969
0.62752
0.811377
0.514714
1.70378
0.482557
1.95782
0.325458
0.828852
0.298022
0.244395
1.12105
4.04156
3.28932
0.62793
0.115325
0.317765
0.777686
0.524457
0.64993
1.35611
1.57209
2.28361
0.348094
0.860477
1.61205
1.02558
0.192355
0.47638
0.960964
2.44571
0.341064
0.274237
0.495478
0.290991
0.273165
1.87757
1.9284
0.498114
0.440678
0.336401
0.199194
0.502322
0.254719
0.180359
0.497875
0.589631
1.88305
4.06465
0.604619
0.724614
7.21338
0.444383
0.39682
3.53451
0.824217
0.32054
0.337277
0.813571
1.47231
0.500226
5.97897
0.47039
1.15601
0.442851
1.84517
4.02067
0.816961
0.500809
0.276009
1.59883
0.525528
1.02544
1.27885
1.94145
2.15053
1.44875
0.192918
3.42179
0.262139
1.58883
0.632351
0.872114
1.11479
0.635959
2.14913
0.32143
1.40818
0.250317
0.753396
0.351167
1.53446
1.48549
0.956063
0.899839
2.56293
0.282634
0.70102
0.389442
0.74046
0.338397
0.376115
2.97861
2.10512
0.490545
0.682609
0.816769
2.81573
1.90595
1.43319
0.405464
1.09712
0.469204
0.33804
0.641659
0.820882
2.43838
0.465039
0.292523
1.12284
1.86593
0.441428
10.9454
0.641755
2.58697
16.4129
0.942021
8.82663
0.485986
0.479827
0.352068
0.717463
1.31024
1.22442
0.15367
3.15367
1.48079
0.0797835
0.697057
1.20858
1.43596
0.262288
1.61942
0.730748
5.21772
0.624764
0.674722
1.69585
1.70385
2.06416
0.973576
0.709331
0.329596
1.11637
0.908118
0.991131
0.693101
0.972977
0.174401
1.27245
0.870295
4.6285
1.39646
1.73037
0.460387
2.54146
0.406422
0.788665
1.02033
1.49434
0.28527
0.99617
3.39237
0.267754
0.410387
0.441897
1.22776
2.88859
0.228478
0.625952
1.83826
0.903561
6.68087
0.0664957
1.01928
1.55949
0.625093
1.40661
1.60686
0.465618
0.721264
0.514856
0.580208
1.4551
0.730682
0.424144
0.439388
0.254634
0.521949
0.453126
1.98451
0.46519
0.327952
0.581958
1.90582
1.46378
1.19782
2.61949
0.0550215
0.126746
0.406447
1.36084
2.47874
0.367391
1.5154
1.41925
0.417503
0.912099
0.883849
0.344103
1.58673
0.407571
0.499324
0.802902
0.472326
0.500469
0.510622
0.818029
0.276313
3.98242
0.863648
0.416761
1.78675
0.080082
0.715083
0.830059
1.01672
0.66371
0.528368
1.65537
1.94163
0.569766
0.411017
0.936495
0.3704
0.368182
2.53163
5.69633
0.410013
0.966659
0.391391
3.39182
0.379145
12.3415
1.07953
1.87974
1.21726
0.520147
0.673798
0.19023
0.235117
1.37918
0.555354
0.227883
0.697613
1.02837
0.884225
0.174857
1.39854
3.41898
1.39621
0.236834
0.447202
4.89267
0.426648
0.389426
0.558725
0.888622
0.447046
0.321956
6.02681
1.56307
4.02219
6.40984
1.50544
0.150912
6.11999
1.95892
0.966168
0.512877
1.06792
0.494733
0.466184
2.22637
4.40854
1.07624
3.39859
2.0312
0.469294
1.21511
0.453309
7.10072
0.281359
0.54898
1.58798
0.462318
1.43537
1.42861
0.717321
0.427459
2.3958
4.77688
0.731953
0.605958
0.314614
0.635975
0.521954
4.61159
0.334912
0.511456
1.51458
3.76636
0.424361
0.883462
0.449678
7.57826
1.26228
0.505249
0.424623
2.99863
1.49871
0.204544
0.581075
13.1703
1.03753
0.536473
1.19749
1.61947
0.667304
0.281032
0.534998
0.707043
0.691207
0.663318
5.97681
0.998136
0.260205
0.25929
0.497053
0.279519
0.53473
0.157815
0.837219
0.222582
2.96213
0.353624
0.762166
0.36342
0.87095
1.93149
0.948274
0.696254
0.221428
0.257853
4.36626
0.405011
4.15788
0.43407
1.58016
3.16655
0.380321
4.14698
0.912963
4.80369
0.605548
2.07234
2.80443
1.68297
0.263547
0.85787
0.315429
0.510946
2.96246
0.92615
0.424557
0.212712
0.646095
0.813943
1.53277
0.261449
1.15455
0.357237
0.599961
0.660315
0.82217
0.6826
0.403741
0.347934
0.714246
0.296495
0.403241
6.72144
0.553949
0.110955
0.232471
2.88533
5.08892
3.27808
0.454067
0.268066
0.954698
0.890485
0.905867
1.10984
1.4691
3.26247
0.518656
0.247909
0.576599
0.182721
0.521873
1.77997
0.491492
0.696998
3.1028
0.461189
0.498726
2.32363
0.574247
2.40057
3.29832
0.791027
1.43033
5.67207
0.451622
0.763014
2.04009
0.952361
4.40903
0.499556
0.947531
1.06502
0.264793
0.886041
1.78752
3.063
1.60446
0.707732
2.33946
1.32647
1.34859
0.688861
0.34936
0.612761
4.47388
3.80211
0.365108
0.274789
0.495849
0.659086
3.13871
4.46266
1.36591
0.432048
1.46453
1.7895
0.361124
0.179483
0.819505
0.571716
1.10467
0.527311
0.786936
0.292604
0.775144
1.0329
6.10691
0.782893
5.32296
0.375718
0.1071
16.2417
0.916057
1.30788
7.38081
0.109354
0.473681
0.171392
1.3408
0.445118
0.317799
2.62747
0.429201
0.243818
0.753319
0.684464
0.0317836
0.369874
0.960787
0.55231
0.154221
1.12388
2.88993
0.399432
0.621744
0.114331
0.63428
0.716709
0.217992
1.36172
0.457206
2.04033
0.490218
1.23744
1.54926
0.924876
1.04677
1.60703
1.43418
0.473694
0.479659
0.330348
1.50282
0.281499
0.668917
1.34531
0.267615
0.531956
0.448293
1.04207
2.28113
0.421936
0.174289
1.20343
2.60568
1.34096
5.18843
0.444114
0.267815
3.59472
1.48773
3.57237
0.217855
0.276295
0.318576
0.555745
0.235855
1.96737
0.563846
0.737171
0.900304
1.94825
0.184696
1.64467
0.323922
0.792982
0.239647
0.845148
0.584052
0.590714
5.83364
0.551757
0.839253
0.311171
1.95261
0.868886
1.3738
0.477199
0.527108
0.236707
0.21764
1.08063
0.427279
1.17956
0.57728
4.71128
0.0755896
1.253
1.00629
0.467701
1.12012
1.8242
1.87335
0.379075
0.523343
0.410989
3.08583
0.522978
2.2508
0.149546
1.0822
1.09724
0.721332
0.977749
3.74601
0.661972
1.79957
0.228338
0.323137
0.878006
0.35523
0.543818
0.628492
1.75626
0.980909
2.57271
1.17182
0.559814
1.28417
1.11718
1.5932
0.31527
0.361394
1.15565
1.03373
0.628127
3.8231
1.93859
0.690999
1.41005
0.690179
1.41351
0.56712
3.44805
0.505696
2.75375
1.37132
1.51692
2.46109
1.67583
1.5453
2.33375
0.603271
1.31185
3.90273
0.429783
1.33732
0.460484
1.33941
0.290695
0.4839
0.512904
1.3037
1.05218
0.692255
0.191479
0.355556
4.65043
0.425589
0.515583
1.73912
0.194735
0.351429
0.463148
0.526887
0.667779
0.925525
0.531504
0.322972
4.95565
0.369636
0.409113
1.01746
1.80112
0.694645
0.798865
0.352274
0.782111
0.933821
0.396467
1.05416
3.82839
0.919363
0.430756
0.384316
1.51879
0.263764
0.991342
1.03948
0.843081
0.541574
1.7777
1.30629
0.563831
1.04542
0.77471
0.439294
1.518
0.551149
0.342465
0.727033
1.00389
0.294598
0.894217
0.410565
2.87502
0.57653
0.872229
0.351274
0.139061
2.73562
0.466122
3.62374
0.391345
0.903415
0.985159
0.646014
0.475533
0.593642
5.18605
0.44696
0.297838
2.77596
5.37013
1.10604
0.415458
0.463376
0.42126
1.36229
0.590258
1.23912
1.09376
0.910634
0.61454
1.61323
2.3491
1.35719
0.615602
0.401221
3.77772
0.528428
1.4739
3.78047
1.05773
0.83377
1.7552
0.182031
0.633052
0.403996
3.40255
0.489516
0.754201
1.05043
0.323121
1.48817
4.097
1.86953
0.54275
0.408134
0.328776
1.54862
0.694307
0.667327
1.71099
0.421836
4.89171
0.255917
0.795797
0.571249
0.249746
0.442292
1.50658
0.551428
0.740359
0.462043
2.55975
1.34795
0.539555
5.57261
1.44933
4.0027
3.23399
0.119556
0.643932
0.681229
0.243024
14.4342
0.492479
1.7392
0.690922
0.554754
0.780175
1.73827
2.8302
1.72906
1.10188
1.84385
2.22382
0.384563
2.39483
0.879426
0.29793
0.60751
0.106213
3.45395
0.491488
0.217201
1.29427
3.86369
4.8405
1.26636
2.21389
1.08024
1.51358
0.177726
2.12004
0.476904
0.36802
0.184069
0.785251
0.680401
0.29685
0.678021
2.86116
0.572657
0.695172
0.910413
0.902089
0.887578
0.487981
0.400713
2.54595
0.248158
0.961372
1.66543
0.389219
0.891537
0.316353
1.5715
3.08485
0.658765
0.497055
1.44868
0.274637
2.93216
3.9533
2.58226
2.07773
0.887037
4.40819
3.04152
1.41129
0.477034
3.01057
2.28966
0.427475
0.863137
0.551242
0.755788
1.41655
0.877778
0.789642
2.7116
1.02548
1.3468
1.94365
0.321217
0.176655
4.76218
3.12023
0.48811
0.261235
0.17057
0.840285
0.267885
0.542106
0.333958
0.886319
1.78846
7.7303
2.16379
0.438471
1.37781
0.835612
0.136717
0.375025
0.590976
0.160876
0.618965
0.594548
3.19071
0.61837
0.230161
0.718749
0.546034
0.874409
4.23266
0.342369
0.884488
1.79382
0.625765
0.518281
0.32767
1.26831
0.74596
0.568759
0.502924
2.79221
0.534435
15.5471
0.883013
1.08314
0.26969
1.81432
1.3302
0.554428
0.295333
0.471318
0.235427
2.59095
1.27406
0.207602
4.24841
0.6563
0.614652
0.392663
1.84065
1.39719
1.85085
1.69374
0.976678
1.38142
1.59602
0.200808
0.948625
4.60681
1.09355
0.124558
2.12283
0.990251
0.583936
5.87196
0.606403
1.43109
3.42759
0.909877
0.635029
3.72715
0.319529
1.39003
0.133202
0.387605
0.514425
0.662983
0.525871
7.27966
1.65092
4.0539
4.27494
0.547386
1.05809
0.787402
0.483876
0.873941
1.1792
2.15531
5.04454
1.45503
0.869867
7.31
0.389246
1.01505
1.38191
0.363274
0.553884
1.54346
0.900064
0.205199
0.473368
0.971026
2.98278
0.268759
0.583397
0.702781
0.483876
0.751188
0.819911
1.16897
8.18252
0.492402
0.661428
2.74868
1.13919
1.79164
1.17053
1.66369
1.08027
0.330321
0.136121
2.92365
1.52718
0.555726
0.76221
0.274924
0.253056
0.136139
0.481174
2.54941
0.596245
0.947821
2.05416
0.139758
0.790288
0.705246
1.91469
0.31823
1.84902
0.501559
0.482025
0.275761
0.94798
0.555243
0.854617
1.25744
1.35695
3.82797
3.92088
2.57039
0.798866
1.15689
0.789579
1.10932
0.578633
1.23665
2.68777
1.27086
1.57125
1.54077
1.35009
1.19223
1.52801
0.296292
0.437713
1.16261
0.227062
0.147547
1.87388
0.339803
1.47317
1.2164
0.0882332
1.14069
3.2839
0.588621
1.52515
3.43245
1.09844
0.359223
0.700471
2.56742
0.778741
0.855995
0.487528
0.845956
1.77649
1.08328
1.48485
0.386696
1.25738
1.06732
0.487549
0.905609
0.479584
1.41894
4.60783
2.42115
0.566802
0.657421
0.925628
7.38636
1.35753
8.44664
0.658531
4.26317
0.797564
0.439555
1.50598
1.0011
1.06401
0.991691
0.311336
0.198422
3.56726
0.0613029
0.138592
3.59835
3.45319
1.35254
0.537887
0.801489
3.18883
0.39461
0.514501
0.602969
1.47931
0.449606
0.508555
0.440195
1.12533
0.834182
0.51332
0.470925
0.15459
7.78387
0.61899
0.263262
1.48185
4.07676
0.328525
0.421249
0.415154
0.653421
2.45666
0.790944
1.80585
1.43484
1.02164
0.669061
0.142116
0.890326
0.163698
1.19253
0.831291
0.774025
0.586782
0.90973
1.02748
0.693264
1.33134
0.475327
0.521008
0.258805
0.352018
0.963296
0.955042
0.358242
0.29594
0.410234
5.58901
0.741647
0.539576
1.11613
4.02116
0.507342
0.312668
2.79616
0.429457
0.533952
0.299237
3.02149
0.807185
1.79312
0.524981
2.47505
2.15102
3.60306
0.599029
0.599909
1.45785
1.66254
0.964734
3.42537
2.07181
0.749151
1.04431
0.390058
0.244606
1.54848
1.01007
0.18898
0.600902
0.21218
0.398707
3.3007
0.152376
0.826257
0.291325
0.533732
1.76183
0.380837
1.74369
1.40534
0.46203
0.228549
0.645818
1.29428
0.229449
3.02182
0.677242
0.598784
1.37175
0.966416
0.795055
1.26065
1.17965
1.36655
1.12711
0.0930279
5.11812
0.571792
0.387869
0.333705
3.36316
1.17435
0.770562
0.416426
0.248371
1.23645
0.13528
1.11773
0.851578
0.717698
0.895042
0.668435
0.600278
0.373184
0.687326
4.37531
0.370293
0.169535
0.785694
3.05542
1.28777
1.49385
0.350103
0.387267
4.33809
0.952566
0.310968
0.800488
1.28932
1.28912
1.86074
6.01006
0.438587
0.353502
0.215653
2.07541
0.53779
2.63556
0.146964
0.854867
0.843441
0.339391
0.520292
1.40368
0.481242
0.765774
0.75953
0.240008
0.877546
2.28135
0.412449
1.96659
0.105341
1.17485
2.97659
0.295
0.101425
3.27248
0.899453
0.36841
1.05997
2.34165
0.432291
0.487282
1.82242
0.427427
2.00197
0.369083
1.0557
0.187644
2.16898
0.533659
0.398398
1.25115
1.20618
0.567357
5.80245
0.78797
1.62128
1.09442
0.234299
0.416609
7.75343
2.80771
0.342082
1.11627
1.18288
1.77328
0.240087
0.342444
0.44501
0.430933
0.699687
1.16871
0.400925
0.500647
0.154847
0.360371
1.05082
1.75747
1.64193
3.13852
0.153875
1.76586
3.11525
1.00262
5.25114
0.957726
1.43703
0.632418
1.93368
0.441368
0.182196
0.902825
0.184111
2.03827
2.29757
0.356757
0.680688
1.10654
1.08716
0.833308
1.73943
1.23452
0.338799
0.663857
11.7354
0.248839
4.72746
1.60985
1.18659
1.14678
0.834997
0.197629
0.437375
5.23592
1.92506
1.35899
0.701459
1.05489
1.01169
0.972763
1.29105
0.264226
0.65604
0.80309
0.191685
3.92599
0.183535
0.342762
1.93332
0.465127
0.364421
0.362237
0.846246
0.450458
0.787008
0.481433
1.94383
0.40042
2.86823
0.33543
0.469188
0.598602
0.89754
0.744905
0.500719
0.55994
1.20603
1.1709
5.18779
1.86228
0.811439
0.442038
0.715813
0.164429
0.203479
2.16312
0.878815
0.722431
0.367571
0.34401
1.1005
0.228673
0.2783
0.618137
1.3591
0.22936
0.660862
1.41432
0.747358
1.12151
0.971962
2.03177
0.784598
0.645367
0.695789
0.60913
1.61617
4.66473
1.51127
0.521861
0.0992229
5.96766
0.566794
1.06116
2.60746
0.397493
0.418201
0.262352
1.48858
0.416004
3.24514
2.47674
0.24484
0.277186
0.454584
1.30402
0.474991
0.682489
0.856126
1.05422
0.559014
0.175097
0.690418
1.07001
0.786371
5.5651
2.78716
4.87442
1.06514
0.757056
6.19003
2.97592
1.25811
0.359781
1.67701
1.96821
0.344381
0.13669
0.854863
0.62952
1.36939
1.6444
0.378726
1.552
0.445714
0.601425
0.340443
2.10795
0.914362
0.467495
1.81074
0.562281
1.12895
0.86374
1.95743
0.0816548
0.370607
0.521321
4.40655
0.456166
0.575665
0.757343
1.16112
0.733263
1.06468
0.296407
1.61138
0.254917
1.02734
0.744231
1.00178
0.443449
0.158658
0.550337
0.553659
0.880668
1.44463
3.18916
0.470008
2.08312
0.644947
1.31014
0.334529
0.817626
1.62948
0.761953
0.522341
1.71941
0.671178
0.108495
0.620112
0.448483
3.62766
0.900984
0.544977
0.201278
0.728628
0.561211
1.98591
0.407942
0.286175
0.966353
0.942993
0.561302
0.957637
0.828955
1.55103
0.257087
0.247039
0.179576
0.638285
0.403891
0.537254
0.174683
0.0754855
0.653366
0.73493
0.921818
1.29901
0.686277
0.370215
2.41064
0.226532
0.29455
2.20147
0.478228
0.696185
0.116242
0.310705
1.71196
0.474357
0.516402
0.38132
0.339342
4.97197
1.87356
0.96746
0.634906
0.465352
2.23699
1.67539
1.04255
1.24727
1.74423
0.337566
0.157671
0.783414
11.0426
0.363408
4.91188
0.436693
0.75861
0.866888
0.554919
0.399849
1.81379
0.522387
1.02193
1.96492
1.88301
0.623968
0.358426
0.786479
0.163059
1.64282
1.43726
0.631541
1.3596
3.42131
3.65167
1.32434
2.00286
0.535962
0.39648
0.588268
0.250404
0.58744
0.682854
1.41541
4.39402
0.327067
0.367864
0.267493
0.41829
0.336787
4.77612
1.01276
2.73333
1.26295
0.345847
0.545122
0.621058
2.52548
0.461931
0.304018
1.78686
0.239214
0.363583
1.18873
0.28196
1.56894
1.99495
5.11415
1.69916
0.951599
0.418426
5.07401
1.03406
1.86389
5.1419
0.46585
0.880552
5.58266
0.664739
0.198868
1.03511
0.737531
2.03795
0.318767
7.49298
3.71989
3.40642
0.481819
1.2404
1.34381
1.86171
2.0388
2.54298
0.560785
0.913669
1.299
0.393591
0.35973
0.741724
1.51651
0.314099
0.271407
0.686111
0.675148
0.633369
0.67816
0.534497
0.641839
0.427517
0.358363
1.37156
1.90258
1.80001
0.556448
0.265931
1.61895
0.410458
0.430227
0.957557
2.95148
0.596548
0.692191
0.226831
3.52226
0.459844
0.264837
0.510709
0.72417
1.87586
6.37871
0.528347
0.213369
0.321308
0.572768
1.13515
0.324816
0.770747
0.43537
2.81119
0.886227
2.13356
0.247189
0.558263
0.277877
0.424724
1.23412
0.832562
0.384936
0.717664
0.278069
0.432884
0.305551
2.24351
1.85327
1.40268
3.8137
0.541629
1.22589
0.709585
0.492214
0.404931
0.186931
0.593539
3.36924
0.818859
0.49592
0.728867
1.35297
0.863007
0.901442
0.741419
0.351675
0.369084
0.617061
3.37754
2.09338
3.08999
1.2186
2.02562
4.54113
0.831488
1.70412
1.06447
0.85662
1.45427
1.14004
0.445614
1.52966
0.721008
1.39284
0.237662
0.623435
4.31111
0.537883
0.392169
0.200169
2.2794
0.457554
1.36019
0.725299
1.04231
1.72255
1.57058
1.38573
2.34535
0.925735
0.66617
0.328829
2.48715
1.21743
0.396054
1.22837
0.46791
1.01232
0.846259
0.844738
0.185243
1.64859
2.411
0.80219
0.521399
1.65191
0.530919
0.386571
1.17097
1.98172
1.97837
0.810669
4.27576
2.49068
0.74926
5.68897
2.32453
0.379991
0.51093
1.42164
0.418985
0.601491
1.56992
1.22377
0.318134
1.26859
1.8457
0.590186
0.447948
4.05971
0.157283
4.29892
0.560388
5.52471
0.830828
2.93994
1.93609
2.95444
0.597713
1.35193
2.3389
0.549523
0.821551
0.194223
1.89191
0.593888
1.12739
0.407015
1.24059
0.503294
5.16202
0.604334
0.840771
0.239481
1.62756
1.64052
0.410147
0.452447
0.526405
0.279872
0.684265
2.23692
1.41107
3.14943
0.85878
1.94512
4.47078
2.09132
0.827427
2.262
2.36383
2.64824
1.471
0.305475
0.566597
0.708138
0.864837
0.918355
0.359604
0.425209
0.470069
0.679481
0.430596
0.0970777
1.61825
1.57821
0.78579
0.853762
0.919542
0.916663
0.32854
4.21637
0.55612
0.374517
0.538487
0.453161
0.48245
0.905301
4.14267
0.220859
0.572092
0.957805
1.73188
0.349274
0.311239
5.70812
0.818073
3.0541
1.73647
0.232322
0.304082
1.91809
2.63938
0.363516
0.733035
0.515707
0.510006
0.344128
0.147815
2.68996
0.306061
1.38975
0.523918
2.8124
0.135972
1.87897
0.0852047
0.363979
3.95637
1.535
2.19034
0.428479
1.16433
10.7771
0.414822
0.200713
0.190355
0.414387
1.20594
1.15459
1.35226
3.11406
1.37784
0.357883
3.69736
0.795976
0.232391
6.23816
1.23607
0.211421
1.19712
0.857454
0.753928
0.580157
0.268858
2.85141
4.97357
0.16999
4.04563
0.211657
0.52365
2.56577
0.768265
0.806063
0.666458
0.654821
0.48882
0.327086
0.213649
2.06125
0.415551
0.84691
0.29706
5.36492
0.461929
0.693241
0.376413
0.966253
0.317198
0.817309
0.577731
1.50704
1.55713
0.524607
2.89183
2.00473
6.66956
0.397509
0.553818
0.413142
0.351798
1.57863
0.774641
5.49461
0.352869
1.33954
0.574501
1.02738
0.484362
1.04153
0.997691
0.625021
1.12417
1.0455
0.463266
2.21676
0.86345
1.80517
4.20223
0.973704
0.833391
0.372911
0.801494
0.509202
0.724486
0.790196
0.847196
0.213072
4.31547
3.00416
1.30904
0.891013
1.99125
2.78169
1.56074
1.00975
3.68672
1.62557
1.44968
0.383606
1.13707
0.212801
0.319414
5.24331
0.492688
0.580128
2.15367
0.495534
1.43275
2.39505
1.11871
0.771198
0.512313
1.05667
1.40136
1.35132
2.18434
1.14338
0.464335
0.239045
1.69056
0.503341
1.24664
0.233519
0.710565
1.49947
0.422208
0.28045
1.64822
1.61401
0.270615
1.14683
2.29837
1.45937
2.85219
0.440872
0.645833
2.48305
0.906923
0.432157
0.381354
0.147665
0.506871
0.703291
0.218916
0.816744
1.44227
0.505355
0.300252
6.9851
0.825182
0.138306
1.20096
1.26281
0.529494
3.15659
0.551431
0.599733
1.5875
1.18996
1.39228
0.501045
0.257593
0.0759618
0.450601
0.289948
1.85154
3.25472
1.03553
0.801353
0.234871
1.12169
0.539394
0.659849
0.307297
1.91667
0.348564
2.51722
1.18276
0.385065
0.749072
0.682119
4.43452
0.128567
0.629504
5.12087
0.891999
0.284112
1.04823
1.15173
0.629114
0.944924
0.20378
0.329924
2.13253
0.25642
1.55632
0.555926
1.80662
0.726953
0.225358
0.350954
1.2203
0.642793
0.972245
0.461432
3.72418
0.504458
1.02911
0.614079
0.297652
0.230752
0.699494
2.06518
0.782157
2.09942
0.77645
3.50676
2.0254
2.34067
0.418422
1.56775
1.60289
1.21807
0.396385
1.83156
0.0961892
3.07965
0.486944
5.08055
0.207113
0.113953
0.926911
0.726164
0.674736
0.679968
0.811617
1.72836
0.899716
0.772022
1.41317
1.27179
1.43288
0.251845
1.08145
2.5028
0.248985
0.132745
0.883611
0.965158
0.383301
4.11835
0.866374
0.602734
1.67738
0.923085
3.52661
0.83203
0.246851
0.852422
0.459183
1.28379
0.856231
0.515413
6.65835
1.31608
0.916393
0.389664
1.02258
0.48532
0.445569
0.597449
0.966375
0.297312
3.59586
3.33286
0.835546
1.36196
0.779197
3.53331
0.434932
0.462922
0.82217
1.08654
1.15702
0.346922
0.346973
2.91591
1.76414
1.01302
0.300729
0.560494
0.463842
0.259099
2.17288
10.841
1.41249
1.3152
0.788285
0.330272
0.890372
0.476423
0.242187
2.36129
0.36172
0.351748
0.745433
0.598767
0.7579
0.288539
0.53254
0.256946
0.276489
0.801825
0.946288
1.10541
0.37255
4.28882
0.482045
0.309795
0.934323
0.454023
0.89818
0.98205
0.480286
0.636003
0.187774
0.859173
0.607803
0.487843
0.391563
0.948977
0.500097
1.12998
0.653208
0.757231
4.60474
1.0867
0.46602
0.778004
0.548618
0.393647
1.77186
0.370549
0.490912
0.829795
0.370345
0.539464
1.63033
1.63725
0.520229
0.36414
1.94752
1.25805
0.379261
0.914878
3.26806
0.408435
3.59245
1.08798
0.618843
0.876767
1.43385
0.348826
0.430505
0.245384
0.422754
0.573237
1.11489
0.600756
0.829899
0.438906
1.88111
0.924649
0.867993
3.31511
0.242338
0.191551
0.425145
0.18984
0.566877
0.450212
0.641605
1.66836
0.986279
0.60542
0.690689
1.36292
0.483817
1.26085
0.180803
1.85304
5.44836
0.787236
0.318712
3.31586
1.12165
5.49924
3.07536
3.5516
0.28086
2.06282
2.80053
0.626275
1.00534
0.345173
0.498485
0.356971
1.4261
0.209907
0.701576
1.16578
0.943123
4.99973
0.292217
0.632573
4.84065
1.46083
0.271764
2.98816
7.82379
0.441917
2.99445
3.34426
4.45722
0.135005
0.325028
2.50499
1.78697
0.961647
0.284135
0.491029
0.474329
0.0629874
3.27461
1.85676
0.171733
4.37823
1.93047
0.659767
0.639737
1.92357
1.12882
0.15003
0.234317
3.40473
0.241557
2.43656
0.81772
1.29585
1.52517
0.719527
0.260338
1.34109
5.78824
1.71519
0.588408
1.20273
0.279732
1.28445
0.207985
1.77617
1.57102
0.238079
0.25168
3.87094
0.425678
0.693918
0.931668
0.38136
0.517935
1.58021
0.443066
0.752041
0.836298
3.06249
2.14483
0.512063
3.77458
1.79297
4.23125
0.514594
0.712195
1.4456
1.14854
1.50131
2.59772
0.908562
0.488713
0.953071
1.16124
0.332179
0.400333
1.29412
5.36997
0.30568
3.69135
0.502936
1.59061
1.06132
1.44694
0.451777
2.60326
3.09662
1.8435
1.11619
0.689272
0.220024
1.39939
0.517836
0.260549
1.43403
0.359477
0.729073
1.04201
0.598
0.56072
0.996952
0.451604
0.844294
4.57459
0.181254
0.888954
3.04163
0.303432
1.15903
0.439999
0.226058
2.76742
0.664689
0.346931
0.382468
0.796748
0.263479
0.750115
3.40583
0.264093
0.143655
0.350179
0.699165
0.169619
0.586298
0.188585
1.98477
1.63514
0.316516
1.51774
0.46734
0.706812
1.11933
0.802487
0.317105
0.621185
0.750348
0.532229
0.624987
1.34735
3.7312
1.82694
0.607104
1.24864
0.979136
0.369608
0.907445
0.202031
0.677494
0.776827
3.19957
3.63827
6.72383
1.14259
0.722191
1.6903
0.479206
0.652775
0.876268
0.108128
0.575975
0.250347
0.352647
2.68861
5.29188
3.23617
0.956051
0.379485
1.35492
0.360282
1.37598
0.469196
3.96336
0.934361
0.457321
1.944
0.226074
0.834715
1.50359
3.84735
1.13733
0.793951
0.344634
3.51257
0.453477
0.59169
1.05747
1.94745
1.51084
1.06208
1.11745
0.463712
2.14892
1.62091
0.661505
0.35493
0.242554
0.446731
0.825721
1.2359
1.87633
1.03647
3.85939
0.241731
0.305368
0.260274
0.642267
0.87432
0.797292
1.95907
0.354415
0.137377
0.353121
0.1908
2.35289
6.24938
0.857399
0.137491
0.463716
0.585875
0.463533
0.335797
0.207532
0.38328
0.599182
1.2869
0.4012
4.36263
0.655213
0.504449
0.322278
1.90439
0.774612
1.40928
0.90991
0.234757
0.262378
0.614337
0.229755
0.552724
3.83845
1.1911
0.346905
0.375964
2.24406
0.835971
1.48321
0.741663
0.64631
0.671551
1.10241
0.677303
1.621
2.82926
0.1304
0.789606
0.843946
0.23742
0.225334
0.415553
0.750981
0.664916
1.41145
0.17261
0.426389
1.67771
2.23583
1.59178
0.482798
0.45049
1.66825
1.05195
1.01326
4.31958
0.476243
0.244347
0.411827
3.45671
0.266775
0.701321
0.909055
0.597523
0.595439
0.491522
1.27416
1.90438
2.01457
0.326627
0.330697
0.684028
0.394803
0.424315
0.853692
0.591202
1.36472
0.441053
0.233304
5.86747
0.397041
4.92314
1.47496
2.19281
0.94853
0.463302
0.513584
0.703136
0.571053
0.409814
0.353311
0.0960509
1.00662
0.488675
0.647772
1.34713
0.118912
1.91364
0.45004
1.8625
2.05052
0.908646
1.15358
2.52873
0.227
1.69949
0.776546
4.41285
0.308923
0.247544
0.516881
5.0816
3.14553
0.765462
0.239263
0.719781
1.5214
3.13684
4.52341
0.388581
1.09022
1.41568
4.74659
0.292023
0.1436
0.263142
1.26611
0.197036
0.683276
1.66364
0.474985
0.769442
3.08875
0.317445
12.1927
1.579
13.8997
0.707842
0.334319
0.129997
1.65556
0.4619
0.653096
2.88057
0.544192
1.60122
0.663377
1.63932
0.287297
0.753431
0.453709
0.42438
0.912593
8.32325
0.489165
2.65654
0.808789
1.71147
0.0814447
1.39172
1.41914
1.23547
0.528993
4.88628
0.870135
0.382268
0.462972
0.207111
0.402807
0.45802
0.888791
0.398457
0.459088
0.194106
1.55787
0.194784
0.539091
0.391038
3.57482
1.57126
0.301103
0.863422
1.91664
1.1028
1.57345
1.34675
0.437104
1.75122
0.986766
0.763076
0.541887
0.393103
0.633925
0.566329
1.3844
1.07791
0.658258
0.281602
0.0767386
0.317613
0.532449
0.797978
0.554107
5.36363
1.47312
1.65652
0.488336
0.624935
0.369811
1.35042
1.85622
1.0545
0.658558
4.48694
2.46547
1.9356
0.311886
2.67105
1.48532
0.320849
1.40664
3.42781
0.410705
0.308931
0.959125
0.738287
0.437931
3.81227
0.474688
0.803173
0.592681
2.13825
0.650953
0.464493
0.262345
0.206134
1.18908
1.01397
1.11209
0.998709
0.725598
0.955473
0.300163
0.727867
0.425849
0.817111
1.10439
0.341548
2.84423
0.767893
0.478497
3.8946
0.943664
1.59111
0.530104
0.327284
0.718437
0.604028
0.685871
1.52131
2.98361
0.797888
0.405585
0.173091
5.78166
0.870628
0.437815
2.6228
2.52413
0.834104
0.170304
4.36543
0.280991
0.708669
1.93932
0.393221
0.899788
0.343592
0.454822
4.65835
1.6023
0.366295
0.762734
0.620814
0.779602
0.980376
1.20516
0.6169
0.526191
0.378295
2.95106
4.87666
0.219946
0.325114
2.26902
0.342922
0.434547
0.74704
0.22638
0.365363
0.409984
0.244126
0.495244
3.56239
0.264961
0.674434
1.41993
0.810027
0.649822
5.10414
1.75678
1.58803
2.05102
1.71939
3.11959
5.52279
0.108871
0.17429
0.59829
0.308886
0.814302
0.704233
0.346839
1.31719
0.476647
0.198172
0.442071
0.333707
1.23963
0.628524
1.99589
0.568835
1.15511
0.0969919
1.12243
1.51246
0.880854
5.61814
0.485802
0.808577
0.63579
0.417115
0.356161
0.74468
0.379532
0.252749
0.128318
1.58236
0.265261
0.250339
1.0646
1.02405
1.51164
0.812437
1.64681
1.33713
0.395083
0.453177
2.04598
1.22543
0.497451
0.555125
0.88956
0.19765
1.4911
0.808304
0.508796
0.186348
0.722176
0.279989
0.912423
0.539581
0.253854
2.19332
1.04173
2.86124
7.813
0.577093
1.29098
0.472737
1.44165
0.195277
0.42538
1.57322
2.12824
1.05056
0.233337
0.848493
1.19084
0.189686
0.950919
0.520991
0.779228
0.554504
0.408561
0.272501
0.482189
0.160434
1.91371
0.363812
1.07668
0.599016
0.267853
0.784407
0.928701
1.26848
0.850563
1.70951
1.0908
0.536733
0.802565
0.536434
0.41317
1.52316
1.05086
0.474938
3.08019
1.64468
0.510981
0.307369
2.56993
0.933668
0.439891
0.169706
0.380877
1.28541
0.329585
6.61504
1.41156
3.47259
0.157111
0.281347
0.520019
0.685113
4.06554
1.05378
1.24973
4.83023
0.603837
1.55786
0.91174
2.54687
0.751633
0.355084
1.08349
0.357785
2.15647
0.617948
0.724572
2.02776
0.475413
0.942734
1.58612
0.665227
1.19173
0.555467
1.0071
0.487159
1.83512
0.279119
0.974658
0.281154
0.305815
1.52361
1.47812
0.543834
0.721512
0.649443
0.448718
3.59045
2.16117
1.67562
0.651153
0.757945
0.465799
0.289153
0.646251
1.25036
2.80461
0.439595
0.483338
1.07545
1.25626
3.59301
1.56859
1.66291
1.24449
1.59111
0.298874
0.398151
0.780657
0.853854
0.392435
6.61168
1.50444
1.35989
0.177144
0.613839
0.361816
0.150343
1.10266
2.05675
1.70031
0.294828
0.559984
2.19861
0.130968
0.364934
0.579391
0.600986
1.95433
0.334375
0.701849
1.07488
0.925847
1.7886
0.583918
1.5648
0.526423
1.19994
0.182799
0.38687
0.3833
0.593649
2.10804
1.19865
0.381501
1.47189
0.610772
0.526332
1.06065
1.86613
3.23042
0.354822
0.294155
0.53925
0.19654
0.100735
1.68307
2.36372
0.594309
0.270928
0.516783
1.36693
0.663808
0.588446
1.00784
0.213941
1.49506
1.92354
0.0922811
0.177986
1.6526
1.25316
0.48852
1.5169
0.509348
0.650539
0.296825
0.886313
0.538476
0.324653
3.71252
0.637767
6.97456
0.203194
0.550155
0.809484
2.30583
1.94125
1.53494
3.24382
0.927162
0.6105
6.24038
1.00906
1.70921
0.709576
1.19476
0.352378
1.34111
0.346346
0.340288
3.17607
0.524037
0.3177
1.57292
1.55213
0.175204
3.02267
3.49731
3.17284
1.69664
0.484278
0.58701
5.94777
0.296439
3.79857
1.04438
1.91469
1.51004
0.284894
0.382816
1.15429
1.6368
0.0825227
0.520475
1.56319
0.923195
0.273
0.117531
0.649441
0.529076
0.49565
0.461258
1.272
0.420855
0.203412
1.89016
0.671431
0.578466
0.3995
1.45999
0.300273
0.867349
0.754051
0.339773
3.61418
1.1913
0.584554
5.59206
0.756456
0.826729
4.48209
1.53271
0.339494
2.08495
0.808144
0.692657
0.0680803
1.74429
3.982
0.939153
3.17841
1.54063
0.287264
1.12949
0.445355
0.261949
2.6286
1.22015
0.426179
0.371669
1.49651
0.396424
0.628011
1.77924
1.28475
0.897156
0.603174
0.57878
0.464717
1.06342
0.24455
1.19542
1.56467
0.326012
0.791062
1.3731
0.231545
1.24694
0.600834
3.33066
4.09954
4.14055
0.489537
0.269481
4.38661
4.08388
1.33176
0.292283
1.11022
0.828977
0.596115
9.34767
0.234853
1.00131
1.94842
0.285514
4.56346
0.361542
1.30881
4.4142
0.489494
0.443519
1.45852
0.408285
0.564374
0.369113
0.973709
1.49077
0.529309
0.549472
0.221651
0.285703
1.69105
1.66092
1.31099
0.631882
0.431255
0.773091
0.904709
0.356999
0.381234
0.975989
1.09269
0.781249
0.760619
1.51408
2.96759
0.570216
1.19363
0.714138
0.588537
0.242384
0.366737
0.828752
0.384543
1.50371
1.16315
1.01803
0.124806
0.701418
1.40904
0.474789
0.568901
1.9645
1.53811
0.413762
0.516179
2.13054
1.71123
0.354018
0.912414
0.740544
0.685301
0.462803
0.287133
0.321467
1.53803
0.930483
4.83796
0.603941
4.81726
1.25202
0.50278
0.518702
1.26094
2.98102
1.64935
0.546319
1.51964
0.596721
1.96404
0.555357
1.86657
1.89124
0.095845
3.05307
0.896975
0.264478
0.307847
1.98883
1.11187
0.190142
0.153691
1.04417
0.748874
0.689943
0.421854
0.708773
0.663784
0.394044
0.562399
0.398243
1.40842
5.04767
1.0128
0.754508
0.61646
3.53334
0.523703
0.319637
0.388068
0.583314
3.24929
0.151677
5.99054
3.83643
1.48265
1.92557
0.888585
3.83624
0.361467
0.598175
0.58406
0.543388
0.978075
0.494668
0.520554
1.62033
0.43369
0.534296
0.159542
1.50245
0.422719
1.59555
0.132266
1.4616
0.35594
0.384924
0.203652
1.36067
1.28142
1.10273
0.607663
0.353309
0.834559
0.556831
1.02435
0.502322
1.3066
0.973977
0.395059
2.40969
2.14329
0.504699
5.42362
1.80306
0.626333
0.609873
1.24191
0.166038
0.672039
0.604688
0.154851
3.24055
2.86297
1.2799
0.671838
0.174461
0.451702
1.23082
10.3436
0.0785366
2.30025
1.06963
1.34317
1.89147
5.46617
0.435787
0.383063
5.83019
0.689384
1.9286
2.82857
3.94058
0.722008
1.01198
0.403361
0.419281
0.571265
0.358828
1.77016
0.297534
0.301046
1.00283
2.00353
0.593723
1.93514
0.51851
1.56384
0.148314
0.621696
0.536609
0.340491
0.350545
1.62339
4.29217
5.04351
0.380133
1.72536
0.391907
0.806352
0.132804
0.357512
0.865067
2.9839
1.93623
0.668224
0.25302
1.07543
0.427453
0.438956
1.17967
0.510682
0.62168
0.516286
3.0574
0.639521
16.0886
1.87887
0.958097
0.189108
5.11569
0.677347
1.35619
0.455243
0.786346
0.489789
1.642
0.32858
0.949903
0.52629
4.86244
1.19564
1.48571
1.73229
0.522799
0.391514
0.736329
3.39139
0.513241
0.404246
0.164394
1.29385
0.828439
0.512808
0.755447
0.915453
0.823241
0.826196
1.85048
1.56189
0.443795
1.40076
2.31916
0.596675
0.403587
1.48744
0.442611
0.323577
6.09258
0.795693
0.897341
0.438797
0.584408
0.809856
1.67637
0.396863
1.18152
2.63874
1.96207
1.08231
0.501891
0.3171
0.749086
1.0046
0.755588
1.06563
1.50353
0.52518
0.272731
0.282993
1.21224
0.692056
3.10224
1.62992
3.20667
0.596769
0.711811
0.237619
0.493126
0.730325
3.27402
0.531131
0.362802
1.87059
0.537965
3.99432
1.0029
0.521504
2.06178
1.53435
1.34485
1.63193
0.228955
0.624
0.425714
0.977381
0.633316
0.49317
0.276219
0.531063
0.390091
0.934732
0.947321
1.13462
3.70003
0.42147
0.556548
2.57799
1.08572
3.52385
0.426392
0.632943
0.112098
1.21186
0.219642
1.08833
1.33563
0.62329
0.715211
0.468731
0.233945
0.957706
6.04113
2.95317
1.45951
2.78442
0.256717
0.295021
2.55773
1.43374
0.507931
0.368951
1.37418
0.594217
0.656693
0.57005
0.503567
1.27258
0.181432
4.12123
0.565911
0.431712
3.64213
1.21364
1.04707
0.278455
0.549797
1.30522
0.519222
0.576409
0.190967
1.24401
0.390766
0.917123
3.08334
0.668851
0.873744
4.1108
0.470511
0.428929
2.81136
1.91049
0.279567
1.42384
0.282235
0.315117
0.625026
0.956476
1.00312
0.123459
0.923309
0.475485
0.466035
1.84352
0.867076
3.79333
0.409672
1.30305
0.333691
0.979193
2.25759
0.496908
1.62127
1.03583
0.39943
0.755032
3.35252
1.33422
0.457796
1.18392
0.697026
0.279123
0.844542
0.326639
0.487168
0.987574
6.7533
0.632238
0.918167
0.920125
0.711781
1.65998
1.40936
0.12803
1.10124
1.93015
1.68884
0.274226
1.25812
1.48118
0.40536
0.598432
0.445774
1.67725
0.617614
5.17068
7.04273
1.38031
1.35318
1.39612
0.422196
0.372283
3.51629
0.458326
0.294036
0.452358
0.686062
1.09395
1.05625
0.154267
1.15263
5.60641
0.821772
0.266541
1.30664
1.90734
1.5169
0.570339
1.03477
0.480724
1.13527
1.32111
2.51778
2.85508
2.90607
3.04071
0.282429
0.82455
0.308242
1.34134
0.541918
0.670567
0.333726
0.932284
1.90896
0.766549
3.86496
0.681931
0.766813
0.428978
0.354808
0.627435
1.7055
0.717579
0.582292
0.662178
0.448468
0.48647
0.911137
15.5655
0.273738
0.401858
2.65524
2.02484
0.510707
0.638773
0.276653
0.207702
0.334126
1.89837
0.330535
0.440177
0.433509
0.677872
0.112984
0.676478
5.26574
0.442095
0.490729
3.08135
0.690437
3.7301
0.839369
0.895553
0.807743
0.449892
4.12689
1.19492
3.22184
1.90098
0.49611
0.52863
0.713752
0.744033
0.460798
1.22901
1.06111
0.609322
0.647408
0.942135
2.70272
0.116567
1.16248
1.85591
0.357856
1.56207
0.269258
0.364988
0.255458
1.23664
4.35689
0.2373
2.35442
3.67483
0.542968
0.603632
1.10242
1.22727
1.68149
0.386092
5.38162
1.1913
0.206087
1.52119
1.45679
0.34876
1.00029
0.539655
5.90086
0.454106
1.52434
1.22411
0.56562
1.55399
1.61164
0.318719
0.593036
0.474629
1.51913
1.0698
1.74107
0.543709
3.83861
0.497898
0.209307
1.97097
0.296612
1.74287
2.34137
0.639589
0.31335
0.818832
0.903996
1.2243
0.434919
2.66324
0.554531
0.597551
2.10396
0.359471
8.62297
0.505006
0.4561
2.44526
2.38103
0.40434
1.6859
0.577606
4.18289
1.65301
1.5758
4.165
1.62983
1.81832
3.11969
5.06032
0.814
0.978586
0.159268
0.22639
1.19065
0.206094
1.3584
0.992484
0.904628
1.37296
0.814905
0.258047
0.376884
1.20593
0.607552
1.4796
0.932085
0.540487
1.27641
2.73802
2.6799
3.79672
0.6068
1.431
0.324252
2.0281
0.561495
2.69311
1.10659
0.651957
0.883171
1.44192
0.321379
0.684001
4.47961
2.99646
0.257168
0.402867
0.935416
1.62129
1.71549
0.442103
0.689372
0.184198
3.23488
5.26608
7.61853
0.592969
0.804039
0.783337
0.209986
0.412344
2.65212
1.14961
1.41524
2.13005
0.781307
1.762
0.299375
0.986631
1.85626
0.789776
0.723299
0.340285
0.481797
0.600015
1.61744
14.6515
1.19352
1.02522
5.23078
16.7758
0.528474
0.294203
0.48246
0.855281
1.5321
0.512506
1.55834
7.01883
1.40496
1.8219
1.39889
0.463742
0.906379
3.51302
0.607617
0.982487
1.38213
1.03798
1.91068
4.55237
0.741386
2.36782
0.423961
0.95475
0.372118
0.862242
5.62099
0.0957702
0.831971
0.619141
0.650453
1.36167
1.38102
1.41601
1.73642
6.67509
0.790095
2.91579
0.769388
0.400298
0.788647
0.615882
0.707622
1.04583
1.49069
0.416291
1.19276
0.416507
1.53858
3.76457
0.442351
3.97074
0.726339
0.577328
0.315344
0.793889
2.18712
1.96325
0.0850088
0.559048
0.676583
0.994293
1.88355
1.25494
0.191755
0.630316
0.471908
0.641711
0.699949
0.353306
0.351427
0.258246
0.260567
0.727023
0.758378
0.435032
0.457212
0.799117
1.80276
0.254551
1.14872
0.294563
3.04476
1.12977
0.288761
0.190779
1.91624
0.583345
0.260333
0.494001
0.520415
0.703858
0.150824
0.849116
0.444654
0.277818
2.05269
1.90051
1.13507
2.90509
0.446882
2.46555
0.771874
0.495893
1.14514
1.7009
0.629894
0.998054
0.772853
0.144715
1.2648
2.05289
3.68913
1.40557
0.221691
1.08191
1.20017
1.29467
0.335962
0.765298
0.683704
1.80414
0.130332
0.481341
0.464189
0.126283
0.823868
0.240843
0.29464
0.188429
1.53423
0.167868
0.309854
0.488698
0.744989
0.495059
1.50835
0.579692
1.12338
1.94068
0.545153
0.527841
0.514
1.06717
1.58306
1.61719
0.719101
0.9767
0.302627
0.551098
0.993862
0.284802
0.73638
0.822652
0.362788
2.62047
3.11814
0.243203
1.53386
0.482867
0.25989
4.85713
0.527021
3.92184
0.196395
1.70617
0.53859
0.421405
2.83138
0.744075
0.708777
2.41859
1.03912
0.597176
0.144205
1.94256
0.600929
0.268338
0.362919
0.827246
0.376382
0.56508
4.85165
0.91154
4.42959
0.910096
2.8976
5.25622
0.334373
0.276343
0.206037
1.81843
0.885003
0.678888
1.88965
0.317228
1.61513
1.10318
0.112977
4.22292
0.316016
0.66886
0.10384
4.31134
1.9731
2.89441
3.17963
0.145621
0.861924
0.786036
6.0828
0.30722
0.754402
0.281395
0.907467
0.884527
0.567723
0.483958
0.560487
0.557815
0.881733
0.228717
1.95702
1.14285
1.01958
1.97439
0.587014
0.654821
0.523544
0.516974
0.730103
0.268859
0.493134
1.05331
1.8161
0.978762
1.08072
1.84241
0.564317
0.491457
0.135784
0.830753
0.371582
0.298286
0.801382
0.532658
1.65235
0.395482
0.498547
0.392841
0.634883
0.606724
0.514887
0.399015
1.44098
1.88155
0.454514
0.636617
0.243584
0.225693
0.26302
0.752363
0.310845
1.45908
2.1346
0.995883
0.65563
0.387638
1.25747
1.01392
0.332269
7.07863
1.16873
1.80776
1.76273
1.81381
0.58072
0.352193
0.177573
0.55568
0.143237
0.68749
0.92752
0.428793
0.257044
0.770667
0.345955
0.491775
0.428058
0.905968
3.48674
0.700366
0.198221
1.2193
0.845709
3.16669
1.0996
0.495345
0.363903
1.01296
0.417191
0.61655
0.492448
1.14837
0.664331
0.769342
0.315008
0.453466
3.22382
0.771163
1.83574
0.57727
0.432473
0.902697
0.901161
3.03586
0.204203
0.264625
0.705062
0.579378
0.964359
1.22556
0.266124
0.667106
3.71135
0.35362
0.698972
0.469396
4.15208
0.901341
0.566446
0.492791
0.498091
0.534371
3.39025
0.441205
10.0323
1.90409
0.495649
0.342504
5.88489
0.466862
0.203074
1.56603
0.170003
6.49792
1.08183
6.799
0.622108
2.26682
0.571607
0.550054
1.2408
0.572942
0.732343
1.0426
0.237738
0.140754
0.184311
4.71907
1.5614
3.08919
4.15928
0.249636
2.18275
0.206031
0.59211
2.67563
0.80302
1.69295
1.48356
0.87705
4.4774
1.00225
1.01047
0.567097
0.54961
1.105
0.462859
1.58521
0.344346
4.40513
0.354252
0.467911
3.776
0.485219
0.49533
1.3302
0.489703
3.20661
0.12464
0.191732
1.9812
0.771744
0.823836
1.37736
0.205248
1.54742
0.61972
0.384721
0.251635
0.738494
0.181074
1.53167
1.91864
0.410012
1.48159
3.16475
0.672217
5.78699
1.40047
1.66953
8.04373
0.163329
0.42134
0.695051
0.490568
0.197523
0.347208
1.66326
0.395077
1.43473
1.30914
5.08621
1.8445
0.598401
0.552012
0.663201
0.251548
0.705425
0.882319
0.453409
0.472226
0.507898
4.01548
2.35252
0.616092
1.57967
0.485409
0.697533
1.21104
0.376065
0.285812
1.5006
0.538371
0.593628
1.04955
3.47449
6.66026
0.393337
0.519844
0.518109
0.455141
0.704855
0.859783
2.60157
1.70186
3.65619
0.817201
0.832672
0.25987
4.28315
1.09773
4.77771
0.675019
0.586921
2.0179
4.7805
2.58526
0.844541
0.178859
0.933593
0.525724
1.9204
0.79424
1.3581
0.176287
1.18533
0.819835
0.606916
0.633971
0.353514
1.95712
0.205145
0.651673
0.33683
0.183202
0.395774
0.363652
0.53805
2.70252
2.58312
0.241516
0.425229
0.582042
0.22623
1.64023
0.875472
1.71207
0.769163
1.22851
3.23721
1.41365
1.06607
0.462549
0.432457
1.81418
8.35767
0.293235
0.984707
4.69605
0.489905
0.290319
0.694332
7.23244
0.644717
0.732499
0.763448
0.449288
4.19476
0.300064
0.286765
0.470537
0.218328
0.335175
0.3164
2.5439
2.1593
0.754881
0.230042
0.177654
1.53256
1.7638
1.98567
1.33155
0.765607
0.347548
0.137463
0.402092
0.488004
0.521288
0.600246
1.80952
0.894136
0.584284
0.401521
1.81794
0.867859
7.09958
0.873872
3.39541
0.613466
0.74905
4.58831
0.45551
0.237353
5.13928
3.84795
1.00922
1.12021
0.568022
3.06361
1.18664
6.84398
0.228815
0.3161
0.635516
3.52101
0.630257
1.32342
1.73276
0.68546
0.344419
0.178272
4.50461
1.32173
0.573061
1.92073
0.0781063
2.919
1.19488
0.85073
0.592544
1.89001
1.83061
0.812868
0.207606
2.19696
0.562722
0.699114
3.43722
3.33776
1.00311
0.36781
0.892119
0.744808
1.26367
0.481564
1.53936
0.794189
0.85904
1.0871
5.54025
0.781843
0.353098
0.503687
0.287501
0.995435
0.553539
1.78398
2.8331
0.497638
2.53406
1.12542
6.365
1.13062
0.649465
0.569119
1.40741
0.599863
1.63488
1.1162
1.44077
0.889225
5.16297
0.726025
5.32179
0.521641
0.938362
1.07835
0.487219
0.323357
0.767721
0.252199
2.04018
0.144271
1.15328
0.974391
0.587607
0.601748
0.26934
0.978099
0.399556
