0.174339
1.09471
0.662502
1.9801
1.00245
2.30723
2.48904
1.25768
1.22927
0.170652
2.05421
0.514567
1.16941
2.18843
0.860247
0.586275
0.234795
0.604885
0.378962
0.781055
0.364242
0.320119
0.563035
0.32768
0.831885
3.3734
2.41851
5.53387
0.35086
0.892591
1.22125
0.624834
0.469802
0.896031
1.57459
0.21418
0.159214
2.55738
0.362943
0.51168
1.01387
0.600791
0.237315
0.405044
2.99725
0.464793
0.353
0.146279
1.15318
1.55771
1.25958
0.384186
3.40839
1.20381
0.553274
0.806511
3.34921
1.07604
0.591396
0.537034
0.439953
0.884281
0.332689
0.705579
0.277496
0.714093
1.85963
0.300359
2.22526
0.255175
2.22908
0.448223
1.08061
0.797445
0.285775
0.861889
1.27024
2.95511
2.96202
0.460885
0.508827
0.202526
1.81414
4.88151
1.97185
0.28687
0.720729
0.31252
1.05494
1.67776
0.804685
1.68528
0.239331
0.891613
1.04199
0.396288
0.631632
0.292631
0.448456
0.748181
0.401249
0.905511
0.327211
3.33448
2.81714
0.443157
0.898199
0.852507
3.35308
2.12129
2.25942
1.23994
0.216443
3.41425
0.858098
0.594548
0.491699
3.74286
0.360485
1.44387
0.4837
4.15222
6.85569
3.28781
0.300293
0.192042
0.643808
2.30167
4.36101
0.511197
0.687929
0.315403
1.48107
0.57124
1.18023
1.44284
0.388928
0.643664
1.16169
0.524091
1.75183
0.689868
3.07334
3.22091
2.57722
12.7477
4.15459
1.89372
1.84389
2.77083
2.89114
1.0712
3.33661
1.31896
3.21362
0.769058
1.06142
3.44876
1.50515
0.417238
0.253212
1.04015
0.267177
1.19477
1.15341
1.70131
0.140882
3.19702
0.53715
1.5971
0.445052
0.559969
1.53125
0.301019
0.358359
1.2651
0.682875
0.499788
0.431309
0.312598
0.0623209
3.67581
0.276856
1.03744
0.39148
0.0765365
0.424059
0.528394
4.21322
2.39483
1.28211
3.52839
0.626229
0.749892
1.92876
4.35564
0.556226
0.356348
0.971459
0.477695
0.345764
4.42273
2.74958
1.17388
0.595773
2.20784
0.16038
0.343648
0.825543
0.416473
2.04746
0.516492
0.617373
0.325023
0.649617
0.179711
1.60326
3.72147
1.68468
0.818083
2.90685
1.95569
1.35232
4.35018
1.5356
0.351619
0.413481
0.652507
0.751138
0.891213
0.581484
3.01844
0.368331
4.76027
2.05312
0.549531
4.99131
0.11333
0.333734
2.18562
0.311151
0.532333
0.378108
0.864131
0.917352
1.30204
0.20453
1.96938
0.542228
4.89749
0.245779
0.194705
0.304676
3.74609
4.10745
0.405436
0.438453
0.46085
0.650808
0.395756
0.471376
0.937784
0.576062
1.06516
0.424742
0.575613
0.412337
0.96393
1.46363
2.91776
2.58048
2.67292
0.820858
2.69658
0.67914
3.0792
0.214043
2.26617
3.38676
1.10564
4.05993
2.82278
1.12965
1.21095
2.04175
1.97836
0.228391
2.77817
4.7922
0.664076
0.306286
5.32608
2.67827
0.901505
1.86831
1.1075
0.767835
0.582142
4.10905
0.774063
1.48786
2.28146
1.67451
0.217636
0.439972
3.11264
1.7978
2.50174
1.28991
0.0548407
0.243334
0.651074
3.99317
0.413186
0.194253
0.853385
1.33943
1.85262
0.680515
3.1255
1.2454
0.859524
3.03368
0.61424
0.433728
0.988467
2.73747
1.3004
0.40135
0.385155
1.41309
0.708349
8.366
0.234053
0.611769
0.565339
0.13974
0.649481
1.36786
1.54768
0.772669
0.454238
1.29966
0.262554
0.906887
0.23696
0.627729
0.771686
3.50205
0.678722
0.493109
0.947056
0.372928
0.787965
1.08621
0.478319
1.17718
1.04634
3.01876
0.651751
4.83419
0.0738014
0.388092
0.179966
0.291721
1.13468
1.07561
0.178162
1.76181
0.693261
2.55381
0.49013
0.463271
0.789384
0.608157
0.539101
1.04339
1.00045
2.50979
0.5654
0.697478
0.169498
0.407668
0.500436
1.29863
0.375609
0.413915
1.71069
3.12245
2.38799
4.53861
0.338471
12.4465
3.30972
0.26008
2.36349
0.540237
0.430895
2.11712
0.287637
0.934644
0.468808
3.0791
0.130922
0.471893
0.26391
0.42278
0.681921
2.17929
0.283845
1.02655
0.241897
0.767274
3.27168
2.87294
0.12008
0.350878
0.777969
5.39104
0.482925
0.157891
1.4841
0.373257
1.15869
1.40636
1.73862
4.30394
0.497104
1.29406
0.32707
0.474694
1.27152
0.840805
0.421697
0.568153
3.13688
0.241728
0.503039
0.857623
0.28257
0.589302
0.382093
1.73887
0.415275
3.27737
0.52454
1.16521
3.07842
0.735809
0.450355
0.35238
0.853799
0.278011
4.28269
0.190205
0.934582
1.26993
5.20142
5.06011
5.35635
0.845794
0.68292
0.317533
4.05471
1.47065
1.51373
4.72749
3.60821
0.701472
0.571898
1.06477
0.522004
0.338446
1.55431
0.315651
0.806026
0.816107
0.421283
2.21697
0.258006
0.570421
1.18598
0.770329
0.191992
0.261313
0.531672
0.54766
0.682415
0.793905
0.662143
2.52341
0.61646
0.43618
0.445201
0.298535
1.91783
0.702576
3.59041
0.219656
0.811944
0.98183
2.75028
1.0106
0.721312
1.50721
0.712354
3.93398
0.56327
1.33728
0.551208
0.533508
0.201995
0.433821
0.217841
0.817737
3.05808
0.444104
0.16575
0.398223
0.541807
2.1224
0.710581
1.87587
1.04508
1.26889
0.332812
0.908086
0.779606
1.76686
0.859942
0.955117
0.463689
2.77054
2.70686
0.568076
2.19235
0.850723
1.96902
3.73984
0.0944337
0.40624
0.0934795
2.93657
0.687273
1.21521
0.360469
3.46596
0.137766
0.978198
4.00351
0.639938
0.2461
0.97114
0.380758
0.923327
1.53179
1.06036
0.314515
0.130606
0.171853
1.23334
2.2735
0.355655
0.627899
3.37238
0.53491
0.451102
0.269417
0.403167
0.68808
0.989809
1.8614
0.483934
1.05799
0.399997
0.284768
1.05662
0.457728
0.424202
0.401698
0.482951
1.59624
0.624476
0.659048
2.03256
2.96079
0.586236
0.212071
0.718488
0.218017
3.50444
1.72708
1.47436
1.41532
2.69549
0.715004
0.148775
5.24445
0.941111
4.95398
0.825456
0.456572
0.353686
0.531517
2.52636
0.556577
1.29183
1.42469
0.479937
0.330918
0.112621
1.84128
0.132589
3.40673
0.678567
0.865563
1.13981
2.11773
3.26537
0.946056
0.949254
0.759434
0.543993
0.467222
3.21081
0.828719
0.398447
0.819603
2.32399
2.75625
3.51283
4.76167
1.43881
0.766839
0.607075
10.9642
4.02222
0.217753
2.59963
0.48689
1.83503
0.363275
1.75614
1.83333
0.269432
0.412422
0.305192
0.446379
1.37421
2.57918
0.359886
0.345938
2.13724
1.18122
0.205834
3.96237
0.60107
0.367072
0.732516
0.391496
0.386418
0.890208
0.4385
0.575128
2.20965
0.707356
0.573226
1.62389
2.3367
3.28632
0.420929
1.21712
0.194361
0.54157
0.385791
0.268998
1.15531
3.14454
2.93459
0.152649
0.875091
0.688197
2.47014
0.687587
1.2057
0.425078
0.720146
1.01039
6.67853
1.15346
0.195101
1.33071
1.00856
0.746387
1.04887
0.626067
0.605443
2.44789
0.780459
2.02788
0.592222
1.02305
2.83562
0.985535
0.563382
5.37544
0.90003
3.47916
0.90356
1.38902
0.691343
1.13915
0.438055
0.695261
0.298803
0.156158
2.88046
0.286739
0.399376
0.360024
1.14533
3.98528
2.44878
0.745766
0.499584
0.474141
0.502521
0.916452
0.407325
2.66848
0.215337
0.704148
0.971438
14.9405
0.420729
0.696431
5.91956
1.23689
1.37467
1.0281
0.540937
1.07126
0.176687
0.185073
0.36565
0.515049
0.315873
0.56654
0.439841
1.33166
0.257673
0.680262
0.209613
1.13595
0.430906
3.94838
2.3426
2.69204
1.40493
0.732875
0.589264
3.11408
1.87072
6.19726
0.27161
2.78471
2.49467
0.325437
1.04225
0.608363
0.552109
0.435045
0.637251
0.7588
0.393299
0.355753
1.90631
5.52873
0.981625
1.36618
0.548402
2.36387
0.270863
0.835647
0.566704
0.149372
1.50056
1.93367
0.604214
0.952543
1.41873
0.482042
0.480135
0.680077
0.557348
0.464006
0.7163
0.601306
0.312074
5.95742
3.75051
1.54752
1.22484
0.491367
0.859735
0.231118
0.886197
1.05389
1.03712
0.613909
0.419983
0.706436
0.141145
4.57828
0.846456
3.6464
2.58559
0.719923
0.709442
3.41008
0.489531
0.595951
0.661316
1.52946
0.350861
1.19644
0.129294
1.04301
0.269296
0.728803
0.658405
0.119796
2.60728
0.386614
1.52725
0.72914
0.989401
1.73397
2.08296
0.421457
6.97113
0.612965
0.168862
0.66594
2.75836
6.07285
3.23882
0.980457
2.73096
0.426671
0.163815
3.7438
0.147009
2.72624
3.73256
0.376714
0.291861
1.58971
0.588564
0.326943
3.92868
3.77114
1.63897
1.77649
0.785081
1.02969
0.227526
0.814785
1.1491
2.95649
0.141119
0.822982
4.50406
0.967131
4.4389
1.66524
0.73045
1.02311
0.673113
4.18507
0.395439
0.95243
0.387939
2.51315
0.337689
1.41465
0.213972
0.516034
1.65384
0.335569
0.0357384
0.865642
0.479095
0.65273
0.415576
0.461323
3.14412
0.886952
4.41872
0.513343
0.159285
0.464222
0.595086
0.31272
3.12809
0.195401
0.987955
0.68768
0.285939
0.770494
0.402485
0.638453
2.32523
4.56521
3.62469
2.25978
0.372668
1.31153
0.403064
0.223856
0.302009
2.13921
0.137608
1.14069
0.437406
1.11161
1.5203
2.238
0.537292
1.53349
0.868017
0.545797
0.348049
0.340935
1.31217
0.376153
0.250971
0.499176
0.465009
0.392224
0.452425
0.333449
3.35621
1.15117
0.282017
7.36217
3.76181
0.180178
0.458953
1.22352
4.70444
1.18402
0.376114
0.604684
1.38685
0.390362
0.223982
0.8512
1.6516
3.23494
0.99563
0.281409
4.52611
0.45678
0.400922
0.285075
0.357585
0.635036
3.21545
3.11773
0.413622
0.0444881
1.28363
0.476312
0.127091
0.689917
0.557437
1.47325
0.518004
0.43745
1.02197
3.32564
0.540293
0.752588
3.23345
1.17856
1.37737
0.534218
1.20877
0.728084
1.95903
4.60271
1.16462
1.41398
0.448162
3.78974
0.383805
0.579739
4.88066
0.163219
0.170039
0.624224
0.390047
4.74788
0.33471
0.417259
0.918743
1.32409
0.270926
0.580571
2.41689
5.48628
1.53839
0.24452
3.09596
0.39199
0.711008
0.777737
0.742208
1.33947
0.450617
0.627992
3.15697
0.492133
4.1441
1.21043
0.352471
0.188962
4.43463
0.644141
0.104344
0.636501
0.544597
2.19916
1.65445
0.556815
1.96107
0.407304
0.66486
4.51835
1.18184
1.03156
1.66627
1.03571
2.29238
6.10324
1.91792
0.396285
0.442047
2.44527
1.09465
1.06992
0.604105
0.255418
1.37553
0.651682
0.444142
2.0065
1.34337
0.993544
0.167436
0.577907
0.518919
3.19516
1.90669
0.620689
1.00971
0.586801
4.32874
1.12817
3.37147
3.78244
1.60146
0.52031
0.499534
0.951563
1.33999
0.400439
0.600205
2.50223
1.06275
3.26759
21.3382
0.352618
1.92461
3.47533
1.7798
3.13493
0.583641
1.01333
0.267118
0.40674
1.42503
3.10544
2.26988
3.07349
0.5712
0.41373
0.652488
1.19981
0.910851
0.71838
1.26942
2.56444
0.462947
0.945437
3.10756
1.04591
0.109809
1.26908
0.641364
1.51894
0.606371
0.272375
0.300158
3.44842
1.48114
0.129863
0.281622
1.14734
1.72684
3.5169
0.260947
0.378967
1.94722
3.80721
2.95775
3.40186
0.795131
0.516539
1.58802
0.21695
0.617441
0.861222
1.06876
0.206085
0.797537
0.297295
2.60329
0.481108
0.712676
1.09337
0.962664
0.729431
1.7632
0.682154
0.325048
3.57591
0.294678
0.540593
0.195786
0.159406
1.33353
0.273023
1.63356
3.03382
0.567911
0.98969
5.35173
1.88416
0.471178
0.262973
0.967442
0.225186
0.825544
3.06605
0.820272
1.00619
6.31821
1.29351
4.33516
0.571475
0.467598
0.752338
0.240816
3.99481
5.81684
0.349737
0.74759
0.130023
0.691518
1.81286
0.64359
0.252383
0.538072
0.899881
0.473653
0.484198
1.56418
0.603248
3.10848
2.77341
0.853103
3.60375
0.491591
1.0774
1.42837
4.15382
0.444025
0.570193
0.497287
0.786662
4.01033
0.697488
1.9537
0.238727
0.607879
0.147951
2.67515
0.938719
1.23416
2.85896
0.640366
1.67008
0.636906
0.877091
0.208673
0.257227
0.422102
2.09474
1.68345
0.337123
2.94407
2.14114
0.330526
0.145277
0.694469
2.06
2.66377
2.69262
0.541487
0.547106
3.78751
0.584949
2.29497
2.50373
4.62347
0.362112
2.16875
1.3577
0.279568
1.99454
0.412081
0.756672
0.57959
4.18089
0.261068
0.355017
0.393607
0.396327
6.74558
2.7139
0.281537
0.436887
0.435294
0.32126
1.10805
1.01178
2.22886
4.61751
0.584457
0.22656
0.746058
0.364064
2.61915
0.395349
1.45215
1.04672
1.33712
0.814512
0.220706
1.29699
0.376525
4.30814
0.325642
0.146687
0.232844
0.717763
1.09192
0.625151
3.33874
2.80985
0.456499
3.99372
3.3777
4.61523
0.401665
0.786837
3.06289
2.50541
2.8132
0.383538
0.953035
0.525134
1.44888
0.498255
4.19444
0.902405
0.229113
0.124187
1.49273
0.628671
0.522188
0.336661
0.502075
0.550655
1.77224
1.76193
0.644885
1.27548
5.53922
1.26452
2.66091
0.25287
1.30365
0.389775
2.1599
1.16769
3.27818
0.428195
1.04644
17.1677
0.23479
0.667936
0.40675
0.332128
1.15176
0.27386
2.63632
3.67203
1.37823
0.238573
0.894548
0.241193
1.34141
0.419658
0.231529
0.437939
0.585217
0.323888
0.617839
0.86386
0.536284
1.00132
0.410478
4.30993
0.192788
0.363196
0.178824
2.14268
0.288874
1.01694
2.29394
1.90755
0.223782
1.00379
0.270969
2.25187
0.384966
0.817693
0.498843
6.85348
0.662896
0.534651
0.698896
3.43797
2.99165
0.327002
0.211633
0.215642
1.0578
0.395892
0.660001
0.493622
1.63834
0.410749
1.02746
1.24349
0.762615
0.798787
0.333823
2.2601
0.864842
0.511684
1.00985
3.6663
1.51119
0.210154
1.77773
0.18528
0.429697
1.24782
0.273435
1.00147
2.4482
0.792723
1.7359
0.967296
0.904535
4.28064
2.71124
0.492467
1.77481
0.20277
0.135013
0.398144
1.84728
0.189986
0.248474
1.63597
0.443882
2.53929
0.24154
3.42978
0.558395
0.972597
0.158266
0.871692
0.49777
0.489728
0.882344
2.35357
0.987454
0.568426
0.45799
4.97124
1.07081
1.09257
0.714151
0.349076
4.57959
1.30054
7.02692
0.156045
0.974405
1.97573
0.27133
3.34003
0.880139
1.19969
1.68594
0.829448
0.269772
0.396166
0.306794
0.538225
2.10864
2.32255
1.14534
4.54764
3.64167
0.591839
0.134107
0.452899
0.876882
3.56852
0.205095
0.74233
0.461899
1.03194
0.384048
0.900785
0.0953483
0.689398
1.79998
0.301003
0.300302
0.647881
4.96535
0.304468
0.708159
1.32528
0.971791
2.90486
4.1591
4.68343
0.491837
0.393289
2.14469
0.890087
1.16759
0.854997
0.637341
0.96868
2.79515
0.991169
0.891376
0.604859
0.600207
0.497142
2.6517
0.658764
0.854889
1.2845
0.32969
0.982964
1.65689
0.491973
0.967201
3.26331
0.389688
1.26796
0.386406
1.64667
0.515406
0.379117
2.65993
2.8605
1.64088
0.19158
0.347651
0.501853
1.76848
3.3441
0.191145
4.17261
0.283926
0.6103
0.230979
0.720661
0.752136
0.537709
0.601877
3.0867
0.581199
1.46565
2.54232
0.831418
0.287109
0.257211
0.637046
0.460258
1.21878
0.895897
0.797349
0.589199
1.78022
3.61414
1.38872
0.490831
4.00622
0.369903
0.538367
0.772159
0.723003
0.355133
0.428191
0.563355
1.17114
0.751545
1.92236
0.442154
1.32555
4.626
0.260076
0.710742
0.148436
1.49046
5.71268
0.671956
1.10628
0.354323
0.123862
0.953075
0.242988
0.957865
0.281791
0.523829
0.636354
1.04221
0.371267
0.554069
3.66105
0.280115
0.308493
0.346388
0.387371
3.50531
0.808151
1.15368
0.302266
0.988266
1.99621
2.18897
0.575488
0.608801
1.06298
2.02933
0.195921
1.89713
0.68494
0.46568
0.622695
0.524695
0.95505
0.358287
0.823254
0.773347
2.43419
3.07993
1.31801
0.234579
1.36887
0.713025
1.52152
1.49882
1.57622
0.359496
1.93306
0.506778
1.18028
0.806531
2.48881
0.251514
0.815337
0.419059
0.591031
1.24213
0.396375
0.283157
0.484965
1.15518
0.749639
0.883061
0.207815
0.741366
5.41899
2.54015
1.04999
1.38961
0.752608
0.18744
0.249418
0.200344
0.3108
0.277407
0.424028
0.242966
1.5766
0.614998
0.933429
0.593191
0.491944
3.11513
1.20234
1.24998
2.61619
3.07973
0.833167
0.325082
3.0929
3.367
2.48711
0.618349
0.740054
0.940128
4.20453
0.597685
0.502176
3.92266
1.70577
0.926616
0.569939
0.757347
1.54558
0.55897
0.339372
0.395594
0.975249
0.720112
4.75571
2.22284
0.396545
1.12861
0.268721
3.02267
0.456056
0.885901
0.333484
1.86695
0.399663
0.84108
0.386608
0.585679
0.276217
0.719925
0.596038
0.649112
0.612766
0.471745
0.832399
0.521898
3.99949
0.598968
0.699549
0.19749
0.495688
0.656952
1.98908
1.99388
5.79402
0.544087
0.301438
0.137098
0.803276
1.55955
1.48275
4.30557
0.607074
0.503843
1.3641
1.21454
9.74989
0.227264
3.16062
4.13219
0.675229
0.897007
0.797692
1.59547
0.339608
0.301668
0.308763
0.598741
0.24918
0.575084
0.634305
0.541087
0.554564
0.154545
1.88752
1.13571
0.820392
2.51133
4.20151
2.56978
1.71359
1.37755
0.297718
0.232724
0.64419
0.49312
4.03946
0.840494
0.721734
0.101443
1.05666
1.07288
1.5173
2.23761
0.287361
0.220295
2.21021
1.19358
0.480418
0.641323
0.459481
0.470229
0.271056
0.302362
0.240618
2.06045
5.23297
1.23198
0.62423
0.462478
0.366423
0.886597
0.891636
0.338474
1.28607
1.12212
0.710688
0.708338
1.11973
2.27745
0.670701
1.53982
5.35002
0.518574
0.382877
1.05347
0.134868
4.18358
1.35438
3.38152
0.611506
1.98367
0.467689
0.680021
0.296648
0.63996
0.751963
1.47725
1.16822
0.35961
3.32871
1.2005
0.435639
0.63864
0.249236
0.614789
0.497544
0.292737
5.06405
0.875563
0.162019
0.449269
2.1915
0.455938
2.02495
0.406988
0.490602
0.466985
0.633479
0.612763
0.490392
0.195148
0.366349
0.35664
2.24665
0.436065
0.853365
0.476605
0.302387
0.470259
0.175299
0.564177
0.412319
0.441251
0.392415
1.2753
2.79936
0.755899
0.533989
0.541251
0.81553
2.54175
0.354529
4.90478
0.88254
2.16547
0.783928
2.42131
0.91358
1.57623
0.680977
2.20127
0.391289
1.96386
1.50884
2.6925
0.912848
0.623615
0.258816
0.642468
2.12409
3.8312
1.02874
1.49985
2.3495
1.47533
0.9255
1.62475
1.40859
0.804532
0.144785
0.230393
1.12977
1.75418
1.31928
0.222354
0.907508
2.25273
2.47828
0.897459
0.159358
0.519725
0.79291
3.10575
0.680057
0.372811
0.713993
1.34564
0.575265
2.27017
2.17262
6.99679
0.6717
0.085906
0.45262
0.622284
0.720292
0.226969
0.701738
0.578043
1.42974
0.649647
0.448139
1.56704
0.615303
1.30897
1.59626
2.60126
0.569132
0.580831
0.546755
2.9715
1.40972
0.360302
0.426643
0.348099
0.288049
0.857968
0.456239
0.490053
0.586725
0.733015
1.02672
0.202292
1.65016
0.681506
0.320896
0.0720361
1.93191
4.4723
0.220793
0.8998
5.11485
2.31893
4.39159
2.15873
1.28824
1.08672
0.334871
1.02726
0.257868
0.415728
0.418671
0.353934
4.27206
0.463968
0.897805
4.59459
1.11551
0.425442
2.12496
0.45955
0.422639
0.939434
36.5463
1.71994
0.17302
0.721891
0.955323
2.19434
0.573443
0.365403
0.494082
2.74922
1.27802
0.961078
0.419642
0.6254
2.09375
0.292025
0.361668
0.627254
0.625794
0.726025
2.11247
6.22012
0.340572
0.833234
1.10932
0.810905
0.79165
1.10071
2.9216
0.282922
0.887302
0.606913
0.281234
1.03862
1.13419
0.548965
0.54654
0.722287
0.298272
1.99141
0.257176
0.640504
1.14855
3.05441
2.81715
1.78623
2.7267
0.687106
3.01789
0.419321
0.533623
2.71145
0.279232
2.38677
4.96047
0.24714
0.359244
4.10377
2.10048
0.394331
0.247972
0.175439
1.64141
1.81673
2.81329
0.763245
0.189304
0.359473
0.734755
2.17422
2.00218
0.64964
1.38375
0.401975
1.14284
0.857453
3.19174
3.30771
0.997192
1.30653
0.510319
2.22488
0.316736
0.407235
1.50693
1.05554
4.60221
1.96579
0.54895
0.424324
1.12379
1.38535
3.57071
0.436856
3.62331
1.47015
0.631224
0.868045
0.379279
0.224852
1.0696
3.35694
0.727041
1.05226
0.26073
2.67955
3.2886
0.617664
0.669202
1.65362
4.64572
3.55121
3.38061
0.742473
0.817349
3.59383
0.967768
0.477103
0.489474
0.582209
1.14797
3.17943
1.91919
0.489301
0.333453
0.366084
1.85224
2.88795
0.363297
0.314255
0.403708
0.449234
0.767686
0.497632
1.70317
0.620912
4.45423
1.3859
1.2215
1.3036
2.17646
0.72945
0.989303
0.469909
0.140678
2.78027
2.317
0.716979
2.16517
3.78971
3.51989
0.216196
0.601535
0.20284
0.437411
0.16391
1.42044
0.853828
3.1496
0.436047
0.311523
0.928656
0.883206
0.977911
0.483023
0.68808
0.0711903
0.887891
1.43122
0.262029
2.65248
2.84411
0.680185
3.71694
0.524138
2.64129
1.65207
0.769029
0.451571
1.00984
0.367002
0.856014
0.502566
0.425636
0.199554
2.69617
1.02243
0.331737
0.337412
3.1933
2.92486
0.324607
0.191125
0.816638
1.30164
0.49046
0.860552
0.95123
0.375424
1.55449
0.287956
0.533948
0.619106
1.46161
1.17461
2.8749
0.63295
0.849489
2.42344
0.718543
0.382281
0.655154
2.48764
1.1612
0.237409
1.56562
0.447114
0.938108
0.55992
0.524051
0.509161
1.06929
2.43738
0.61866
0.344139
0.271645
4.5971
0.479638
0.248243
0.262315
3.03581
1.68232
0.516624
0.463565
0.789104
0.376974
2.77189
1.02274
2.32987
0.524616
2.132
0.793044
0.976586
0.435001
1.3781
0.461093
4.05682
0.215929
0.879962
4.40639
0.120002
2.94352
0.661768
0.53706
0.365576
0.913891
0.359543
0.260947
0.285076
0.63292
21.3499
0.125241
1.10874
0.219205
0.347133
2.80101
0.561852
0.862032
1.27075
0.593995
7.23434
0.660175
0.637573
1.22623
2.61046
5.13121
0.655535
1.32296
1.0535
1.25547
1.9081
0.269869
0.763028
0.511282
0.542253
1.76349
1.84239
0.281128
2.3718
2.89234
0.246607
4.24931
0.639457
1.09587
0.667333
0.417277
0.251418
0.822584
0.582606
0.451627
4.15876
0.400126
3.56454
0.548365
0.979577
3.18277
1.66623
1.7384
0.598503
0.417631
0.863623
0.681278
0.898665
3.73361
1.34888
0.624827
0.0787266
0.158037
0.335903
0.706247
5.42329
0.31621
2.15219
2.89163
0.568152
0.671517
0.499824
0.377323
0.290755
0.475884
2.39049
0.208592
0.912289
0.873088
2.59912
2.12143
3.6961
0.282072
0.705387
0.792199
0.621778
0.139157
4.47393
0.447526
1.54509
0.210954
0.310624
2.55026
0.489207
1.28142
1.18096
1.78908
1.23526
0.580375
1.14835
0.910483
1.2747
0.57841
0.232422
0.558392
0.586551
1.76531
4.641
1.91818
0.644091
0.538193
1.6728
2.37805
3.37554
0.418551
0.226911
0.191572
3.45371
3.37199
0.49979
1.04079
4.40241
0.285652
0.25337
1.80472
0.36071
0.65899
0.866773
0.637549
0.185681
3.72973
2.55472
0.297962
0.991802
0.162174
2.4806
0.83297
1.12462
0.625118
0.164971
0.35109
1.37794
1.67456
0.334738
1.29911
2.03709
0.490427
0.773787
0.809465
2.55154
0.558165
0.817515
0.782429
0.367652
4.02994
1.96003
0.297909
0.809418
0.54176
0.191728
0.336307
2.80281
0.272646
0.922467
0.793594
0.391532
3.1771
0.391646
0.150602
0.268247
0.526281
1.16619
1.83383
0.221069
0.404982
2.58835
3.95027
1.23786
13.2802
1.21656
2.11254
0.451837
0.202648
1.52024
0.432746
0.543622
0.540489
1.26558
0.493641
0.355762
2.56269
1.8285
0.419503
0.340241
3.97157
1.2043
0.523291
0.608359
2.64705
5.07473
2.11525
1.1963
2.64831
0.218441
4.0428
0.840956
2.30191
3.17262
0.562753
0.350488
4.81191
0.365383
0.654608
0.609987
1.18471
1.28894
4.75364
0.385467
0.638573
0.370277
0.535147
2.81055
0.836494
1.76769
1.33714
0.236206
0.875889
0.952248
0.276036
1.07828
3.26508
0.372731
1.39489
0.728533
0.495971
1.07218
1.90609
0.366221
0.295071
0.470361
0.368837
2.06641
0.430588
0.900563
0.717963
0.361848
0.36366
1.55141
0.591988
0.503054
1.16887
1.53977
0.616821
0.742924
0.380527
0.165715
2.07193
3.7506
1.60426
0.187705
0.92716
0.670481
0.478165
2.80839
0.595362
1.55693
0.53225
0.293965
0.259926
0.295028
0.473667
0.645501
0.763578
0.642642
0.278161
4.68943
0.934144
0.299654
2.94219
0.573414
0.333856
0.290979
0.718912
0.457143
0.674031
6.89832
0.475539
4.37424
0.218329
1.24192
3.13821
0.637612
2.16605
0.211638
1.13725
0.545078
0.531994
0.807211
0.554792
0.453359
0.939551
0.453801
0.539348
2.26319
0.360979
1.13978
0.987684
0.423679
0.423182
0.480762
0.384372
0.409356
0.351453
0.347645
1.74669
4.67257
0.36532
0.799176
0.880428
0.712328
3.28516
1.84142
0.790225
0.451429
1.35459
1.01307
0.820443
0.525333
1.14216
0.306077
1.21576
0.264405
1.03252
0.34862
0.522323
0.319417
0.454622
0.558525
0.831522
1.70581
1.10932
0.353553
2.10805
1.04289
0.268258
0.333275
0.283806
0.545929
2.70531
0.483105
2.28714
2.00757
0.105968
1.16666
0.648574
0.254674
0.68253
1.81167
0.906066
0.575755
1.09539
0.314574
3.76706
0.630465
0.715871
0.789275
0.124864
0.501574
2.18862
0.488062
0.480828
0.317885
0.394669
0.812687
0.283568
1.83454
0.464797
0.77394
2.56416
0.204431
0.280658
0.169755
3.27711
1.28174
1.46889
3.30698
0.507214
1.81357
2.35567
0.252549
0.385642
0.619566
0.352685
3.33269
1.77305
0.707014
2.73992
0.852686
1.28021
4.64464
0.998848
0.507243
3.97207
0.418052
0.474922
0.372929
0.463817
0.581401
0.733426
0.370753
0.571295
0.638331
0.638566
0.354917
1.88694
1.96957
2.13766
3.39239
1.27231
0.485666
1.25863
16.2414
1.05365
2.75043
0.409404
0.585038
1.36955
0.436164
0.854577
0.482275
2.16895
0.48763
1.16623
1.98529
2.25511
0.269881
0.218365
0.937347
0.755754
0.999991
0.281062
0.77288
0.526635
3.33438
0.206802
0.892824
2.95
0.456828
0.237633
0.878538
0.322206
0.363512
0.707775
0.417823
0.359056
0.65024
1.27753
0.874548
0.292335
1.29088
5.96055
6.98681
0.615481
0.418026
1.06479
0.417985
0.527323
3.86566
2.94465
1.94245
0.459667
0.578096
1.11444
4.48138
0.812054
0.128289
1.90902
3.65953
1.28745
0.34738
1.06524
1.00215
0.289543
3.02595
3.40824
0.177639
2.1188
0.681956
0.515291
0.544669
0.549487
0.159663
3.80683
0.568257
1.0635
0.91319
4.66641
1.13301
0.251427
2.69768
4.47222
3.07732
1.33451
0.547336
1.11579
0.341982
3.28148
0.858425
1.26418
0.781978
1.21495
0.885821
0.0371116
0.520818
3.93032
1.08934
5.70858
0.245398
0.985404
4.86451
0.510779
0.346369
1.00557
0.247593
0.373655
0.346553
3.84561
4.90605
5.08175
1.2303
3.49543
1.91086
1.28545
3.09002
1.28107
0.457759
0.508936
4.27182
0.750853
0.347391
2.16293
2.74416
1.29007
0.459629
3.07824
1.01656
0.672851
0.494845
0.161996
0.610423
0.332632
4.72581
0.753985
0.593097
0.381132
1.13099
0.0901136
0.24595
1.71542
0.176842
1.61771
0.339483
0.32931
0.407951
1.13135
4.47759
2.31141
6.23065
0.487865
0.370098
0.37681
2.08958
0.245884
0.281115
0.420851
0.243371
2.41977
0.351159
3.06701
3.01513
0.472299
1.28851
0.453393
0.685116
0.404492
0.396011
0.437648
0.384203
1.48101
0.523069
2.61193
1.02078
0.529716
0.830753
0.394235
0.29853
0.668802
3.96531
0.515878
0.807653
0.819027
0.731097
0.579474
0.871571
1.34765
0.302185
1.05434
5.77266
3.80868
0.400641
4.49463
0.798032
1.02831
0.539206
0.450249
1.28494
0.914865
2.88585
0.362984
1.08574
1.17206
0.637861
1.26297
0.542359
0.312748
0.725642
0.99728
0.636232
0.487359
0.361557
0.665954
1.2892
3.4971
2.05034
4.22761
0.660372
0.204667
0.407228
0.869712
0.970666
0.816055
4.4356
0.337909
3.25268
0.736652
0.654982
0.36824
0.662753
69.5896
0.331406
0.525561
0.758746
0.804601
0.281798
0.294739
0.926551
0.320837
4.86589
1.95553
0.739973
1.07015
0.422788
0.233629
0.845919
0.362365
0.491565
1.36774
4.02813
4.20352
2.37441
0.750606
0.491827
0.0539791
2.91879
1.34647
0.699005
0.440505
1.89223
0.303211
0.506528
1.13677
0.253704
0.398496
3.87903
1.13024
2.21913
2.1598
0.507422
1.45698
2.11328
0.49985
2.82863
0.601929
0.333945
1.22204
0.862371
0.650962
2.11305
0.352153
0.425489
4.17987
0.602804
0.426656
0.485784
1.88472
4.38673
3.37429
0.982084
0.371023
0.717461
0.73465
0.846467
0.806446
0.231819
0.31989
1.67143
1.2217
0.533692
5.50738
0.815895
1.29222
0.701319
0.516162
0.920542
0.712852
0.666819
4.41211
0.988997
0.268641
0.290423
0.39879
3.15795
3.41935
0.455204
4.49781
0.337457
0.330734
0.47036
5.0898
1.17276
1.49134
0.213967
0.0645409
0.837972
0.635375
3.78274
4.90673
3.92513
4.02794
0.34076
4.66664
0.747534
0.442557
0.686812
0.145047
0.614101
2.40976
4.70914
0.526457
0.37574
0.730581
0.255894
0.903395
0.496282
0.35654
1.82999
0.383759
0.442867
1.82827
0.463042
0.469147
0.742254
0.352039
0.81447
0.352913
4.06961
1.10187
0.724854
2.24562
0.944571
0.55111
0.210779
0.150866
0.511358
1.24245
0.927241
1.2495
0.389316
1.0846
0.700327
4.74138
0.848753
0.272995
1.66993
2.45245
1.66934
0.764315
3.46411
0.626177
0.389666
0.697596
0.0637019
2.99928
1.09695
6.32177
3.85396
0.533209
0.461971
1.03799
0.373034
2.65078
0.807024
3.31049
0.689499
1.33868
0.592365
3.0299
0.525763
5.98599
3.25322
0.681129
1.11804
1.02833
3.0465
2.90412
0.769105
1.31792
3.22985
0.140661
0.282008
1.01655
0.698623
0.368335
1.90203
1.06085
1.28506
0.844533
1.06563
0.180637
0.670885
1.37838
2.24724
0.62925
5.3802
3.088
0.780479
2.20003
4.13425
1.28034
1.42495
13.4524
3.26675
0.87769
1.54316
1.03285
0.660031
0.602554
0.595279
0.182542
0.374348
0.557144
2.58822
0.224867
2.83771
0.530397
1.66601
0.623529
1.04689
2.04425
0.667314
0.315714
3.45236
2.38904
2.12102
0.192531
1.44527
0.610595
0.850903
0.937391
0.205715
1.71053
1.13345
0.499024
1.51228
1.06628
1.8292
1.93377
0.552723
0.602981
0.441557
0.341153
1.0238
0.287456
0.310467
1.09403
0.666646
3.83262
3.49493
0.680145
0.619861
0.219642
0.223956
3.7718
0.753578
0.311233
0.619376
2.21214
0.432076
0.303613
1.91942
2.80941
1.79906
0.245871
0.483402
0.832952
0.15875
0.712617
0.80109
0.338768
0.467619
0.812714
2.51437
2.31982
2.13893
0.288096
2.51295
0.482488
0.239566
4.92319
1.69132
0.155153
2.38333
2.11831
0.203023
2.39741
0.497236
1.67301
4.58891
0.456845
0.63473
1.08659
3.77942
1.75674
0.820461
1.50731
0.652796
0.2728
0.630128
1.97728
0.368324
3.57525
0.185599
0.476635
0.565638
1.88796
0.205658
0.889896
0.423422
0.25656
0.100159
0.412025
0.578381
3.78767
0.524521
3.7388
1.02777
0.210975
0.699409
0.403593
0.629198
0.25724
0.505933
1.64257
3.24391
0.33551
1.07919
0.196244
0.454369
3.66509
0.560928
0.682258
0.831918
0.618543
1.29918
0.375589
0.885061
2.98723
2.0345
2.44602
0.692363
0.429737
1.14521
0.405021
5.01474
1.24653
0.423245
0.381878
4.73882
0.733734
0.501109
0.269512
0.859055
0.640934
1.9147
0.762038
0.794115
4.0305
0.698564
2.52079
0.688945
0.717469
0.476866
0.424344
2.48894
0.3152
0.451415
3.07226
4.7559
3.08186
0.942275
2.89832
1.11385
0.565446
0.377284
2.09166
0.218241
0.281091
0.631008
3.7945
1.31983
0.957744
0.579408
1.29051
0.488556
0.671077
0.348106
0.683564
0.540363
0.328344
0.251399
0.852096
7.96118
7.01051
0.96515
0.520403
0.618264
0.256342
7.84737
4.26961
0.865834
0.747868
0.932184
0.144579
1.23048
0.775905
0.208778
1.53344
0.471371
3.30059
0.624954
2.56264
0.872716
1.45043
0.083754
1.85919
1.00644
0.14277
0.452187
0.220428
4.81025
1.17904
1.74777
0.98992
0.157646
3.21594
1.21936
2.40817
0.36868
3.04012
1.77539
1.23134
0.831771
3.71857
0.772624
4.8585
0.807826
4.89833
2.37666
3.03747
1.11955
0.374146
3.32055
2.32085
0.587738
0.953656
0.292843
3.18821
1.73533
0.41584
1.55972
6.35576
1.05603
0.168045
0.445836
0.672209
0.768559
2.28631
1.07091
1.35881
1.96795
1.0753
3.37077
3.31942
0.455504
0.47824
1.18486
1.47499
0.229348
0.649509
0.8657
0.533499
0.934072
0.351934
2.53951
0.378006
0.222816
0.456505
1.35049
0.225565
0.572958
4.28805
1.47372
0.571497
0.42421
0.369478
0.637259
1.8378
0.0802254
0.447852
2.26145
2.32443
2.88444
3.00554
1.7679
0.945538
1.26799
0.468834
0.945827
0.162093
1.40894
1.77953
0.550768
0.817675
0.450796
2.9071
0.3717
2.17195
0.499938
0.428455
1.95804
0.81761
0.725436
1.74365
0.531365
1.01406
4.37386
1.70698
0.885464
0.519707
0.737646
1.5523
0.578638
2.62532
1.52176
2.30636
0.680522
0.69675
1.06238
0.387428
0.227504
0.241167
4.36723
0.883654
0.888146
0.797235
2.59323
0.392579
0.287763
3.05224
3.75709
4.14837
0.728789
1.13861
0.539665
0.504395
0.817673
0.675027
5.61253
2.57858
1.42259
2.83355
1.3786
0.324998
0.710087
0.173019
2.17134
1.02933
1.73307
2.12833
0.316153
5.33857
0.526025
0.66259
0.453952
3.51636
0.725844
1.23413
1.20117
0.303992
1.30537
1.39779
0.431778
3.6249
1.41326
0.345622
0.393689
0.792097
5.84298
0.4794
0.404106
2.74936
0.306748
0.575306
0.802045
0.837331
0.453038
0.965514
0.64434
2.90564
1.16997
3.87692
0.673124
1.07924
6.86245
1.23221
0.680474
1.29929
0.20317
0.831489
0.995339
0.743115
2.77258
3.927
0.610141
0.407203
0.475074
0.34859
0.38779
0.178892
0.525141
0.352073
0.723132
1.2005
0.747309
0.753866
1.57464
0.367608
0.241198
1.51927
0.875924
0.141378
3.44641
0.300281
0.470367
2.1998
4.85622
2.93924
0.180104
0.943375
1.12027
1.31509
2.97029
4.65527
0.523465
0.305967
2.51449
1.11884
3.92124
0.205308
0.266896
0.50867
0.657216
0.383085
1.49492
1.12875
1.11545
2.35504
0.452121
0.500085
0.430782
1.96688
1.85403
0.259247
0.571728
1.48943
0.550878
0.239652
0.846859
0.361951
0.563439
1.24782
2.69887
0.44499
0.873007
0.733651
0.874703
0.142757
0.321214
0.384436
0.263038
0.878714
2.48728
5.12799
5.3297
1.31755
0.885117
0.19676
1.03759
1.21767
2.4949
2.3229
1.43907
0.584128
0.184753
1.44721
0.262363
0.398297
0.716581
0.199805
0.476182
0.340642
3.31351
1.81963
0.900636
0.349153
0.0382233
5.0059
0.282861
0.545644
0.269116
0.643304
0.404724
0.696586
1.62501
0.478057
2.00837
0.240209
1.15712
3.49263
2.94804
5.42818
1.73294
1.07011
0.167265
0.350271
2.82172
3.38974
0.610389
2.82752
3.41936
0.656185
1.53862
0.650863
2.58131
0.40051
0.672286
5.04682
4.55107
0.45025
0.735649
0.426854
1.00113
0.431337
1.40928
1.06923
2.17768
0.514736
0.239841
0.354974
0.298737
1.31842
0.753607
0.485918
0.401271
0.641666
0.97318
0.40392
0.308683
0.262926
0.120066
0.371475
0.288256
3.93135
0.953269
0.69959
2.20958
2.51931
0.157479
3.84699
5.18631
0.232909
1.08694
0.599518
0.499957
0.0903512
0.220441
1.14391
1.40279
0.899392
0.360659
0.599986
4.10742
0.161252
0.299326
0.762954
2.27178
0.91531
1.86694
0.139972
0.0893482
1.05938
0.24394
0.396211
1.15688
0.892058
4.62428
1.32835
0.870148
0.631301
0.294472
0.981348
0.35505
1.04148
3.13624
0.484715
0.332553
0.634357
0.315212
0.329978
0.495318
0.0757982
2.02805
0.475005
0.983724
3.20707
1.12561
0.392809
0.896862
3.16364
0.71181
0.808142
0.606364
0.637953
0.496718
2.88241
1.21077
2.02517
0.660468
0.863601
0.666173
0.593492
0.307012
0.166165
0.621425
0.784962
0.836752
4.15288
0.452286
2.8713
6.20472
0.135733
2.12514
0.409119
0.23553
2.16038
2.06062
1.15509
0.282806
0.682879
0.536212
0.270023
0.711883
0.517873
0.781723
2.16388
0.706859
0.192316
1.46015
0.67569
0.37497
0.27013
0.587493
0.203512
1.73136
0.352761
0.261018
0.158136
1.081
0.747505
0.35097
0.421053
0.198432
1.27868
1.83743
1.84345
0.414519
3.11268
0.152445
1.16889
0.318801
0.307892
0.807285
0.511235
0.501748
0.632588
0.341724
0.37893
1.05415
2.76179
3.90973
0.894866
0.685111
1.12812
0.413547
1.0816
1.0709
0.42496
0.805775
0.343615
1.01194
0.544662
0.573514
1.1385
0.236736
0.418835
0.790422
0.142883
1.62462
0.749051
0.400363
0.32988
1.3919
0.300121
0.276626
0.483374
2.23118
2.39227
0.693822
3.47503
0.38535
0.658503
0.256041
4.84416
2.99286
9.86549
0.220643
1.37468
3.22323
0.375472
3.74644
0.315716
0.976561
0.43503
0.131204
0.54973
2.94819
0.290453
0.475233
0.758567
1.0141
0.119866
2.3832
1.14781
0.668795
1.16976
0.3758
0.384252
4.14681
0.304928
4.86143
0.362283
0.410538
0.50724
0.911588
0.454929
0.869741
1.37035
0.24997
1.58511
1.23215
5.08105
1.14817
0.390519
0.567047
1.74606
0.870175
0.553259
0.456312
0.896287
0.701035
2.53196
0.398279
0.306125
1.06581
0.527249
0.137868
0.295087
0.465006
0.349361
3.58572
0.325442
2.29613
0.749424
0.935247
0.569514
0.548608
0.705193
0.540209
1.75045
0.290624
0.158367
0.330954
0.704316
0.873529
0.281278
0.339054
1.13149
3.70496
0.556738
0.967363
4.48167
3.04862
4.47605
0.934823
1.12555
4.95116
0.366954
4.63358
0.341019
2.12838
1.18047
2.53796
1.11336
1.03102
0.616687
0.436105
0.673423
0.525612
1.00368
0.552308
2.31998
0.740575
0.390788
0.939332
1.56747
0.597571
0.69606
0.665933
0.359962
0.314942
0.442395
2.92613
1.24187
3.30599
0.625172
0.240491
2.12123
2.55486
0.378119
1.22377
0.578069
1.44905
0.229052
0.718942
0.664904
0.855287
0.337125
0.17642
1.27514
0.457125
1.07636
0.511808
0.488334
0.618166
1.96368
3.17182
1.15516
2.19984
1.24955
0.151439
3.62972
1.19573
0.960481
0.731404
0.270016
0.972516
0.944324
0.793356
0.599294
2.85827
3.87944
6.72915
0.307537
0.377031
0.661984
0.92183
0.581031
0.182919
0.576187
0.473045
0.30497
2.27137
3.34492
0.267027
0.196509
0.585273
0.89498
0.132441
0.572229
1.04228
0.212059
0.248352
4.9951
0.234996
0.515443
0.501971
1.78667
2.11613
1.09296
0.584792
0.508101
0.460156
0.39544
0.986592
0.104138
1.06084
0.880781
2.06256
4.61456
0.559454
0.555473
0.947134
0.867715
0.848861
0.142896
0.664545
0.508176
0.138392
2.08384
2.38966
0.455315
2.91309
0.391558
1.00288
0.836132
0.984961
0.623948
0.947036
0.28164
0.396135
0.302599
0.534081
0.406521
1.84084
1.22529
1.36307
0.259334
1.07596
3.31997
1.45188
0.400654
2.29334
1.05164
1.36455
1.95682
0.344816
1.55023
0.620446
0.442294
0.306243
0.375929
0.762554
3.07073
0.938833
0.86157
0.587786
0.311893
1.04986
0.933301
2.31099
0.172912
0.315614
0.326211
0.924155
0.27729
0.22318
0.446793
0.388069
0.226555
0.761018
0.379212
4.323
0.724781
4.00638
2.83006
0.246267
1.65564
0.405061
0.394149
5.33254
5.8238
0.126977
0.486964
0.802855
1.28979
0.479667
0.671722
1.53694
0.30387
1.94416
0.834969
0.338724
0.987722
0.526426
2.22833
0.401221
0.267009
0.139861
4.26912
0.702591
3.34007
0.272433
0.686303
3.82647
0.368075
0.329756
1.52736
0.51066
0.583048
0.444806
0.227954
4.56217
4.80772
0.556605
0.249302
0.305089
0.686068
1.04115
0.450002
0.855791
0.409626
1.11561
0.908018
3.28275
0.54174
0.934663
1.42712
0.163376
0.19335
0.0876343
0.508759
0.440894
0.473147
2.17974
7.24266
0.36059
1.34696
2.36839
0.657538
0.788646
4.43161
3.79172
5.03801
1.8851
3.29399
0.469392
1.08102
3.50149
4.6331
0.965653
0.548814
0.651375
2.18008
1.20708
0.9619
0.608263
0.754477
1.72831
3.20704
0.240232
0.735989
0.628826
5.065
0.42563
0.252919
2.10404
4.19673
0.332609
0.30216
0.614965
0.247781
0.12204
0.653829
0.374822
2.41947
2.95638
3.26946
0.581525
0.862053
3.65194
0.639367
0.738859
0.722901
2.55343
0.675212
0.154659
1.03259
1.58846
0.382118
0.746316
0.523095
0.42947
1.22935
0.88995
0.483117
0.955915
0.213674
1.08864
4.43154
0.383304
0.383215
3.61954
2.11587
5.75049
0.509048
0.413715
1.87525
1.19515
0.403521
0.400945
0.547822
2.18424
3.48261
0.222208
0.373607
4.21816
0.297958
0.732843
0.923977
2.50725
0.369843
9.31115
3.79231
0.54962
0.796304
1.27687
0.167184
1.6892
0.193549
1.61597
1.59767
0.397823
0.0565884
0.790612
6.74684
1.78213
0.290946
1.67377
2.05727
0.933375
0.659994
0.933692
0.902426
0.468977
0.930623
0.66909
0.324255
0.884262
2.36308
1.93691
0.520085
0.984724
0.439588
1.47684
0.472419
1.50072
0.169905
3.81965
0.649523
1.05014
0.501555
0.612073
0.322547
0.717829
1.03471
1.72806
0.434716
1.82182
0.472348
0.161792
0.206165
0.911868
0.525438
0.348344
4.10171
0.406849
0.408265
0.956674
1.69926
0.310194
0.840521
0.654872
0.787671
0.527241
2.62443
1.13965
1.23358
0.517716
3.61175
0.634582
0.3554
0.477625
0.860664
0.486231
4.5841
0.77259
0.34945
0.11802
0.983069
0.652892
0.612102
0.422603
0.285075
0.429536
0.285894
0.593098
3.22153
0.140266
1.30259
5.00296
0.394693
1.57885
0.179716
0.340356
3.26806
4.38205
0.366491
0.994069
3.06861
2.37876
1.13162
3.26319
0.614267
0.678908
0.379391
0.934984
1.19813
0.380715
1.01003
0.741233
2.43021
0.290863
0.123358
1.05271
0.617854
3.31298
0.298098
0.906559
0.692828
0.198451
0.377148
0.389413
0.798841
0.198102
4.33539
1.14106
0.813301
0.749564
2.43912
0.538115
0.504212
0.656635
1.0076
0.322565
2.2454
0.40048
0.317141
0.634861
1.61628
0.185957
3.3814
0.337327
0.441768
0.500073
0.693317
0.589942
1.44305
3.04115
0.365388
0.546472
1.31865
0.243663
0.267074
1.6534
1.00269
2.36026
2.11239
2.68066
3.55139
1.29255
0.453654
3.32225
0.45375
0.350748
0.251992
0.365999
0.311707
1.00007
0.956167
0.552004
1.08756
2.27324
2.78855
0.910497
1.39873
0.598399
1.2008
4.07221
3.8779
2.63382
6.34752
4.13084
0.401378
1.93815
0.60682
0.398078
0.677046
0.336735
3.38353
0.863402
0.74971
1.10526
0.985886
1.72533
0.400351
0.74766
0.641237
0.57668
1.76804
0.102994
3.1882
1.56247
0.931007
0.311299
0.468462
0.338002
3.79281
0.331747
1.11828
0.525848
0.936716
0.855026
0.684685
1.32669
0.585842
2.58365
1.0786
2.32249
0.713572
0.413054
0.0884159
0.830532
0.680507
0.673014
0.911016
0.515381
0.177352
0.198117
0.760396
0.437547
1.06124
2.89091
2.76414
1.65251
0.239655
1.80824
3.95897
0.612014
0.863521
0.495637
0.649356
1.20886
3.74019
0.470179
0.33293
0.798989
1.1451
0.656801
4.65164
2.68603
0.483347
2.03233
0.51122
1.95318
0.305854
0.440666
3.51145
0.504289
0.582026
0.325623
0.511992
0.703284
0.545248
0.414498
0.314391
0.542534
0.192195
0.869255
0.235297
1.21072
4.98907
2.79018
0.993278
0.407083
0.367829
0.708142
1.93234
0.463202
0.771748
0.463664
0.719597
3.65888
0.64227
0.354722
0.857285
0.895799
3.11355
0.234005
2.17722
1.16936
0.796198
2.69326
0.278658
1.16209
5.57411
1.10118
0.645143
2.86929
0.203912
0.696813
0.397729
1.48527
1.6661
0.689876
0.553872
0.0946863
3.47898
0.419222
0.727828
0.367492
3.78673
2.19157
2.39846
0.265403
1.34329
4.29554
0.172874
0.5648
0.755602
3.16024
0.362585
0.709224
0.673203
2.68162
2.88075
1.2805
1.65046
0.528411
0.457026
0.355343
4.64433
2.18257
0.220577
0.219931
0.513325
0.925603
1.81559
0.586226
1.10641
0.700079
1.00427
0.582644
0.692439
0.921469
1.13163
0.131215
0.918355
0.497325
0.496879
0.518064
1.273
0.501056
0.338049
0.644985
0.726774
0.695489
0.195006
2.28273
0.497877
0.484547
1.59553
0.751965
2.80303
0.67179
5.12219
0.217032
0.219211
1.31313
0.189957
3.10905
1.10765
3.04132
0.423654
3.2301
0.172343
1.05225
5.54455
1.55361
0.714004
4.93656
0.0792587
2.10452
2.67287
7.16297
2.05769
0.353671
1.89385
6.37919
0.73661
0.096602
1.11779
0.388249
1.35365
0.53544
3.60125
4.88773
2.74377
4.00091
0.332378
0.637124
0.952236
1.76325
1.28052
1.4677
1.28252
0.715553
1.53
0.81628
0.572691
0.817061
1.82984
0.875952
1.57854
3.04012
5.39288
4.13831
0.21529
0.604216
1.03548
0.553746
0.133521
0.446901
0.447983
0.438385
0.171503
2.04825
0.256088
0.756024
0.483381
0.348975
5.02956
0.329093
3.18996
0.354097
0.389994
0.932293
0.423281
0.507525
0.260769
4.54853
3.41398
0.49865
0.553234
0.40947
0.616798
0.574387
3.8441
0.385338
0.894334
8.41047
0.474077
0.504171
2.92429
0.700978
0.836477
0.260442
0.509002
2.10668
0.309754
0.370891
0.368639
0.288957
3.30649
0.713793
0.64686
1.5721
1.20149
1.49905
0.293484
0.465736
0.621902
2.49801
2.26814
1.42586
0.597943
0.744942
0.72066
23.0467
0.372745
0.384108
1.2583
1.63585
0.338215
2.6961
0.270797
0.617317
0.401227
0.700551
0.878045
4.99369
4.43115
0.555487
0.313905
2.45788
0.426069
0.727201
0.329399
0.660762
2.91618
1.24935
0.238108
1.49743
0.514471
1.72385
0.461091
0.255104
0.309081
4.9985
0.386661
2.67296
4.9301
3.09892
1.2502
0.678419
0.144079
2.50392
1.53664
0.95312
0.276102
0.690403
0.530147
1.73303
0.785605
0.996708
0.659042
0.842782
0.701312
1.07702
0.344162
0.244436
0.262745
0.403754
0.92772
3.49154
4.28016
0.231418
0.452528
0.531
1.19031
0.905632
1.71738
1.01802
0.513311
1.09663
0.54484
1.09859
0.510047
0.536551
2.05571
0.558207
0.351611
0.408053
3.95368
0.244343
0.480585
2.67216
0.828144
3.02285
2.28113
0.367603
10.0555
0.54795
2.40146
1.12238
0.445312
2.17893
0.391558
0.339445
0.282248
0.916744
0.892204
0.401433
1.00225
2.48003
0.597135
1.31934
0.899386
1.17919
0.270367
1.10824
0.723874
11.9016
0.400765
0.280435
0.347222
0.748436
2.6715
0.97298
0.827878
0.843934
1.2915
1.48505
2.56401
1.54714
0.427477
0.158762
0.487376
0.516746
0.512556
1.53942
3.76715
4.65152
0.709382
0.573905
1.14419
1.08063
0.559249
0.362574
0.461097
1.03026
0.87852
3.2547
2.10794
3.52164
1.24369
0.63251
0.922774
0.152946
1.37891
0.446155
0.385354
1.5258
0.212977
0.523104
2.66458
1.03645
0.557631
0.576105
1.22346
3.98202
0.519083
4.94247
5.10442
0.15676
0.478038
1.03963
1.33353
0.694266
3.04073
0.184094
0.209331
0.707379
2.03992
0.556743
0.599632
3.55354
2.37201
0.523098
0.595452
0.599514
2.05948
0.278452
1.268
3.13699
2.68651
0.525275
6.66898
1.22944
0.794852
0.474433
0.921912
0.474857
4.59002
0.460704
0.643798
0.624386
0.700485
0.329977
0.484615
0.502829
0.377846
0.851173
1.67642
4.67901
0.415069
0.618335
0.652038
0.140893
0.101394
2.67154
1.16545
0.761883
3.50271
1.02425
0.587473
3.80061
0.30416
0.996767
2.14889
0.867287
3.9075
0.483566
1.82581
0.464757
0.26448
1.9702
2.7704
2.98476
1.23658
5.15135
0.680704
0.597273
0.469218
0.382933
0.488105
0.219976
1.19743
0.527337
0.735275
2.63558
0.245888
0.225056
2.86342
2.46462
2.27488
0.171652
0.39093
0.952884
1.73022
0.809321
3.16891
0.417188
0.163274
0.522479
0.334621
0.109128
0.300803
0.150321
0.0429713
3.11195
0.506957
0.294719
1.15666
0.771219
0.406684
0.447367
0.775517
1.85071
0.644826
1.31374
1.1793
0.702861
1.335
0.866455
0.400868
0.325375
2.7098
1.16284
1.04672
2.30353
0.388878
0.341668
0.709661
3.4598
0.477724
0.673178
0.253247
0.919621
0.426069
1.16826
2.72212
0.267521
2.48824
0.333452
0.239924
0.570189
0.268193
0.68914
1.16356
2.43582
0.339911
0.413728
2.50047
0.256591
3.38749
0.455461
0.334852
0.369662
2.15906
0.345379
2.28809
2.03887
4.91206
0.174105
0.453329
0.532901
0.358272
0.891543
0.551599
1.07606
0.733636
0.134804
1.28703
3.21676
0.603193
0.306758
3.55514
1.25968
1.78118
0.408352
0.648807
0.41699
2.78607
0.420025
0.195288
0.847391
1.34804
0.526528
0.416566
0.781878
1.49629
1.32935
0.155687
0.757849
0.794492
1.5214
0.415245
0.14871
3.62136
1.38505
0.383861
1.90193
0.630511
2.76802
0.904605
4.1772
5.11664
2.15633
0.123354
1.34722
0.894633
0.789401
0.35677
0.261817
0.219146
1.26993
0.374681
0.527658
0.609638
0.245434
0.276786
0.482785
1.56928
1.08265
0.501965
0.374112
0.279536
0.188196
1.43369
0.475397
3.06575
2.78359
0.675963
1.06465
1.63205
4.43741
0.170071
0.563092
0.363783
4.58819
0.697618
0.681002
2.71226
0.50372
0.997497
0.295826
0.885132
1.46601
0.217346
0.37263
0.867796
0.5511
0.292979
0.386445
0.775354
0.494537
0.801879
1.07659
4.26698
2.42874
1.77623
0.277949
0.544738
0.231858
1.77671
3.22708
0.371793
3.96571
8.21399
0.428882
0.440985
0.832574
1.07681
2.06738
0.82404
0.487387
1.31068
0.809142
0.546468
0.0904163
2.49721
0.3832
0.365525
0.423472
3.01168
12.4729
0.803933
2.3595
0.904916
1.17448
1.06784
1.28857
0.616699
0.86338
0.565875
0.234604
0.342161
1.1337
0.746465
0.289692
0.858485
0.553539
1.29813
0.389098
2.48901
1.40867
0.860198
1.2294
0.58655
1.60976
0.62827
0.874113
1.34
0.419408
3.27192
1.93585
1.11976
0.629131
2.44702
0.540095
0.242753
1.10475
2.74158
0.790699
2.57165
0.956948
0.858189
0.708624
1.31539
0.426525
0.230813
1.18836
2.21929
0.465037
0.512776
1.64453
1.08331
3.04641
0.553654
0.547794
5.60695
1.26393
1.32565
1.02943
0.131912
0.302477
0.670341
0.324671
0.290786
1.0111
0.388187
0.331829
0.169549
6.20745
0.383233
2.89775
1.49755
0.883425
1.55975
0.158001
0.809333
3.23574
0.891176
1.23182
0.756631
0.870375
0.532092
0.650189
1.3555
2.14024
0.535593
0.303092
0.529718
0.566561
0.97699
1.42897
0.803263
1.65469
1.65668
2.47478
0.308412
0.685187
1.96564
1.07848
0.536501
1.03569
0.727814
2.24731
0.526547
0.228498
0.153446
0.512405
1.04357
0.861714
0.145828
4.1813
2.46244
0.721433
0.435313
0.809712
1.72054
0.676133
0.833626
5.36279
1.96268
0.362405
1.01166
0.31004
0.66713
0.268416
0.433424
0.339062
0.862357
0.35965
0.846639
0.303958
3.17689
0.866687
0.966715
1.17309
0.713318
3.14639
0.467246
2.3548
3.21271
2.33696
2.42123
0.906124
5.18277
0.883496
0.277028
0.221428
2.40149
4.08206
0.632583
0.472864
1.92917
0.900194
3.38977
0.954496
2.18343
14.1835
1.11811
0.438624
2.23953
0.772759
0.969284
0.490023
0.451237
0.452966
0.234665
0.387216
1.17791
0.539839
0.240772
0.660505
1.06779
0.438273
0.195552
2.64863
0.747586
1.68136
0.447257
0.490731
0.930396
0.106307
2.08322
0.998111
0.733444
0.886656
3.14598
1.62714
1.27666
2.88381
0.267223
0.739775
0.235002
4.85864
3.01841
0.550058
0.200172
0.414886
0.31293
0.328126
0.615709
0.396729
0.867674
0.237516
1.0842
0.763547
5.06634
4.34212
0.161411
0.359572
0.210555
1.12986
1.17787
0.711245
0.200856
0.717196
0.61281
0.293349
0.228881
2.85286
0.584717
0.50548
17.1677
1.98269
4.29729
0.245933
1.296
3.92656
2.15382
0.947472
0.399402
4.12614
1.30298
0.701565
0.308579
1.97763
3.76916
0.505123
0.691319
0.430263
1.36648
0.708037
2.3686
0.243301
0.572538
0.495485
0.46086
1.35549
0.395239
0.141383
3.46029
0.388434
0.347081
3.66259
1.34822
0.434856
0.44715
0.387629
0.655327
0.557264
0.616834
0.282507
3.58767
0.146137
0.313256
4.10399
0.284036
1.02004
2.96751
0.915742
1.71498
0.315944
0.425085
0.456522
0.666081
2.66586
0.284279
0.83869
1.79251
0.926305
0.418756
0.538638
0.820614
0.886798
0.972334
0.963866
1.29201
1.49287
0.981871
1.06092
0.424411
2.01403
3.27947
23.442
0.536342
1.80936
0.875203
0.418536
0.151809
1.15546
0.345207
0.797332
0.271261
8.51117
0.177955
0.301772
0.870282
0.373032
1.08664
0.428475
2.79235
1.28633
0.375268
0.396893
0.329524
0.915615
1.0903
0.630726
1.0246
0.823008
3.30448
0.54124
0.723148
0.367019
2.15746
1.40904
0.687959
0.627322
1.64643
4.78848
0.557676
1.78643
5.02105
0.362914
0.697472
0.481327
1.34609
1.06483
3.01884
0.35397
3.90156
3.15586
3.20512
0.290009
1.39797
0.705044
0.214654
0.93748
1.26394
0.999965
5.18316
2.2198
0.379254
0.469803
1.20796
1.94942
0.497092
0.0301124
0.339477
0.0836493
0.561025
0.327701
0.382095
0.334918
0.667057
0.261449
0.530079
2.86996
0.223073
0.561168
0.401406
3.11846
1.10657
1.57231
0.468644
0.240039
2.82817
10.4394
1.66455
3.72071
0.156779
0.557187
1.96573
2.84984
0.357393
0.281651
0.216492
0.999065
2.03938
0.574403
0.314773
0.289316
0.379658
0.861733
0.493114
4.8442
1.041
0.622678
0.222403
2.78514
0.208794
1.02879
0.688705
0.747238
3.55732
0.753437
2.89049
0.610637
0.900036
0.588742
1.05113
0.36341
1.88998
0.556998
2.16311
0.292297
0.278699
1.99175
3.86053
2.98505
0.500422
0.472375
0.398238
0.848939
0.462593
0.161475
0.631287
0.558272
2.77481
0.294484
0.619699
0.988756
1.46842
0.448322
0.419568
0.995473
2.08909
0.483829
0.671706
0.422068
0.368666
0.331295
2.27471
3.08111
0.62967
0.425866
0.265613
0.210229
1.16122
0.419378
0.579404
1.15582
0.673902
3.3374
3.88857
0.781101
0.526954
8.22268
0.264618
1.15886
1.11443
1.15408
0.149664
0.614834
0.966211
1.5113
0.206204
5.18647
0.134107
0.891396
0.347331
3.0974
3.5589
0.502395
0.424574
0.172194
1.37248
0.364506
0.866138
1.35887
0.72541
2.95144
1.45197
0.866824
3.70042
0.320936
1.33366
0.699485
0.284748
0.539171
0.611468
0.643055
0.318024
1.17601
0.271879
1.1943
0.201588
1.01975
3.12749
1.06242
0.864416
2.73409
0.512592
0.703776
0.168815
0.841313
0.339028
0.401464
4.15553
2.33578
0.454065
0.596901
0.910177
0.456508
2.95857
0.600963
0.272444
1.08221
0.81835
0.281454
0.567109
1.15803
2.86849
0.240798
0.220004
2.14068
0.855443
0.711052
10.6921
0.519694
2.44357
16.2982
0.628033
8.74878
0.109071
0.419059
0.313864
0.334723
0.964754
0.842957
0.192234
1.48337
0.991445
0.357465
0.729961
1.22551
1.75037
0.285204
1.40273
1.47233
4.98998
0.802714
0.619438
1.72389
1.58017
2.75886
0.616873
0.658084
0.643993
1.3226
0.787405
0.91192
1.08425
0.953878
0.196823
1.32728
1.64334
4.29412
1.46396
2.46369
0.440698
4.7237
0.43304
0.715152
1.73772
1.67064
0.40228
0.500875
3.62381
0.322187
0.467507
0.228317
1.56737
3.24912
1.31003
0.250705
3.08611
1.75167
5.20888
0.441498
1.22602
1.00277
2.30033
2.99614
3.36787
0.31416
0.649713
1.75225
0.535837
3.03141
0.233384
0.371315
1.09486
0.393332
1.40726
0.401254
2.99832
0.512949
0.380002
0.12983
1.57243
1.62624
0.197433
3.31258
0.610919
0.555216
0.193409
1.0068
3.30744
0.426164
0.548382
0.716205
0.483872
0.908758
0.752136
0.278671
0.912274
0.226847
0.357955
0.413908
0.490883
0.297268
0.774856
0.438226
0.332968
1.54833
0.790544
0.407
2.80156
0.186382
0.308123
2.68183
0.866151
1.21921
0.495615
0.911803
0.458129
0.444666
0.439707
2.04491
0.293633
0.440532
0.902908
4.96712
0.370181
2.38498
0.336784
3.51727
0.680992
13.2001
2.11363
1.15171
0.673615
0.559009
0.786159
0.417689
0.20228
1.83209
0.56422
0.300141
0.2457
1.19067
0.573664
0.578078
1.58388
2.5718
0.821168
0.834721
0.729313
4.36146
0.241031
0.362846
0.47459
0.696153
0.323532
0.327328
5.15594
2.05611
3.86432
5.23685
2.07065
0.278321
5.40797
2.61604
0.714181
0.681024
1.35287
0.211844
2.21454
0.701141
3.04763
1.05468
3.18328
3.15219
0.271072
0.838149
0.461893
5.79742
0.261934
0.442447
0.526961
0.344776
2.07567
0.782416
0.683403
0.577126
3.19681
4.61962
0.695289
0.257427
0.270416
0.514758
0.283864
4.59539
0.172275
0.427185
0.550458
3.76146
1.33492
1.99085
1.40443
8.45986
1.56805
0.372068
0.421752
1.00454
0.933643
0.298193
0.278552
12.1947
0.940678
0.816774
1.82145
1.57769
1.26654
0.250027
0.567647
2.11216
1.02486
0.496928
5.23854
0.80732
0.223768
0.299263
0.636865
0.422756
0.617631
0.129421
0.677732
0.432092
3.57351
0.226167
1.30189
0.596559
0.64666
2.53191
1.05662
0.661769
0.367739
0.44221
3.47856
0.546617
3.78206
0.254981
1.2033
3.6029
0.379809
4.13651
0.743196
4.19587
0.563743
0.622335
3.67319
1.78929
0.550473
1.01282
0.429406
0.411573
3.61559
0.88102
0.593533
0.139371
0.56
1.05394
1.78716
0.447406
1.17862
0.476248
0.349032
0.265413
2.19942
0.895423
0.501473
0.355633
0.701046
0.515709
0.316955
4.99522
0.545993
0.152147
0.526906
2.96816
4.25823
3.07815
2.30834
0.407305
1.19349
2.49453
1.44731
0.914097
1.63655
3.67379
0.215207
0.36099
0.436501
0.440663
0.146332
1.54395
0.0877946
0.369618
3.4934
0.366121
1.10554
3.34744
1.20789
2.62305
2.72557
0.886714
1.21369
5.06348
0.668572
0.69627
0.84698
0.843299
4.37971
0.460288
0.661872
2.69318
0.407606
0.801903
0.526901
2.89833
0.441869
0.441635
1.7801
0.846163
1.07444
0.825093
0.314519
0.605675
3.83826
3.38883
0.544598
0.51717
1.29178
1.11262
3.67906
4.16589
1.44965
0.411484
0.291317
0.823435
0.39727
0.539863
1.1547
0.664278
2.73421
0.64897
1.94405
0.388879
1.08729
1.30805
5.30703
0.689429
3.95481
0.149056
0.43386
16.1145
2.50031
2.15579
8.77257
0.74395
0.484365
0.374382
1.76928
0.612665
0.577121
1.8223
0.671219
0.377732
0.859981
0.841038
0.452542
0.437363
2.16816
0.150172
0.462492
2.28774
2.73335
0.242503
0.603156
0.156895
0.508642
0.153336
0.179241
2.16581
0.587846
0.55846
0.37618
1.5686
2.26956
1.02536
1.19116
1.64391
0.450489
0.282577
0.212559
0.735495
1.61994
0.538018
0.705522
2.58683
0.229634
0.181724
0.321766
2.22178
3.47145
1.37621
0.0871053
1.4582
2.84745
0.885112
4.47578
0.516996
1.41943
4.00155
1.01142
1.56785
0.302195
0.433716
0.110943
0.57561
0.417878
0.716746
0.790927
2.33938
0.680179
3.26326
0.434793
1.54124
0.188321
0.850039
0.27437
0.700942
0.370092
0.191766
4.99676
2.25011
0.599874
0.676585
1.55514
0.574441
0.439471
0.132654
0.446255
0.301567
0.135793
2.74978
0.385606
1.58886
0.971202
4.10262
0.135577
1.05015
0.69656
0.531976
2.53171
0.35142
1.16551
0.231494
0.273786
0.293219
0.493108
2.1523
2.25936
0.28529
1.17193
1.56012
0.798765
0.769565
4.65854
0.861228
0.800986
0.165436
0.858686
0.862706
0.279583
0.345009
0.769993
1.5048
0.987085
2.02659
1.06403
1.0615
0.944657
1.65408
3.09841
0.456033
0.402196
1.25061
2.34927
0.453735
2.65995
2.95497
0.494726
1.8607
0.527907
1.09409
0.652291
2.39997
0.654578
3.43353
2.02231
0.639338
1.08587
1.09535
2.44328
1.74559
0.52257
1.35057
4.38937
0.480649
0.132505
0.472633
0.411756
0.390665
0.405446
2.40205
1.22798
2.18661
1.30857
0.491579
0.267541
4.28215
0.342637
0.567196
0.534049
0.476828
0.502905
0.723344
2.34393
0.428708
1.30839
0.0797463
0.558103
4.48385
0.463811
0.582931
0.231193
0.914023
0.548129
0.59429
0.174307
0.62298
0.838229
0.409461
0.975875
3.84076
0.948258
0.713253
0.0997103
1.00615
0.0635696
2.09817
1.12397
1.21034
2.34804
1.40627
1.45735
0.691891
1.83976
0.683863
0.384876
1.21253
0.71608
0.509232
0.718663
2.05179
0.442773
1.04
0.445053
1.29466
0.566744
0.777773
0.328059
0.202216
2.56326
0.633154
3.58845
0.288564
0.560274
0.576771
0.382236
0.411585
0.554334
4.00686
0.176953
0.347415
0.775647
4.3869
1.02701
0.378226
0.263261
0.522095
0.562902
0.62369
1.70388
0.635909
1.86972
0.224611
0.583615
2.50598
0.866628
0.689235
0.438239
3.83124
0.458045
1.14419
3.95642
0.757763
0.89841
1.9078
0.229289
0.919288
0.494274
3.36889
0.139448
0.626144
1.9046
0.298639
1.04047
4.27408
0.56056
0.673374
0.329342
0.419788
0.609974
1.03379
1.68432
0.424568
2.40461
4.44622
0.134366
0.683903
0.34899
0.242363
0.411263
0.630113
0.209362
2.76162
0.144119
3.23059
0.445043
0.431337
4.7422
0.598542
3.9629
2.62679
0.178046
0.901596
0.280148
0.279465
14.8809
0.624457
1.06212
0.692752
0.917534
0.986424
2.63173
2.92295
2.1176
2.42282
0.400214
2.95884
0.55322
0.691031
1.59582
0.50697
0.755912
0.111326
3.53538
0.283105
0.150774
0.895128
4.42634
4.55681
0.694195
3.14257
1.85277
0.829597
0.363681
0.365593
0.464632
0.47585
0.439816
1.93628
0.527474
0.246787
0.759057
1.3695
0.521418
1.1425
0.732432
0.793281
0.829692
0.819232
0.322852
2.64767
0.433814
0.693451
1.1743
0.456826
1.98351
0.418887
1.34308
3.54183
0.608208
0.207921
0.483669
0.300775
3.67547
4.34212
2.77975
2.36423
1.27967
4.30734
2.28927
0.385246
0.511099
2.80887
1.32196
0.66243
0.931052
0.653733
0.657727
0.986157
1.13791
1.00215
2.35542
0.939767
1.46012
0.759946
0.288717
0.573681
4.49022
3.43543
1.05658
0.36267
0.164486
0.663359
0.438939
0.52327
2.33145
0.854394
0.824645
7.63456
1.9881
0.835587
0.589213
0.883556
0.217356
0.353017
0.868783
0.296198
2.34684
0.259655
3.54155
0.166984
0.331297
0.625304
0.274299
1.26119
3.28653
0.459979
0.815254
1.16967
0.570666
0.461869
0.490447
0.963342
0.659104
0.290433
0.697866
2.05238
0.644123
15.1194
0.773212
0.867674
0.460259
1.70198
1.1347
1.15431
0.314359
0.327092
0.328346
2.69036
0.973116
0.495491
4.42432
0.646937
0.723418
1.40498
1.22906
2.6967
2.80541
1.66458
1.69166
1.94191
0.496988
0.955928
1.67788
4.41707
0.927189
0.419129
3.82863
0.930267
0.600873
5.16828
2.72266
0.611102
1.24915
0.910576
0.693388
3.81023
0.253858
1.47722
0.452083
0.474849
0.309118
0.395128
0.363038
7.70036
2.10697
3.80868
4.43399
0.25385
1.87727
0.394142
0.557223
1.07319
0.579102
3.32673
4.41443
2.61736
1.18214
6.82735
0.372762
1.62073
1.87502
0.600015
0.469584
3.71915
0.878718
0.240281
0.496378
0.65903
3.23106
0.440087
1.23497
0.695397
0.961816
1.01795
0.316865
2.2284
6.80888
0.294313
0.810149
3.64401
1.61445
3.29503
0.615263
0.919907
1.15975
0.717635
1.1966
4.06445
1.52439
1.19384
1.57054
0.391293
0.294836
0.159814
0.084004
1.87119
0.414429
0.942547
1.46231
0.227586
0.631666
0.819123
0.960024
0.334318
2.79159
0.440308
0.469241
0.234337
2.67956
0.669945
0.378402
2.07144
1.64067
3.76683
3.56477
2.78078
1.12381
0.518613
0.896637
1.39409
0.195442
0.832049
3.33317
1.85201
2.76464
0.551236
1.55649
1.39812
1.38832
0.314448
0.49312
0.277848
0.143493
0.341407
2.17533
0.177812
1.0893
0.39685
0.269016
1.48203
3.7375
0.424747
2.17575
2.20529
2.02058
0.241535
0.779565
1.96997
0.871913
0.605639
0.579735
0.513089
0.956021
0.542267
1.07391
0.64455
1.1819
0.741145
0.71547
2.56215
0.533568
3.00656
4.11706
2.9561
2.62156
0.80111
0.99832
8.07177
0.368546
8.70173
0.705916
3.02582
2.31621
1.3371
0.667615
2.70843
1.2522
0.506737
0.280026
0.200094
3.54903
0.230823
0.227536
3.98859
2.01768
1.2703
0.553774
0.521343
3.7534
2.40912
0.534031
0.6146
2.25293
0.546923
0.42009
0.449056
1.05555
2.12898
0.160014
0.475079
0.492374
6.35804
0.371446
0.390576
0.596551
3.68968
0.422267
0.567871
0.488404
2.23605
3.34288
2.18288
1.06839
1.01216
1.33279
0.482916
0.14047
2.39608
0.452246
1.75846
0.661597
0.899858
0.939959
0.857582
1.03166
0.604267
2.40653
0.539853
0.75016
0.221146
0.264055
0.652424
0.548194
0.432475
0.494684
0.153781
4.66362
2.35935
1.1843
1.736
3.80723
0.310263
0.2967
0.767005
0.491042
0.499596
0.392099
4.81876
0.716667
2.97791
0.285139
3.10908
2.05411
2.26641
0.136209
0.273485
1.45051
0.881874
0.617524
2.92292
0.469899
1.18193
0.381328
0.38748
0.303579
1.02364
1.69256
0.216926
0.461325
0.573636
0.304648
3.87185
0.411895
0.200339
0.61876
0.480555
1.95705
0.113699
0.435374
0.616254
0.5488
0.823429
0.713442
1.77099
0.341198
2.47882
0.913504
0.507089
0.518396
2.42567
0.702989
0.600485
0.417918
1.57491
1.26359
0.0663591
4.81913
0.567853
0.536845
0.58977
0.350665
0.888721
1.20062
0.466013
0.738939
2.00639
0.477217
2.75065
1.02962
1.16506
1.26688
0.745872
1.34611
0.311822
1.20299
4.48794
0.349772
0.188343
0.991268
0.791977
0.265156
0.872116
0.643963
0.245305
4.49543
1.76763
0.236953
0.621951
3.01914
0.97956
0.752821
5.10307
2.31141
0.526385
0.596172
0.531479
0.787823
1.05206
0.22939
1.20885
0.738291
0.129889
0.388814
0.785695
0.340741
1.56737
0.763802
0.722065
0.842258
2.8662
0.300609
0.67922
0.737008
2.01302
3.73507
0.400821
0.324877
2.06797
0.873832
0.426646
0.719026
1.70261
0.45336
0.439656
1.23816
0.448189
0.441738
0.448513
2.68838
0.513139
3.03887
0.704212
2.37386
2.81578
0.91641
0.568705
5.53905
0.709213
1.07304
1.24171
0.32233
0.570917
6.10523
3.66211
1.24851
1.78192
0.990397
1.08529
0.747875
0.396308
0.34516
0.313518
0.730716
1.54948
0.66152
0.361056
0.22712
0.302663
0.728854
0.901955
2.07655
3.37756
0.138443
3.21278
2.0223
0.859913
4.70684
1.03011
0.842082
0.659699
3.35743
1.17109
0.577854
0.948074
0.176914
3.09183
1.84059
0.414333
0.437974
1.03043
0.821129
0.508522
3.06173
0.441793
0.569377
0.824947
11.5837
0.425327
4.29658
1.14411
2.21337
0.965604
0.471455
0.36539
0.579427
4.63669
1.70917
2.06658
0.679794
0.847072
2.03865
1.48403
1.71709
0.217979
0.589495
1.03601
0.362661
1.62455
0.415965
0.58938
3.23286
0.201091
0.490553
2.5702
0.576615
0.670463
0.812409
0.613418
2.98337
0.33888
3.69677
0.506339
0.290133
1.87997
0.654282
0.580778
0.528505
1.68724
1.67044
0.456394
5.67339
2.96132
0.655474
0.443135
1.37783
0.334115
0.151509
3.7091
0.911869
1.24584
0.333929
0.622188
1.36468
0.195578
0.407457
0.749729
1.4415
0.128015
1.00957
0.721164
0.785063
1.64642
2.63601
1.08626
1.23722
1.17345
1.05134
0.383767
1.24903
4.95868
1.35963
0.33046
0.532718
5.19957
0.269853
1.08846
2.96594
0.530519
0.233889
0.391635
0.574251
0.519561
3.63366
0.694504
0.520541
0.206206
0.333824
0.630073
0.592987
0.73252
1.03886
0.869324
0.994455
0.21258
0.219107
0.755049
0.891425
4.95258
3.55806
4.75763
2.12248
1.99945
6.09357
2.09882
2.62439
0.331079
3.12361
2.95989
0.560083
0.192741
1.01943
0.580743
2.08845
1.70549
0.493016
1.93129
1.32042
0.791614
0.59539
2.85336
1.19594
0.682193
1.11313
0.541842
1.08891
1.27646
1.43998
0.345471
0.125867
0.396812
3.8965
0.580429
0.28525
0.832504
1.37638
2.2792
2.83786
0.342411
0.994852
0.548753
1.75444
0.521463
1.71479
0.546011
0.42625
0.439626
0.0830065
0.93554
1.68355
2.9494
0.502665
0.410311
0.227786
1.34364
0.359365
0.733291
2.24077
0.797375
0.821513
2.25053
0.74915
0.12728
0.599454
0.519251
2.33636
0.640534
0.471876
2.57898
2.6953
0.693337
1.28501
0.579047
0.351823
2.0074
0.739795
0.277073
0.719179
2.92964
0.860174
0.423843
1.47344
0.217172
0.657896
0.222965
0.48239
0.427374
0.158056
2.4066
0.695144
1.33427
0.566629
0.843285
0.489768
3.88969
0.226465
0.44757
1.10163
0.530841
0.988185
0.151896
0.545863
2.79929
0.273607
2.17388
0.570826
0.389047
4.5185
3.10686
0.918321
0.836742
0.549948
3.34892
1.23607
1.28798
1.21591
0.481406
0.185948
0.199721
0.989244
10.5574
0.394272
4.57108
0.369118
0.50782
0.922973
0.461238
0.210538
1.14047
0.163217
1.36073
1.38533
1.6904
0.613369
0.309823
0.634442
0.450363
0.292044
1.51215
0.511515
1.96419
3.50978
2.73421
0.619447
1.83015
0.379063
0.41843
0.435958
1.16944
2.54734
0.266554
1.34837
2.68954
0.35672
0.403153
0.352742
0.502587
0.488117
3.66989
1.27884
3.42893
1.09185
0.136075
0.421973
0.967807
2.35669
2.49444
0.353694
0.549642
0.34194
0.34472
2.74265
0.320033
0.65384
3.20539
4.65885
1.04153
0.609193
0.428863
4.70808
0.996235
1.63612
4.89624
0.691142
0.754937
4.43259
2.45142
0.426483
0.536987
1.88595
2.11374
1.62987
7.82803
3.95296
3.29155
0.235402
1.05937
2.18285
2.43901
1.57656
3.00061
0.260492
0.640797
1.48839
0.338985
0.560885
0.514042
0.583699
0.703577
0.467215
0.504288
0.334834
0.983631
1.26056
0.254882
0.621105
0.336797
0.158232
1.54373
0.402592
3.58529
0.601355
0.50044
0.828173
0.483571
0.302601
0.978408
2.51387
0.607517
0.965827
0.502144
4.11887
0.577737
0.11081
0.639759
0.632349
4.39153
4.8802
0.60551
0.336206
0.385418
1.22676
1.8274
0.765704
1.14314
0.200731
3.55844
2.6676
1.89672
1.06944
0.405857
0.690455
1.22572
2.66384
2.32789
0.562116
2.04543
0.657903
0.458396
1.63953
1.49088
2.92344
1.21306
3.70481
0.346224
1.0083
0.686766
0.399651
0.561246
0.415426
2.21152
3.80686
0.791076
2.50661
0.567304
1.35114
0.865674
0.919399
0.824657
0.40119
0.781722
2.22781
3.57456
0.433067
3.11616
1.66041
1.51215
4.26882
0.604485
1.33599
0.688055
0.849126
3.10747
0.150209
0.105434
0.985627
0.74779
2.64169
0.342055
0.570634
3.94074
0.320658
0.390522
0.466331
1.95418
0.388282
0.841435
0.597653
0.881975
0.933136
1.34109
0.73349
2.30164
0.763192
0.515473
0.300376
3.27839
1.22004
0.530324
1.65766
0.749972
0.660328
0.880712
0.736998
0.223492
1.10719
2.80698
0.654985
0.236267
1.4679
0.341246
0.468182
1.4851
2.75977
0.309529
0.84224
4.38675
2.43278
0.722848
5.29403
2.67105
0.290303
0.456479
0.490118
1.77854
0.220487
1.50535
1.29456
1.01772
0.937869
1.65618
0.695184
0.608076
3.91404
0.0978381
3.94473
0.277635
4.56531
0.83571
1.90981
2.03357
4.01201
0.637186
0.966086
3.23816
0.633813
2.46866
0.510038
1.2769
0.267472
1.49418
0.748138
1.9251
0.622232
4.87365
0.229511
0.846177
0.682663
0.659468
2.02684
1.32259
2.439
0.13726
0.28316
0.956332
2.93788
2.32802
3.53592
1.18358
1.35271
4.24733
0.455256
0.710094
3.38212
3.60606
2.48256
1.55817
2.54486
0.628092
0.886477
0.93869
1.568
0.139454
1.12383
1.37157
0.785884
0.29745
0.5458
2.14791
1.52693
0.379277
1.18752
1.11999
0.290733
0.102833
4.44194
0.546612
0.207878
0.912071
0.518968
0.305659
1.12678
3.90949
0.204486
0.373887
0.855509
0.414913
0.47807
0.322479
5.01587
0.818588
3.56719
0.991512
0.633906
0.732479
0.960688
3.45145
0.380481
0.652902
0.280482
0.52341
0.587257
0.425713
2.93706
0.564309
1.18691
0.555806
3.50416
1.34986
0.349576
0.168322
0.672649
2.82461
1.65449
1.28918
0.521488
0.971685
10.6378
0.374749
0.381004
0.502462
0.444862
1.84124
1.14568
0.705706
2.38872
0.722043
0.657615
3.93883
0.449077
0.351896
5.27617
1.94376
0.247913
1.73408
1.03019
1.28765
0.672465
0.224673
1.47789
4.85396
0.0877123
4.03611
0.291017
0.396066
1.93874
1.03957
1.01139
0.69086
0.73885
0.422478
0.652372
0.495155
1.20288
0.344605
1.14709
0.436722
5.28665
0.360438
2.49498
0.281184
1.20265
0.492897
2.20727
0.181945
0.2062
0.821086
0.612565
2.87889
0.382126
5.30543
0.377833
0.480638
0.140802
0.200988
3.06885
2.39983
4.46117
0.578912
1.03518
0.497001
1.80043
0.245342
1.26562
1.57576
0.815806
1.03656
2.0688
0.516026
1.03039
1.15772
0.407167
1.96579
1.03603
2.21825
0.502169
0.458573
0.22156
1.39441
0.971392
0.60451
0.0506058
4.33313
3.53589
1.36798
0.474458
1.17061
3.51738
1.13618
1.0787
3.70969
0.325374
1.53111
0.435389
0.757694
0.363535
0.589892
4.47162
0.123869
0.684621
2.27721
1.26013
0.77401
3.32573
1.54309
0.19557
0.25716
1.9634
0.910401
1.25297
0.792932
1.64963
0.23458
0.207806
0.589819
1.54488
1.80285
0.247944
1.16669
1.11794
0.276778
1.21518
3.37564
0.908336
0.426098
2.07601
2.65367
0.502709
2.19815
0.998698
0.329626
2.49885
1.28423
0.565153
0.489781
0.313818
0.418926
0.732994
0.418226
0.500736
2.4133
2.34948
0.699415
5.83596
2.37561
0.247163
0.648973
1.24399
0.169478
3.77625
0.694856
0.5523
1.36791
1.16673
1.45463
0.539273
0.575579
0.0485898
0.600258
0.0657952
0.414919
2.97373
1.10573
1.03418
0.223772
0.899208
0.585886
2.8428
0.662416
1.11932
0.396295
3.04478
1.17934
0.342422
0.380686
1.73741
3.73466
0.267545
1.03489
4.95921
2.09427
0.27018
0.987606
1.93238
0.622199
1.27605
0.262614
0.205545
0.661969
0.100065
1.38071
1.49976
0.501693
1.28005
0.13021
0.477783
0.571281
2.18118
1.7179
0.474902
4.23571
0.548302
2.23258
0.544185
0.204068
0.446386
0.49117
0.399887
1.14249
2.73028
0.575934
3.20726
0.576076
3.2407
0.430027
1.46986
0.767542
0.792452
0.255848
0.701123
0.0734163
3.43588
0.805451
3.81163
0.299836
0.772677
0.913663
0.669888
0.641315
1.12263
0.7093
0.793842
1.47597
1.03785
0.45853
1.31285
0.78174
0.192233
0.835179
3.55826
0.342488
0.478599
0.653902
1.22207
0.343756
4.64313
0.670695
0.222404
2.36176
1.06113
3.56664
0.652397
0.0639807
1.80447
0.134206
1.08776
0.803242
0.479624
6.16846
1.57803
2.35302
0.506991
2.49605
0.126782
0.140651
0.677059
0.893881
0.28782
3.3186
4.44385
1.02979
0.565121
1.31333
3.64607
0.952466
0.361711
1.3572
2.18137
0.793311
0.350649
0.570825
3.45649
2.02783
1.34414
0.146867
0.498155
0.398009
0.464909
3.24583
11.1464
0.660186
1.68377
1.27142
0.654727
0.960671
0.330558
0.16102
3.05161
0.841143
0.759851
2.3984
0.706392
0.817726
0.195074
0.37022
0.605479
0.335617
2.85207
1.06146
2.04504
0.355187
4.03212
0.317774
0.695599
2.46697
0.266997
1.3739
2.148
0.446159
0.905769
0.51392
0.193687
0.646472
0.0479141
0.53371
2.45136
0.626505
1.92529
0.140257
0.746793
3.70436
0.891493
0.464142
0.684706
0.56217
0.416425
2.94594
0.645886
0.522726
1.87414
1.15507
0.610456
2.76049
1.05952
0.422362
0.531803
1.01821
3.33522
0.239995
1.28707
3.53039
0.475732
3.58211
1.44608
0.739966
0.68424
2.96086
0.518118
0.450392
0.309785
0.0318856
0.745652
1.92434
0.75204
1.71041
0.551266
1.22575
0.821221
2.03708
3.51411
0.445234
1.25921
0.403808
0.561854
0.84404
0.7362
0.766241
2.66076
0.75341
0.655878
0.951517
1.65505
2.28277
0.432929
0.189499
2.63716
5.00291
0.947137
0.301606
3.74501
2.04988
4.94124
1.70378
3.91965
0.232723
0.888178
3.90703
0.597065
2.57854
0.323988
2.39199
0.139997
0.714694
0.16275
0.758003
1.01605
2.06412
4.76357
0.431993
1.94192
4.59492
0.656611
0.411023
3.33998
7.8871
0.564565
3.7175
1.88833
4.25307
0.458744
0.388587
0.221334
1.19456
2.398
0.327333
0.416735
0.216109
0.195555
4.09236
2.7156
0.238895
4.41211
2.3703
2.1201
1.01523
1.93576
2.0212
0.971191
0.447103
4.02607
0.667857
3.34973
0.654288
1.10679
2.09285
1.016
1.43249
1.13706
5.22905
0.91802
0.4236
1.37776
0.209182
2.18556
0.272551
1.08424
0.550026
0.447431
0.493001
3.64247
0.367004
0.624133
0.759046
1.26096
0.402467
1.00967
0.409049
0.731658
0.786554
1.5246
2.99407
0.446068
4.75468
1.00833
4.21885
0.333278
1.07624
1.82627
1.70452
2.90741
3.13278
0.824009
0.607665
3.07308
0.944659
0.20532
2.58239
1.13028
4.78535
0.66149
3.05339
0.296911
1.64278
1.92017
1.3149
0.564511
3.7746
4.08326
2.37651
1.91848
2.18754
0.361174
2.64554
0.346644
1.28829
0.455841
0.475646
0.799812
0.600429
2.19815
0.343888
0.538618
0.134793
1.37937
6.05308
0.190809
1.16627
3.14872
0.30187
2.72457
0.573983
0.432267
1.39113
0.608924
0.400727
0.346828
0.845428
0.665559
2.5113
3.43994
0.182462
0.55303
0.498746
1.51042
0.284273
1.22909
0.432836
0.966012
0.573731
0.307102
2.3799
2.48719
0.761145
2.33265
0.874439
0.398031
0.886453
0.594572
0.487742
1.41993
1.9997
2.63452
1.42041
2.46235
1.68879
1.13492
0.611969
1.54482
0.408962
0.833276
0.673083
3.89881
3.84219
5.44116
2.53205
1.0716
1.38545
0.195526
0.575213
1.0661
2.58627
0.807762
0.317477
0.267747
3.41021
4.42722
1.92961
3.45002
0.150571
0.770167
0.462252
0.365784
0.573826
4.09338
0.998672
0.18619
0.893506
0.203558
0.806644
0.734146
3.90078
1.28487
1.16155
0.26743
3.84724
0.372829
0.725222
0.938402
0.165737
1.35078
0.842997
1.97625
0.323383
0.336626
0.505611
0.507691
0.307672
0.361317
0.311834
0.813493
0.759419
3.01791
1.33958
4.10513
0.41548
1.13933
0.233311
0.861994
0.758222
0.742078
2.5099
0.222659
0.134952
0.538356
0.187423
2.6689
5.51677
1.23585
0.763808
0.439659
0.228526
0.528821
0.33155
0.1448
0.486038
0.812107
1.54846
0.937363
4.25729
0.873985
0.526742
0.384891
0.952342
0.995344
0.961752
1.87029
0.258034
0.29376
0.475218
0.25874
0.193307
2.42328
1.83557
0.319391
0.457637
2.77318
0.661422
1.55749
0.308799
0.327132
0.753767
1.03614
1.46234
1.17129
2.0863
0.193784
0.457558
0.877994
0.518269
0.267915
0.572021
1.64259
0.663886
1.06804
0.222517
0.312009
1.18337
1.0473
1.21834
0.156935
0.52137
1.12266
2.02956
0.765992
4.23983
0.371378
0.349097
0.205023
2.95388
0.356488
0.634967
1.2147
0.963135
0.609922
1.05031
1.63957
0.812011
0.97887
0.472658
0.440909
0.57404
0.374244
0.59455
0.692755
0.591915
1.94413
2.37743
0.50279
5.47095
0.281517
3.90862
0.592929
3.20315
0.719696
0.366177
0.701408
1.12349
1.23364
0.304516
0.267884
0.274692
1.40979
0.85599
0.592832
0.808148
0.474039
0.235845
0.207262
0.909826
2.04199
0.598285
0.876726
3.14752
0.27303
1.2803
0.92717
4.23866
0.369524
0.558979
0.545754
4.3627
5.12694
0.671173
0.211642
0.999711
2.32963
3.78782
4.37562
0.522035
0.616721
0.979324
4.3209
0.200278
0.262977
0.321039
0.569832
0.166295
0.884837
2.80136
0.174423
0.636329
4.11098
0.372572
13.5241
0.396057
13.4527
0.906658
0.626302
0.133398
0.60349
0.482199
0.713379
3.85007
0.80604
1.28217
0.68706
1.35983
0.52495
0.337984
0.317059
0.20916
0.939381
7.506
0.595955
3.16392
0.625775
0.480944
0.249351
0.461503
0.406635
1.31121
0.515527
4.30774
0.467607
0.392253
0.557926
0.264077
0.247936
1.02517
2.61704
0.285256
0.743366
0.399538
0.66154
0.437224
0.4729
0.421133
2.28778
0.544162
1.24024
0.492548
0.231565
0.944991
1.2674
2.50732
1.27144
2.02774
0.356622
0.367094
0.264253
0.940084
0.542589
2.30995
1.14221
2.14005
0.703036
0.230681
0.112761
0.394115
0.324584
0.629417
0.336622
3.41152
1.74473
0.906313
0.311036
0.628783
0.372533
2.86039
0.647425
2.52556
0.68541
2.66361
1.75866
3.08218
0.361677
2.33788
1.84131
1.18445
1.39831
4.27651
0.248682
0.24966
0.937254
0.74596
0.164279
3.57057
1.18592
1.18917
0.819254
0.894852
0.264574
0.732057
0.206147
0.28305
2.2836
1.24718
1.70903
1.86299
0.421747
2.58944
0.378338
0.523478
0.214264
0.640324
1.28625
0.526529
3.24081
0.309179
0.15539
1.23013
0.947833
0.405713
0.648229
0.760315
1.15136
0.714595
0.182636
1.20009
3.40007
0.929445
0.289312
0.428869
3.81243
1.41122
0.440823
3.41377
3.23195
1.77964
0.588668
4.56559
0.410258
1.11415
0.576456
0.497962
1.05956
0.822803
1.00802
3.14614
0.677393
0.446854
0.610389
0.608482
0.77732
1.31303
1.65518
0.777372
0.769759
2.19048
3.69605
5.22548
0.343341
0.509486
2.29602
0.290387
0.21294
0.442623
0.251193
0.32556
0.684289
0.238411
0.392607
3.2932
0.183183
0.589802
1.17675
0.691185
0.407365
5.11284
1.76238
3.08838
3.00519
1.81494
4.43414
4.83099
0.327211
0.530852
0.534407
0.378798
0.653381
0.215884
0.19828
1.75523
0.698631
0.445208
1.21763
0.190914
1.72894
0.629291
2.31511
0.297027
0.753317
0.554823
2.75551
2.3268
1.00687
4.89694
0.405002
0.782085
0.300003
0.369732
0.348519
0.661156
0.267961
0.607489
0.560896
0.870625
0.30122
0.159386
1.67045
0.968486
1.72703
0.886533
1.35343
1.77486
0.687391
2.28191
2.5818
2.04199
1.14067
2.31388
0.742181
0.196764
1.93067
0.451573
0.13584
0.220405
0.467232
0.359124
1.93388
0.575715
0.384641
2.99263
1.14255
2.04097
6.5663
0.395909
0.953665
0.183583
0.863124
0.253413
0.557501
1.64289
1.38793
0.910629
0.656018
0.687829
0.937549
0.350397
1.03119
0.56048
1.96268
0.713233
1.2549
0.32862
0.398895
0.442642
0.870594
0.307865
0.673717
0.802393
0.464725
0.825461
0.698296
1.06752
1.27276
0.485736
0.780419
0.676082
1.98955
0.604831
0.512404
0.69644
0.830631
0.346305
0.816145
1.39886
0.561166
0.463408
2.29474
2.36333
2.12148
0.205162
0.494061
1.12169
0.648234
5.48919
1.45943
3.56353
0.260199
0.324098
0.301434
0.842238
4.28219
1.15611
1.22682
3.95616
0.80271
0.743814
1.8862
2.53957
0.712581
0.192708
0.844242
0.47361
0.531475
0.649877
0.889859
0.666317
0.354648
0.996918
0.826926
0.629864
2.26311
1.01148
0.720352
0.237605
1.08867
0.53468
0.625898
0.64915
0.181251
0.697026
1.74971
0.532255
0.928493
1.20277
0.411766
3.64018
1.66561
0.708811
1.2497
0.871366
0.470046
0.493341
0.650895
1.46168
2.90984
0.306655
0.401096
0.977174
2.43285
3.33402
0.992639
0.278413
0.448982
0.715237
0.365483
0.399766
0.838707
0.702097
0.493217
5.50492
0.941655
1.45504
0.450747
0.518723
0.407289
0.367999
0.732765
3.74496
0.959162
0.130822
2.41958
0.637725
0.190081
0.296013
0.650952
0.294673
0.572499
0.562934
0.620783
1.7011
1.30767
2.00816
0.442038
2.04238
0.735095
2.19468
0.551412
1.33435
0.160611
1.40134
1.59619
0.713495
0.343326
0.693954
0.405602
0.208884
0.836282
0.449266
1.77883
0.492275
0.58466
2.28608
0.117008
0.124594
0.621181
1.47698
0.717143
0.602992
0.205847
0.465591
0.69814
0.50569
1.53963
0.350606
0.726406
0.226705
0.290443
0.3243
2.18531
0.616739
0.453813
1.61135
0.108688
0.592791
0.308732
1.00867
0.536674
0.976924
3.83824
0.509806
5.86142
0.298145
0.44562
0.909274
3.08249
0.954974
0.698701
3.66334
0.523803
0.6243
5.70318
1.22801
0.868234
0.491406
1.44448
0.565396
1.24915
1.36013
0.222642
3.03919
0.273465
2.63383
0.634802
2.48449
0.538166
3.39831
3.83191
3.6609
2.25237
0.263813
0.279908
5.1618
0.161643
4.35948
1.17631
0.999215
0.471441
0.269096
0.410654
0.743896
2.21213
0.399514
0.231397
1.475
0.902362
0.438233
0.367935
2.65706
0.511747
0.357972
2.54809
0.69786
0.444422
0.282628
3.14579
0.214194
0.115337
0.566943
0.586934
0.43575
0.990116
1.03551
2.51075
4.05996
1.57794
1.24954
4.95733
0.554841
0.930053
4.60897
3.26468
0.475821
0.43696
0.521242
0.658629
0.239853
1.00763
3.87017
0.969179
3.44497
1.05109
0.529841
1.02823
0.56079
0.295632
2.80648
0.888505
0.288307
0.613129
1.40224
0.497505
0.65608
2.6225
1.49336
0.583192
0.665665
0.465326
0.470372
1.24303
0.568208
0.904476
2.89654
0.581181
0.670121
0.516625
0.261188
1.74531
0.210325
2.36628
3.06765
4.08478
0.457504
0.430577
4.19646
3.92721
0.849816
0.293086
1.73094
0.594621
0.310455
9.63491
0.366395
0.94706
2.93561
0.334953
4.63421
2.37977
1.08049
4.31393
0.551319
0.707561
1.78371
0.333671
0.403518
0.508581
1.14487
0.915766
1.9037
0.373676
0.292166
0.259216
1.11043
0.807016
0.486979
0.121443
0.594786
0.702021
0.629162
0.231923
2.51492
0.774604
1.96262
0.524225
0.660215
1.98932
1.39124
1.48841
0.941922
1.15801
0.614803
0.301362
0.56231
0.881421
0.378442
1.85031
1.26294
1.01951
0.572076
0.123849
1.92749
0.121558
0.249667
0.652058
2.85234
0.233229
0.245233
2.34348
1.0651
0.499635
0.904143
0.301331
0.749468
0.333153
0.512186
0.209652
0.83405
1.1081
4.41827
0.579802
4.75825
1.11622
0.212482
0.646026
1.03508
3.93199
1.4544
0.558556
1.14939
0.327441
2.77046
0.728282
2.59799
0.486969
0.195451
3.62992
1.49725
0.238941
0.408257
2.54511
1.13846
0.837951
0.383942
2.84899
0.80706
1.42891
0.50368
0.734872
0.67048
0.288157
0.776145
0.34975
1.36817
4.37325
0.875055
1.20667
0.34083
2.57164
0.221828
0.467239
0.275805
0.330985
3.80904
0.257173
4.6996
3.703
1.50025
0.608906
0.764656
3.8456
0.341995
0.168245
1.30192
0.462343
1.27303
0.154598
0.750907
0.59517
0.166406
1.05367
0.244539
1.58086
0.419608
0.38244
0.287049
0.200835
0.533081
0.646962
0.22756
1.24104
1.35838
1.98919
0.683502
0.212755
0.871688
0.348381
1.17562
0.411886
1.43721
1.12625
0.812447
1.67306
2.91841
0.558947
5.05164
3.10049
0.372496
0.524942
1.16746
0.263417
2.35983
0.56177
0.18852
3.44438
1.75036
2.61553
0.510243
0.101479
0.470199
1.28189
9.96756
0.18434
0.307246
0.939202
0.391527
2.10912
4.90023
0.529324
0.334511
4.6167
0.654621
1.44969
2.66415
4.16984
0.650915
1.35411
0.440335
0.419454
0.332877
0.523446
0.20761
0.44633
0.286254
1.00456
0.93149
0.22651
1.23994
0.503567
1.05825
0.101472
1.17874
0.581577
0.624677
0.480362
1.87221
4.12524
4.53706
0.415933
3.02807
0.390121
0.753567
0.194057
0.48522
0.629908
3.7846
3.24526
0.392562
0.0542508
1.15933
0.520173
0.402557
2.49376
0.466219
0.844367
0.671284
2.17108
0.4758
16.1175
1.0466
2.67519
0.531096
4.0926
0.764671
1.26247
0.406187
0.464522
0.532871
1.42858
0.568254
0.817368
0.267322
5.14094
1.91745
0.732933
3.20764
0.334236
0.349659
0.56588
3.58872
0.687171
0.157662
0.308765
0.911684
0.599134
0.331897
0.736625
1.64988
1.36262
1.20748
2.64277
1.51154
0.120138
1.13178
2.57112
0.484959
0.750659
2.67732
0.361518
0.334827
6.71109
2.25873
1.04377
0.49432
0.507935
1.01774
0.485904
0.373492
1.64793
3.43995
1.49789
1.22462
0.730245
0.415023
0.642244
1.13116
1.91451
1.89804
0.90188
2.45008
0.257823
0.301058
0.927871
0.837066
3.69684
0.492334
3.05664
0.676834
1.32683
0.187289
0.7866
0.749246
3.29363
0.473631
0.410427
2.83578
0.471876
3.7887
1.05727
0.539936
3.13304
3.08636
0.840161
2.64466
0.570672
0.182447
0.179922
1.1231
0.669398
2.67404
0.0918037
0.36307
0.421942
0.911874
0.794792
0.735705
3.51484
0.364644
0.396046
1.08267
0.739049
4.22884
0.454535
0.317601
0.0662778
0.583315
0.350813
1.64654
1.6257
0.801663
0.442757
0.470207
0.74265
0.902956
5.04326
3.73016
1.754
1.83455
0.344758
0.434246
2.34872
2.47695
0.309816
0.373138
2.543
0.749902
0.139304
0.490559
0.466646
1.5731
0.427948
4.2437
0.511955
0.378646
2.10214
0.88715
2.2899
0.195308
0.323187
0.67579
0.379459
0.397518
0.222096
0.628686
0.40614
1.48048
3.43027
0.829141
2.13965
4.12969
0.311059
0.406348
2.61261
3.16586
0.583558
1.08885
0.268812
0.531656
0.890696
1.12241
1.08578
0.186456
2.77837
0.242258
0.441848
1.28313
1.04784
3.87884
0.359703
2.05944
2.57487
0.937063
1.96228
0.688387
0.862607
0.588484
0.559857
1.93545
3.71801
0.608409
0.26991
1.3517
0.722798
0.630934
0.833534
0.419693
0.518817
0.937482
7.4925
0.614644
1.99715
1.43884
0.797632
2.83131
2.81219
0.195595
1.11897
0.905325
1.51602
0.317832
1.30842
1.28728
1.54402
0.600696
0.385936
0.941905
0.399339
4.5533
6.94478
1.48215
0.649517
2.60957
0.332783
0.597763
3.13863
1.26912
0.352058
0.351601
0.280936
1.02392
0.692478
0.780621
0.842434
6.57666
0.644598
0.293038
0.770879
2.94476
0.989737
0.375444
0.781472
0.264587
0.606657
0.466389
3.90343
3.64278
4.31458
3.59371
0.34161
1.13117
0.326611
2.695
0.746506
0.470285
0.459606
0.806912
1.12631
0.73894
4.00579
0.953377
1.28212
0.11785
0.425944
0.650579
1.23255
0.486145
0.322718
0.374034
0.232044
0.575401
0.966241
14.5715
0.552004
0.223783
2.59402
0.901398
0.180961
0.715116
0.268086
0.207638
2.5035
1.55464
0.331482
0.306326
0.267379
0.164996
0.300162
0.785503
3.45471
0.36186
0.404032
3.59929
0.761382
4.1414
0.970556
2.3109
0.710179
0.31741
4.03362
1.33262
3.83546
4.13504
0.57792
0.447489
1.51108
0.744979
0.443245
1.85214
0.887814
1.25921
0.753537
1.21823
2.71874
0.325646
1.70767
0.228482
0.379542
0.763926
0.376508
1.19756
0.484001
1.21877
3.37321
0.30932
1.47591
3.69615
0.600184
0.459819
0.568546
1.45745
1.17883
0.388977
5.01619
1.26975
0.170974
0.832376
0.511309
1.30923
0.962267
0.635006
4.77611
0.464379
0.900245
0.936475
0.542704
1.48835
0.89088
0.189158
0.50881
0.764038
1.05156
1.76158
1.22968
0.97008
2.4418
0.170945
0.573253
0.87205
0.392476
1.90461
0.355504
0.704539
0.167916
0.911072
0.658655
0.618548
0.313969
2.51366
0.349107
0.97645
1.77883
0.478203
8.3477
0.286957
1.04552
2.09246
1.13308
0.312317
1.51665
0.501919
3.88254
0.827219
0.980823
3.54942
2.28843
2.57628
3.65719
4.86478
0.618334
0.807436
0.36183
0.133047
2.23468
0.150628
2.06869
1.00011
0.533078
1.29732
0.897829
0.27903
0.563684
1.04077
0.647832
1.52897
0.638717
0.399762
2.837
0.771218
3.20058
5.23599
0.314358
0.314321
0.131226
0.734763
0.340305
3.60521
0.862985
0.911104
1.82059
1.18605
0.454623
0.527585
4.21761
3.52404
0.359686
0.491793
1.71421
0.201031
1.90934
0.497036
0.619319
0.389018
0.766565
6.30625
7.3894
0.451872
0.927179
0.258975
0.166404
0.589207
3.64702
0.0920743
1.31452
0.953832
0.98874
0.590849
0.368151
0.786029
0.776753
0.820511
0.697957
0.631491
0.316637
0.684693
0.806937
14.623
0.751322
0.589917
5.63851
16.8056
0.740667
0.619374
2.06194
1.06555
1.53057
0.707681
0.905768
7.3193
1.31179
1.14603
3.0464
0.573904
0.475036
2.2994
0.461452
0.772848
4.09274
2.01265
2.68822
4.40433
2.89974
0.763674
0.259451
1.27724
0.174492
1.29816
4.86647
0.0718771
0.998653
0.459974
0.387838
2.23299
2.60533
1.76494
0.841182
5.65497
0.926821
4.07129
1.03504
0.106109
0.896533
0.350648
0.366384
1.7327
2.06029
0.188502
0.96696
0.369273
1.58362
3.40554
2.6482
3.62558
0.626441
0.376488
0.288112
0.705679
2.74538
1.08369
0.428342
0.676426
0.575115
1.11626
1.32838
0.752837
0.231305
0.479278
0.365739
2.2454
0.625577
1.53248
2.52251
0.226971
0.590084
0.689462
0.569017
0.17589
0.960728
0.849117
1.18147
0.321439
0.526109
0.552714
2.45855
0.810481
0.117195
0.638042
0.454444
0.457324
0.59031
0.354818
0.493827
0.573269
0.145302
1.2605
1.54383
0.413252
0.65058
1.14238
1.19154
3.77827
0.175254
1.46242
1.04842
1.83018
1.63643
1.72627
1.00202
0.678824
0.590712
0.569865
2.22405
1.53857
3.26819
1.33052
0.343647
0.8963
2.07721
1.13902
0.399146
2.41679
0.792172
0.83857
0.404767
0.684389
0.37034
0.135523
0.868185
0.464447
0.318341
0.333235
1.35276
0.106512
0.493254
0.458543
0.694677
0.604031
1.50503
1.19795
0.93777
3.26541
1.05045
0.343055
1.233
1.39207
2.60047
0.805855
1.36651
1.25242
0.287572
0.548324
0.280657
0.53619
0.478307
0.571623
0.545141
2.60673
2.48414
0.401088
2.10805
0.556338
0.153578
5.40861
2.5842
3.80423
0.371389
1.43119
0.747986
0.56553
3.62607
0.333519
0.508235
3.47601
1.2706
0.857785
0.118011
0.878111
0.356814
0.133956
0.376183
1.92384
0.790926
1.43083
3.79737
1.98332
3.37548
1.11749
3.02267
3.9182
0.335455
0.451053
0.146298
0.374295
1.21425
0.22033
0.612476
0.423867
2.54871
0.683653
0.573461
4.33649
0.178478
1.31318
0.544947
3.65896
1.58083
3.28027
1.79222
0.280046
0.898321
0.772992
6.76622
0.315826
0.456919
0.376542
1.16065
0.888785
0.455365
0.345118
2.45737
0.498587
1.39859
0.448453
2.95749
0.883859
0.94306
2.78683
0.476216
0.981321
0.329659
0.313042
0.753382
0.418102
0.297729
0.845975
1.26624
0.800216
0.822131
0.913745
2.547
0.241586
0.543193
0.975789
0.601731
0.316758
0.949072
0.842962
0.750457
0.509627
2.86044
0.536392
1.43088
0.404031
0.864909
0.433196
2.64996
1.32256
0.479091
2.45609
0.135775
0.334423
0.32718
0.602271
0.160094
1.04852
3.30228
1.34252
0.402837
0.140852
0.909585
0.491723
0.420047
6.26882
1.13155
1.10044
0.954533
2.72078
0.803669
0.360678
0.206126
0.287414
0.0724618
0.786111
1.00513
0.278545
0.23609
0.43468
0.428338
0.51763
0.461072
0.934416
2.86004
0.68996
0.263001
1.17615
2.09501
3.23457
1.79723
0.397705
0.314408
1.03332
0.683145
0.215386
0.413846
1.6868
2.88042
0.757996
0.349843
0.160996
3.42414
0.7754
2.84582
0.464673
0.997172
0.510561
1.07296
2.99985
0.186448
0.244906
0.459419
0.443085
0.667337
0.867821
0.404343
0.566159
3.95603
0.408308
0.501086
0.433841
4.09879
1.61421
1.1334
0.553061
0.372485
0.583632
3.80077
0.239575
8.90087
2.61388
0.467446
0.347337
5.282
0.193912
0.332743
1.4516
0.259344
5.41209
2.03284
5.84525
0.604526
2.00688
0.478078
0.466715
0.462297
0.65514
0.596568
1.17226
0.211005
0.507539
0.624387
4.43586
1.56208
1.5373
4.32711
0.291301
3.36679
0.394915
0.765881
2.9486
0.768708
2.96333
1.30615
0.894438
4.35906
2.57996
2.43993
0.493313
0.640401
1.21366
0.458299
1.61578
0.340869
3.5279
0.716655
0.421382
3.58778
0.309635
0.156077
1.21929
0.529159
2.11939
0.584324
0.265246
0.58046
2.02656
0.830635
1.08575
0.189745
0.480042
2.25543
0.561252
0.0937851
1.58021
0.551206
0.51297
2.03161
0.158227
0.73761
4.12515
1.01275
5.04869
0.701216
0.497104
6.67609
0.834423
0.736543
0.726661
0.421121
0.582483
0.512605
1.23294
0.503465
2.89457
2.06697
4.9799
0.191673
0.700751
0.587028
0.508215
0.545795
0.559038
0.829925
0.698311
0.456249
0.385011
4.22962
1.6323
0.428997
1.05701
0.678571
0.742093
1.5722
0.427985
0.498373
0.580159
0.14275
0.410051
0.446536
4.03537
5.6976
0.538015
0.337953
0.471657
0.222229
0.381134
0.886864
2.57036
1.22566
4.00181
0.889194
1.72368
0.283316
4.35999
0.793733
4.46808
1.42515
0.391829
3.01183
3.99256
3.29754
0.547054
0.172989
0.645275
0.491688
0.422396
0.888081
0.711195
0.66218
1.42186
0.928476
0.847119
0.921777
0.486628
0.677234
0.415397
0.375389
1.188
0.396791
0.295491
0.242155
0.492409
3.11336
3.7049
0.184074
0.402039
0.340181
0.321288
2.14161
1.24302
0.922137
0.722073
0.841741
3.7185
1.10972
0.943794
0.254505
0.366803
2.94631
8.68196
0.146011
0.708366
5.54276
0.533806
0.295114
0.673793
6.02983
0.854634
2.63961
0.64662
0.524107
4.22973
0.276925
0.352083
0.483913
0.478936
0.419963
0.223632
2.85503
3.40755
0.834965
2.71656
0.242866
2.88474
0.68287
1.15686
1.65197
1.21722
0.892542
0.293873
0.498541
0.641974
0.856267
0.198467
4.10469
1.85344
0.512304
0.255053
0.332813
1.07743
6.47742
1.15596
3.16738
1.14873
0.427038
4.33601
0.517244
0.64623
4.34155
3.5608
1.01197
0.951228
0.35359
3.04772
0.923418
5.1157
0.329432
0.249642
0.386491
3.85455
1.90664
1.95294
2.01391
0.495899
0.310164
0.108611
4.41486
0.632764
0.405001
2.56378
0.563634
3.66651
2.40667
2.08918
0.399266
0.874459
0.372483
1.14289
0.156865
2.99138
0.834455
1.04294
3.81744
1.77863
2.05278
0.257015
1.221
1.37733
1.31438
0.438147
0.359559
0.842033
0.7225
0.837564
4.9482
2.8569
0.272858
1.19382
0.303498
2.34144
0.289963
1.35237
2.92935
0.342784
2.10368
0.836788
5.47282
1.28982
0.842158
0.590517
0.508266
0.126186
1.47078
1.26793
1.29185
1.19052
4.30782
1.00106
5.09836
0.446232
1.28281
1.67583
0.957289
0.248305
0.418466
0.261278
0.763599
0.304283
2.10286
0.966071
0.478816
0.38948
0.350646
1.35132
0.289123
