2.88231
10.9252
3.30845
3.49524
12.7084
2.8121
4.59387
10.3119
1.52665
1.15545
1.5223
0.999384
2.21187
1.81999
1.54825
2.61245
3.72061
1.44597
6.42061
4.86891
3.62666
2.59189
6.37714
3.9723
4.65227
2.56108
7.32118
3.28632
2.67246
1.92973
3.79501
4.39634
1.7295
2.19503
1.83035
1.87487
1.87477
2.81433
2.47905
2.50359
2.95855
1.73029
7.01102
5.60558
2.35454
9.12579
3.35333
3.1375
1.69154
2.60004
14.5996
0.726409
1.91544
3.17886
1.24097
6.88832
4.70249
8.47561
1.38557
2.74792
1.98291
12.4035
3.85365
4.79877
3.25307
4.776
6.89818
5.3195
0.978975
0.812464
13.0678
1.57577
2.69148
12.3544
2.3814
1.96615
5.08345
5.04085
1.33446
1.81994
3.32969
2.80227
1.75176
2.59804
1.75217
2.17369
7.15928
9.24479
4.01836
1.00684
10.8413
1.23621
1.21919
2.17276
2.30626
6.72206
14.8029
2.80635
1.40293
2.36864
2.20298
2.53187
3.49917
3.73607
3.26636
9.86052
4.78975
3.85187
3.29164
1.3007
2.24989
9.30361
3.9116
2.87447
1.46227
4.32975
4.02702
4.49696
3.48214
9.37682
2.15107
1.03103
6.28915
6.86053
10.0291
7.16761
4.77534
4.28503
11.7808
3.03394
2.72249
1.16809
3.47891
5.6937
4.8509
4.27215
3.56201
5.32038
2.35348
1.9641
1.47268
5.74638
0.470537
3.23351
1.74973
2.83891
7.50208
2.60639
1.12564
4.0758
5.19815
1.96658
3.89703
2.8743
5.8706
0.577306
6.81686
7.94873
1.14236
6.63986
6.8431
5.79936
0.822652
2.81285
3.35147
13.0646
0.561933
8.63473
2.71921
2.96196
5.2099
4.46749
1.85152
3.06709
1.89085
6.46903
2.66634
8.41028
4.04595
3.62305
2.38821
3.02508
8.07977
4.76937
1.50354
3.98752
2.5444
4.02372
5.39375
5.74266
3.78639
2.91337
2.53193
2.12141
1.79153
2.18096
0.399156
2.64841
2.70114
4.15303
2.42291
1.62624
5.34049
2.61743
2.89513
1.74669
1.63989
1.40245
3.305
0.673777
2.07948
3.28441
3.23735
2.00083
5.56783
1.68337
2.57069
3.42308
11.2499
2.77937
4.64414
5.05755
4.65771
0.185893
2.6827
2.02911
3.47484
13.0512
4.35273
2.07773
3.62445
2.62734
13.7626
3.98272
9.09733
9.44527
7.47943
0.822858
3.55471
7.95847
0.649318
4.91408
1.87446
3.57723
3.45331
12.0856
1.96148
1.48185
3.45425
3.20692
1.61496
5.2248
4.82896
1.76444
5.02671
0.94207
3.86364
3.76506
2.52467
6.71932
6.42853
11.9523
2.04286
13.598
1.88038
1.59805
1.00304
7.29505
3.89521
6.118
3.16671
2.27257
4.22394
2.94256
1.93124
2.69532
2.8925
1.3408
6.79284
2.77252
3.22388
1.32858
2.54924
7.08577
1.69618
1.86189
1.97044
6.35339
10.6552
9.58479
4.00725
2.55244
3.76129
3.78155
4.67893
11.4497
3.71761
6.54195
2.95817
2.8748
1.70353
7.60211
3.23223
2.87163
1.50153
7.69912
1.78024
3.91611
1.83447
7.08357
3.35719
2.06507
5.15334
6.04414
6.23898
0.0934457
11.0648
1.25654
3.63389
1.77242
0.65555
10.191
8.08143
4.72868
4.8537
1.27373
3.98218
6.8077
0.525563
3.3162
4.06774
6.5212
10.5227
3.38276
2.51215
10.7556
1.54969
2.03236
5.20426
2.36768
2.59447
6.49995
1.25721
8.41994
2.46957
2.55035
1.99932
2.93615
2.47492
1.28206
1.69246
3.90316
3.61716
0.516272
1.11355
8.53246
11.3147
8.9607
6.93661
3.23878
6.44277
1.92174
1.19868
4.68616
2.23188
2.5912
3.9
2.96409
3.14163
3.7269
3.63668
4.60241
2.66533
0.397028
14.5657
1.85484
3.72337
2.22983
1.51273
6.06783
4.75105
6.51999
1.631
1.29347
8.88893
0.687227
3.87714
2.7559
1.25894
2.76896
2.23836
0.392739
2.59233
4.33714
1.15222
4.20799
5.00258
3.52567
3.79981
2.14858
1.6861
9.03723
2.11508
7.47433
1.95448
4.78061
2.19359
5.24932
5.13977
6.84039
6.525
4.8616
3.85426
2.26482
1.56554
2.79874
1.50231
6.09616
6.04516
4.59289
1.31934
6.8304
1.20291
3.34234
1.51504
2.31895
11.5034
3.78009
4.37038
4.40278
2.50073
2.01251
3.0958
1.10854
2.57123
2.48721
9.10246
3.54274
4.28808
0.595205
0.713271
1.00612
2.34528
2.51638
0.679065
5.21597
1.29289
12.2743
5.59218
1.49246
1.70944
3.28975
3.536
4.69648
4.91757
1.56506
4.40334
8.8647
3.31351
2.02464
3.95041
3.21571
2.2839
4.1751
1.92149
2.80827
2.73192
0.827318
11.9526
2.63212
2.42649
4.98156
1.12098
4.71973
4.05518
2.39461
4.89715
2.40996
0.712996
14.6133
3.60622
2.44681
9.84126
7.52266
4.77125
1.80768
12.109
3.62454
3.37403
3.80394
2.69174
2.49099
11.9409
1.67798
0.259068
9.95457
4.11105
1.56884
4.68479
14.6952
6.49114
0.705058
1.82082
2.29085
2.29595
4.97466
2.46369
1.38811
2.47507
3.22941
1.29694
1.17066
2.95582
3.32514
2.48957
8.19302
3.3674
0.717962
2.61532
2.51112
2.24637
2.42034
2.37417
6.91482
1.93782
1.13503
0.671178
3.57919
7.85296
8.04941
3.37413
4.95137
2.29038
2.70878
1.61987
2.89458
3.65129
2.51542
1.16853
0.181889
2.86753
3.63247
1.15228
5.0578
6.49241
6.01356
1.07934
3.5664
3.20962
10.1931
2.64306
2.7755
3.97376
4.66064
5.1118
9.26116
2.41072
0.605028
6.87233
1.44473
1.93968
0.515527
5.40134
4.37372
2.29176
4.64282
2.72896
6.93625
1.75049
4.76997
1.78051
3.15158
12.508
1.86026
5.49179
14.6099
9.97624
2.4313
6.07247
3.4835
2.73167
1.37647
4.84161
2.84084
2.56963
7.41733
3.62397
4.88144
4.05993
4.64638
3.21944
2.12504
0.955152
3.53594
1.91059
4.4122
4.33107
0.414947
9.35955
5.71002
1.71692
3.43798
9.57003
1.7705
3.65077
1.94931
4.19308
2.11037
5.33646
2.88722
1.94435
6.11095
6.29062
4.38991
3.471
3.94598
2.61958
4.90076
4.95385
2.82712
3.63826
11.0081
5.97071
14.561
1.97512
1.19172
1.68277
3.17122
3.1546
8.0792
8.6342
1.02948
0.686624
1.62303
3.7971
4.02
6.01124
3.39258
1.56266
5.72124
0.850807
8.87318
1.38767
6.07993
1.54691
8.14635
1.68699
0.371862
2.74525
0.900929
9.0185
11.488
1.96072
1.39612
1.12268
7.3206
2.46271
2.67844
5.39618
2.12772
1.07001
2.87139
2.98341
5.3325
2.44758
0.579713
1.78302
7.75079
5.29045
6.47829
3.55156
1.22402
4.32001
10.3386
2.68675
2.8696
2.0454
4.33881
2.64078
3.79874
3.95947
3.3466
3.94107
9.97643
2.42976
3.55577
1.83918
2.12748
4.2383
2.67267
3.48898
6.22504
9.50353
0.163497
2.49338
3.36708
1.22825
7.16536
4.28124
3.7272
1.48106
10.0937
3.49976
2.01376
3.67526
3.95811
3.74097
7.27846
1.7671
8.78278
5.5578
11.8096
0.261777
6.53589
9.59241
1.16461
1.32037
5.71104
4.74111
5.30465
5.99745
3.8109
3.16832
4.6988
1.84707
3.66582
8.03922
1.87729
3.93877
1.19221
11.2557
6.36104
1.76432
1.27616
3.01468
3.32023
1.52616
3.07484
1.8135
0.901199
9.95373
2.26381
2.97974
3.62925
4.73812
2.6127
12.9673
3.03079
5.33763
3.3744
5.06421
7.94515
4.71859
3.85914
5.48942
1.79136
1.81576
3.97631
1.65994
2.07679
8.18742
4.91818
3.41935
1.82545
4.17742
3.01084
10.307
2.65816
7.63866
4.84755
13.5376
5.14393
3.83258
3.4462
3.13678
3.52217
7.31299
6.20854
8.79859
4.29478
2.54446
0.790106
6.32586
2.23914
1.58999
2.8145
0.4373
2.6036
5.99625
1.81355
8.2346
5.05034
5.84012
2.12081
6.10087
4.42335
3.80627
1.95747
1.84283
3.19896
1.91949
4.97882
4.12773
3.083
1.6324
2.04343
0.465306
4.32876
5.75217
1.88888
10.4028
4.98285
3.17598
2.51147
5.5969
3.36415
2.04573
0.503488
3.74476
2.74122
1.71099
3.99589
1.48728
1.68167
1.43305
2.57796
3.41199
1.25257
13.3151
7.77442
1.9108
4.23922
1.97261
2.80327
3.34769
5.40504
2.34715
1.65845
2.99237
1.79452
2.67191
8.35473
2.37887
13.4266
2.52306
5.5152
4.52365
2.43039
1.26847
4.10683
5.68194
4.36049
3.40828
1.64763
3.33154
1.48804
4.02733
0.328471
7.45278
2.74812
2.33684
2.75321
3.50371
4.35863
3.12901
3.64269
14.8049
2.51344
2.96302
2.73132
8.55938
2.27071
2.63335
3.83723
3.73646
2.47161
4.53067
4.04992
1.24828
1.24626
0.887282
2.21323
1.71769
3.33619
2.59875
2.45047
7.94739
2.11926
0.752688
12.8482
2.47826
4.30918
1.87241
4.43834
7.49038
5.21383
1.49286
6.91521
2.89782
2.55483
3.99982
1.53954
3.90233
13.582
1.33413
1.29215
1.58066
1.85755
3.96745
2.39968
1.8463
0.718224
7.23674
1.44495
0.235625
1.77682
1.84703
1.6819
4.55337
3.53658
2.60433
5.16048
0.355722
10.2297
1.92649
3.76967
3.17814
4.28811
3.26445
2.13985
2.6285
3.20509
3.32065
14.5212
2.99784
2.76033
1.20466
3.34094
1.30692
1.81829
6.89141
5.43494
2.36119
4.1388
2.43978
1.83396
5.70036
7.21927
1.5896
3.855
3.38519
3.50593
1.73014
2.71228
3.61418
3.75951
1.79691
3.91455
3.71854
4.89182
4.19852
2.32326
6.65997
4.64874
10.1098
9.59595
2.62667
2.04151
4.32351
1.68672
2.21216
3.55062
1.16461
3.47301
3.80917
0.879945
1.80497
1.7851
4.3182
3.0194
3.50279
0.996171
1.11175
6.30873
5.61933
10.8986
4.58705
3.58314
7.76673
2.82087
2.12264
10.1005
2.31446
5.0641
4.42618
2.40841
13.5178
4.4126
7.40559
2.62785
3.18544
4.13366
7.71763
4.47084
9.02477
6.28958
4.52039
3.52859
1.5246
2.87204
2.32793
2.87142
6.25992
5.95446
3.83427
2.60478
2.22503
4.94256
6.01939
2.08536
2.759
3.24139
2.5319
0.804517
0.891069
1.82511
4.85357
4.03583
6.67868
2.59848
3.71903
10.0648
6.84144
3.54636
1.94776
2.01324
1.19438
2.49149
2.15226
4.56572
2.1634
1.12242
3.79504
1.08874
1.68445
1.22564
6.10263
2.58125
5.16749
5.37119
4.0969
1.96355
2.4419
2.69419
0.544381
0.689436
6.35747
11.6101
2.74833
1.02256
1.75238
4.88731
3.80762
1.0462
3.70131
8.07131
2.65739
0.678429
2.60433
2.09746
5.77829
3.89486
1.09112
2.69189
1.411
3.39235
4.45278
1.18665
3.36601
5.02624
1.79958
2.67683
4.39146
1.1461
0.393594
4.71951
4.58672
4.84166
1.59089
4.65204
8.33705
2.90318
5.34472
2.04838
1.46582
1.68787
0.462198
3.35301
11.1212
1.82249
2.79937
3.05887
4.37313
1.59725
7.63554
3.22551
7.16097
4.25427
3.93514
0.818117
2.0572
2.6352
2.85653
5.14722
1.92746
2.09039
3.96232
10.1745
1.4537
1.38094
0.321728
2.34924
2.4992
7.06553
2.3768
4.43138
8.52713
3.16061
3.98646
4.69988
1.34335
7.54819
2.52139
4.92384
0.720705
2.5288
2.04453
1.44717
1.78023
3.8321
4.41042
4.67849
1.60711
2.47805
10.9538
2.69817
3.99547
4.49283
7.08901
5.22374
0.891576
1.1034
3.33968
2.64276
5.49616
1.87948
2.78897
4.5592
1.74425
12.7362
3.44447
4.64765
1.82751
7.11612
2.98386
8.63787
3.9045
1.77094
2.61754
5.10511
8.57873
4.71736
5.68067
6.98727
3.0025
5.40699
3.39203
5.53915
3.93174
3.88812
1.74244
1.23217
2.55388
1.66849
3.30775
2.16544
2.62545
11.9324
14.5441
3.24479
6.64962
2.35952
1.4623
1.79792
1.44727
2.89685
3.12223
6.71925
4.50354
1.31443
5.19235
5.32806
1.98058
1.04574
5.55749
5.82228
4.17237
3.50975
10.0067
5.27789
4.31323
3.09419
2.34999
5.53535
1.88891
2.96064
11.4064
1.89705
3.53258
3.36689
2.08969
1.86089
4.43243
14.8159
1.77345
1.39773
3.978
2.58723
2.79018
1.24829
1.22456
3.76251
5.61405
6.30769
1.86417
1.38898
3.4893
8.1127
1.95596
4.51728
5.76593
0.869647
2.16527
1.85257
2.90901
8.37536
1.18596
6.19356
9.86716
7.99007
6.75528
8.29311
3.57974
5.68709
1.51503
1.54713
4.70388
1.91781
2.34209
3.69404
2.69006
5.71038
3.17526
1.7047
4.08986
4.47874
13.4947
4.61874
3.46839
2.20562
4.87777
6.05735
4.91027
1.53156
4.93235
2.1412
0.578363
3.6954
1.22508
3.04889
6.57729
3.76702
2.67409
3.87655
3.08097
4.31977
4.32347
3.52511
5.44471
2.5534
13.2943
3.98325
2.98023
6.30371
0.650186
1.8381
1.9905
6.35361
2.17853
3.29382
6.2524
4.38809
1.86064
4.74088
0.947611
3.29766
4.56716
6.83608
4.09845
4.98585
3.46794
3.1281
3.21565
2.31141
2.30675
3.41685
6.08009
4.50523
2.72819
3.23562
5.04285
1.80194
1.79036
14.8325
3.1679
13.0977
6.29178
8.82583
2.34443
6.33381
3.79206
4.68231
8.00702
3.63065
2.5847
2.39716
3.16788
5.23195
2.39201
3.24731
3.03055
1.23645
3.28549
0.903885
3.19398
1.79639
7.99351
2.54209
4.26005
1.87893
4.51239
1.01977
5.05528
8.16641
3.39897
2.06188
0.796106
5.31269
2.625
7.55993
10.1357
12.449
8.11323
3.29594
4.27629
7.05756
2.67353
1.27604
11.3828
3.64358
6.53972
4.67926
5.25789
2.76114
3.4035
1.83481
3.06435
1.08121
1.22789
4.71262
2.69061
3.32195
2.56881
5.61581
1.98078
0.751306
0.778653
3.25807
1.82749
1.63939
2.97145
3.54753
3.97141
2.55489
3.21431
1.9288
4.70121
6.81159
3.47461
5.68139
7.53403
2.95071
7.5144
5.76269
2.60279
1.85222
4.11309
3.46816
1.51529
4.79168
4.85634
6.19446
0.841135
1.26628
1.3609
1.70126
7.64874
2.21502
2.66556
4.49272
4.00238
13.328
2.17909
0.281547
7.57998
6.82899
2.27182
2.78664
2.77432
6.85304
2.93408
1.65878
1.36749
2.39128
2.97317
4.04427
2.51419
11.6858
3.13183
0.571125
3.8994
4.46865
1.9325
0.837621
0.321111
4.04829
3.04001
4.15224
0.515742
1.40697
1.08595
2.60989
1.95475
4.94845
1.2693
2.11262
1.92513
0.784179
2.0271
1.46505
9.40011
1.48329
3.34401
6.38852
2.87473
5.29822
0.458292
1.07888
5.93335
2.41492
2.74723
4.24435
6.09906
4.21567
6.58067
3.22104
3.58863
2.52939
1.56318
5.17958
0.773872
13.5137
0.738327
4.42533
6.212
3.75218
1.96535
11.7162
2.57923
3.48288
3.87214
1.0748
3.59327
10.5016
3.39845
7.936
6.73943
7.71059
5.43938
2.64696
2.70292
5.50287
2.31713
1.81338
3.79682
2.0468
2.09588
3.87329
2.13565
3.09646
1.85099
2.47132
1.47783
3.43936
5.50235
4.70321
3.58665
2.82568
1.43785
2.79444
2.70273
2.90403
1.72646
1.4534
5.25459
3.20874
3.53389
3.4718
1.27414
7.3781
2.20275
7.87298
10.3834
4.78366
3.6356
8.05153
4.42071
2.86004
3.01571
1.87569
4.67234
1.89713
3.38139
2.03013
1.34286
0.798989
5.27995
1.41173
9.01769
2.51121
1.63643
9.76276
4.76931
10.6982
5.32718
1.72956
5.16117
5.91955
7.46239
5.71134
2.86995
2.81799
7.23344
12.8398
2.48645
5.123
4.43641
3.34049
7.38475
2.94945
5.31278
1.50204
2.13447
7.00896
5.47291
3.64145
3.12548
4.00224
2.51591
4.60809
1.6643
6.04644
1.80243
1.10897
3.15381
0.367318
5.09983
13.559
2.12798
3.32687
3.40382
3.82563
13.0155
0.31776
3.96019
6.34356
3.59698
3.66297
3.0222
8.69984
2.93086
2.55631
1.6583
3.27733
2.2878
1.92708
13.0935
13.1721
1.99901
4.42894
2.92221
4.36994
1.69783
2.76051
2.03618
3.21061
1.12245
9.07021
3.16809
2.39594
2.00093
1.62421
1.75715
14.0215
2.57516
0.313004
3.67417
6.02658
4.42798
2.46745
1.20091
2.29562
2.2388
3.81628
6.85237
1.05154
3.91928
3.89269
1.99213
0.681035
1.07627
2.21523
0.247179
2.52607
1.4779
5.11192
0.360818
2.44556
2.15323
1.35076
7.12422
6.33708
9.31785
4.8096
2.21522
3.15247
1.47446
2.57016
7.17185
4.17419
3.00127
2.68555
6.96208
4.51601
2.00717
9.81544
2.92538
1.9775
2.25708
0.881911
9.74296
2.75622
7.35179
11.1573
4.89314
4.02868
2.85571
9.15145
1.62207
4.96854
2.88305
2.70582
3.24626
5.79144
0.752871
1.00747
4.69027
2.33453
1.85029
12.578
11.6559
4.95058
2.77248
5.74449
4.50163
5.69706
1.59956
5.51391
5.30378
2.33927
4.8544
1.73338
9.63785
0.557064
4.42436
1.42476
11.6465
4.48811
1.29668
1.84815
4.99105
1.96702
2.21401
2.28664
3.76321
4.93656
9.69917
0.367888
2.31507
4.71177
1.12318
13.1514
4.16383
4.94248
1.315
1.67287
3.64089
4.10418
8.45782
1.13684
1.24348
2.79613
2.06491
1.79271
4.97511
1.40062
1.87586
4.96877
1.93356
0.761377
1.37108
4.78
11.9345
3.25571
1.76812
5.2439
4.44444
5.8705
4.15845
2.31634
3.16598
3.61207
2.04868
0.720114
2.10446
1.30445
2.88429
11.3775
3.93641
3.05968
1.90954
2.2774
0.517907
1.45887
4.92199
4.30285
5.77414
2.93304
1.59971
1.99084
6.44449
3.76109
2.22868
2.21139
2.01294
3.50312
2.01193
10.6603
1.11549
1.46344
5.59347
0.918484
0.80671
1.10386
1.39533
2.34552
10.4921
3.00827
8.55659
3.69975
6.68904
5.04461
3.37273
2.19805
2.99535
4.41359
4.27214
5.23847
3.93254
2.50947
1.26693
2.06415
8.30383
9.31758
1.34097
6.20184
2.38815
5.87535
2.01987
9.72739
6.2071
2.55215
1.79038
3.32221
1.01819
4.88968
4.07355
0.910012
2.72446
6.35254
9.39289
4.41576
7.29495
7.34038
4.14075
5.77154
4.66189
6.04785
6.94675
1.9395
2.06703
5.55481
1.82459
5.86196
6.51775
2.32825
2.02768
8.45543
0.862985
1.98346
1.65099
12.0816
2.72194
11.9839
5.50701
2.55112
10.5311
2.36954
0.983107
1.20732
2.02339
3.32063
1.67372
4.49609
14.5358
4.93575
0.988778
2.98744
5.54973
3.86103
2.3763
4.75918
12.5718
1.70315
4.20036
5.11485
6.74232
8.39381
1.03612
9.69353
1.07618
3.13292
4.26745
2.75764
4.17999
6.41589
5.23463
5.21307
2.50252
6.64423
1.67907
1.64387
11.7017
3.8789
0.951505
3.82642
3.79326
5.60752
5.78585
1.88608
2.89941
3.28372
13.9213
3.16763
1.62933
2.72343
9.00781
0.798279
3.75731
0.0820306
1.63646
1.54994
2.66863
10.5849
2.06681
3.36691
2.74378
1.76893
2.04657
2.25373
0.945383
3.23304
1.71231
2.3712
3.82847
3.96006
6.86474
1.40082
0.619865
2.96738
2.69288
2.56557
3.50941
5.11952
2.72728
4.45297
7.67806
4.67239
4.82966
1.84365
1.38326
3.99222
2.59766
6.25515
2.90841
4.21046
2.91045
9.00733
1.75686
1.34663
1.75057
1.60415
3.34156
1.77681
2.71284
4.45827
1.78087
0.596911
4.31207
1.91752
9.00139
2.30557
0.979509
4.24017
1.30738
1.92535
1.7412
4.91001
2.35617
4.32077
1.05336
3.84108
3.3894
2.43622
1.10823
3.3248
8.53844
5.16299
0.724733
7.09475
1.78931
2.02653
3.55698
1.79854
11.4716
2.13707
1.2723
1.98886
3.25244
3.15479
1.77759
5.15753
3.88422
1.66623
5.57304
5.24648
4.26654
9.09315
1.79353
2.65091
1.63969
1.1987
3.48557
2.10535
3.13848
2.3419
3.25976
12.7483
6.90163
10.3138
2.43306
7.28485
3.01526
2.18334
1.04155
11.3115
3.31033
2.71869
3.49237
4.21913
3.70152
2.06678
2.80361
3.41305
0.288122
2.07365
5.17201
3.77904
5.85174
6.75236
0.804298
6.3257
1.99248
0.565072
1.5928
0.239773
0.718216
2.02601
2.60446
8.99507
1.97619
2.67261
5.01926
2.06285
7.13493
3.04507
9.31291
6.54393
9.58367
2.48239
2.92362
3.06735
3.109
2.66473
5.0364
2.69797
9.58571
5.75061
3.46402
2.16281
0.808666
10.1558
3.55002
9.57586
3.0196
0.390165
2.71757
2.01396
4.40819
1.87937
1.21648
1.3934
3.20068
6.12223
2.4248
2.78163
11.5245
3.7203
8.38243
3.6429
4.89943
2.53834
2.41184
6.54202
0.612228
3.6719
9.52543
2.87267
7.73058
3.58793
0.548984
2.60056
1.65651
5.27483
7.52011
2.48583
1.32554
0.588579
5.63188
4.46063
3.05306
3.60375
10.5533
3.29291
6.81478
2.25558
1.67131
2.32481
2.26582
3.78396
1.65873
0.684347
2.99924
2.14964
4.08365
2.19679
5.72634
4.95002
7.56043
0.581686
2.13329
2.35949
1.31256
0.775977
3.77582
2.43642
3.27436
2.49841
2.48489
0.663376
2.81694
8.80657
3.19281
3.656
3.86339
2.62261
1.79981
2.17465
4.07884
2.24709
1.46351
4.56726
6.0156
2.7731
7.33974
2.74561
0.888988
2.21897
2.21597
3.78629
7.88746
0.473665
2.78102
1.69501
8.30466
0.991266
4.70799
1.3684
3.8047
5.13296
1.91678
3.01059
1.11762
1.35496
5.16878
2.86813
4.5996
2.49011
2.8417
1.15221
1.45311
8.93334
1.95336
9.6902
8.33609
1.71155
3.32188
10.9569
3.03515
3.10549
6.28474
0.449032
2.06568
2.18265
4.71861
3.02509
13.5404
1.8441
2.83326
0.77456
5.16386
9.73159
3.15518
6.28879
0.437059
3.8275
15.0954
1.53886
4.5166
0.300963
1.84358
3.48722
5.29799
9.07462
6.12753
6.80633
2.22259
1.82899
3.20988
2.18147
3.60933
1.40983
2.04705
11.9175
1.31939
3.14824
4.49734
2.86141
3.00852
2.66325
1.2043
7.06456
3.17678
7.06991
3.21447
3.32414
4.50953
1.76025
1.80105
2.26647
3.33252
1.74103
3.86507
5.26465
2.23058
3.12651
3.3558
2.76021
7.5806
0.778643
3.37158
3.32876
1.59215
4.17845
3.3388
3.89223
2.88787
2.29139
2.99506
1.83348
4.73271
3.07836
1.92499
10.0271
1.71738
4.49287
2.53266
2.13589
3.01542
0.864796
3.03094
9.95256
4.97051
3.27164
6.37087
5.26031
5.5813
2.3323
13.47
11.199
0.678991
0.841416
0.937084
1.91737
1.48553
0.867747
8.14063
3.5493
4.51967
3.53829
11.1397
7.02654
2.69291
5.35519
2.18225
2.42114
0.859749
7.38083
3.74581
7.02727
0.791337
4.08898
3.12578
2.01817
0.81242
5.31713
4.94416
15.0011
0.493996
4.78456
4.40565
2.50289
4.57146
3.96736
3.54854
7.02981
1.98755
5.22297
5.13776
1.27156
1.82525
3.0582
4.46675
8.55034
1.96732
2.11184
1.0706
1.85357
1.23546
1.09828
1.5035
2.86688
3.83796
5.4532
2.41487
13.0856
4.82744
13.8299
1.35399
4.96512
7.85526
6.41576
1.91693
6.96397
11.979
2.90426
2.62774
7.20124
6.1279
1.50507
3.2871
5.39532
5.55566
4.09805
1.01585
1.64694
11.3965
2.20547
2.16592
14.3927
6.16333
1.96438
2.96976
3.19638
3.41154
3.24831
5.0557
2.22044
2.66423
3.95575
3.13532
2.33548
4.63731
7.31316
6.4411
9.23793
5.0246
10.3056
4.53179
2.03145
3.38713
1.66567
3.80666
5.66207
3.09645
1.34716
1.19955
0.499923
2.69705
4.9046
7.07403
1.85089
2.37292
6.92687
0.949602
1.33321
0.696254
0.719082
5.74909
3.9155
10.4055
1.75431
8.0178
3.94591
5.17508
8.56605
3.65719
7.12596
7.58287
0.719325
3.20736
6.15413
1.90127
5.19506
1.00805
1.11278
12.2937
1.80937
5.08156
4.932
10.4565
9.14472
4.96242
4.73985
1.87857
4.3642
0.779218
7.74112
1.03809
4.85424
5.89331
3.23322
5.44874
4.82481
4.55434
3.99204
4.89117
6.04202
6.77274
2.27909
4.99131
1.14733
6.68204
2.08385
2.27928
8.60546
5.95799
1.17019
11.3444
5.50068
3.59118
4.15971
2.15831
6.91816
1.3505
1.25618
1.98413
2.21306
2.00048
1.58543
5.03059
2.01354
1.34684
8.70799
3.40445
2.54302
3.26958
5.98703
1.53704
8.84227
4.08209
2.78916
3.74633
2.52132
2.39144
4.09218
3.84803
2.22935
2.64461
2.56108
4.67623
7.31632
9.30215
11.1727
2.38085
8.05212
4.74053
3.42937
0.688334
2.62628
2.54876
3.15543
1.73283
0.95727
7.85159
13.644
0.848973
3.52802
6.4641
12.9947
5.13087
5.38486
8.37211
5.3712
3.10819
0.586877
1.31856
1.59613
1.67698
2.90054
2.24107
3.8106
2.60248
3.62461
1.84866
2.83877
8.75832
7.52114
2.85456
2.08667
2.96246
1.32134
1.71081
0.815686
4.53532
1.67157
5.65124
2.35398
11.1081
4.10494
2.5292
11.1968
2.25709
5.35454
8.88153
3.63445
10.9765
4.10354
3.23546
3.50923
9.41702
0.621257
3.27186
3.76412
4.1506
1.9286
1.34857
4.36181
3.77039
4.14897
2.46691
0.805695
4.14265
1.99698
9.2311
2.77768
8.86929
0.744992
6.18729
3.26897
4.69666
3.30213
1.08912
5.20047
1.39253
11.8064
2.41435
1.81942
6.86592
4.12891
8.40922
1.8297
3.22829
3.87253
2.62645
1.62998
4.15701
4.41684
2.52649
2.51645
8.71697
4.5548
0.642211
3.06769
3.85777
6.91645
11.7356
1.6822
3.92089
2.81562
10.7675
1.26904
1.50931
3.89967
1.26047
5.74497
2.35297
2.33645
3.07121
2.21856
4.16907
2.08408
2.31981
5.29506
3.77334
2.80655
3.66675
1.84497
1.82049
4.86088
6.92838
4.66896
2.26638
9.6286
4.6525
1.69578
6.10073
2.26427
10.0089
3.1998
1.95685
1.06385
5.90968
6.48962
3.44035
1.62736
1.08391
2.43513
3.88786
9.318
0.732585
1.35164
2.26863
2.0065
8.86127
13.2376
11.4745
2.24092
0.412818
7.07886
2.40741
6.3207
10.4976
3.0257
2.29491
4.18632
2.44714
4.27767
1.111
3.05076
4.81833
12.6481
1.15893
3.74233
1.56225
4.46542
2.37524
0.933178
11.5445
3.14851
2.91413
6.02791
2.10909
3.87916
1.81853
5.46069
1.78784
3.20902
13.3788
4.45473
2.64557
4.2588
1.31467
2.7008
1.92845
3.18682
3.01092
1.52266
1.31419
2.58483
5.09321
1.18991
0.944498
2.45869
4.48283
3.993
6.07605
2.1288
2.72945
1.45838
1.98818
6.6198
7.5561
5.62467
4.39241
6.56878
4.45619
2.01572
2.65589
2.21655
6.10123
11.3668
1.09747
2.25638
1.82359
3.40564
6.63654
1.58758
3.47429
1.71894
2.36592
1.24973
0.899305
0.672675
3.56477
4.70849
13.4875
4.46717
4.97137
1.92968
1.95366
4.09435
9.09997
3.66839
5.75767
2.63084
2.33008
5.31257
8.2199
2.51197
5.28605
2.60763
3.06404
2.77678
4.29019
3.93233
4.98792
7.73995
10.58
2.40036
1.86545
8.80697
4.1183
7.78724
4.92032
2.46756
0.422715
1.46534
5.32047
3.66464
8.79864
3.22002
4.75207
6.07764
2.95648
2.96252
2.9785
1.63517
2.72891
4.75519
0.862277
2.33552
3.78665
8.07682
6.28234
4.35219
3.81521
1.51264
1.1711
0.930081
4.4563
8.98973
8.67956
2.58527
13.2243
10.4801
8.84648
3.22769
7.04664
1.5876
0.864734
1.61212
1.74214
2.0821
1.28745
0.99859
5.62972
5.35063
2.34075
2.57198
3.45382
12.8986
1.48844
1.27489
3.51619
1.65757
5.44777
2.96887
2.79971
1.48863
11.3049
4.71948
3.40209
2.08302
3.3923
6.66202
1.84832
7.94364
1.29283
5.85182
5.61383
1.54165
6.16285
8.8695
2.09803
3.32792
2.41254
1.52075
1.45543
3.43744
3.35362
4.06964
2.35897
1.42732
4.77083
5.16623
0.832942
1.98477
1.10901
12.1886
1.29598
7.78439
5.91641
1.46402
4.86708
1.54264
2.29594
4.00292
3.66585
6.45526
3.7774
1.184
5.82405
6.49576
5.12248
1.8929
1.70813
2.2836
3.24066
4.34919
1.81618
3.13917
0.955673
2.2719
4.48811
9.32677
0.702349
2.90324
3.64564
0.914346
3.21889
4.69954
2.04496
3.50749
2.47639
3.4628
11.1881
2.01872
2.8907
3.27291
6.51455
7.7987
1.41523
1.21166
2.33462
0.447205
3.63564
3.19114
3.79225
4.22629
11.3275
2.38946
2.82407
3.65003
2.17032
0.58794
0.872442
4.81368
1.67317
2.52735
4.47292
6.30922
2.51906
2.58822
0.403675
1.62919
8.06616
0.943321
3.14255
8.64945
4.98581
4.14499
4.59545
4.37873
1.13545
3.11495
2.26929
2.71819
4.57353
2.52513
3.41733
1.34354
8.18664
1.23231
0.242574
7.68454
2.74818
2.34068
1.55954
14.9689
6.47618
2.83674
4.14465
2.23654
2.20635
6.16325
2.34099
3.79949
7.08398
8.32086
0.391705
3.69119
4.37679
4.05281
7.71954
5.12335
2.8263
10.4232
2.11128
13.2549
6.07813
1.23658
2.91775
4.83798
4.99727
11.0077
13.9817
3.94248
4.07672
4.8792
0.765184
4.04918
9.45964
2.68762
4.18212
6.16148
2.45705
3.6137
5.25485
3.70862
6.74941
5.8833
6.20422
3.65426
7.0439
2.36656
1.7846
1.34837
1.46934
3.79447
0.595703
4.89877
3.63019
12.1417
2.93775
1.0429
6.04277
3.96171
6.9608
4.02752
4.55874
5.15255
4.98711
3.21914
15.0933
2.75591
2.92383
3.3141
1.29789
2.66699
2.01443
5.44775
3.29799
1.0118
5.07886
3.39584
1.65066
13.7922
2.18686
1.39155
2.11192
13.275
8.301
2.26057
2.14536
0.832722
2.51054
2.317
12.9088
2.06652
1.53952
3.80586
2.18014
1.80714
1.45744
1.18329
4.80242
4.36086
5.02936
3.97399
4.11835
2.60977
3.19392
3.05808
4.0125
2.16451
4.65621
1.55688
0.832964
7.32541
6.41326
7.92466
2.83087
3.24559
4.12803
13.5328
4.06032
1.05861
4.77654
0.837818
4.60582
7.98433
3.65698
5.49717
2.89355
10.8325
2.29172
13.7138
2.11371
2.42616
6.62212
2.04523
5.11276
3.05818
3.17311
6.84705
1.59008
0.24471
3.9358
2.9577
2.85201
2.50695
14.4291
4.11868
2.83399
13.499
1.20551
5.36196
2.70404
2.99466
10.2438
4.18553
3.38066
2.53988
3.09098
1.81659
4.2528
5.0803
3.53411
3.25784
5.36909
2.79322
2.62088
4.59311
1.7978
3.07919
1.54568
1.64436
1.78851
5.00592
5.43218
1.64619
3.67329
6.42669
8.03009
9.54897
5.85438
3.94858
11.0572
3.08451
2.15155
2.0201
2.05239
1.4393
0.641752
2.70345
3.22996
6.97932
1.72804
1.10357
12.2538
2.25752
3.35919
4.30327
3.52515
1.55772
4.62196
1.06306
1.90013
1.6539
2.15749
5.19356
1.2175
2.72565
0.925281
1.6093
8.2352
1.99118
2.78062
8.38165
5.72529
2.64519
5.55854
3.95019
1.42516
2.84257
1.87167
5.49378
0.813309
6.60946
1.70607
1.94233
8.01166
0.484936
3.98718
6.59834
0.601394
5.52723
1.68006
2.47822
1.59455
5.95473
3.85292
4.93541
2.5649
2.10542
0.884425
0.766927
2.72511
3.91507
2.40394
2.3362
6.70624
2.11926
2.95355
4.294
1.45921
2.30551
3.04837
1.33374
3.67714
2.11293
1.66248
2.23872
6.40936
11.6706
1.70025
1.17235
2.53397
3.5217
2.53758
10.892
2.6607
2.55663
2.01522
3.02904
8.51471
2.71606
4.25166
6.30839
0.950539
7.69961
2.46261
7.6549
0.475984
1.2533
10.4546
4.79749
3.36363
4.81144
1.75615
2.53549
3.52775
2.07898
2.61056
5.03796
6.79667
7.20302
1.88646
12.3007
5.86217
2.27295
0.919522
1.477
0.566587
4.86561
11.1736
0.62351
2.284
3.16411
4.68066
0.799179
3.93087
0.285656
1.61963
3.40308
4.90744
8.44399
3.33246
1.22931
1.91546
4.32681
2.07329
2.30298
4.94568
3.30565
3.29783
3.33908
1.71422
5.30349
2.78109
6.36983
3.79962
9.68313
1.71328
4.20585
7.44472
3.56919
1.42396
2.67126
9.70716
3.41744
4.53579
4.39914
1.59669
3.23566
7.06084
9.29128
1.74699
2.50821
0.412473
0.253348
4.04937
1.00892
3.08508
1.29327
2.60582
1.44238
5.2536
4.31713
6.31817
2.3453
1.70425
4.7773
2.86354
8.85328
2.54516
3.03817
6.10788
2.49988
1.34913
4.21648
1.15996
3.80453
4.94861
4.23199
2.58517
5.02534
11.4653
10.3096
3.94086
2.45297
2.80812
4.20112
6.23268
5.12319
4.11461
5.11044
3.63598
5.10345
2.95428
1.40948
5.99583
4.6328
1.88063
2.12628
5.01287
7.46252
5.9691
5.73412
5.16048
12.3181
6.13442
1.91488
1.91003
1.93188
3.63173
4.18742
5.91765
12.8699
3.73917
1.30573
1.89872
4.36789
2.91731
3.09316
4.32746
1.38042
1.66263
2.24731
1.04937
10.5066
12.9513
1.01168
0.393071
1.71237
3.19441
13.9171
3.68104
2.62201
4.36932
1.22139
6.25962
4.94912
2.06868
5.57656
4.85611
8.46336
4.10326
9.57568
0.567856
2.9362
10.2824
3.91411
1.81404
1.4029
1.73958
3.63005
3.27943
3.62104
3.7764
1.40526
3.61603
3.58652
4.76336
3.73575
10.2625
1.10686
3.2874
5.62514
2.08506
0.304137
9.74105
5.64499
1.54104
4.55781
7.09736
5.44268
5.77382
2.48641
7.44124
2.0169
4.09801
3.72108
6.25201
1.53387
2.23273
2.3137
2.47203
2.8735
4.20179
2.7788
2.79671
2.27812
4.26405
3.54326
3.01484
1.70392
0.501214
4.89006
3.11034
9.48816
3.1099
3.23078
6.00296
5.45436
1.07166
6.47153
4.30575
3.28559
1.64139
1.23085
1.90463
1.89815
1.90807
1.71836
4.44274
2.46129
3.09374
7.91577
6.02999
9.48705
5.45694
12.8156
2.65262
1.91499
1.72347
2.97993
0.91154
1.92129
9.36863
1.81446
0.953765
7.84691
1.78881
2.44728
1.50891
1.72309
3.07458
6.91989
3.98681
3.10937
0.359455
3.97717
2.27268
1.9519
1.41404
13.6822
3.63894
0.990783
3.77212
7.6486
1.77684
14.3238
0.697035
14.2225
3.48745
4.64518
3.57451
1.30097
2.09877
1.99674
4.62192
6.06627
2.08481
1.35995
8.76045
3.13263
1.58771
8.39854
0.773607
2.79306
3.21028
2.84744
8.72861
1.78931
1.89584
3.69252
1.02989
2.38598
11.3586
3.11599
6.16551
1.11634
7.768
1.21677
1.48319
5.31068
10.7521
2.01791
6.39624
4.0063
2.27742
2.43789
11.5277
2.69367
8.83501
7.52408
5.76971
3.09028
1.63788
2.9786
2.20621
2.46031
0.454201
2.7452
2.72854
0.993278
1.2937
10.9327
1.71648
2.7563
1.45069
2.24271
2.59353
1.67343
0.638713
9.79725
2.71881
0.52387
1.6424
6.54843
3.18763
3.20714
5.46852
6.0101
4.62149
1.63133
5.91127
2.32918
2.84753
2.64669
1.66057
3.94457
6.14214
1.26559
1.98812
1.34943
3.3726
1.05408
2.75959
6.03944
4.13222
5.38181
2.36938
1.62788
1.08788
1.9816
3.014
4.16555
3.61701
6.19023
1.8434
5.98987
2.46709
3.63551
1.52116
2.27152
3.90938
3.63856
2.05286
2.69672
6.22937
5.9467
5.76466
5.43554
2.05111
4.97068
1.9075
1.84008
5.95532
0.766304
5.62127
4.94197
1.83491
4.59896
3.54663
9.51197
1.7768
1.65148
5.58531
14.9395
10.1108
5.38951
1.71812
6.65555
1.7305
3.3506
5.67385
6.67889
3.60535
2.064
11.3514
2.04065
2.42091
3.28802
1.97706
2.74226
1.57244
5.03777
1.18543
1.61455
7.74883
5.93712
2.92995
3.58074
2.96812
7.81985
2.49978
3.55223
3.38604
2.7699
2.4341
4.4763
4.34225
2.02582
3.78331
3.95516
2.879
7.0593
6.75414
2.46218
0.893111
1.52588
0.428777
1.38512
2.75201
1.30121
4.26941
6.59335
8.80429
5.16754
2.38191
2.13914
1.33197
2.8371
5.86078
3.44775
2.84314
4.83508
3.96422
3.56177
13.8232
2.72256
4.78874
7.42037
0.899354
7.72397
3.13181
9.09933
2.76843
4.74128
1.71642
2.99553
2.16045
7.39076
1.95049
5.55361
1.49548
8.73907
4.26333
9.40647
7.51899
0.608864
13.1507
6.12184
2.45744
4.1811
2.665
1.656
2.72228
1.61916
3.51081
1.03615
2.11409
1.8078
4.19732
1.13553
6.16802
2.92378
3.35478
3.63331
2.70352
4.2059
1.00101
3.63472
8.96436
7.96371
3.34518
4.1331
2.90695
1.21971
1.62315
2.86807
4.06613
2.00092
3.56478
4.21614
5.01013
4.40122
3.85068
2.99051
2.94948
5.94175
4.85663
3.57289
8.82177
5.98897
4.73211
2.10471
2.85382
2.96254
2.47484
2.26429
3.48463
3.31667
5.18081
4.55412
5.3833
8.16472
2.93057
1.89835
2.67719
1.75422
3.8098
2.67518
1.85954
1.74078
5.50236
1.36989
2.08332
3.09204
3.51011
2.30191
6.21908
7.48549
2.60646
6.43524
2.42416
6.50983
4.56291
1.06241
9.09201
2.144
1.69655
2.02607
2.66714
7.07692
8.99752
3.87712
9.19497
2.15379
5.799
6.95205
3.2906
3.80514
6.46545
2.67048
6.84915
2.48993
2.65799
2.60485
1.58326
2.4492
2.34444
12.4476
3.8307
2.28633
2.39401
1.3832
2.8875
3.80626
1.56015
1.84228
1.1419
8.16036
3.74774
2.75928
1.96626
12.8571
2.98325
1.34459
5.63282
3.36771
7.7027
1.94543
3.10971
3.57569
2.01393
1.5269
3.60669
3.14531
5.97238
1.56283
3.05887
4.54051
3.53875
3.90693
4.45811
2.12274
2.13735
2.11525
5.36472
1.74567
4.29524
2.73007
1.91672
4.73928
1.50337
6.24201
6.45027
6.80506
2.73091
1.59929
1.35352
2.27749
2.20636
2.15974
1.98024
6.68948
0.500773
4.03312
8.2671
0.607551
3.62793
1.91154
2.41792
11.0101
1.51323
6.53231
2.52196
3.55455
2.35011
2.51481
3.32271
7.90957
12.2668
3.97256
3.95621
3.37118
4.07572
6.47374
0.329397
3.15918
2.95988
2.88894
1.94602
0.849941
1.3057
1.25368
1.74379
4.41961
3.42606
1.9973
4.19348
3.97459
0.721211
0.402409
5.56398
4.92725
8.24689
1.45187
5.31109
2.7805
4.0608
1.40237
2.00238
6.44067
3.52544
2.85438
9.48784
1.85261
10.3764
3.22864
8.50353
1.65005
2.50055
7.60598
2.90771
3.39771
12.9137
2.03714
0.933093
12.6856
1.62915
3.09551
1.96841
2.01632
3.91631
0.768237
0.425226
1.62677
2.04594
1.4058
2.54016
3.71725
2.76584
9.94281
2.31985
5.06398
0.976899
2.60082
2.85767
5.44881
0.518144
3.47686
14.8914
2.88115
2.20003
1.07263
11.0943
4.46606
2.7344
3.27341
4.35346
3.38013
2.3245
3.2029
1.29525
5.33949
0.78486
9.12579
2.86856
2.00281
1.37203
3.39396
8.29021
2.70086
1.20197
2.18058
0.655994
3.7331
4.78545
13.2804
2.25815
1.27205
2.11953
2.92695
9.23024
2.37454
3.76218
3.09086
2.76114
2.18722
4.9412
1.80074
1.78953
4.428
6.37067
2.88334
1.50021
1.45983
4.38342
5.84665
6.40525
3.51319
1.99344
7.41408
6.5329
3.16445
1.70821
2.57303
0.76828
4.83978
1.42246
2.25239
4.41579
3.54719
7.40325
3.43167
2.39346
9.39487
5.39707
2.80833
2.82344
1.5229
7.15216
12.8937
2.26514
0.529075
0.840433
2.68059
1.98956
9.3036
2.9802
2.39511
9.24871
4.54889
7.33066
5.54158
3.58119
2.24477
3.70757
0.178214
3.5906
1.76427
3.13937
3.48194
3.78321
2.05427
2.82567
6.19337
3.15281
1.26708
10.3794
4.22389
0.243935
3.28702
3.81519
2.77441
4.79184
2.51373
0.450666
4.77095
0.991403
4.43755
1.27538
1.94874
2.79952
0.375538
9.60468
1.47787
1.45134
5.68678
2.70495
2.20438
3.82869
3.67768
2.64737
7.53502
0.831707
5.18469
2.58909
3.32432
3.12157
5.06334
4.81579
13.1332
2.97601
3.08149
2.12714
8.85296
0.898634
5.77884
3.6004
2.63681
3.66987
11.0908
5.3246
3.05074
7.58065
0.805492
6.51051
3.89909
2.51129
6.04855
0.830717
13.9485
9.27396
1.56049
2.71438
0.593848
2.58372
1.90754
5.62426
2.59825
6.12359
2.67787
8.84952
3.53733
3.5488
1.14547
2.04083
1.70753
2.49761
1.4529
2.37072
6.01529
1.54819
10.2953
4.81442
2.41729
3.78028
3.12052
3.3151
10.3436
1.44225
7.90256
1.88034
1.73022
2.43215
13.008
4.10579
3.00563
6.38397
7.22494
3.9293
2.50816
2.91543
6.40259
1.09306
0.451099
1.5203
1.63326
4.57291
3.84576
6.66792
1.99821
8.19039
2.26637
2.47615
7.07726
5.73126
3.14531
4.71101
0.579318
2.32962
1.32643
1.5726
1.79618
7.34059
8.92777
1.90231
2.32439
4.30353
1.4872
2.55801
0.670173
5.20897
4.5784
6.38558
2.25798
2.08917
11.6156
7.28412
7.62651
1.94026
7.62656
1.74648
2.48709
2.72692
4.92754
5.35344
14.1915
3.84436
2.43968
3.75163
0.221384
3.89472
7.70411
0.938454
2.00516
2.58181
3.06071
6.55264
3.50119
2.6234
2.32595
2.14572
1.28548
1.64592
4.16973
3.24686
0.893529
2.56913
8.06168
0.9685
1.82266
3.69928
2.32251
4.24862
12.2609
3.02961
3.30296
2.18803
5.9604
8.94352
4.02417
2.8808
4.54057
6.26331
0.386486
1.94749
5.96785
3.56425
8.11903
2.79475
7.86568
2.3794
1.85914
2.96353
1.48298
2.75609
0.350426
2.36251
2.35803
2.02794
4.60766
2.69267
10.4444
1.21469
8.04878
4.24796
2.26031
3.80704
3.66076
1.54205
0.503903
0.802157
5.10817
6.02786
2.10512
2.01844
4.00961
0.951125
3.90651
1.03656
3.23969
1.54205
1.70704
6.26138
5.24362
3.73414
1.8657
1.85558
4.23261
2.93185
2.44136
1.45343
3.23405
1.15417
6.03794
5.99529
2.82261
1.06914
5.07794
6.82445
4.73136
10.7503
2.04857
2.43887
3.69168
6.42228
2.03289
1.78334
3.45132
1.58891
6.83473
0.701936
4.92635
3.85907
2.31335
4.91251
3.542
1.25055
1.94155
12.8496
3.03961
1.34833
6.09559
1.27689
3.07468
1.35884
1.42644
2.10898
0.275232
1.26064
2.3185
3.52869
11.7581
3.90778
3.71695
3.78102
5.87817
4.0903
2.87524
1.09003
6.26463
4.13117
3.71105
1.7369
7.31526
3.60461
5.46666
1.77653
4.93571
4.2413
4.58412
2.67778
1.81253
4.80796
2.17292
6.53934
2.63543
11.4682
1.62755
7.17956
3.48269
1.39883
7.75403
2.7062
0.634624
0.97832
3.0188
6.98705
4.59341
2.80236
3.77661
2.9249
2.47015
5.01389
13.6069
4.82688
6.031
4.29887
1.31116
4.64608
2.98324
3.60325
5.74736
3.38784
4.34942
5.42813
3.99334
5.34321
1.99473
1.90225
3.66169
3.2438
2.53037
1.34702
5.17967
14.2531
0.561567
4.99821
0.323551
11.7978
5.15896
2.5425
5.89178
6.80828
6.38996
7.98039
12.8919
2.69994
1.2078
1.92886
3.45297
2.51111
8.37593
3.11471
3.15362
2.71397
2.15041
3.94546
4.55626
8.63306
1.28043
0.298978
10.0805
3.59532
6.57866
2.38589
5.9171
1.77647
8.90433
3.7331
1.65344
2.27772
0.459461
2.75258
5.94823
5.81139
4.97274
5.08176
0.429624
1.36859
5.74309
2.25921
7.77084
0.547437
3.84844
3.08626
3.05215
3.51507
5.27487
4.17199
3.15526
7.9631
6.84115
2.76812
1.00081
9.64368
2.35748
13.5135
1.66599
10.5341
1.27941
13.6371
4.96057
2.55142
3.00145
11.4947
0.81709
1.45893
3.75052
0.320132
2.8993
7.36113
3.84982
2.67903
2.97056
2.29298
3.07727
4.68447
2.65363
3.80178
6.69798
1.96829
6.6003
1.47028
3.92359
0.450719
3.4104
6.89702
2.26313
2.88894
3.24262
4.57035
7.66282
4.22605
4.76737
5.00444
1.66752
2.65302
5.74878
6.44634
2.88435
2.62515
1.69395
3.24034
4.57025
3.86771
9.77298
1.41664
2.26841
2.62749
5.46879
12.333
0.751689
3.53579
2.15783
8.47264
6.77567
3.17908
3.56976
1.15833
4.13945
2.67508
6.5105
2.03094
3.04022
3.02795
0.744158
2.19253
0.89117
4.15196
2.89462
0.951249
4.75077
2.12207
1.7156
1.33351
4.05742
1.39523
2.14192
3.20911
1.77954
13.4337
4.11544
4.21759
2.43383
4.68588
1.70487
4.02496
1.74546
6.61054
3.51997
5.39358
4.87915
10.4105
1.58892
1.60726
0.815333
5.58286
1.66789
5.91478
11.7972
1.29361
7.58392
2.16642
2.58645
8.82797
0.615899
2.32335
2.83914
1.73396
2.16001
5.83569
5.47404
1.78169
3.7332
1.79
1.06404
10.2632
2.15756
1.14563
1.04699
5.13809
6.00382
1.82272
1.30027
0.59325
2.04232
7.90173
3.60275
5.24255
2.25084
4.5836
5.7715
1.49509
4.6008
2.98285
9.89187
0.596512
1.53229
5.57998
0.789585
5.01845
3.28373
2.28215
9.05391
3.88522
3.09169
3.74821
4.15195
1.21471
7.30072
3.7513
5.25875
4.23437
3.50566
2.17096
3.25092
6.37336
11.0749
5.48912
3.1099
2.77726
4.36965
3.48871
3.82231
3.04046
14.6042
3.01461
8.75894
3.69955
0.65311
6.96643
1.26292
3.60804
5.64508
6.21475
9.21073
1.17157
1.05476
2.94657
1.03722
11.4788
1.30788
8.63678
2.69889
1.29228
5.251
1.92172
6.71797
8.09746
2.37438
3.55959
3.6716
4.25201
1.97815
2.38115
1.77148
2.36164
2.59762
4.2895
4.44115
0.906785
3.32744
2.8907
1.99882
0.352568
6.71503
1.11551
7.05584
2.72892
1.55614
3.02323
5.24748
6.08152
6.96784
3.40187
2.83523
5.35074
5.90263
0.4922
2.04223
3.01954
2.78727
1.56085
3.84778
2.52893
2.06969
4.06156
0.749882
4.18985
5.34748
3.63784
5.01213
3.09274
6.15795
4.30454
0.914678
0.839807
0.896178
1.63487
3.17435
5.76173
3.28459
4.98693
4.94565
5.09043
1.55935
5.84651
3.6578
0.800982
1.82264
1.26493
2.23401
3.46498
1.84858
2.36112
2.82216
8.24974
3.99158
0.94864
1.65444
5.4942
1.34066
4.68125
3.62471
1.15638
2.85774
6.68915
2.27768
4.78337
4.34403
3.30444
2.45323
1.08275
2.81761
1.17298
2.89467
1.45629
2.82485
3.65748
1.75253
1.49237
1.56098
3.39474
2.02223
0.972672
9.30694
3.53741
2.58351
4.62546
7.13683
4.08362
2.57245
4.14758
2.9495
3.22405
9.80704
3.54057
1.14677
6.11639
2.26384
3.27418
1.44651
2.67904
3.25119
5.08515
4.23778
3.32837
1.56609
1.64178
1.23211
5.12046
7.20888
3.33594
12.5343
1.47152
7.65707
4.74587
12.7018
13.9143
3.03175
2.36352
3.60985
9.7642
7.55835
3.57482
5.38786
1.13625
1.13557
3.22737
2.03826
7.15699
6.45806
3.20738
2.10848
9.34726
2.07208
4.62546
7.10093
1.80609
2.23443
1.49293
4.85299
2.88515
4.68055
1.76733
1.87397
5.73493
2.71782
1.53956
1.94841
7.27143
2.26654
3.05174
1.5723
2.85159
4.17688
2.34537
13.1015
1.54018
5.85748
1.06839
2.6105
2.20735
1.35047
1.87207
4.30388
10.099
3.22073
12.2891
2.37899
3.72888
3.06191
0.428101
1.8937
2.91862
7.53002
6.28192
4.92697
5.49908
4.59239
1.81587
3.7442
5.36363
2.09721
2.01566
0.696011
4.86987
4.81998
2.14311
3.74389
6.50113
1.56663
0.951879
1.23666
1.03896
3.35353
5.99506
3.54147
0.661351
2.6954
2.30701
2.2737
1.48386
8.71322
6.96303
1.9969
3.84973
3.38961
10.3584
2.6926
2.74005
2.82302
5.19563
5.37763
1.69271
6.36389
2.83556
1.23821
3.09225
4.98671
2.40282
0.747275
1.87961
5.39141
4.00705
3.6688
2.28631
1.75921
2.29501
2.78294
1.67903
8.96296
1.9707
3.25014
2.02112
1.0807
7.61711
5.95617
1.70536
5.96044
2.44854
4.11604
1.06744
1.44124
2.52487
4.20576
2.52027
6.2569
3.98695
1.99749
0.519846
2.03468
0.642624
5.0843
6.34938
6.38537
2.93751
1.24147
6.64855
4.59421
6.16807
10.1006
14.1354
6.34767
1.63279
1.59752
1.76179
0.390899
1.60768
1.8968
4.2047
6.78727
2.00831
2.76306
4.99018
4.11144
5.72794
2.46421
0.777812
1.80916
2.18158
3.95782
4.98331
1.94939
3.6512
3.55676
2.03449
1.85986
1.5554
3.19649
3.4801
1.79816
3.66207
7.8812
2.61488
8.69445
1.72094
4.53852
3.46351
2.24891
3.85935
1.11718
1.50467
3.8502
4.0726
6.34375
7.43494
12.6568
7.65357
8.26399
6.47945
4.21108
3.66708
7.64389
9.34289
5.21298
1.72102
1.02532
1.84899
2.96312
8.05262
6.35198
5.31967
2.24917
2.44531
1.60795
4.24905
2.40953
1.76721
6.48751
4.34836
9.52682
3.73617
3.99975
6.00934
3.15224
2.82583
2.25435
3.31487
2.48373
3.4393
0.864687
2.74813
1.61374
2.68404
2.20765
0.804055
2.53924
4.23013
1.50388
4.4617
8.56808
3.52193
2.08872
2.66693
7.05134
10.4519
8.65811
1.76469
6.82032
1.57484
2.6449
5.2427
2.48676
1.93369
3.00157
3.85006
1.28522
0.91169
3.60269
2.44328
9.71758
3.27573
5.52902
0.264495
5.16228
2.46506
5.03216
10.0865
3.02384
0.466151
4.58294
3.41153
3.97458
0.487811
4.72906
5.06661
1.3588
1.69576
2.74663
9.91713
4.76495
4.72254
1.78625
2.81376
4.29266
1.42158
2.37308
1.27938
5.32496
0.354126
11.9649
8.86267
7.57507
12.4935
3.93459
0.881872
3.267
1.94977
4.22448
3.39255
3.1341
5.53298
5.9783
3.6646
4.54906
3.54832
1.48759
8.09481
3.21137
4.53868
8.52565
1.81925
1.21718
0.406672
0.419038
9.6474
6.13648
6.76731
2.85691
1.48536
1.41625
1.98844
3.69295
2.69713
12.1831
1.74996
4.35439
0.630372
2.28559
6.67812
2.43695
0.362991
5.33526
3.24968
1.28424
1.83055
2.92394
5.17687
3.9768
1.73762
2.79401
6.42865
9.02095
3.39523
2.32379
0.657225
1.36103
5.92608
4.9911
3.56523
1.65647
3.13638
1.72315
2.10457
2.03843
6.10026
0.991986
13.349
4.51141
2.36169
0.803664
1.50052
14.6334
4.07299
1.43183
2.04931
1.47135
1.72114
5.48397
3.23381
4.75403
11.1817
3.5567
5.98706
8.50775
1.29082
1.7731
1.25445
8.88508
3.83924
7.07176
4.05695
4.96395
2.41784
8.8171
2.49774
1.86064
1.44463
3.12391
1.06542
2.62174
2.03627
8.51754
3.57426
1.59034
0.870823
6.60174
0.95569
6.63768
1.54499
6.22968
7.86285
5.35848
10.3109
3.94787
6.42953
1.75943
8.18007
1.85451
4.19813
1.25307
4.65585
2.08803
3.14043
2.51282
10.2599
1.11548
6.53591
2.75755
1.72072
7.67393
1.96193
2.5192
13.0737
7.07013
1.98042
2.62477
2.17304
3.75194
5.56473
1.14861
6.18657
8.11394
5.96356
2.78121
4.15476
12.0004
2.58184
3.44252
4.40555
4.421
1.90998
2.71238
4.16575
5.88308
10.6484
3.94073
6.56043
1.57861
12.3008
2.89063
2.03169
3.38514
2.04517
1.85529
4.97403
6.25241
13.2815
2.3242
2.10995
10.2828
2.43134
4.26015
1.28576
3.06444
1.32931
3.2679
4.39369
2.0352
1.67505
0.699303
1.75029
6.29651
1.53084
1.24652
6.44656
4.89764
1.81319
3.46977
1.07343
7.47688
4.63526
1.06958
9.39025
2.79227
2.28736
3.51807
3.40907
3.36323
1.73744
2.39675
5.16296
5.63201
8.28191
3.47351
3.22864
1.53481
3.57685
4.35975
3.92137
2.06799
1.84015
1.46749
1.82015
7.9671
1.82026
0.636371
2.74944
1.43754
3.45475
1.68392
1.25108
2.65058
4.97472
1.05643
0.563538
1.03453
4.00485
2.09702
8.49527
3.72442
0.692232
0.724146
9.74236
2.67816
2.67864
1.04281
1.95241
14.6442
7.65948
1.43614
5.57688
6.58053
4.44126
1.95281
4.84434
1.77902
2.10958
5.94652
1.99989
1.76975
2.72484
2.49271
2.86093
2.60302
1.27339
3.85362
1.7261
4.66171
2.95543
3.53635
5.31494
3.75825
5.86961
2.95386
5.70321
2.65979
6.16591
5.43738
1.74744
1.45859
1.91634
6.57643
1.9074
4.38717
2.28271
3.8592
9.84675
10.466
6.45044
1.30597
1.07149
2.94439
6.99988
1.60335
3.77327
1.69547
1.31844
1.42431
6.37786
5.07756
1.00908
3.26433
7.01796
4.06212
2.57313
1.62687
1.98267
2.77245
4.05233
9.80139
3.6874
1.65752
2.19737
6.84297
11.3509
4.69948
4.33644
1.47331
8.60087
4.18941
2.4044
1.46986
4.10866
3.12037
11.0727
2.59136
7.38016
2.07623
0.639187
2.94878
12.0474
0.686251
1.89834
1.76783
11.8673
8.015
4.08927
1.74566
4.48791
4.50731
2.10027
8.12299
3.41566
11.1357
2.9352
2.81965
2.24457
3.44055
5.05559
4.75227
1.65602
4.05946
1.15333
4.07973
4.9127
12.1686
0.691734
2.85147
5.90476
1.77573
15.1612
10.8013
3.27818
10.1033
3.37923
6.20899
2.19293
8.88684
6.84663
10.1286
5.9869
2.30466
3.84173
3.02745
2.79034
4.00486
1.30845
3.70023
2.83608
6.23417
5.42149
1.1647
3.05928
5.47544
3.22834
5.7912
0.794079
2.49433
4.11642
5.29602
5.18745
2.38354
1.46318
1.72763
8.3738
7.42586
4.16533
2.78069
4.74133
2.00592
2.37467
1.30183
5.14405
3.51399
0.682983
1.53044
1.73434
0.360891
4.70545
2.52589
2.79527
0.146269
2.38261
2.99242
4.08115
1.27469
6.59582
3.10113
1.65523
2.8503
9.51107
1.51032
0.82073
6.9892
0.401111
2.50251
2.49208
4.64093
11.6562
3.96291
2.85596
6.94866
5.58921
0.675722
0.775916
2.11823
1.97349
2.51308
2.07141
0.633577
1.72364
4.32257
2.74441
0.797758
1.16011
9.02805
3.02413
15.0134
9.18261
11.2425
12.1968
3.31037
1.75836
4.72893
3.62704
1.11206
3.97986
7.65709
0.458458
3.23221
2.98791
5.77516
9.62311
1.40579
4.0877
2.13673
1.14255
1.19308
3.02547
4.06615
3.0527
4.25324
2.28262
1.83797
7.82
1.801
4.55436
1.83622
3.72188
2.37519
3.64737
0.456268
7.17687
10.2993
2.9144
0.712316
4.02618
1.96346
14.1768
3.37871
5.05532
2.29714
1.38473
5.24895
2.86784
3.09335
3.60954
4.09766
7.08514
2.27797
3.73073
9.50564
1.91294
3.33987
2.27362
10.1484
10.2739
2.54969
3.14768
2.75362
1.66878
3.12524
3.26442
1.93576
2.84366
1.2343
4.82891
3.57645
3.37392
2.11973
2.55411
5.19
4.03221
1.91831
3.11784
5.44151
2.06467
5.82504
6.34346
5.93042
1.61821
5.07047
3.74105
2.01335
3.04204
1.00276
0.591776
5.03406
1.6368
9.78779
6.81623
3.25677
4.03736
10.4
1.31684
2.46782
1.30462
6.31792
2.81612
4.35832
1.09263
2.2509
1.12932
3.24722
3.74984
14.3597
1.01621
3.75157
4.76293
1.74822
2.18089
2.71043
4.61445
6.1147
2.9315
3.55877
0.54312
7.2368
7.35394
6.05414
1.79934
2.28562
5.07899
7.5494
7.23281
1.08336
1.84779
1.95405
3.15493
7.36809
5.10248
7.43802
1.29672
0.952316
4.52333
7.95981
1.13973
6.66597
3.79745
3.40982
3.2624
4.08743
2.46596
2.67465
2.29368
2.86734
5.20909
6.41318
5.88442
4.04475
3.62489
3.17563
1.92412
2.28657
1.8431
3.7988
5.19506
1.07605
4.02762
8.32202
7.73382
3.10954
1.48052
3.71214
3.48872
4.38695
3.39861
1.90748
2.74234
0.610227
14.245
6.80701
3.12339
3.16207
4.22583
1.36616
4.34156
7.82537
5.55467
2.15364
7.9989
4.20677
1.27603
4.32177
4.54574
3.87076
3.09616
4.13304
3.64237
1.93834
2.81883
7.04033
1.87584
5.80855
0.921436
1.12206
4.36327
1.64139
1.72427
1.47613
4.94046
8.35465
1.38816
3.37965
2.10024
2.74875
2.40095
5.24161
2.26499
5.6991
12.0502
9.92625
2.46061
3.09628
1.45323
6.95693
4.85198
5.52171
5.77839
3.4817
1.44538
2.43672
1.00777
2.52798
1.71293
2.64383
6.18375
5.16302
2.32054
4.47911
1.27745
1.47127
7.48798
1.41795
8.69653
3.0453
2.36864
4.67761
3.4902
6.9179
1.7919
9.80497
2.21626
2.78326
2.78913
7.89918
4.74177
3.55861
0.221678
2.34563
3.60921
2.65238
2.68801
2.97162
2.27838
6.02977
8.28927
3.73871
6.31768
3.16216
8.1327
1.40972
3.99568
3.31639
2.6416
1.89827
1.89712
2.11237
1.87493
4.31635
5.83866
1.90415
2.27833
5.94047
2.29893
1.11786
2.46184
1.76297
2.89655
0.19873
11.3028
2.47252
13.6032
3.53774
0.692317
2.105
0.340757
6.92716
2.99934
3.98923
3.91557
4.11318
6.378
1.74166
2.78748
2.86816
8.44638
2.96314
2.67443
1.86668
0.651199
4.33599
4.28906
1.65328
3.73498
12.5617
2.10886
3.81152
4.70681
1.97322
3.8658
2.04469
4.02557
5.2457
3.30673
1.69634
0.573741
5.82301
1.54625
6.11176
2.46607
2.48713
3.86958
3.37926
0.64595
3.967
3.01289
2.27488
3.98561
13.092
5.8962
5.13347
6.9834
0.833982
1.42856
2.68516
13.9677
3.98351
4.95258
3.21305
3.92812
3.27858
7.11833
2.71991
3.16309
2.14566
11.8121
3.39204
3.52123
2.96037
4.06549
1.53788
1.08591
1.62179
3.14327
0.617564
6.12573
0.716087
3.67478
1.76123
2.28689
1.7785
4.27377
11.1701
0.800983
4.9747
2.02378
4.95793
9.77093
3.12699
1.4469
5.40527
3.18391
5.58079
1.28854
3.81183
3.2397
1.69538
0.803786
3.4808
2.55296
2.00407
3.1208
2.59971
3.38147
5.47798
4.64144
4.30692
1.42862
2.84072
2.9763
5.36902
2.29877
5.10896
4.94281
3.64664
3.44035
1.05417
9.52166
4.1625
11.2327
0.577366
1.69355
2.09526
4.60115
1.51476
1.97588
8.12622
2.5421
2.34856
3.1961
5.49116
3.73167
6.7089
0.743345
0.756092
2.86157
0.779311
7.21301
1.34058
1.01583
4.4501
2.78554
3.48694
2.38035
2.72991
2.1509
0.882711
4.99757
3.95796
10.8869
10.5454
11.4124
0.668987
1.51723
1.81154
4.4884
3.56755
2.57105
5.0749
0.213498
0.846824
3.22814
1.76486
1.65101
1.45435
0.698502
4.37151
3.59101
4.50133
1.88982
2.58077
3.16423
4.4445
4.70955
4.93608
4.96693
2.13491
2.05223
7.39103
1.41029
0.414911
1.30855
6.31016
3.27673
1.50073
1.15822
4.11705
11.8335
14.0329
3.73866
8.76643
2.55944
2.46908
0.920636
1.98423
1.10289
5.52245
2.72148
0.970992
0.233534
3.51685
3.1951
6.86211
2.14718
1.16943
2.08209
5.53258
2.90797
3.97201
2.9331
4.61883
1.09475
2.29543
1.10936
0.481619
0.798529
2.41099
1.77647
2.67749
4.9863
1.81838
5.03502
7.82739
1.13875
7.66876
12.2487
5.64493
2.14309
3.6978
3.89238
0.702478
4.65178
8.3398
2.00091
2.97554
1.62396
1.62866
5.29757
11.3277
3.84256
1.91294
4.53077
1.70387
5.07583
14.1812
3.5446
2.647
4.8852
2.77743
5.77798
1.84156
8.75597
1.26448
0.980848
4.95831
5.54498
5.29739
4.27876
5.366
9.8111
3.3483
3.52735
2.95785
1.4592
7.854
3.37854
8.65693
2.85844
5.32794
3.04146
2.41741
1.71519
1.62829
1.22336
3.2027
5.75286
6.57103
2.08131
1.18608
3.19342
3.10967
3.45179
3.64713
3.5745
7.80199
2.93858
4.11688
1.23572
0.863702
3.00305
4.78298
4.65196
3.92497
5.09148
3.12165
1.63635
3.56699
1.32295
2.32193
7.51889
4.34047
1.58682
7.77674
1.09753
3.70327
1.17864
3.50283
1.67381
5.02919
1.53725
2.57047
2.12149
7.03777
4.73693
2.74994
4.23402
2.03814
3.36322
3.03729
0.754592
3.43165
10.4167
3.09299
1.83686
1.80011
10.5831
1.81351
1.77399
1.06725
1.26626
3.1552
2.6249
1.19205
2.64067
5.22921
2.82232
4.70313
3.35983
2.05361
1.96791
5.30352
5.34142
1.9457
1.62621
0.247341
5.07698
3.60396
2.21157
5.9244
3.23076
4.09438
2.02932
9.21011
4.22643
3.38089
3.58131
1.0798
0.534328
4.21335
1.83089
5.29221
4.01054
1.86419
3.77744
2.79144
2.82048
7.1278
4.8001
3.74783
5.02888
2.51381
2.31489
6.97213
1.12956
2.52991
1.12372
3.37791
3.73666
5.91824
2.45835
2.46459
3.69808
5.21523
14.5957
2.44132
3.29712
5.29625
0.129321
3.91502
6.75794
2.82917
1.72486
7.13551
6.99739
5.09059
7.74521
4.18912
6.75289
3.13723
5.72761
1.65164
3.22354
6.38773
3.79064
1.60649
1.34308
6.07149
3.07234
1.50246
2.85091
5.18038
0.932207
10.4346
5.21304
3.63409
4.16786
6.14027
2.5294
0.986829
5.62966
4.21313
3.91015
0.754858
6.6933
11.8045
1.99738
1.27274
7.23573
4.48664
5.33542
8.01275
9.29747
8.23041
2.45987
6.36555
10.6559
6.85027
6.84564
4.44778
3.18023
2.35794
10.2408
6.98981
5.35304
2.5416
2.10629
7.34235
4.56218
2.33384
8.69439
3.03265
1.8348
1.87342
3.4654
2.91972
9.19001
3.97609
3.57328
3.55733
3.61487
0.978869
10.1911
6.43113
1.71212
2.98661
2.55954
1.84285
3.47226
4.12017
4.1315
5.46717
0.622298
0.427105
3.35001
3.86264
4.66685
3.98293
2.5418
5.15679
2.05915
1.39278
1.4955
2.44351
1.33419
2.79857
5.29096
2.2794
2.35319
3.41703
2.13685
3.70172
1.5725
1.3284
8.25376
2.97196
2.98041
0.689413
5.55809
0.549114
3.23083
1.75958
4.21955
3.36746
2.29185
4.05028
9.06931
2.55262
3.81239
4.63044
10.0532
1.99608
4.29034
12.24
2.85697
2.66818
3.28086
6.31819
8.39479
2.90376
2.42135
3.86399
6.27815
2.28546
7.42171
2.72464
3.6543
4.2227
3.88033
6.81482
2.55437
4.36816
0.515679
4.76118
3.72952
2.28426
3.51309
7.27248
2.44663
2.13263
5.63341
6.58462
2.95641
1.52732
3.71431
11.1988
2.55108
1.39772
3.55144
8.27863
3.13114
10.4435
6.96479
6.07362
3.28804
5.18355
0.568706
5.02125
0.568069
2.30041
4.12864
1.68278
4.10188
1.75196
3.03746
9.21077
10.8451
9.35499
6.69427
2.35831
6.43144
3.20248
0.71951
0.777556
3.13679
3.48564
1.68341
2.34723
5.13827
0.6118
2.24602
4.86296
1.57271
8.96112
5.78326
2.70114
7.84188
3.30455
2.5321
2.90059
4.80107
2.86881
1.1884
0.718696
2.17282
2.64754
2.48499
9.79312
1.03667
3.43803
1.45448
2.40311
1.36863
4.64267
1.55044
9.91139
2.06182
4.41843
2.47456
1.51916
6.42804
9.93899
2.66253
4.35989
6.08159
2.70631
4.80465
3.32064
14.2043
6.12243
5.62639
2.93609
2.10114
3.36045
1.42786
1.54065
10.6038
1.20738
6.12242
2.87503
4.24446
0.881219
5.00355
3.30349
1.33178
7.48803
3.18058
2.50618
3.80791
1.80979
3.82368
1.3752
4.1195
4.25506
3.11242
1.89223
1.77823
3.43638
2.80059
2.11292
14.2752
3.87306
1.85202
4.38157
1.76926
7.07728
5.52101
2.55537
3.56053
5.28634
4.16159
2.44131
2.17245
6.65309
1.81861
4.09046
7.79892
1.01298
4.54661
0.612491
3.65429
2.09615
3.13502
2.63357
3.12357
5.95078
4.81866
3.10402
1.5598
2.97984
5.23879
3.62917
6.42531
4.19846
8.45504
2.56904
2.91527
2.6079
2.31971
10.3529
6.33863
7.94624
4.10528
10.0852
3.00586
3.69454
0.990073
2.92544
0.739054
1.57756
3.81577
0.755447
6.67865
2.40687
1.79791
3.98035
4.93985
2.60911
1.93458
9.04565
3.90578
2.84019
2.03808
1.98452
2.04035
5.03855
1.33855
3.95666
1.63829
1.10918
1.76803
4.23257
5.10043
4.02841
4.1437
5.72278
2.7075
1.30928
4.51688
2.53485
4.10741
2.41548
3.07162
3.37941
5.17139
2.73874
3.30103
1.07655
3.2532
11.3008
3.111
4.74293
5.41653
1.92701
4.32963
5.00712
2.75299
1.73364
5.58617
10.3859
1.3124
1.84224
2.2993
9.72152
2.53468
7.01593
4.53871
5.00318
0.690906
9.93464
4.29327
3.99551
1.97328
6.37167
3.29796
3.01372
6.08767
2.52007
5.23659
3.91479
3.21583
2.10068
4.08749
2.25549
4.9741
2.7183
1.53427
2.39122
11.6984
6.65733
8.79822
1.98343
1.52297
0.663508
1.73878
2.46019
5.7114
3.85172
11.4504
3.21347
3.65631
0.161762
2.30907
10.5743
2.04765
4.92622
3.66298
6.02987
4.79888
2.05746
2.64772
7.60379
4.46814
1.42727
3.13786
2.67663
3.32635
1.89297
13.8426
2.93079
7.63226
9.27879
3.53943
2.48932
2.96443
5.03733
0.487207
4.1306
1.44633
1.6664
7.95823
4.75846
3.56357
3.39045
6.04254
4.31667
2.6929
2.57189
1.28901
11.3628
1.81834
2.65019
1.58098
1.98754
3.07721
6.23873
8.87618
2.64881
3.30994
1.11478
5.89245
1.31801
6.09182
2.01917
1.39879
7.38962
0.883919
3.02459
1.75053
2.13575
2.08679
1.82558
4.41009
2.68016
2.05457
8.30263
0.527339
3.50515
0.89378
14.2706
0.634669
4.01957
2.62209
3.72901
2.99217
6.18395
2.79209
4.87578
9.293
0.45059
2.8856
3.84385
1.80442
3.1911
7.9877
2.94939
2.22086
1.63468
5.58052
3.61663
1.50355
2.05571
2.76219
10.0089
1.4908
1.42028
7.017
3.22636
7.72775
13.5925
4.26716
2.70649
0.79204
1.10338
1.3187
2.65005
2.57192
3.48324
1.04936
1.56153
8.163
1.17706
1.22675
2.16711
2.87765
2.4323
2.10018
5.03169
9.17115
1.70859
1.83508
1.55186
2.73699
4.78735
2.26869
8.24454
0.556664
1.49995
3.87851
4.93271
1.61484
4.64932
1.82456
2.72555
0.405753
2.60824
11.2754
1.56962
2.8333
6.12504
1.54857
1.7293
1.59779
7.48051
2.60698
0.885971
1.29023
11.4946
0.751283
2.90544
7.1716
9.389
5.70568
2.57434
0.920538
1.39197
5.63488
1.71264
2.26509
2.65061
5.42661
0.701381
11.8216
7.96659
7.91434
0.902623
3.3863
4.15797
3.84155
2.07551
3.52364
4.63605
1.7895
1.18941
2.20556
1.78595
4.41283
4.43946
1.41275
1.89475
3.84557
2.48645
9.01042
2.13652
0.488515
4.686
2.84252
1.06877
3.51706
2.45177
1.62715
4.00237
2.42074
5.69055
2.2271
4.63942
1.57944
6.09623
3.6934
5.62227
0.548658
1.54793
0.155043
1.97982
3.0209
0.247589
5.8151
2.71474
3.17969
2.32225
2.08988
1.26974
1.79844
6.21046
2.24367
2.47618
2.17247
1.62534
2.27862
1.2529
4.33194
8.39303
6.76123
2.82129
2.41713
5.24878
2.19652
2.58161
2.99395
2.60497
2.44444
4.75331
8.09948
1.83968
5.14117
8.36545
7.39907
0.850095
5.76459
1.82626
5.88321
1.32194
3.70274
3.84391
2.01829
0.69429
0.93346
2.47475
1.54808
3.76433
3.48154
1.29787
2.80387
1.72931
3.05923
2.02529
1.70305
7.8138
4.90807
6.10697
1.49406
1.34054
6.54431
2.33117
1.86318
3.11364
3.36633
2.22887
2.48751
7.69797
2.66543
2.60784
1.49486
7.73925
1.77552
9.48305
3.28306
3.02783
1.90847
6.71232
0.742679
2.20303
1.59772
1.35127
7.30955
0.707452
2.33965
0.283194
2.07954
10.6545
2.61575
5.09591
6.13225
3.46766
2.41746
1.35733
4.99145
1.50997
2.24442
2.2853
7.72165
1.07943
2.75706
2.71825
6.37666
1.72592
5.13093
1.37543
2.24288
3.92755
6.04874
10.8679
0.853754
5.5193
8.43918
6.37265
2.05307
3.39083
2.71182
1.42817
2.48844
2.44384
7.85194
3.83525
2.64515
2.66883
5.99838
2.71928
5.69206
2.21743
3.12363
1.00817
4.60908
14.8515
4.15951
2.17719
5.93234
3.29905
5.47521
3.85679
6.36069
7.54703
1.53849
7.06008
1.93566
4.74232
6.27154
2.40791
1.26081
1.36782
3.00195
11.1145
4.2945
4.53805
4.25298
7.70904
7.49986
4.46051
6.3553
1.25851
0.860718
1.43896
4.68096
1.31246
2.63027
9.26751
1.51914
1.66335
3.1894
1.49519
2.0706
5.28905
7.80204
5.06857
2.64397
1.28831
1.88965
5.02741
2.55565
3.64715
2.30522
14.4945
1.07393
9.52796
0.612215
3.76038
1.9315
13.8359
3.4552
7.29829
1.17499
0.588675
3.31068
2.67835
2.89553
0.642314
0.922079
1.08303
3.3335
1.57979
8.79451
0.332287
2.58721
8.89421
4.99388
2.3302
2.84237
2.08636
1.21777
0.644405
4.67994
10.6404
1.69687
8.24973
1.79798
2.02422
3.28929
5.3652
1.8862
1.26468
7.0966
9.54863
3.18109
5.1066
2.02003
2.5348
2.249
3.73591
4.15405
7.37046
2.0839
5.33125
7.33168
6.64506
1.63896
1.33258
2.64245
10.6793
1.56361
4.85399
2.08745
1.26196
2.6214
1.20032
4.43788
3.53621
2.98865
6.21527
2.91333
0.798685
4.31296
2.02535
8.60846
7.88121
1.71708
0.526488
5.2034
5.67737
5.78807
0.77949
11.3533
0.935368
6.49621
0.581143
1.11577
3.03003
2.36532
3.36684
4.30411
6.31369
2.58557
6.16977
6.65244
5.30206
3.40839
4.06078
1.9365
2.61591
8.7339
0.838873
2.09299
9.56758
2.27181
1.19732
3.51149
2.21882
1.51463
1.03146
2.10691
2.11252
2.90446
4.29775
1.12119
2.00427
3.98735
0.800242
2.31024
4.42273
2.0749
3.21676
2.72567
5.16899
2.21879
0.590476
4.78323
4.50244
3.07673
3.71889
5.79241
2.5574
1.36795
1.59265
3.35734
0.522814
2.23741
3.48841
2.4997
2.50474
1.58536
0.59375
1.32982
5.19184
1.56456
6.327
2.03682
2.95812
4.85053
2.30952
7.31701
4.1404
3.09586
1.55329
1.94399
14.963
1.1138
5.22336
8.63119
2.30253
8.03214
8.96352
8.69743
3.33424
7.91739
1.8414
3.48262
1.04053
4.98902
7.00867
1.99712
3.23518
2.39453
2.84124
1.90321
1.74811
4.52332
2.02771
2.70148
1.61556
14.7325
2.31563
5.01379
10.0064
2.24033
2.90908
10.0751
7.34114
1.74028
2.62988
1.90437
1.23792
6.2621
5.14996
3.9671
3.10577
2.88604
14.4086
2.51387
2.15003
1.92869
1.6049
2.61322
1.15889
9.17849
14.234
0.693618
9.09698
2.38844
13.6247
3.8442
2.92009
6.29196
1.84234
6.7986
1.19897
3.56621
10.2363
5.06082
1.3191
6.80746
4.83804
5.65349
8.30075
0.95416
10.6005
7.01385
4.39882
6.18472
7.34477
0.966461
3.86028
1.47638
0.643743
3.68748
1.56657
4.25601
0.444555
1.72176
6.28555
2.39209
4.95281
2.791
2.77786
2.57034
10.5206
2.3999
3.76611
1.75383
5.16427
7.22705
2.91587
6.59141
5.94122
3.42774
1.27538
0.452843
7.48533
1.65576
6.02684
2.06535
3.23799
2.67922
2.53409
9.58984
2.25393
13.0419
1.96312
3.83081
1.37173
3.8833
5.88825
3.6148
3.77951
3.39968
3.24629
9.28977
4.91081
3.05709
1.76184
1.62798
2.99902
6.32529
1.82801
6.1955
2.09261
10.1781
4.01754
5.8781
7.69059
2.58154
1.34397
5.58428
3.25055
1.01684
4.35974
1.39488
2.62464
2.42675
8.32841
3.59066
3.5545
5.04706
3.90794
1.32066
11.7395
6.36839
3.83307
1.60984
1.26079
2.33616
3.1193
3.01794
6.41475
5.75672
11.781
2.73548
4.32712
6.39408
0.502619
10.2811
3.13397
4.37227
7.84155
1.52072
2.45795
7.83289
2.06939
3.08504
4.69484
3.76799
2.76327
6.75396
4.35336
3.82817
0.557011
3.41947
2.5211
1.47475
3.32347
2.17739
1.88654
2.67669
1.80734
2.00128
8.50311
0.993423
2.51799
3.1365
2.48982
1.47915
2.25173
3.48274
3.76526
6.95653
2.38836
0.458617
0.699022
2.7565
2.04494
5.94445
3.28499
3.47829
4.33034
0.262122
5.34518
1.69248
2.56496
1.57245
2.98908
1.28725
0.557272
2.42068
1.50721
1.20648
4.86852
1.84387
2.13143
7.0594
2.45788
1.43684
6.35491
3.8505
7.45282
5.32424
2.5184
5.3768
3.08803
0.433649
0.168182
2.07757
5.88055
1.12597
5.03072
2.97307
9.689
4.09315
5.21272
4.86848
2.31376
2.34514
6.44985
1.51403
0.884857
9.9522
1.85517
8.60616
2.02704
3.00541
1.71203
2.77077
3.82339
9.68495
6.63461
3.57297
5.27664
3.74453
2.7426
2.29114
1.61917
12.5457
1.5379
7.24385
5.30852
2.26829
2.73581
4.67132
12.7621
7.61145
1.84356
4.53618
1.77363
1.72172
5.11909
5.62715
4.29095
1.93199
3.4149
9.39392
2.08105
3.60835
2.95462
1.71097
6.20854
1.93307
4.28328
2.2419
2.13641
1.40337
3.00761
5.33451
3.40741
2.9889
2.51395
1.36441
5.34208
2.87042
2.55657
5.03323
6.41239
4.65791
2.08221
0.936223
1.83801
1.03193
3.28797
3.15905
1.81098
8.97238
3.34668
1.98487
3.36
2.31029
0.790391
2.58056
3.10137
6.3506
2.86972
1.50093
5.94315
5.28812
2.34966
2.90735
1.17689
1.41681
5.39527
4.09532
2.12959
6.81041
9.77203
2.41763
2.02656
1.04641
3.83914
1.28049
3.00045
1.91538
1.85166
4.29763
2.67762
1.6246
4.42016
5.89137
2.71606
1.9836
2.01238
3.34825
0.989174
3.98491
2.68557
5.86092
2.36505
1.55722
2.26248
1.04151
0.62844
1.30008
4.76888
3.3539
2.41238
1.36598
1.41048
1.8069
1.0931
7.09285
1.88519
2.11939
4.70965
7.1971
2.84703
5.53591
0.861493
0.298982
3.17298
3.70109
1.487
1.31529
5.3856
2.0675
2.86458
2.33265
2.48852
2.21134
3.27772
4.22282
6.11546
11.9296
1.74397
5.33483
2.7357
4.42488
1.84124
3.53225
2.37514
3.39103
1.76986
3.77604
4.33176
9.51457
3.95798
2.78002
12.6475
2.36114
14.342
11.827
0.776959
9.10549
2.27677
3.12048
4.57323
5.71963
3.29807
4.07305
1.51878
12.1529
5.21271
2.5538
1.48805
1.8356
2.69701
3.2735
10.1321
10.8896
4.90853
4.87594
3.58725
3.94096
13.3114
2.22361
1.6758
1.76167
4.29965
1.72762
3.30648
1.03949
0.296965
1.92367
1.99154
2.19587
13.4929
5.29079
0.602524
2.92616
1.75728
14.5152
3.75161
1.73902
2.37627
1.08576
6.40592
4.80103
4.1959
1.20308
2.63116
2.24187
4.21525
7.51363
2.9709
0.698231
2.65597
3.72526
1.81572
2.50637
1.09437
3.20243
2.6671
3.38433
0.515902
1.2706
3.34786
2.08064
5.0243
7.37149
7.65568
2.7286
8.07494
7.88114
9.46741
3.13059
2.90661
1.32208
2.31109
4.20585
4.40341
1.69403
5.21578
3.31508
1.68909
2.12864
3.14153
4.84487
13.3425
6.6405
7.63944
8.22881
5.78989
0.81951
1.559
4.68139
2.96539
1.55089
2.00189
5.38881
2.95488
2.37856
1.52349
2.67564
6.17499
4.4914
1.85226
9.19375
8.95674
2.31149
9.2616
3.38578
5.43824
2.927
6.28767
7.98859
14.3338
2.76237
2.72213
5.3811
1.65711
2.5161
1.56345
8.1338
3.13156
2.28793
3.3056
5.18245
6.31093
8.69153
3.62882
11.0018
1.56367
3.02282
1.01214
2.06807
1.31997
6.60108
7.64458
2.33118
11.5492
1.14392
1.81157
4.5844
10.0542
0.931133
1.58358
2.90487
2.00631
5.19823
5.50194
7.24592
2.63102
2.41505
6.81307
6.89206
8.48095
6.49339
3.86613
1.58299
4.21049
2.96393
4.96776
3.76364
3.49607
2.71226
7.15827
5.56488
1.73451
0.794055
4.51609
1.54512
1.10463
0.779629
2.92567
6.83656
2.53066
4.99851
4.71542
1.05137
3.683
1.75291
1.4319
1.71166
3.32883
5.97578
1.97669
1.41934
4.61205
2.85441
3.04268
4.71334
3.95859
2.74135
5.36196
1.9218
1.47887
2.28821
2.24181
9.71518
4.60286
3.99753
5.18976
8.84071
5.90906
4.46032
3.42641
7.46449
1.10275
2.9831
1.05714
1.39193
11.1933
0.482839
4.17424
1.61559
3.57678
3.72718
4.14487
7.47865
4.11501
5.00886
0.974533
3.30314
1.22296
4.44475
3.45584
0.940122
4.8696
10.5612
12.7992
3.45613
6.98651
13.409
4.35399
6.14822
4.03104
5.8936
2.29845
5.63981
2.83937
1.17258
7.66739
4.27942
1.64603
2.93617
4.35101
4.09019
4.06423
1.89708
2.62529
1.96743
2.09698
4.00878
4.01493
2.91371
7.52736
12.2602
3.88198
5.3265
6.84703
5.30529
2.08575
1.71249
5.30655
4.12894
3.20344
6.87512
1.76476
11.8463
2.00108
2.90202
2.23559
3.76616
5.33261
1.89958
1.96669
6.59801
1.24299
4.25495
2.58899
0.450542
1.94764
2.124
4.72019
14.3858
4.16643
1.35786
8.09102
3.35665
2.04657
6.32643
12.0664
1.455
2.14654
4.53747
1.13499
7.01085
2.04954
4.60543
2.35477
1.94301
1.81318
1.62819
3.82846
5.27757
1.5892
4.0442
3.12797
1.34127
2.71757
2.58644
1.76872
2.26609
3.25932
0.349708
2.84535
3.04539
1.98183
5.479
0.581316
5.7007
7.78282
1.18099
2.56657
2.01544
0.127034
2.04277
1.13925
9.03744
4.56212
1.12694
1.58367
3.52509
2.50594
1.49692
5.56669
2.51883
5.01008
3.78922
0.935004
2.78113
2.70552
6.4805
3.16566
0.822697
6.06571
4.99335
6.76585
3.56518
3.28062
4.54936
3.42595
1.89702
2.4758
0.0950454
2.82385
4.35449
4.8558
1.64639
1.65285
1.16483
5.10753
2.2054
3.10737
1.16148
2.94139
0.450419
1.34813
2.82818
1.87127
1.98747
10.1064
3.38064
5.2077
1.47666
2.38942
5.79085
2.86289
2.78129
6.05053
3.08707
2.13254
14.4166
1.8551
2.77629
8.36876
4.97232
4.56823
2.19023
6.4369
1.98789
1.34094
6.67964
1.27723
0.716449
1.77841
4.07933
4.65655
1.81564
3.12473
8.26585
4.51253
2.11798
2.25733
2.421
1.30902
9.90984
9.32877
4.91609
0.77158
1.67242
9.12159
2.78158
4.24685
6.33746
3.43634
2.23792
9.61315
5.67868
2.69225
9.81598
0.74383
3.7157
2.60124
2.7912
3.5373
3.55952
1.62935
2.76672
6.96963
3.21248
1.82106
5.26823
0.435687
2.07569
3.64629
3.31894
12.1657
0.37874
0.964953
1.98884
2.18119
3.53692
4.04691
4.93179
6.78404
2.28813
4.12069
3.04275
3.35603
2.82329
3.78621
5.72538
0.976368
2.9846
1.90016
2.16096
12.5079
1.63522
2.95474
1.04954
1.7378
3.63408
4.43924
0.55083
5.99165
2.66887
2.87674
9.77276
3.06058
3.78601
12.4887
2.5489
2.73623
1.36608
1.8639
4.08755
8.54742
0.579574
12.0477
3.59816
0.477648
2.24872
3.60454
2.46769
1.64951
0.400563
3.56476
7.22744
2.77624
3.17137
0.23237
5.76717
5.52828
2.65732
3.39799
5.37184
6.38682
2.33659
4.47992
3.23385
2.95409
2.46909
2.5039
1.33405
0.652862
4.3491
8.25184
1.39538
3.9099
7.28143
1.4879
13.5091
7.27528
1.03726
7.29423
7.71641
2.40644
1.362
0.507995
2.80433
1.91002
9.76176
5.12479
2.26097
4.42297
8.99845
5.07305
2.77032
1.60023
0.490898
1.40576
4.43486
3.68843
1.85214
2.94224
2.1471
8.76784
2.40347
8.44258
3.7886
11.5789
2.94364
1.27096
2.69476
8.06823
1.00514
11.4176
3.19727
11.0013
2.99115
3.7511
4.14673
8.51834
1.82923
0.671391
11.5434
5.74024
10.6413
0.624796
5.75237
3.05353
4.52782
6.89254
2.44912
9.11162
4.39634
2.22605
0.965158
1.79653
0.971191
5.64627
4.88678
1.66522
0.214577
3.46355
5.44037
7.38532
8.57823
0.276834
7.22468
9.49473
3.49877
7.04093
6.51519
5.36927
7.94575
1.50016
1.47684
3.38925
4.99988
5.376
2.4152
2.53599
3.89128
6.20437
4.75482
4.66002
3.34865
3.3157
1.80236
3.13528
8.06129
1.39157
2.26554
5.08551
7.23031
5.08136
4.47042
4.25889
2.84221
0.816366
6.88039
2.25614
3.11309
10.4933
6.07825
3.56831
3.5802
1.6329
2.25913
3.25903
9.34648
2.40463
5.448
0.498244
3.62111
0.530455
7.24822
2.01146
10.0681
3.4485
4.63134
3.95063
0.813428
4.20849
11.6988
5.86184
4.67903
3.00305
8.394
5.35949
3.0941
3.45952
4.3536
9.91409
1.23632
1.38049
5.55915
2.43207
2.56253
6.13122
5.87563
5.51578
7.75667
5.30192
4.31965
2.0069
2.97098
1.80357
4.15405
3.79746
6.15426
2.13524
2.58807
2.38503
3.67841
2.047
5.51644
3.64985
4.24049
10.0011
0.894331
0.264926
2.22003
6.01409
2.49683
3.95294
10.3274
4.0458
6.79229
2.4476
0.561024
4.66212
4.43466
2.00267
0.824142
10.7214
1.76156
3.7297
7.88177
1.99975
3.36682
0.742386
1.27205
6.02879
6.04074
2.28719
12.5268
5.74474
2.93771
2.04905
1.67719
7.99543
1.16202
6.72598
2.97991
3.27628
2.55149
1.28177
6.90781
4.54169
3.19003
5.15696
3.8519
3.13741
3.56009
4.3747
3.67237
1.94053
5.40955
3.07221
2.40206
7.88323
1.42493
9.62992
6.06467
6.46199
7.37358
2.68298
5.60665
3.86141
7.4165
2.40493
3.14897
7.26135
10.9649
1.99948
2.08501
9.7751
8.15287
3.6599
3.8824
4.37662
1.15266
4.09602
1.77347
2.93892
4.90445
1.37909
3.82285
8.40617
3.63634
2.48668
5.6016
1.90687
4.62949
4.88646
1.36538
0.969602
2.17476
2.04964
1.81009
3.28484
1.08186
2.57427
3.1881
1.2081
5.06221
4.11791
3.05473
6.21908
2.15191
2.51084
2.09915
8.01766
2.69822
3.13529
4.07241
4.74092
3.95112
4.14847
1.56949
3.51543
2.40135
3.60284
3.85737
1.44762
1.94373
3.76827
7.79891
5.84603
1.66633
0.81134
3.41467
1.53242
1.12389
4.8891
5.88735
1.84899
1.34174
1.68993
11.1827
1.25744
3.17948
6.93766
2.03733
2.68832
6.41359
4.11485
4.39499
2.53581
1.89831
3.35765
11.3142
2.17869
2.39925
4.89992
4.63214
1.36396
1.45234
1.24681
6.31591
0.528974
9.91473
1.11993
0.718699
1.61023
2.97057
3.68271
1.83315
4.65953
3.05445
0.957026
6.08051
1.91277
7.68918
3.74163
9.07976
3.06708
7.65722
1.13312
2.65638
5.28099
1.94735
3.9592
2.14412
11.1743
2.77882
4.45756
3.96887
2.48722
6.59674
7.10024
6.02833
3.84231
0.983729
3.74539
1.97291
6.05725
2.44655
3.54029
3.14706
4.11087
1.98946
1.80014
2.09455
5.8231
2.22392
3.69908
8.67638
1.36619
8.81915
3.19397
0.666838
1.65888
1.06571
1.56171
2.22708
2.95668
9.87993
4.42855
5.06262
2.60061
2.46418
1.08301
0.716281
1.69114
4.26809
4.07161
1.75273
2.23898
2.05843
4.82755
3.75923
2.09848
1.13144
4.51867
2.9159
3.27063
14.629
7.08626
5.62216
2.08523
7.5716
6.09479
4.06907
4.23615
2.61209
9.85033
11.916
0.972309
3.87873
1.96955
0.468802
8.34924
1.76546
3.81964
0.996326
2.39052
1.37355
3.04302
0.749861
4.82042
4.00495
0.738527
4.21738
1.86099
1.28621
1.23326
0.645024
2.53116
4.03253
0.33952
6.02064
7.02512
2.3977
3.51446
3.01327
3.22341
2.30603
3.26247
2.08378
4.24141
0.610266
3.13717
1.26033
1.13624
2.69385
3.6545
3.30881
4.70603
0.580411
10.3462
0.885522
1.77994
3.93359
3.90791
0.28529
3.18901
9.23529
4.20779
2.89426
3.81599
2.94447
3.7273
2.18614
2.83441
7.48962
2.12706
3.3048
0.736968
10.4035
3.00659
12.7984
4.75705
6.32737
1.24184
3.95933
3.3668
4.55875
4.75663
5.18667
5.74754
4.65406
1.34313
9.72278
2.2757
6.08333
2.70528
1.12303
3.17559
2.58314
0.931172
10.5142
0.927953
2.18668
5.48368
4.8842
10.9021
1.09523
3.68021
1.46553
5.57457
5.87901
5.51744
3.69746
3.6423
3.16599
4.37507
1.036
5.9309
1.85002
1.82814
1.15494
2.37469
3.3016
1.34749
10.0142
3.26848
1.32167
1.77246
2.39142
8.13962
10.0271
1.58411
6.89589
2.00675
1.29924
4.65346
0.642094
3.97449
2.77671
4.88683
0.992201
3.27101
9.53606
3.0429
9.75744
3.7614
4.18078
2.05754
1.3111
2.46966
7.25283
4.01309
1.56904
4.77418
4.11514
4.23791
2.52235
2.49608
3.20982
2.67559
1.99676
9.23418
3.01812
0.899452
9.7702
1.70161
2.0876
0.426838
2.34549
4.31497
5.43887
3.06057
2.1711
6.54816
2.36147
1.09922
1.83399
2.03532
4.24642
8.6924
2.83483
4.43635
2.40477
3.08117
2.77287
10.9037
1.22004
2.16976
5.59843
5.78014
3.52118
2.74983
1.79866
8.36376
3.6088
1.56645
1.48686
3.86489
2.53315
4.36006
14.1166
3.04025
1.86024
0.989935
1.67857
1.09352
3.5275
3.43555
2.47974
4.76237
7.86073
1.29448
0.632247
0.711723
1.31454
1.64099
1.38639
2.10007
4.95351
10.3922
5.66907
4.41198
5.2139
7.27967
1.53201
2.65064
3.04332
2.68004
2.36444
3.76252
2.1574
1.59014
4.36294
1.45487
2.26943
2.35461
0.450591
4.69809
0.557408
2.61106
6.91916
4.42266
2.75829
7.05839
1.45144
1.81664
6.50748
0.989238
6.32548
1.68936
11.2371
5.9519
0.634627
3.30469
1.96719
0.325316
3.57319
5.29923
2.73532
5.40342
3.69361
1.16772
7.97785
0.765933
4.13172
3.6454
1.46555
3.4058
2.34576
1.39129
1.93733
3.36442
2.9308
5.1132
3.51082
1.20825
0.641529
1.59478
1.26441
2.36272
6.19099
6.50774
0.576549
7.47981
3.96551
6.96898
1.07576
4.62837
5.0354
1.45429
9.03075
2.03927
4.94059
8.70829
3.6347
5.64064
4.60696
3.21137
3.1314
2.03738
0.895002
3.53423
8.6626
3.91303
3.72461
1.19316
2.30831
1.14372
3.2427
1.13498
2.12826
2.54851
1.5402
2.38638
3.41863
8.51035
2.35427
3.48531
5.89195
2.12989
2.52054
2.53817
6.75446
2.87683
0.867337
3.52242
6.39596
1.75415
1.20271
2.81727
1.69664
3.24824
1.61402
3.16901
1.59442
6.7801
0.290081
1.76816
5.2148
2.55969
3.45501
0.304193
0.151041
5.24894
1.67115
5.37945
1.05972
4.29185
0.754245
2.67414
2.41346
1.36017
3.88655
3.43268
6.95351
2.79335
0.33362
1.0757
10.8164
2.30114
3.49221
3.37204
3.58618
1.74968
2.69386
10.8713
4.72045
4.27788
2.91684
10.4965
0.585504
5.85727
5.05096
4.24578
5.3266
1.86525
2.25702
5.94153
2.29893
6.47326
2.37694
2.30051
2.87954
2.96955
2.40023
3.88399
4.21604
2.70109
3.11367
3.23069
2.42077
6.78814
4.35078
9.73673
9.67393
2.44473
2.48962
3.18034
3.1045
1.53828
9.58797
3.03004
3.67175
4.02857
3.81802
9.87486
6.87182
3.78494
3.21994
9.51259
2.32508
2.37945
1.04818
3.77588
7.33084
3.17695
2.92898
1.62082
6.47043
0.415241
4.22366
1.93653
4.67342
0.910945
3.77686
0.34593
10.7246
0.846281
2.62553
3.50961
0.310292
1.38786
3.09344
3.24868
11.5919
3.14108
2.96598
2.45941
0.524936
2.38771
2.71338
1.3232
0.998152
2.18445
3.72886
11.4997
2.69094
1.52727
4.76701
1.42453
5.89322
5.40456
2.82124
5.17509
1.49535
1.28134
0.428704
6.90733
2.21066
3.64911
2.83177
14.0094
2.14605
4.05871
5.50791
4.64783
5.53255
2.59782
2.0064
5.19831
5.2346
5.049
7.59334
4.68251
3.17128
1.05994
3.24459
4.75449
5.18657
4.55229
2.76212
2.37008
8.5644
4.39546
5.96815
5.25237
3.76108
4.71879
12.3721
1.22054
1.71271
3.05442
7.00664
2.34796
6.36636
3.55696
10.6321
2.1991
2.47194
5.51711
1.96751
3.52351
1.94173
3.05851
4.0582
3.73364
4.28803
5.90183
11.7531
2.59357
2.28835
4.46901
10.2479
2.59825
6.08382
8.32475
2.3968
3.37522
2.94104
10.2524
4.00679
1.15475
3.09866
1.29732
3.30979
4.93989
2.511
2.73937
4.94932
0.323886
1.06221
13.4171
2.4157
8.21111
6.16268
2.17054
1.34169
1.45911
5.88666
2.36726
1.31682
4.55175
2.56469
3.36037
0.803976
12.7002
6.09744
2.65
3.24276
0.445996
6.75558
2.96162
3.3518
8.43519
3.12367
8.77758
1.55339
2.29541
2.45125
2.90352
3.21917
1.74981
3.46946
8.42207
8.73928
2.53867
4.49001
2.03344
3.82209
6.00639
2.19778
2.10982
3.69417
3.42667
5.43234
5.87511
4.83662
3.1481
1.4442
2.43455
9.12294
1.00478
7.4879
2.1113
1.93888
2.73083
5.71067
2.70675
0.829388
11.6059
1.0047
2.59268
3.41987
2.96421
6.67887
1.09904
5.52021
3.48666
5.63446
10.7279
5.44204
5.92971
2.0744
5.93728
2.87722
2.20889
5.8483
4.31673
2.44306
6.79487
3.61931
2.05345
11.5971
3.16487
3.45967
4.77931
2.1697
1.53286
12.1449
1.5807
3.03782
1.19624
2.52534
1.38478
2.33324
4.08444
0.846411
0.774173
3.73871
5.66754
6.26934
3.64791
3.48797
0.659575
1.11191
3.79479
4.27718
1.33998
3.6525
2.88294
12.905
1.7033
3.97278
3.21217
4.41849
4.26858
3.09269
6.43612
3.10842
2.75765
3.19396
13.6145
8.52355
4.03166
5.98938
4.116
2.67713
15.0463
1.73829
3.49541
0.645493
2.93286
0.670271
1.05922
6.81441
0.975822
1.17246
1.83489
1.74247
1.98977
5.97089
2.83754
2.00325
7.59322
4.17003
1.93227
2.12927
5.1917
13.9145
7.00678
2.33564
2.24749
2.31345
1.42031
3.18318
9.52874
3.34741
1.23741
0.999013
1.99881
2.7239
1.52526
2.87158
1.56396
4.54843
4.21964
3.30372
3.25005
2.07418
3.52711
2.09653
11.7864
1.52653
2.82925
1.18178
6.96586
2.76046
1.53445
2.41589
3.20659
5.4958
1.27955
2.30948
2.96192
6.68817
2.16898
3.78412
2.08998
5.1206
6.45441
11.196
0.438397
5.96085
1.43913
1.2645
3.79139
1.24897
1.34269
3.27804
3.84386
3.15133
7.57587
2.27762
1.75505
2.40956
4.34545
1.86045
0.489868
5.70976
4.0362
2.12464
1.9912
2.78767
1.66345
14.3779
5.45828
7.52292
3.6562
2.81341
1.91665
4.33306
7.24685
8.06267
2.10813
2.18834
2.17419
5.3565
3.69947
1.06719
4.35086
2.04731
4.27368
2.66655
1.33129
2.17761
4.46034
4.23447
10.2643
6.55679
3.71491
2.11211
1.71604
3.72263
1.79097
2.24205
1.86458
0.520991
4.00864
1.86699
6.28053
5.89239
2.01458
2.8959
1.94859
0.526027
1.65258
1.4631
1.22408
1.80281
4.07292
5.44175
1.73769
4.26048
4.52824
4.9034
5.05831
12.2928
2.3119
9.65554
6.82122
1.81569
11.4373
6.03017
3.40727
2.4921
1.72416
5.81189
2.31864
2.45797
3.55816
2.44198
2.09958
1.10436
3.67088
6.81787
3.56589
1.44529
0.7478
4.07004
1.67704
1.11735
1.45836
0.966407
2.04538
1.92843
6.85786
0.459251
12.7192
2.86889
7.67603
1.07011
2.61585
1.78019
7.17512
2.98562
4.28647
0.800181
3.36142
3.10084
0.354489
2.89974
3.62962
6.30567
2.29855
1.32485
6.69189
4.34743
4.3547
2.98758
7.27215
13.4729
3.26951
3.23052
6.56183
1.13294
1.86095
2.08857
3.5642
3.57209
5.24736
4.03462
1.59774
1.93221
3.32311
6.7782
5.74953
1.12438
2.76126
1.46137
0.231096
3.99987
8.45863
7.49449
1.77261
2.20769
1.8611
5.83719
1.7185
0.922924
3.86505
3.31994
1.93491
8.98819
3.26446
3.21297
1.73535
3.01824
2.06879
2.26785
2.68932
8.1012
14.3904
0.347895
2.62412
6.30667
12.2993
1.63134
4.45065
5.59525
3.86913
6.33264
2.37412
0.980393
1.53173
3.08816
2.1655
3.43993
6.24936
2.52201
7.95464
2.25289
1.07176
5.16466
4.63726
3.92398
0.580884
3.2629
8.67387
0.352397
4.64672
2.44681
2.20628
6.02633
1.101
3.39487
10.0634
4.56702
7.62004
12.3088
2.87915
3.54643
2.93419
4.9813
3.17633
6.5202
6.92008
0.878764
2.86237
6.8963
3.85956
7.55837
2.92113
3.19541
2.16825
5.62798
7.02454
3.17843
3.24453
1.64971
1.11852
3.31744
2.40409
4.63325
5.78792
11.503
3.32947
8.53674
2.57
12.5721
2.02381
1.5685
1.38
3.0504
6.10792
0.459956
4.82929
1.70254
2.41717
2.45694
5.32539
12.5487
8.03654
1.97713
6.34896
1.4613
4.23061
7.72957
4.5331
3.25475
1.81332
2.95429
2.27705
3.36595
2.37462
2.8374
2.40979
3.80528
10.4383
1.82985
3.05505
1.5894
3.21846
1.5125
1.27295
7.4117
5.93451
3.19669
6.6178
3.8394
9.14027
3.1026
2.32155
0.679093
3.66188
13.0822
4.03993
11.4554
2.73702
3.14489
1.42297
3.67189
8.76245
12.0587
0.866297
1.24514
8.98637
1.52595
2.34331
2.04379
5.45581
1.00827
3.1104
2.82961
2.22286
2.6984
1.87799
1.98628
3.39242
4.23845
1.39333
1.55972
1.37684
1.68339
4.14826
2.88286
5.36498
6.17004
13.1078
5.97653
3.93907
4.09819
7.89427
2.50713
3.37746
2.16088
3.0626
3.66202
8.52677
2.0275
2.53069
1.54769
1.66281
0.296946
3.67452
1.80057
1.91208
2.735
1.92975
2.74783
3.9103
4.28602
1.24576
8.85582
2.6059
2.27634
2.9997
2.26882
3.24928
1.702
3.00244
2.40317
7.82682
5.95889
3.93478
10.3879
2.32541
5.17157
3.9525
4.22588
2.55382
11.9727
1.35607
9.45073
6.47981
9.44944
4.47205
1.34228
0.579693
2.9213
1.19847
1.91387
1.84817
6.72831
0.414947
0.30498
9.27483
1.60902
0.739512
13.4847
2.6611
13.0525
3.46477
8.41603
3.1753
3.12584
2.49946
3.39113
9.53905
4.05642
3.37116
2.73272
6.18478
1.53563
5.51609
8.20429
4.9579
6.06622
2.44081
5.88307
1.90661
4.2815
2.00885
3.06198
7.25643
2.41368
2.74738
1.72737
4.06565
1.44393
2.55194
8.67939
6.95226
2.31799
9.04606
7.1431
6.72959
0.814842
3.43665
3.52986
3.77727
7.0369
2.8577
3.74904
2.93052
4.57433
1.49201
4.14156
4.31527
1.04235
5.06152
1.7879
3.99357
3.94976
1.31147
9.18463
3.87249
3.04555
2.14046
1.95757
11.6793
4.88576
6.00538
4.11248
2.64904
3.98198
2.47932
0.417141
2.95735
7.33728
2.90339
2.12847
4.3386
2.46316
3.71528
5.65024
2.13365
5.13002
2.57645
0.86002
2.522
2.50814
1.14608
6.74217
6.06994
6.41839
1.55687
3.30098
2.37095
2.5321
6.82729
3.19371
3.37944
3.61854
4.03176
4.37839
2.30281
2.53512
1.97295
2.39823
2.22584
2.66575
5.51328
1.50748
6.13718
12.9955
0.43041
2.1994
2.49388
6.4023
8.87091
3.0738
0.924592
0.926668
2.69317
2.27722
1.36864
0.487761
0.494087
2.44304
1.29499
2.50602
3.07253
6.78428
7.49934
1.95092
3.16149
1.21575
0.731229
3.61125
5.28725
7.75221
1.35741
0.263703
4.61817
5.0308
0.859539
3.43499
1.20761
3.20813
3.54761
3.98235
2.69164
2.96525
9.68046
3.71872
10.0561
0.531564
3.41897
2.18729
3.42237
2.88214
2.4303
3.17068
11.1795
2.05989
5.8531
1.1049
1.05894
1.54765
4.63354
2.63912
8.35774
3.02694
3.188
2.06777
3.2028
14.7502
1.36308
3.85535
2.6237
6.59886
3.10505
1.75409
1.08101
1.10207
7.60961
10.3992
2.39091
2.2328
1.62771
7.13787
1.80605
0.271877
2.52142
6.47032
2.56467
3.96452
1.54474
2.71757
4.18675
1.94714
1.06593
3.82736
0.800255
4.82427
0.331492
4.11111
2.70858
3.16633
2.9513
9.37282
2.14263
4.15338
3.56083
10.4514
8.43352
14.6659
8.74138
2.68976
2.01549
4.33166
6.58751
4.07485
6.33748
3.0349
2.01233
1.34186
0.964373
10.6653
5.0935
4.3984
3.01352
10.8923
2.73321
2.73246
4.58015
2.64743
3.44151
12.4797
5.40177
3.10183
11.1022
8.43355
1.59982
3.12759
4.07511
10.0903
1.50274
8.38164
4.07869
5.79494
1.92935
4.75938
1.36938
4.08073
1.66144
5.51169
1.85981
3.46325
3.15283
3.23028
11.5729
0.377588
2.05311
4.13776
1.96572
1.72923
3.28324
2.2707
3.6196
1.01703
1.82219
3.88801
2.60149
4.86262
1.25226
1.82371
3.87122
2.44294
1.62358
10.2108
0.734868
1.7852
4.95748
2.11082
0.992378
3.83368
2.61035
8.70902
3.05047
1.6748
4.54442
0.809551
2.2219
0.240202
3.52768
1.12021
2.00036
2.76951
4.50426
2.05784
6.70296
1.26634
3.79604
0.604806
1.10086
5.59644
1.70514
1.90628
3.56176
5.55299
5.49482
6.29398
1.76096
1.7706
4.53072
6.16247
2.29131
10.8536
4.41147
0.30112
1.91609
2.04106
4.01994
6.42588
7.90556
9.80235
2.24726
1.93995
6.30352
5.91119
4.31163
6.42221
2.65989
13.2237
0.972777
1.87065
7.19652
2.00783
4.7211
2.41824
1.08239
1.07176
12.0672
1.85292
1.2617
2.11223
5.33272
4.35627
3.48364
3.15822
2.17335
0.688066
2.92845
13.075
2.50662
1.80312
2.1859
14.7634
1.2208
3.33743
4.60327
1.88223
0.889018
3.69794
0.505282
1.41839
6.33751
0.284024
0.735768
2.82673
3.31986
3.51935
1.88598
2.79939
4.41882
14.1382
2.35465
2.34847
2.74473
3.3625
11.5288
1.29966
6.29296
1.52336
5.37642
2.37547
3.88667
1.5972
1.7432
2.68712
1.48257
2.43935
2.79713
4.11524
1.14944
0.492432
2.57302
5.66697
2.84168
1.26133
6.93305
7.68831
4.21368
4.05678
5.69491
5.35811
2.64012
4.14909
12.7207
0.86313
6.22319
7.3697
5.16439
2.02625
3.14707
1.72626
2.53301
2.38865
3.93654
14.3166
4.26557
2.49478
3.89963
3.04102
1.14571
6.25845
1.25496
3.21175
3.04476
10.4739
0.578304
6.10368
6.64955
0.952443
2.98597
3.86874
12.5988
5.49859
4.04663
3.25986
2.00387
5.19435
13.3058
2.85481
1.48089
3.14858
5.9983
1.51671
1.32729
3.22615
6.813
7.89176
2.94946
6.36405
6.48501
3.90105
1.97814
4.54216
3.88701
2.44283
4.84628
3.887
3.94925
1.54326
2.26218
4.5182
3.02443
12.6753
2.20407
1.16723
4.27622
4.18179
4.59769
2.70953
14.215
5.09983
12.428
3.80549
2.35087
3.88493
6.29323
0.775991
8.28488
4.16836
0.710913
9.22087
1.84186
1.77384
5.60706
2.91132
5.07269
2.11611
0.77057
4.80641
4.55723
3.48679
9.35578
1.19028
9.11711
2.72362
10.8898
1.43772
4.3911
4.7775
3.33525
4.57595
4.48079
4.63993
1.73734
14.9739
3.40701
4.70118
6.27744
1.43027
1.84012
11.2258
3.89879
3.0073
1.86444
3.95569
5.35441
3.49671
2.60842
1.99563
7.17169
2.77164
3.29452
7.10859
2.05941
1.85944
3.1014
3.07819
4.69239
9.56759
2.18203
0.751439
4.47128
3.71148
3.37345
3.84294
2.13458
8.15699
6.55403
2.2552
3.14238
1.77712
6.6142
3.96531
1.42966
6.38749
5.91761
5.80841
1.85999
9.82707
5.266
1.75214
3.5295
0.219888
1.80569
3.07809
5.13592
13.3869
0.949946
3.53942
2.77116
2.91648
1.248
4.16642
2.9226
4.87485
10.8189
1.8239
1.47082
10.2645
4.90429
2.18954
6.31326
7.52376
3.7897
6.42777
3.40826
1.57636
4.64706
