2.5745
11.5144
3.65507
2.40557
12.7298
3.68806
5.02888
9.7662
0.351729
0.367536
0.120767
1.69201
0.996775
0.405004
0.736136
2.95631
2.49366
0.846907
6.30321
3.50557
3.54235
2.12997
6.36142
4.59066
4.16082
1.99694
8.17892
3.57816
3.52038
3.15579
3.97408
4.49571
1.10213
2.64479
1.90722
0.766265
1.10661
1.8915
1.05677
3.91813
3.31392
0.937925
5.62986
4.89689
1.93233
10.1819
3.31697
2.78413
2.7092
2.31982
14.7956
1.51804
1.04268
2.11357
2.17255
5.86787
4.62373
8.72882
2.19762
2.20536
3.46026
11.3524
2.88683
4.231
2.17302
4.45062
5.53514
4.59653
0.694448
0.644153
12.6145
1.74018
1.85672
12.7876
1.21451
1.5308
4.46875
4.83025
1.24241
3.62924
3.15425
1.81097
0.324057
2.24269
3.24946
0.863034
7.20523
10.0925
3.85911
1.74394
10.8766
0.535489
1.41949
0.427947
3.14482
7.15737
14.8933
1.64684
0.475706
3.00476
0.458603
0.897551
3.58618
3.87574
3.23323
9.82486
4.95013
3.66466
3.8356
0.964614
1.33746
9.87363
3.41782
1.38025
3.13892
3.81182
3.27591
2.48507
3.45709
9.75826
1.62598
1.48956
5.64669
6.75615
10.2487
7.56581
4.5136
4.32448
12.3011
2.7915
4.48269
1.26768
2.82104
5.18589
2.87771
4.39593
3.92746
5.80145
2.58746
1.49353
1.94817
5.38924
2.04726
2.06071
0.858714
3.39553
7.23023
2.64043
1.20051
4.42543
4.87886
0.371584
5.2616
3.02945
5.24525
0.988765
7.75034
8.59364
1.98753
7.87926
7.21621
6.42133
0.850456
0.280063
1.88119
13.0035
0.649524
8.72453
1.43377
1.98658
5.54367
4.89159
2.03943
3.4987
1.65251
5.44613
2.60934
8.30752
2.88094
3.96524
0.488769
3.61659
6.88022
3.70113
2.07832
3.14287
0.801894
3.15831
5.18854
4.8339
4.13183
1.15695
1.38465
1.83817
2.67431
2.39811
1.29132
2.11657
2.87314
5.56311
0.91899
1.26988
4.59092
2.02046
3.61339
2.56938
1.64355
1.23279
1.98828
1.66598
3.27373
3.47181
3.07997
2.61721
6.0402
1.42119
2.17006
2.85509
10.6734
2.37928
4.31637
3.64168
5.39626
0.183227
3.06116
3.12832
2.10479
13.6672
3.88889
1.84988
3.6207
3.65799
13.2662
3.17107
9.36326
9.88771
7.20171
0.55911
4.55211
7.04941
0.582835
3.79113
1.05087
3.54483
3.28908
12.1102
2.31801
1.44788
2.11498
2.84806
2.505
4.24609
4.6385
1.86039
4.20645
1.28222
3.50459
2.79867
3.04796
6.29201
5.19037
12.3864
0.595312
14.6308
1.37407
2.53736
1.97257
7.74049
5.26825
6.51189
3.31584
1.9314
4.99987
2.81494
1.32804
3.25802
3.82029
1.34436
6.58025
3.76847
1.66549
0.525514
1.37681
7.5132
1.11807
0.675191
3.5462
6.15559
10.8447
9.70633
4.84783
3.09836
3.97594
4.43421
4.69302
11.2118
4.03721
5.11092
2.88131
2.574
2.06766
7.36742
3.41588
4.23818
1.21
7.39249
0.972934
4.0686
2.21359
7.57174
3.34311
0.936631
4.79899
5.73879
5.74406
0.118394
10.6744
1.43948
4.03972
2.73428
0.887518
9.2029
8.02545
5.77471
3.75155
1.40993
4.16953
6.30688
2.52662
3.55186
3.01342
6.30942
10.8615
2.57311
1.79958
10.6736
0.622676
3.55302
5.28836
1.88662
1.99548
6.54856
1.22445
9.36966
0.904107
1.48679
1.22762
3.49608
2.07378
1.81411
2.16274
3.73019
2.86977
1.26282
0.702318
7.94154
11.6444
8.42597
6.55016
3.01164
5.64206
0.807581
0.356338
3.71835
4.04566
3.20294
4.74758
4.33693
3.04716
4.24428
3.78576
3.60385
3.25084
0.349853
14.7863
1.83493
3.98517
2.28077
1.38966
5.90329
4.18866
6.24907
0.906668
2.09691
9.66257
0.571966
2.82995
0.983111
0.799149
2.06672
2.24941
1.01518
3.07634
4.76114
1.72508
2.32258
3.9679
2.48497
4.77281
1.5504
2.98988
8.78281
2.59746
7.47209
2.68027
4.84118
2.31992
4.65934
5.3864
6.26092
5.86402
4.22002
2.55241
0.245005
0.92632
2.40005
1.94161
5.92488
5.97219
5.23129
2.8185
7.26732
0.999654
2.48471
1.38648
1.87601
11.6549
3.6533
5.80513
3.66577
3.01195
2.26006
3.92479
2.06258
1.79242
2.13221
9.33459
2.47626
4.65752
0.549218
0.89786
1.50675
3.4769
3.49375
0.833029
4.69676
1.09186
12.0618
4.86745
0.937352
1.21457
1.33515
3.90668
5.05503
6.30171
2.02349
4.6368
8.25036
4.03833
1.68279
4.20224
2.66215
2.58662
3.51965
2.09789
4.02781
2.56186
2.07534
11.9273
3.12755
1.20533
4.30175
1.6609
3.99008
4.02259
2.16138
4.94733
3.12191
0.824937
14.9971
4.0985
2.69177
9.40672
6.85619
5.25914
1.66393
11.8532
3.68107
3.95054
2.44461
2.02757
0.596846
12.1718
1.31098
0.3333
10.0096
4.66775
0.745107
5.2935
14.8465
5.66548
0.953268
2.79956
1.83209
2.65379
5.64717
1.77017
0.552815
1.60027
2.32348
2.0846
0.67386
1.61042
3.51136
1.87029
8.28202
4.15697
0.776939
3.46779
2.73471
0.796037
1.79849
0.801743
7.9063
1.21571
0.761889
0.816657
3.34299
7.41508
8.03293
4.72121
6.4462
2.48239
2.64071
0.84165
0.839581
2.14344
0.803143
1.92676
0.397312
3.55304
4.04005
1.68127
4.47328
6.89367
6.87227
1.59538
1.924
4.39467
9.29109
3.81035
0.192832
3.987
4.89174
6.21264
8.40925
2.74285
0.637705
7.13407
1.76025
1.98571
1.36276
3.8059
4.8431
2.71638
4.40296
1.72209
7.30808
1.00858
3.50984
0.914214
3.48914
13.1255
1.36956
4.93763
14.5868
9.98375
2.10634
4.53677
3.06922
2.66962
1.02768
4.35463
2.45891
1.42515
7.11765
3.06928
4.08545
5.16576
5.4175
3.61567
2.30969
1.66385
3.18846
2.48564
3.79447
3.6471
0.467559
9.61192
6.08562
2.17899
2.89743
9.21545
1.09481
3.1957
0.694699
3.52975
1.52813
5.28359
2.19543
2.2469
4.90767
6.88056
3.90008
3.87521
5.62771
1.39793
4.22092
3.85955
2.5133
3.73634
11.2768
5.17906
14.2563
0.917056
2.67735
1.22002
1.88707
1.79272
7.7781
8.2105
1.66229
2.26967
0.852755
4.65442
2.59416
5.83125
2.59891
2.14724
6.04409
1.07848
9.54243
1.0965
6.37852
0.873944
8.03884
1.3863
1.67785
2.01054
0.555614
8.47518
11.3407
1.40979
1.22274
1.39721
8.22042
2.02955
3.7887
6.10891
2.33359
1.20065
1.18203
2.99322
6.1178
0.375429
0.80111
1.65113
7.00494
3.69633
6.43607
1.0046
0.668403
5.28737
9.73822
2.29682
2.8145
1.89056
4.84102
1.63978
4.39685
4.45977
2.79766
4.11415
10.2838
1.56354
3.44412
1.20267
1.46054
4.01539
3.53586
2.29114
6.74788
9.97946
1.85513
3.16065
2.08252
0.795317
6.92361
4.01679
4.90418
0.779368
10.1479
3.00351
2.47003
3.40344
3.54218
4.81424
7.92935
0.627496
9.19497
4.92631
12.4083
0.163356
5.63938
9.56676
0.456576
1.32381
6.61823
4.00645
4.4544
5.92278
3.47294
3.50683
3.75967
2.7067
4.65774
7.79107
1.44563
3.92145
2.20297
11.5185
5.11074
2.30818
0.809521
2.2239
3.47749
0.209143
3.66857
1.13877
0.39213
10.0669
2.64309
2.42999
4.48874
4.72568
1.88248
13.2326
3.35621
6.11897
5.36049
3.99931
7.97179
4.32178
3.64912
6.56206
2.49605
1.57476
3.27487
0.385844
2.27487
7.31472
5.31153
3.46925
1.31848
3.69388
2.47798
9.57713
3.57735
7.32457
4.1157
13.9053
4.46818
3.33859
2.51318
4.33392
3.3272
7.97051
5.6225
8.59957
4.40868
2.26402
0.863654
6.34668
2.65701
0.925905
0.762842
2.17738
3.66529
4.0325
1.92776
8.00623
5.25508
5.34653
2.39765
5.78505
4.20039
3.59847
0.28892
1.2009
0.240462
1.35741
5.6577
4.60478
3.46518
1.46979
1.663
1.27533
3.63673
5.53767
0.903169
9.67291
3.53095
2.44667
1.843
5.48464
2.68484
1.7108
0.463932
3.04318
2.65791
1.82054
3.76746
1.23699
1.97212
1.35226
0.390989
3.62285
1.41627
13.6125
8.13772
2.7762
3.73827
2.22966
2.2167
2.58019
5.58494
2.96232
1.66675
1.62525
1.02391
2.65911
9.03312
2.17081
12.9829
3.11865
5.30746
3.95907
2.30051
1.23787
4.29671
4.30607
2.65036
1.66007
2.1267
2.52677
0.863523
3.0943
0.230941
7.83272
2.7525
1.9481
2.89962
2.69847
3.20023
3.07884
2.34054
15.2561
2.72178
4.03991
3.53307
8.28194
2.65244
3.59362
4.09027
4.69486
1.39587
5.02297
3.22641
1.12694
3.20761
1.06211
1.46868
1.82655
3.4206
3.22075
3.26634
7.3674
0.466396
1.34482
12.8091
3.03797
4.09884
1.42544
5.24032
6.75865
5.21466
1.18172
5.57116
1.86414
2.43991
4.16254
1.17773
3.93133
13.0713
0.711515
2.02884
1.87379
1.83921
2.79292
2.39779
1.33281
0.642257
7.11106
1.47317
1.52135
1.42718
0.902308
2.4628
4.86133
1.88772
2.36696
4.30612
0.291507
10.0904
3.41506
3.36596
4.16691
2.45559
2.35282
2.53683
2.15489
3.49339
2.46041
14.8435
2.03223
3.0823
1.58199
1.76419
0.43522
2.7116
6.39606
5.77783
2.31975
3.88017
2.11898
3.17687
4.95971
6.3726
1.22015
3.01308
2.28049
2.83689
3.23418
0.757703
3.7647
3.33993
2.38187
3.6232
4.785
5.1858
4.69176
2.06544
6.20577
3.81693
9.99105
9.41512
1.70442
1.27977
2.23226
1.27501
1.29776
1.87363
1.50304
1.99397
3.15258
0.384618
1.8266
1.12709
4.15067
3.19482
3.69773
0.754413
1.21489
5.48525
4.99503
10.7474
4.4422
4.27739
8.86986
3.2318
1.60854
9.72343
2.28119
4.08473
4.85993
3.02419
12.7062
5.45784
7.58629
1.65331
3.38499
4.85397
7.35227
4.65017
9.28274
6.21226
5.20296
2.75858
0.571265
2.15633
0.979281
2.47492
6.53367
6.33585
1.76095
3.34805
1.44321
5.21593
6.11548
2.47747
3.22367
3.20969
1.91686
2.18431
1.37741
1.55947
4.66074
3.78094
7.26219
2.46892
2.62448
10.6672
6.4305
3.80964
2.05822
1.42639
1.95333
2.01281
1.56552
2.83713
1.72484
2.56603
3.65861
0.642959
3.14828
1.15221
5.25467
1.5062
5.11573
4.83623
3.47099
1.01053
0.581457
3.55639
0.87547
2.33532
6.40464
11.7347
3.15478
0.585265
0.630781
4.87935
4.05799
0.867535
5.10054
7.2031
2.34926
1.82656
1.86195
1.15638
6.22515
3.67365
0.650836
2.51186
2.88895
2.97796
3.92907
0.581178
1.96979
4.08185
1.28812
2.36816
4.34884
0.499536
1.37929
4.33355
5.03301
4.2866
1.03354
3.3918
8.90399
2.1174
5.08058
2.95893
0.827222
1.78109
0.291024
2.97208
9.93218
1.86627
2.56281
4.22821
6.05892
0.83016
8.13921
3.40925
7.10403
3.25913
4.20778
2.18073
1.57241
2.62994
0.952544
5.2068
0.551635
2.70619
3.02779
9.73215
1.8749
1.20134
0.356401
2.36355
1.88846
8.25024
3.23173
5.00957
8.07835
3.07987
4.74094
4.77407
3.37436
7.54414
3.40107
4.77674
1.39829
2.05987
1.74842
1.07669
1.20989
4.38235
3.47883
5.73923
2.55206
1.16587
11.6395
3.61618
4.02012
3.9737
7.32544
3.73181
1.03507
0.860262
2.89464
2.61011
6.13645
2.93288
2.69646
4.51114
1.70872
12.5139
3.13567
4.90321
2.5791
6.36398
2.47111
8.29434
2.76896
0.964308
2.18453
3.98162
8.36879
3.81623
5.96688
5.9812
4.53521
6.25145
3.84014
5.12995
3.79389
3.84802
0.946038
0.899614
2.90516
1.30747
2.66183
0.646911
2.06001
11.4609
14.2078
3.57975
6.88312
2.26408
1.98944
0.837269
0.651632
1.45575
2.94078
6.47883
4.14545
0.565826
5.2085
4.86892
0.413463
0.863817
4.04742
5.91044
3.54636
2.0889
9.83653
5.18555
3.98248
1.85689
2.61663
4.7811
1.10322
3.7757
10.829
0.614551
3.97056
2.73138
0.559564
1.661
4.52392
14.6252
0.871026
1.30352
5.35412
2.85113
1.50985
1.65395
0.822679
4.95534
4.66023
6.36746
2.08973
1.52343
2.62813
7.96295
1.93322
4.38335
6.80507
1.30454
0.98009
1.90595
1.889
8.98707
1.16276
5.96417
9.88724
7.79164
6.60854
8.53387
4.49958
6.16332
1.34014
0.832609
5.94782
3.70621
2.19575
4.18599
2.97528
3.55719
2.90624
0.967916
3.93475
5.1071
13.4266
4.67957
3.83186
1.94241
5.46026
5.55794
5.30624
1.36688
3.98557
0.215693
1.33782
2.70891
0.856808
2.36865
6.43558
4.18347
3.08992
4.2095
2.70755
4.5791
4.05513
3.11772
5.14499
2.97461
12.8234
3.78682
2.8497
6.62471
0.77575
1.63542
1.22095
5.71428
2.50312
1.28373
7.24237
4.92269
2.76909
3.24117
2.19143
2.47086
5.42086
6.37063
5.20632
4.71739
4.03765
2.32945
2.76413
0.332391
2.32699
4.02642
5.86481
3.89243
0.790046
3.56621
4.96348
1.37528
2.05181
14.9993
3.00683
13.4488
5.85639
8.8792
2.06496
6.89843
3.98131
4.07369
8.55989
3.22921
3.19027
0.432374
4.03565
4.8873
2.07986
2.73578
3.18121
1.19115
4.22327
0.897816
2.70941
0.614589
8.29912
3.03052
4.96409
1.67997
3.46691
0.651301
3.90361
8.97031
2.2136
1.20263
0.830044
4.54448
2.66771
7.94384
9.72156
12.3759
8.19622
4.34137
3.61633
6.81755
3.27087
1.8615
11.288
2.76954
5.4135
5.94669
4.58105
2.02211
1.59873
0.307839
1.49191
0.657322
1.24226
5.04217
3.18822
1.86131
1.84147
6.12954
2.50974
2.54306
1.5179
3.50301
0.910062
2.20237
1.91693
2.21341
4.6989
1.42284
3.96841
2.41707
3.4824
7.2726
3.14793
4.78059
8.01379
1.99029
6.83343
5.25532
2.38712
2.35354
4.70292
2.38242
1.68028
4.29331
6.12681
5.44546
0.990216
0.861814
2.35405
1.73872
7.44451
1.54924
0.295687
2.6792
3.11847
13.6965
1.83067
2.00358
8.96725
6.49559
3.59064
0.872118
2.7331
6.3396
1.24848
3.47854
2.12548
3.53668
1.3125
2.41046
2.59392
11.1428
3.45638
0.409844
2.2698
4.742
3.01838
1.39308
0.166979
3.77722
3.56026
4.94804
2.52077
0.94038
0.654187
3.44911
3.05606
3.70197
1.31588
1.17583
3.55606
2.50148
2.22285
1.23811
10.0824
3.39094
3.80771
7.2765
2.76988
5.38918
0.278342
1.20268
6.11086
1.99331
3.91423
3.68072
5.4156
3.44933
6.72712
3.61146
3.28231
3.4069
1.74804
5.15162
1.03214
13.2859
0.478443
2.92742
6.65791
4.45535
2.82798
11.7381
2.8475
1.79286
4.34979
1.0025
3.9109
10.9525
4.5961
7.57027
6.65258
6.78361
5.27262
2.38911
3.24504
5.13706
1.64647
1.3941
1.50252
0.909511
1.2764
4.83794
1.79619
3.74366
1.01195
2.11725
2.44347
4.23305
5.83678
4.48493
3.55771
1.31788
2.19579
2.66072
2.19166
2.67219
1.06432
0.702433
5.26636
1.97843
3.47926
2.90628
2.35992
6.08481
1.77032
8.99008
10.3757
3.88815
3.62154
8.53079
4.01323
2.06043
2.71974
2.66703
4.13243
2.17702
2.66679
1.51921
2.33472
0.679641
4.54089
1.39272
8.90891
1.6306
1.39017
9.02437
4.07449
10.6582
4.78372
2.28964
4.6633
5.71281
6.71757
4.94452
1.29856
3.6617
7.63972
12.6958
0.480217
4.55003
4.20933
1.9184
7.37415
2.68633
5.7849
0.449302
3.1188
7.08007
4.74994
4.58459
2.49672
2.67391
1.86954
3.77107
1.10559
6.04434
1.46581
1.89961
3.00442
0.387102
4.78144
12.7478
2.86951
1.90459
3.41017
3.88413
12.7017
0.219433
4.19793
5.77866
2.40523
2.05992
3.67025
8.2822
1.92881
0.512758
2.60911
3.76437
1.21387
1.01409
13.327
13.5206
1.55879
4.13604
2.11196
4.03959
2.33535
2.6764
3.01908
3.95057
1.46245
8.76487
3.75153
3.14447
1.34016
1.20409
1.92333
14.0612
1.25639
0.417795
4.11083
5.66302
3.54355
2.37926
1.85564
1.23353
3.46504
2.45452
6.83021
1.55498
2.88846
1.91511
2.86649
0.935025
1.16731
1.80692
0.110506
2.0978
1.11862
6.13714
0.718281
2.74542
1.33653
2.97519
6.81525
6.68343
9.31534
4.9012
1.26945
4.32626
0.759148
2.36789
6.65828
4.39616
2.44697
3.61252
6.43694
4.72252
1.10892
9.85247
1.76861
1.43337
0.887498
2.30022
10.3959
2.74547
6.04361
10.3576
4.78448
4.14024
2.10596
8.78784
0.950864
5.87726
1.56611
1.72715
2.20422
4.89398
0.642683
1.31832
4.97347
1.82723
2.0044
13.032
11.783
6.01423
2.64305
5.85923
3.42217
6.15318
0.984339
5.32809
5.33587
1.55272
4.88648
1.54178
9.55905
1.16997
4.2204
2.08934
10.9994
4.17226
1.16232
1.04134
4.6976
1.2077
2.4074
0.469154
2.95477
4.12425
10.4327
0.510951
2.1794
3.29917
1.62585
13.8336
5.04034
3.53118
1.06789
0.509736
5.12096
3.60284
8.4069
2.47227
1.64025
2.39643
1.20802
2.34941
4.2562
0.766157
2.12909
4.18264
1.11434
1.4124
0.758568
3.69019
11.7638
2.43844
2.76867
5.55477
4.53998
5.80805
3.81318
0.826083
1.93462
3.48054
1.81481
1.87552
2.38227
1.55903
2.72249
10.8856
3.36172
2.1675
2.37818
1.54576
0.366433
2.0145
5.14229
3.57526
6.03623
4.40885
1.89415
0.955113
7.40887
2.77014
1.19048
1.24398
1.27863
3.9313
1.22125
9.88076
1.4235
1.90895
5.40516
0.744134
1.3548
1.40732
0.674416
1.06416
9.87027
3.31666
8.66655
2.09163
6.82183
4.5923
1.8927
0.472345
3.5502
3.04634
4.2801
5.86435
3.96919
0.620225
0.731114
2.19058
7.18094
9.45353
0.864668
5.65182
2.69732
5.21903
1.04356
9.91316
6.44932
2.36826
0.668846
3.68573
1.59339
4.31704
3.63263
1.43142
2.93433
7.49115
10.1586
5.16994
7.42681
6.1702
2.84891
6.41277
5.69367
4.68891
7.2969
3.41165
2.99151
4.79906
2.85206
5.61982
6.51655
0.619441
1.93277
8.08651
1.38513
1.23507
1.0121
12.379
2.59324
11.6748
5.1199
2.19463
10.4747
0.879317
1.37484
1.86801
2.06435
2.67307
1.65434
2.93697
14.6666
4.03621
2.00302
2.14477
4.89393
4.02888
0.631656
4.42474
13.0833
2.30456
3.73013
5.6743
6.77234
8.54014
0.626805
9.52751
2.46536
2.0726
3.55962
3.21155
4.4296
6.31173
5.73684
5.25017
2.02294
5.65737
1.53177
2.85227
11.6962
3.20709
0.998362
2.96282
2.79943
6.57356
5.09359
1.55359
1.93309
2.46454
13.0636
3.19961
0.488491
2.7582
8.82703
0.783483
2.05335
0.117857
1.49748
1.18686
2.53688
10.8594
1.95756
3.63158
1.53231
1.79737
1.42483
2.74386
1.75166
2.46502
0.961083
3.22145
4.11832
3.2661
5.75051
1.25571
1.05544
3.22286
1.85723
0.845265
2.91843
5.64967
3.35334
3.88109
8.76565
4.53554
3.89683
2.76946
1.56519
3.80174
2.42238
6.20706
2.29867
4.21109
3.00258
7.33593
2.37334
2.40436
2.09275
2.29445
2.86199
2.55982
3.75404
6.04961
2.23503
1.8099
3.53998
1.92541
8.00681
0.862789
0.684577
4.36387
1.42572
0.712737
1.48169
5.38304
1.32635
2.7364
1.58003
4.2224
4.61798
3.17826
1.35179
4.16099
8.64765
2.99688
0.896881
7.33603
3.01806
0.384435
3.86215
0.485584
11.6792
1.46671
1.16317
3.17123
2.30328
1.72232
1.95705
4.98629
5.05802
0.779506
6.1154
5.51637
5.50784
9.22256
2.36809
2.54457
1.87021
2.17211
4.10675
1.14761
1.48705
1.72318
4.00586
12.9161
6.97318
10.5095
2.53132
6.35095
2.21385
2.09657
0.999079
11.1107
3.64309
0.548387
3.46653
3.07136
3.6
3.31398
3.07245
2.11631
1.65064
1.80521
5.7721
5.01057
3.70786
6.38374
0.663695
6.70667
1.56314
0.914757
1.34977
0.22311
0.748626
2.3385
2.66661
8.56406
2.36895
3.56389
4.92189
2.26664
6.16978
3.10532
9.62225
7.11495
10.2745
2.62327
3.3829
1.363
2.84523
2.8438
4.71734
2.91002
9.24583
5.9137
2.90009
0.993297
0.880892
9.8768
2.69295
8.69489
0.722405
1.11809
2.22996
3.66139
4.98628
1.51222
1.73825
1.26165
3.21359
6.89253
2.03355
1.67393
11.6304
2.99759
8.56354
3.93603
5.01618
3.36248
1.14804
5.52752
0.919953
2.21779
9.87618
3.29913
8.32269
3.51228
0.840698
3.80433
2.02998
5.68779
7.96491
1.37149
1.56585
0.665337
6.7318
5.85657
2.5375
3.39031
9.63
2.7512
5.98969
1.08531
0.922015
1.2618
0.500643
2.24315
1.52
1.18706
3.32455
3.54961
4.58253
2.58475
5.53183
4.59272
8.82322
0.452757
2.24549
3.12519
1.45258
0.99208
3.11584
3.25797
3.43126
1.9598
1.8317
1.18122
2.02676
7.72207
3.10019
4.11267
3.93868
1.42189
2.51842
2.56617
4.1106
2.35702
2.03858
5.26589
4.9245
3.53853
8.11392
2.01143
0.362238
1.67456
1.71764
2.66433
7.93489
0.458418
1.16248
0.849867
7.96554
1.06784
4.26361
1.35356
2.92025
3.88078
1.04545
1.70416
0.273075
2.40421
4.37089
3.32086
5.86563
0.359353
3.98937
2.43799
1.43306
9.21035
3.51629
9.29804
8.39129
2.76146
1.46966
11.0609
1.82045
2.18955
5.18417
1.90847
1.02191
0.853277
4.7741
1.43411
13.3776
2.92805
4.0483
2.32567
5.52392
9.54298
3.00006
6.1762
0.474933
4.50964
15.8441
1.82267
3.7515
2.01067
0.940628
2.83314
4.88507
8.62951
6.18952
7.13243
2.28111
1.46502
3.03427
2.0554
3.79625
0.737449
3.42842
11.8221
1.69164
1.78266
4.86977
3.13204
0.498859
2.09677
1.13584
7.85463
3.2822
7.89224
3.30164
2.36179
4.09352
1.15761
0.917422
1.89929
2.89661
1.43585
3.46271
6.24218
2.67326
1.96627
3.97547
1.85179
7.06162
0.727383
2.86124
4.14799
2.25677
5.49015
2.11217
2.45713
3.52751
2.55897
2.46306
2.52829
4.65995
2.15967
3.21157
10.4557
2.60363
3.93942
3.05546
2.28942
2.06426
0.61438
3.22535
9.64923
4.21154
2.47493
7.00054
4.6222
4.91151
1.8908
13.1985
10.5497
1.07519
0.733125
0.99292
0.953643
2.01118
1.04651
7.86196
3.71245
5.00092
3.45143
11.5888
7.37666
3.29516
5.05923
3.01489
2.23406
0.609755
7.3268
2.4107
7.29481
0.524422
1.88155
2.59356
2.84629
0.814725
4.54961
5.24597
15.1178
1.91963
3.74109
3.36448
0.451196
4.88389
4.74471
2.6971
5.39851
0.935162
4.87857
4.34441
1.0293
0.838192
3.6093
3.11392
8.97055
0.548818
2.8974
2.05211
2.91895
1.19137
0.904931
2.6203
2.71837
3.67308
3.81667
2.30207
12.7843
4.91687
13.966
1.97426
4.19474
8.83461
5.9876
1.57384
6.4572
12.6945
2.68045
2.78436
7.88441
4.3211
2.52866
2.82027
5.08348
6.07882
2.69566
0.46756
3.17075
11.9843
1.14972
1.69404
15.1383
6.77563
2.24454
2.09608
2.52791
3.72797
1.58827
4.24058
1.81614
1.52058
2.66152
3.50411
2.8572
4.97776
7.2847
7.41755
8.92499
5.19436
9.38556
4.34478
1.652
3.49767
2.16735
3.80457
4.3291
3.09963
1.11874
1.51601
0.510711
3.46526
3.72778
7.79078
1.59224
1.71766
6.90444
0.49789
1.09512
0.653869
1.52947
6.35928
3.35341
10.4012
0.667318
7.80265
3.54044
5.67161
8.27468
4.83635
6.84792
7.74354
0.632339
3.03989
4.14525
2.42165
5.20539
0.818472
1.87902
12.0598
3.57319
5.09448
4.89093
10.73
8.72445
5.27489
4.60955
1.08503
4.94107
1.77989
8.04664
2.03718
3.1377
6.00274
2.5978
4.9468
4.57402
4.1127
4.23724
4.72768
6.08606
6.84004
2.44271
5.52435
1.73578
7.04663
3.37762
3.42617
8.52964
4.84935
0.85425
11.5676
4.21521
3.67259
2.63118
1.49361
7.59389
0.996492
1.86733
2.10129
1.34026
2.67387
1.93167
5.43704
0.582686
0.552467
8.24265
3.63922
4.08954
3.08015
4.59794
1.46619
8.75017
3.33403
2.32646
3.17857
1.31815
2.6774
4.62047
4.18579
2.07715
3.23849
1.87244
5.08917
7.94667
9.8075
11.1627
3.76199
8.274
3.35527
2.4977
1.44746
2.83287
1.66625
2.43502
0.908386
1.92392
7.64811
13.542
0.961645
3.09497
6.32201
12.5642
4.78695
6.01561
8.50515
4.97471
1.74658
1.17529
0.611943
0.539235
2.55711
2.35599
0.88825
3.37003
2.44263
3.6233
1.70369
3.01617
9.18299
7.32256
2.79292
1.75371
3.01598
2.77849
1.65432
2.26711
3.56037
1.92995
5.58453
0.691075
11.0304
4.20078
2.01014
10.5806
1.28183
5.0142
8.95675
3.17149
10.8046
4.36674
3.18823
3.41059
10.1724
2.31058
2.35073
3.81567
4.64675
1.4604
1.49924
4.74823
4.51349
5.2058
2.07972
1.39925
3.69163
0.771133
9.83735
3.71156
9.13356
1.18695
6.49847
2.99693
4.61176
3.04281
2.11783
5.45489
2.09912
12.6438
2.98879
1.18423
7.32994
4.36401
7.48093
2.49074
2.937
4.41993
2.24914
1.63816
4.10462
3.65904
2.33482
2.36255
8.35829
4.80376
0.894209
4.00924
5.2326
7.13044
12.0612
1.74544
3.47211
3.6643
9.50892
1.21305
1.52481
3.86653
1.11435
6.35646
1.88185
2.60353
3.37017
0.526682
4.22615
1.76045
1.4901
5.26903
2.03304
2.28921
5.02537
1.56326
2.90567
4.38181
5.98484
5.06541
2.03059
9.562
3.63755
1.69662
5.82208
1.27633
9.39405
2.46619
1.75684
1.04542
5.50518
6.24988
3.31182
1.80484
1.88561
2.57457
4.25446
9.88831
0.651898
2.28122
2.33017
2.65576
8.71967
13.28
12.3796
1.90352
0.558815
7.2772
1.35634
6.66834
11.2734
3.21178
2.31014
1.88096
1.91378
4.11771
0.895865
4.33453
5.3426
11.6029
1.78681
4.25959
2.42329
4.15763
0.859018
1.72421
11.1525
3.36249
4.12522
4.79595
2.90689
4.75239
2.02998
4.68387
1.07417
1.8238
13.6108
4.53315
1.23535
4.184
1.33853
3.05283
2.97762
2.57939
3.40464
1.85769
1.43549
0.892988
5.19348
1.73246
1.11095
3.06207
4.84115
3.07496
6.46465
1.39262
2.19992
1.73153
2.01072
7.46412
6.38341
5.22735
4.65653
8.15595
3.73915
3.12239
1.7109
0.671679
6.75988
11.0957
0.629027
3.09114
2.97264
0.952947
6.63714
1.31358
3.5317
2.3945
0.792143
1.1647
0.649236
1.70996
4.41945
4.38705
14.2179
3.14426
5.05875
3.00975
2.35344
2.27842
9.40451
3.43918
7.00718
2.7052
2.69961
4.06503
8.63316
3.75095
4.40735
0.80194
3.0445
1.43957
2.92486
4.71057
5.29996
7.71207
9.57169
2.48011
1.23014
8.26978
4.61409
7.34089
5.6448
2.29257
0.471997
0.890454
4.13316
4.06833
8.0619
4.9679
4.25102
4.89382
1.10449
1.40662
2.61585
1.2156
3.24196
4.79305
0.785396
2.15988
3.57284
7.43884
5.67298
4.79883
4.25492
1.48647
0.822123
1.84382
2.37011
9.37725
8.64896
2.17187
12.7177
10.5627
7.98541
2.09558
6.23562
0.843118
1.08903
0.90636
1.74278
2.37822
1.36627
2.14933
4.47893
5.23605
1.62382
2.26588
3.59707
12.0902
2.92285
1.19471
4.66744
1.90333
6.47302
1.72626
0.960856
1.93266
11.1208
3.09351
2.12018
2.90508
3.34752
5.96647
2.50265
9.09761
1.82861
5.24218
4.29208
2.51431
6.07751
8.67976
3.13543
2.91513
1.75513
0.705767
1.65485
3.90009
2.50613
3.57485
0.611388
1.23965
4.57857
6.03431
2.17815
1.02564
0.692454
11.7144
1.04974
6.78729
4.95334
0.686858
3.42727
1.61466
1.95921
4.15808
3.25838
6.31646
2.44548
1.13513
7.02035
6.25447
4.14457
2.04914
1.89549
1.82022
1.59419
2.72512
0.776712
1.90555
0.738344
0.798371
4.28851
9.22069
0.499977
2.97188
3.04459
1.02498
2.6901
2.35731
1.31371
2.58297
2.78623
3.62568
11.8957
0.374374
2.88935
2.05362
6.51329
8.3298
1.10338
1.2535
2.23661
1.66433
2.59722
2.36264
3.89807
4.86319
11.6837
3.79856
2.13606
3.69704
3.45348
1.21197
0.846361
5.81814
0.970208
2.84438
4.35418
4.78303
0.52211
1.57177
0.912237
2.00933
7.21967
1.73076
3.17615
9.13229
5.60767
4.14473
4.78054
4.67773
0.737525
1.56756
1.51065
1.57547
4.48074
2.68222
1.51443
2.04007
7.67142
1.30454
0.214244
7.14414
0.968193
0.932415
0.866989
15.3228
6.15501
1.75545
5.3137
2.12291
0.768979
4.81035
1.69983
2.93905
5.71643
9.0585
1.19919
2.72886
4.44129
2.83461
6.44129
5.25728
1.84864
10.012
2.3946
13.5715
6.31589
1.66414
2.54313
5.47202
3.7821
11.5274
13.4948
2.69722
3.1293
4.24294
1.80657
4.81846
9.63784
1.80837
4.45265
7.25145
3.39186
1.9438
6.14913
2.92553
6.17205
5.05202
6.04615
4.74688
5.69054
2.86436
1.33063
1.84286
0.432094
3.45082
1.23535
5.09478
3.46888
12.4034
2.80968
1.6831
6.66271
3.85983
7.74606
3.45011
5.03718
5.83884
5.14646
4.05415
15.9085
2.68092
4.36824
2.32566
1.63309
3.6269
2.35232
4.47686
4.10009
1.99897
5.06925
3.72987
1.06438
14.2186
1.10408
2.034
2.24861
12.4662
8.03207
3.38376
2.35792
2.02425
3.58438
1.43827
12.3574
1.2429
1.46276
3.42159
2.85307
3.18701
1.36032
1.24245
4.41058
2.66702
4.58178
4.3173
3.98315
3.49142
3.67406
3.38402
3.61045
0.732673
5.2364
1.91583
1.82175
8.23537
5.04133
7.48372
2.91772
1.35707
4.63553
13.3347
2.6584
1.80998
5.01099
0.999911
3.65594
7.63552
2.29852
4.99843
1.93524
10.4345
3.29863
13.8021
1.57573
4.40852
5.51298
1.98504
5.45642
2.04755
3.68889
5.8511
1.51378
2.22484
3.54434
3.14493
1.73514
1.65066
13.8519
1.90824
1.97455
13.4978
0.964943
5.83504
1.43577
4.0073
10.3464
4.28121
1.77025
0.762882
3.39206
1.53549
2.80755
5.0517
3.62183
2.32757
5.34814
2.59861
2.2412
3.22716
1.98129
3.94319
2.97465
2.28814
2.42
4.76247
4.12847
2.33136
2.60935
6.9445
7.63578
9.54608
5.232
4.80016
12.023
3.28757
2.29792
1.60175
2.41917
0.244215
1.59226
2.1571
2.52927
7.6945
0.424902
1.73611
12.7969
2.58436
2.54826
4.87196
1.85291
1.21712
4.24262
1.83313
1.14351
1.49535
1.78785
5.80102
1.32571
3.03122
2.00187
1.29494
7.41821
1.33309
1.69099
7.81862
6.20873
3.36046
5.74219
4.3011
0.407164
4.0206
1.2612
4.69794
0.600471
7.2429
0.593342
1.70145
7.6955
0.898971
3.6172
6.5464
0.728882
3.99777
1.04493
3.19784
1.72875
6.9757
3.34704
3.50585
1.57545
1.23276
1.49636
0.819786
1.40669
4.27406
2.73017
2.40049
7.26201
2.34843
2.89376
4.08261
1.14374
1.25817
1.8055
2.36799
3.37631
1.35838
2.84468
3.24189
7.224
11.1653
3.36436
0.720827
2.31642
3.54142
2.30262
11.0942
3.06866
2.59932
1.62433
3.88601
9.07989
0.96932
3.24503
6.05652
0.89676
8.67138
0.823602
7.32876
0.602906
0.832589
10.468
5.98783
4.8677
5.18742
1.46248
3.49562
2.82172
1.04394
2.38051
5.54187
6.48398
7.16789
0.663468
13.0548
4.86274
2.64271
1.3312
1.54235
1.12405
3.80623
11.0396
2.05648
0.870462
3.18828
5.68378
1.4739
3.70144
0.782718
1.98823
3.15942
4.83067
8.42699
3.59946
2.48436
0.874757
4.31411
1.20129
2.67762
4.02147
2.38457
2.47765
4.41461
1.40484
6.52754
2.82034
5.54074
2.92118
8.81349
0.418057
3.87793
7.44137
3.77042
1.00529
3.49997
9.49891
4.45358
4.42565
3.91722
1.00072
1.45973
6.64536
9.8637
1.0753
2.50966
0.559973
1.10695
2.70986
0.832267
2.76723
2.422
4.04923
1.23343
5.7605
4.99154
7.09138
2.16854
0.913494
4.93507
3.55013
9.0115
2.30047
0.864975
7.45032
1.44818
2.29433
3.17433
0.530435
3.99425
5.92932
3.21571
1.82937
3.80078
11.1895
10.2455
3.05864
1.53815
1.70514
4.65628
6.63228
5.36943
3.25682
3.14996
3.05261
4.40318
3.62107
0.93074
5.78482
4.82539
2.01177
2.4491
3.50494
7.55026
6.2442
5.64805
4.383
11.8115
6.92088
1.46308
0.501995
2.36355
2.29721
2.50585
5.83879
12.3089
3.096
0.383923
2.06388
4.92419
4.41645
2.10534
4.48434
2.79314
2.79953
2.77212
0.567989
10.4615
12.4345
0.917032
2.8684
1.65696
2.60963
13.9206
4.09318
1.65733
3.6487
2.66352
6.56433
6.15291
0.659699
5.35351
4.17657
8.82408
3.77259
8.69656
0.811173
1.41913
10.3391
2.62351
0.970607
1.41136
2.03693
4.1594
0.859751
2.87617
2.10103
1.40932
2.84873
2.94644
4.97177
3.69371
9.2077
0.550493
3.17783
4.36044
1.30641
0.536999
9.69648
5.54123
0.460367
3.24568
7.83428
5.38618
6.12466
2.66489
6.88235
0.940312
3.82568
3.49909
4.87892
0.466736
1.56048
2.99942
3.49404
3.45518
4.44554
0.729326
1.17183
1.6046
3.47616
3.62397
2.2191
2.35423
1.28919
4.58979
0.938528
10.4445
3.44683
2.73237
5.97054
6.04119
1.47944
6.14427
5.06918
2.58246
2.56272
1.45658
2.5197
0.58645
1.62087
2.4489
3.02527
2.25606
2.14696
8.02771
6.63736
10.1262
4.42519
12.9541
2.72468
0.764693
1.5967
2.72661
2.23541
1.83589
9.27029
2.65768
0.865804
7.60045
1.70943
0.750215
1.60938
1.95354
3.42344
6.86652
5.32113
1.67889
1.84734
3.91863
1.52914
2.89415
2.90569
13.3862
4.18068
1.20429
4.46082
7.24192
2.56672
14.6216
1.51345
13.6302
2.71843
5.39556
2.32116
0.97007
3.65736
0.718616
5.22704
6.25543
1.66489
0.768509
9.16992
3.43622
1.09324
8.91433
1.74114
2.74834
3.48435
2.94003
8.17571
0.996972
0.734173
3.57822
1.38452
2.27545
11.1271
3.13172
5.0555
1.08235
8.15422
1.30479
1.35456
5.51309
10.4443
1.54044
6.56291
2.53365
0.852797
0.77105
11.3025
2.55301
8.75399
8.03003
6.22552
2.12928
1.79433
1.43443
2.02679
1.45121
0.8485
4.09073
2.29593
1.37565
1.94995
11.233
1.50736
0.942818
0.591918
0.889655
2.56702
0.359477
1.49319
9.84775
1.02806
0.883599
0.763512
6.27132
2.45822
3.38627
5.41002
6.94564
4.94206
0.847079
5.94233
2.26727
3.10682
3.54172
1.79908
5.28644
4.48133
0.831331
2.83656
0.912812
2.70742
1.47215
1.25988
7.04342
3.95667
5.96102
0.923002
0.89067
0.44955
1.40805
2.17532
5.96171
3.09546
6.88868
0.372252
6.23394
1.6082
4.7382
0.595954
0.160464
3.6146
1.96739
2.09619
1.27668
5.51233
5.5741
5.86411
4.89913
2.40413
3.23148
1.68005
1.34309
6.24538
0.772576
5.4868
4.55882
3.44315
3.01464
4.76463
10.2378
2.79309
0.340339
5.94824
15.2308
9.51414
5.04483
2.33634
6.8032
0.844989
2.52556
5.86766
7.50688
4.60662
1.0674
11.1022
2.45468
1.96519
4.62094
0.858981
1.07247
0.868661
4.58275
1.23516
1.90902
7.73263
4.18793
1.77665
4.119
1.40016
7.12306
1.57669
4.62381
3.91543
1.61593
2.48674
4.28385
2.88432
2.75672
2.67214
3.75259
2.6326
7.15639
6.2029
2.82712
1.90757
0.227483
0.659381
0.673709
1.43552
1.39672
5.79436
7.54149
8.02105
3.72376
1.79843
2.87794
1.76419
3.38126
5.25407
4.71956
2.12309
5.74246
5.06659
3.55898
13.3289
1.45759
4.35806
7.20075
1.54777
8.66761
1.54801
8.55498
3.66618
4.52178
3.44381
1.06092
1.98404
6.66433
2.65723
5.84278
2.54518
9.63751
3.13894
9.66556
7.49756
0.607534
13.3692
6.1387
3.70739
4.35869
2.4703
2.75041
2.97282
0.90764
3.82377
1.41125
2.13034
0.491747
3.28518
0.644738
4.74512
3.06543
1.85634
2.64334
2.03616
3.80746
1.02531
3.98861
8.82938
7.14998
2.27538
4.54816
1.75649
2.07104
0.658632
2.90479
4.00359
0.596179
4.53582
3.50404
5.61661
3.62391
4.04002
2.07756
3.5048
6.85918
4.64608
2.87601
8.9731
5.32827
4.90978
0.991526
3.20142
3.86262
2.07988
2.44969
3.90147
2.60572
5.70611
4.72307
5.63294
8.55199
1.45113
0.875141
1.66283
1.63699
2.50474
2.80067
2.16066
3.29195
5.69223
0.483778
1.14595
2.61635
3.50852
0.303036
6.08318
7.25421
1.52668
6.02233
0.610085
5.55503
3.4417
1.43669
8.45534
0.706927
1.29122
3.38949
1.6328
7.6464
9.36694
3.80482
10.1174
1.68679
5.06726
7.22484
3.61717
3.46242
5.44932
1.42139
6.79617
1.50324
2.76885
2.50235
1.31218
2.95557
2.41712
12.3998
3.37111
0.957218
0.666765
1.293
2.86407
3.99052
1.99339
1.18243
1.64242
7.94261
4.22237
1.47489
2.69977
13.204
3.72929
2.53305
6.7514
3.30695
6.21314
1.94364
1.84583
3.91875
1.8228
1.31526
4.49983
3.59561
5.22128
1.81977
2.31087
4.73917
2.99699
5.37667
4.52729
1.04691
1.60584
1.16365
5.69213
2.23586
4.29408
2.3807
2.02944
4.18292
2.70406
5.76294
5.75535
6.25672
0.474719
0.614625
1.14594
1.55364
1.53083
2.44997
1.13695
5.86544
2.04454
5.30602
8.33581
0.692531
2.98076
2.36822
1.46592
10.4755
2.05865
7.17426
1.12818
3.58414
1.80259
2.09752
1.96771
7.66086
12.1893
3.5004
3.50927
3.21927
3.17707
6.61526
1.78368
3.1365
0.580799
1.98586
0.670664
0.989418
1.79861
2.75719
2.74462
4.14638
3.60838
1.71641
4.55039
4.8513
0.693417
0.116672
6.11588
5.47143
7.79779
1.3818
4.50507
2.55809
4.68837
0.346828
1.87956
5.66277
2.57208
3.46658
8.12762
2.14936
9.57026
2.41454
9.21344
0.573128
2.13103
7.63812
2.16866
3.41702
12.1611
2.21776
1.46026
13.0896
0.965424
4.25628
2.6402
1.17008
4.11683
1.50511
2.82004
1.44931
2.53882
2.38027
1.97308
4.69356
3.02754
10.4112
2.01311
5.40078
1.54489
1.81543
4.09013
4.88396
0.83535
3.8542
14.8771
3.86501
1.20201
1.80466
10.6958
3.93484
2.02096
2.12917
3.61642
4.09044
1.67788
2.72945
2.44058
5.29745
0.898797
9.70507
2.07173
1.22789
0.846758
1.58438
7.26012
1.79524
0.504176
1.18726
2.15112
3.34191
4.6616
13.0193
1.90181
1.00925
0.68462
3.6883
9.6335
3.07896
3.301
1.53073
1.69073
2.66335
5.58605
0.779648
0.895151
3.62071
7.52004
2.94447
1.28099
1.33549
4.28535
5.60014
6.98139
2.41403
2.3566
7.70333
6.48368
3.0268
1.64038
2.68037
0.511073
4.52247
1.6852
1.65308
4.53507
5.09024
7.26526
4.89381
2.10842
9.62951
5.48122
2.91276
1.2738
2.082
7.91302
12.7982
2.85849
1.24081
1.75083
2.78655
0.78892
9.08077
3.63893
2.38764
9.99213
5.19238
7.54538
4.22833
3.15085
2.66974
5.28053
2.70299
3.63818
3.20613
3.54
3.60222
3.56384
0.740634
2.87782
4.89718
2.65763
1.78707
10.9721
4.41365
0.367958
4.01649
3.08879
2.28715
5.03865
1.35891
0.444946
4.73295
2.38701
3.95699
1.3642
0.686108
3.47976
0.562329
8.52066
1.15216
0.998983
5.76054
2.12686
1.58451
2.76866
4.0163
2.86952
7.61556
0.731932
4.37369
2.10884
3.75269
2.95021
3.53539
4.64437
13.4186
2.93299
3.49422
1.37433
8.79984
0.668571
4.47007
1.56986
2.84209
2.32661
11.6495
4.9464
3.14774
8.25803
1.95116
6.64843
3.94067
0.256592
6.27725
2.10838
13.7322
9.69146
1.50783
2.03682
0.601996
4.19428
1.88409
5.12065
4.09318
7.53185
1.47654
8.99783
4.10613
2.02512
1.72024
0.751412
0.279421
3.08499
0.889668
2.49857
4.56016
2.62497
10.2297
4.40122
0.878608
4.20383
2.44202
2.86532
10.5392
0.781587
6.97676
2.39146
2.35075
2.14042
12.3902
4.20961
1.4254
6.80226
7.04682
3.53022
2.87402
1.15794
6.2577
1.14984
0.641198
1.3953
0.853654
4.8054
1.87276
6.09749
3.09455
8.27543
1.39432
0.761954
7.2408
4.94436
3.32945
5.07023
1.33696
1.86727
1.0089
1.95845
1.93022
7.68746
8.99943
1.02422
1.81966
5.05909
0.439076
2.21828
1.14602
5.08694
5.23968
6.2531
2.79251
2.26244
12.4702
6.97903
7.82448
2.42484
8.06702
0.605697
1.41701
3.87512
5.66255
4.68558
14.7873
3.97128
1.73088
4.50232
0.5701
2.10091
7.09611
1.13749
1.09036
1.23077
2.89613
7.0286
2.83146
1.96738
0.871655
3.28596
1.23257
3.5203
5.08354
2.25702
1.7826
2.72671
9.04657
0.982715
1.5532
2.94152
2.4016
2.329
11.2518
3.45091
4.91395
1.37383
6.38572
8.70867
4.7209
4.11547
5.17644
5.03453
1.57673
0.75996
6.01144
2.03306
7.8142
1.47375
8.07363
2.99552
0.933158
1.29548
2.06814
3.29847
1.4897
2.98365
1.39933
2.03919
4.00298
1.78226
10.2862
1.87329
7.66956
4.27829
3.2232
3.74971
3.82267
2.19963
2.16576
2.3051
3.54756
6.11432
2.6568
2.0116
3.95667
1.51194
3.22607
1.62239
3.32702
1.95457
1.386
6.18969
4.90244
3.47816
1.05809
2.4583
4.11746
2.99668
3.32747
3.21915
3.02326
1.2817
5.31796
5.1997
3.43369
0.551382
3.76156
7.17529
3.84642
11.2698
0.484328
2.10732
3.38232
7.23395
0.942829
2.04142
2.99255
2.7543
6.1055
1.63753
5.66351
4.3152
2.88983
5.32691
1.52676
1.84413
1.22414
12.6402
3.69637
1.20625
5.72381
1.59774
2.9255
1.34029
0.880497
1.87196
0.141098
1.53061
2.57725
3.50309
11.91
3.24281
2.65661
2.83655
6.14284
4.18862
2.69486
1.16154
6.59073
4.85596
2.24739
1.1443
8.31505
3.31259
5.87797
1.02595
4.75093
4.68646
3.12379
2.284
1.31737
4.62059
1.8178
5.25124
1.73127
11.4321
0.552075
7.61087
3.56665
0.782023
7.11988
2.82824
2.29296
0.706823
3.09891
5.71653
4.18552
3.62826
2.52635
3.64386
2.09413
4.78668
12.9175
4.83447
5.14257
4.33254
2.14443
5.77197
2.0882
3.00653
6.38458
2.95572
4.60053
6.11669
4.08707
4.6809
1.21141
1.47361
3.67825
4.64476
2.43706
0.482047
4.7976
14.6296
0.534369
4.03175
0.226511
11.4711
4.77046
1.18655
4.87562
6.94948
6.20907
8.30938
12.9142
3.92388
0.32055
0.809412
2.48645
1.03679
7.80526
1.2097
3.47491
1.79085
2.76381
3.17395
3.63125
8.67932
1.59484
0.18309
9.72831
4.91698
5.75257
0.579215
5.78302
1.52299
9.15659
1.94708
0.376062
1.17117
2.34073
4.07603
5.6734
5.44504
4.37271
4.4642
1.77521
2.21556
5.19199
2.36498
8.19024
0.482741
3.86967
2.09954
3.96729
3.934
4.37599
5.26016
2.1264
8.30633
6.31833
2.15336
1.8591
9.01541
1.7104
13.4363
2.00071
10.2031
2.4335
13.6983
5.17657
4.03856
3.24104
12.1829
0.947051
2.30352
4.77478
0.290887
1.31239
6.67475
3.37433
2.48668
2.53616
2.03268
0.572263
3.68218
1.85378
4.30364
6.65548
2.38954
6.20871
1.93346
3.90898
0.602336
2.42808
5.97234
1.07353
2.19048
3.99292
4.41917
8.54593
2.94002
3.89375
4.62729
2.12183
1.91899
6.28831
5.82392
3.93167
3.75838
0.880685
3.04586
4.05094
4.64328
10.1539
2.52161
1.59131
2.71378
5.82973
11.9719
1.8569
3.89183
2.7671
7.93765
7.06411
2.79856
4.1087
0.865297
3.04496
2.38131
6.34742
0.611319
2.13948
3.85143
1.43748
0.986984
0.556819
4.80173
1.19299
0.780767
5.59715
2.76657
1.53244
0.435013
3.21486
2.04919
1.86343
1.57835
0.992919
13.6396
3.00783
4.74427
2.72685
4.15515
1.39121
4.70597
1.20206
6.11412
2.82731
5.05154
5.10275
10.5999
0.954382
0.839961
0.602999
5.95483
2.2101
6.69612
11.8014
1.08009
7.28367
1.54299
1.57991
7.71883
1.30008
3.08233
1.43874
2.82536
1.67932
4.98183
5.82379
1.13174
3.62587
2.32913
0.748782
9.4958
1.26992
1.07848
0.69788
4.32799
6.03186
1.04135
1.32207
1.80116
1.85048
8.06619
3.69817
5.61769
1.29767
4.60198
6.53008
1.41353
4.72001
3.61332
9.29944
2.38828
1.26358
6.65681
0.51464
5.3383
2.69279
1.21948
8.00666
2.5884
1.71135
3.01336
3.34168
0.751988
9.0163
3.64177
4.99721
3.97022
4.15252
0.565368
1.42776
7.36658
11.0981
5.64342
2.77747
3.73366
4.62256
3.93714
4.70674
1.77487
14.7861
1.95781
9.08717
3.64859
0.74799
6.50451
1.81991
4.03003
5.43697
6.78965
9.47403
2.20506
2.86159
0.994045
1.28178
11.4878
1.25907
8.26531
2.83877
0.573368
4.6609
1.09138
5.83602
8.46527
0.788073
2.73776
3.00416
5.24804
2.14333
0.929509
2.22387
2.55148
3.42443
3.98438
3.64452
1.86174
3.23135
3.61306
1.13005
1.39787
5.49166
0.633913
6.5518
1.20766
3.34234
2.9294
4.14874
6.06719
6.34905
2.67278
1.3527
6.69445
4.63673
0.422972
1.329
2.82461
2.33538
1.78795
2.75796
2.30436
1.30184
5.00619
0.939278
4.57099
5.73677
2.83442
5.0812
1.4536
6.72529
3.85398
0.420268
0.684472
1.1272
0.927184
2.31417
6.15658
2.71272
5.89732
5.1737
5.50218
3.08637
5.39358
2.62018
1.36135
1.91634
1.12438
0.88757
2.2811
1.53686
2.99397
3.78546
8.36792
2.87142
2.70517
0.697919
4.75626
1.53921
4.06897
3.50328
1.61232
1.3226
6.43353
1.58646
3.64597
4.47669
3.69869
2.24658
1.18119
2.42867
1.24211
2.18472
0.830842
2.89781
2.24673
1.57484
2.4822
1.65201
3.37521
1.54646
0.550935
9.0184
3.61953
3.09419
4.6683
7.26695
4.18215
1.02819
3.14965
3.84487
2.87211
9.90119
4.62594
0.34418
7.38027
1.44035
4.34406
2.80615
2.07769
3.57067
5.96097
4.42478
3.81714
1.36621
1.10562
2.83075
5.70048
7.41413
2.05414
13.1692
1.06292
7.18933
4.58012
13.1898
13.7097
1.7694
2.75608
4.96519
9.2635
7.97994
1.04526
4.65775
0.936515
1.0861
3.19848
3.11667
7.13631
6.76427
0.855734
1.20642
9.36272
1.16424
4.78653
6.62496
0.471783
1.66708
3.38661
4.41713
2.26207
4.70972
1.03269
1.36969
5.53014
2.19323
2.45647
2.52947
6.02958
1.03182
4.11107
0.73101
3.73608
2.8797
1.0638
13.2242
0.614938
6.34098
1.66136
3.42623
3.50609
1.68637
1.70472
5.18488
9.90922
2.05042
12.9689
1.47077
3.65546
2.3471
0.338237
0.77012
1.84906
6.57505
5.26432
4.11359
4.38655
5.93954
1.84461
3.45013
6.52597
2.64155
2.45802
0.787626
5.29537
5.64804
0.606628
3.85214
7.43228
1.89068
0.888785
1.59564
1.19947
3.5129
4.97558
3.3355
1.34727
1.32046
2.25285
2.93009
1.33665
7.67738
7.14951
2.23273
4.65609
3.02341
9.40169
0.903122
3.29905
2.35838
3.72684
4.0419
2.51662
5.44548
1.98027
1.30949
3.70165
5.79432
3.46871
1.53567
2.69739
5.9132
3.45387
2.65702
1.39845
1.32996
1.16679
4.08247
1.3786
8.18487
1.18786
1.80499
1.67196
1.94134
8.08457
5.77783
2.42868
5.0618
3.02106
3.269
1.37209
1.42539
0.76574
5.35914
2.50484
5.51317
3.30283
0.482784
1.18926
1.59849
1.31961
5.88807
7.0681
6.89247
3.28416
0.765287
7.1582
3.31054
5.8414
10.1787
14.6939
5.84444
1.53297
1.08446
1.15711
1.52615
2.94178
2.24609
4.99834
6.47638
4.06068
2.67711
5.76546
4.54399
4.39326
3.00115
0.720548
1.20169
3.09642
3.45107
2.98575
0.240554
2.92849
3.03424
2.05823
2.82297
1.73913
3.05153
2.55288
1.57693
2.56968
7.79268
1.49591
8.62469
1.5146
4.72067
4.2973
2.74087
3.3232
1.9157
1.30281
3.77806
3.33046
5.1516
6.0163
12.0841
7.33296
8.21563
6.60041
1.94233
2.97674
7.51169
9.38287
5.62212
0.856414
1.48481
0.870703
1.90065
8.22434
6.05733
6.47478
1.4511
2.47511
1.15946
5.04932
3.22403
1.98808
5.83256
5.00133
9.93046
3.60706
3.00925
6.07133
2.83901
2.88803
2.57021
3.02654
1.81679
3.03897
0.89938
2.02692
2.16691
2.49375
0.537512
1.30053
2.20176
4.67152
1.56253
5.0589
8.69128
3.4111
2.03553
2.01729
6.83549
11.2137
8.19049
0.509528
6.4929
2.84057
2.38293
4.77426
2.71255
1.55723
1.21666
3.94657
1.63984
0.703925
3.75431
0.935426
10.0884
3.50002
4.64958
0.370981
5.29707
3.3592
6.05034
9.24737
2.58473
1.93809
4.3468
2.42896
4.00893
0.469637
4.99198
5.62481
2.41426
0.594914
2.2515
9.18337
4.7371
5.16951
0.511202
2.91475
3.28896
0.986661
2.94282
1.04422
5.77551
0.401747
11.9366
9.66192
6.65213
12.5982
3.54138
1.85317
2.11128
0.785864
3.4
4.41205
3.40454
5.48207
5.52141
3.18454
3.50013
3.01974
1.62296
7.8756
3.80214
4.16018
8.83522
3.06257
1.04619
2.25653
1.92325
10.1209
5.2673
7.07038
0.91275
2.06849
1.28233
1.23729
2.70514
2.02945
11.6986
2.02109
5.00353
1.04527
2.31442
5.92508
1.20487
0.859826
5.35092
3.23275
0.700335
2.75574
2.8985
5.71225
3.36627
3.09252
1.80073
6.47971
9.71761
3.42037
1.35431
2.21088
2.36536
4.60754
4.30606
3.50418
3.15212
3.32984
0.883927
1.42567
1.41939
5.71861
1.68208
13.4425
4.15922
0.718378
2.33474
2.85023
14.5919
4.05629
0.916628
1.26512
1.22221
2.11966
4.84376
3.15899
4.1163
10.609
3.37122
6.57825
8.64432
1.69801
2.13133
1.60882
9.13466
3.75879
8.35945
4.57679
3.94549
2.39629
9.21624
0.663611
1.03147
1.69144
1.74139
1.49098
2.49724
1.79652
8.12513
2.89739
1.01559
0.386376
6.60621
1.09056
7.11254
2.12352
5.53792
7.29935
6.56264
9.32429
3.5912
5.5122
0.896704
8.07266
1.63619
4.55022
2.23243
3.49967
1.80492
3.79769
2.65464
9.98329
2.09163
6.27326
1.9164
2.24998
7.81197
3.30604
2.39494
13.7993
6.39139
2.25267
0.742368
2.69258
5.10031
5.96986
0.758363
6.63939
8.18373
5.95021
2.95363
3.87293
10.9432
2.75882
3.68996
3.62226
4.01183
1.47644
2.76746
3.8654
5.96332
10.8244
3.23648
5.61945
0.804099
12.6321
2.41257
1.58533
2.17067
1.09005
2.22424
4.40068
6.41059
13.6973
3.09833
2.77303
11.0887
0.868429
2.8439
0.7633
3.40659
1.20702
2.91803
3.99746
2.62673
1.56449
2.10938
2.8174
5.9472
1.17368
1.80278
6.21674
4.68444
1.3034
2.36268
1.40835
7.17473
4.34496
1.36657
9.18957
2.71572
1.50993
4.03027
2.8104
2.05613
1.37638
2.21961
3.09639
4.55368
8.6184
3.42027
2.4233
0.570504
2.61633
3.10004
4.65364
3.29842
1.61082
2.23295
0.696225
7.01082
0.724262
1.23802
1.20077
0.312293
4.41123
1.45917
1.49567
4.06361
5.42892
2.12439
0.473949
1.06313
4.2175
0.58928
9.52313
4.39084
1.07546
0.870907
9.7564
2.86719
2.58692
2.06132
2.01822
14.9735
8.04277
2.17535
5.08071
7.16099
3.98684
2.89885
5.28613
0.610024
0.792137
5.55449
3.40866
1.72771
3.69528
2.25722
3.09919
3.5647
1.0715
2.46203
1.89583
4.23322
2.71714
3.05393
4.68452
2.17762
6.24808
2.19364
6.63473
2.76709
5.01719
4.50934
0.981624
2.12313
3.27287
6.25524
2.08169
4.91248
0.842912
2.67026
9.6733
11.0549
5.93156
1.46614
1.83837
1.33133
8.168
0.377099
3.46303
1.53567
1.16996
0.407184
6.7665
5.75642
2.11604
2.29775
7.57541
2.79993
0.807326
0.590773
0.591668
1.13023
5.5129
9.96744
2.75781
0.713367
1.06826
6.48201
10.4686
5.00564
3.98146
1.65899
8.57501
4.13435
0.881603
1.86585
4.26038
2.89016
11.7084
2.63913
7.9563
1.90503
0.675191
3.45878
12.4191
0.884709
1.02759
1.15855
11.4093
7.72398
4.38415
2.48913
4.30542
5.29116
2.00775
8.00282
3.0288
11.17
1.24785
3.40709
2.88338
3.56341
5.60966
4.13924
1.30334
4.24362
0.702044
4.3783
3.90464
12.206
2.12972
2.6883
7.25286
1.8595
15.6795
10.8301
3.74541
9.26563
4.16225
4.89533
2.04905
9.66493
5.96413
9.76505
7.12837
3.28078
3.43616
2.58632
1.3729
3.01418
2.92449
3.0427
0.223086
6.17289
4.97725
1.2761
2.77663
5.41345
4.02795
5.43471
1.59252
1.18985
3.70308
5.07153
4.56009
1.24218
2.39197
1.66313
8.1093
8.49388
3.63445
3.15179
4.08605
1.97724
1.82249
1.65151
4.52784
0.790532
0.630911
1.58265
1.16322
0.384189
3.96013
1.72845
4.325
0.13
1.14831
3.71075
3.36368
0.523461
7.80751
2.80697
0.975649
1.86997
8.73952
0.468192
0.936278
6.9602
0.101513
2.30633
2.04301
4.02383
12.3585
2.95665
1.08827
7.18912
5.59774
0.842272
0.804093
0.624444
1.44263
2.43327
2.64583
0.905025
1.15508
3.39622
2.88959
2.44325
1.62673
8.41891
2.06935
15.0681
9.70265
11.511
12.3563
2.38108
2.29883
4.17391
3.90234
1.26599
3.8396
8.60966
1.80119
3.49118
0.888037
5.32271
9.31981
1.90085
4.85093
2.95578
1.53791
0.622866
3.56264
3.68632
1.60303
4.27261
2.34572
3.14486
7.59644
1.9531
4.04896
1.64373
3.7505
2.27889
2.55455
1.97955
6.14671
10.5072
2.76502
2.19047
3.14871
1.38616
14.6422
3.15666
5.92334
2.03394
2.97202
4.91509
1.77493
3.09222
3.72438
2.88585
5.97471
1.38151
3.8552
9.05555
1.56769
3.64438
1.0266
9.61957
10.1868
1.19458
3.58483
2.60609
2.41443
2.96376
3.87738
3.18612
2.8799
2.04914
4.13589
3.61482
3.58512
1.21318
3.21578
5.23628
2.93097
0.866573
3.19058
3.80359
2.9858
6.0495
6.9096
5.73154
1.19464
4.63922
3.73557
0.764874
1.69971
1.59991
1.54165
5.19309
0.760301
9.40774
7.91432
2.96032
4.48359
10.0059
0.684094
2.05401
0.501736
5.70543
4.51122
3.28085
2.46654
3.00952
1.99041
1.22956
3.58032
14.4134
0.926701
2.99807
5.48033
1.09265
2.15624
2.94087
4.95532
5.66608
2.40757
3.43364
2.67496
7.04775
7.69103
6.63312
1.00405
2.07965
4.32314
6.97048
6.24477
1.08635
0.629509
2.58632
1.85077
6.94552
4.60803
6.52399
1.85354
1.19262
4.50881
7.40169
2.74881
5.99152
2.59864
3.35262
3.38366
3.3128
2.59804
3.11139
1.0051
2.60497
5.83177
4.79193
5.63381
4.45105
3.28023
3.34918
1.71591
1.90151
1.46827
2.22607
4.47828
1.53215
3.62335
8.06311
8.56604
3.64909
0.898479
4.55111
2.03723
4.59766
1.84128
1.42913
2.9425
0.605459
14.4559
7.33089
4.53382
1.66324
2.83096
1.75029
4.73529
7.55829
5.5301
2.56264
8.12329
2.856
1.07234
4.53266
3.69878
3.36578
1.89201
4.53512
2.62923
3.23495
4.19052
5.7915
1.5439
6.04893
1.51975
1.42306
4.46322
2.82021
2.50763
1.18017
5.84751
8.70116
1.51283
4.03768
2.666
2.73772
2.07039
4.49232
3.156
6.05886
12.335
9.91977
3.40481
2.52376
0.809532
6.8282
3.95586
4.46647
4.82485
3.19814
1.12179
0.899
0.260329
2.93492
2.07638
1.32896
5.40118
6.14934
3.19478
5.03476
1.83017
0.818559
6.85076
0.628608
7.92446
1.73236
0.733896
4.87488
3.53547
6.06557
1.16477
8.62887
2.8084
2.06104
3.4534
8.38167
5.087
3.57774
1.8676
1.46527
4.22847
2.50861
1.225
1.9698
1.98137
4.52631
9.19009
2.94106
6.3241
3.31407
7.71939
1.07953
4.22703
3.11859
2.78354
0.822837
1.97565
2.29596
0.967681
4.04392
6.92881
0.882368
2.64614
6.05889
1.15866
1.74501
3.40142
2.42767
1.25236
2.69535
11.2806
2.21658
13.5182
2.61977
1.90766
0.63095
0.392117
6.94912
1.2376
4.96115
3.84733
3.13351
6.10813
1.57765
1.34181
3.10994
8.33131
3.47992
2.52223
1.04003
0.85604
5.18068
4.02842
0.560248
4.12889
11.9077
3.13428
4.35316
4.80143
2.18351
5.24257
2.82959
3.93415
5.83526
2.7745
1.78036
0.463839
6.19028
2.22669
5.84033
3.15854
2.56849
3.13578
3.23361
0.611976
3.61858
3.07067
3.03221
4.56034
13.8564
5.988
5.81893
6.92474
1.07814
1.45655
4.37365
14.0045
4.12475
4.57827
3.00709
2.63443
3.77261
6.93564
3.38466
1.0297
2.02419
11.9482
1.93931
2.66184
3.59381
3.78197
1.18121
0.814109
0.89923
2.6692
0.6572
5.74632
1.585
2.23587
1.53559
1.782
2.91172
4.95156
10.3519
1.41986
5.71205
2.65141
4.73263
10.5031
1.9711
3.31429
5.54224
3.69199
5.67504
0.687954
3.28803
4.27653
1.11762
1.16204
2.97798
2.099
2.09562
2.52327
0.52866
4.61008
5.16821
5.20888
2.78428
2.55664
2.51716
4.38628
3.97384
2.26554
5.38165
5.13921
3.52985
2.65686
0.711995
9.45191
5.35482
10.605
1.35478
1.32145
1.39882
3.47407
2.29363
3.64266
8.91885
2.0394
2.25889
4.3723
5.74774
2.70015
5.66483
1.86513
1.6059
3.56724
1.01841
7.5643
1.05485
1.38877
3.75062
0.606463
4.10606
0.828284
2.5315
0.645906
0.598565
5.41757
4.96437
10.5034
10.5577
11.6531
0.538677
2.16775
1.87451
4.71839
4.92458
1.21292
4.32433
0.239052
1.90587
2.93755
2.62616
1.79863
1.18934
0.766408
4.83089
2.42017
3.23473
2.42077
2.18696
2.97282
3.76711
4.94057
4.81076
6.05567
0.505669
3.15444
8.15779
2.44903
1.83803
2.181
6.42285
2.85009
1.82766
1.28321
3.84484
11.9557
13.6647
2.81825
8.65538
1.06968
1.10123
1.21347
0.435423
1.68495
4.94742
1.34659
0.586254
1.20228
4.52617
4.13638
6.39808
1.50307
1.60125
1.51046
5.4703
3.01219
3.94553
3.87451
5.19792
1.66558
0.83019
1.40068
1.54459
0.86821
2.15836
1.92322
3.14199
5.0492
1.4607
4.99383
8.06551
1.66801
7.43876
12.3446
4.33032
1.21392
4.31135
4.7355
0.600833
2.96702
8.48853
3.4854
2.46551
1.62245
0.75453
4.18672
11.6981
2.71833
1.76718
3.50734
1.8157
6.25357
14.1091
3.90786
1.39201
4.31022
3.29459
6.18105
1.28752
9.26637
0.88576
1.74208
5.35275
4.42383
5.00883
4.51167
6.23263
10.3325
3.86341
1.99666
2.50423
0.693764
7.82493
3.11968
8.28581
4.23515
5.22405
2.13092
3.98242
1.46076
0.97147
2.02876
1.83355
6.76319
7.42829
0.751279
0.558296
4.50754
3.33391
3.18136
2.97345
2.39635
8.08753
2.80875
4.4442
1.77128
1.19639
1.08758
3.60479
3.94998
3.62667
6.08542
2.16614
1.62987
4.13473
0.708427
3.44819
6.6439
4.40362
1.0986
7.71514
0.629092
4.4523
1.40716
1.79862
1.25385
4.09335
1.28767
2.67625
0.866982
7.86537
4.10792
3.29798
4.41685
1.72096
1.84081
3.70744
0.963014
2.78633
9.89989
4.41995
1.35881
2.7192
10.8071
2.15551
2.77841
1.95936
1.3196
2.91188
4.61343
0.548745
2.83941
5.04614
3.04263
4.91865
2.23886
3.61094
2.31668
5.63161
4.79957
2.44561
2.62201
1.13142
5.90087
3.61228
0.434304
5.67309
4.51574
2.7343
1.61843
9.18499
4.58458
4.4763
4.21787
0.776565
1.63777
3.8862
0.957787
5.15028
3.45429
2.5024
3.48892
2.94711
1.17445
6.50803
5.62666
3.68315
4.55259
3.2942
2.46336
7.37262
2.35193
1.89032
1.74376
2.18444
4.08975
6.16203
2.71841
2.38502
3.24872
4.43352
15.2533
0.928745
4.23042
5.98761
1.66215
4.88507
7.40539
1.9728
1.9584
8.48078
7.23899
4.59819
8.86045
4.11455
6.35712
2.70244
5.81701
0.952755
2.60568
6.33627
3.31083
1.19584
2.32185
5.96778
2.70903
2.0675
2.35731
3.77223
0.69719
9.61355
3.81976
3.61839
3.21492
6.34628
1.44156
0.928128
4.75167
2.02342
4.00584
2.53267
7.06048
11.4396
0.704446
1.33202
7.96619
4.32159
4.84072
8.39651
10.0193
7.82805
1.97794
7.76451
10.1527
6.61894
7.1316
4.4476
1.72288
1.60844
9.34356
7.27098
5.08791
2.17798
1.77611
7.39305
3.98213
3.84052
8.82086
4.53686
0.954318
1.25735
2.14171
2.44217
9.32963
4.29455
4.36633
2.46634
3.67455
1.75491
10.7102
7.25522
0.892007
3.27107
2.96722
0.596497
3.58332
3.97516
4.13907
4.41469
1.05913
0.768147
3.38785
4.88966
3.99343
4.65213
2.02809
5.89186
1.61228
3.07057
2.64282
1.59106
1.22806
2.11807
4.29911
2.25866
2.60122
3.71237
1.56639
3.6251
1.03947
0.940509
7.63616
2.60892
2.64887
0.61097
4.78262
0.935809
1.87701
1.91719
3.9736
2.81627
0.736644
5.1615
7.72143
4.13118
2.86854
4.35027
9.65135
1.76614
4.35675
12.6644
4.70747
1.90398
3.01704
6.78676
8.08494
2.89861
0.973838
2.80827
6.46044
2.29268
6.73677
1.32411
3.54832
3.76342
3.72062
5.22999
2.68556
5.2223
0.424384
4.53402
4.68627
1.90958
3.71296
7.49915
0.802751
0.748395
5.85635
6.97759
3.72294
1.41622
3.8114
10.7556
0.304913
1.243
2.81784
8.81656
3.90543
11.0169
6.7691
6.56229
2.58097
3.95048
0.798924
2.87281
0.301549
1.21329
2.99489
1.18654
3.98114
3.08882
3.97259
9.63469
10.0776
9.6067
6.97758
2.1544
6.6951
0.754345
1.1795
0.761431
2.1163
2.52828
0.910139
1.02282
4.67194
0.799519
1.85265
3.59843
1.14457
8.92037
6.71186
2.15615
7.87762
2.5183
2.16691
2.94016
4.7256
3.52853
1.13524
0.359281
1.19857
2.0131
1.70586
8.98758
1.17287
2.83545
1.98286
1.12748
0.901383
4.34211
0.811975
10.2192
1.32749
3.12219
2.82398
0.939117
6.0236
10.3699
2.18614
4.41887
5.38785
1.38302
5.16092
4.08653
14.1132
5.65843
6.11185
4.17349
1.24636
2.95422
1.59255
1.14126
10.6137
1.40599
5.24074
2.02322
4.71777
1.06704
5.40009
2.13541
0.94874
6.69986
3.18021
1.76394
2.34104
0.833918
2.23116
2.31866
4.00606
4.07045
2.13575
1.514
1.08721
1.73328
1.42669
1.69363
14.2294
3.93625
0.472442
5.59653
1.1964
5.92205
4.73933
3.41939
2.35732
5.77284
2.31598
2.42
2.12391
6.03619
0.584787
2.67283
8.0508
1.32695
4.66099
0.794876
3.26514
2.67633
3.3788
0.809568
3.96309
5.71516
3.55489
1.76871
2.10982
2.87434
5.02822
2.19586
6.22001
3.5907
8.53418
2.87186
1.56622
2.79196
2.9544
9.93841
7.10758
7.54028
3.827
9.62465
3.18397
3.15687
1.27601
2.43193
1.31926
2.65702
3.03303
0.679396
6.09159
1.42692
1.67672
4.59713
3.52054
1.75973
1.27093
8.69163
2.84989
2.80693
1.9124
1.15054
2.24859
4.6836
1.81293
3.35957
0.815468
1.1081
1.04769
4.51111
4.3193
3.96103
3.7491
7.41767
2.22088
1.87445
4.81736
2.67662
2.70481
2.60705
1.11713
1.72754
5.86519
2.02157
1.48199
1.06298
3.8283
11.544
4.20512
5.14287
6.45551
1.21949
3.40097
5.01416
2.96212
2.47617
4.61781
10.1351
2.1882
1.63536
1.73036
10.6758
1.20609
6.42776
3.86351
4.81721
1.73312
10.0459
4.9411
3.82513
1.67876
6.10091
2.21545
4.29348
5.02389
1.86509
4.97733
3.72581
2.22802
1.98767
3.27626
3.14886
4.43667
2.28392
2.40199
1.85409
12.1124
7.73351
9.15634
1.6932
2.03985
2.83181
1.43063
0.481104
6.12223
4.07267
11.0053
2.92551
3.9614
0.26658
2.71812
9.95951
1.44471
4.77564
3.88381
5.73941
4.19602
2.91783
1.69673
7.43558
4.05206
1.29957
3.78134
3.68696
3.60159
1.05274
13.4471
2.17199
8.52005
8.92128
2.9038
1.69368
1.46655
4.45083
2.0232
3.4951
2.53902
0.215932
8.21784
4.04187
3.78418
2.39955
5.05207
5.36088
1.41139
1.93509
0.705158
11.1197
1.61395
1.83636
0.263267
1.14856
0.87968
6.1532
7.85669
3.3133
4.37092
1.63427
6.13607
1.41948
5.11082
3.63505
1.99243
8.41379
1.14738
0.429659
0.633681
1.54178
2.21764
3.15616
4.46946
2.09256
1.06016
7.5677
2.22452
2.87517
1.22957
14.3032
2.2877
3.56061
2.27335
2.39832
3.46602
4.68363
2.60257
5.13708
9.15595
0.273244
2.49483
3.62473
1.59001
2.27876
7.87584
2.74347
3.27997
2.49119
5.18897
3.00776
1.32693
1.29267
2.20331
10.927
1.17271
1.4949
7.38368
3.54855
6.79131
13.3001
3.70419
2.74068
1.04756
1.24976
0.935654
2.87768
3.35979
2.64683
1.55395
0.645184
7.69512
1.42815
2.13466
1.12546
1.91315
3.5103
2.03231
4.82124
9.01457
0.69421
1.24432
2.56666
3.67775
5.39821
0.890066
7.96424
1.06298
1.2017
3.53909
4.7341
1.00617
4.90742
0.436069
2.366
0.8922
1.91335
11.0287
1.30891
2.40477
7.05857
1.78941
1.85538
2.23012
7.04463
2.7088
2.7699
1.74979
10.7873
1.81845
3.52427
7.09306
9.17467
5.60678
2.99202
0.769862
0.662367
4.58999
2.48661
2.69608
3.34599
4.52098
1.47138
10.9059
8.2055
7.98484
1.95639
2.58949
4.71182
1.92394
1.22389
4.14444
4.81315
1.23545
0.986919
2.38301
0.618134
4.71258
3.8148
2.15052
0.817269
3.50437
2.93595
8.60695
2.74844
2.29065
5.93803
3.92419
1.14129
3.63715
3.26351
1.06054
3.67395
1.49086
5.24274
0.519128
4.83887
3.58816
6.21043
3.94014
5.54064
0.65566
2.36704
0.351857
1.44484
2.66091
0.588569
4.6633
2.05543
2.98666
2.46446
1.042
0.123006
1.50673
5.18794
3.48531
1.24372
0.725456
1.39793
2.27439
1.3509
4.77147
8.52865
6.70671
3.41581
2.44198
4.01694
1.78224
2.68045
3.31652
1.78165
3.43624
5.0555
9.01274
2.4637
5.83034
8.99124
7.30408
1.45996
6.14906
1.25869
5.39151
1.60221
3.90465
3.84634
3.79663
2.32735
1.09935
2.01615
3.15118
3.43174
2.7682
1.52382
2.04081
2.26292
3.07611
2.02826
0.442745
7.19216
5.57669
5.40359
1.17457
1.73433
4.81609
1.40149
0.948337
2.38398
3.41608
0.595668
1.06194
6.5874
3.00099
1.56915
1.38749
7.44318
0.980585
9.5244
2.0925
3.03285
2.52846
7.39994
1.17036
2.76844
0.948405
0.886307
7.59959
0.578901
1.50445
2.43519
0.918294
10.4367
3.11441
4.91405
6.26257
2.84716
0.588398
1.07589
4.61323
1.38949
1.54831
2.59957
7.65265
1.1759
3.92444
3.16288
6.61355
3.50011
4.11145
0.861598
2.12027
3.51217
5.39495
10.3476
1.20726
6.00365
8.81156
5.97359
0.610825
3.40763
1.44597
1.52272
1.37192
2.92135
7.42835
2.85316
1.07129
3.82363
5.91608
2.16743
6.26615
1.28725
3.09186
1.42191
4.18471
14.7716
3.90564
1.63612
5.69118
3.70363
5.07444
3.1054
5.56349
7.96546
0.653905
6.76998
1.40397
4.62108
5.82142
1.7483
1.23755
2.44488
1.97917
11.8634
3.06191
5.72645
2.94198
7.54519
6.6458
3.71154
5.35929
1.77427
0.765504
1.22697
6.05907
1.2687
2.69816
8.8035
2.19992
1.00606
3.90576
1.79538
0.742009
4.8419
7.74786
4.40349
1.80583
0.685565
4.01831
4.39971
2.43796
4.25358
2.95974
14.24
0.548418
9.31213
2.45077
4.14855
0.575545
13.7841
3.5084
6.4141
0.69764
0.558783
2.01659
1.84189
2.23727
2.16763
0.925737
1.32784
2.8429
2.02047
8.33355
0.325398
3.41566
9.6322
3.03282
0.909495
2.32169
0.91609
1.55357
2.30687
4.51206
10.8158
1.12783
8.73512
0.883777
1.572
3.01947
6.39899
1.87646
1.00526
5.58311
9.68877
3.1929
3.88078
2.90377
3.81634
0.923218
3.78237
3.32835
7.76559
1.10084
5.79174
6.69563
5.96599
1.69773
0.496877
1.57967
10.8229
1.58328
4.10793
1.06919
1.69388
2.7374
1.46848
3.1204
3.29739
2.12796
6.12406
2.45502
0.445704
3.43249
2.23711
8.52959
7.7308
1.94992
1.85284
6.30777
5.51482
6.11994
0.796689
11.2534
1.95107
7.38965
0.416351
1.28629
3.10208
1.36482
3.73803
3.83092
6.24179
2.53113
5.28251
6.44471
4.44347
1.61034
3.87308
2.58991
1.72216
7.80472
1.36564
2.09548
9.84318
1.88487
1.90268
3.40288
2.48865
2.42106
1.1418
1.94526
0.721323
1.59921
5.37623
1.96207
1.06239
2.64286
0.872133
1.33484
2.76053
2.62223
3.11319
1.58565
5.63826
2.12884
1.88426
4.63634
4.52969
2.62761
2.77237
5.61257
3.5248
0.500947
1.13176
2.22343
0.510162
2.60111
2.52668
1.38719
2.82215
1.70828
2.06397
1.5944
4.91846
1.37807
4.64557
3.01889
1.968
5.228
2.78713
6.87102
4.33254
3.72319
1.40527
2.74046
14.9709
1.4462
4.64937
8.49589
1.91016
7.95047
8.53517
8.48758
2.47203
7.18748
1.41977
2.46687
2.7903
4.69673
7.09113
2.06886
3.88513
1.45702
3.30863
2.22841
0.304155
3.79368
0.973909
3.41613
1.38936
14.7969
1.78709
5.72987
9.87004
1.66256
1.91483
10.5061
6.37319
3.70749
1.31398
1.65969
0.789859
6.36832
5.60773
3.32725
4.04922
3.13963
14.7248
3.20891
0.535413
1.17684
1.77778
1.30079
1.64799
8.5303
14.238
0.894305
9.78525
1.37536
13.2471
2.95036
2.6625
5.79333
0.7236
6.51395
2.48116
3.34378
10.1988
5.70482
1.28214
7.4588
5.05111
6.33403
8.72107
2.78446
10.4489
5.92846
4.73358
6.18796
7.29045
0.936419
3.35111
0.40647
1.95179
4.91922
1.29741
4.17279
0.727654
1.19458
5.74503
3.3915
5.24733
2.81231
2.312
3.01929
11.7195
2.94698
3.57707
1.65488
6.09875
6.99083
2.45672
7.41892
5.30095
2.88149
1.71735
2.1277
8.66437
1.5491
5.1421
1.35555
4.30404
3.47874
0.666359
10.2978
3.27365
13.0887
1.02872
2.47588
0.411241
3.84806
5.74859
3.04135
3.36656
3.24707
4.62876
8.51892
4.33055
3.75861
2.20329
1.41462
3.28206
5.83786
2.49595
6.5528
2.60589
10.458
4.83097
4.73542
7.54826
1.64655
2.34052
5.80459
1.58037
0.773558
4.27635
1.85592
2.86976
1.12246
7.83464
4.10263
3.56396
4.97312
4.62424
2.21176
10.9702
5.5536
4.91075
0.917347
0.981507
0.977889
1.5874
2.77475
4.92619
5.80263
12.0893
3.34687
4.90721
6.15408
2.03636
10.0092
2.25556
3.5131
7.68474
2.37491
3.81409
6.98562
0.823339
4.03119
5.26076
3.39192
1.44976
7.00717
4.64048
3.36899
1.63871
3.14837
1.8863
1.28279
3.31647
0.947932
2.43173
2.4875
1.21086
1.07029
7.99688
1.4526
0.133925
4.65364
1.07303
0.79352
3.40556
2.30278
3.94354
6.41831
1.17488
1.06904
1.37935
2.49557
2.23747
6.69263
3.13512
2.65523
3.07053
0.517894
4.67009
2.5554
2.27465
2.59453
2.85893
2.04357
0.719918
0.774633
1.83564
1.77724
5.24274
0.588679
2.11999
6.81433
1.06171
1.83349
5.39702
4.67395
7.31689
5.34429
3.4328
5.64305
3.78885
0.462239
0.344974
1.74634
6.26919
0.862649
5.84747
1.31531
10.3301
5.79588
4.59004
4.71889
1.14014
1.88613
6.25991
1.30218
1.35045
10.2573
2.88064
8.34563
0.663389
1.78948
2.57198
1.34801
4.81224
9.64362
6.94567
3.34076
5.38664
3.70656
2.63133
3.4973
2.6752
12.9474
0.917299
7.09985
4.24399
1.82419
2.92099
4.98505
12.8005
7.80018
1.3496
5.04687
1.73156
2.93092
5.22652
5.10917
4.7749
2.31708
2.11727
8.57184
1.33675
3.71311
3.4252
1.06335
5.60899
3.2671
2.48447
1.01222
2.44859
0.969607
2.02154
3.80265
4.31564
2.85144
4.16512
1.76968
4.34712
1.28351
1.57899
4.51504
6.16745
5.09542
3.09703
1.86756
1.21658
0.968205
4.01665
2.70232
1.26017
8.44926
1.91261
2.97623
3.24794
2.4509
1.32979
1.31421
1.36461
6.21687
2.45613
1.89585
5.40523
5.96576
2.60415
3.77031
3.16596
1.16297
5.4124
3.37005
0.822385
6.65707
9.72208
3.66058
2.71251
1.33927
3.7986
0.787327
2.11028
0.751224
0.725643
5.47486
2.6445
0.243336
3.79828
5.40471
0.995357
2.39265
1.70156
4.13595
1.39613
3.90978
3.02351
6.12691
2.73523
1.77934
0.752325
1.48413
0.473341
2.73045
4.52956
2.6334
0.791923
0.781515
1.03858
1.77116
1.41308
7.55467
1.03065
2.89284
4.99073
6.69131
2.38921
4.29228
0.900772
0.479046
4.36983
4.14536
1.73762
0.635867
6.39983
1.84469
1.00041
2.2487
2.4864
2.40602
2.33889
3.95967
6.72344
11.7388
1.07503
3.92819
4.10111
3.60765
2.341
2.49989
1.80825
2.53205
2.95719
4.21698
4.66673
8.9488
3.43469
2.28966
11.7432
2.22113
13.8657
11.2068
0.611548
9.93975
2.32474
2.37996
4.34035
5.7424
4.5321
3.45298
0.935173
12.6255
3.30993
2.48235
1.27142
1.11307
1.84114
3.15935
10.5023
10.8689
3.3505
3.77012
3.39636
4.84875
13.2475
2.24968
2.31508
0.819053
3.78801
0.312513
3.24718
2.3001
1.68657
0.540985
1.97004
2.62458
12.7004
4.86006
0.486735
3.92749
1.59221
14.7049
3.86693
0.602617
2.98111
1.56732
7.19441
4.43627
2.55821
1.32953
3.04706
2.13342
5.26759
7.85089
3.91702
1.45206
1.58435
2.2166
1.33975
3.11532
0.491794
4.14337
1.25371
3.6671
0.485803
0.655655
2.99122
0.632196
4.61754
7.86343
7.68652
1.53415
8.48592
8.63397
9.80112
2.75555
1.88097
1.53742
2.24513
3.88299
3.90621
2.20071
5.81939
3.53663
1.50028
2.28672
3.60457
4.68119
13.3987
6.061
7.37581
8.29524
5.02482
0.754758
1.11563
4.15629
3.65646
3.55704
2.76824
5.46311
3.84315
2.19305
0.94854
2.43253
5.15933
3.90616
3.08276
8.95301
9.45187
3.06094
8.4754
3.8325
6.02866
3.39147
5.7449
8.28108
14.5138
3.95567
2.88806
4.3768
2.1485
2.03551
0.670283
8.3208
4.37571
1.0964
4.08609
4.49268
6.11716
9.09305
4.59178
10.9836
1.54361
1.71275
1.43216
1.1705
0.879684
5.82002
7.88901
1.75462
10.3681
0.539847
0.873782
4.49763
10.4254
1.30452
0.440918
1.76093
2.8708
6.11593
5.25826
6.57039
2.34076
1.69956
6.58876
6.76133
8.28573
5.4456
4.0468
3.12941
2.50775
2.77125
5.07603
2.08178
3.36246
0.376137
7.57711
4.98128
1.36846
1.06115
2.96363
1.78185
0.95621
1.4552
2.65994
6.5672
1.35562
3.4302
5.87046
1.25218
3.5199
0.627661
1.51266
1.89694
2.92788
7.51629
2.12486
1.09742
5.12939
3.14045
2.74412
5.3564
3.77489
2.1281
4.00862
2.50298
1.20601
0.520292
1.88127
9.69513
4.80277
4.17765
5.35101
8.19158
5.5709
4.47463
3.19057
8.31715
0.874116
2.13588
1.13506
2.17474
11.205
1.16542
3.3635
0.440332
3.69245
3.59568
4.47075
6.76219
5.10427
4.77334
1.88073
2.40673
0.422474
5.17276
4.19835
1.06138
4.17646
10.8817
12.9965
3.50089
7.11812
14.0112
3.74049
6.28678
3.1897
6.34148
2.27311
5.37226
1.79396
0.730517
8.66606
4.59854
0.637023
4.49188
4.3502
4.33127
4.40962
1.27224
2.78333
0.513778
2.64068
3.28763
4.39909
3.42752
8.30733
12.9239
1.83586
3.65337
7.39293
5.56154
2.18133
1.19176
5.85268
4.65419
3.6373
5.71671
0.716154
11.974
1.52632
1.06899
2.12138
2.55986
5.4568
1.90796
1.69682
5.93266
1.8937
4.78514
0.874248
0.558063
3.03784
1.26275
4.45765
15.0921
3.77208
1.28995
8.4507
4.51077
1.17105
6.20426
12.5508
2.70036
0.789609
4.10713
1.17552
7.88321
1.18053
4.47467
3.47693
3.38
1.2616
2.25303
2.51224
4.21583
1.60714
3.26683
4.47005
1.63831
2.92438
0.814966
2.04671
1.90822
2.3153
2.17455
3.44816
3.77032
1.13611
4.50356
1.81921
6.11359
8.01165
0.772696
2.60444
3.06433
0.254052
1.41062
2.16067
9.85449
3.07865
0.948186
2.12725
4.11773
3.10657
0.825437
4.96961
3.57097
4.78635
3.91664
0.898146
0.751019
1.73377
5.95765
4.34097
0.749916
4.78595
5.14595
5.63715
2.74397
3.00284
3.48442
1.93674
1.72637
3.60789
1.07758
2.96497
3.17054
4.82026
1.9856
1.72164
0.789818
3.9088
0.758357
2.40641
0.621825
3.99463
1.28826
2.09318
3.33565
0.501741
1.63746
9.30544
1.8301
5.24742
1.39029
2.56997
5.22181
3.88724
3.04236
6.29946
1.74973
0.357247
13.7757
1.68181
3.60143
8.47078
5.02715
3.89775
1.41881
6.42258
1.35868
1.3581
7.73196
1.35259
1.43782
1.37549
5.06305
4.46783
0.943531
1.63956
7.71779
3.02787
0.906827
2.38626
1.58535
0.548927
10.8349
8.98622
4.05739
0.619927
1.69618
8.786
3.17179
4.50345
5.72388
4.05847
2.12901
10.0795
4.8204
2.67483
10.5306
1.59675
3.02847
1.32072
2.703
1.98315
2.48393
1.31938
1.89327
5.17479
4.20301
2.23734
4.47045
0.84286
0.775209
3.93772
3.96917
11.8228
1.40187
0.687638
2.38662
1.02402
3.04936
4.32779
3.27002
6.9867
3.03938
4.05074
2.37479
4.17299
2.31069
3.27081
5.40466
0.930882
3.69737
1.28664
1.25032
11.9752
2.15202
2.98431
1.85647
0.532889
4.19246
4.14509
1.9953
6.43232
2.00601
1.61205
10.5706
4.45477
3.06128
12.1156
2.1306
3.13266
1.72466
1.54642
3.29912
9.46251
1.29132
11.8353
2.54476
1.63774
0.312164
2.52735
2.18302
0.693831
0.809939
3.62593
6.90968
1.52049
2.40479
0.268088
5.87375
5.20983
1.8547
2.80255
5.6132
7.51094
0.776586
3.91358
1.5295
1.70145
1.12876
1.68829
2.03127
0.866096
2.96659
7.99159
1.07833
2.67505
6.31359
0.838025
13.3067
7.12037
0.761835
7.01866
7.64729
0.384559
2.33351
0.598336
1.57793
0.846366
10.2545
5.34159
2.49925
2.55358
8.33198
5.71327
2.48913
1.73839
0.730438
0.836893
3.41267
2.76914
1.38913
4.01939
1.72683
8.78982
1.35238
8.53743
2.30963
11.7494
3.3813
1.74088
1.23396
7.15488
1.94634
11.9109
3.35118
10.6911
2.09725
3.83226
4.7486
8.4847
1.92884
1.69743
11.879
5.21608
11.3879
0.695428
5.96486
2.24436
4.52698
7.80227
0.994846
9.57691
3.85286
3.1146
0.933561
2.34132
1.01132
5.15789
4.7649
1.75034
0.427483
3.95309
3.87053
6.90875
8.4677
0.196733
7.23631
9.26935
3.23904
7.2149
7.09698
5.90736
7.93651
1.89224
3.01436
2.64831
4.7107
5.57434
2.11533
2.50363
3.74075
5.52354
4.49222
2.89641
2.61075
5.08737
0.486921
4.46736
7.69994
1.5027
2.7889
3.66237
7.69824
5.08414
2.90286
5.16915
2.02896
1.9198
6.75915
3.48858
3.02982
11.2153
5.60679
4.5181
3.61131
0.365618
1.50613
3.08124
10.2969
2.86889
4.76703
2.06988
3.77246
0.736221
6.25485
1.27914
9.15566
2.29916
4.51436
4.14633
1.60013
4.52453
12.0529
5.37081
2.6751
3.67844
7.83703
5.60724
2.1298
2.43549
3.83706
10.192
0.578624
0.59948
5.12628
2.0877
1.08667
5.73246
4.37134
5.69765
8.42783
4.59842
3.56628
1.60016
1.40049
1.04222
3.91511
3.90431
6.54826
0.801711
1.37785
2.54545
3.43069
1.09117
4.92204
3.40884
3.76364
10.1464
2.01688
0.318293
2.67452
4.85275
2.35588
4.1197
10.8199
3.71514
7.19081
1.23762
2.07443
4.66202
5.64781
2.64268
1.7205
10.418
1.79889
4.40743
8.24455
2.32803
3.37942
2.0245
1.33241
6.68811
6.26327
1.83121
12.6454
5.21295
1.31232
2.20211
1.66934
8.45778
0.932254
6.16252
2.92941
3.94377
2.89883
2.14602
7.05301
4.05502
3.1378
5.40949
4.62168
4.35263
3.52708
2.93114
4.77134
1.82485
4.8074
2.38777
2.37207
7.67821
1.80634
8.8536
5.6468
7.75924
5.95134
4.14744
5.89059
3.67137
7.8571
1.73942
2.07756
6.58036
10.9322
1.11088
2.29414
9.5696
8.20379
4.31684
3.0753
5.17047
1.58558
3.91793
3.62058
2.11956
5.51203
1.37721
3.04316
7.71183
4.84936
2.79738
5.2282
1.58671
4.06292
4.00003
1.80756
0.878992
2.05172
1.44862
0.499293
2.14806
2.08813
1.63857
3.46052
0.729019
5.33232
4.15217
4.09551
6.73189
0.439681
0.543268
2.33166
7.82093
2.79678
0.777208
3.84511
4.19199
4.66871
4.20687
1.6064
3.31228
1.95372
2.53
3.34557
0.903161
2.36974
2.82711
7.36772
6.04151
0.933629
1.94235
4.28938
1.04955
0.715983
4.43164
6.81344
2.36833
0.864674
1.0426
11.0756
1.65834
2.13382
7.76337
1.25409
4.24079
6.24009
3.12203
3.40724
2.07019
2.6391
2.91628
11.0368
2.17072
0.981623
4.95666
6.04133
1.64437
0.291868
0.321577
6.38645
0.456768
9.33837
2.14108
0.683807
0.702192
3.7131
3.3209
0.712978
3.93469
2.44799
2.00879
5.47564
2.47746
7.20776
4.26632
7.86916
2.55522
7.4406
0.819826
1.59356
4.52799
1.73536
4.0772
3.30853
10.4475
3.19729
4.38685
4.11212
2.46793
7.18938
6.83063
5.87882
4.54597
0.715136
4.05905
1.43566
5.26315
2.9853
0.921528
2.51381
4.33897
1.28091
2.78939
0.999802
6.59855
2.56699
3.70529
7.92464
0.871958
8.81091
2.27552
2.02972
1.27478
1.37314
1.88365
0.522174
3.12975
10.4577
4.45399
4.93669
3.4051
0.518216
1.99456
2.10466
0.387772
4.58381
4.32443
1.19179
1.41372
1.9784
4.28197
4.11618
2.51206
2.06719
5.17707
1.27128
1.95263
15.3382
6.08755
5.04517
2.26276
7.10114
5.54247
1.92373
3.21325
2.6315
9.49235
11.3556
0.597255
3.9994
1.2042
0.766097
8.07976
1.8981
3.45758
1.17101
2.03965
1.07962
1.50703
1.94284
4.61899
4.95605
1.84115
4.61051
2.35964
1.85326
3.14771
1.84658
2.23581
2.8543
0.446336
6.57665
7.1382
2.33386
3.06476
4.07368
2.55413
0.69706
2.68619
2.57517
3.59611
2.48906
4.29896
0.761445
1.22436
2.32613
3.74255
2.26157
4.88373
1.19944
11.1457
2.52012
0.677026
4.06987
4.06769
0.574535
3.28728
9.4157
3.98929
1.34272
4.00433
1.08205
4.39509
1.53158
4.26259
7.15951
1.90163
2.90943
2.38667
11.5188
3.99906
12.6851
4.95529
6.58519
0.480179
2.84193
4.27123
4.20313
3.77675
6.59686
5.25169
5.16887
1.96677
9.32144
1.49091
6.16382
3.27677
1.20548
3.40881
2.11267
0.941626
10.6679
1.48317
2.68031
5.27137
4.38859
11.1688
0.981449
4.86917
0.24093
6.1345
5.29744
6.10569
2.94686
3.37546
2.46835
3.53393
1.1784
4.5837
1.06777
1.15686
1.8117
3.72121
3.29731
2.87885
9.43765
2.45594
1.51329
1.87369
1.33845
7.87016
10.0008
2.28579
5.94211
2.50949
1.08937
3.85325
0.714239
4.59994
1.19445
4.79549
1.13246
3.30117
10.2185
4.00593
10.3088
3.77517
3.52524
1.63528
1.36864
1.99601
8.27851
3.91139
1.58131
4.22465
3.8717
3.09518
2.99791
3.0353
2.12321
2.99854
2.4374
8.76932
1.79644
2.40748
10.3894
2.84899
2.22003
0.306727
1.43895
4.61385
6.29179
3.00877
2.65012
6.36849
0.530452
1.48878
0.0625347
1.39799
4.54552
8.25205
3.21558
4.89594
2.37871
3.07294
3.82934
10.8352
1.02621
1.55644
5.11746
5.79565
2.77528
3.5192
1.36767
8.06722
4.21992
1.64371
2.95157
3.5196
1.87538
4.97261
14.1416
3.64708
0.895467
1.19477
1.72303
2.61223
1.46276
3.47824
2.66389
4.49135
8.00298
1.66505
1.38301
2.28136
0.394146
2.29784
1.04714
1.83646
4.74999
10.0601
5.74715
5.17408
4.73555
7.24738
2.90774
4.14075
3.56224
4.35599
2.89936
3.81462
2.1167
2.44029
5.01707
1.5682
2.36493
0.761985
2.04788
4.24912
0.515767
3.00873
6.53924
4.31743
1.7914
6.47466
2.56184
1.05369
7.53933
3.23661
6.53364
2.28536
10.9335
6.33988
1.65708
1.89972
3.6674
0.552298
3.7382
4.59352
3.0096
5.86098
4.12758
1.18188
6.73576
1.65023
3.80871
2.91856
2.01003
3.21374
2.83505
0.975556
0.870413
2.82528
3.68463
5.36237
2.12413
2.02354
0.698482
2.26418
0.799307
1.05754
5.54354
5.78359
0.810182
8.16326
1.89489
7.69941
1.00471
4.29976
4.69941
1.72838
9.26188
1.85887
5.23358
8.84606
5.20255
4.78533
5.51107
3.41052
3.13621
2.32166
2.2631
3.34221
8.38388
2.68684
3.80434
1.67382
3.23503
1.99345
3.83274
2.15064
1.95749
2.98889
1.62046
0.436902
2.09208
8.98063
3.17215
4.5913
6.31945
2.01718
2.95706
2.80876
5.74103
2.49574
1.09915
3.64475
5.6322
1.87219
0.935625
2.35908
2.57223
2.11768
1.35211
3.74776
2.76072
6.58542
0.731735
0.979127
5.55476
1.95545
2.60651
1.29217
0.280196
4.21511
2.15968
5.62273
1.31345
4.7038
2.0511
2.20877
1.38233
1.62961
3.42835
3.70342
6.61333
1.53026
1.61378
2.25937
10.2512
2.34387
3.72562
2.68003
2.53386
2.11783
3.03558
10.9113
6.22745
4.60281
0.883576
11.0144
0.587308
5.50355
4.95658
4.96577
4.00705
3.50027
1.67556
6.66326
1.25393
6.00309
0.890283
4.18698
3.19568
1.1174
0.824491
4.32121
4.61685
1.59282
3.88906
3.22545
2.24839
6.44146
4.20835
9.44175
9.15458
0.945186
1.55349
2.21853
1.17481
0.630388
9.8501
3.14442
3.60926
3.67059
3.00753
9.40662
6.7427
4.30532
3.5723
9.52925
0.536975
3.14986
1.41191
4.1544
6.50973
2.02425
1.30848
0.990636
6.3068
2.29907
5.22388
2.5418
2.8532
1.64664
4.1584
0.393917
10.5211
0.775562
0.92562
2.66355
1.41613
2.37808
3.51652
2.8014
11.1084
3.91504
2.34906
2.17235
2.03042
1.19936
2.37714
0.78756
1.10431
0.816356
2.6561
11.5954
2.01171
1.90739
6.23992
2.33229
4.72902
3.92177
1.74631
4.95013
1.86754
2.13136
2.59372
6.75547
2.11796
3.35911
2.81946
13.8768
2.06017
3.49008
5.66356
4.83728
5.55242
1.52527
1.1885
4.59701
4.75983
3.91667
6.93897
4.24113
1.96197
0.722077
3.40311
4.5367
5.22083
4.06375
3.26602
3.05455
8.01634
4.43513
6.63885
4.22821
4.47072
5.345
12.4564
0.90316
2.81217
2.54069
6.62742
1.73438
5.61771
2.92956
10.2109
1.05671
2.26914
5.87156
0.856496
4.02449
1.56037
2.19277
2.83813
5.01374
4.51641
6.62186
12.3932
2.10809
3.19029
3.94571
10.7818
2.59053
5.80681
8.55972
2.10041
3.05828
4.06706
10.6028
3.69791
1.59866
3.96125
1.65643
3.19004
4.31657
2.03844
1.83832
3.82229
0.520012
2.13275
13.8098
1.7008
7.43957
6.34432
2.83749
1.76721
0.962204
5.17034
2.76396
1.40952
3.83756
2.14468
2.24574
1.31167
13.601
5.59346
2.71414
2.13439
0.623092
6.33617
1.37017
4.40101
8.53161
2.65091
9.18409
0.988841
3.04275
3.58709
2.5584
2.91548
0.844928
2.93364
8.65647
8.24496
3.57416
4.35427
3.50078
2.87714
5.58879
2.84888
2.33052
3.57598
3.81434
6.24209
4.8742
4.00473
3.43087
2.40912
2.69904
8.7153
0.584164
7.67155
0.968121
1.54793
2.61959
5.10192
3.86883
2.06131
11.0349
1.24292
3.56537
1.66255
2.68727
6.408
1.47886
6.59789
2.56665
5.17733
10.1802
5.59071
5.58629
1.51757
4.98576
3.39467
2.48275
6.66679
4.36317
2.15082
5.7975
2.96542
1.57785
11.4005
2.32576
3.54196
3.97343
0.876677
1.1937
11.7382
1.76576
3.26408
0.351999
1.0597
1.89342
3.22257
2.96816
1.35768
1.21915
4.58307
5.28783
6.56186
2.46698
2.65073
0.727349
0.745467
3.01157
4.74068
1.07406
3.37198
3.1535
13.4309
1.64536
3.09227
1.8716
3.64706
4.01839
2.83804
5.76398
3.73253
2.27585
4.07351
13.7751
7.68839
4.79157
5.02802
4.77678
4.02278
15.2305
0.605732
4.01386
0.660138
2.80661
0.609129
1.68927
6.54064
0.708589
0.651918
2.30957
1.14907
1.46673
6.25969
2.11516
2.79052
7.23245
2.16363
2.41579
1.47096
4.33601
14.039
6.57317
2.63289
0.980084
3.43231
1.00952
2.99611
9.43361
3.47587
0.648688
2.26472
1.18612
2.73802
1.55823
2.58842
0.991651
4.35492
3.93911
2.69267
2.46628
1.64499
4.00471
2.70669
11.792
2.32471
1.27917
2.10744
6.18355
2.11984
2.14997
1.95016
1.92762
5.2789
1.49242
1.06826
3.17377
8.18259
1.8125
2.49366
3.11684
5.16593
7.36836
11.1152
0.441513
4.96454
2.31694
1.14148
4.0343
1.36777
2.82626
1.91537
4.97183
4.50019
8.25342
3.0835
3.41083
2.55682
4.53194
2.18798
0.652709
6.66117
4.61838
2.12374
0.805354
2.48962
1.27813
14.9139
4.59865
7.03552
2.92361
1.21323
2.10393
4.35053
6.94799
8.97541
3.55672
1.36158
2.61677
5.73486
2.85767
2.07545
3.60387
1.83845
3.90204
2.38784
0.620181
1.95216
5.13087
2.50553
10.5258
5.8668
2.79863
2.68564
0.500275
3.4754
1.03303
3.01871
1.97975
0.543128
3.77595
1.79383
6.47438
5.37159
0.783658
2.29873
2.14004
1.29973
2.39424
1.14642
1.38994
2.16359
4.3533
4.95086
1.64968
4.47305
5.49808
5.18877
3.47083
12.3022
0.710516
9.56395
6.67229
1.06077
11.8635
6.39681
3.11089
3.38446
1.18166
5.96564
0.852228
3.71765
2.75544
2.36813
3.03159
0.948273
2.57661
7.44525
3.61954
1.42697
2.05216
2.18686
0.18604
1.1072
2.06939
2.82125
1.88624
1.84292
7.04227
1.64823
12.0631
1.49839
7.29228
0.921529
3.40423
0.747388
6.88753
2.06239
4.4526
2.00949
2.60971
3.69343
0.551957
2.6979
4.42686
5.56313
3.05434
1.43398
6.2228
4.79117
4.99805
2.18811
7.48913
13.5046
3.55158
1.48625
6.76781
1.27696
2.24344
1.01449
3.33678
4.86377
4.59927
4.30614
1.26447
2.88731
4.14316
6.61336
5.53535
1.91993
2.34377
1.3722
0.251807
2.81728
8.49454
7.26746
2.15534
0.691142
2.82001
6.15458
2.02316
1.72928
4.8509
1.22133
1.03633
8.7675
3.49705
2.63283
1.02608
4.78964
2.83785
1.326
1.94374
8.75705
14.911
0.470614
2.74567
6.00621
11.8616
0.504822
5.52397
4.35819
2.59409
6.38875
3.22875
1.18181
0.825016
4.08809
1.04701
3.09444
6.43941
3.67674
8.25324
2.73907
0.891712
5.46677
3.91758
3.99995
1.38379
2.9038
8.51948
1.66977
4.11113
2.73767
3.74928
4.93935
0.553094
2.40203
9.56001
4.29592
7.33745
13.1563
2.62567
2.37545
2.99323
5.41445
1.11503
6.4475
6.69243
2.174
2.30669
6.36717
3.04626
8.48705
2.04335
2.04437
2.2304
5.99068
6.47887
2.26871
3.42428
1.7595
0.984873
1.59198
3.08721
4.35934
6.33022
11.486
3.42268
9.26675
2.35487
11.7742
0.692307
2.34034
0.875593
1.54942
5.98184
0.506677
4.20578
1.34857
1.09247
2.75287
3.61659
12.9044
7.96572
1.18746
7.09494
2.18986
3.81907
8.12793
4.24283
3.51508
1.18864
2.37388
3.00967
2.9121
3.52015
3.00605
0.662192
4.21038
10.7013
2.55749
3.31417
0.606523
3.32076
0.923157
1.98395
7.84273
5.63473
2.21504
5.97366
4.25759
8.37185
1.64274
1.83487
1.16456
3.90081
13.1799
4.6102
11.9477
2.71566
3.53195
1.53542
2.31739
9.0152
11.582
2.27032
1.17636
9.20813
2.75563
3.19943
3.11227
6.12091
1.97133
3.79975
0.839887
1.66679
0.926409
2.60019
1.04009
2.12652
4.66523
1.32925
1.46419
2.00888
1.80385
4.0635
3.5226
6.00088
6.34968
13.5084
7.18175
2.26875
4.29645
7.37038
2.08106
4.05793
1.42661
1.95323
3.50513
8.96455
1.86193
1.07419
0.607531
3.25911
0.362479
4.79903
2.86786
1.18854
2.15663
0.851502
2.2763
3.27301
3.07701
1.94649
8.68801
2.42052
2.66589
1.4411
0.842083
3.7763
1.18961
3.59075
2.40183
6.9339
4.98744
4.40974
10.0704
3.2473
5.90879
3.00241
5.26925
2.73655
12.5524
0.571274
9.38338
6.05968
10.5418
4.46092
1.00693
2.06466
3.79291
1.31499
0.548027
2.65821
7.48897
0.513528
0.270997
8.95918
1.32067
0.504485
13.907
3.82745
13.5321
3.8224
7.65808
1.9496
3.92067
2.65029
4.07524
8.36986
3.00341
1.80537
1.35832
5.85388
2.96098
5.92388
8.12867
5.72445
6.63071
2.62354
5.53352
0.714398
4.75519
2.83896
4.71476
6.70637
2.27539
2.07113
1.76711
3.27724
1.87131
1.71617
9.28288
6.58688
2.22765
8.96598
7.04959
7.44953
0.724817
2.66387
2.53081
4.34002
7.20108
2.19861
4.13106
2.79841
2.86968
2.17796
4.15294
3.05307
1.05895
5.5772
1.58064
3.97689
2.67885
0.769185
9.94125
4.46764
0.811013
1.77857
1.94977
11.7431
4.6901
5.63752
4.01536
2.92662
3.88541
3.0534
0.148756
4.61914
7.593
2.28671
1.70421
3.5402
1.56986
2.89422
5.27206
2.65308
5.30301
3.41269
0.659109
1.8178
0.678195
2.62534
6.90811
5.96446
7.232
0.8804
3.33471
3.10034
2.86404
7.68294
1.93631
4.22092
2.15021
3.97255
3.37458
1.72974
1.98796
1.05217
1.41026
0.97757
2.69643
6.14675
1.1497
5.81257
13.6209
2.4305
3.17368
1.17463
6.46715
9.11296
2.91248
1.29051
0.647687
2.23221
2.82395
2.09371
1.39493
1.29079
3.98127
2.18954
3.84179
1.67987
7.29282
7.02413
1.13009
1.15144
0.844629
0.916955
3.92951
3.87923
7.82476
0.953409
0.819171
5.6547
4.67694
1.12725
3.61458
1.11704
2.41463
3.82975
3.78765
3.70047
3.95425
9.47772
4.00261
10.0313
0.855301
2.98175
1.00758
1.84091
2.06207
0.742517
1.47686
10.6265
0.614568
6.93756
0.774289
0.716082
2.0744
5.28142
3.55354
8.5085
2.89869
2.00464
2.71835
2.78568
14.31
1.41514
3.75493
3.12186
6.42331
3.13057
0.568775
1.50801
0.996548
8.12961
10.1965
3.38041
1.17479
0.287154
6.64083
1.75345
1.60772
2.10546
6.80073
3.08137
3.72221
1.93933
1.21176
3.0856
2.8308
1.57427
2.48023
1.92332
3.63563
0.685841
3.53611
1.5141
3.39425
2.76194
9.85717
1.18525
4.41955
5.03062
10.2745
8.51805
14.2571
8.79999
1.535
2.67212
5.17378
6.66183
4.2114
6.30046
3.76534
1.03826
2.09773
0.894801
10.3393
4.06834
5.68582
1.04509
10.9806
2.15882
1.72757
4.04269
2.61206
1.95193
13.2635
5.04935
4.10428
10.4406
8.27061
0.738992
3.05009
3.72847
9.98818
0.384419
8.15885
3.65435
4.71544
1.4878
3.96801
0.595384
3.10544
2.77614
5.4347
1.66594
2.84771
3.22396
3.06368
11.4976
0.906254
2.27029
3.81606
1.57499
0.730253
1.0682
1.81053
4.10734
1.60458
2.66158
3.80697
1.45711
5.83829
0.827426
2.57793
2.44897
3.6337
1.98389
10.652
2.07503
1.04509
4.46261
1.40698
2.39409
4.02443
2.15886
8.54347
0.50296
1.7379
3.0542
0.909461
0.606238
0.222125
4.36678
2.22925
2.73404
3.13322
5.5202
1.20862
4.78315
2.67429
3.64963
2.09399
1.03416
5.53864
1.72026
2.32797
4.08514
4.71456
5.86061
6.134
2.17803
1.06121
5.17203
5.47331
2.31116
10.5776
4.26972
3.09083
2.51501
2.07607
3.95747
6.7962
7.95075
9.24414
1.15661
0.64963
5.44751
5.30571
3.4455
6.60811
1.63066
12.8141
0.707951
2.10551
5.90713
3.08816
4.32502
2.78211
0.593457
1.47311
11.4843
2.31297
0.704892
2.86552
3.5811
4.92777
2.59861
2.49489
2.64633
1.99889
2.34884
12.8835
2.59149
0.84835
1.91973
15.353
0.359072
0.937723
4.59863
0.825953
0.902691
3.81841
2.1455
1.86551
6.62671
0.377087
0.744156
2.51064
4.01152
2.50681
2.47542
2.33079
5.3944
13.5719
1.88756
1.79647
1.92363
2.84752
10.6745
1.10283
6.78992
2.43114
5.25812
1.41868
2.52641
0.831886
1.89182
1.78626
1.88703
1.27464
1.52841
3.87239
2.46515
1.07934
1.80152
6.14793
1.87008
0.51266
6.10838
8.09059
3.63408
2.78137
5.08924
6.32474
0.894751
3.75387
12.9844
1.65091
4.93953
8.61486
5.35453
1.94386
4.31905
2.25251
1.8718
1.107
3.86009
14.027
4.91979
2.21135
2.44511
1.91034
1.83349
6.93051
1.41957
1.85095
3.71694
10.0699
0.507913
6.81507
5.24225
1.78387
1.38613
3.43971
12.4077
4.52027
4.30606
3.2213
3.25109
5.17904
13.6869
1.8772
2.35862
3.76558
6.72166
2.02324
1.82784
2.6342
5.66344
7.75149
3.0238
7.207
6.62403
4.23688
1.05205
3.33536
2.8796
1.57344
3.77646
5.16353
2.80244
0.635793
1.26042
3.23244
3.26449
13.0959
2.69075
2.3595
4.70137
4.89461
3.96078
2.33832
14.4417
4.40964
12.2139
3.18093
1.62828
3.70249
5.41577
1.68044
7.99974
3.89745
2.50749
9.6422
0.634607
0.351879
6.43892
3.79664
3.26978
2.00466
1.6754
5.26102
3.71554
2.91836
8.84181
2.19752
9.52895
2.94691
11.0158
1.33511
4.20671
4.93179
4.06754
3.92328
3.5643
4.22123
0.826771
15.1315
2.6759
3.87901
6.0053
1.17356
0.741853
10.6883
2.82058
2.59437
0.339522
2.01821
5.32505
2.91885
3.39048
2.50822
7.01279
2.54391
2.95251
7.6118
2.36761
2.68233
3.32015
3.71341
4.51405
9.32146
3.92146
1.00342
3.91595
3.29072
3.03356
5.20338
1.45402
7.55295
5.94348
2.36134
3.0743
0.948632
5.71573
4.66391
0.955122
7.26021
7.11001
4.27989
2.51672
10.0689
5.75414
0.477544
3.21148
0.257849
2.17917
3.37411
5.36493
13.7831
0.139502
2.68852
4.75355
3.93449
0.901606
4.3531
3.74321
4.14397
10.1511
2.47624
2.68405
10.0536
5.25804
0.837701
6.25308
7.0978
3.59377
6.78936
3.01385
2.12975
5.09635
