0.819574
3.35696
0.507705
3.59762
6.85764
11.6254
2.49427
7.31896
10.2296
7.97014
13.8906
0.898878
13.4599
2.57446
6.92808
10.7542
0.593002
2.74733
0.834679
0.238419
12.0348
2.33563
1.38673
9.48049
4.04451
0.326822
4.04143
2.46014
7.72959
2.81165
1.91147
8.11723
3.51966
1.21116
0.447531
6.77002
3.38427
14.5281
0.906269
0.757899
4.64999
1.33443
0.371556
3.97777
0.517598
0.971853
8.35899
5.00489
7.08299
5.70543
3.46573
1.0845
4.72796
1.10491
2.01874
4.75482
3.99788
1.61253
10.1316
8.49772
3.0988
5.76426
1.78165
5.99506
11.2941
1.27051
2.03892
0.667021
2.45083
9.18289
2.8472
0.556696
6.06668
2.03063
7.50851
2.5288
5.1555
3.77199
1.05605
1.10853
5.19469
2.26644
2.5324
1.22551
2.69845
4.61422
7.45143
6.00521
0.676547
8.04013
1.06639
4.32145
10.6327
0.318412
5.75806
4.3522
0.12915
2.98775
3.0703
5.41577
0.790866
2.6979
11.5884
2.29503
2.22419
9.74187
3.08987
7.59762
5.63051
0.864392
5.26632
1.25063
2.26035
2.60238
4.50725
7.63219
9.43165
3.91663
2.0267
0.927683
1.03958
11.1099
0.125107
3.15885
9.13197
1.81838
3.19055
0.746118
1.42599
3.53291
2.14496
1.68424
3.04828
0.398027
0.42443
4.94559
0.595471
4.22611
4.67945
2.59325
5.02364
12.5736
1.01969
1.44763
2.37373
1.89579
4.99675
4.63751
5.54194
0.591866
1.40532
1.19405
6.94419
11.7548
1.12611
5.93272
4.09989
0.62536
3.95576
9.1696
0.54797
1.68503
3.98871
1.93927
5.21222
0.821482
2.35629
6.91641
5.37874
3.82497
1.73782
0.398915
1.14462
0.839906
1.5615
3.60834
4.70339
1.46401
3.70579
2.46638
0.870861
0.783565
4.47161
2.60139
1.5848
4.2064
4.28476
3.6917
11.7505
2.86065
5.56685
1.65574
0.39839
1.95624
1.03874
5.19208
1.91186
1.11847
2.07018
4.11253
1.82815
1.94614
2.93055
4.29825
4.62825
0.673033
1.55011
4.19942
8.81969
0.416119
4.9845
3.48838
1.14294
2.93362
0.982139
3.48173
3.70754
3.3743
4.01951
12.0994
5.56875
3.55892
3.27472
1.66867
0.282001
1.30683
1.06324
3.33265
0.764795
1.90187
3.51157
5.97829
3.27359
2.28031
3.99136
2.70413
13.5075
2.60198
3.32663
0.98358
7.22129
14.3962
3.24892
4.86068
0.430667
14.3304
5.15422
3.5891
2.436
4.73986
2.00776
0.698119
0.606495
2.09674
0.685769
4.54157
2.62118
1.24652
11.6477
2.2321
2.40317
1.22486
5.40913
2.24068
7.04766
0.714336
0.655616
2.5946
1.50605
1.49756
7.06626
3.16541
1.80426
13.7176
1.22086
0.619757
10.0023
3.39061
5.19848
4.27455
11.0991
1.26196
5.19644
2.30843
2.75143
2.71696
0.952961
0.470216
5.87289
5.17577
2.52295
4.72655
1.98202
5.67973
0.38684
1.24199
2.91984
3.26523
3.94851
5.52708
1.67616
5.85029
2.83218
3.23934
7.02219
5.31643
2.81498
3.17391
1.59711
2.20841
3.00445
1.20326
0.961394
3.18865
4.86204
7.51698
2.0403
1.48688
13.2773
4.52166
3.92014
1.88628
3.97013
2.97531
2.45264
0.516797
1.0979
2.1784
2.25998
2.48334
5.00667
4.93304
5.76653
6.24155
12.6281
6.99106
1.35017
3.33284
3.55456
2.39563
6.30625
0.78166
0.471278
3.29525
1.92749
7.40193
0.436249
4.41666
3.0128
4.06055
2.06478
7.90832
6.79657
0.4639
3.70639
4.08917
1.75861
5.07438
4.69739
2.13499
6.33046
10.0122
3.21077
6.68637
8.87017
7.25598
5.14637
4.91418
3.57544
1.09901
0.608137
3.90869
8.20458
3.39019
8.09812
1.59169
0.686381
3.93224
0.588194
0.131577
3.09367
3.32686
9.68781
4.33779
3.41512
1.41366
1.09833
3.74612
6.02858
2.84436
1.90141
1.4736
4.87303
1.62454
1.69191
0.756784
0.487542
1.16019
10.6055
0.624212
2.48757
4.77806
4.13588
1.1646
5.73157
7.00814
4.98295
1.65887
3.27375
2.7088
0.9845
4.32415
1.55803
9.10301
6.94582
0.830908
11.4888
2.39898
2.01575
3.3738
2.00827
0.824613
3.56627
7.54797
0.629905
10.0226
3.53736
5.02799
2.64216
4.02048
8.8176
0.746408
5.55668
4.00559
0.917171
2.98691
1.21897
0.403442
6.02262
7.43693
3.60825
3.53916
5.4258
0.86156
3.0966
3.00249
1.85008
0.413527
5.59529
3.77086
2.05125
7.08048
5.87176
3.09427
2.47153
0.507098
6.05059
1.28632
3.55686
0.72892
1.92425
6.67808
2.0313
7.85942
1.60966
1.1793
0.851298
2.84229
1.27902
1.86546
4.18566
0.552042
1.96442
3.93036
4.01254
4.09484
1.44543
4.258
8.25975
4.02859
3.16497
11.9674
6.90245
4.64057
1.82507
6.60789
1.0055
0.857246
2.08143
4.70496
1.3122
4.35241
0.277737
2.86585
0.672317
1.2311
1.94738
6.71902
5.24873
1.08003
0.466378
2.08893
7.32171
5.53701
2.4057
1.76047
2.84854
5.26214
4.46021
0.577662
4.14231
2.24152
1.53767
5.07599
2.72992
0.724791
5.18646
4.06786
3.86907
0.705561
1.7216
2.03536
2.98281
4.9666
3.9015
4.5085
4.96393
9.07405
9.39012
0.746661
0.442182
0.658446
5.2745
0.882475
1.32858
14.8518
3.23668
5.21786
3.75707
2.25119
4.13411
5.0896
2.69178
9.51662
2.40621
5.54464
0.481197
1.56806
4.94303
11.9183
0.951942
1.23954
10.0871
6.78708
2.58585
3.76197
12.3871
1.41222
0.171857
2.27371
6.93108
2.27941
7.42731
10.5838
0.452306
1.68158
4.77407
2.65389
3.98034
9.3558
3.63981
0.692527
3.53192
2.79939
4.08447
2.79211
1.45066
2.86954
4.5929
3.43754
4.69229
4.11027
1.09247
0.502171
1.33821
3.44642
3.3499
3.21734
7.32238
1.51367
11.0228
1.47182
3.89819
1.28356
4.41852
12.8725
2.99203
3.53706
0.804946
0.753331
1.22392
8.14905
2.59797
0.560603
7.06613
5.46008
2.8607
4.02097
3.14265
0.559671
9.56396
0.834456
5.36323
2.4101
4.49249
3.88646
2.0351
1.02943
5.44631
8.33653
2.47959
1.19327
2.05875
2.88442
1.99846
0.393573
0.392248
3.38414
1.51936
3.43381
9.01265
0.337502
0.541955
0.769294
11.0736
11.6712
7.41234
6.62488
2.20462
1.43143
4.99824
0.882048
2.77651
0.602561
0.669793
0.555144
0.660067
0.728328
2.78402
1.29661
0.721716
3.75877
8.49916
4.48296
3.94096
3.16762
4.50195
2.17141
3.13608
2.26195
6.49549
6.95601
0.462012
4.11851
0.778634
1.56284
1.64755
7.19338
2.02476
7.33944
0.850558
0.745601
0.397199
1.95206
2.97131
0.603025
4.48435
0.845668
6.94668
4.43952
1.83076
7.83982
0.454614
4.18317
2.88339
2.05242
0.890563
1.41873
0.411708
5.07952
0.871863
3.02847
0.817519
1.59512
0.806134
0.761057
8.18637
1.7339
1.82743
2.16197
0.300442
0.645835
2.05807
1.00041
10.5714
2.43174
1.04901
4.83054
0.951996
1.4731
1.73894
6.01577
2.64753
0.822673
3.93275
6.96832
0.646966
5.70276
3.08668
6.82857
2.50445
1.08955
1.08882
3.64694
10.8039
1.34308
5.10771
3.15936
1.38602
1.78231
2.22339
4.7043
0.70739
6.68681
3.16342
6.28947
0.732596
1.73507
2.26759
4.69108
7.16945
2.49399
2.39568
6.25563
9.07135
1.4346
10.2825
9.89657
6.13065
2.82758
2.1179
1.73763
1.84138
2.99405
7.85027
5.18962
0.61525
1.39935
8.69593
1.19837
2.5059
2.10887
8.63738
6.18121
7.72687
1.59006
7.06396
7.27368
4.21295
5.90003
1.50761
2.47136
0.209566
2.92905
6.69569
0.708882
6.17473
1.26602
2.01857
3.21515
1.32255
0.694205
3.27983
5.90446
4.58172
5.57535
4.68643
0.729333
0.560767
3.35654
3.89748
3.85992
6.04072
0.953706
0.472661
10.537
6.21848
4.48581
4.8459
2.32604
0.809338
4.22445
0.760478
3.13853
5.6992
1.14799
3.79483
6.84598
4.10437
1.07033
2.92618
6.05054
6.05338
1.22963
6.15002
3.253
7.27853
8.96752
5.9755
0.975683
6.61917
1.29461
2.40077
5.28452
5.02236
7.18636
4.3926
0.651926
1.53952
8.1797
4.22987
3.4515
0.951186
2.21138
2.1305
4.8537
3.19654
4.20043
3.26756
2.02586
3.82308
2.49611
7.25138
0.35459
9.03019
2.64451
3.86178
1.64637
5.0528
3.68547
11.0161
0.896144
3.24072
12.4448
9.32218
3.63825
6.14494
4.79189
4.20223
2.40297
6.98555
4.287
3.83971
4.24713
6.42153
0.594443
2.03918
1.95174
3.91575
2.94236
0.823957
10.7766
1.59695
5.60899
0.998332
0.639625
6.21719
3.49729
5.07386
0.930406
1.7237
2.34813
2.98839
4.68247
2.89291
13.1794
4.20477
5.25397
2.42397
2.88736
1.82525
2.63396
2.76944
4.13445
0.942956
13.8817
1.071
1.71144
1.01717
0.833067
3.39938
0.683287
0.479441
0.943703
6.60293
0.567069
2.47659
3.0208
1.55283
3.43746
4.20054
6.5954
3.27551
2.6825
2.35363
4.25936
1.43948
0.969086
10.2881
8.78907
0.856359
0.737932
7.65682
3.59493
1.1892
7.38384
3.91001
7.70162
1.63371
1.07986
7.39346
3.67143
4.20032
4.65128
0.330548
0.879189
2.02473
1.38955
4.46365
1.20748
6.84981
1.6872
0.295822
0.499603
10.7164
1.48805
0.753754
1.73527
0.812303
4.25088
2.53978
1.40265
7.89879
0.918686
1.72111
3.29449
2.90508
0.721911
2.2759
1.40016
3.05691
7.13312
9.45686
0.643201
7.7476
0.937773
5.2741
0.850987
5.37217
5.00675
0.866065
10.8246
12.8855
8.38147
3.29053
5.14863
7.96532
1.33042
3.20863
8.7724
4.02101
2.10642
1.8334
4.10344
4.46933
2.2968
0.678096
12.9293
1.28415
2.52135
0.471633
3.14036
5.42355
10.3204
2.68558
1.02015
2.22233
5.47981
3.42683
2.40502
2.1455
1.25187
5.28795
4.00789
4.71629
4.35785
1.31571
0.581399
0.192712
0.702103
10.5739
1.10824
0.740656
3.17505
0.196897
1.81153
7.45901
6.88944
8.95419
1.86135
1.86415
7.58811
2.69418
5.13714
1.52878
0.888085
2.76394
1.64623
5.15244
5.8756
3.59821
0.472736
1.82759
1.86399
4.30915
2.82689
3.87163
0.831544
2.17885
5.84212
4.10871
2.59677
4.42565
8.01335
4.58133
5.51609
4.96003
0.252963
4.25387
0.436375
1.98862
0.930305
1.28458
1.38266
7.1011
4.19667
8.60331
7.02013
1.40459
3.46878
3.40344
4.58707
0.760447
12.1511
0.881243
1.97097
4.18609
5.25614
4.10153
2.12347
2.09533
2.21239
4.06475
1.58953
0.864732
2.98408
1.86811
3.10145
3.36854
5.52504
0.658143
6.42262
1.24592
2.03428
0.96894
0.431873
9.10691
4.82142
1.43846
4.48445
1.773
1.67451
1.63479
3.44556
0.828013
1.09247
0.412286
0.626905
2.19112
5.14595
1.05124
1.63575
11.1002
2.14409
5.98043
4.65335
3.06529
6.17759
1.65683
11.5921
5.4007
2.78233
5.30053
5.18723
1.67011
4.84657
4.85833
1.55511
6.57995
4.20863
6.63712
1.33892
6.44837
1.97041
4.3133
0.637269
4.08612
5.68204
1.79446
5.40695
3.7527
5.02602
1.85217
0.506776
0.488196
11.2592
6.93392
0.885683
4.04454
0.857335
3.31435
1.57628
1.66356
0.817064
6.28189
1.94114
2.1689
5.52621
0.368013
2.45252
0.199629
4.19178
3.96863
5.21949
2.6825
5.88015
5.03667
1.97648
0.493235
2.66745
11.7798
3.66584
0.826348
7.68433
1.50212
9.3651
2.55119
0.808347
0.703559
2.62394
8.87592
0.908071
2.40945
4.70501
5.23696
0.538071
0.889622
2.36841
5.77267
2.16821
0.800155
1.4989
3.60462
1.40224
0.677332
6.25684
1.57136
6.10836
1.42443
1.85718
0.416553
4.44221
1.34619
3.00145
1.68188
0.377251
5.75851
4.21206
5.82862
7.32811
1.96209
4.22726
1.36073
1.13325
5.89829
2.43517
1.39469
1.05427
1.88682
3.35428
2.61084
0.81428
1.74284
6.00866
6.52044
5.51524
7.64693
0.773065
8.74989
2.63765
3.02143
1.42705
3.52476
2.59891
4.72426
1.22778
4.91517
2.02352
3.27126
2.63278
3.77792
4.53268
6.2127
1.70271
3.13694
0.306966
9.0601
1.08232
5.46516
2.1109
3.23067
2.04251
3.89074
1.87054
0.52813
2.94456
2.19526
10.6316
4.9401
1.19273
7.73563
0.646158
1.78003
0.56185
0.598784
0.918127
2.32811
3.15717
4.17053
2.25583
0.476399
0.716818
2.44528
2.87407
3.02658
2.25512
1.02938
5.60642
1.78011
0.572432
2.8925
0.832894
0.931862
0.692142
2.18091
1.68807
1.57057
2.27473
3.97816
0.844337
0.457623
4.89475
4.89852
8.26875
1.54999
2.79571
3.37274
1.21436
2.17801
1.80446
2.08263
8.82257
2.11324
4.18229
1.18753
5.94518
3.25064
1.38956
0.596092
2.79659
3.49746
0.902937
9.20333
6.0758
1.00831
1.99803
1.63132
1.29259
0.958959
4.15257
4.32179
0.568892
0.52234
1.7891
0.974867
8.08186
5.02429
0.466266
2.74066
1.15587
4.78914
3.02913
11.5799
2.36707
1.00857
1.15063
1.75545
3.43743
1.15499
3.85525
2.39352
2.22003
1.45682
0.507805
8.61117
6.69752
6.61281
0.587337
1.6794
3.8617
1.69906
4.37443
4.64067
3.82231
0.784577
2.79778
6.46419
8.10724
2.67243
7.36954
4.01035
0.788922
1.11567
2.90417
7.26918
2.26482
2.33089
5.1446
1.82527
1.77406
0.476928
0.9492
0.309226
1.8549
1.00778
3.65937
12.7409
2.00225
5.37578
1.65908
2.04888
8.63516
4.57741
9.75761
0.44883
0.736286
1.38801
9.16693
6.90795
6.25152
4.88951
2.41221
7.55287
1.50219
0.552705
2.10241
0.189117
9.42954
0.66495
1.53325
2.02442
4.54585
4.00089
15.1456
7.2472
6.78741
2.4719
0.594644
3.85102
5.93232
5.19945
3.31078
0.893552
6.4113
1.48438
2.61193
2.94459
4.32301
11.289
2.27941
5.18828
9.54151
2.0038
10.8094
11.8225
5.19019
1.61635
3.50035
0.863866
3.45177
1.98472
1.88613
0.968636
5.53027
0.477247
1.25928
2.09153
0.709497
3.04267
1.38095
2.63864
1.24653
2.5275
3.02053
2.79726
5.6241
2.39874
3.01966
2.78997
0.949725
3.36577
3.46741
13.4723
1.21312
1.35088
1.01938
1.01881
4.9954
4.09197
0.335504
8.41167
11.2857
0.653078
3.62335
5.11782
4.2276
2.58068
2.02923
7.01483
5.04169
0.846027
6.81818
5.81025
0.320962
4.9511
2.35239
1.08921
4.67684
0.542118
4.9286
2.05203
6.59051
7.92107
12.2217
6.41287
6.12905
5.17188
1.83688
2.70457
0.737308
8.29304
1.08511
2.87762
2.21306
10.6424
3.41047
3.91429
1.98081
1.57335
4.33783
7.38764
1.18349
1.71592
6.65677
1.86442
2.45771
0.865377
6.26555
3.104
0.29824
6.28754
5.75584
6.30067
6.64307
3.27294
5.86881
1.52487
4.25546
2.77967
4.57481
3.024
0.413253
5.7684
4.78805
14.0731
3.84877
3.85808
7.06715
0.658306
2.43793
7.57598
3.77361
0.834023
0.627823
3.65669
5.82256
7.1188
0.296982
7.49613
1.10896
3.17736
0.321313
7.0667
2.41397
1.6458
6.57561
0.609598
0.770874
6.6625
4.94012
2.55531
6.12519
3.37371
4.40856
1.91442
1.12042
4.45038
10.8075
0.559653
3.28443
1.35806
1.19936
3.1956
6.20881
3.1865
1.23756
0.831235
1.00533
2.05804
7.15753
0.868263
2.304
1.99663
3.92533
4.54785
8.44023
3.2043
2.9648
2.09759
3.23378
1.95997
3.95712
0.500237
0.700793
4.68039
3.57839
2.15021
0.955545
11.1794
2.7172
6.12788
3.80267
4.74746
1.2577
3.22195
1.17635
15.2138
0.818137
1.48557
0.986591
3.60623
2.0939
9.26484
5.18571
5.14744
1.81641
10.828
3.28495
2.73524
4.45126
2.77399
1.83209
2.51945
3.58643
1.36945
0.219409
5.28854
1.07778
5.10764
0.507507
4.16183
5.01562
2.26423
5.67209
2.06678
1.63723
6.73594
1.05212
2.15179
0.920241
0.911414
9.1115
2.06095
5.69409
4.47386
9.60472
1.30825
1.53659
2.3346
10.1532
6.01624
4.38322
3.0561
0.84039
2.35139
4.69624
4.85891
0.328857
1.15602
1.03423
1.17891
2.40533
2.31496
2.11518
2.72572
7.92947
4.98373
2.45591
2.12079
3.12938
2.6699
12.6202
5.5258
11.7976
0.609168
0.448359
11.8856
1.0929
2.55179
10.5994
1.31302
0.65342
0.474811
2.74021
7.84433
9.62246
2.00237
0.960688
0.617399
6.26842
5.01564
5.47441
2.6926
1.83446
2.89991
1.1292
1.12677
11.1906
5.40677
0.857498
0.968671
3.37884
4.76212
0.664765
1.99625
0.393359
2.60585
6.19586
1.6115
1.48835
0.705552
4.17931
0.324262
1.18042
3.98808
0.925324
0.652722
1.81075
14.5982
0.197174
10.4815
2.4022
0.733751
1.08151
5.85804
0.494863
2.3353
1.41139
10.4805
5.13237
9.8421
0.466692
7.13684
1.87403
0.392056
3.27571
7.74088
2.25153
1.65233
2.71308
1.8748
3.77576
4.17636
4.67224
1.26051
1.1245
2.53867
2.38821
7.38488
8.3127
2.7944
4.10717
1.88916
2.43047
1.41185
6.56917
11.4143
4.41165
5.91691
2.79016
7.98668
5.60623
3.31325
1.9701
1.73483
5.66952
4.493
3.09118
1.01306
3.22112
2.1985
1.59194
6.47477
6.08303
8.10857
2.81442
4.97757
1.1149
5.30326
3.04953
14.0926
2.52376
1.89557
7.55855
0.761254
2.04854
5.07704
2.69369
3.31161
0.591834
4.52387
1.43677
2.95116
2.46312
3.10092
12.1316
5.00818
0.562891
9.79824
2.51285
2.12819
3.46165
0.128639
1.52659
3.63287
0.828237
1.19705
0.646417
3.84533
0.911278
5.15183
0.893044
7.54953
4.81327
2.28384
3.01771
8.60437
1.53749
7.6115
2.02626
10.0451
3.50521
8.98682
3.13771
1.66823
4.67507
5.49818
0.838579
1.2176
2.12678
0.746945
7.40148
2.65078
2.67749
4.08036
4.66119
1.37493
6.38396
1.40544
1.44466
2.47829
3.56181
1.45043
7.45616
13.7858
3.4983
3.60749
0.968427
14.3763
4.61583
2.37711
8.38469
2.75025
6.83083
4.85768
4.31007
1.5946
0.849811
0.6169
3.08732
8.50175
0.501529
1.39984
3.13518
0.797198
0.630637
4.41112
4.88258
5.3528
1.42275
2.66612
4.92542
2.67483
2.04316
3.73609
2.90447
3.99751
3.26652
5.04432
4.59488
7.80208
4.55628
0.687144
1.36365
3.61053
8.33445
2.97137
3.32
4.14067
2.50172
7.95674
2.2914
1.57747
8.64782
3.33033
0.740925
2.90186
3.36213
4.89441
2.54934
1.04061
8.58367
1.81773
1.4982
0.947649
5.1728
3.36552
3.92293
2.94174
4.95616
2.60405
3.11433
4.84143
4.6376
0.97519
2.12259
3.22602
8.6752
7.72786
1.11623
5.04449
3.39348
0.961123
2.65673
1.26201
0.46971
3.94611
2.4422
3.44203
5.05759
1.38872
0.781439
12.1703
6.35001
1.48634
1.06694
0.757579
9.2996
2.13119
7.62933
1.7232
3.07813
11.0353
1.60909
6.17508
8.55579
7.61577
6.2855
5.84908
0.936378
3.34493
6.8436
11.769
2.18093
6.67206
2.75659
9.32398
1.00546
0.132777
4.03384
2.5557
2.34972
6.22731
7.93477
1.87439
3.42871
5.00826
2.116
3.11767
11.8477
4.90971
4.2047
0.953826
0.755244
4.45873
1.39404
0.583182
8.08606
0.641212
2.49602
5.07305
2.66104
2.10153
14.2365
0.421239
2.45622
8.3164
10.8571
1.9264
5.44644
1.87218
5.52776
0.881587
9.26443
4.28615
7.10438
0.791697
0.972901
5.08718
2.07507
4.65873
1.75562
2.86871
1.77496
1.17415
3.46114
3.85629
3.24947
2.04864
2.22353
9.6697
3.60052
4.96853
1.63553
2.45963
3.24857
1.44615
1.74799
4.04481
2.91185
6.50573
1.34965
6.21559
3.84345
3.39858
2.05427
8.77852
9.31509
0.76648
5.24725
3.89887
6.24435
1.94536
0.590174
6.65554
1.21549
2.78564
2.06444
5.12164
5.17602
1.96249
1.06919
5.00979
1.79314
0.857173
2.90535
5.00719
1.38212
2.52456
10.4375
11.6631
0.535793
1.01005
12.6865
5.1248
7.31789
1.03524
4.3355
0.809224
4.2994
0.778479
4.40056
6.03804
2.49587
9.84045
0.936185
7.019
0.226452
1.54763
3.29436
2.87631
2.41738
4.13805
1.29293
3.26999
3.51319
4.76937
2.05575
3.29192
1.699
5.07664
1.00777
6.75777
0.574701
4.48628
7.8799
2.42765
4.97228
1.92935
3.73891
2.9449
1.11439
4.8439
4.73749
2.59027
4.02724
6.97181
0.463183
0.380576
3.06334
1.61855
4.17196
4.17902
6.9837
1.40124
3.1521
11.9947
2.02101
6.12203
3.99641
5.05366
3.68219
0.82126
6.77752
1.34411
12.568
12.9023
0.520627
2.77252
3.79628
3.41014
1.21416
1.20644
1.43092
3.98188
3.52352
10.0986
4.2726
5.1903
6.40578
4.1618
5.26538
1.12587
1.6497
2.74197
0.955385
3.90564
0.541892
6.92926
6.1167
0.618533
4.89386
0.800966
3.53247
5.74889
4.10503
1.55734
2.40497
1.13639
2.54624
2.31837
3.98566
4.98832
3.20944
2.18993
3.56818
6.41844
3.43195
0.386472
2.5327
1.44566
3.82063
7.34543
0.67072
1.10139
2.18233
2.34119
1.46278
3.72247
4.35096
4.09741
1.31919
6.37538
0.923616
3.80404
1.79687
3.72864
4.21116
8.9507
13.9097
6.90769
0.734509
3.52879
6.96983
2.33305
1.2296
5.72748
5.062
1.81885
2.74419
1.69259
0.580605
3.14949
4.19896
11.7722
2.36325
8.32302
0.790261
2.23318
4.82421
0.487245
2.67036
4.7093
3.70105
3.86217
1.44951
0.852919
2.73165
4.14344
1.9188
1.15296
1.61045
8.27074
10.0795
2.53235
4.44166
6.40618
3.3778
4.14015
9.68676
6.97426
2.14176
6.69732
0.688248
0.617577
4.59052
4.59913
4.83046
0.275629
7.23761
6.08023
0.257703
7.58885
2.11606
7.33036
0.8842
0.460065
0.266142
0.838332
4.27605
4.68602
1.01064
1.44822
10.9521
4.04059
4.30502
1.30142
2.84305
4.79383
4.9682
1.32878
5.27253
3.83431
0.933305
3.87044
1.86302
0.910432
1.23866
10.4863
1.56067
5.66324
1.79333
5.32766
1.0186
1.07797
3.53683
0.952402
7.33387
2.98196
2.98565
3.9776
1.19141
0.859377
2.21401
9.01085
14.8405
9.53972
3.29491
9.57036
2.2796
2.03166
5.97863
5.82258
2.01937
0.539889
4.6153
0.131216
10.5157
1.61656
1.78454
10.4191
1.9002
2.1512
0.883622
1.34155
2.76738
3.72161
1.84854
3.5822
2.05944
4.0553
2.4836
0.424788
5.28187
2.24585
3.4954
1.12879
1.21851
1.41044
2.44686
5.08208
9.75007
5.25202
0.900172
0.921655
4.39976
1.13264
2.91438
0.683883
4.29894
4.7398
3.85353
0.409108
1.04303
6.72744
1.22618
2.06397
2.08776
1.32395
1.55831
1.68184
4.33159
8.10692
3.32819
3.91319
3.01166
5.92177
0.5667
4.46634
5.87939
4.12611
5.18617
14.1324
9.66211
5.14555
2.32385
2.65701
5.21747
2.7573
2.84721
3.14932
5.25907
1.91416
0.58656
4.27762
5.43761
1.64174
8.84199
1.7339
3.97547
4.2624
3.91444
3.26835
4.71776
0.524466
0.89809
7.69176
3.08633
6.30241
7.55296
2.01931
4.48509
1.4047
1.05924
1.2003
3.63499
9.24062
1.72771
2.37413
9.0335
1.21997
4.90031
1.57834
4.08355
1.28753
2.37036
1.863
2.66952
2.68601
1.07417
1.40914
11.8154
2.49137
4.96759
0.457274
0.779258
2.83366
4.49276
1.12817
7.20365
0.965163
8.30726
2.71989
0.617809
0.992951
5.33028
1.97905
1.11886
8.97889
2.17546
5.79414
4.36962
9.52118
5.59097
1.07265
2.94463
2.87742
1.23281
4.75913
7.45509
3.81653
0.739432
1.78619
5.38121
2.71261
1.69474
1.42799
4.30272
1.53375
3.7084
1.11325
2.60791
0.763289
2.86193
3.89967
4.24256
1.04724
0.788824
10.2569
1.02045
0.763744
3.85751
0.809292
2.02402
5.36496
6.97554
2.52538
4.07062
0.699732
1.31345
3.00534
7.58075
6.46632
4.79505
13.088
6.78497
2.06564
3.64547
0.334061
2.6959
8.52324
2.08607
3.13342
2.65871
0.678714
2.1638
0.889236
0.79442
8.06728
5.3025
1.28493
6.94501
10.4335
2.3668
1.00459
5.98106
0.582061
1.80092
2.51797
4.7515
2.33337
0.715307
14.3936
2.22601
1.61775
2.59888
5.20046
0.832817
3.67717
8.68482
13.0295
5.51487
0.813708
3.99449
1.95944
1.82452
0.274019
2.7913
4.41733
0.721868
5.20659
4.55231
0.477255
15.3841
3.09582
6.37867
4.50515
1.88708
3.4306
5.3626
3.30576
0.586694
1.6194
13.0159
4.55948
1.07533
2.62888
2.684
4.77622
7.89306
5.49202
1.03071
4.29174
0.82336
2.26217
4.23427
6.10443
0.168915
4.2222
4.35527
3.60586
0.969871
5.61563
3.26254
0.859151
1.5264
2.69561
5.7758
1.9464
6.02309
5.74119
0.692792
1.81737
5.3425
3.38143
0.488456
2.25204
2.37276
4.78416
2.40736
3.34148
4.32441
5.78225
1.26993
4.46831
3.62889
0.693676
3.36928
3.12083
0.923472
2.00714
0.618479
2.93583
1.19417
9.88299
0.75637
5.94452
2.0655
2.09747
5.03055
5.52668
2.1297
3.37242
10.7212
8.48138
4.1359
10.1126
3.75034
0.87013
8.20168
12.5081
0.912063
2.75694
3.81617
3.86664
3.09322
7.47958
1.0167
10.2421
8.65103
5.54734
5.16914
1.43244
4.60932
1.2375
1.27859
2.74519
3.71313
5.55407
8.6098
3.90082
4.58159
5.68877
13.2501
3.90884
1.42623
2.11591
1.06911
8.78742
2.43032
0.432474
2.58201
12.8143
1.64036
1.86622
2.65573
2.83947
9.40351
4.26096
5.83656
12.1938
0.771352
4.11457
2.558
4.80955
4.18253
3.0583
11.2775
7.1349
9.68752
1.4613
5.89414
10.742
3.14623
10.3968
0.796344
3.79873
5.99343
10.8592
5.14943
1.78321
1.26125
0.861394
2.44279
2.82959
0.959922
1.57457
5.01488
1.31931
2.32564
1.60746
6.02982
4.07619
4.72801
2.45968
3.82171
0.656932
9.62168
7.45311
3.35553
4.41107
3.19072
2.77054
0.341066
4.01131
0.518131
4.75315
4.4391
2.97852
1.94402
2.93271
1.77256
1.62118
5.11805
3.88632
10.8872
6.33012
4.43277
1.23124
0.475598
1.41223
2.9772
0.758025
2.59655
4.73627
0.445291
0.564463
3.55651
3.43825
1.47028
14.0511
3.15436
0.470873
0.537854
0.406423
2.85176
7.02951
1.26677
0.839685
2.96292
2.0904
0.680433
8.30053
4.04582
12.6066
3.5205
7.94159
7.2344
6.14858
9.93056
7.11821
0.767734
6.53019
1.8071
1.63405
0.84488
0.589482
4.925
14.9318
7.92506
2.79089
2.45418
7.44474
3.90505
0.7428
12.837
0.856367
8.46142
2.20847
12.0935
2.70971
1.25865
0.565148
1.60949
1.62056
0.442147
0.378467
3.0426
1.35792
0.818301
1.6678
0.922497
14.2312
4.60105
5.11916
2.86238
3.81952
2.25155
9.1618
7.64898
0.698213
7.60919
4.24786
8.87552
0.725268
1.88807
4.11387
0.616914
0.803176
0.76754
0.250371
0.722068
1.38669
2.10908
13.088
7.78951
5.62684
1.78951
2.93934
3.33745
4.49629
2.40742
0.829347
1.61102
1.02684
4.15787
2.01856
3.65113
4.18821
5.5761
1.05119
1.22522
0.624788
0.398781
9.52508
3.6187
3.81908
3.26412
6.57141
2.26501
4.68964
0.409587
0.702614
1.12164
0.865755
1.42751
9.93791
7.38419
1.35344
5.3165
3.76937
5.55487
4.30271
2.69125
1.05956
6.91564
0.942653
1.99724
0.836685
0.764049
3.18645
0.412515
0.871234
0.497292
3.10615
1.25929
3.10485
2.60339
2.31988
0.999902
2.39286
1.44145
2.74866
2.11762
8.28192
3.88589
3.21878
8.2501
5.27769
2.54258
3.04737
3.52373
4.33284
6.47437
2.50618
3.331
0.62465
6.08169
2.02454
0.851164
1.1579
2.10572
0.782694
0.634721
2.79645
5.99154
1.37819
4.46169
4.72548
7.67649
0.702845
2.17518
2.53039
6.55995
1.72613
1.59066
3.11131
8.99817
1.67707
2.87323
5.2768
2.28248
1.52711
2.81963
2.0711
1.64077
3.64945
0.885149
9.66139
3.48754
0.363008
5.37263
5.60011
11.542
2.60404
1.47937
1.90431
1.53419
3.84759
1.8318
10.9349
1.81118
2.47998
4.36937
1.96758
2.09277
4.20616
5.24991
2.0639
1.53197
0.774596
1.11378
1.38392
1.62798
1.86489
13.1529
3.40799
0.342287
9.22356
0.512908
1.43112
0.8801
0.304147
0.497234
1.82494
1.94783
10.0487
2.26967
1.43268
0.719965
3.20284
6.98685
7.78265
2.27996
3.82868
4.52134
2.36276
4.89381
6.00342
0.627998
1.84697
4.65641
1.08533
4.76639
0.780692
5.09873
4.07404
1.58074
4.74382
12.717
1.81148
4.01568
3.18876
5.08469
2.47123
1.24446
2.04321
4.00155
2.77929
1.45124
3.11316
0.792183
0.890823
2.08511
0.762354
2.1213
0.825611
5.57248
0.548453
9.24649
14.1213
7.63194
1.90468
1.69313
0.869861
0.836802
0.698342
2.7047
1.62251
2.44793
8.57551
1.13643
8.13041
2.97053
4.44504
2.10957
3.97587
1.8299
14.4355
5.6801
3.70211
1.13683
8.73685
2.06195
5.63025
3.43335
3.70612
3.85611
4.8348
1.38924
1.03724
4.64526
1.52758
11.508
1.45223
1.12837
2.64812
2.26746
2.92778
5.48249
3.02504
10.3297
7.02199
2.18341
0.956158
4.45868
5.38872
7.72502
1.14797
0.784042
4.81982
2.93377
7.29623
0.52624
1.47603
3.60255
3.45952
4.2045
5.84864
3.24777
6.05962
3.50046
0.522516
9.73566
5.87296
0.603978
0.525764
4.20916
1.1516
3.85057
1.86086
0.677797
1.49377
4.919
0.548714
2.62922
4.17279
0.869708
5.33671
2.75988
6.33424
10.5014
2.05719
2.92723
1.042
8.41765
1.57495
0.828828
6.46404
4.16941
1.06818
2.11239
0.49503
0.9662
2.85676
1.40588
5.9403
2.45228
1.80551
5.45578
3.53514
0.784486
0.847619
5.11619
0.277357
9.72531
5.41589
8.54392
2.36387
1.3996
8.40725
1.20397
3.6662
4.66802
0.500479
3.28169
1.32495
1.50251
3.08866
4.56869
1.47694
0.756877
4.8111
6.56542
6.11678
5.02012
3.8152
14.7774
2.02487
0.577344
2.6109
8.66741
1.90248
2.3084
10.7878
12.9896
2.35774
0.285212
0.945613
3.52675
3.62165
1.59708
7.69924
2.75958
3.06573
2.54446
6.19759
7.46673
6.04735
7.00341
4.00208
0.627908
2.34283
1.24623
3.3092
2.76999
2.02587
0.893381
3.39598
5.16194
4.81929
2.57083
3.95487
3.61625
0.675222
5.55725
0.99939
6.75898
5.3659
8.55819
6.14156
5.88413
6.15438
3.0662
2.33251
5.67177
0.783357
0.712549
1.1967
0.361431
0.995038
2.61498
12.8222
0.670524
7.65907
1.29103
2.23655
0.623534
0.687158
6.11327
2.47062
8.19801
3.30002
3.76002
13.2014
4.2311
3.28255
5.61246
0.868121
0.808392
2.80161
2.47395
2.53733
1.15363
3.16984
3.89324
2.7549
2.16628
2.65582
0.562327
4.41852
0.446965
7.40331
6.48297
4.54166
2.27121
0.760491
9.62789
3.59139
2.78661
10.7053
1.26907
1.55297
2.62919
0.463194
3.39336
4.49402
11.6921
1.57809
4.25814
2.65364
8.26013
5.43431
1.48527
7.04417
2.39674
7.89341
0.959871
6.0614
2.00242
0.880754
0.917305
6.1652
1.37541
0.724956
1.06948
2.72951
2.40056
3.68972
4.27905
5.5358
2.58093
2.66285
9.71811
4.55704
4.65697
4.1748
0.456059
3.43957
2.52827
4.9538
5.94617
3.77165
0.581468
2.02117
0.617762
2.5837
0.73558
10.6962
10.8941
3.89517
2.46935
3.36232
10.3096
0.904545
11.2601
1.02471
11.2555
5.54106
1.42201
1.33445
3.64525
9.53558
2.47078
5.05715
3.42328
2.21457
1.46961
14.5119
2.39232
3.56216
3.8102
0.791948
1.52229
4.02099
1.04388
5.49485
1.56419
2.76312
1.28926
2.08736
2.57858
2.34952
2.06071
1.01942
1.45024
4.44107
4.12892
2.34269
3.05829
1.91919
0.564768
7.8422
3.67826
7.44393
1.85245
0.223591
1.4118
1.83024
4.58196
9.6145
2.30575
4.24774
2.63059
8.48639
0.568201
1.41313
5.26397
11.1087
1.14373
1.03729
3.87038
2.79996
4.8199
1.14366
2.24049
1.10743
0.517043
0.45811
8.62406
1.48542
1.53551
0.805334
3.79812
1.73655
7.76769
1.13554
2.04872
1.28529
1.73125
7.00504
1.51502
2.65596
5.15769
12.1482
0.254112
3.15239
0.83496
5.26433
2.08335
2.66766
2.67081
4.03986
3.16676
1.01613
1.23863
5.4377
1.99685
1.31002
1.33705
6.60013
5.21084
3.63926
6.08667
1.91333
5.94856
3.43008
2.14772
0.965582
2.5637
4.08422
0.888348
5.29096
11.9587
2.29133
14.9915
0.661539
2.96727
9.44657
4.14506
9.40207
3.72494
3.1643
0.7563
3.93028
3.79092
9.25557
3.22412
2.05148
0.982168
1.51297
2.89382
3.1503
10.8557
5.20228
0.668188
3.49749
1.50898
6.3824
2.82035
0.243052
1.74475
3.76394
1.74823
0.710672
1.07132
1.10877
3.36939
2.27062
2.28393
4.4314
0.980489
5.96951
1.55293
12.7816
1.38716
13.0307
1.30934
6.0644
3.42632
3.02636
2.81194
2.48907
4.55644
0.882588
1.57911
4.86884
1.62338
6.31005
1.48808
1.46795
1.4597
7.77139
2.30041
3.69233
1.78062
3.10648
3.87243
3.87398
4.33216
7.50621
8.59031
7.18435
2.73308
2.83531
1.38929
1.09945
3.19418
8.61548
6.62981
6.07504
7.10514
5.64571
1.46283
4.30135
4.06109
3.43867
3.58039
1.07746
3.83913
5.32719
12.3383
2.27771
0.576861
0.708046
3.91905
6.17177
3.19377
2.35413
2.82706
6.20363
3.63398
11.4882
1.77904
2.74363
1.36124
0.712914
0.844603
5.10063
5.96861
1.23658
2.0915
10.324
0.572622
6.312
2.6543
7.60844
5.26394
4.19584
4.01427
4.24673
3.77557
3.04366
3.18905
3.20941
2.62841
7.7928
14.8781
4.22114
3.69484
11.1565
2.41913
5.62027
4.75055
6.41192
2.30689
4.81455
2.32626
5.35284
0.905571
2.34605
1.15178
2.56728
6.84568
5.36726
2.04407
10.2454
0.601012
1.44419
13.3715
8.28445
7.81404
9.36759
2.05331
0.578377
1.57214
5.20875
3.59061
2.97071
0.966412
3.35796
1.51739
6.89757
1.36709
3.08458
4.94671
7.58144
3.78633
9.71295
4.19294
0.799007
2.02224
3.94234
2.05129
8.63149
3.5028
4.64547
3.29715
2.19926
2.04793
3.70683
0.39173
1.34088
1.15765
3.96781
2.98647
0.633448
1.19327
0.977717
5.55382
4.28443
4.73364
11.9049
4.00192
1.4953
3.1434
1.83192
0.604803
2.89146
5.10067
1.3448
0.705381
2.53904
0.711644
1.17033
1.20888
1.57127
8.13831
5.85711
1.9703
5.3496
3.12375
6.18927
2.55475
5.31954
13.5494
6.30761
1.20686
1.99687
2.92532
3.4931
1.28978
5.59013
3.04236
2.94497
0.553575
0.852635
2.42484
1.24849
13.2699
0.82472
3.11268
1.66154
1.4166
7.32622
1.40362
1.28733
0.855505
0.602809
6.55879
6.35942
0.832551
4.67896
1.92459
9.24793
4.99507
0.776338
2.02914
1.41007
9.9914
3.44116
8.30644
1.30939
3.33064
4.7589
1.76017
9.62302
2.4757
4.13251
0.652463
4.25807
1.53713
5.81056
2.65521
5.04889
0.954758
3.25106
4.25205
0.833957
3.16652
14.3598
4.63482
9.07589
3.50296
0.344135
3.16572
6.30064
3.92974
2.12083
1.48515
2.56358
4.65117
1.08674
3.14701
5.28364
0.890294
2.37888
9.69016
1.04639
2.43782
3.6289
2.92055
3.0048
0.690517
1.44083
4.6037
1.1801
5.78307
2.81241
6.85022
1.61981
1.03947
3.77268
2.58416
3.16498
7.37082
6.24692
1.19477
9.28627
6.89283
1.61723
4.25468
0.758139
4.79379
0.890896
12.1849
8.88858
3.16449
3.04209
3.85032
7.20865
5.45118
3.22676
5.48858
3.21181
4.88089
3.74452
1.11326
2.73795
5.45175
3.83669
1.02038
1.95008
1.47389
5.16339
1.08517
1.55455
1.88044
0.647659
14.5419
3.94963
0.741944
3.82322
2.26736
3.06013
3.002
1.77169
3.63107
0.607969
2.85558
2.54154
6.5175
0.526578
3.89647
1.92698
6.3384
0.845434
10.9855
3.12341
5.11389
0.88983
1.24718
0.545364
1.07498
5.54597
0.779205
4.74061
0.845398
2.1927
6.20315
0.824825
0.680998
2.55009
3.602
1.23597
0.800407
3.03147
5.6491
2.1742
5.40201
7.25015
8.38875
4.02782
1.29508
4.72381
0.897191
1.49537
3.74984
0.877249
6.47463
9.05241
5.0129
4.91781
6.61134
2.29506
2.16908
0.983041
0.918117
6.1862
4.64105
0.52848
3.53692
2.55788
2.95152
0.518114
1.18252
2.06698
6.08946
8.87327
3.72054
5.76475
1.53462
5.75176
6.207
3.11878
0.657297
5.64915
1.52557
2.39556
2.05449
3.35241
10.9917
0.892386
8.45413
4.71137
3.93039
0.697926
1.43037
5.00935
4.56349
7.00814
2.42006
6.8388
2.5016
1.96808
2.97639
10.2979
4.51592
4.86707
3.70041
8.3858
2.2561
4.88888
1.27873
9.44945
2.07012
2.53783
5.88906
0.407349
1.50921
2.98844
0.683338
2.79018
2.80112
0.261085
5.6991
1.10712
1.79982
0.673143
1.62369
3.3221
5.8395
0.783263
0.942923
3.95415
1.75501
4.76407
2.71207
9.11937
1.65999
0.691246
4.9985
3.41474
1.64938
3.15833
8.06105
3.55274
1.1582
3.00001
0.201664
3.18782
0.311805
2.51507
5.62352
0.9855
4.78182
5.88123
13.6146
2.16898
0.670376
0.708005
1.68792
2.43265
4.82951
3.11959
2.58864
1.0529
3.71628
3.80606
4.25807
1.70095
0.777905
1.32797
0.699403
3.92938
3.93071
0.526453
9.4871
3.87731
10.2608
1.36064
4.78107
2.81357
2.49861
4.12909
1.41131
0.83557
1.93791
0.419621
4.13806
7.17571
0.707308
4.75434
1.01789
0.902416
4.64235
1.78439
5.83301
0.982174
1.43813
2.58705
3.68101
5.27939
0.953947
6.55881
7.32309
0.464907
14.2824
0.852669
1.92392
1.15954
6.22927
4.10535
4.91662
3.81303
4.64205
1.95497
2.77069
8.3891
9.73452
1.58096
2.1368
2.63513
1.30445
0.842804
6.99497
2.07979
2.14494
0.719166
0.524448
3.86959
4.53437
2.35049
13.7114
5.60887
1.15985
4.7155
4.54743
6.18187
1.44445
0.495721
0.477431
3.73999
3.02522
1.41972
10.0584
8.30565
5.15801
1.69005
5.1161
2.64048
2.44863
13.3744
1.55687
11.9785
2.3668
0.998826
7.80287
1.86845
2.39472
1.64855
3.34781
4.29612
1.43971
3.51645
0.784378
0.919284
0.960101
8.41329
2.70543
1.13797
1.01589
1.17197
2.13626
0.546727
5.55545
2.43444
1.17117
4.58676
0.457585
2.23833
3.01153
0.773788
4.18891
0.86008
1.83401
4.40132
2.59442
0.609793
3.99879
6.819
1.06298
13.0122
0.482388
2.27733
3.60446
0.794706
5.64327
2.66137
6.29176
14.0294
6.71284
2.349
0.755806
2.77728
4.66404
2.55434
13.5548
9.76309
6.63546
5.06671
1.95668
1.12223
0.955486
1.76942
1.88717
5.5525
2.0332
2.88027
1.20556
2.36476
5.36371
0.443758
1.40814
0.622476
0.815807
5.1599
2.8621
5.82519
7.77485
8.53777
1.07286
3.04524
1.94938
3.95556
4.17873
4.91212
1.06075
0.817449
5.71758
2.08961
7.5153
2.27596
1.03889
0.99512
1.02064
3.72722
2.53378
0.646267
10.169
1.21954
6.67558
1.66538
3.03632
0.832231
2.19464
4.42551
3.87369
1.7371
5.59951
4.16706
1.42336
4.35818
3.70523
0.898136
3.79174
3.25546
1.80901
1.31982
3.43584
3.10074
0.590175
1.28769
7.86055
4.974
2.92224
7.89184
5.27881
4.57869
6.24864
3.25937
4.08175
1.30181
1.36551
3.45787
5.32314
1.98865
0.392575
0.908575
1.14444
0.825724
3.04468
0.823112
8.06736
3.10596
3.79193
7.87819
10.3893
3.96173
7.12653
1.39823
0.199802
1.66647
9.9175
1.00544
3.70778
4.07204
2.80392
1.07638
5.03167
6.77383
3.80823
6.52509
4.21783
2.64649
1.95377
0.9357
0.487273
0.89887
8.54577
1.68556
4.11837
5.10852
8.90857
9.59497
0.503263
3.6863
5.13522
1.95339
6.69005
4.0029
0.95431
7.08841
1.25702
4.1246
2.64336
4.64929
3.42431
6.74159
6.27111
1.63078
0.388877
2.87471
4.36675
1.36877
3.84621
3.96115
1.40756
0.649121
6.40571
0.664326
2.63885
1.87071
4.58998
3.89446
1.87758
1.248
1.12202
14.2829
1.93517
1.04183
1.49786
0.922719
8.89045
0.565927
0.593083
3.57102
2.79378
6.85685
2.69434
2.20783
1.95457
1.84519
10.5068
2.20841
0.872007
6.9231
1.7522
5.23251
8.30345
9.19006
0.384995
2.37679
0.451342
8.67466
3.49274
2.24185
0.525881
1.06169
5.07972
0.68253
1.25738
4.24679
0.375875
3.23357
1.46716
1.30492
6.23386
1.3161
2.93946
2.12268
5.12621
2.98441
1.77464
6.24139
0.855887
4.94049
0.943507
4.92405
1.1822
2.2785
5.92163
8.62402
4.25757
4.81231
4.28197
0.606044
6.35401
0.711547
0.329429
0.329155
9.92979
0.891618
0.633704
3.93217
7.0503
3.47638
3.00042
4.27724
1.13482
8.62755
2.12014
5.11293
8.0335
2.25534
0.845269
3.12698
6.54955
1.56513
0.494824
3.74121
1.46885
4.56501
7.89428
3.31728
7.84376
3.58888
1.35549
4.76095
0.585427
4.81008
5.91335
0.782498
1.3071
1.8461
7.28602
2.65277
4.32633
4.84088
13.8047
6.2784
3.78114
0.441738
1.82064
9.39232
1.53214
5.54649
9.67396
10.3318
0.680491
2.61644
4.58192
10.1331
4.03702
4.40607
2.29211
1.50755
3.24893
7.10652
3.63094
3.67488
5.68456
0.83547
3.83199
1.33283
7.04905
1.24704
3.24098
1.91924
4.90921
2.6313
1.55524
4.50615
0.85191
5.25389
0.252518
3.12269
1.40373
2.97679
8.19341
5.9838
4.50862
1.6794
5.25669
1.06617
0.377679
0.458921
2.25373
2.14484
0.732865
3.1008
0.446775
7.13279
5.58306
3.94948
4.72195
1.12029
9.03728
2.78344
5.28128
8.61753
6.27037
1.90516
3.25609
3.72787
5.5833
7.904
6.16469
0.345811
1.16353
6.99038
5.15519
12.466
12.6668
1.43457
0.417131
4.50703
9.72442
7.20658
1.12106
2.02747
1.21368
2.87454
2.05004
2.31729
0.475292
1.29182
1.50325
8.50423
4.17451
5.85915
5.75425
0.602161
2.47368
3.18026
8.58724
2.14529
3.09517
4.75887
1.91055
6.11284
1.4336
5.34439
1.91413
4.68536
5.07568
2.49494
1.47406
4.54979
1.02839
2.00145
1.76452
3.12551
2.78491
1.96156
1.62396
12.4876
1.24445
2.63865
1.52173
0.729882
4.01047
1.80662
4.17878
5.61501
3.8061
5.60752
6.86929
2.2957
2.32723
4.95489
0.175052
2.17644
2.47315
4.77961
7.95836
1.953
1.04014
4.78345
0.920155
2.40104
1.14934
3.11997
1.58865
2.19961
1.30375
7.21881
1.48672
1.00655
2.46046
0.797717
5.73272
1.49207
8.07975
0.6082
5.2763
5.29385
2.94581
2.26796
5.90422
5.01402
3.62342
3.91441
0.994217
1.55726
6.66022
1.31939
2.60175
1.06297
6.99697
1.16161
1.5922
0.38681
10.1827
3.93436
4.76698
12.2184
1.73897
2.27949
3.43222
8.22717
2.84916
4.05689
0.965022
4.08526
1.46902
3.74866
1.08289
2.19254
4.3851
8.15585
2.39377
3.16594
1.31378
2.18912
2.46233
0.599718
3.22353
13.3279
0.410917
3.37666
3.46851
1.07017
6.57946
3.26492
5.46479
0.952781
0.964926
1.79856
8.89262
9.43139
3.80872
5.69893
4.04987
0.466673
10.2708
8.27199
3.17756
4.81219
0.507289
1.38419
2.79559
2.44171
4.32212
12.9936
1.4365
5.76783
2.62205
3.40206
14.5995
10.427
1.46292
8.11695
0.619564
4.65991
1.04164
1.75054
0.932134
1.10614
5.13292
4.51999
4.83888
2.28845
13.8849
8.5221
0.51621
4.49749
2.87488
0.515551
1.21445
2.31405
6.34767
4.08819
12.3735
5.01658
4.25153
5.47474
3.64143
3.68822
0.860729
1.62831
3.40577
3.74849
0.670741
2.06857
3.43237
0.535397
1.14078
5.33105
2.09887
6.54605
4.40608
9.6978
2.18768
2.39946
0.931307
1.48067
1.48765
7.92854
0.210656
2.37732
0.810995
6.3605
1.53071
2.00391
9.11534
1.77807
4.23496
1.46701
3.17417
1.23746
2.71215
6.2418
4.26239
1.45193
3.97922
13.2439
2.3285
13.0179
3.59971
1.06926
1.32105
2.88727
3.86321
4.98366
4.78133
4.79347
5.69889
0.716232
8.60526
2.98076
4.24735
2.89333
3.0404
0.8588
2.36199
2.60892
1.13425
1.21399
1.581
1.99911
2.47767
1.99492
2.72349
3.12276
12.4854
1.91226
0.762668
2.18471
3.18395
1.2916
1.49562
9.90343
2.08168
4.09881
7.17863
3.35489
9.9537
5.84165
1.59158
1.26222
4.25473
0.965282
1.43764
4.87199
5.27891
3.29284
4.46078
2.37816
1.09358
2.60017
1.57585
2.70097
4.15659
6.22316
4.42395
3.23509
3.62456
0.940321
1.00105
2.04697
4.48766
0.716116
2.43667
3.5654
1.4048
0.655001
1.27758
5.18914
2.85692
5.44858
2.39662
2.72449
1.23319
3.3395
5.58879
1.38629
0.763968
1.76081
7.6862
0.753614
1.37078
4.89566
1.73163
2.54714
1.31925
4.44748
8.84801
6.43881
1.80963
3.10414
9.43294
6.98327
6.71481
2.11433
1.29174
9.98733
2.09728
6.89476
1.50801
2.04339
2.11589
2.9293
0.98314
4.51464
3.6958
2.76188
9.95373
0.354166
1.51932
7.82393
2.20341
1.49214
5.55155
3.02698
1.32118
0.906711
1.99683
3.21168
11.2388
6.1059
1.4356
3.03585
3.4497
6.16951
2.32197
3.99916
7.07403
10.7538
9.60321
2.17722
4.41526
2.24549
6.41721
6.61582
4.62849
2.01016
1.83706
2.40587
5.14101
1.36171
0.766478
15.4528
4.74115
2.12962
1.77322
3.51968
1.94572
3.55887
5.13642
3.44214
1.21801
6.94112
4.09923
9.6418
2.41132
1.3469
6.65221
0.968706
3.27231
1.66514
0.726831
2.44867
3.90134
5.9531
11.5922
2.48949
7.02619
2.27338
3.42631
1.10439
4.43014
2.39983
3.42755
3.69004
11.5368
11.4863
0.834596
9.63353
1.05721
5.32572
6.79705
0.618696
8.02706
2.32681
4.33811
0.382061
2.26701
3.68689
10.2298
3.21707
4.16441
2.48979
4.04988
0.0918947
2.66241
1.66431
3.52978
7.91005
1.48005
0.192778
1.45915
0.751411
4.97452
6.99056
8.64032
4.48427
3.48256
3.112
2.76188
8.74413
2.49444
3.63735
3.85304
0.81097
5.81541
7.90124
1.46283
8.41696
0.765568
1.1219
4.48329
5.34172
5.55808
4.63147
4.45277
4.80416
4.63877
4.85142
1.22493
6.69552
11.3761
1.54323
4.27614
0.57696
4.02868
11.7722
2.21256
0.761901
8.21306
0.391283
1.31676
0.743085
10.7017
12.4284
2.70315
5.86229
6.67266
7.69
1.9104
4.29468
1.49547
2.54321
1.34628
1.99323
1.72934
1.90299
9.11062
2.38234
0.717226
1.75416
2.23983
2.4541
2.89584
3.33945
3.28862
4.06976
15.1137
1.76464
1.86523
6.27249
0.66835
4.2535
1.07205
1.45885
3.0844
5.74377
2.77396
1.23621
0.854576
5.59584
8.85483
6.52958
2.25967
1.61375
12.5303
2.57497
0.895624
2.44608
0.663349
10.0359
6.29731
6.09429
0.844966
3.97137
4.40158
2.48506
8.48292
7.9896
5.2348
4.58346
6.05506
1.92569
1.2141
2.985
6.89095
5.85652
9.61346
0.954028
5.01539
1.80816
5.00685
4.87317
0.353336
1.22822
1.18219
7.08572
1.06653
0.995346
4.80104
2.63727
0.176828
1.88184
5.2319
1.23537
1.11716
6.63845
2.71286
0.685732
2.93379
0.254454
11.6442
7.00259
8.6402
2.37472
9.3502
9.76176
8.42763
0.907318
1.39654
4.19612
8.06347
5.47242
1.56685
0.489459
4.92587
13.3639
4.70241
5.57306
2.38612
3.17947
6.66661
12.5741
4.52853
5.17077
2.57552
7.11835
2.362
7.66959
3.17465
0.364682
5.22175
2.69404
3.30635
12.6688
4.02962
3.78536
8.23876
3.65218
2.60201
14.5169
11.4182
4.3556
12.8283
6.90092
1.80462
1.87732
1.00405
4.62704
9.13322
6.00003
5.85776
7.7644
2.3566
0.375561
1.15286
1.31332
1.74296
3.39144
0.861067
0.844003
12.3694
3.84892
3.0853
1.20233
0.919608
1.86437
5.21138
6.50238
1.17385
3.91463
2.27188
3.05023
3.27201
2.61904
2.01952
3.2186
3.39965
6.59546
1.92546
6.1486
10.7908
2.81839
2.56019
5.54765
0.453642
11.9549
2.13277
6.09639
0.25675
2.7103
1.27363
6.17888
0.564957
1.61773
2.40571
5.10261
1.41708
1.62879
1.23828
4.99168
4.30517
0.688776
0.773538
0.911326
2.43138
9.77653
3.92817
11.1305
5.12076
6.92927
1.66747
2.4337
5.3941
5.88654
6.5091
13.7346
7.70986
4.12193
3.27547
0.845781
3.46463
3.04366
3.29285
0.939496
0.981458
0.682105
5.45174
4.89355
0.719166
4.39422
3.10289
0.303779
6.23823
2.27239
4.82375
0.379079
6.39226
0.521503
0.677472
4.27141
1.31817
0.742016
7.16
2.7838
0.510939
7.04284
4.64904
4.68334
3.7886
1.39137
0.497926
9.7071
1.10597
2.16044
3.50619
0.883417
3.49192
2.06477
1.68886
0.565003
2.72458
3.17101
2.45161
1.14192
1.23251
2.49167
4.69716
2.6095
9.34358
4.82297
8.18478
2.3561
4.56355
1.30721
1.63443
4.95997
0.806086
0.885774
6.44382
11.9226
5.8694
5.01203
3.50679
4.91959
1.36841
4.48428
11.9843
5.09912
11.6545
6.57154
1.64772
3.20144
3.70885
3.92236
2.58999
2.86124
2.78338
3.36816
1.11936
6.25964
1.27944
3.65069
0.589256
8.61468
1.74287
6.0899
2.03138
0.664697
7.08276
7.64426
5.66208
1.54189
0.710842
2.57825
5.90516
1.47386
0.703741
5.91893
0.317818
1.13083
0.859433
3.07832
5.88604
2.88279
4.03394
1.21702
1.08543
0.502678
4.50965
0.237781
7.70628
1.44703
1.64633
2.85589
3.79836
3.09242
3.11869
2.23343
0.369034
1.29087
1.7606
5.25867
0.651186
0.689842
0.968112
1.8948
3.44518
0.471435
3.64034
4.63783
3.05337
1.16745
8.26115
4.10361
6.34449
2.68312
4.38123
5.28116
3.14515
2.3498
4.91241
1.09855
1.74603
1.85408
6.67505
0.677036
2.69241
1.82708
8.28284
5.35952
4.51473
0.647353
5.7052
4.04833
1.25229
0.849783
4.64378
6.00688
1.08472
2.91514
3.005
4.29953
5.76945
2.57113
1.61306
1.32493
1.40694
5.0952
1.96371
5.19612
0.555923
8.5412
1.96194
3.59237
2.93028
1.07215
3.72388
3.23891
8.64145
5.08347
1.50641
3.27454
0.554285
5.23268
1.31246
0.819583
1.12118
3.21915
1.57227
7.51044
5.53829
5.28014
3.62922
0.977275
7.47382
4.28993
4.32445
8.57874
8.27289
0.971649
0.811124
3.43056
1.05845
1.34397
2.62216
5.92385
1.4271
12.7611
6.03857
5.42321
2.78166
7.23767
10.543
3.95541
1.26401
1.65656
1.11468
4.34962
4.77129
7.36454
11.6064
6.42005
2.85875
1.53672
5.9614
0.259405
9.62631
1.7521
1.69183
1.41777
7.51519
5.69853
5.29626
2.76083
1.19472
1.87544
0.679155
2.61096
3.75867
0.413586
4.25335
2.35352
2.76793
2.14312
2.6343
0.808722
2.41506
8.90789
1.42251
4.04356
2.95913
4.70069
5.31764
1.32999
5.11952
4.82927
2.72618
4.39617
2.60836
1.65987
4.27943
0.813496
1.79793
2.86023
0.537129
2.91638
11.5954
4.88313
3.0826
6.83345
2.58355
1.83775
0.951155
5.17365
1.31703
4.71377
3.71454
3.3157
3.96524
1.93479
0.956314
2.1018
3.97936
1.93619
2.40547
2.03393
6.83555
8.87095
2.08156
3.71712
3.23567
0.531545
4.21716
1.16835
4.62296
2.27265
0.876089
3.15857
4.01316
3.37794
1.15039
0.912535
0.880641
2.80571
0.549368
1.89834
2.3644
6.66702
3.97825
1.79385
2.31472
2.2273
0.878964
5.55645
5.21457
1.70564
1.46896
2.15336
3.28148
6.71315
3.55405
1.38595
2.32462
3.19786
2.06851
6.59637
0.239127
6.27734
3.68887
4.12631
1.91813
2.16951
4.21707
1.67886
6.62311
1.20701
2.53117
3.58648
1.06727
0.977486
4.76112
2.12369
5.3626
0.909978
1.87733
2.45457
3.1156
1.74123
3.5173
3.10687
0.904469
1.13006
3.43562
1.42111
5.03073
1.03294
3.31619
3.55339
4.22282
8.6493
0.722594
7.0621
3.70941
9.75512
8.52091
7.71118
6.69931
0.87682
0.71722
3.15154
2.59637
0.680943
3.27483
2.00033
4.43043
3.20149
3.86139
4.8657
3.598
4.69106
3.44205
7.81858
3.37243
1.30944
3.45668
2.77304
0.773904
1.29864
0.583087
2.31194
3.31998
6.41177
0.713889
6.56906
3.10534
0.348993
2.14204
3.63018
2.55095
3.47333
1.3126
3.14296
0.631014
0.938106
6.85144
4.13976
8.52206
4.97617
0.866277
3.25485
3.86363
0.554976
11.903
4.22701
6.05986
3.0052
3.27182
1.63337
0.618644
10.3106
1.08998
8.65805
7.65586
0.269248
2.48289
4.70931
1.86674
2.92574
1.97393
0.561469
2.64202
0.517098
2.16477
5.72889
10.3252
0.88754
4.94271
0.706491
5.81547
1.06546
0.509649
0.501069
1.38072
1.09857
1.85605
8.21866
4.21083
3.56496
3.93313
2.58337
2.15879
1.92924
3.94023
0.704361
2.61543
3.76018
3.74546
2.4118
2.60316
2.92189
5.58702
0.935828
1.23305
12.5112
7.91379
4.18693
3.13442
8.44738
1.42438
1.61235
0.266664
6.04467
8.4706
5.30316
1.4577
0.945862
3.58843
4.59964
1.55313
5.9809
3.13965
3.67547
1.6807
6.17222
0.511967
0.480256
3.19124
3.74997
1.56175
5.53547
1.63396
11.086
4.06976
3.92857
1.79479
3.56116
5.30782
2.89267
2.1518
0.905325
7.84092
3.72414
0.504772
5.42013
8.16515
1.38204
1.15692
5.99641
10.7526
1.97778
7.81078
5.49213
1.78824
4.79314
3.37476
4.83405
3.97759
0.460207
2.12163
7.78637
4.70156
2.33396
2.56162
4.57423
2.62435
2.38179
1.34001
1.74395
4.73807
0.885789
10.9122
0.957521
2.47076
3.79676
6.27819
10.0622
3.03121
1.79971
2.2095
0.725273
1.59747
8.47896
4.45329
1.67435
1.85385
11.4919
0.898424
3.11631
3.62232
4.31504
2.76894
1.41239
8.45289
0.744246
3.8448
0.75082
3.29969
3.98798
1.81245
1.66664
1.95228
2.97042
0.788031
6.41393
2.99608
1.78294
2.02743
2.37067
0.484748
3.00212
1.63166
4.39637
1.40119
4.48862
11.9847
1.15936
2.10323
6.47265
9.22216
0.746107
2.36856
0.454095
1.77645
1.52532
2.70702
9.42269
2.74284
1.02226
11.2814
7.94621
2.77242
5.0869
1.14537
1.22529
2.77863
4.71102
1.09675
5.38533
5.00994
0.843388
5.35404
6.3484
4.18944
1.22221
2.50995
0.676059
7.97389
4.32289
3.20316
2.9186
0.422846
0.194989
0.485724
3.37859
7.34018
6.5211
0.548099
7.29442
1.76689
6.44285
0.414417
3.88383
3.02813
1.59153
1.59989
1.94542
1.09105
0.840916
3.78058
4.10218
2.63928
5.50376
0.755878
0.859956
4.40038
5.25038
2.71192
2.69556
3.07059
8.62519
1.08612
2.6583
1.22556
0.979425
5.66264
2.21902
2.47339
5.14678
3.82425
3.7815
10.2441
10.6932
12.0275
3.0179
1.37549
1.10157
2.6802
1.80743
4.01158
7.84738
0.976639
5.44512
0.477515
1.23431
2.99778
1.59763
4.58471
10.3811
5.09441
7.6417
5.02201
2.01525
6.55036
4.70694
1.90823
1.31398
1.33964
5.7145
3.77895
8.99664
1.42882
7.20186
6.27547
2.23335
1.89607
4.83957
0.700561
4.60832
2.16806
0.660459
2.11179
1.0446
4.51598
6.08293
2.47072
4.38753
6.52091
5.91955
4.39455
2.04439
9.53818
1.6182
3.79752
1.55457
0.359224
7.40427
4.8859
0.921234
2.68663
0.683805
13.3068
6.34064
4.35148
3.69394
3.28448
4.01811
7.05737
7.52687
9.38834
5.84118
1.03246
5.32261
8.72567
0.285903
1.09711
2.69867
4.00904
1.59383
0.742761
1.87425
4.7777
5.40019
2.26596
0.766432
1.16053
1.65207
7.97238
1.70511
1.05105
12.1756
0.81635
0.792429
4.82446
0.711869
3.74107
0.455519
1.37403
1.04723
5.16456
2.25189
1.96394
3.75908
1.34605
0.870541
0.670258
4.98389
3.72978
1.08641
5.25281
2.28102
1.03474
2.90612
3.08221
10.7916
1.60789
5.94969
8.01918
0.546574
11.9505
1.48797
1.45403
2.19928
5.48994
3.91299
1.9371
1.77605
2.10748
0.767958
4.513
2.64196
4.4294
0.715618
3.0997
0.49343
2.72469
1.22963
2.91239
12.2135
2.70444
2.22826
8.00889
2.56417
5.09828
4.18117
1.52522
1.25376
1.63389
11.085
1.04308
6.6259
1.91401
1.61524
1.5375
4.5518
4.01945
2.21325
3.46084
3.92221
11.6592
0.870826
5.44104
3.77898
8.9863
0.854063
0.54138
3.84453
4.08067
9.91963
3.84782
3.9513
9.79333
1.09494
3.32856
3.36331
2.4676
1.49889
0.476404
5.23337
7.37401
8.80072
4.56485
3.97408
7.74749
0.262689
8.27783
2.96245
5.16341
1.94938
2.86215
3.85021
5.10593
1.81333
6.23738
3.0588
2.01499
2.03722
3.30302
5.22929
3.74971
6.70655
0.514562
6.64166
6.89089
2.21582
5.39624
2.72271
1.95392
3.66304
2.85159
1.62326
4.13506
5.68753
2.08541
1.04701
2.00473
1.40383
2.31874
1.85719
0.221928
3.99176
0.661637
4.7626
1.49261
0.777791
5.87628
3.16381
2.94418
0.946513
2.38084
7.22684
0.990773
0.199962
3.78276
3.95233
5.43067
4.06543
3.45881
2.07585
0.518842
3.13027
1.57002
4.72522
4.7008
3.43675
5.68967
0.822569
11.1025
4.15752
0.971388
3.34627
0.454985
1.08075
1.04662
3.22594
2.31245
13.163
0.621346
8.7293
1.67853
3.46607
6.61968
1.08215
0.916939
1.77989
1.78151
3.21622
4.85069
2.0244
8.65862
8.10576
1.33529
1.48235
5.41075
5.59169
3.15762
1.66484
3.7238
1.21012
4.77649
5.94444
7.65788
5.42742
3.25349
2.2434
7.36481
2.75581
2.24357
1.05676
4.22072
2.8066
0.998078
2.37181
1.13173
0.932428
0.852916
0.936165
3.23747
2.03771
2.64918
3.25496
1.92537
9.28585
2.97683
4.46207
1.73819
3.01457
0.784093
9.82595
1.5762
2.77285
9.46915
4.8397
0.914194
2.2536
0.898802
3.23203
5.95996
3.26205
3.77062
8.13109
1.03679
4.60455
6.56951
5.58872
1.56543
1.14678
5.29175
2.07802
7.09075
0.386152
4.92607
2.25307
5.24529
5.24343
1.62259
3.50967
4.08046
0.837902
8.32452
12.6446
1.12896
3.05743
2.75346
0.565544
5.33595
6.34124
6.8424
2.0248
1.97734
1.03233
2.39071
2.35959
3.95194
9.65626
1.10333
2.7833
0.861364
2.293
3.24376
10.1678
4.0772
4.43439
2.91678
1.63359
0.931725
0.371296
2.90807
0.612437
5.29716
1.37374
4.53577
2.38227
2.00254
4.5327
5.55339
3.54497
1.7296
1.48608
3.04873
0.796314
2.0028
5.02636
3.16431
2.82875
3.75595
2.40074
3.02379
2.06959
1.242
2.58798
1.13929
8.61873
5.1434
1.22816
0.814653
1.565
0.851474
7.51186
4.6263
0.580375
1.31557
2.63537
6.87502
3.92136
1.70792
9.09091
0.730857
1.0151
2.0797
3.04064
1.59619
0.570638
10.4044
0.719579
0.562405
1.5333
2.05051
3.16156
2.09571
5.56503
3.14361
0.620777
0.562636
2.18367
0.924965
5.56305
1.42217
4.63112
8.2618
8.56941
4.50241
3.73322
4.83044
7.50375
3.39767
4.02222
0.528897
3.27876
0.50764
5.66185
2.43525
1.61836
0.644794
1.55957
1.01919
2.32204
4.93634
5.02502
10.4862
0.54807
5.50244
2.06567
5.4183
1.57067
3.88102
0.27559
6.25197
3.34138
1.53112
1.13168
9.48138
0.475568
4.21571
1.55985
1.80981
1.55396
3.58026
0.919456
0.993439
0.40708
4.25422
1.82175
0.640267
9.14653
2.40476
2.84575
7.15765
3.93655
8.77708
3.57608
0.799761
8.33727
2.29564
1.34918
11.5355
3.0211
1.62242
5.99529
0.943079
2.83114
1.82004
5.61332
1.06117
0.593685
1.30319
4.04772
2.98944
2.71348
1.83117
5.10454
2.32014
1.13993
3.6085
5.11179
0.877345
2.98333
5.29175
6.67328
0.701715
1.0819
7.69244
10.0383
3.3278
2.09817
2.6962
4.15845
0.304657
3.0736
10.5667
2.38348
2.91846
2.20873
4.38999
1.44554
5.89136
4.76307
2.93054
1.3887
2.07111
9.40348
6.2439
2.22552
0.274281
5.35239
5.5605
2.32101
4.21647
11.8412
0.910981
5.31162
7.15147
0.913382
3.58161
4.20346
3.47906
1.25648
3.20481
0.50899
0.659236
0.880384
2.22336
1.32926
1.69033
0.20761
2.50083
8.00687
2.18673
0.939649
2.2177
4.39582
2.7652
1.02018
0.685701
3.29141
1.69355
10.7757
1.1992
2.06269
7.16129
3.80272
9.85932
2.99438
13.4327
5.16493
6.87899
5.72424
1.76655
3.46303
0.71732
3.52501
1.50383
1.92684
2.6902
1.06324
6.28852
4.23732
2.55582
5.37135
1.30742
6.08531
2.08146
0.731961
0.631054
7.38444
2.32342
0.611882
0.497063
5.73049
6.20818
1.40848
4.46398
3.3011
9.07653
1.19339
1.69659
2.08203
3.19769
3.48307
8.31475
4.62773
6.80589
8.11725
5.52234
2.13109
3.93362
0.978343
3.81199
6.25412
5.28652
2.66618
1.16435
0.92503
0.820712
2.25994
1.04155
2.78815
7.18128
6.05784
0.822186
0.931292
2.97719
3.07336
4.21973
4.72665
1.43184
2.06911
8.37689
6.95497
6.2877
2.11556
1.98586
0.770235
3.29464
13.5924
0.460444
1.11117
4.45512
2.24338
2.53505
1.66877
2.52054
4.30116
5.12313
1.3875
0.726756
1.80978
9.40441
2.43941
0.66009
0.952776
1.27159
3.30896
5.8502
2.03984
1.66866
7.49097
9.31484
1.53764
3.14882
4.74966
3.86962
2.91148
2.65534
2.34413
1.17953
5.5802
1.08786
0.848327
0.971289
9.94501
3.39355
1.55666
2.48254
1.29767
8.28917
4.44784
0.727263
9.48053
5.80329
0.99905
3.51995
1.48894
3.59807
3.19836
9.67874
1.23194
4.87242
1.87712
4.9387
2.81729
11.6036
3.85916
2.70028
6.30703
4.87495
7.06251
2.93053
0.979284
2.63246
5.0789
1.98171
2.00456
1.54361
4.22952
2.41378
6.051
1.05226
0.535026
14.1057
9.98789
4.73472
4.8837
4.48783
0.68566
3.38213
0.755059
6.75316
4.7795
2.50331
0.960289
4.79211
4.89265
2.79937
8.95632
3.02052
4.48446
0.537699
1.59972
3.91738
11.5667
4.40739
2.53336
1.45826
1.2629
5.0438
2.10954
6.29255
6.45714
1.11703
4.11519
1.49564
6.94285
3.54978
4.44182
4.1829
0.801394
1.64225
5.37244
4.60534
1.87744
1.61755
6.49979
6.39463
3.36501
4.60066
3.93053
10.5407
4.79157
2.71615
0.388703
0.772858
2.55211
4.49314
1.95158
4.07582
2.18951
7.35018
2.09021
1.99596
2.88856
5.58949
1.69298
1.01396
9.22843
1.60494
4.26635
5.38788
1.00633
3.96356
0.222249
1.7376
1.49717
0.910033
9.16835
4.49073
1.20283
3.7382
6.24127
12.3567
7.16178
5.75245
2.59249
6.76518
5.04882
0.801683
0.924493
0.28445
2.53285
5.87902
1.14591
0.935894
5.88233
10.5801
2.36344
2.36692
3.35792
0.406299
3.6133
3.8428
1.0818
0.267225
5.0945
4.77768
3.6903
5.90071
0.77756
0.854492
3.15215
5.72108
8.26849
1.13996
2.74215
0.86121
3.30642
3.7834
4.07359
0.644732
2.19411
4.50983
14.6257
3.52188
6.14847
2.77363
3.2
13.1157
1.47486
0.999589
4.01218
0.903362
0.123095
5.19363
3.61455
2.11947
11.2004
1.21196
0.994797
0.90561
9.25998
3.22034
4.8576
2.41271
3.45774
1.8981
1.89199
2.66874
5.44574
1.02628
1.18988
1.87403
1.97658
3.25928
1.82489
8.33543
4.08307
0.62827
1.04522
1.29711
4.41901
4.23603
2.86821
7.29995
1.57398
9.80841
3.05016
0.460045
0.921059
6.55762
7.41233
0.761117
3.98389
6.63678
0.439385
0.977891
11.5055
2.94223
4.50818
2.94298
0.580541
1.16376
5.49228
2.05452
2.09885
3.66151
8.84704
4.11092
6.40409
4.46759
0.770943
1.62122
1.77191
1.85532
3.65289
1.24964
3.07989
8.57322
13.6413
4.3158
1.85955
4.12105
1.70544
6.53762
3.83315
1.03031
2.85202
12.2428
1.19108
1.14948
12.3624
1.83723
0.636486
2.03279
5.03043
2.52908
0.0645987
1.40325
1.90892
2.74494
1.85316
6.12641
3.23268
4.03653
0.691099
1.6338
5.07987
1.51467
1.58441
3.11411
7.17327
1.68989
0.577156
2.50983
0.821708
2.60292
1.71182
1.94429
6.95062
1.30713
3.76998
3.44874
3.67953
1.9623
2.22922
5.45975
1.86495
2.21837
3.47707
0.554725
4.47485
2.11832
2.07053
7.02306
0.806662
0.869287
7.36793
1.01754
4.35691
2.69098
3.01793
3.03142
2.41123
5.8305
5.04468
9.52683
2.62485
5.78748
0.936027
8.37997
3.7403
1.0726
0.632075
2.62068
0.732272
1.19857
3.80199
0.386684
2.43057
1.2873
14.0523
1.25557
4.81365
2.23641
6.87125
1.88999
2.33944
1.81434
1.453
4.77406
5.68364
0.601414
3.23277
2.44202
4.40473
2.50983
0.626966
1.49673
0.138805
0.76122
0.284291
2.72618
2.17764
1.52888
5.2664
1.02175
1.99066
5.94492
3.13654
5.59211
1.63537
4.39182
1.24756
8.73214
6.33478
4.51565
3.81682
8.92419
4.93021
4.72433
7.47342
1.41141
3.16398
1.11141
3.1291
6.18637
3.19965
0.957318
1.47876
0.531323
1.19005
4.32322
1.18305
1.64703
1.32637
4.04442
3.37137
4.20272
1.21282
2.22162
1.12539
3.03501
3.65331
5.48414
4.34443
2.30295
7.73504
0.526949
3.261
4.67783
2.49746
2.67251
2.68214
3.73057
4.58019
1.37142
8.22477
0.107284
1.47235
1.06768
2.90922
7.01328
1.61628
1.56718
0.939899
0.428753
9.43689
2.59416
0.493439
3.09431
3.49651
5.09142
6.99975
4.74936
3.22363
3.73997
3.84455
1.30377
1.11208
5.5508
7.71637
1.86423
4.3198
5.23569
1.03351
2.36911
5.5402
2.66668
7.30264
7.43607
4.35008
6.31547
0.643508
2.68092
4.3768
8.39006
7.71053
2.92218
1.32176
1.32789
1.22661
6.29433
7.01764
4.29948
1.92551
3.80144
0.540984
0.734837
0.749283
4.71803
1.83823
1.67789
0.201629
1.22714
4.3869
3.54844
3.04016
3.90727
1.15101
3.59382
1.15766
1.48604
3.45404
4.19046
1.17714
3.00112
1.33757
3.69763
2.30294
4.1013
8.69404
14.4549
0.304544
4.39577
0.712092
6.39555
6.21639
2.54695
3.69001
11.4471
10.2417
4.13463
0.253735
3.44193
2.13248
2.38598
3.34049
1.70217
1.58424
0.605693
0.644599
3.46128
1.92833
2.26111
3.54253
7.08273
9.42413
3.69717
1.78713
8.40942
6.03796
0.838991
3.89646
8.95489
2.24179
0.907458
4.73681
1.39063
5.03492
2.78858
4.17244
3.66394
0.877533
5.00323
0.642518
7.06814
4.134
3.26943
11.0802
4.06536
3.94035
0.771159
4.2312
8.89162
3.12704
6.84821
3.75759
1.87574
8.14321
9.3926
0.762823
2.87583
1.34742
0.387844
3.21565
0.496692
0.824256
2.33493
5.80245
0.882807
8.73156
3.46269
4.57865
8.69335
4.02651
2.8547
1.00755
1.73112
14.8042
5.12162
0.754649
5.73617
7.22701
2.61919
1.68545
5.89164
9.13603
4.83313
1.60652
1.51159
4.39186
3.7826
6.59233
6.59311
4.26217
5.25687
3.79118
1.08137
6.41694
1.77111
4.80205
2.18689
4.30698
0.747462
1.45292
1.24446
9.69316
3.6251
1.2202
3.33352
2.2164
13.7916
2.5746
4.41389
5.45263
7.76827
1.85804
4.90331
2.06597
8.15428
3.11894
4.96196
1.08784
8.44988
1.47172
5.26971
1.88161
5.49855
0.722901
3.57444
4.40201
1.95943
1.21759
5.96257
8.4416
6.58902
6.26747
2.52999
2.60188
0.353912
1.75368
0.823753
1.81215
0.934612
1.46406
7.51542
0.571327
3.6342
3.10277
2.24918
2.16051
3.42697
1.29554
4.22094
6.56253
2.47493
0.540308
2.70742
0.942655
3.36772
0.872882
0.481317
6.25574
1.71274
2.96311
1.97021
1.97981
3.58825
1.56647
1.10689
1.81843
0.643426
0.289916
9.65813
2.3775
4.4687
2.67397
4.98041
0.880026
3.2026
1.45644
2.08701
14.5843
5.88468
0.344056
7.538
3.99958
1.80217
3.07275
1.14865
1.03008
4.4007
1.2644
5.15372
1.70866
1.13329
0.798595
1.42157
3.97292
3.47834
3.49067
1.08437
8.29415
0.49433
5.81705
1.54023
3.96057
4.30697
1.1335
0.348059
0.444246
4.31217
0.464326
4.999
5.20628
10.0336
0.891689
3.15314
8.16658
0.672148
0.820786
2.30619
10.8599
1.97951
1.96043
6.31475
1.40439
2.84014
1.57494
1.80215
0.63917
3.86016
9.01533
1.375
11.06
7.85725
5.77291
1.18361
8.80475
1.25089
2.42578
2.83505
3.27345
0.293322
7.22493
2.78133
4.28557
3.39424
2.72275
6.28944
0.532353
2.12632
2.52876
3.10894
2.42934
1.03707
2.74752
0.697532
0.507891
11.548
0.863688
0.983034
3.57987
4.80602
5.19804
1.54282
0.644369
1.72541
3.3883
1.43646
6.18768
0.696072
11.0703
4.18003
5.09054
5.53244
0.910009
5.74369
3.67112
3.76403
0.571886
7.96428
5.00838
2.7807
0.632961
1.43929
1.74711
1.00027
2.21241
2.6739
5.70296
3.26912
1.06424
3.28886
2.97632
1.17756
1.52328
6.10097
2.30992
1.15698
2.49115
1.6498
1.43533
3.67694
0.333855
1.27769
5.92519
1.19562
7.30772
5.12174
4.36749
2.59232
1.05734
6.30991
0.813728
4.23192
2.18738
3.14108
2.62687
0.847857
5.44598
0.399268
1.29572
4.60014
6.66668
2.14938
2.54949
0.588821
0.477871
6.9121
4.69757
1.84012
0.306907
1.02417
7.74327
5.69079
3.89681
7.86228
1.05365
4.59251
5.28337
1.78532
2.41227
6.13518
1.01787
8.29209
5.11892
1.99333
0.83459
3.12831
7.58473
4.79972
4.23764
4.32194
1.9118
0.306608
4.79728
10.4743
10.0398
0.90983
3.52706
1.96314
2.41118
0.73874
2.00035
3.58449
2.444
5.96196
14.3778
4.4848
3.51522
4.23
0.952474
5.32932
3.62903
14.1616
8.50353
0.907148
2.08038
4.3963
0.366445
8.36249
2.68189
1.0026
2.16974
1.88218
2.0629
1.12095
5.09005
0.871026
1.19415
1.48342
1.51666
3.1118
7.077
3.30536
11.5446
6.50735
2.41195
3.12112
1.02622
2.95116
1.4826
4.44566
7.46942
2.9523
2.17803
4.12645
1.59651
1.27148
0.944066
5.33963
0.834817
2.66392
2.38249
3.6565
2.79087
3.88772
0.968946
1.48117
2.92602
1.94987
1.33865
6.23763
0.506724
10.3241
0.60461
3.12033
2.76075
2.63358
13.0339
5.07213
0.904618
0.396215
0.425832
7.4833
1.52316
0.921087
7.09434
1.24252
0.951161
2.15009
2.78481
8.63012
0.857852
4.65761
0.543651
5.92594
4.63482
4.08474
1.91787
3.12069
0.933912
0.551527
2.01751
1.88214
2.65136
6.49811
0.745295
1.02802
3.18559
0.544755
0.966727
3.92948
0.775954
3.12875
1.25397
3.58907
5.93139
5.68701
4.42453
1.21194
6.55608
1.12924
2.72408
3.09534
2.17865
5.3874
2.46877
9.97944
1.46511
1.13879
1.70876
1.32307
1.5007
0.436798
9.40731
4.49346
6.63316
10.9844
2.6803
1.36544
9.15641
10.5055
3.33033
4.28003
1.81672
3.99304
2.10043
0.271545
4.39274
2.17701
3.88574
4.76386
4.00667
3.22758
1.62711
0.283957
2.84808
4.17376
8.76449
0.851625
7.3078
2.26103
1.17805
1.23552
3.14456
7.43164
1.1273
3.6126
10.3741
1.21693
1.79599
3.47182
10.4176
4.18297
2.30493
7.28516
6.19654
1.70548
1.6511
1.7557
2.43013
6.78912
4.61724
5.54596
4.17187
2.42618
2.59079
7.88925
4.51704
11.1612
5.97649
11.9463
2.15415
1.54289
0.627784
3.92104
4.14106
0.889186
4.75064
4.27506
0.317299
0.867863
5.96025
5.03547
1.42287
1.10746
1.61718
1.12038
4.86031
5.03108
3.70249
3.09271
10.1166
0.896982
3.32395
5.85551
5.71377
10.745
0.790778
5.16684
2.33677
3.75467
1.32331
5.43571
3.33649
1.69533
1.41493
1.78441
9.19232
4.15339
0.718877
4.61519
3.90367
2.16218
3.22268
2.84298
1.89058
0.771436
3.58924
1.77052
2.85756
6.43654
0.8608
1.09091
2.99396
4.40889
1.48958
2.7443
0.527744
2.66251
5.79858
1.29651
1.18417
1.46027
4.19097
4.68152
5.15368
3.70374
6.90366
3.94127
1.27263
3.32143
5.63337
1.104
4.39827
0.950163
15.0114
6.92305
0.570061
10.7332
0.752377
10.716
0.278119
4.04702
4.82221
3.56768
10.2368
6.11185
8.8553
2.73148
1.32143
1.52728
1.85365
2.17091
0.899801
3.71385
5.776
3.80609
5.18794
0.996401
3.02043
2.22798
1.52692
0.673825
4.48105
4.22641
3.39137
8.1513
0.709239
1.11475
2.67907
7.33292
6.95393
11.998
1.21767
0.44959
2.56776
0.116487
0.731843
2.25657
6.14927
6.83938
4.41537
1.20717
5.85483
1.04794
9.84054
4.91269
3.52098
2.75234
14.6446
13.7147
2.83959
1.96356
1.83619
5.60329
1.1666
7.45507
1.08112
6.83836
7.27412
9.26455
1.76306
1.8905
1.21969
0.600103
1.26563
3.13841
1.19297
1.36432
0.805738
1.84051
10.897
7.83705
4.27818
2.52092
2.87444
3.70616
2.39958
1.97492
8.61509
2.67112
9.73276
1.55332
4.36676
3.40677
5.1067
4.91572
4.83738
4.42732
2.16673
1.82289
3.91419
2.73723
1.85652
7.73221
1.85071
2.19199
2.74201
1.46496
2.53603
2.57166
9.21087
1.01843
0.892271
4.90725
1.50033
6.11829
5.03509
6.1787
0.359522
3.35461
5.06539
4.63686
6.76499
1.29884
5.85822
1.44477
1.16735
3.25233
3.15057
6.61722
6.25232
0.985285
3.80039
3.74033
4.72464
6.38063
1.34038
6.58086
1.72778
9.56635
4.89089
1.36685
2.85365
3.30741
2.94997
8.45122
0.551268
1.05871
0.33133
1.03418
7.34691
2.65036
0.220257
1.29983
10.2672
0.622415
3.95589
1.49336
2.42326
2.65912
0.810836
0.25891
4.05901
1.40181
0.53297
8.01641
1.7146
6.22611
5.02633
2.34544
1.78621
0.550173
1.22878
0.243782
9.34059
1.01656
8.45463
0.893667
0.988121
2.2061
1.03713
1.87259
0.901007
4.81191
1.02227
2.69072
5.18116
6.02007
9.09234
2.26422
3.05188
1.15436
6.54581
6.49002
5.98421
8.89216
3.49704
0.92435
5.6346
5.13704
3.31913
5.49816
2.82662
0.778327
2.60878
4.14971
6.07439
0.230814
2.66714
3.51832
1.32394
1.44875
5.33881
2.159
5.96342
6.51703
1.62896
0.887945
2.76253
11.96
0.89423
11.4535
5.10347
6.53201
1.10783
2.34938
5.10287
10.6293
1.6237
4.88246
0.547975
8.95972
0.559821
0.952531
3.5926
1.98247
0.994076
6.94221
7.97202
4.03541
2.61952
5.69634
2.98788
3.97473
0.611652
8.79254
1.27558
11.2148
3.41809
8.0565
1.69714
0.823663
0.536775
1.92975
3.70111
3.33879
4.92719
0.427784
5.12864
4.8617
7.52801
4.67592
0.610893
1.17505
3.78978
3.9398
2.85537
0.733197
1.36322
2.28571
1.36698
5.06562
2.12384
5.31689
7.36289
10.1532
2.643
5.49046
3.60014
10.4197
3.6685
1.44333
1.97784
0.519327
0.320513
0.783034
5.88017
2.94299
3.78621
4.28889
3.39384
5.82008
13.1371
3.51442
1.99137
7.61537
4.20003
1.70378
6.90346
2.63851
4.56857
2.52411
1.38835
3.3152
1.06835
4.24384
4.37175
4.77658
7.32198
4.22831
4.55286
8.73209
3.28712
0.752447
5.33107
3.38604
9.12935
2.34574
1.02606
2.40691
6.66043
4.10094
3.39688
9.79375
4.50303
8.70428
7.00341
6.39417
2.02013
11.52
7.29429
5.59016
0.641035
0.463807
0.798412
3.83988
1.11146
1.39664
2.53303
10.1917
1.18384
1.27364
6.8492
4.78104
3.98595
0.69339
0.340878
0.974591
10.0796
4.04728
2.69422
3.89807
0.505465
5.59948
9.34288
0.577056
6.79189
1.52861
1.4287
1.36546
1.05642
2.71301
5.89418
3.45237
1.87578
2.55652
2.43096
5.10478
6.87524
0.718141
3.29935
1.14945
2.73032
2.28437
5.00761
3.97512
4.34585
0.542198
3.53744
3.87025
4.27696
4.18131
1.1125
5.23021
0.919268
3.10773
0.982792
6.2698
7.91866
9.23295
3.37914
3.8777
0.969103
3.7369
8.3188
1.07934
2.00638
3.51774
7.56135
11.9462
2.27391
5.32604
6.74244
3.61712
2.15586
0.858611
0.845746
0.515908
3.15243
3.21226
4.91214
1.46656
5.23853
7.8059
2.43309
6.74571
7.3136
1.59948
1.65913
12.4063
1.92217
0.901853
4.62139
0.748033
3.89824
2.50608
0.789949
3.78059
5.02682
5.29811
9.93104
3.5354
2.79649
1.03379
1.08487
0.984407
1.89251
9.18262
3.97979
0.778341
9.51368
3.449
9.44556
4.74733
0.571835
2.71081
2.05676
4.79428
2.84619
1.00595
4.5311
6.44844
0.306662
5.92365
5.29881
2.07196
1.14334
0.824019
7.06215
1.19327
11.8392
14.0186
7.06975
1.64314
11.2095
2.08077
3.09602
8.97627
3.60637
2.71537
1.78254
1.3023
7.29885
4.09095
5.57804
3.09369
0.856919
0.375435
7.53083
2.73026
3.92482
4.42913
13.9931
14.7705
4.0982
6.79762
1.00029
1.44974
3.56737
0.670189
4.75436
3.23266
4.48524
4.44462
11.3935
8.74095
2.14713
6.60047
3.22592
2.98603
1.97888
1.55446
1.91571
1.59001
0.775707
5.20891
0.686902
9.35219
2.35534
3.49657
4.41758
1.79922
1.07715
2.36805
1.19523
2.97722
1.21235
3.76707
14.3956
4.73838
2.48167
0.923069
0.602746
3.77283
1.74089
6.60654
0.764082
2.84198
0.967408
7.3639
1.72619
2.31678
2.3431
3.36489
1.04393
7.96766
0.841827
3.99223
0.840359
1.12419
2.11566
2.09151
5.17222
3.03967
10.4109
0.587154
6.85325
0.788612
14.6039
1.10183
7.83334
0.389845
1.85855
0.875768
0.726524
4.28072
1.32183
4.38991
0.89908
2.50405
3.67411
1.51896
0.682655
0.808786
2.53319
4.37132
1.41574
1.18563
3.42609
1.8442
3.23998
3.16052
12.9778
0.63759
3.46648
4.67327
6.5646
3.1944
6.63669
3.09963
2.53668
5.01544
1.25242
13.1837
1.05392
2.80307
0.86453
3.9519
3.96664
6.22323
4.61363
4.10785
1.32951
1.50808
0.788559
0.912127
0.505272
3.89438
3.93133
3.03178
1.44718
3.92797
2.87545
4.96885
1.3911
3.70125
0.367607
0.354201
5.7043
4.52444
8.53694
2.4745
6.77616
13.4974
4.24894
5.99923
2.7783
1.73674
2.62593
1.63886
3.53376
3.63808
3.89244
6.25633
3.44164
0.657634
5.63172
2.2887
1.49611
4.3701
1.00814
13.0105
7.98862
1.1853
5.46189
4.92587
1.40724
0.949669
5.85368
3.81015
4.58716
0.219749
3.61114
3.27988
1.42709
2.98827
2.06582
0.609355
3.90181
4.37661
0.509396
0.731714
2.86443
0.862896
2.4599
0.879286
0.558363
3.16765
0.474042
2.75895
3.27417
2.09139
1.77571
7.84911
2.16723
4.38204
1.88973
5.30468
0.539277
6.56939
6.13095
3.44783
7.79001
0.585514
2.0461
0.799501
0.753241
1.02079
1.96605
9.37551
2.511
4.44526
2.58754
1.40067
5.64105
3.45328
0.669168
0.864771
6.11828
0.969034
1.75441
0.987167
3.82077
6.22923
1.28254
2.77256
4.65696
3.23126
4.69742
0.540235
0.981785
3.38778
0.53463
3.24583
1.67959
3.92246
3.38159
5.33613
1.73429
1.51775
4.02596
1.68202
1.16054
2.52614
0.43141
3.48147
0.797539
4.94445
8.58925
3.51574
3.71503
2.85225
3.9047
0.965096
3.72915
5.11796
1.62048
3.91679
6.85516
5.69768
7.58868
7.64709
11.229
3.50576
5.29625
2.10697
0.322763
5.2258
2.99312
0.63467
5.04467
6.4497
5.63767
1.327
5.00072
5.96965
2.06487
1.86978
4.20831
3.50979
4.36276
3.71448
0.649653
0.659948
1.87123
1.10336
2.29617
3.86876
1.02223
9.09079
7.15028
2.52846
4.63677
2.74146
1.44915
3.06971
3.9973
13.6256
0.714168
4.08742
4.47301
2.47093
2.75216
2.27619
3.21909
0.780653
8.01181
2.90383
1.39209
4.49972
2.37322
11.2261
8.23024
6.46994
0.287626
0.993092
10.555
2.88685
4.71861
0.700585
3.52496
5.8503
0.66911
7.41091
0.801717
7.57113
2.26881
0.727123
1.47366
1.74644
3.63831
1.85233
0.52146
0.728676
6.08323
6.16691
5.10359
2.5714
4.68427
7.99322
2.12995
10.6485
9.95383
1.56954
6.38746
1.90152
4.30385
2.20189
4.21369
1.28149
0.620758
4.07158
1.45148
4.70546
4.35595
7.09863
4.86337
1.89712
1.73599
6.47399
9.90575
3.41925
0.65503
1.99006
7.69769
1.30155
0.644637
0.574209
2.97984
1.77668
1.38357
2.18622
2.28561
0.526369
7.37437
10.8329
2.3714
3.12158
2.29027
0.904127
6.8065
0.700606
1.6886
4.34533
1.49625
1.446
0.348475
3.63083
5.71771
3.09475
2.58604
4.86133
3.53979
2.11888
2.232
1.57697
3.67952
5.75253
6.79189
5.70133
3.00768
5.03423
0.725592
7.23331
0.956163
2.31814
5.15206
1.88159
2.86598
1.65892
5.52984
5.56733
0.901062
2.02782
5.58732
4.40779
6.2463
2.91296
4.89328
5.22433
0.432324
2.43525
2.34474
6.83841
2.35753
8.89208
1.15609
0.648937
0.664036
3.07275
0.844411
5.34585
1.05224
12.8914
0.692687
0.779905
4.18903
0.90699
2.41064
2.03603
4.06809
0.982931
3.44099
5.13546
0.585827
4.01259
0.752173
7.49325
1.66688
5.5601
1.44721
2.82516
0.58901
1.65653
2.91247
1.1167
5.04289
0.783919
1.87679
1.08822
8.44216
3.27023
2.62068
2.03846
6.48732
5.25584
2.09728
0.882795
1.2454
1.82639
4.17196
5.46511
0.6258
4.9056
0.666578
1.85549
6.66049
2.18042
1.76336
0.874166
2.87595
1.71811
1.04065
9.30378
5.47825
7.89663
2.94583
1.40872
1.71997
1.02279
2.71657
3.82421
1.68092
1.28119
9.77362
0.483096
4.65708
1.99302
4.70903
5.6526
0.323145
6.7121
6.41431
1.73035
2.11253
7.74205
3.9824
4.2755
0.763023
7.45365
4.1204
1.93641
11.8614
0.794622
8.48332
2.57061
5.61727
2.78066
4.97237
5.90147
2.87837
8.53161
7.60341
1.94128
1.25153
7.61595
3.57951
3.9434
4.25484
2.0846
0.649955
1.05144
1.55562
0.80454
1.35172
5.21128
3.96766
0.624432
3.95536
2.72627
1.69376
3.00197
2.50636
2.01057
4.54926
1.00922
5.52166
0.542614
2.60314
3.89441
0.725997
2.47407
5.22438
1.0952
3.12367
5.4367
1.21012
5.79906
6.33438
6.23679
1.71804
3.82419
4.70034
2.8803
3.15568
4.46747
6.65148
1.71079
4.08341
12.5619
2.46266
0.613604
2.88534
6.56092
3.60603
2.58119
4.77704
0.464959
1.29614
4.51582
14.1222
1.41388
0.565284
0.842181
3.32753
1.90558
1.22308
2.78685
5.73877
6.00883
1.14834
7.23258
6.28789
7.60749
1.32267
5.76475
8.70011
4.23846
7.95931
3.57926
6.29053
3.66086
0.313528
5.69072
4.64965
7.63456
5.60484
6.59976
5.69057
0.657499
9.2267
4.78197
0.62644
6.59365
3.38684
1.22841
4.27949
5.95831
1.76499
2.05797
3.20613
1.40155
3.31561
3.79912
1.41302
3.30402
8.77955
4.47592
1.20632
0.291732
3.47
1.18497
3.84156
5.72027
1.83097
3.25576
0.352372
0.896257
1.05259
3.09789
7.70641
2.52342
1.13497
4.57568
4.24533
1.73566
2.75073
6.07365
1.44486
2.29505
2.31635
1.77724
3.88512
6.91306
2.24658
3.74041
2.20981
4.40013
1.98272
4.09172
6.07435
2.40657
0.443104
4.40431
1.5397
0.63788
0.964307
4.08411
0.942691
5.57789
0.285564
7.70595
0.9255
1.9731
4.1672
2.10346
1.84014
3.91068
4.46267
6.82218
3.45886
1.05527
3.44108
0.56351
7.81434
0.433984
3.67191
2.47092
1.64259
0.987737
2.7849
0.691868
2.19585
8.05776
4.99302
0.656902
1.69747
3.94207
0.419963
0.717267
12.2378
3.85814
3.55659
4.49307
2.95811
1.47414
1.43948
2.85398
1.98954
0.909869
4.95334
0.823459
7.61918
11.7395
1.58563
1.26298
6.04934
1.89087
2.66575
4.57969
0.329186
3.64862
3.74008
2.47527
1.82489
3.68842
5.42844
1.73964
2.98815
0.710331
6.88909
0.874654
1.30193
5.97992
1.11087
6.84037
0.325468
8.50696
7.54762
2.03596
5.20031
3.69492
3.5079
5.18872
3.5666
4.35836
9.34038
3.24421
2.26313
2.65866
1.845
4.10441
4.467
4.84601
2.47399
6.65283
10.2559
1.3323
13.2557
1.69426
5.61818
3.13878
6.63831
0.848539
2.75084
6.77989
1.56093
0.998312
4.02981
8.34868
2.31648
6.38055
0.972373
3.72795
1.77573
2.14881
0.745524
4.24718
3.22517
10.3377
0.962797
5.17106
6.49393
2.70602
2.088
0.477595
2.38518
6.47623
9.73978
5.89695
1.87987
0.496168
1.42158
1.77595
2.25182
1.22172
14.8521
4.37391
3.18704
0.528252
0.976266
0.649237
1.64322
2.51123
5.27157
1.92935
2.20063
6.24733
6.34675
3.23794
0.978859
4.658
7.93714
0.687305
4.75126
1.35358
0.182655
4.35397
1.67322
3.31268
14.8757
0.880652
3.83174
0.964538
0.660341
2.1976
8.09325
0.527074
4.85558
5.26605
1.63857
1.32764
1.6989
7.00179
1.63192
5.43843
2.56265
2.62205
2.84029
4.99111
3.14714
0.697931
1.28873
8.10338
1.06754
6.65715
2.17359
1.22186
1.48369
8.84497
0.194994
2.0557
1.07884
3.83245
0.861482
7.95141
11.2424
6.07203
0.868814
12.3034
1.94883
0.85043
4.41927
3.211
5.38533
2.58339
6.13735
2.20865
4.51561
2.84657
1.85609
4.76875
2.63688
4.98386
3.28771
6.34117
4.73364
0.612776
1.74869
0.735722
5.57921
5.78135
10.4626
0.676077
2.66749
0.537767
10.7233
7.82756
1.07351
4.90916
10.4969
2.23513
1.39792
1.8674
8.33939
3.38635
1.31241
1.45463
2.32509
2.00009
1.54439
0.885247
0.398355
1.0951
2.57355
1.45394
3.35412
2.77905
0.564963
1.01664
1.01917
3.11337
5.25264
2.421
0.420167
2.29298
12.0745
5.18455
1.52566
5.47703
2.0798
2.74602
3.4849
5.6424
5.1625
0.777415
8.70031
4.61016
7.41627
3.12811
3.62558
4.80905
0.67932
2.26211
5.25765
5.48462
0.715177
0.988086
0.772738
5.432
5.77283
4.46725
7.54343
4.42572
0.89024
3.49043
1.04528
1.55569
3.32163
9.3414
1.29327
2.18411
4.69791
2.20203
1.59344
6.60595
0.808177
0.774502
5.9571
7.04062
4.77735
4.01691
2.58984
0.406734
2.80012
0.665515
0.762429
5.2331
3.8468
2.45436
1.54932
14.4092
0.273845
3.66035
12.4191
3.31347
6.82913
2.49129
3.25997
3.16654
1.30417
9.16646
9.61787
2.92366
4.87284
3.09158
7.2042
0.659625
0.247316
2.21973
4.19155
8.64668
10.1502
2.86919
0.836215
0.417369
3.99435
3.60817
1.07374
1.55352
1.75707
1.39228
1.73726
14.1672
3.93396
1.04964
1.27263
0.248753
9.38469
6.86399
7.86987
2.15295
1.99415
0.840379
5.91626
0.724652
0.416903
2.41102
0.819241
0.77299
3.29225
0.274079
3.09622
4.47817
5.38985
1.85927
4.25092
3.63683
1.30751
8.1472
0.399828
0.628272
7.45502
1.30869
0.732935
3.1084
3.57454
4.7702
3.78014
1.94223
0.453789
3.49552
3.41191
6.47052
2.50363
0.849855
1.0855
4.94361
0.691162
3.44273
8.12837
1.9487
3.72125
5.47321
2.30084
3.03347
5.36934
1.28981
9.17042
0.913146
2.88407
1.84221
1.38945
1.94708
0.818234
0.739543
2.04532
6.66977
1.50966
3.01911
3.83531
0.826978
2.55912
4.0949
10.209
1.54184
2.5109
5.27399
5.77069
4.05799
3.00875
1.6703
1.73909
5.79901
7.15072
1.22547
6.04916
2.06506
4.66488
0.284066
0.726905
2.63286
2.45882
0.800946
1.16965
6.10466
1.86065
0.227017
2.16474
2.45082
2.4904
0.300665
7.29271
0.316583
1.93931
9.11995
1.63907
6.28043
2.21227
3.29185
0.719086
2.17397
9.2542
1.42214
2.77557
4.51642
11.9219
5.15329
2.22549
0.895452
3.47544
8.26814
1.43043
1.50741
1.22885
8.14276
1.53249
1.93893
4.29742
14.6149
6.33323
5.03847
12.3643
0.788498
0.976927
2.54385
1.83868
0.841544
5.08885
5.95768
2.22034
4.60436
0.588156
4.77411
4.84732
0.802236
2.56853
0.535177
7.54854
6.2779
1.94579
4.00872
1.57645
3.74206
0.938434
0.750432
4.11059
6.48314
0.726776
5.41141
1.74145
1.43363
4.07386
1.30769
13.6665
5.28557
4.56151
2.86182
7.18109
2.44128
2.61936
1.62525
0.702156
2.94842
3.61295
7.53242
1.71006
8.98821
1.40481
5.0123
6.7819
8.26595
0.328637
0.666587
4.03264
1.7047
2.60573
9.38382
3.8954
5.12855
5.35835
3.37467
1.6188
0.319427
3.39367
0.605923
0.86895
0.344753
1.09767
8.32856
4.05904
9.66479
6.82038
1.07236
3.67598
4.05422
5.97086
0.633783
8.0258
3.72558
3.02301
9.8145
6.3157
0.947591
2.92781
0.337423
3.1518
1.68991
11.0905
8.01495
3.58953
0.347723
3.42658
1.3594
5.86228
4.09314
3.5976
1.10029
5.39819
4.31977
2.14579
2.43976
11.5608
6.28082
7.92267
2.31468
2.0104
1.82395
0.974038
4.74313
2.3767
4.21967
0.777152
3.48327
12.53
0.404271
2.58338
3.36693
3.54611
1.25152
1.67665
1.12845
0.566322
0.782026
0.569522
0.95716
0.829374
1.12125
1.29007
1.32519
4.44709
2.8446
4.3008
1.9745
0.639731
6.63378
1.46408
2.11817
2.0709
6.33593
5.83034
4.09354
3.18199
2.93435
3.00173
1.47615
2.96808
3.67078
3.00159
1.67211
8.59631
1.89235
0.720859
4.17182
4.77855
4.00252
2.40565
1.4947
0.633434
0.351936
1.93838
2.71731
5.17089
5.83403
6.43241
1.48193
3.39548
6.33062
4.35147
3.3385
0.586321
4.15996
0.859394
1.39458
3.92693
4.27509
2.94688
0.49272
3.97247
5.587
2.17888
2.16511
7.44987
1.65766
2.81896
7.19775
1.09189
11.914
3.53118
3.53379
5.09975
5.75252
1.51158
1.47897
3.83831
4.39366
7.37222
2.4838
4.29929
0.872264
0.972188
7.48142
9.03457
1.0986
1.31606
0.537125
0.415545
4.45008
3.46536
12.0337
0.54572
0.788922
2.28008
0.652357
2.22765
3.97886
6.57902
3.95402
13.9149
0.514978
5.35223
5.43003
9.63957
4.66852
8.53875
4.62262
0.277426
4.11127
1.0229
9.61094
4.44081
6.62058
1.84308
5.60296
1.72573
3.37568
4.25086
4.59071
1.8322
0.480028
0.769489
2.02991
8.66881
6.81121
2.21242
0.803094
1.95362
11.7757
4.41699
0.975625
4.79269
2.24952
0.726848
6.21466
2.92866
9.06669
6.79113
3.30738
0.929098
3.33018
14.8361
4.01796
2.4555
5.58617
0.670129
4.61747
6.02176
2.39633
3.03799
6.16345
3.34458
6.63886
2.69302
4.06249
1.60976
3.6451
8.95712
2.70093
2.25694
3.83414
1.66179
2.14946
0.682854
1.36669
10.7241
6.74513
7.89187
2.96936
7.50034
10.3362
0.603469
2.0487
1.97021
2.07737
2.01748
3.7917
0.731132
6.93028
4.06146
3.72561
9.76687
1.90776
0.805341
3.68601
6.56986
2.81965
2.45405
4.33916
1.83821
0.328292
9.27851
0.509157
1.35719
2.52198
1.65623
1.47622
2.15822
4.23516
4.58584
0.959906
2.72676
3.20857
0.269299
1.00473
1.62082
3.44518
1.46953
7.40374
1.64059
12.1268
0.908832
4.55948
6.46378
0.929828
5.77968
1.92739
3.67893
5.02525
0.805582
1.64479
0.720871
4.12421
1.45346
4.37015
0.431646
2.85982
0.8955
2.459
1.21265
3.15198
2.80851
8.87521
0.692667
4.11383
2.38664
5.02257
2.19224
3.12234
4.69083
2.82582
3.96248
6.87747
1.4171
2.73968
7.40862
3.36936
2.35425
0.835872
2.2512
1.58031
4.51692
2.8859
3.85512
1.07682
1.62443
5.37383
1.64614
1.3336
11.4429
1.04148
1.16301
5.4099
2.21048
1.22358
0.779496
3.57326
2.04395
2.97235
2.96286
0.956888
4.60899
3.7432
4.46848
5.95732
0.421172
0.594781
1.19713
0.812526
2.92305
9.51183
1.37272
0.692424
3.12295
4.41319
1.76788
1.29914
1.21256
2.24911
4.54611
1.00026
1.27536
0.37494
10.1183
3.23515
0.28964
0.741984
1.79058
0.62338
1.06376
0.986207
2.13508
2.26894
4.48514
3.45345
6.20643
0.584822
6.05205
3.67693
7.26804
3.20565
2.92786
2.98347
8.66251
4.11904
1.86097
5.15152
2.6927
10.0484
1.72082
4.06905
1.86243
3.54624
5.45502
4.16711
4.51045
2.45839
7.09887
0.55773
14.4395
1.5579
0.897062
1.60422
1.34438
1.12433
3.04288
0.370379
2.42626
13.4219
6.01655
1.08227
4.1869
0.642773
4.36661
0.516805
2.82785
3.59529
1.77921
1.94024
2.4503
1.09065
7.15124
3.83727
2.07426
5.35077
0.598796
2.29075
1.00658
1.59059
10.6472
0.684905
5.01356
4.33668
1.21539
5.50287
3.79005
0.643557
1.09533
3.73839
2.53673
7.62779
5.88556
1.88413
1.90249
1.94782
1.46469
1.30342
1.03931
3.1387
0.96402
1.1648
10.5968
9.59877
3.85873
2.83053
1.65787
0.944632
1.32725
2.81062
1.97205
4.07855
1.45748
1.88642
1.59278
3.34236
3.72191
6.80799
1.11793
0.501065
0.518383
7.38228
5.01254
8.62826
2.43178
5.47776
3.03887
1.34561
7.35446
2.58796
2.14106
3.21672
0.977059
1.07399
1.34403
3.5263
6.05844
0.991982
2.10493
3.4226
1.62528
0.906012
0.873662
1.11865
2.71059
10.6484
7.17726
3.77223
6.62546
9.24382
6.50998
7.41356
1.79957
0.338788
9.57796
0.995926
1.17624
1.07859
1.44542
7.88018
3.12755
2.19601
2.62325
0.783067
1.14361
6.34414
10.8764
1.37575
1.48994
1.54725
6.92202
10.2843
8.2713
0.674053
9.33044
9.99711
2.83923
4.62241
4.15845
11.4938
2.4144
0.665961
11.2267
10.0633
3.5233
6.90666
0.607474
1.48302
2.04067
5.25716
3.95787
13.1726
3.13703
1.02619
0.889081
5.78669
6.18594
1.42801
5.47979
7.16766
3.57053
0.60432
1.1126
0.721172
1.49816
9.68192
5.39051
9.66507
0.929129
2.94039
4.26592
4.15401
1.23163
3.37427
1.34483
1.13383
4.01523
6.32654
6.83462
4.27244
0.643392
0.969702
5.29287
2.04936
2.0056
2.23873
1.59795
2.4615
1.54012
0.664389
0.492718
3.05625
2.8207
1.22235
1.7565
3.27113
7.96814
6.76207
2.84539
3.34482
0.711123
2.05361
4.23618
2.79578
1.41479
0.727877
1.78219
8.18585
3.99757
3.42857
3.53463
0.956072
2.98608
7.21225
2.04937
6.59723
1.32383
0.200849
0.58488
9.32965
2.85033
4.98957
3.64695
14.0515
1.35256
2.46959
11.4838
0.354627
5.78266
2.60802
1.16867
4.49597
1.81732
0.781464
0.964348
2.6908
2.50403
1.0441
1.28813
3.24221
11.1024
7.7702
1.2786
3.16847
1.40143
0.750092
0.871466
0.970968
0.953355
8.08253
9.50046
1.25761
6.34343
1.36193
1.32273
5.32836
2.10771
1.35873
3.32944
4.16382
3.91108
10.9273
1.59636
4.8418
4.69397
4.05303
11.5948
13.6044
3.86917
14.4784
13.5575
2.45375
3.84808
4.52733
0.466583
0.939195
0.450135
11.7114
1.36249
0.457033
3.47067
1.07436
3.33794
13.1269
4.70068
2.47293
2.84731
4.06207
0.635764
1.29116
1.79841
1.644
6.27159
5.03208
3.4667
5.07749
15.1876
1.15238
2.94851
4.35252
5.55455
3.87856
1.40972
1.23287
3.89942
2.84487
1.40001
4.28156
2.83628
3.15415
4.07186
0.392603
9.36661
2.86406
5.88384
6.264
1.89094
1.03891
1.29929
0.912435
3.70011
1.18185
3.90885
3.48743
0.652404
1.26937
3.27763
0.711916
10.9091
0.721327
0.648047
2.57252
4.43535
3.97677
0.410188
5.75999
3.38112
11.8231
5.32793
10.1642
8.32161
1.40016
6.87531
2.51144
5.19841
1.8177
1.07071
7.45258
2.73106
3.59089
3.67602
13.7743
1.11146
5.70455
0.259577
3.80386
10.2689
0.58217
4.46511
3.19898
6.57032
2.03562
2.65874
0.567431
2.72792
0.66077
4.09604
2.96218
5.46143
3.26163
1.35753
1.49647
1.08731
14.2497
4.20286
14.0276
6.48018
3.10486
7.38006
4.48213
0.734963
0.45135
2.17073
3.21855
4.14064
2.47471
4.96721
5.47954
5.19309
5.90921
3.37748
2.39598
5.79702
1.0113
5.65199
2.92845
3.13036
0.608531
1.1706
2.31819
0.346785
4.13984
3.78917
2.02039
2.38355
3.26137
7.06872
2.73551
2.9794
0.772306
1.29901
0.408915
3.73779
5.13886
0.539256
1.60466
3.90133
1.20263
3.15966
4.38903
1.77044
3.73803
7.19461
2.06472
2.51644
2.66006
8.45844
5.02806
0.684117
3.25001
6.1521
2.13257
0.79563
1.5356
5.35079
4.33247
3.49896
4.43967
2.68438
8.00329
0.62718
4.21528
5.05829
2.04345
3.4391
2.75742
7.23166
12.3779
6.519
0.139762
4.17531
1.36074
0.874323
1.66788
1.63161
0.491888
4.0661
2.44343
8.65246
1.81736
2.22749
0.175981
2.33063
7.98093
4.00344
1.99487
0.947501
3.84307
5.63204
0.628506
9.57545
3.2453
0.498649
3.31668
9.95834
5.43478
6.12704
1.18463
1.40192
1.59294
7.05349
1.73238
1.57961
3.55853
6.47569
2.98835
3.23766
0.942298
4.61916
1.04422
3.65055
6.64646
1.54218
1.56808
10.0922
4.96472
1.20885
1.27041
0.998114
2.86123
11.2821
2.83741
4.35948
3.05749
4.14796
0.808072
0.649361
14.4939
4.1537
1.03798
0.584897
2.65887
4.50836
4.66575
13.8203
1.30531
4.46791
13.3594
0.623548
0.475973
0.992614
6.16722
4.42892
3.86111
5.52462
2.92446
2.32412
3.76633
4.4733
1.66842
10.868
1.73045
0.542465
2.01925
2.64811
1.7688
4.47609
3.55428
1.98423
4.32269
5.85475
0.358773
1.01244
4.0385
3.3526
0.452433
3.82117
1.85504
0.354864
2.56562
1.27867
4.2032
0.98474
0.259978
10.3565
0.592459
3.96967
1.53326
7.21763
0.59127
1.16851
7.5061
2.21804
7.99729
9.8949
1.7017
5.53396
0.865305
1.46129
1.28873
0.708924
12.6692
0.629128
12.6942
0.711664
5.40869
2.41441
2.87959
2.25859
4.2234
1.25425
1.87037
2.82599
3.24298
5.05574
2.98371
1.87359
8.11786
2.65405
9.33614
0.527473
5.81182
2.32892
5.80538
0.916998
6.13342
2.30889
2.40881
3.24311
2.06981
