0.810017
0.223799
1.77675
1.66685
3.00872
2.33864
2.55913
0.293433
0.411626
1.3636
0.959035
1.2521
0.675803
1.88074
0.750826
0.298365
1.92281
0.846768
1.66052
0.717719
1.27776
0.550657
0.454313
0.591639
2.12701
0.881623
0.744012
1.46369
0.485992
0.85541
0.867451
0.762627
1.56861
2.44868
0.997793
2.10033
1.52819
0.809678
5.35084
2.20327
2.46965
0.63679
0.716094
0.693911
0.78132
0.956623
3.65204
0.973348
0.874413
0.329008
1.18287
2.06173
0.308846
0.600955
1.90972
0.715748
1.12835
1.59668
0.490692
1.10073
2.10509
2.71537
1.30184
1.02917
0.379807
0.724738
0.61603
0.782729
0.659249
1.0633
0.926952
0.459869
0.845113
1.19498
0.717177
0.670619
0.693858
0.235822
1.05204
1.4583
0.852811
1.17316
1.55307
0.960252
1.08924
0.476811
0.936314
0.373453
0.492398
1.35275
0.786381
1.96307
1.24606
1.89518
1.16671
1.45914
0.694411
0.680836
1.08121
0.715145
0.491563
2.89139
3.76081
1.0374
0.753183
0.558477
0.954595
0.384534
0.251816
0.646532
1.8233
1.86321
0.472677
0.665285
1.09044
0.786243
2.53254
0.100995
0.935849
0.273708
0.651021
1.2139
0.723162
0.152157
1.38848
0.672792
1.3852
0.625595
2.41067
0.721863
0.559374
0.704332
1.40213
0.639614
1.12014
1.02725
4.23683
0.604621
0.397353
0.717313
1.04628
0.51786
1.11217
0.95526
1.12246
0.318685
1.16408
0.377855
0.730211
0.724922
0.884344
2.11993
2.18325
4.06607
0.903709
0.534917
0.732697
2.44674
0.874117
0.481759
0.279233
1.30137
0.453268
0.69138
0.640112
1.0111
1.50463
0.627325
0.717592
0.182961
0.766539
0.489703
1.18078
0.865552
1.93543
0.85973
1.22638
1.44933
0.863107
1.43018
0.958653
0.631649
4.52336
1.03925
0.724452
0.557318
1.34732
0.54699
0.366262
1.3704
1.21158
3.12728
0.869858
1.01027
0.796183
0.982956
0.771413
0.501041
1.15957
1.02079
0.813826
7.45661
1.48569
2.04555
0.386784
0.225988
0.865787
1.05624
0.837288
0.707508
1.09391
0.907537
1.44213
1.00456
0.721495
0.358599
0.902514
1.02637
2.21866
1.2038
1.11258
1.35126
0.9241
1.38215
0.649086
1.1302
0.936028
0.285772
1.57617
0.825978
1.41509
3.57214
1.30351
1.06393
0.81393
0.870844
0.795202
0.938556
4.19163
0.814477
1.31011
0.228706
1.31478
0.670762
0.339548
1.1373
1.71106
0.895063
0.591589
0.251045
0.414074
0.917029
1.21321
2.02542
3.69242
1.46123
1.22161
0.630765
0.619714
1.0264
0.542864
2.02279
0.882277
0.892632
0.606015
3.47933
1.46132
0.778904
0.350346
0.800229
1.65071
0.671931
1.89992
1.37297
4.88877
7.06821
0.54575
3.12777
0.90216
0.738515
2.24691
1.27614
0.132796
0.892478
0.910612
1.48649
0.724565
0.799873
0.313347
0.521128
0.290162
0.313487
1.35412
1.1435
0.659326
0.865605
1.16133
0.634659
1.83958
0.784143
1.87855
0.873019
0.209302
2.59533
1.88108
5.09296
0.458879
1.42084
0.802542
0.927383
0.604387
0.483213
2.40497
1.10706
0.366223
1.42455
0.579392
0.714882
1.03326
1.08819
0.89597
2.409
0.515666
0.430207
0.485301
0.76015
0.810648
0.75973
0.808252
0.470644
0.757529
0.782844
1.29094
0.494788
0.494948
2.01033
1.26876
0.714231
0.419335
0.951946
1.07268
1.41409
0.22545
1.48726
0.941293
0.161275
0.514444
1.46433
0.714525
1.16509
0.530812
0.89683
0.25275
1.384
0.261916
0.46357
1.57414
1.15673
0.902694
2.46705
0.328785
0.426624
0.632172
0.510666
0.905789
1.74359
1.41523
1.25138
0.492195
0.945953
3.29956
1.22113
0.922328
0.671205
1.13981
0.529171
3.09382
1.84325
0.504018
2.08934
1.46031
1.76673
0.385751
0.74033
0.71936
0.337606
0.0479033
0.967013
0.291898
0.410636
1.36675
0.733001
1.17458
1.73988
1.04265
1.11487
0.605358
0.918707
2.40922
1.10593
1.51913
1.15859
5.86438
0.557633
0.541585
1.01218
0.722753
1.52801
0.649491
1.05032
2.33378
1.85774
0.809039
2.21573
1.56739
0.503125
1.18219
1.8035
0.549837
0.728022
0.287041
0.764769
0.546595
1.24183
0.670432
0.461764
1.78434
0.972766
6.03146
0.846394
1.55802
1.33938
1.40601
1.53464
1.21412
2.0291
1.26436
1.06031
0.497367
1.39245
1.09373
0.380806
1.83456
0.82143
0.8358
0.351732
1.09493
0.948529
1.05468
1.15999
0.65163
0.356663
1.15419
0.7749
0.281961
0.756934
0.901376
0.54537
1.63215
0.289739
0.810708
0.461963
1.3977
0.773754
1.25979
0.50173
0.716112
1.43939
0.253936
0.403416
1.4469
0.57294
2.85723
0.467776
0.983735
0.567949
0.712976
1.0879
1.23299
0.734398
0.798817
0.684216
1.06808
1.06189
1.21538
0.560019
1.56101
0.576208
1.04865
1.49322
0.659066
0.407884
1.50513
0.433397
1.09415
5.13968
0.938206
0.971455
0.429726
1.30107
0.266485
0.648648
0.866436
0.9228
3.13101
0.348391
0.253462
0.45702
0.216172
0.826496
0.656391
0.451284
0.877652
1.02796
0.853863
0.924297
0.558833
0.619246
0.895539
2.53453
1.29839
0.698101
0.622378
0.858942
0.561084
0.949023
0.212074
0.508926
0.82315
1.01915
0.429414
0.6925
1.14128
0.860599
1.04852
1.65447
0.495782
0.642197
3.98817
3.42999
1.86451
0.666061
1.75196
1.69665
0.738381
0.526059
1.56981
0.792055
0.611141
0.280819
1.30674
0.145557
0.910025
0.985983
1.27085
0.930097
1.16251
0.966375
0.764623
2.23933
0.858332
0.411083
1.65631
1.05707
1.5909
0.680949
0.65902
0.910501
1.01554
0.343105
0.175047
0.607924
1.33767
0.322926
0.804913
1.19206
0.960106
0.786644
0.959964
0.655412
1.38148
0.83015
0.863104
0.445459
0.686359
1.02457
0.315418
0.639687
1.61342
1.51456
0.605609
1.16055
1.77305
2.99615
0.460214
2.22649
0.907833
1.11976
0.329467
1.66667
1.55251
0.71924
1.25499
0.624592
0.583303
0.396991
2.89726
0.613626
0.390527
0.589356
0.906733
1.06801
1.19383
0.688689
5.17998
1.08631
0.761441
1.58814
0.797965
1.85568
0.802865
0.575283
3.06098
1.35534
0.772556
1.09137
0.834885
1.15716
2.97395
0.725974
0.159576
0.547125
1.05962
0.851531
3.11095
1.62701
0.776961
0.645547
5.04612
3.08208
0.944875
1.23962
0.250832
1.14165
0.926505
0.362882
0.343236
0.847893
1.40784
0.446268
0.634681
0.457167
1.30603
1.35608
1.20946
1.17428
1.28358
0.415808
1.46836
0.611976
0.824023
0.285905
0.130098
0.908821
1.06801
0.850263
1.2536
0.40564
1.57817
0.886057
2.30269
2.31033
0.670782
0.963513
1.5719
1.28054
1.62829
0.494855
1.02068
1.33445
1.17856
0.946873
0.778381
0.455723
0.470349
0.987173
4.27093
0.889513
0.925902
0.0984468
0.613325
0.925832
1.0303
0.652311
0.726027
0.565848
0.622022
0.891821
0.984524
3.58717
1.29796
1.52902
0.690436
0.386012
1.56828
0.791354
1.95606
2.03619
3.33451
1.20794
0.59257
1.18055
0.145872
0.833655
3.84337
0.950827
3.39184
0.633419
0.882245
0.335178
0.712553
1.28272
0.989195
0.922839
2.33163
1.15609
0.618368
1.44962
0.258671
0.220037
1.69863
0.651695
0.384781
2.41439
3.20751
0.996331
0.648657
2.47321
0.526741
0.441972
0.373676
0.983266
0.208808
2.0282
1.47829
0.382317
0.790365
1.00994
2.56869
1.35345
0.336265
1.55772
0.790182
1.11878
1.07775
0.733656
0.973541
0.639112
2.15593
0.356684
0.503497
1.50283
0.392032
0.941759
1.22514
0.731554
4.49229
0.632387
0.800243
0.595512
1.40636
1.15098
1.27817
1.23982
0.666489
1.63384
1.09248
0.415934
1.32285
2.7921
1.19132
0.427129
0.447531
1.23175
1.17885
0.582783
1.34682
3.14353
0.362139
1.29795
0.560029
1.32652
0.86548
0.848243
0.784926
0.307599
0.401132
1.11502
1.21546
0.979133
0.836377
4.02775
1.01164
0.287243
0.749333
0.943609
0.405607
0.96579
1.01848
1.07538
0.638554
1.56135
0.377131
3.77205
2.53247
1.63731
0.652228
0.891676
0.476302
1.02163
0.406319
0.754083
0.436348
0.887881
1.02192
1.25912
0.348188
0.547202
0.626944
0.925257
1.8448
0.323201
1.07106
1.065
1.19085
1.35258
0.543105
1.04898
1.02903
1.38883
1.02312
2.35569
1.02793
0.835584
0.871122
1.14529
1.25563
0.804231
3.05739
1.41798
0.546803
0.361796
0.267171
2.21337
1.03888
1.47749
0.851192
0.607085
0.241752
0.492844
1.47326
1.14787
2.80752
0.905895
0.971854
0.339206
1.00368
1.90738
0.116065
1.01781
0.865507
0.786189
0.349
0.693195
0.86071
2.98989
0.368111
1.17285
0.874378
0.453849
2.55616
1.29987
0.792967
0.74984
0.263806
0.556287
1.17544
0.619018
0.759862
1.10862
3.47979
2.07311
1.29144
0.713484
1.28884
1.22109
0.507673
0.867381
0.164437
0.335453
0.244868
2.17948
0.46082
0.820721
0.873497
1.408
0.873138
3.35529
2.33438
1.5519
2.11256
0.376471
0.792651
0.574284
0.820344
0.454228
1.97378
1.0808
1.51318
1.17123
5.27485
1.60317
0.949161
1.33922
0.727239
0.502124
0.903101
3.56255
1.27285
0.738436
1.95453
2.84894
0.992058
1.18781
1.84165
1.03405
0.694147
0.58276
2.43319
1.07552
1.24109
0.923361
10.5095
1.02259
1.34752
0.113824
0.097819
0.560686
0.955653
1.59145
1.06566
0.50044
0.704968
0.589537
0.609411
1.64904
0.856704
1.4838
0.965063
0.878002
0.912629
0.747584
3.07731
0.4303
0.716893
0.231949
2.41231
1.29176
1.26809
0.194791
1.85753
1.32836
1.1546
1.13714
0.420416
0.890592
0.863413
1.43913
1.10353
0.677355
0.707776
0.708725
0.744638
0.141401
0.437979
0.621537
1.14271
0.639091
0.948863
0.791251
0.641142
0.609537
0.974598
1.33368
0.377283
1.38384
0.819456
1.8942
1.19021
0.830023
1.14976
2.16575
0.401843
1.06986
0.986399
1.22515
1.89378
0.62788
0.528921
0.952822
3.46018
4.52866
0.577318
1.37984
1.00183
1.26864
0.32115
2.03807
0.737127
0.810359
3.22741
1.69015
2.08577
0.935252
0.880253
0.734501
0.23022
0.37193
0.507085
0.297521
0.672704
0.788954
0.25049
5.72165
0.847671
0.981338
0.561909
1.09815
0.629564
3.61484
1.55862
0.735539
0.291361
1.56286
1.63659
1.26265
1.47526
1.06666
0.316988
1.51874
0.313095
0.750304
3.42328
0.914075
0.666214
0.741303
1.34543
2.4989
1.16782
2.03594
1.46123
0.22301
0.518216
0.516191
0.736337
2.2185
0.272572
2.92369
1.17998
0.695609
0.8976
0.927385
1.36085
0.827465
0.47996
1.04917
0.930018
1.71836
1.21496
1.61844
1.70908
1.27977
2.16323
1.96924
0.622713
0.847829
0.507162
0.87174
1.24905
1.53901
0.447213
0.652524
0.809585
1.48279
0.736976
0.660716
0.546943
1.19789
3.51187
0.880112
0.817503
0.630494
1.14467
1.4931
1.05205
0.938385
4.24117
1.24408
0.840303
2.4457
0.560267
1.38313
1.3704
0.980051
0.549673
1.40617
0.370886
1.09761
1.66092
6.58354
0.564303
1.01715
1.4106
1.41185
1.46878
0.745949
0.362507
0.700449
1.49968
0.464467
0.574968
1.0826
1.22798
1.20712
0.424928
0.658468
0.746704
0.345779
0.349893
0.935239
0.76654
0.768898
1.03975
0.764419
0.659642
1.86968
0.518137
1.48273
0.781155
0.964831
0.484738
1.08833
0.568671
2.39641
0.886475
1.39266
3.3247
1.98852
0.643279
0.81788
0.853432
1.28708
0.647584
0.967119
0.929816
0.11041
0.482051
1.47861
0.387805
1.10114
0.525826
2.08192
0.570571
0.968808
1.23958
1.15469
0.803669
0.900732
1.03487
0.622076
1.15197
0.40182
1.41506
1.59971
0.745627
0.719871
0.566583
0.530359
0.44253
0.580716
0.920447
1.16647
0.377503
1.02041
0.701292
0.389645
0.419652
0.819732
0.991344
0.791913
0.883057
0.939609
0.869485
0.568553
0.96078
0.63046
2.0208
0.425378
0.320991
0.301443
0.508316
1.46791
1.34743
0.80806
1.0697
1.04149
0.66369
2.18063
2.16826
0.304452
0.765495
0.617659
0.752824
0.770533
2.2312
0.776043
1.47037
0.554829
0.747672
0.910942
0.284644
2.04883
1.28384
0.758785
4.62787
0.609426
0.812064
0.379982
0.870804
1.11642
0.748947
0.497919
0.67061
0.252974
0.66648
2.56302
0.546403
0.942879
0.231716
0.566026
0.437052
1.00228
0.641597
0.295208
0.41796
0.65893
0.815489
1.77184
0.555668
0.82778
1.61118
0.400995
2.26888
1.7987
0.516039
0.833927
0.967914
0.433525
1.65864
1.18148
1.49251
0.896999
0.420695
0.756323
0.37567
1.12862
0.603317
1.0732
1.20966
0.590168
0.756383
0.669908
0.698518
1.35598
1.10734
1.10895
1.17286
0.755291
1.567
0.780876
1.76286
1.32106
0.879247
1.35086
0.979108
1.595
1.26718
0.572625
0.861716
1.96194
0.962504
0.509294
0.433848
0.96003
0.320588
1.00589
3.364
1.1827
1.20415
1.72721
1.1804
1.47661
2.86679
0.636265
1.37792
0.846555
2.55681
0.635425
0.741817
1.531
1.04479
0.606635
0.62268
0.643275
3.05385
0.455142
0.576929
1.11531
0.316504
1.14953
1.01391
2.31055
0.771155
1.40975
1.82915
0.842576
1.03007
1.26288
0.294886
0.710319
0.659595
1.28723
3.75545
0.927614
0.489467
0.955275
1.38435
1.39643
0.390398
0.82324
0.774585
1.5054
0.708425
1.69286
0.669668
0.737143
0.330239
0.33674
6.66094
0.530872
0.868153
0.576296
0.558978
0.953141
0.998152
1.14985
0.384008
0.370518
0.901738
0.820109
0.944304
0.338043
12.338
4.64324
0.530248
0.618266
0.784325
0.613017
0.875742
0.868383
0.849021
1.33502
0.625132
1.40172
2.48885
0.755275
0.882193
1.02478
1.60069
1.81675
0.969286
0.376651
1.62161
0.910032
0.85741
0.212726
0.984385
12.1756
1.84603
0.58289
0.558087
0.882872
1.99737
1.05892
0.715531
0.939578
0.779956
1.28275
1.15928
0.867425
1.22926
1.91452
1.70071
1.65717
1.98641
0.637475
0.84139
0.691567
1.31838
0.407138
0.864035
0.411683
0.615299
1.10808
0.559911
1.17926
0.710524
1.27619
1.10326
0.457247
0.806933
1.72922
0.561992
1.0078
3.56174
1.16579
0.610878
3.26133
2.98494
0.241136
1.57347
0.70965
0.198512
1.05417
1.27419
1.04902
5.76569
0.344559
0.820281
2.10069
0.510622
0.595147
1.09458
3.35293
0.969157
0.396985
1.09053
0.847245
2.97457
5.04589
0.597573
0.846709
2.61255
0.862467
0.951507
0.951699
0.683071
2.11113
0.807494
2.63177
2.15258
0.905882
0.952858
2.77281
0.577053
0.66336
1.31181
1.15414
1.52423
0.326985
1.63811
0.456836
1.04863
0.573084
0.887269
0.915082
1.65578
2.36741
0.962463
0.843485
0.356099
1.40884
1.26329
1.36894
0.940104
0.607669
1.27822
3.36839
1.19384
2.70066
0.466303
0.444286
1.23771
2.51863
1.81812
0.473109
1.27695
1.54539
1.34822
1.02566
0.868974
1.05964
0.921553
0.801126
0.788686
0.811063
1.07908
4.14025
0.683885
1.26827
2.52252
2.15939
1.24332
1.04866
1.48208
1.05141
0.345714
1.49493
0.482335
0.742797
0.852168
0.886483
0.834814
0.749052
0.981424
0.572986
0.217845
0.75743
0.559975
1.30684
0.807769
4.28287
0.87473
1.25676
2.47111
0.066531
0.662393
2.67394
1.15521
0.920558
0.801523
1.26634
2.05293
0.643057
0.635406
1.07406
0.961101
0.770707
0.846057
0.811477
0.5275
0.733064
0.345399
0.54419
0.316662
1.3012
0.808578
0.928949
0.740708
1.25668
1.51138
0.948617
0.984464
1.32985
0.16044
1.35766
0.321746
0.846306
0.934694
1.11783
0.792633
1.60534
1.73122
0.55819
0.426555
0.386877
0.61592
0.529967
0.901304
1.71298
1.01104
1.47606
1.13131
0.876908
0.466855
0.46876
1.64868
1.39518
0.637249
0.662938
2.86835
0.45661
0.792302
3.74801
1.03855
0.400203
0.670916
1.72235
1.15713
0.905754
0.934401
0.807226
0.576837
0.925742
4.03447
1.05955
1.66783
1.35359
1.19692
0.753004
0.717067
1.20552
0.451065
1.26329
1.20302
0.95127
0.568684
1.53045
0.656046
2.44303
0.577576
0.110352
0.777704
1.17475
0.601036
0.764949
1.14153
0.929701
1.33053
2.18873
0.703518
0.82161
0.338997
0.397007
0.772395
0.822467
0.618737
1.26888
1.7928
1.10525
0.944053
0.715088
0.261133
0.523734
0.946042
1.18288
0.506982
0.977492
0.313153
1.30147
0.794118
0.258235
1.38404
0.267401
1.2451
0.674588
4.03673
8.15549
1.67206
1.08288
0.348453
0.347515
0.691719
0.804325
0.861887
0.886001
0.522705
2.34333
0.661007
1.3791
1.70714
1.23554
1.5189
0.815114
1.19555
0.808377
1.99285
1.10734
0.905625
3.87135
3.22062
0.675085
0.346985
2.17334
0.295961
0.564489
3.07616
4.60305
0.535641
0.999215
1.0529
0.646197
0.866999
0.659849
0.959089
0.968324
0.382336
0.903875
0.967386
1.07153
0.391338
1.17676
1.05147
0.906772
1.36635
0.854421
1.04151
4.79491
1.01113
0.42647
0.697296
0.389171
0.279724
0.957701
0.991627
2.06095
0.602055
1.0886
0.528462
0.476478
1.5961
1.43299
0.240311
0.639231
0.670318
0.943268
1.08826
0.398522
0.681376
1.6569
0.378595
1.42616
0.623498
1.05471
0.861634
1.28789
0.540022
14.0113
2.1557
0.793751
1.03593
1.34074
0.909449
1.04828
1.10874
0.571307
0.283958
0.371128
0.964461
0.946984
1.74472
0.631478
1.12968
0.699775
0.539552
4.47938
1.39892
1.21615
0.900289
1.21172
1.12492
1.57121
0.896879
1.2022
0.892057
0.910599
0.603349
1.47082
0.568408
0.505869
1.60653
0.753612
0.853995
0.720611
1.0914
1.35129
1.48495
1.27072
0.282487
0.846633
0.515778
0.667354
1.04047
0.832259
1.09913
1.03242
0.78121
0.603335
2.95269
3.15741
0.877971
3.39931
1.57036
0.757128
0.875243
0.233384
0.338705
1.20266
0.962598
0.454203
1.41246
0.919994
0.964529
0.58383
0.28236
0.129972
1.1544
0.374019
0.212076
4.72627
7.53977
4.28491
1.34411
0.738827
2.10142
1.62742
0.64932
0.330435
0.773454
1.85963
0.542005
1.0155
0.305904
0.726364
1.59199
0.884013
1.32847
0.546517
0.676212
1.02183
1.3267
2.11874
1.02322
1.60731
1.37442
3.70186
1.39642
2.44826
1.00283
0.689329
0.331364
0.317565
0.588467
0.765662
0.988872
0.681132
0.894796
0.909548
1.11753
0.760497
0.475977
0.706636
0.601011
1.94315
2.40403
0.622861
0.612599
1.29454
1.44163
0.454656
0.93787
0.374749
2.75789
0.516618
1.56882
1.26856
1.04683
0.324622
0.847892
0.870154
2.81908
1.20281
1.51536
2.17946
1.30252
0.747823
0.930455
0.760897
0.372791
3.47297
0.71159
1.52166
0.587425
0.670058
0.635168
0.590786
3.98254
0.526183
0.681251
1.36743
1.34379
1.18343
2.12527
1.41222
1.2824
0.577793
0.719419
3.01146
1.17798
1.15478
0.795406
3.26934
1.12885
0.618089
1.19809
0.909108
2.48292
0.229224
0.356775
0.632158
0.494243
0.983138
1.16931
1.31881
0.418986
2.90611
1.98494
1.29034
1.11573
0.330914
0.157982
1.32304
1.06039
1.13917
0.861714
0.728623
1.45833
1.12904
1.61972
0.647357
0.914189
0.448626
1.04954
1.19462
1.29595
1.71104
0.983163
0.379066
1.72897
1.75349
0.808933
1.19562
0.732552
1.17433
1.26463
3.57287
0.508536
0.345553
1.2505
3.2333
2.0545
1.21307
0.615111
0.83045
1.40899
2.09239
0.455637
0.602691
0.23752
0.52831
0.27901
0.358489
4.3888
0.845717
0.627023
0.886308
0.281562
0.636228
1.67586
0.659575
0.732896
4.52119
1.17633
1.60695
0.682427
1.90946
0.795229
0.976516
3.32569
0.920524
1.58183
0.426068
0.664077
1.05306
1.25925
0.548169
1.18391
5.59455
0.60462
1.21995
0.477295
1.78755
1.19367
0.960931
0.765308
0.865948
0.619746
0.297285
0.798211
0.685314
1.1703
0.344028
0.506631
0.706485
0.67324
1.03334
1.17521
0.549936
0.550606
0.160649
0.799696
1.26816
1.3973
1.24032
0.923071
0.941563
0.369601
0.650482
1.23799
0.802379
0.21539
1.28557
0.960021
3.67231
0.701958
0.995144
2.65712
0.565253
6.30134
2.13197
0.588079
0.996828
0.944411
1.54846
0.681298
1.09889
1.07884
1.0064
1.02201
1.34776
0.955331
1.45499
0.373172
0.401862
0.219985
0.523396
0.328511
0.3918
0.426408
0.906262
0.741357
1.1904
0.462841
0.407013
1.1651
0.387765
0.0666607
2.16938
0.997881
1.18168
0.988421
0.906077
7.01446
1.19434
1.8011
0.753773
2.11527
0.548574
1.19294
0.696399
1.1216
0.644239
0.246547
0.301535
1.9522
1.20032
1.34013
1.52504
0.592259
2.93373
3.46632
0.476614
1.09957
6.27671
0.373029
0.94161
0.337
0.467513
0.794152
1.52924
0.75738
1.40954
0.780774
2.26134
0.756008
1.23912
1.44313
1.01268
2.00182
0.578717
1.34587
1.67886
1.85226
0.525655
3.87142
1.61813
2.21468
0.956041
0.381636
2.20161
1.57797
0.769488
1.32592
1.55539
1.60101
0.977179
1.33622
0.950921
1.74684
1.26022
1.03221
0.535758
1.37623
0.698069
0.805476
0.397254
0.843646
1.03256
0.636737
0.855891
1.46385
0.689523
0.736426
0.439408
1.73299
1.30782
0.809155
1.10492
4.79572
0.46105
2.56199
0.430224
0.323055
0.855689
1.22696
0.942502
0.805419
1.49038
2.3542
2.23881
0.588366
0.682652
1.22751
0.625814
0.596103
0.452106
0.812811
1.43252
0.540113
1.00027
1.45696
1.58391
4.64525
1.89897
1.00224
0.941031
1.44206
0.866247
1.63696
0.304463
0.930804
1.90761
0.937036
0.652422
0.163987
1.23136
1.70431
0.772724
0.619945
1.80289
0.766603
0.168398
1.15797
1.46416
0.949143
0.600242
0.860556
1.32696
1.02216
0.492419
0.347714
1.13086
1.3244
0.314497
1.59823
0.479346
0.688447
1.36081
0.20329
0.869672
1.19056
0.890722
0.611857
0.970655
5.48624
0.892292
3.70818
0.587105
1.19339
0.424938
0.767838
0.725374
1.03065
0.611009
1.54993
0.971282
1.04016
0.972851
2.19911
0.348398
2.12615
0.795207
0.681368
0.833443
0.66654
2.17823
1.0053
0.240226
1.18975
1.15594
1.16122
0.354039
1.05239
1.27325
0.414794
0.414583
1.98957
1.36469
1.18959
0.682071
0.882126
1.28968
1.41463
1.29885
0.856383
0.458751
0.851366
2.28335
0.423167
0.699425
2.28187
1.30163
0.591106
0.200446
1.87581
1.26865
0.995616
0.53475
0.519011
0.741007
0.432105
1.01114
4.95692
0.88433
0.39727
0.34295
0.206682
0.467908
0.268929
1.20135
5.03377
2.57858
0.491489
1.24822
0.724896
1.23138
0.78694
0.365753
0.702217
0.24971
0.828692
0.464173
0.775267
1.36077
0.502006
2.76363
1.56976
1.0329
1.44982
1.71613
1.10206
0.522611
1.14401
0.846328
0.371581
1.14343
0.22534
1.12338
0.841559
1.05053
1.29848
3.42194
0.885646
0.51553
0.518841
0.536364
3.86571
0.995642
0.709737
1.57256
1.57301
0.715547
0.735785
0.732095
2.23608
0.962266
0.893801
0.588275
0.183043
1.27232
0.698773
0.267387
0.263289
1.68397
0.388153
1.33673
0.268517
1.39498
0.111363
0.974025
0.958658
0.796015
3.75523
1.83394
0.986587
1.19733
0.774561
2.29919
0.850752
0.641533
0.848184
1.22496
1.32044
1.21097
1.6508
1.47284
1.14087
0.813387
2.53735
0.787631
1.50072
1.1322
0.179689
1.33151
0.562258
0.778323
0.596191
0.593467
0.561991
1.01198
1.08522
1.91541
1.16453
0.898663
0.848192
0.887996
1.36119
0.493089
1.82736
1.03642
0.80772
1.12621
0.909613
1.02467
1.076
1.23943
0.436389
2.29466
0.648347
0.927644
0.72243
0.462714
0.822485
1.68815
1.0987
0.457254
2.63252
0.125426
0.55038
0.637693
0.320946
2.06705
0.896472
1.47275
1.07019
1.19499
0.983121
0.180602
3.24709
0.195347
2.36004
1.21113
1.03435
0.474987
2.0397
1.16056
1.4838
1.53242
0.586523
3.53583
0.925266
0.27111
0.84964
1.05144
0.132323
1.13424
0.720569
1.71655
0.22887
5.13138
0.790213
0.914538
1.1084
2.18482
1.37242
0.663852
0.522855
1.18967
0.737043
0.811672
0.477959
0.502287
2.59146
1.01749
0.540533
1.29304
0.938001
2.18526
1.23698
1.07745
5.37952
1.10988
0.296688
0.943741
1.41518
0.371925
1.44271
0.776452
1.09488
0.896253
2.02611
4.21143
0.755217
1.23009
0.275422
1.11259
0.260621
1.81035
1.88015
0.820904
1.1799
5.45226
0.338129
0.613254
0.339153
2.63058
1.199
0.804144
1.27681
1.27119
0.652271
1.40029
1.9701
1.25311
0.279035
1.06909
2.47209
1.06378
1.4054
0.20602
1.21827
0.9494
1.76538
0.636494
1.70044
1.17614
1.62147
0.893253
1.1776
2.1404
0.956572
0.885109
0.332214
0.744635
1.42741
1.91138
0.665185
1.17317
1.22191
0.952449
0.496767
0.612478
2.11846
1.3504
1.03855
1.14196
0.637762
0.861394
0.865163
0.241502
1.08863
0.856221
1.23796
1.18558
1.19282
1.20966
0.966637
0.682115
1.80882
0.779891
1.64067
0.434958
0.241973
0.804389
0.470555
1.5945
0.885947
0.398867
1.81514
0.326625
0.468004
1.03382
1.02922
1.21171
1.18949
1.27639
1.12344
2.24291
1.99763
0.841644
1.32761
1.448
1.0741
2.11027
2.38137
0.937167
0.953709
0.959449
0.796094
0.901776
0.95304
4.81306
1.79775
0.43859
1.14007
0.215744
1.27688
0.138616
0.686211
1.32391
0.30263
1.29188
0.71596
0.600201
1.1515
6.81263
0.345909
0.736755
0.888813
0.938263
1.53334
0.896781
0.316567
0.964951
3.5636
0.521611
0.454967
1.56294
3.68246
0.283849
3.54463
0.962079
0.808524
0.461526
1.00583
1.76068
0.756477
0.637388
0.389771
0.784758
0.804301
1.11772
0.192397
2.72181
0.548732
2.49557
1.15048
0.840966
1.07008
0.645594
1.19217
1.25711
1.33013
0.975135
0.684264
0.602478
3.68004
0.863323
1.59585
0.668952
0.336368
1.50077
5.27785
0.683433
1.30766
1.85051
1.99228
0.951718
0.30015
1.42853
0.894008
0.863591
1.02962
0.610189
1.5984
5.35262
0.232331
1.1588
1.43709
0.823794
1.00596
1.06505
1.4662
0.328134
0.457834
0.612029
1.30882
0.426667
1.35471
0.959472
0.821426
0.557995
0.976373
1.01243
0.928854
1.02171
1.41798
0.855284
0.709462
1.05011
0.26829
0.947928
0.974601
2.33481
0.341508
0.670047
1.8067
0.862046
0.81875
0.76797
1.85419
2.93591
0.311511
0.17785
2.83628
1.92927
0.812066
3.05851
1.29537
1.11105
1.03101
1.10704
1.16988
0.310357
4.15478
1.15638
0.416705
0.717554
3.24664
0.844912
1.04934
1.08848
0.726724
0.748715
1.02332
0.691572
0.749517
0.70024
0.580698
0.722123
0.456721
2.57082
1.03417
0.663138
1.08301
1.1362
0.895686
1.2295
0.855124
2.14011
0.989451
0.732968
2.25116
0.934145
1.47861
1.09467
0.913382
4.81298
5.15966
0.794324
1.90176
2.63926
0.554366
1.0647
1.00524
0.777
1.05675
1.16994
1.18258
1.41159
0.850035
0.738573
0.96192
0.323395
0.79943
0.72227
1.5529
1.22407
1.66518
1.294
0.64895
0.318838
1.88583
2.63739
0.498278
2.18303
0.622479
2.13014
0.872856
0.787479
0.982155
1.80647
1.01617
0.785554
1.02806
0.724187
1.81053
1.1841
1.75138
0.582721
0.871679
0.686897
0.343532
0.914431
1.00517
0.807626
0.718823
1.15745
0.813475
2.81995
1.36313
0.633266
0.914889
0.833416
1.13575
1.19989
1.12859
2.22807
0.357308
1.21157
0.453318
1.21186
1.01421
1.44751
0.875789
1.76804
0.806738
1.18612
0.684488
1.53151
0.987517
0.256576
1.05122
1.05178
0.932851
0.92073
1.67057
0.176312
0.934131
2.58076
1.33992
1.60762
0.814718
0.673865
0.443644
1.0388
0.662696
0.975262
1.43853
1.46347
0.848314
0.498472
0.626898
1.05174
1.77933
2.24886
0.258836
0.426481
0.710296
0.892603
4.52619
1.27087
8.77812
1.15705
2.05438
1.4107
0.630241
0.659821
5.88497
1.8708
0.952848
0.49848
0.658643
0.958929
0.775737
0.886736
6.38034
0.874126
1.11899
1.30929
1.29841
0.55761
0.851012
1.12402
1.54007
7.80666
1.68524
0.481133
0.228414
0.54016
1.12667
1.00263
0.831259
0.409937
0.662568
2.16512
1.01703
1.69651
1.01093
0.775568
4.38225
1.02979
1.95335
3.56902
1.60286
1.4992
0.507287
0.492743
0.926652
0.771255
1.45502
0.098376
1.73662
1.0552
1.24026
1.53738
1.67446
2.26775
0.598557
0.874715
0.778622
0.412977
1.75831
0.470608
2.93263
1.5747
1.96277
0.507297
1.75817
0.891527
0.531062
0.804517
0.418625
0.931592
0.721617
2.25529
0.788369
2.21682
2.4671
1.22239
1.58692
4.59197
1.01257
3.12436
1.46273
1.82911
1.69015
0.657106
1.55081
0.155303
0.232286
0.846324
0.51095
1.84428
2.8044
0.959492
0.682354
1.62419
0.525468
0.929554
0.322725
1.36733
0.971852
1.11563
0.918548
0.626643
0.909563
1.20019
0.731874
1.18194
0.405802
0.382755
0.296137
1.05086
1.29806
1.55707
0.728737
0.431784
0.174401
5.53107
0.553333
1.0085
0.215468
1.52395
1.40051
1.16736
0.795831
1.48373
1.56714
1.53832
0.724457
1.29404
0.92272
0.911408
1.33618
2.68705
0.774028
0.836347
3.9569
2.42322
1.84852
1.36985
0.668676
0.554491
0.705894
0.985018
1.1177
1.10888
1.66931
0.288074
0.559313
0.183003
0.173719
1.13986
0.379478
1.39902
1.01483
0.791975
0.361452
1.28338
1.36969
2.09868
0.701704
0.338839
1.32571
0.573113
1.57569
0.866499
1.79713
0.889049
0.641704
0.471476
0.701246
1.45067
1.04942
1.37976
1.3703
0.886767
0.37109
0.457196
0.826746
0.594045
1.5948
0.922783
0.800533
0.608515
1.16012
0.931095
0.559519
0.356483
1.81208
0.563786
1.22426
0.2738
1.32675
0.515638
1.94198
1.53698
0.602786
0.774986
3.79963
1.32473
3.36399
0.619951
1.11834
0.510653
0.825045
0.668609
0.563186
1.13651
0.752757
0.692283
0.310868
2.43752
0.287132
0.242453
0.881377
1.34884
1.58405
0.741043
0.774286
1.39158
0.236875
0.983061
1.87724
0.819177
0.95844
0.979998
0.879712
4.78482
1.22076
0.741065
0.919957
0.864911
0.6374
1.03611
1.19792
1.27106
3.59673
0.781433
2.8259
1.36548
0.394528
0.854785
0.139325
0.529341
1.02388
1.25488
1.00751
1.14817
0.409073
1.57248
1.65271
0.330887
0.252903
0.710246
1.11929
0.544355
1.87803
1.05818
1.05573
1.95385
1.60013
0.349149
0.195618
1.05865
1.07364
0.632254
0.721986
1.55126
0.858201
1.85429
0.99461
0.476934
1.19067
1.38758
1.05687
0.798137
0.971748
0.307039
0.952922
0.978627
0.464034
1.57975
3.72292
1.25546
0.971663
0.557665
0.896434
1.07902
0.918284
0.976089
0.539311
1.48194
0.767552
0.344526
0.480803
0.988524
0.676123
1.26791
0.832416
2.26872
0.866969
0.785818
1.04291
1.04199
0.875364
0.58665
1.62876
1.28198
5.5826
0.952267
0.794249
0.593291
0.661472
0.878777
0.461183
0.481281
1.10121
0.950954
0.610616
1.0866
1.23575
0.375234
0.834514
1.52799
0.655562
1.32165
1.57869
1.08266
0.639276
0.979941
1.42247
0.335433
1.0127
0.246742
1.47642
0.642373
0.632891
0.678211
1.54218
0.70085
0.704326
0.477266
0.872696
0.719971
0.759872
1.01822
0.982121
0.464279
1.12009
1.03947
0.198156
1.03769
1.19469
1.04257
1.29199
1.49831
1.36504
0.975839
0.458877
1.24522
0.927164
1.4832
1.35609
1.12484
2.33338
1.22148
0.300775
1.00587
0.89249
0.955859
0.359335
0.371615
1.08506
0.987114
0.333339
0.531507
0.677426
0.814472
0.545462
1.90844
0.991194
0.576952
1.44588
3.33244
0.196724
1.13926
0.598456
0.525659
1.02192
1.62344
0.525911
0.733672
0.994223
2.13663
0.57953
1.02018
0.838709
1.6487
0.884618
1.11965
2.22536
2.68757
0.454153
1.47977
1.06735
0.829252
2.01536
0.452178
0.739472
1.10378
6.7911
1.02613
1.4341
1.82821
0.887935
1.01682
0.460922
0.811993
1.45936
0.8262
0.774505
0.735756
1.10038
0.959865
0.397244
0.290206
2.0898
0.504003
0.524585
2.15296
1.34822
0.80602
0.869378
0.824517
0.83983
1.18194
0.364067
0.688921
1.06851
1.12377
0.578161
0.973667
1.74821
0.663044
1.12056
0.652193
0.624644
1.28217
0.664572
0.511905
0.558199
0.881621
3.01738
0.707424
0.381187
0.371773
1.22087
0.197306
0.774433
0.835344
1.13879
2.36121
1.11425
1.38956
0.567926
1.9402
0.956285
0.172904
1.69227
1.69392
0.308843
0.135026
2.02076
0.475497
1.31442
1.14557
1.01004
0.880338
1.27767
2.35235
0.992466
1.15344
1.36567
0.867714
0.263173
0.423006
0.500534
1.26944
1.0094
0.986348
1.35794
0.936719
0.976404
2.10726
0.692006
1.36805
1.97533
1.11879
1.93257
0.725472
0.877824
0.880894
0.463837
1.00253
0.16064
1.54329
0.746927
0.490209
2.36929
0.709083
1.01355
0.870467
1.01975
1.11322
3.73878
1.21778
0.648079
1.51514
1.17385
0.170462
1.16653
0.587734
1.28718
0.349972
1.64908
0.759528
1.01363
2.21396
1.71708
0.340814
0.717406
0.61961
0.774852
0.632442
0.758232
1.18582
0.759601
1.08198
0.560676
0.670565
0.771323
0.293153
0.574449
0.476291
2.19548
2.12152
1.73864
0.885413
0.571717
0.789808
0.744941
2.23598
0.466754
0.602396
0.317749
1.10156
2.99392
0.890934
0.740233
0.896209
0.561053
0.673122
1.16718
1.03787
0.683468
0.734355
0.648788
0.828318
1.31423
1.5591
2.85631
3.25569
0.172146
1.67752
0.773267
1.05473
1.49568
0.776737
1.20085
0.481889
0.797368
0.783268
0.588516
5.29656
1.2063
0.575646
0.486811
1.05555
0.539527
0.874294
1.41182
0.422404
1.93755
0.765689
1.59433
0.508827
0.649069
1.96586
1.62463
1.49319
1.65459
0.131953
0.710871
1.73268
0.430015
3.39476
0.393909
0.199654
0.784541
1.85508
0.582801
0.808221
0.869557
1.02726
0.986789
1.97243
5.95084
0.614142
2.03138
0.707446
0.49798
2.85585
0.830508
0.56387
0.29741
0.76576
0.710792
0.451373
2.62424
0.969513
0.636208
0.808261
1.78998
0.822655
0.6278
1.33335
0.742381
1.10447
1.11728
0.597845
0.640814
1.12388
1.19082
1.17304
2.19762
2.30142
2.79563
0.679963
0.907644
0.214984
0.807809
4.95123
2.21097
0.622442
1.13863
0.596911
1.17522
0.243583
0.607529
0.228841
0.814539
0.484162
0.485604
1.44841
1.73239
1.25644
2.55175
0.304051
1.12453
1.42927
1.22417
1.50305
0.394215
0.294189
0.726391
4.52924
0.745129
0.709729
0.343375
0.810145
2.48828
0.607926
1.09729
0.757448
1.46532
1.11556
7.63583
0.593002
0.67655
1.09892
1.55339
1.88063
2.36305
0.465175
0.950326
2.26522
0.665437
0.43067
1.78557
1.35815
0.50569
0.905626
1.06065
0.834487
1.23727
0.642503
3.3563
0.984853
1.56541
0.424932
0.564518
0.895957
1.74427
1.11358
0.812515
0.35953
0.895336
0.807474
0.910196
1.25722
1.48835
1.10339
0.836202
1.1978
1.61699
0.176726
1.13261
0.69188
1.15546
3.86411
0.538181
0.310271
2.23585
0.536947
1.07439
0.801911
1.18287
1.07405
0.200505
1.62697
0.256442
1.24662
0.950685
2.17577
4.83687
1.22444
1.26054
0.631086
1.24864
0.776617
0.432716
1.33851
7.44489
1.96162
0.896478
0.761415
0.975122
1.20528
0.369142
0.459385
1.04263
1.14515
0.844363
0.942372
0.940587
0.715725
8.77723
0.608808
0.989614
3.40976
1.39213
0.518436
1.39084
0.942969
0.395348
1.55098
0.516376
0.349715
0.318288
0.537859
0.460533
0.799161
3.58274
0.927206
1.27855
0.651448
0.908194
0.909617
0.955345
0.637063
0.48354
0.320224
0.694852
0.892133
0.115268
1.24157
1.82412
1.05806
3.75136
0.725944
0.773779
0.692324
1.11795
1.01129
0.661527
3.38639
0.759925
1.1138
1.43778
0.735205
1.48125
1.1121
2.15167
0.198547
1.04568
3.57984
1.33016
1.04088
0.846602
0.971681
0.948035
0.446745
1.00944
0.296539
0.503402
0.1916
0.521317
1.04757
0.750783
1.10309
0.925183
1.86765
0.539095
1.02074
0.0725091
0.920941
5.17955
0.938566
1.06639
1.72379
1.10025
0.311593
1.18387
0.578255
0.783453
0.564645
0.66681
1.10573
1.06452
1.18243
0.651908
0.709261
0.828248
0.657521
1.43377
0.237884
0.748356
5.46269
0.736537
1.19409
1.65113
1.38364
0.907588
0.488308
0.529417
0.86124
0.693511
0.95885
1.27215
0.78743
1.13098
1.5255
0.188283
0.271187
0.0450426
0.294543
0.341477
0.815321
1.48687
2.39402
0.751885
1.27677
1.11929
2.75384
0.94009
0.161708
1.00278
0.429763
0.362678
2.06974
1.01753
0.621213
1.45694
1.93307
1.2216
0.985515
0.779191
0.582005
0.600513
0.906367
1.16294
0.966769
0.565156
1.13706
0.718695
2.46965
0.527189
0.819631
1.2115
0.630425
1.53733
0.561075
0.800855
1.40086
0.970184
0.236306
0.717655
1.37192
0.607929
1.59947
1.21478
0.414985
0.774275
1.183
1.42585
1.01965
0.570315
0.625245
0.843333
1.69328
1.15846
1.39542
2.02421
1.25988
0.287351
1.08381
1.06353
0.552651
1.05748
0.953713
2.88337
1.06919
1.52162
0.643061
0.700292
3.41006
0.3961
0.864451
1.12362
2.6559
0.835397
1.22513
2.80206
0.339681
1.46067
1.50965
1.77889
0.394059
2.51372
2.58568
2.04565
1.29281
1.42528
0.222541
2.02845
0.762314
0.669676
1.14316
1.6281
1.16217
2.4322
0.416678
0.329188
0.265974
0.389883
0.86479
1.52533
0.928732
0.476319
1.0183
2.80194
0.992919
2.09465
0.812311
0.931042
0.505654
1.25274
0.628473
0.585386
2.93757
0.475115
1.31265
5.59496
1.10721
0.237099
0.779038
0.414251
0.975422
0.299747
1.03801
0.898606
2.28776
1.79694
0.500584
2.37439
0.762427
0.759737
0.53771
1.06479
1.03538
1.47767
0.677646
11.5899
1.38264
1.38716
1.4558
0.612534
0.564335
0.185579
0.315539
0.795555
1.02665
0.461214
0.723655
0.501898
0.325651
0.32248
0.917562
0.587784
0.125511
0.961595
0.143852
0.528886
0.315114
1.25182
1.03916
1.86054
1.81256
3.60812
1.41457
0.969271
1.16611
1.12099
0.740164
0.588679
0.746245
0.667977
0.991517
2.47792
0.359271
0.778777
0.90821
0.901958
1.75307
1.05622
0.926351
1.08357
0.448443
1.06642
0.886898
0.632587
0.845413
1.36664
0.853632
0.53707
0.671615
1.64739
0.150154
0.637178
1.5185
1.0887
1.56413
4.22552
0.401974
0.884618
0.670656
0.786081
0.812893
0.717144
1.4431
1.16084
0.569587
0.350982
0.734347
1.11652
0.282877
0.707107
0.47299
1.11486
1.11394
0.561101
1.08279
1.20056
0.654123
0.371726
1.49903
1.17385
0.402321
1.20898
1.30098
0.541204
0.638091
0.531449
1.10001
1.27438
0.856558
0.703099
0.871612
0.598696
0.641092
1.6635
0.268603
0.750473
1.46483
1.39368
1.08128
0.780424
0.315035
1.61401
0.899554
1.94561
0.895399
0.581909
0.478413
0.915404
2.70021
0.93447
1.09158
1.03901
1.02976
0.517378
1.26483
0.616274
3.27104
2.81641
2.02304
1.73387
1.33644
1.52748
0.58926
0.75688
0.642145
0.309325
1.17504
0.327469
1.02908
1.13634
1.13517
0.765253
1.38253
1.43148
1.3547
0.554962
0.425533
0.375277
1.64689
0.922101
0.582546
0.628257
0.809281
0.393944
0.534219
1.27868
1.13825
0.812067
0.980919
0.778051
1.16243
1.71698
0.827817
0.835873
0.469019
1.03117
0.86554
1.51113
0.72787
0.580346
2.43451
0.631208
0.327705
0.387283
0.24466
1.26541
0.939039
3.72219
1.06777
0.840568
6.14816
2.86506
0.968962
1.47116
2.18776
1.87982
1.45435
0.893462
0.64664
0.81785
1.05878
1.02323
0.878758
1.13461
0.705278
0.714132
1.85286
1.17853
0.772288
1.05721
1.1505
2.25205
0.389223
1.31705
1.00252
1.54976
0.6568
0.717091
0.885241
0.741329
0.430018
0.78673
0.766584
0.65954
0.298879
0.954906
0.531986
0.809507
0.270208
1.7951
0.341479
1.1396
1.1732
1.48791
0.423534
1.20232
0.879733
1.16816
1.49743
2.12664
1.25624
0.567306
2.53062
1.8347
1.62533
0.716381
0.941545
0.385397
1.75856
1.32435
1.1967
1.12153
0.97995
2.26283
0.953536
0.796794
2.03716
0.415206
1.20812
2.03937
1.70322
0.626562
1.58024
0.702044
1.2644
0.812092
0.355835
0.610589
0.725307
0.52369
0.731191
0.602302
1.38546
1.76823
0.641435
0.961647
1.16429
1.71479
0.989942
0.744793
0.521175
0.76103
1.91222
0.842463
0.838216
1.94808
0.723059
1.03887
0.879507
0.81004
0.910875
0.439455
2.27833
1.06725
0.710897
1.32128
1.06026
0.605782
1.35587
1.04343
0.83123
1.18737
0.97225
1.35
0.663353
0.467001
1.26637
1.09337
0.644302
1.13053
0.755683
1.8251
1.28728
0.525363
0.908709
0.340794
0.736888
1.14922
1.37728
2.27696
1.90065
0.628415
0.123793
0.606616
1.48276
0.571897
0.980227
1.53676
0.881723
0.543842
0.391126
0.766904
0.262917
2.05417
0.972812
0.654243
0.968579
1.61884
0.838704
0.766261
0.883627
1.34418
0.872676
3.47151
0.658029
1.4064
0.863028
0.333116
0.381682
1.3066
1.96764
1.81976
1.02273
0.565776
1.11004
2.5884
0.629668
0.877986
2.79937
0.70554
0.742096
1.08199
1.65858
0.656606
0.642049
0.375813
1.52982
1.11699
0.266366
1.04013
0.579259
2.67743
0.902931
0.96236
0.965861
2.065
0.868429
0.142334
0.866274
1.66972
0.632252
2.91857
0.969541
0.529833
0.361663
1.49863
1.61726
0.425739
0.509314
1.36142
0.71009
0.0958664
0.360506
1.3933
0.570663
0.507889
1.05542
0.618402
0.859149
1.38363
0.821682
1.2366
0.504147
0.473836
0.910699
0.413908
0.86489
0.61756
0.44242
0.41081
2.39103
1.37483
1.00432
2.54864
0.311653
1.36027
0.832751
0.37952
0.955914
1.79967
2.63531
1.55028
0.455447
1.36717
1.49041
0.98787
0.245143
0.353077
1.92804
3.56207
0.847709
1.11221
1.08629
3.69425
1.33959
0.359252
0.396634
1.10842
0.737592
0.764977
1.08202
0.759725
0.761428
0.392556
0.464544
1.71797
0.431846
0.782166
0.864615
1.41514
1.38227
0.542137
0.473255
3.39653
0.303748
0.909066
0.460231
1.14956
1.08694
0.651927
0.512753
0.423522
3.73227
1.0831
2.21017
2.08572
0.678914
0.82415
1.16491
1.49857
0.699886
0.533372
0.570705
0.590037
0.869004
0.949789
0.873019
1.3093
1.91363
1.09136
0.927507
0.728439
0.548598
0.947358
1.86426
0.614161
1.11576
4.46056
0.46208
1.3599
0.867382
1.71449
0.595807
1.49849
1.05696
4.74877
0.36517
3.94179
3.51348
0.653861
0.710933
1.24772
0.381129
1.3361
1.40313
1.04906
1.62018
0.459105
1.46315
1.16329
0.965118
0.913246
1.61116
0.738096
1.93432
1.85943
1.58778
0.998687
0.825654
1.91278
0.87054
1.27339
2.02436
0.964426
1.11032
1.39755
0.4563
0.763582
0.606635
1.04152
0.435452
1.09105
0.409874
3.10018
1.05179
2.25416
0.941779
0.68864
0.905153
1.53361
3.70851
1.19937
1.23829
1.06859
2.41618
0.392904
0.792921
1.04578
1.1394
1.17401
0.319423
1.50114
0.587206
0.766925
1.46975
1.63992
2.45307
0.740826
0.636341
1.99328
0.823634
0.619516
0.740975
0.49303
2.29076
0.163304
0.714338
0.482764
1.0908
0.426827
0.819652
2.60424
1.09082
0.293236
0.34519
6.30824
0.653499
0.567251
0.26675
2.935
2.83612
0.398967
3.33067
1.4251
0.346984
0.949703
0.857558
0.805994
0.674009
0.914158
1.33718
1.27144
0.953703
2.50871
1.61486
0.900563
0.715834
0.673174
0.270755
1.33081
0.503891
0.580089
0.538908
0.440293
0.800744
1.12914
0.664887
1.28852
1.70269
0.866115
1.01205
0.803414
1.40275
0.982292
1.06208
1.15823
1.06147
0.188784
0.752987
0.308058
1.7599
1.07935
1.29032
0.877121
0.918163
0.6429
0.394264
5.43502
0.874509
0.490725
0.186096
0.91504
0.705408
1.52351
0.317118
0.37651
2.99883
1.39574
0.56385
0.906171
0.801191
1.7873
0.572046
0.353009
1.01665
0.37043
0.385673
0.53925
0.419922
2.63724
1.58974
1.43218
1.00961
1.65057
1.17772
0.940444
1.85139
0.300424
0.301111
1.31801
1.00631
1.10393
1.22209
0.26445
0.88969
0.884515
2.55952
1.01239
1.26418
1.43757
0.751205
1.724
0.836271
0.530321
0.431291
2.37195
3.50626
1.20065
0.731461
0.916227
1.36193
5.02569
0.556103
4.16543
1.11285
10.1294
0.613338
1.11651
1.47423
0.974252
1.78029
0.834226
2.70277
1.1347
0.660208
0.462067
0.483537
0.827633
0.523063
1.49182
0.460903
0.0865455
0.477316
2.03195
0.608232
0.69802
0.599011
0.631164
0.914745
0.817371
2.12763
0.95301
4.20158
1.25657
0.879992
2.06361
1.06803
0.680645
1.00112
0.890178
1.18768
1.15448
0.32807
0.868699
0.880922
1.42995
1.37715
1.84851
0.779556
0.627508
2.5503
1.38177
0.796941
0.395741
2.18962
0.486432
1.58429
0.933727
0.902229
1.63935
0.292307
0.654318
1.15429
1.20777
1.00336
0.397465
0.976148
0.204181
2.7334
1.54172
1.08969
1.49581
0.793227
0.780886
0.408731
0.502462
0.860047
1.98378
2.21833
2.59938
6.75192
0.602016
0.835935
0.563039
1.19201
0.534587
0.239052
1.13082
0.608552
0.650321
0.566347
1.35864
0.815318
4.26043
1.51486
0.9527
0.657984
0.696531
0.937143
0.962811
0.319384
0.470284
0.872046
1.9462
1.8056
1.16196
0.92889
1.77462
0.904426
2.885
0.274487
0.658652
1.18791
0.588916
0.357892
0.648051
0.525901
1.08404
1.80957
0.839016
2.17133
0.406399
0.305115
0.733332
1.39919
3.21934
2.58067
1.74037
0.356009
1.08984
0.821735
0.122235
0.663785
1.09605
0.805287
0.948066
0.414432
0.493391
1.57026
1.57471
0.255194
1.06835
0.623797
0.870577
1.36562
0.357775
1.20784
1.13503
0.897601
0.450853
1.37187
0.81937
0.690074
1.07242
1.37361
0.915193
1.59592
0.64161
1.01138
1.12416
0.953518
0.512403
1.11859
1.10185
0.595571
0.52886
0.524559
1.04245
0.314583
0.349344
0.48863
0.391187
0.464811
2.32406
0.517568
1.41413
1.66641
0.41657
1.07475
0.65714
1.37105
0.460241
2.58591
0.885715
2.08682
0.704072
2.22926
1.01508
0.885736
0.359682
0.719549
1.31747
0.961869
2.28994
0.981598
0.799948
0.67432
2.34892
2.13748
2.30976
0.798172
0.668143
1.01965
0.205362
1.09897
6.66982
1.07838
0.614432
0.535557
0.906684
0.969726
0.458545
0.679735
0.914449
0.598514
1.55024
1.16723
1.23731
0.283296
1.15865
0.603963
0.930265
0.90937
1.1256
1.28601
1.49505
1.16619
2.42768
0.707115
0.804782
0.426848
0.259682
0.811185
0.569348
1.17102
1.09249
1.18364
1.30868
1.2046
2.45086
0.523701
0.563637
1.30192
0.646498
1.56954
0.934991
0.347283
0.958939
0.462683
0.778944
0.696768
0.75664
0.847122
0.650855
1.57382
0.934043
1.50156
1.49161
0.518831
0.852865
1.14816
0.494208
0.898142
0.515679
0.64522
1.42585
1.13661
1.16015
0.295797
0.671142
2.75869
0.824226
0.882219
0.14162
1.0277
1.38566
1.50349
3.91779
1.14652
1.34461
2.5377
1.09068
1.14586
0.938488
0.701381
9.02477
0.837509
0.807018
1.34034
1.22488
1.14758
1.28255
0.406864
0.64332
1.37066
0.602595
1.65667
0.657455
0.659461
0.158093
1.09235
0.537635
0.391968
0.780074
0.485786
0.983446
0.567497
0.361777
0.632189
0.857552
1.99264
0.799558
0.660833
0.700397
0.537761
1.95693
2.35215
1.35698
1.08287
0.723437
0.417042
1.19847
0.719343
1.61101
1.03973
0.249471
0.433319
0.129603
3.28819
0.22698
0.612519
0.799295
0.558781
1.21157
0.330325
0.597582
0.227552
0.485869
1.8346
1.76233
0.558296
0.600047
0.265681
0.534497
0.925169
0.315451
1.33452
1.20016
1.3058
0.689407
2.11737
0.529624
1.42697
0.440176
1.00286
0.48293
0.355863
1.37391
2.4348
1.70044
1.13102
1.03214
0.446318
0.487543
0.895547
0.904534
0.677737
0.571896
1.55332
0.634228
2.3528
0.570647
0.550875
1.32684
1.06993
1.24132
0.629065
0.749189
0.844589
0.22561
1.97155
0.865628
1.14428
1.21028
1.09355
0.677377
0.877488
1.32165
0.704471
1.50432
0.793114
1.1819
0.945291
1.15012
0.938236
0.724968
0.902936
0.212578
0.278397
1.36377
1.48933
0.525618
1.37083
1.28981
0.75686
0.692111
0.520313
8.76746
2.06104
0.320153
1.6027
1.02775
0.957251
0.356513
0.640811
2.46664
0.488113
3.06087
0.115248
0.274312
0.86764
0.0846638
0.620765
0.416937
0.74741
1.25973
0.790736
1.33192
0.848392
0.777369
0.431474
0.737779
0.6433
0.745022
1.41484
1.05896
2.22023
3.03951
0.261607
1.21406
0.434423
1.28464
0.930652
0.887768
1.21766
0.461059
1.35306
0.711373
1.17187
1.02394
1.82948
0.834291
0.8734
7.70843
0.769137
0.466064
0.902034
1.37372
0.519054
1.06667
1.08089
1.07207
1.86695
0.773729
2.40149
0.483448
1.1289
0.899815
0.492575
0.763857
2.97973
0.910772
0.979954
1.08
1.06333
0.79829
0.944401
0.487462
0.690932
1.36933
0.435516
1.05207
0.935675
0.385478
0.477386
0.874665
1.08725
0.308258
1.37682
1.06644
0.953568
0.237551
1.36803
0.492214
0.72154
0.892214
1.84129
1.61773
1.27981
0.889728
0.805024
1.2964
0.155799
0.307872
1.03454
1.04248
2.14943
0.713089
0.287177
1.29271
0.450188
0.863215
1.18768
0.703594
0.569874
0.354802
1.10861
0.879077
0.990978
0.942294
0.50165
4.24667
0.625108
1.19294
0.57224
0.941744
0.673561
1.41216
0.768225
0.650096
1.36057
1.16391
0.739661
0.503591
0.577706
2.10887
1.58379
1.08508
0.525615
0.122794
1.45539
0.704579
0.783042
1.26443
0.430751
1.13876
0.905537
0.578618
1.46448
0.444572
1.7223
0.332446
0.973049
0.79874
2.28052
1.99797
1.72476
0.826859
1.02283
1.16387
2.41491
1.09574
1.24491
1.04704
1.35305
0.72251
2.49447
0.823756
1.11856
0.69711
0.783389
0.599172
1.3887
1.0718
0.933654
1.21341
1.31386
1.36779
0.809174
0.719333
1.8562
1.0883
0.835466
1.14473
1.3695
0.57901
0.363743
1.4785
3.18317
1.16919
0.298992
0.750036
1.00719
1.47624
0.0821673
0.570343
1.04579
0.210368
1.56471
2.0751
0.981121
1.33226
1.98104
0.479009
0.741612
0.714256
1.14466
0.960119
0.749168
0.393759
0.94271
1.26836
0.566075
0.968616
1.31028
0.572427
1.04215
1.05438
2.19478
3.95839
3.05832
0.734929
0.674547
0.425504
1.94183
0.22745
1.5413
1.50162
0.861458
0.631297
2.86181
0.596268
2.19759
0.739822
0.396197
1.10586
0.993449
0.724475
0.509269
0.841291
1.14352
0.945712
0.598158
0.794153
1.36512
0.462391
0.742367
0.989188
1.33601
1.46157
0.702393
0.21925
0.599886
0.269069
1.51953
0.697878
1.64381
1.69242
0.802726
0.637
0.976398
0.713278
0.775818
0.585004
1.13144
0.793165
1.24551
0.475753
1.42758
0.758106
0.38268
0.795251
4.71078
1.16166
1.44014
1.01454
0.715855
0.842693
0.379505
0.833267
1.90448
1.07005
0.736922
0.786207
0.579475
0.41623
1.2775
1.50017
0.235819
1.10049
1.05176
1.75188
0.587199
2.26087
0.395054
1.20621
0.570926
1.20871
1.4691
0.712387
0.900049
1.66111
0.874244
0.591539
1.48543
0.75885
0.699704
4.17636
1.90621
0.934013
2.89724
0.77652
0.678916
1.51903
0.720809
0.89186
1.6824
1.44369
0.241579
0.770455
0.561976
0.370664
0.420686
0.467727
0.512276
1.28437
1.15973
0.627371
1.77941
2.68776
0.625529
2.68382
0.714243
2.48135
1.16433
0.700088
1.64475
1.00044
1.20817
1.48571
0.176436
0.437569
1.34267
1.62192
0.805832
0.746076
2.33318
0.786335
2.03437
1.66306
0.99633
0.928445
0.486468
0.966788
0.701946
11.3208
3.16762
1.21358
0.562726
0.860013
0.920581
1.16694
0.439856
0.862941
0.523534
0.509073
0.382611
0.360938
0.651367
0.634225
1.08944
0.438551
0.0768539
0.278369
0.907603
1.06904
0.980908
1.32141
0.77112
0.663303
1.20531
2.69135
6.25727
0.372305
0.933178
1.42305
0.382682
0.799375
1.81416
0.997162
1.47844
2.04703
0.53682
0.650104
0.325903
1.46342
0.718751
4.09761
0.619002
0.314862
0.579842
0.678015
0.688017
1.09945
1.8369
1.04737
1.45566
2.38326
0.715675
1.08611
0.620491
0.919084
0.503693
1.76508
1.11993
0.665254
0.82441
0.614573
0.494608
0.889604
0.964364
1.14428
0.313041
1.09383
0.982146
1.81806
1.61032
0.791239
0.656634
1.22489
2.02605
0.564091
0.709497
0.884159
0.182421
5.76606
0.650725
1.12533
0.894932
0.866507
0.91438
0.780752
0.826713
0.731713
0.607989
0.959908
0.181455
0.461252
0.458388
2.06054
0.882116
1.30023
0.715046
1.84449
1.32402
0.763966
0.46919
0.318881
0.990799
0.46103
0.914602
0.449402
0.813593
0.849337
0.725455
1.03517
1.05671
1.12908
1.42525
0.604219
0.617678
1.31183
0.978573
1.366
0.469203
1.09074
0.269071
0.911241
1.57719
0.229017
0.686536
0.581461
0.710106
1.66601
0.788626
0.582418
0.476492
0.996841
0.38236
1.37985
2.59674
0.880537
0.560577
0.856938
0.969777
0.916021
2.24144
0.565375
1.15862
0.786926
1.32532
0.562968
0.916217
0.470681
1.24235
0.758778
0.671288
0.848914
0.87876
1.06443
0.329881
0.824465
0.417491
0.777769
0.958573
0.730989
0.494552
0.775741
1.16156
1.43122
1.35433
8.59403
2.02435
1.17967
1.39661
1.53857
1.06677
0.560566
0.660428
0.114024
1.56212
3.7666
0.974421
0.615659
0.430304
0.769636
2.34737
0.616415
1.21042
0.651632
1.30863
2.34852
1.04849
0.612277
0.228661
2.0482
0.264464
0.566676
0.155692
0.959814
0.948885
1.36294
0.306167
0.492686
0.86832
1.20849
1.80582
2.6136
0.625065
1.5413
1.70113
1.11066
1.41705
0.471032
1.1233
0.724438
0.864464
1.3024
0.529297
0.431751
0.873871
3.06971
0.782909
2.11981
0.700632
0.734819
1.47785
0.950227
0.670367
0.952857
1.68944
0.832293
1.147
1.34923
2.14898
1.03151
0.375288
0.35209
1.15906
1.29509
0.568877
1.09185
1.56012
0.461454
0.663096
0.528869
0.698029
0.558489
0.416564
0.143373
1.02841
2.41496
0.69455
0.669577
2.05977
1.10341
0.640263
1.48048
0.709655
1.16931
0.832337
0.782608
0.878504
1.07183
0.467419
1.30289
2.11319
0.119077
2.55036
0.714592
0.117456
1.14529
0.900739
0.297816
1.49862
0.5994
0.148429
0.708062
0.208606
0.914121
0.847411
0.622714
0.922013
1.24705
0.717755
1.09327
1.19024
3.69745
2.77458
0.976271
1.42247
0.667385
0.210599
2.14291
1.66619
3.06711
0.578621
0.724588
1.05799
1.80959
1.08833
0.505013
1.04569
0.770721
0.758824
1.55619
0.403491
0.261712
0.9272
0.871537
1.24082
0.744265
4.64022
1.91663
0.763239
0.911728
0.362541
0.705499
0.761698
0.273102
1.8096
0.311885
0.700086
2.68232
0.604799
1.00633
0.646465
0.507244
1.11996
0.411466
0.27057
2.40526
0.355997
1.57092
0.637416
2.55939
1.24348
2.78746
0.912665
1.15041
1.05157
1.09406
0.451798
0.942932
1.18907
0.863167
1.22518
4.43744
0.736947
2.22175
0.820976
0.980906
1.06813
2.75497
0.56384
0.477303
1.23127
1.41816
0.327519
0.799227
0.258564
1.01622
0.576872
0.841541
0.946888
0.721256
0.8642
1.4233
0.6311
1.10404
0.189738
0.391718
0.746024
1.6929
0.436939
0.331948
0.676662
1.14558
0.773437
0.758304
1.31511
1.16181
0.414086
2.17101
1.18006
1.18086
0.677782
1.50815
0.493777
0.651847
0.895201
2.85668
0.772822
0.88935
1.54762
1.44809
1.66091
0.482241
1.24752
1.03857
0.674205
1.1354
0.595647
0.527953
1.50753
1.11039
1.0868
0.912287
0.679542
0.197678
0.879114
0.8164
1.04597
0.979783
0.791249
0.690857
5.32585
0.904696
7.51332
1.7876
1.35807
1.48447
0.823972
0.218669
0.619964
1.60142
1.26262
0.944226
0.580213
0.449945
0.948328
0.912887
0.539848
0.474039
0.868652
0.548928
2.29346
0.739672
3.65163
0.551555
0.507133
0.770778
0.257238
0.41428
1.35873
0.651709
2.28829
0.385932
1.12399
1.29593
1.22147
1.00802
0.788288
0.218726
5.29348
0.803131
1.22756
1.28883
1.63586
0.882417
0.782983
0.767152
0.272466
0.79729
0.538175
0.445115
0.413494
1.13997
3.57653
1.01868
0.677234
0.54243
0.921454
0.230189
0.409328
0.629498
1.09093
0.544972
0.134231
0.46165
0.745859
0.706806
0.632947
1.02672
1.54974
1.06116
0.805391
1.05451
0.871918
0.490084
0.753384
0.403982
0.951605
0.343884
0.353551
0.958031
1.10758
1.83027
0.807289
0.535789
0.573379
0.780847
1.76346
0.213825
3.47129
0.136378
1.17317
1.78066
0.371534
1.02309
1.00545
1.1456
0.578483
0.614229
1.86533
1.43571
2.77814
0.633523
1.12783
1.07272
0.312092
6.7783
0.866218
5.64368
1.181
0.828486
1.57171
3.86935
1.06669
0.630393
0.691828
0.50344
1.48104
0.790073
2.90531
0.714465
0.990598
1.68117
2.10593
2.55278
2.68369
1.1605
1.38414
2.07989
1.10596
1.04893
0.260849
1.53732
2.24564
1.14388
1.32493
0.897061
0.646638
0.853176
0.995747
0.604989
0.939332
1.14791
0.783836
0.709423
0.524221
3.06635
0.728733
1.09368
1.65471
1.03223
1.52987
1.1451
0.800526
2.70934
0.446263
1.30767
1.37282
1.9665
0.351739
0.622882
1.0958
1.23174
3.77749
3.9683
1.24435
0.975992
0.993645
0.405702
0.598902
1.56993
0.649457
4.06947
0.605311
1.00497
0.685791
1.85325
0.216977
0.882711
0.986679
0.610461
0.467792
0.971529
0.764035
1.23188
1.4468
1.45483
0.859583
0.302059
0.811381
0.848004
1.36377
0.974375
1.10755
2.31214
1.18163
0.783244
0.678807
0.600427
0.493655
0.740365
1.18595
2.19462
1.57479
0.909537
2.63079
1.02141
0.38273
0.700408
0.659898
0.661632
1.51316
1.18615
0.230832
1.35817
0.880304
0.662523
1.10384
1.09845
2.49545
0.423814
1.18156
1.25594
0.869287
0.56175
0.77739
1.22523
0.955055
6.43364
0.361249
0.598652
1.8135
0.556775
0.902329
0.692827
0.428111
2.05413
3.0108
0.473153
1.67187
1.10971
2.75147
0.795615
0.827762
0.65815
0.834241
9.36449
1.22587
0.926849
0.355496
2.39806
1.23938
0.440355
0.571237
0.302727
0.854228
0.722442
2.53879
4.51441
0.294888
1.75289
0.289536
0.569777
1.21998
0.575724
13.3331
0.525213
1.2685
1.35831
1.97251
0.5928
0.718531
0.911888
0.220557
0.860873
0.589037
0.901518
1.18985
0.97686
0.571345
0.690884
0.367679
0.697611
1.17972
1.44881
0.836829
0.321217
0.974173
0.51523
0.859422
1.66084
0.602562
0.817734
0.506008
1.76312
1.8515
0.494008
3.32775
1.82908
0.338358
1.37556
0.948365
1.55492
0.434703
0.274361
5.08528
0.580847
0.595493
0.263042
1.77737
1.20822
1.13645
2.59724
1.23925
0.980967
0.434941
2.26461
0.921037
0.2023
0.882433
2.09958
0.523147
1.98677
0.820774
1.11754
0.97553
0.33701
1.68782
1.02166
0.415476
1.75276
0.636946
1.3046
0.763522
1.18912
0.565237
0.932812
0.349242
0.926968
1.44588
0.421172
0.999342
0.85678
1.1483
1.11364
1.09817
1.0939
0.757563
0.648415
1.38281
0.805015
0.572542
0.354768
1.81474
1.06886
0.538291
1.76361
0.920862
1.36468
0.744544
1.31286
0.341781
3.86453
0.794734
1.57605
0.590766
3.07639
0.969096
1.80635
0.495773
0.508068
0.881415
2.17594
0.722131
0.837561
1.77196
8.39951
1.21123
0.868104
1.31377
1.64508
0.357383
1.50769
0.887999
0.772133
0.290419
1.15637
1.0956
0.405195
1.24747
0.532746
1.33455
1.86401
0.977314
7.45213
1.38334
1.19201
0.979503
1.19489
0.183878
0.810448
0.577091
0.765579
1.29421
0.523047
0.828474
0.687961
0.498599
1.8035
0.655998
1.90112
1.46108
1.07063
0.819434
1.71103
0.746548
0.864126
0.950021
1.57926
0.345092
0.697505
0.874021
0.76399
0.956292
0.542887
0.520849
1.21675
1.44583
0.826845
0.73798
0.563006
0.549408
1.07608
2.71984
0.747761
4.09933
0.848482
0.3784
0.811159
3.80071
5.17601
3.90618
1.59121
1.33679
1.67181
1.33099
1.10729
0.758853
0.528255
2.1869
1.17764
0.732164
2.31281
0.455709
0.666031
0.924147
6.38018
1.13848
0.809078
4.42366
0.606601
0.522476
1.7178
0.596431
0.540605
0.272771
0.682725
0.164028
0.582824
0.300466
0.456328
0.999826
1.52087
0.892373
0.899582
0.804485
1.95
1.7087
0.73325
1.28953
0.432002
0.624812
0.711385
1.24435
0.739279
1.32332
1.11533
1.43086
1.02605
0.355222
1.35654
0.652017
1.4089
0.527133
0.73971
3.71573
0.338945
0.394298
1.70054
1.33134
1.08924
3.86504
1.34146
0.314172
1.38679
0.914686
2.33477
1.92811
0.536322
0.84296
0.514055
0.793484
1.35646
1.30734
0.796408
0.86916
1.57907
1.44906
0.948795
2.23246
1.94465
0.452092
1.0505
0.908656
1.99967
1.03505
0.751743
0.66202
1.29297
0.780907
0.344155
0.68907
0.715148
1.35946
0.816939
1.10989
1.17491
1.13953
1.84008
0.851033
1.11515
1.03515
0.993541
0.667698
0.495255
0.779128
0.509944
0.881111
1.17928
1.12868
1.49348
1.4716
1.87516
0.705088
0.716851
1.847
0.438177
1.43143
0.543194
0.893102
0.707039
0.67736
1.25047
0.602149
0.519292
0.65831
2.35049
1.07621
1.50871
4.18816
0.943863
1.282
0.882311
0.925702
0.462315
0.520347
0.867592
0.234321
4.4304
0.783115
0.564209
0.826372
1.05202
1.09694
0.292537
1.64043
0.993751
0.955355
2.64262
0.56614
0.886565
0.79307
2.51389
1.58759
1.85115
0.651885
0.232556
2.24933
2.55049
0.606915
0.882002
0.637772
1.07888
0.220207
1.2493
0.512174
7.92846
0.952014
1.00997
0.475447
1.84959
1.25479
0.656189
1.35032
0.806624
0.837579
0.638251
1.1954
0.757504
2.58629
0.443173
3.14726
1.07029
1.23713
1.03326
1.39627
0.283986
1.98644
4.71819
0.658944
0.800974
1.39954
0.417126
0.599923
0.994029
0.933992
0.743862
0.807957
0.90015
1.06832
1.12633
0.633671
1.11299
0.440947
1.90204
0.825164
1.68767
0.849214
0.672552
0.771639
0.445984
2.18953
1.3792
0.925738
0.713379
0.570414
0.93644
0.493612
1.10444
0.771229
0.850201
0.857321
1.37095
0.389287
1.17223
0.856631
0.723617
1.11218
0.843954
6.44174
0.830365
3.38769
1.31356
1.29031
0.538737
1.72503
1.23965
0.688947
1.90624
0.964053
1.69157
1.7455
0.524476
0.600254
0.841682
0.739647
1.0774
0.997381
0.78468
0.28373
1.3244
1.27514
0.536154
0.846569
1.02592
0.884626
0.578093
1.23656
0.649097
0.476643
1.04867
0.615577
0.768967
3.15638
1.22869
1.1218
0.676195
0.343879
1.35346
1.60147
0.879245
0.645783
0.791594
0.517086
1.34025
0.604945
0.308643
0.995927
0.224388
2.7557
0.806043
0.476638
1.15575
1.6299
1.36776
1.0051
2.8385
0.620563
10.6533
0.687024
1.0348
0.763672
1.4674
1.00471
1.01082
0.446181
1.07761
1.44175
0.488359
2.35729
0.512463
0.881877
1.33165
0.437535
0.621122
0.672529
0.440559
3.26951
1.58662
2.04612
0.462755
0.669758
4.19153
2.20596
2.02712
1.74307
2.7211
1.88222
1.16922
1.2334
0.955356
0.433804
4.95646
1.37839
0.492409
2.00507
1.62349
2.30427
1.501
0.811085
0.447285
0.698294
0.882093
0.74476
0.977531
0.731119
0.901259
0.731603
0.341905
3.42489
0.95725
1.03319
0.771753
0.722863
1.02909
5.47913
0.917224
1.01819
1.10506
0.990914
6.94449
1.07111
0.923676
0.538504
0.953082
0.983775
1.7422
0.830414
1.57277
0.813528
2.34069
0.917917
1.21578
1.05266
0.566977
0.393918
1.28537
1.11191
1.23703
1.09581
2.00708
0.625988
2.85808
3.30873
0.474052
1.01671
1.43651
0.976535
0.299432
0.81778
0.633136
0.170722
0.671859
0.823669
0.742458
0.272429
1.70634
3.09251
0.922228
4.6399
1.4337
0.395317
1.88247
0.375277
1.01606
0.160599
2.1376
0.222794
1.42299
1.27735
1.07037
0.775662
1.31207
1.02844
0.422941
1.14847
0.460516
1.05771
0.372695
1.45796
0.225671
0.807146
1.35462
0.801177
0.682623
1.1354
1.04317
0.885395
0.483608
0.727791
0.646133
3.17734
1.10568
0.75068
0.803805
1.78914
0.268968
2.97636
2.62417
1.98732
1.76565
1.08371
0.849789
1.25782
0.508811
2.69699
1.51092
0.387745
0.625197
1.67357
1.04488
1.38351
1.18644
0.631915
0.460905
1.00822
1.16268
0.689315
1.08405
0.364132
0.314356
1.23877
0.96677
0.819347
0.725736
1.80314
1.13852
0.907804
0.523017
0.736391
0.498373
0.36298
0.816651
1.12744
0.373451
0.484756
0.57089
1.7228
0.670822
1.09392
0.829173
0.714034
0.34522
1.45467
1.30262
1.88643
0.716394
1.2279
2.28166
0.522059
3.25474
0.679819
1.23541
1.06732
1.19826
0.927442
0.649004
0.679727
0.723228
0.782222
1.30507
1.01607
0.578913
0.584032
0.719038
1.21028
0.523525
8.87764
1.06837
1.68215
0.156835
7.80555
1.59376
0.442117
5.94746
0.673267
1.7799
0.783383
1.4944
0.849384
0.885328
1.00413
1.14042
0.463561
3.1378
0.868851
1.70045
1.12405
0.700125
0.907255
1.67328
0.910566
1.28924
0.424397
2.42929
1.30889
0.25599
0.786027
1.31894
1.32679
0.810435
0.996777
2.61556
4.72136
0.763235
2.72642
1.49695
0.295585
0.986462
0.103593
0.731833
0.945118
0.695771
0.230591
0.522897
0.402799
0.259488
0.543658
12.6422
0.946308
2.04464
1.32988
0.406652
0.341614
0.970223
1.30422
1.95012
2.17386
0.628853
2.05016
0.820282
7.47102
0.5137
0.95015
0.592927
0.860493
0.989942
0.908412
0.43613
0.973453
0.611151
1.22619
1.43229
1.65688
0.31857
0.979455
4.33238
1.63042
1.96012
0.798373
1.1672
1.01222
0.981682
1.16869
0.412883
1.52566
0.680238
1.13408
0.365041
0.499446
0.585256
1.10437
0.847501
0.947943
0.829442
1.19264
1.64632
0.433904
1.42185
0.735018
0.679623
0.852967
0.935773
1.11926
0.959705
3.46318
1.26127
0.89766
1.29785
0.65992
0.641063
1.25118
0.359958
1.10171
0.557069
1.12433
1.51288
0.428854
1.66809
0.748008
0.437899
0.869395
1.24565
0.803608
0.336039
0.226445
1.3466
0.795022
1.5314
1.97029
1.00912
0.973471
1.16633
1.04177
1.17507
0.913762
0.926578
1.53551
1.83716
1.30549
0.441833
1.54042
1.2335
1.67325
0.35067
1.05756
0.358137
0.848017
0.745041
0.845005
0.589481
0.677759
0.200276
0.477212
0.336279
0.838454
2.26315
1.14209
1.6385
0.769753
2.3957
1.29488
0.6777
1.135
1.00608
1.11058
0.586891
1.51615
0.654634
0.35719
0.884168
0.449754
1.19301
0.634541
1.0909
1.76503
1.18197
0.518804
0.780448
0.560085
1.42507
2.16988
8.56253
2.65523
2.25555
0.53513
0.581426
0.888336
0.694185
1.04612
0.973517
0.119941
1.11441
0.902703
1.29386
0.603537
1.11667
0.604421
1.28138
1.04834
1.60516
1.11649
0.516595
3.10733
0.435453
1.45235
2.17326
0.627863
0.854796
1.10946
0.926164
1.03099
0.754594
0.604035
0.307093
0.570167
1.06377
1.92335
0.504972
1.52502
1.0602
1.12456
0.857268
1.45957
0.791088
1.04715
0.657283
0.142803
2.73658
0.937978
0.374203
0.293253
1.07688
1.13655
0.331721
1.28239
0.664084
1.12247
1.48499
0.635558
0.430524
0.823472
0.7151
0.966089
1.26398
1.14023
1.37948
0.566778
0.960479
2.99707
0.306448
0.188331
0.840582
1.44794
0.703486
1.01861
1.01923
2.58558
0.577589
0.74532
0.721053
0.864403
0.875378
1.31073
1.43314
0.109107
0.624032
0.163491
0.936207
1.67666
0.750627
1.22084
2.60374
1.23334
0.976937
0.25309
1.18407
0.410202
0.617168
1.01597
1.47508
1.25754
1.29968
0.621977
0.1649
0.289756
0.230718
1.67043
0.663094
1.01788
1.19668
1.16307
0.575699
0.958955
0.341507
1.93533
0.260645
0.28887
0.45426
1.48874
1.20887
2.64622
0.178379
0.966756
1.3026
0.412141
0.315019
2.14315
0.718191
0.4238
0.998123
0.464478
0.760193
0.911852
0.898825
1.59782
0.362529
0.715808
0.397641
0.813323
0.736053
1.0247
0.566936
1.01025
1.01968
0.942908
4.9491
0.672298
1.03374
1.18392
0.777901
4.44092
1.26644
0.830851
0.639428
0.935464
2.04879
1.02208
1.93666
1.06217
1.80871
0.305585
0.3293
0.587115
1.43858
1.2435
0.825807
2.65965
0.451734
0.975265
1.1652
0.624456
0.99283
0.795703
0.550127
6.41286
0.377523
0.839394
1.1739
0.796319
0.816309
0.75426
0.358347
1.40924
2.20553
1.65874
1.26119
0.631644
1.8123
1.50215
0.811729
2.09479
0.724295
0.897441
0.709575
1.80147
0.545801
1.33178
1.17072
0.363102
1.10564
1.51206
0.653546
0.454892
1.41771
1.22933
1.06436
1.12528
0.587493
0.585315
0.685887
0.515937
0.427563
0.472958
0.499797
3.28467
0.835961
1.02855
0.127088
0.901177
1.42059
9.42198
0.659815
0.951224
0.166013
1.3515
0.520062
0.681101
1.2584
1.15732
1.39355
1.11013
0.940639
1.05169
1.35271
0.931186
0.516655
0.280535
4.07441
0.736222
4.5661
14.3462
1.28623
0.76785
0.448625
1.1877
0.868936
0.856106
0.567602
0.413882
0.80271
1.60759
1.07848
0.878023
0.692966
0.649423
0.400757
0.7509
0.214492
0.98426
0.298046
2.08555
1.345
0.616452
0.559217
0.976138
1.14593
0.386834
0.852838
1.10083
1.06766
0.899949
0.989555
1.27394
1.82134
0.428286
0.852205
1.23307
0.932142
8.34862
2.75353
2.58167
1.01877
0.716179
0.852844
0.185913
0.476095
0.551262
0.678852
0.792489
0.457031
0.220363
0.809423
7.47466
0.670078
1.4423
0.649774
0.664092
0.854183
3.51521
1.19629
0.736827
0.671071
0.72071
1.00944
1.62357
0.543027
1.54675
0.690117
0.810728
0.515526
2.77868
0.757302
0.857276
0.945863
1.63174
1.34209
0.629194
0.999754
0.62357
2.59838
1.86508
0.492354
1.29237
0.753213
1.43704
1.27362
1.24276
0.114283
1.56272
0.221584
1.80178
0.822739
2.58446
0.947187
0.754568
0.896812
0.440252
0.681256
0.709597
0.268165
1.57194
1.34104
1.23957
1.59177
0.808441
1.01604
1.39239
2.82174
0.948253
0.699923
3.79468
1.19891
2.41665
0.492409
0.582231
1.38519
0.259014
0.289982
1.1288
1.73136
0.574789
1.06712
0.901217
1.06764
2.04511
0.221367
1.01474
0.796529
2.55924
0.695964
1.25958
1.22156
0.822764
1.41213
0.6498
0.400572
1.26268
1.80788
2.10944
0.869979
2.78514
1.92936
0.848477
0.550601
0.698607
1.47359
1.20144
0.736037
0.476906
0.800945
0.569691
0.772375
0.497284
0.529068
0.968876
0.664843
0.567877
0.559571
0.326627
1.00903
1.04054
0.833011
0.660891
0.84155
0.919477
0.826911
1.5604
1.55539
1.48609
0.704754
0.333166
2.26184
0.83739
2.24112
1.1253
0.618522
1.52809
1.37256
2.0348
1.40602
0.792548
0.513267
2.76908
1.53999
0.511616
1.18474
1.59025
0.323369
0.719831
1.13526
4.20254
0.193441
1.57746
0.985347
0.858024
0.810514
1.34986
1.47242
1.38443
0.277298
1.5024
0.938087
0.523117
0.832785
2.28533
0.192221
0.624949
0.908558
1.4743
0.30365
0.153954
1.12654
0.961734
1.58447
0.255457
1.71192
1.66438
1.79551
1.32913
0.953426
0.630938
0.840375
0.948891
1.13752
1.20139
0.850307
0.647633
0.492481
0.179599
0.968167
1.16338
1.56896
2.51536
4.69528
0.478554
1.0137
0.872381
1.1228
0.902914
0.634882
1.15067
0.468139
0.986994
0.76981
3.79578
1.22651
1.15013
2.19706
0.620021
0.993478
0.879534
1.26115
1.08773
1.10235
0.202743
0.77681
0.60642
1.08772
0.747147
1.04208
5.44612
1.00267
1.47232
2.21086
0.913369
1.43677
0.759278
0.343548
0.600688
0.604512
3.68707
0.243441
1.31542
1.2319
0.81415
0.757062
1.15286
0.979224
0.567436
0.92437
1.10696
0.742499
1.22817
0.728514
0.503635
1.34509
1.59191
0.850079
1.15917
0.970113
0.664459
1.1099
1.28585
0.603307
1.03067
0.451467
0.769506
1.67476
0.483785
1.33523
0.748419
1.12805
0.409487
1.46265
1.21727
0.591089
3.01725
1.12923
1.38742
0.518036
1.4059
1.08361
1.12275
1.78459
2.60978
1.22629
1.13214
1.57954
1.73872
0.58506
0.561512
1.18564
1.23583
2.56231
14.3476
0.536934
1.00645
1.46796
1.64727
1.34876
0.774766
0.639723
0.538151
2.21953
0.888764
0.877351
0.168703
0.659613
1.99155
1.56535
0.181417
0.719424
0.838322
1.12159
0.876584
0.186708
1.6744
1.17678
0.438251
2.0495
1.35695
1.12188
1.13083
1.34376
1.07045
2.34741
1.39428
1.04466
0.0785507
0.984685
1.40472
0.32332
0.944301
0.540748
0.582092
0.507422
0.840619
0.586614
1.351
0.965334
1.10256
2.12655
0.839446
0.408271
0.500858
2.64382
0.509097
0.884121
1.21802
7.13753
1.15023
0.0922302
1.12626
0.718092
1.58146
0.385034
1.42554
0.920612
1.02133
0.394831
0.698229
0.654416
0.705165
1.19983
0.233961
0.601903
0.53501
0.780003
1.25461
0.8594
0.722335
0.30609
0.849351
1.53187
0.0239365
1.96485
0.567231
0.265893
1.11393
1.53815
0.814354
1.35306
1.19566
1.13641
0.365181
0.507836
0.566613
0.521428
0.622472
0.93459
0.532373
3.51868
1.07929
1.28035
1.55885
0.603068
10.8748
0.970418
0.802983
1.88629
1.20727
0.824948
1.29344
0.725951
1.26861
2.56268
0.870544
2.37843
1.45913
1.03289
1.26217
0.487324
0.469756
1.46004
0.336631
0.626271
0.787836
0.61793
0.835184
0.96161
0.552755
2.48385
0.59723
3.37052
0.656752
0.754313
1.23059
3.42863
1.46445
1.00536
1.64016
0.883252
1.49945
0.647588
0.998678
1.14751
0.975467
0.562848
1.50893
0.377318
0.176431
0.64785
2.4489
1.96104
1.31464
1.02952
1.73933
0.53567
2.51775
0.992484
0.595473
0.62328
0.825081
1.1464
0.95013
0.737197
1.13935
6.08536
1.28962
4.48588
0.4088
1.24625
0.769686
2.04974
1.17093
0.611862
2.28734
2.07492
0.9931
0.906606
0.761936
0.48645
0.37408
1.93557
0.713197
1.26268
0.819583
1.45855
1.87458
0.400802
1.94509
1.27624
1.504
1.79391
0.500964
0.589079
1.61102
1.02389
0.596745
0.747294
2.40253
0.683772
0.613986
1.1984
0.794472
8.4469
1.42582
0.504812
0.945351
2.71798
1.83111
0.839219
0.620014
0.601443
1.0989
1.12783
1.23071
2.9587
0.343301
2.43048
1.79182
0.516389
0.299223
0.767409
0.616078
0.595801
0.191688
0.94312
0.482261
0.812139
1.26778
0.824225
1.40476
1.75063
0.591161
0.727865
0.513807
3.30363
1.41177
1.27287
0.480078
0.228899
0.981203
0.372388
0.94262
1.97656
0.612718
0.664945
4.38716
0.230214
1.10177
1.27894
1.33147
1.94962
0.419743
0.261196
0.704703
0.464993
3.20893
0.408584
0.53385
0.415806
0.393076
0.82431
2.01803
0.347786
0.0784539
0.304202
0.932792
0.900209
0.65828
6.86716
0.686635
0.987214
0.613236
0.697191
0.288753
0.53171
0.485025
0.899868
0.693012
0.938165
2.43516
1.31445
0.733768
0.843182
3.57705
0.763605
1.73882
1.84817
1.06376
3.47852
2.00983
0.584443
0.728635
0.910372
0.221162
1.58516
0.772497
0.338495
0.723335
0.413327
1.49368
0.854254
0.470475
3.97726
2.17662
0.34554
1.1242
1.65676
1.44029
1.28494
3.73483
0.729104
0.420398
0.594068
1.10828
0.536001
1.47247
1.24164
0.887349
0.356074
0.88739
1.35094
0.477721
3.03296
0.653966
0.833708
0.811157
0.694482
0.535779
0.405789
0.931657
1.4738
0.549234
11.1104
2.26462
0.30525
1.03541
1.89004
0.779319
1.65873
1.10229
0.692795
0.13613
0.897653
0.640791
0.843565
2.24091
1.67364
1.04911
1.19837
0.685416
0.811719
0.745684
1.59668
0.499474
0.741853
1.01929
3.99256
0.868579
1.20064
1.95127
0.791089
2.40455
0.641859
1.74477
0.590428
1.75661
0.689013
1.48619
1.15832
0.845597
1.17186
0.721214
1.17227
1.01062
1.49106
2.81834
0.238343
0.960981
0.522219
1.36154
1.84961
1.0206
0.280227
1.8022
1.08273
1.58731
1.33096
0.467865
1.11046
0.675072
1.21138
2.9326
0.808667
0.830359
1.06656
1.08055
0.76258
1.66909
1.07775
1.04015
2.00799
1.08416
2.6905
0.859051
1.21464
0.661509
0.308021
0.539322
1.338
0.945866
0.578015
1.21947
0.9817
0.180609
1.15525
0.511354
1.44133
0.920179
1.0121
0.847526
1.90479
0.392868
0.940588
0.51099
1.65216
0.428819
0.245319
0.779682
2.01628
0.951323
0.613053
0.746172
1.46791
1.18195
3.02925
0.214676
0.843674
1.33639
1.52586
0.685695
0.671471
0.849062
0.183587
0.317477
0.236632
0.690561
9.99989
1.30723
0.824126
0.373893
0.616233
0.666322
1.03069
0.300267
0.2728
1.58541
1.62885
1.31617
3.66598
1.11816
0.618837
1.07478
0.651489
0.436111
0.295599
0.952281
1.1404
0.788289
0.880437
0.692729
0.848169
0.252105
0.809492
1.62062
1.71127
1.8285
0.799403
5.11659
0.552245
0.42555
1.95166
4.64078
1.55317
0.290128
0.67843
1.3486
1.31867
0.478163
1.24493
0.74032
0.565986
1.06651
1.85024
0.52344
1.28119
0.68553
0.45216
0.47492
1.12548
2.721
0.876762
0.585266
0.398548
0.639607
1.89926
0.60788
0.415086
4.89899
0.60797
0.873551
0.255292
1.53769
0.713343
0.561398
0.767285
0.345047
0.230699
0.0864233
1.06637
0.588522
1.36402
0.833218
1.15239
0.785493
0.402757
1.16291
1.68767
0.553588
0.375392
1.06685
0.342267
1.07085
0.554592
0.938894
0.862263
1.12451
1.65935
1.48906
1.29437
0.534398
0.317493
2.17893
1.10421
1.09669
0.681034
1.10742
1.02941
1.05318
1.97969
0.608489
0.713109
0.986516
3.47331
6.8659
1.28426
1.24395
1.03001
0.912651
1.28576
0.303005
0.548582
1.39856
0.914557
0.960033
1.34122
0.528959
0.429491
0.856131
1.1158
0.897797
1.08054
1.23747
0.990045
0.705277
3.20056
0.799584
1.39753
0.697767
1.53997
0.621084
1.16187
0.972217
0.739227
0.837587
0.905405
2.58118
1.67599
0.322678
1.40606
0.852404
3.75724
1.46616
0.238891
5.2905
0.825449
1.09478
1.1913
0.535644
1.1355
0.802991
0.278704
1.64757
0.910803
1.08971
0.229919
0.944856
1.0894
1.62972
1.02718
1.78963
0.516557
1.29536
0.490628
1.90043
0.756042
0.556012
1.00601
0.695667
0.770648
1.38109
1.53415
0.511281
0.298307
1.34402
0.102548
0.533619
1.53714
0.975528
1.04218
2.08824
3.31626
1.46074
2.03177
1.31702
0.784023
3.51642
1.85879
1.99419
0.524344
1.01014
0.847703
0.881768
1.02658
0.497823
0.476222
0.712067
4.61786
0.980573
0.52314
0.394836
0.54402
1.13851
1.09485
1.17641
2.46296
0.541753
1.0431
1.23131
0.821684
1.84907
13.0079
0.943022
0.379695
1.30054
1.46426
0.435228
1.24589
0.646355
0.973408
0.731777
0.885082
1.48804
0.554897
0.766413
2.2888
1.18621
1.98631
3.16475
0.74458
0.358483
1.08814
1.10788
1.94975
0.291683
0.668425
0.922245
4.58974
0.427501
0.778941
1.32296
0.195144
0.984068
0.250345
0.9305
1.06263
1.63139
5.42095
0.657303
0.707658
3.36934
1.40528
1.76632
1.14917
0.406234
2.15524
0.658817
1.50958
0.982799
1.09077
0.695423
1.49192
1.16129
0.733249
1.04578
0.583421
0.886485
1.83599
1.14584
2.07404
1.15718
0.548721
0.714469
0.773927
0.69677
0.45203
1.31627
1.32358
0.708203
1.23832
1.18336
0.741373
1.07389
0.676786
0.7305
8.76215
3.4431
0.783933
0.204112
0.27992
0.941672
0.324737
2.00705
0.982852
0.540629
1.18195
0.202052
1.97437
1.12953
0.965559
0.357665
5.54126
0.758843
2.71719
1.03354
1.0877
0.889327
1.10097
0.602718
1.79357
1.41326
1.98197
1.10961
0.738888
5.99556
3.27012
1.03461
5.21792
3.94982
0.225633
1.91265
1.09506
1.65002
1.41433
0.838424
0.882571
0.922803
2.13543
0.282735
1.20379
0.675604
1.81317
1.20909
1.53418
0.732977
0.468871
0.935911
1.04418
0.919176
0.643232
0.302003
0.453187
0.917988
2.49196
0.426177
0.855412
0.571544
0.855478
1.06694
1.52784
2.36682
2.10277
1.26405
0.899901
0.907398
2.87959
0.2727
0.270572
0.94131
0.904355
1.10621
0.865425
1.17498
1.86933
1.19488
0.972136
0.537687
0.603447
1.38562
0.607844
1.30814
1.30342
0.836154
1.07879
1.32596
0.187866
1.18767
1.0571
1.08147
1.57386
0.996153
0.885386
1.80138
0.995826
0.79828
1.10676
0.845856
1.5046
0.682114
0.468605
1.36346
3.779
2.26766
2.08451
1.21567
2.34946
0.925636
2.88457
0.979198
0.753393
1.16295
0.824378
1.35206
3.16485
0.922027
0.611476
0.543917
0.999354
0.863524
0.753567
0.698325
1.4606
0.702682
0.54196
0.446838
1.16186
0.693407
0.270263
1.12115
1.42543
0.786763
1.68972
0.255453
2.64037
1.36156
1.75796
0.844774
0.962164
1.05506
0.852185
1.08454
0.908717
1.35221
0.729684
0.964281
2.30421
1.53083
0.4914
1.21769
0.780744
1.55127
1.19014
1.23357
0.423712
1.948
0.654212
0.153353
0.720796
0.27652
1.48623
3.98131
0.305847
0.495516
0.338049
5.26227
1.20263
0.665498
4.53002
0.424383
1.30448
0.962724
1.15627
1.2383
0.290062
1.15925
1.05119
0.607145
1.50133
6.80774
0.931125
1.12368
0.577239
0.732917
0.635252
0.593063
0.398511
0.948327
0.891418
1.21436
1.1577
1.39621
2.38087
1.29443
0.907104
0.430805
2.42058
0.668454
1.14904
2.49653
1.12143
1.32997
1.00348
1.0542
1.04258
1.25117
0.993571
1.22896
0.567396
0.372177
1.89622
0.947315
1.33324
0.632793
1.00984
0.526628
2.68888
0.59987
0.89333
0.555464
2.41437
0.926324
1.37379
1.93155
0.65121
2.0426
1.55963
0.612603
1.49276
0.306089
0.602619
0.75824
0.229666
1.15042
1.79145
0.599098
1.23188
0.328258
1.05941
0.464046
1.1612
0.385229
0.407883
1.1518
0.510535
2.95425
0.431488
1.06415
1.27842
0.797921
1.72586
1.37054
0.939244
0.815941
1.80155
1.0315
1.20834
1.07292
1.26889
1.20883
1.07478
0.427487
0.982981
0.348671
1.54786
0.857523
0.401845
1.46828
4.10072
1.12918
0.920683
0.571751
0.742937
1.07713
0.866862
1.04314
0.902658
0.993264
0.987405
0.384732
0.827496
1.03557
1.0031
1.99873
0.388773
0.405617
0.487463
0.966577
0.158063
1.23816
1.38064
1.04316
0.600485
0.697262
0.522971
0.776533
0.703057
1.42323
0.608562
0.674224
1.00682
1.34059
1.22654
0.384481
0.940152
1.20854
0.806846
1.83618
1.74261
0.739204
1.64926
0.583504
1.54046
0.901383
1.37248
1.22049
0.294836
1.5108
1.13698
0.209149
0.961791
1.04643
0.554266
1.13108
0.977146
0.423814
2.36681
1.43822
1.40825
5.16267
0.162486
0.945799
1.31968
0.446635
1.08941
1.20074
1.14322
1.50875
0.628987
1.15809
0.205102
0.479823
1.41564
0.976626
0.878222
0.72765
0.991727
0.453301
0.421336
1.25657
0.702695
0.925962
0.690625
0.838354
0.715214
0.447531
0.511662
1.0567
1.25253
1.04596
2.07776
1.14375
0.800265
0.8695
1.01707
2.28969
1.02639
1.03507
1.57267
0.608997
1.32989
0.22736
1.108
5.57937
0.548634
0.960679
2.46389
1.34578
0.650324
0.925274
0.914069
0.812425
3.49525
1.62249
1.07097
0.899521
0.961734
1.16543
1.94568
1.69887
0.689016
0.371042
0.649241
0.624483
0.9013
1.63552
0.453502
1.46591
2.71131
0.602197
1.1065
0.348365
2.33137
0.925312
0.713412
0.419026
1.16379
0.726571
0.784619
0.367665
0.917696
0.908874
1.22428
0.60894
1.24666
1.24384
0.927684
0.831346
2.23521
1.13339
0.897493
4.92437
0.91322
1.41355
0.741495
0.67553
0.515772
0.618583
1.75843
0.442741
1.26649
0.403787
1.16006
1.31066
1.61439
1.64488
0.917078
0.624524
1.62069
0.986335
6.39713
1.06851
2.16763
2.31658
6.37289
2.97242
1.15103
1.5222
0.821345
5.19245
0.105952
0.352094
1.07719
0.377706
0.433799
0.520857
3.00145
0.755162
0.533194
0.682074
0.397842
0.319117
1.21309
1.4307
2.24461
0.476247
1.00836
0.641475
1.34463
0.441186
0.168188
1.04778
0.861161
1.55274
0.688677
1.13379
1.04122
0.240859
0.911423
0.908549
1.51956
0.586712
1.37325
1.54425
0.614783
2.70583
0.968744
5.86406
0.277097
0.479341
1.05228
1.00598
0.184566
0.925265
1.50757
0.639884
1.8837
1.11023
0.389169
0.484046
2.06151
0.929252
1.08538
0.389368
0.681957
1.18196
1.05482
1.29861
0.913808
0.345447
0.9139
0.504139
1.10205
0.313311
1.67877
1.92332
1.63978
1.82403
0.265482
2.10815
2.98102
4.65158
1.43577
1.93029
3.48299
1.205
0.519967
0.822106
0.923549
1.27621
3.73176
3.06827
1.28511
0.97798
0.523689
3.41916
0.978139
0.197266
10.862
1.3887
0.113758
0.763848
1.31875
1.67793
0.563244
1.83493
0.701347
0.572837
1.03675
0.980512
1.6457
1.24902
1.01477
0.699648
0.375031
1.21917
1.05097
1.62386
1.0062
2.42207
0.611758
0.721495
0.667908
1.1829
1.07153
0.190365
1.14393
0.501339
0.853385
1.40913
0.253249
1.27969
0.737339
1.8493
1.29986
0.565735
1.72838
1.15197
1.43097
0.849519
0.348042
0.942043
1.05245
1.19107
7.76178
1.19326
1.87502
1.00626
0.782076
0.219899
0.953696
0.632488
1.64017
1.30071
0.914253
0.883978
0.91058
0.893993
1.22204
6.69655
0.550261
0.316385
0.243889
0.828828
1.19849
0.887743
0.981921
1.03257
0.79733
0.59515
0.851429
3.00161
1.28574
0.801363
0.449718
1.25801
1.05446
1.15725
0.333013
1.87803
0.880059
2.15103
3.7252
0.739229
0.311654
1.5746
1.35353
0.973855
0.0753756
0.537451
0.759166
0.521053
0.379826
0.412014
0.979975
0.674287
5.41001
1.63407
0.683643
0.973189
1.70189
0.606058
0.149874
0.683849
0.973066
0.617591
0.753241
1.17255
0.893373
0.886377
1.87262
0.737628
1.00132
1.69911
0.693213
1.18723
0.790058
0.449196
1.24147
2.60392
4.91795
0.487327
0.915848
0.613788
1.01616
1.16566
1.16283
1.89782
0.256541
0.896672
2.20786
4.8803
4.59176
1.08957
2.43717
3.46484
1.81777
2.5382
1.00352
0.188026
0.926692
0.615969
1.11433
0.877479
3.80458
0.35745
0.557086
0.720475
0.320776
0.403741
0.524766
0.552015
2.36738
1.06742
0.631453
1.06865
0.842328
0.916738
1.06027
1.08078
1.03976
0.795507
0.328183
1.25211
0.90785
1.13503
0.576218
1.32193
1.49646
1.26565
0.410304
0.638894
3.01191
1.42657
0.697176
0.61294
0.239655
0.96436
0.369914
1.28849
0.192829
1.28809
0.533328
1.87871
0.855273
0.478198
1.19773
0.848085
1.39895
1.45531
0.63026
0.444847
1.07017
1.10385
2.34503
0.931678
0.553828
0.953574
0.707668
1.07174
1.05533
1.20812
0.811806
1.13705
0.438692
1.92603
1.49818
0.917843
1.22066
0.51621
1.65764
0.40359
0.691205
0.892641
1.09476
0.848451
0.648752
2.13167
1.26273
0.854061
0.74534
0.353026
1.50782
1.00474
1.51445
4.13692
0.721898
1.03543
0.583306
0.653617
0.346663
1.29452
0.813865
1.17909
0.744064
0.92454
0.947254
0.784845
0.609575
1.07837
1.15467
0.598088
0.909373
0.290899
0.686995
1.80608
0.646113
0.531871
0.381201
1.6723
1.48628
1.25112
1.40363
0.665398
3.83352
0.570612
1.44128
2.91001
1.0042
1.89442
0.481904
0.742335
0.648767
1.41976
0.72164
1.20451
0.948889
0.502524
0.300889
1.17644
0.437077
2.17145
1.19138
3.05021
0.748135
3.59424
1.19229
0.97794
0.204915
1.9494
1.0185
1.63506
0.785506
1.23014
0.792792
0.716413
1.09554
0.266382
0.901129
0.850215
1.34972
1.19323
0.742305
3.16302
0.939796
1.03573
0.940353
2.10543
0.950162
2.29998
0.409805
1.05622
1.36865
3.03727
0.766675
0.253713
0.586418
1.5519
0.220601
0.977377
0.199315
1.58026
0.625383
3.01477
3.69569
1.46737
1.52832
3.0591
0.625622
0.649968
0.669673
1.94597
2.0479
1.28366
0.443988
0.425668
0.507903
1.13779
0.506476
2.36869
0.955981
0.893141
0.951121
2.05634
0.712466
1.10068
0.583188
1.16321
1.51513
1.14719
2.27067
0.408707
1.16175
0.720146
1.17162
1.07318
1.07643
0.695567
1.04365
1.03503
0.183291
0.554567
1.45443
1.46986
1.04221
0.771305
0.485256
1.72917
1.72359
0.212836
0.734299
1.69884
0.825896
1.75027
0.423465
0.441693
0.150668
1.77607
0.942955
1.3239
1.19303
1.10738
3.68597
0.182649
0.976833
0.656437
1.94809
10.8854
1.13234
0.780699
0.647767
1.59913
1.57469
1.45119
1.14296
1.07774
2.62656
0.70006
0.846121
1.03132
0.922953
0.509055
0.482644
0.651303
1.19695
0.444647
1.41643
0.842604
0.638231
0.606746
1.2999
1.77933
0.716863
0.800248
1.151
0.428629
2.15115
0.339735
1.2587
1.18707
1.34288
0.848708
1.33082
0.782178
1.42604
2.12667
0.458969
0.604099
0.752416
2.10587
1.70787
2.16985
0.319214
1.62547
0.565846
1.00533
1.37501
0.771486
0.31843
1.59147
1.4244
0.651587
1.34492
0.978739
1.2848
1.35066
1.97804
0.811397
0.706071
2.33301
0.932436
0.345491
1.17183
1.17559
0.559974
1.06367
0.610564
0.718799
1.04629
0.835784
0.609524
2.00233
0.167662
0.287714
1.32387
0.381754
0.82544
1.58679
6.14127
0.706596
1.0429
0.331712
1.9027
0.657806
0.69368
0.52645
0.805492
0.548509
0.85899
1.9873
1.30171
0.327029
1.69132
0.535063
1.02989
1.16696
0.913339
0.937234
1.25306
1.07944
0.75814
0.400896
1.41493
1.47664
1.55637
0.526911
1.61093
1.58742
2.71346
1.86979
0.646038
0.791624
0.885598
0.750204
2.01864
0.293445
1.05616
0.902213
0.110317
2.13863
0.306047
0.933662
2.72952
0.204039
3.51228
0.393194
1.4448
1.98288
0.559053
1.07658
0.996875
1.32632
3.67629
0.426843
0.724537
0.733036
0.706315
1.18127
1.13639
0.816511
1.80278
0.813963
0.441632
4.96396
1.65012
0.750533
0.547083
1.22951
1.00808
0.677341
0.58177
0.512537
1.02533
2.4949
0.946995
1.31167
1.00346
1.67439
2.00713
0.676119
0.364274
0.135305
0.747269
0.5608
0.74941
0.692423
1.30038
0.574757
0.621455
1.69236
0.384724
0.592752
0.891935
1.15773
2.43095
0.422541
0.632716
0.920924
0.501172
1.3858
1.85963
0.705694
0.363368
2.21474
1.27495
1.02846
1.30867
0.761592
2.80384
0.987431
1.85613
0.626387
1.80097
0.504099
1.47148
1.42496
0.413582
1.32947
10.0026
4.17386
1.11847
1.56258
0.467263
0.401113
0.428239
1.10941
0.497528
1.43118
0.826473
0.643116
0.724413
0.960024
0.26377
1.25824
1.66867
0.888417
1.99412
1.09256
1.52061
0.721395
0.704119
0.506176
0.527358
0.326505
2.42929
0.685292
0.570116
0.635803
0.720794
1.27651
1.1782
1.04888
0.934063
0.354913
1.0077
0.763261
1.24741
1.41831
0.757665
0.706552
1.44328
0.969603
1.84445
1.26634
0.923062
0.943893
0.7656
0.942577
0.617123
0.512482
0.459219
0.69314
1.03748
0.698937
1.10546
0.761339
0.648865
0.428884
0.782537
1.13204
0.701964
0.466794
2.12524
0.954534
0.883398
0.546831
0.733241
0.316893
2.18697
1.03976
1.10666
0.462099
0.522761
1.6708
0.766512
1.68828
0.153409
0.53467
0.62835
0.803479
2.09757
0.577205
1.25596
1.62456
0.746523
0.819554
0.818938
0.625745
2.57098
0.772201
1.65607
0.319912
3.45984
1.20762
0.970118
1.59243
0.330955
0.487294
1.158
2.54726
1.5654
0.672824
1.06607
1.15469
2.05856
1.96483
1.08242
0.257068
0.362327
0.647825
1.27584
1.18685
1.076
0.547466
0.380727
1.2908
0.380223
0.726864
1.31446
0.883704
0.849413
2.39768
0.802882
1.21249
0.615916
0.716934
0.625968
1.01266
1.56789
0.772121
2.97044
0.603675
0.39362
0.740346
0.671223
2.41977
0.994128
2.60831
0.658679
2.02319
0.640566
0.882301
0.582521
0.944922
2.28134
0.205582
1.25102
1.51538
1.7313
1.29061
1.11198
0.464577
1.39336
0.983901
0.5664
1.42562
1.83003
0.237105
1.53552
1.14382
1.19986
1.55781
0.825526
0.361979
2.56207
0.548862
1.03208
2.42202
1.14977
2.22703
1.65535
1.04501
0.638862
1.68174
0.61736
1.22049
0.928526
1.37035
14.4006
0.661879
0.665633
2.56526
0.366858
0.592217
3.66746
1.09154
0.35074
1.20753
0.624879
1.95243
0.65966
6.11122
2.50933
2.54543
0.483323
0.363133
0.462771
0.300964
0.376793
1.69234
1.85605
1.20054
1.02021
0.7952
0.889941
1.06657
0.815315
1.49395
0.465995
1.40804
0.663807
0.469998
9.96928
0.55577
0.774303
1.63204
0.4313
0.747237
4.08551
0.926438
3.19284
14.2381
1.58407
0.830245
1.21232
0.793289
0.148798
0.227985
1.20868
0.412735
0.172319
0.753825
0.306708
0.705075
0.776735
1.15453
1.65958
1.02247
1.0807
0.694836
0.274182
1.03339
0.96942
0.454218
2.10065
0.31534
0.628181
0.486728
1.77764
2.34649
2.29093
1.78553
0.498978
1.16204
0.56493
0.493553
1.17586
0.968426
2.39971
0.554498
0.77758
2.54093
1.10925
1.01731
0.257597
0.478011
1.14511
0.635017
0.528386
0.577614
0.885341
1.08862
0.721961
1.36048
0.539115
1.20898
0.761059
0.754228
3.59344
0.916216
0.436159
1.64787
1.14002
2.12205
0.602211
0.997932
1.20063
1.15177
1.41722
0.877884
0.157623
1.02243
0.775062
1.79689
0.579852
0.609558
0.0485803
1.07701
1.10569
2.73472
0.876317
0.759674
1.01998
0.685284
3.84637
0.425791
0.570271
0.278136
0.791067
1.50321
1.10755
0.686914
0.383762
1.35031
0.426921
1.10058
1.8525
2.22238
0.662541
4.18561
0.651693
1.13443
1.13155
1.44794
1.95703
0.504288
0.980386
0.238162
0.797634
0.651613
0.628161
1.10069
0.547111
0.607874
0.800767
0.389014
1.11843
0.573735
0.758518
0.317569
0.828374
0.773019
1.32872
1.94656
0.344291
2.46107
1.25362
1.06481
0.263109
0.786535
2.2972
1.10187
0.53261
0.567748
0.760792
0.843072
0.705365
0.836681
0.864894
0.315779
0.690475
0.950038
1.21619
1.29003
0.64171
2.40268
2.15189
2.42289
1.6438
0.392757
0.468959
0.249038
0.964561
0.904006
1.30498
1.28269
1.14646
0.828264
9.50921
0.694118
0.729974
1.54915
1.45158
1.46729
1.89211
0.975194
1.67075
0.893224
2.6888
1.31997
1.21502
0.704221
0.667692
0.692286
0.441865
0.428761
1.66072
1.36628
0.350672
1.13098
0.737492
0.117032
1.33279
2.29247
0.95744
3.16302
0.754134
0.770658
0.25427
1.52867
0.861572
1.35752
0.883349
1.06618
1.20302
0.743391
0.50057
0.51206
0.494397
1.50441
1.9857
0.558526
4.01266
1.50551
1.17695
0.866769
0.847463
0.393452
0.318565
0.991063
1.04814
0.459834
4.45729
1.11728
0.416976
0.67194
1.03049
3.29298
1.17954
1.12372
1.69382
1.89095
0.844531
0.795922
0.981261
0.479211
0.767409
0.406144
2.33003
0.614068
0.848736
1.20935
0.9261
1.15949
0.277351
1.8697
1.63934
1.17285
0.923596
0.766198
0.665876
1.42227
0.640987
0.376791
1.27613
0.807499
1.46112
2.11884
0.54412
0.998843
1.52112
0.992646
0.354572
0.220913
1.38435
0.786482
1.62537
0.996079
0.688132
0.0904272
7.39061
3.37771
0.56798
0.341035
0.879895
0.754367
0.759096
0.751628
0.74338
0.427029
0.619459
0.469728
0.953396
2.27508
0.217266
1.23385
4.37656
1.01997
3.58385
1.16749
0.317059
1.18535
0.796549
1.31678
0.958991
0.728093
0.617067
2.02317
0.450654
0.399229
0.351767
1.08794
0.381669
1.22699
1.46851
1.69513
0.755021
1.40646
0.654523
0.724002
0.409844
0.688081
0.687867
0.871838
1.44175
0.585885
1.07752
0.88877
1.98046
1.2224
0.913712
1.96908
0.988009
0.459912
0.584169
0.987285
0.217812
0.978991
1.74543
0.814045
0.592336
0.704171
1.49908
0.906451
1.66259
0.887434
1.26186
0.943634
1.30002
0.214569
0.125205
1.17477
0.686888
1.03828
0.941347
0.911527
1.78613
0.470721
0.632908
1.11216
0.922109
1.0074
1.08516
0.872678
0.704597
0.180707
1.11212
0.873857
0.251956
1.16372
0.385019
4.81729
1.21424
0.975605
1.08453
0.626392
1.72319
1.31513
0.40728
0.723861
2.2514
2.24966
1.63727
0.744284
0.34135
0.944803
0.873423
0.977974
0.635044
0.756733
0.940857
0.465806
14.2653
0.221222
0.636595
1.40416
1.09685
0.601131
0.478202
0.911638
0.869198
1.06571
1.58401
0.733303
0.802777
0.982359
0.76705
1.10766
0.661791
2.07887
0.146622
0.866063
0.2926
1.46195
0.870601
2.88399
2.22661
1.00553
2.27591
0.332368
0.605096
1.46566
0.657791
0.588493
0.909188
0.941966
1.72012
0.927113
1.90806
2.85625
1.03138
0.852452
0.450317
1.4957
1.31201
1.41363
1.14593
0.750132
1.80562
2.95602
0.852886
2.28161
0.480721
1.10079
0.397267
0.755735
0.550612
0.633677
4.58667
0.46225
0.762357
0.716702
0.976081
0.448048
0.862369
0.897707
0.275044
1.31544
0.629138
0.786647
2.29041
0.652954
0.63531
1.86522
0.645204
1.56215
0.324591
1.01062
0.722619
0.970651
1.71705
1.65496
0.278899
0.382451
0.876968
1.14521
2.47629
0.981976
0.378055
11.9544
0.467499
0.907982
1.55632
1.19345
5.20668
0.854869
0.888214
0.83217
1.33493
0.197529
1.2308
1.96259
1.99487
0.681206
0.970574
1.15185
0.386247
1.0739
1.4913
0.718541
0.71895
2.06741
0.223667
2.09148
0.916245
0.269353
0.940311
1.54062
0.2776
0.976657
1.11196
1.11804
1.17196
0.668236
1.19618
0.318689
0.246099
1.2944
1.28892
1.47229
1.34131
0.977613
0.860746
1.16269
0.819262
1.73269
1.07854
1.09062
1.25082
0.494711
0.754075
1.34124
1.06518
0.766112
0.310223
0.812595
0.891987
0.413928
1.10908
0.988038
1.83282
0.593539
1.04256
1.12231
1.50397
1.70802
0.448916
0.74264
0.831155
1.36208
0.636379
0.890598
0.745568
1.13892
0.808923
0.908811
0.307693
0.406595
3.42218
0.756856
1.51421
1.1248
2.02285
0.940485
0.840783
0.481339
1.07321
0.867254
1.80634
0.805991
1.33668
0.901433
0.710374
0.758949
0.61434
1.30531
1.15015
1.50597
0.961741
0.302877
0.448185
0.821332
0.9015
1.1574
0.346266
1.01563
1.65825
0.965794
0.716195
1.33664
0.933763
0.800042
0.820659
0.494606
