0.316319
0.170215
0.848606
2.20408
3.54968
3.10874
2.81156
0.424383
0.916275
1.25089
0.766458
0.762535
0.32913
0.332779
0.885701
0.736467
2.48083
0.437015
1.35757
0.341047
1.45509
0.659579
0.283088
1.23772
2.60238
0.776989
0.437459
0.721545
0.750978
0.202063
1.28298
0.463118
2.45978
2.49186
1.24503
2.39832
0.406329
0.751665
4.24832
1.40824
2.58336
0.321077
1.03967
0.329343
0.405486
0.226826
2.82844
1.12559
0.368538
0.464474
1.15198
2.49604
0.701684
0.429769
2.38946
1.20697
0.656095
2.37624
0.38513
1.27314
2.53648
2.5023
1.29299
1.321
0.434838
0.453895
0.716062
0.145564
0.952997
0.477087
0.330811
0.26804
1.53188
0.640487
0.503496
0.302923
0.657717
0.892147
0.35315
2.47816
0.646478
1.0883
0.435696
0.338355
1.36927
0.37738
0.86608
0.236311
0.780239
1.85198
0.361151
2.25322
2.14448
1.19096
0.976695
1.19168
1.24204
0.252403
0.842545
0.597413
1.35522
3.12834
3.33417
1.00804
0.860539
1.39267
0.691971
0.858492
0.299422
0.686339
1.81695
3.07576
1.16908
0.866109
0.126168
1.38139
3.43383
0.0920803
0.564791
0.62444
0.376995
1.1992
0.602988
0.188652
2.14765
0.305406
2.80231
0.0416987
2.86741
0.515168
0.647756
0.487721
0.857637
0.126377
1.39481
1.27496
4.47582
0.29423
0.510468
0.349906
0.630282
0.573248
0.57316
0.239189
1.65498
1.19408
1.41245
0.362926
0.4636
1.43226
1.16469
1.93873
1.60973
3.97366
1.34876
0.464861
1.24758
2.5663
0.413934
1.05662
0.424136
1.2691
0.402277
0.487525
0.888794
0.291078
1.01302
0.593931
0.648738
0.744439
1.29345
0.393913
0.869952
0.450726
2.22241
0.560408
1.18576
0.629278
0.978538
0.401824
0.573671
0.234126
4.27825
2.1174
0.795428
0.701592
1.37647
1.95118
0.5188
1.5871
1.57301
2.96474
0.485069
1.4009
0.83643
1.33817
1.47046
0.305644
1.75093
2.6205
0.395226
7.3244
2.01062
2.27886
1.00882
0.268513
1.02556
0.378887
0.344473
0.46933
2.22228
1.27531
0.477358
0.686299
1.04329
0.677416
0.362248
0.956527
3.25072
0.930227
0.674159
1.41463
0.708132
0.647499
0.18499
0.676104
0.510613
0.70851
2.11534
0.671322
1.67793
2.57856
1.26079
0.674626
0.707332
1.05559
1.59874
0.511076
4.85572
0.287326
2.11663
0.688151
1.28513
1.10258
0.313356
0.628484
0.95291
1.14901
0.739461
0.541142
0.336542
1.42561
0.901707
2.36986
4.16456
1.74751
1.18089
0.289653
0.413189
1.31091
1.15695
1.58125
0.389855
0.582513
0.759758
4.12177
0.366298
0.563664
0.732984
0.308387
2.28358
0.840551
2.01987
0.210426
4.13481
7.29473
1.15261
3.60792
1.07596
0.733432
2.08935
1.71946
0.87972
1.46558
0.975531
0.354448
1.08103
0.393819
1.57884
0.657534
0.635903
0.331849
1.5319
1.12274
0.55648
0.655515
0.618447
0.913162
3.20662
0.433875
1.41814
2.21427
0.29612
2.4611
1.94887
5.03663
1.281
0.887121
0.430854
0.926932
0.422865
0.593403
2.64077
1.4231
0.502731
1.47777
1.05722
0.717253
0.705643
0.884556
0.623072
3.36737
0.822485
0.864646
0.26873
0.39337
1.04001
0.498192
0.767406
1.21966
0.16949
1.57547
0.619169
0.303044
0.396085
2.83002
2.01193
0.326233
0.572094
0.240406
0.271006
1.83769
0.400304
1.42475
0.627233
0.357418
0.909943
1.49366
0.232313
1.0695
0.516668
0.937851
0.195279
1.60332
0.562057
0.54214
2.46549
0.674315
1.13049
2.87026
1.05975
0.618452
0.301187
0.532901
0.625737
2.01661
1.22256
1.01435
0.895469
0.75476
3.04924
0.630672
0.28852
0.572053
2.00374
0.44692
3.36514
2.40994
0.711759
1.64943
2.63731
2.27554
0.278857
1.5053
0.774446
0.295404
0.563653
0.344364
0.194656
0.361242
1.12688
1.04048
1.03534
0.667123
0.600388
1.65298
0.618889
0.689257
2.34165
1.08574
2.14564
0.999562
5.86661
0.471937
0.239073
1.13401
1.11298
1.44245
0.520137
1.08924
2.44335
2.85131
0.981261
1.66833
2.14611
0.546812
0.606601
1.744
0.492943
1.48804
0.655755
0.442197
0.399026
2.40422
0.471939
0.488422
1.66038
1.3862
5.72029
0.546669
1.11448
1.05129
0.747287
1.92947
1.20684
2.2875
1.76353
1.26596
0.844284
2.20916
0.819316
0.775062
1.6976
0.277895
0.75172
0.305699
0.353088
0.872706
0.892454
1.12649
1.07749
0.52755
0.283867
0.879188
0.642996
0.429438
0.69548
0.21409
1.65059
1.0377
0.806579
0.312165
2.4071
0.717476
0.331833
0.239894
0.509335
1.80645
0.378428
0.181664
1.33462
0.775568
2.99729
0.579951
1.27936
0.767161
0.376696
0.696125
0.400459
0.245637
1.25323
0.631797
0.700867
0.529782
1.05454
0.642439
1.42928
0.602758
0.703167
1.39876
0.689239
0.15215
1.24716
0.488817
1.00193
4.72796
0.63498
0.433541
0.894044
0.897186
0.425264
0.329432
1.21905
0.482366
3.47762
0.78932
0.158739
0.186751
0.604902
1.12518
0.605209
0.794905
0.239211
0.707724
1.28482
1.0593
0.733787
0.190977
0.580043
3.47369
1.88926
0.922445
0.235841
0.430316
0.969206
1.74499
0.199823
0.303339
0.574528
0.582832
0.32101
1.31071
1.17143
0.453098
0.817663
0.352116
0.773251
0.454073
3.54111
3.47915
2.36739
0.410887
1.48239
1.57258
0.444293
0.171738
1.28508
0.934279
1.13112
0.587172
1.75363
1.43917
0.688986
0.921244
0.285861
0.975293
0.902205
0.871329
0.927732
2.57319
0.396219
0.38475
0.559751
0.714094
0.975099
0.964194
0.741653
0.215793
0.143344
0.821912
0.0681852
0.931926
2.73219
0.479419
0.963077
1.26425
0.372115
0.576893
0.460768
0.327701
2.02463
0.279414
0.234387
0.61748
0.44365
1.3073
0.631386
0.619891
1.25916
0.764953
0.27505
0.902504
1.11129
3.43667
0.400646
1.89816
0.499587
1.17474
0.647711
2.10015
2.29289
0.261357
2.72348
0.533504
0.698763
0.421289
2.27092
0.483325
1.32167
0.62238
0.449139
1.18467
1.38376
0.993912
5.92923
1.13715
0.505064
2.16068
0.737853
0.887401
0.209832
0.518144
3.18437
1.95418
0.881136
1.1757
0.576998
1.53411
3.19501
0.981168
0.848014
0.529386
0.974669
0.912379
3.23275
1.80645
0.453719
0.182867
4.98983
3.91467
0.767382
1.25685
0.361151
0.894048
0.885764
0.866196
0.558274
0.844939
2.11139
0.66858
0.541003
0.826564
0.789635
2.06041
0.621074
1.45208
1.4706
0.375965
1.93195
0.593333
1.10813
1.71268
0.175798
0.95285
0.945971
0.660652
1.66825
1.10964
0.524008
1.07059
3.18104
3.14559
0.624296
0.622609
1.9448
1.6957
0.772756
0.973588
0.8626
0.0949488
0.408359
1.74847
0.276645
0.134045
0.463706
0.131922
3.98928
0.515142
0.462852
0.357152
0.415453
0.743422
0.254602
0.248563
0.4495
0.517918
0.782565
0.570037
1.47227
3.72417
1.05771
1.88102
0.316749
0.621418
2.13321
1.30826
2.15524
0.666799
2.07373
0.749343
0.239607
0.677094
0.399282
0.706128
4.04332
1.368
3.76726
0.242564
0.607967
0.236365
0.23666
0.334648
0.779817
0.668016
2.56993
1.30948
2.43968
1.06549
0.71362
0.505361
0.346579
0.720747
0.5611
1.61524
2.31575
0.847689
0.446779
1.78457
1.4994
0.458313
0.176295
0.385603
0.176244
2.09796
1.87538
0.143924
0.373577
0.769682
3.69406
0.556185
0.496962
1.88582
0.560293
0.384806
1.52751
1.4312
1.3678
0.470587
2.93952
0.801956
0.974499
2.06035
0.0965543
0.472195
0.681486
0.736087
4.12522
0.612405
0.901614
0.763126
0.590646
0.43759
1.05349
1.19754
0.65194
1.10696
0.288418
0.62362
1.43479
2.2385
2.81304
0.543929
1.26072
0.564881
2.09861
0.299998
0.561321
4.33342
0.349502
0.750642
0.269742
1.03656
0.511539
0.466186
0.872045
0.711351
0.461726
1.80985
2.10153
0.905244
0.807959
3.75545
1.08333
0.888935
0.808123
0.455616
0.437315
0.593036
0.611279
0.627227
0.531397
2.53978
0.524149
3.60307
2.85013
1.51268
0.803505
0.602413
0.272233
1.39797
0.477148
0.902571
0.518029
0.590702
1.93436
1.84256
0.717005
0.773451
0.253676
0.611474
1.5249
0.71706
1.3195
1.34907
1.64376
1.52058
0.577102
1.3475
0.398503
2.20405
1.39575
1.95997
1.53661
0.406558
0.563101
0.742643
1.65551
0.52881
4.1944
1.04036
0.202427
0.145276
0.197594
1.50894
0.898324
0.169946
1.22135
1.15132
0.511895
0.39821
1.36062
0.596429
3.54864
0.421885
1.18412
0.274839
0.563036
2.56059
0.694094
1.17577
0.480361
0.35718
0.580393
0.245911
0.768746
2.45881
0.73571
1.15537
1.34856
0.37899
3.09831
0.645667
0.986548
0.693161
0.468223
0.474793
1.0048
0.667948
0.830151
0.137005
2.84983
2.65699
1.75756
1.01056
0.88735
1.26783
0.78285
1.14085
0.699678
0.358663
1.09313
3.1714
0.569887
0.325097
0.88154
0.691203
0.697149
4.39918
3.04404
1.86648
2.21927
1.11713
0.516358
0.89438
1.18505
1.07322
2.54599
1.72077
1.63087
0.471365
4.78606
0.817558
0.587404
1.24218
0.624569
0.73528
0.853585
3.8322
0.930471
1.6059
2.33441
2.44244
1.44477
0.76629
1.90331
0.594672
0.940783
0.26703
3.04911
0.52036
0.701142
0.739069
10.2909
1.72732
1.57975
0.266475
0.369052
1.38262
0.485587
2.65052
0.345525
0.259592
0.519438
1.0422
0.715875
2.37856
0.349505
1.20229
0.721693
0.829915
0.884547
0.819723
3.2288
0.589164
0.553314
0.12432
1.56379
1.14283
0.940082
0.797447
2.10843
1.68758
1.26605
1.28248
0.98284
0.663085
0.953862
1.32646
0.348446
0.922646
0.371844
0.135434
1.04574
0.746485
0.366005
0.598893
1.09207
0.752753
1.46974
0.603876
0.67066
0.344247
0.316681
1.67697
0.459323
0.982674
0.808019
2.24845
1.90793
0.42973
1.67567
0.998674
0.244952
1.21204
0.26357
1.28117
2.10994
0.714791
0.22493
1.56541
4.35345
5.16321
0.597766
0.430746
1.23575
0.627723
0.317127
2.92014
0.320617
1.07388
2.91623
1.62756
2.66932
0.764247
0.725407
0.431821
0.444618
0.736777
0.718321
0.411729
0.420326
0.346165
0.463272
5.25003
0.289898
1.39923
0.776621
1.00653
0.066313
4.85422
1.66528
0.647151
0.662216
1.57998
2.04722
2.14453
1.73016
0.288738
0.780772
2.47095
0.373678
0.260498
4.0094
1.3031
1.23291
0.647434
1.52066
2.22205
0.948236
1.47887
0.30465
0.684906
0.59645
1.5244
0.313329
2.80444
0.211262
2.65328
1.40302
1.10664
0.427219
0.590966
2.41405
0.555701
0.526127
1.78967
0.666074
2.1859
0.719414
1.58036
1.56241
0.726248
1.90255
2.14648
0.125341
0.318422
0.100908
0.880874
1.25982
1.19655
0.465149
1.80245
1.02555
1.65581
0.418834
0.292548
0.8495
0.957638
3.16726
0.841132
0.9463
0.333183
1.25393
0.548087
1.01929
2.47954
4.47866
0.677673
1.9185
3.26886
0.987494
1.96405
1.52159
0.694254
0.391537
1.28248
1.30684
0.769426
1.19301
7.64492
0.842184
0.764018
2.16761
1.54062
1.82047
0.756039
0.254122
0.284539
2.10209
0.947969
1.11616
0.919956
1.87899
0.694981
0.488542
0.404968
0.332241
0.407947
0.416667
0.604723
0.566774
0.789923
1.02681
0.547296
0.519219
1.92791
0.187583
2.06623
0.252374
0.772812
0.578567
1.26927
0.673946
2.17199
1.20188
1.15032
3.93808
1.93082
1.33261
0.711339
0.936192
1.40011
0.505301
0.224158
0.685791
0.61748
0.949059
1.58372
0.612004
1.28416
0.689979
2.99725
0.458294
0.425622
1.08219
0.756202
1.27286
0.664404
1.75277
0.12342
0.31286
1.01654
1.23692
1.1582
0.949381
0.855722
1.23043
0.37623
0.61359
0.424791
0.120963
1.25171
0.280721
0.675281
1.01237
1.22827
0.568995
0.876425
0.917367
0.686708
1.23591
0.593761
0.726161
0.739926
0.523329
0.972966
2.85062
0.841913
0.502231
0.400419
0.285176
1.53396
1.3363
0.633573
0.618552
1.05605
1.12904
2.33487
1.94566
0.919681
0.519011
0.790736
0.575666
0.593738
3.20602
1.38628
1.71379
0.0999806
0.35822
1.55235
0.17322
3.10766
1.65665
0.421952
4.72509
0.268512
1.16214
0.416272
0.806155
0.897375
1.28556
0.647292
0.342421
0.60168
0.414457
3.34429
0.899129
0.204078
0.0668639
1.15109
0.0763547
0.9811
0.412547
0.768897
0.603785
1.05678
0.854416
1.99636
0.677923
0.467929
1.6355
0.609697
2.4946
2.10361
1.11231
0.166671
0.529748
1.15003
1.80373
0.791347
1.04546
0.64986
0.51409
0.115101
0.387186
1.4685
0.484779
0.593517
0.742832
0.3643
0.48483
0.142048
0.466623
1.73363
1.15539
0.921792
0.723984
0.64412
2.05198
1.33679
1.24386
1.27388
0.626375
1.05371
1.03084
1.31918
1.66016
0.998762
0.651645
3.02131
1.48509
0.289473
1.17269
0.606962
0.320522
0.831376
4.27933
1.56788
1.49241
1.49601
0.563123
2.13147
1.54139
0.53502
1.60337
0.639261
3.29663
0.317328
0.110969
0.660347
0.421687
1.22432
1.55021
0.762273
3.62716
0.585351
0.486985
1.75958
0.712727
1.90305
0.46973
2.17535
0.505291
2.30239
1.4153
0.786106
0.443586
0.98746
0.255487
0.966347
0.854478
1.45255
3.36006
0.668617
0.348113
0.350191
1.61195
1.90412
0.771106
1.05424
1.6883
2.53436
0.149489
0.439254
1.16696
0.282493
0.360688
0.545066
6.44588
0.391126
0.724114
0.65671
1.26191
1.29656
1.01805
0.459567
0.556761
0.105377
0.388449
0.380348
0.466461
0.660175
12.386
4.81263
0.501997
0.837104
0.485659
0.276651
1.29244
0.857399
0.33154
2.09386
0.411632
1.6117
3.09993
0.973958
1.53559
1.03857
0.15377
2.12179
0.750339
0.607038
1.16043
1.24512
0.5706
0.282353
0.619063
12.0836
2.15258
0.587922
0.187827
0.474052
2.6268
0.784284
0.302574
0.826781
0.246546
0.52585
0.652203
0.268706
1.52932
3.32537
2.18732
1.85348
1.52085
1.66053
1.4057
1.25616
1.93043
0.769891
0.557779
0.541411
0.346295
0.760054
1.84384
1.49189
0.691013
1.46637
1.13734
0.494786
0.202556
1.40936
1.37348
1.4731
3.78563
1.73912
0.641137
2.80336
2.82013
0.103654
1.5141
0.714761
0.355619
1.12618
1.47312
0.331716
6.30377
0.435834
1.80669
2.47552
0.621588
0.960653
0.247918
1.90652
1.15255
0.530854
0.699498
0.956814
2.48517
4.95584
0.542549
0.771542
1.82385
1.28403
0.977831
0.110631
0.893303
0.718132
0.246116
2.84377
2.00414
1.54266
0.654194
3.83528
0.848567
1.0055
1.67666
1.81425
1.66913
0.620117
1.66667
0.449189
0.975317
0.659955
0.50081
0.505242
1.05586
1.9226
0.603125
0.385346
0.51228
1.27976
1.39182
1.24773
1.40045
0.621377
0.90955
3.77075
1.54406
1.32256
0.982608
1.40874
1.75958
1.59404
1.54353
0.747695
0.91271
1.28645
1.64933
1.59742
0.485811
0.870635
0.734638
0.277904
0.6749
0.98672
0.838147
3.31272
0.238489
1.85915
2.76733
1.97525
1.93865
0.439478
0.858716
1.30758
0.211644
0.499269
0.959337
1.15099
0.698732
0.556076
0.612106
1.1509
0.89594
0.65722
0.519509
0.753334
0.380447
1.4211
0.981212
3.47007
1.55656
1.27668
2.40567
0.4498
0.399792
1.91366
0.901056
0.723383
0.904198
1.39534
3.17193
0.575018
0.437425
0.257069
1.56971
0.36178
0.6667
0.433819
1.52458
0.381042
1.04127
0.720512
1.0539
0.937119
0.794906
0.506629
0.439075
1.13139
1.37314
0.632381
0.823288
1.36174
1.09316
1.8085
0.542428
0.220404
1.27755
0.457488
0.589509
2.24821
3.01929
0.650833
0.946997
0.350339
0.3173
0.298225
0.451297
2.42366
0.295496
1.53189
0.65646
0.28675
1.19882
0.731919
1.397
1.96976
0.786673
1.30948
3.50764
0.815499
0.287116
4.41566
0.529572
0.833047
1.30675
0.330916
1.25076
0.288744
0.923921
1.1844
0.291662
0.7883
3.10609
0.930769
2.57157
1.43797
0.359086
0.487035
0.281597
0.342444
0.711697
1.25945
2.53214
1.32885
1.02396
1.17867
0.228575
2.18882
1.47252
0.884244
0.643204
0.402484
0.685582
1.01611
0.648109
1.4101
1.43254
0.786917
0.392689
0.445346
0.288029
0.523172
0.300748
0.203474
0.993374
0.640429
2.15786
0.507073
0.448005
0.685923
0.841864
0.507159
1.04096
1.60567
0.791088
0.588409
1.29358
1.27644
0.467268
0.3332
0.281424
0.358524
0.837167
0.754233
3.72023
7.59851
1.72453
0.708519
0.163818
0.175114
0.467396
0.130069
0.751471
0.926095
0.440657
2.86107
0.727961
1.72888
0.499474
1.86136
1.71654
0.207694
0.915699
0.263456
2.7667
1.10926
1.40799
3.01728
3.052
0.713738
0.474928
1.77918
0.415881
0.773244
2.44899
4.55197
1.35104
0.871655
0.243336
0.589326
0.945885
1.13878
1.01792
0.631819
0.318679
0.961406
1.48899
0.730663
0.212968
1.06838
1.97625
0.877058
1.69925
0.252183
0.39559
4.83038
1.20604
0.410273
0.646885
0.793523
0.264485
0.359135
1.01986
1.7132
0.856819
0.807193
0.324439
0.201908
2.79284
0.649294
0.902161
0.276512
0.67813
1.64041
1.18994
0.685843
0.560403
1.10032
0.267099
1.54923
0.229607
1.16561
0.504414
0.504214
0.521045
13.8502
2.09315
0.415019
0.28454
0.595614
0.441887
0.739778
1.08511
0.575592
0.407067
0.295704
1.054
0.827531
2.37916
0.68238
1.06286
0.904114
0.777917
4.83401
0.657525
1.43427
0.996698
0.678502
1.17761
1.9922
0.647996
0.577655
0.82555
0.613557
0.840444
2.16265
0.382153
0.396753
1.52346
1.50776
0.751083
0.784767
1.36146
1.15284
0.281903
2.15918
0.0215678
1.17697
0.369195
1.213
0.5131
0.503972
0.803307
0.655026
0.469632
0.961212
2.51595
2.6953
0.383122
2.16021
1.0514
0.974024
2.31185
0.199386
0.750785
1.22882
1.78536
0.555529
1.51296
0.361677
0.622916
0.617782
0.159933
0.125788
0.771898
0.268868
0.296122
4.4436
7.13106
4.83759
0.755117
0.255041
1.49018
0.420882
0.281607
0.712757
0.4342
2.71821
0.265625
0.705408
0.447017
1.00716
1.149
0.93795
0.417327
1.11846
0.470275
0.494074
1.7851
1.94575
0.708998
1.46245
2.54676
2.92859
0.805958
2.76512
0.753706
0.237161
0.278612
0.599993
0.263632
0.856008
0.786831
0.649557
0.828986
0.378083
2.34726
0.633797
0.678175
0.57359
0.349661
0.873461
1.29096
0.646058
0.492491
1.96564
0.867334
0.840711
0.753858
0.296669
2.62833
0.542327
2.58671
0.48764
0.378952
0.344197
0.834275
0.462185
2.72671
0.678438
0.253461
1.17655
1.57916
0.744037
0.418904
0.823253
0.659361
4.39681
0.731795
1.46156
0.611261
0.93825
0.357678
0.310782
3.92212
0.506259
0.590959
2.17256
1.0543
1.74763
2.39989
0.628285
1.42385
0.564907
0.542924
3.36389
0.307799
1.79146
0.32801
2.81181
0.929529
1.42175
0.805996
0.937836
2.34424
0.541754
0.376482
0.397058
0.528756
0.979549
1.03655
1.29768
0.452374
2.40199
2.97208
1.7984
0.932059
1.63154
0.933139
1.81622
1.51216
0.791013
0.44463
1.87714
2.12173
0.898173
2.10089
1.67909
0.670326
0.503545
2.53353
0.662855
1.61536
1.79064
1.00631
0.612295
2.21415
1.99462
0.871745
0.955363
0.553212
2.02765
2.31895
4.08746
0.4447
0.313897
1.67464
3.96589
2.8689
1.08507
0.786946
0.66307
1.88148
2.68048
1.09486
1.2075
0.74625
0.502924
0.984864
0.312404
4.76579
0.461575
0.766175
0.658774
0.271039
0.792348
2.35143
0.556272
0.839721
4.31629
1.12587
2.49345
0.578631
1.34892
0.655979
1.00936
3.70324
0.595829
2.08403
0.372689
0.502306
1.19037
1.70632
0.281801
0.436578
4.93551
0.426162
0.367231
0.213714
2.69096
0.625471
1.07853
0.633077
0.502721
0.893616
0.675423
0.481884
0.184461
1.02644
0.825962
0.193836
0.576716
0.320626
0.654304
1.02288
0.258078
0.594695
0.824531
0.190915
1.25128
1.66436
0.995958
1.19545
0.644802
0.757001
0.338123
2.117
0.609921
0.171136
1.5677
0.341391
4.30217
0.222431
0.391755
2.67055
0.491141
5.34569
3.00693
0.408721
1.06522
0.910084
1.04659
0.566819
0.825538
2.73388
0.230022
0.683152
1.71953
0.848232
1.28825
0.409862
0.345164
0.903018
0.627078
0.379955
0.535593
0.970431
0.576041
0.841934
0.649643
0.915416
1.10035
1.463
1.39728
0.115424
2.39324
0.84368
1.6174
1.15796
0.83517
6.92955
0.902312
1.99449
0.338503
2.36645
0.26417
0.758499
0.576449
1.09091
0.284037
0.446333
0.82399
1.70731
1.29974
0.145308
1.90601
0.6446
3.35482
3.69856
1.55279
0.804387
5.77962
0.642237
0.688466
1.58614
0.456393
0.500195
2.12663
0.943626
1.53387
1.37069
2.42891
1.24777
1.79447
1.83656
1.18955
2.85324
0.889269
1.17416
1.71561
1.55093
0.374491
4.5968
1.46391
2.30175
0.610026
0.15846
1.9607
2.32119
0.823189
1.47648
1.66441
1.75326
0.460942
2.27719
1.01973
2.44315
0.659495
1.0044
0.790872
1.38319
0.451037
0.174886
0.65026
1.22411
1.79948
0.777832
0.534063
0.728926
0.303776
0.503842
0.522458
0.40736
1.36444
1.4832
1.20956
3.78484
0.530112
1.87702
0.245797
0.120883
1.50126
0.567055
0.242807
0.896457
1.52265
2.23131
2.16512
0.397427
0.248416
0.722839
0.526457
0.425617
0.369239
0.747717
1.8347
1.522
0.786679
1.42798
2.2048
5.25392
2.74546
0.339625
0.651669
1.84369
0.869834
2.21951
1.03378
0.819926
3.14963
0.61168
0.43661
1.30099
1.1796
1.25165
0.870523
0.506657
0.999945
0.846286
0.597364
0.619001
1.9682
1.23166
0.341699
1.06846
1.78601
1.42064
1.05167
0.507859
1.20977
1.25589
0.454811
2.03847
0.501767
0.393367
2.25514
0.251107
0.336229
0.865399
1.0412
0.822578
0.637401
5.75833
0.581826
3.27538
1.51581
1.29387
0.47655
0.276445
1.36863
1.35119
0.469888
1.36517
0.826118
0.856994
0.946211
2.86779
0.741689
3.03427
0.453994
0.482218
0.236794
0.380604
1.42411
0.559302
0.232424
1.31679
0.553636
1.09846
0.499182
0.413481
0.478573
0.60378
0.716752
2.31208
0.921635
1.15673
1.09259
0.375935
2.10093
1.28342
0.305716
0.163933
0.945231
0.533464
2.92425
0.253166
1.01183
2.74291
1.64141
0.655589
0.116488
1.18417
0.992762
0.491241
0.617649
0.581974
1.53423
0.893125
0.476024
4.0574
0.706454
0.301655
0.361267
0.621835
1.8672
0.720563
0.813038
5.11403
3.22235
0.860948
1.04228
0.517498
0.464722
0.702283
0.479684
1.03045
0.796778
0.745004
0.590569
0.439867
1.53162
1.11186
3.68449
1.90491
0.418998
1.31911
1.76069
1.42726
0.727168
0.762675
0.836632
0.24838
2.03592
0.86546
1.01187
0.412543
0.571087
1.10993
2.84404
0.250944
0.90054
0.606374
0.438898
3.32414
0.977865
0.368084
1.69258
1.35875
0.645241
0.990999
0.213223
3.64337
0.772284
0.624066
0.401737
0.817652
1.66961
0.618779
0.701869
0.715165
2.60786
0.903959
0.890745
1.16966
1.88173
1.12842
0.83069
0.837764
0.835249
4.48899
1.76677
0.675095
0.216354
0.757689
1.83642
0.609366
0.390292
1.65127
2.69453
0.459052
2.32064
2.11648
1.59008
0.500334
0.182912
2.94009
0.900008
1.48543
0.26463
0.163599
1.27277
1.13225
0.43961
0.930291
0.562706
0.360446
1.735
0.541451
2.62449
1.15937
1.12212
0.602057
1.30405
1.57734
0.0996629
1.92093
0.591093
0.613892
0.546672
0.845262
0.507598
1.12739
0.254513
0.212817
1.34953
0.278592
0.514711
0.856352
0.783057
0.692818
0.630318
1.12521
0.854699
3.24205
0.424594
0.238181
0.397941
0.751141
1.23941
0.483008
2.2646
1.09315
0.59767
0.653888
0.250261
3.47294
0.369557
3.21541
1.2921
1.14292
0.536515
2.45776
0.919826
1.49078
1.91923
1.24623
3.51755
0.520645
0.2211
1.0139
1.25256
0.765806
1.22607
0.401198
2.1646
0.435828
5.70385
0.255191
0.838722
1.10698
1.58384
1.85393
0.731343
0.705263
1.02052
0.239571
0.520334
1.11669
0.30189
3.71436
0.554635
0.695462
1.9878
0.474385
2.47944
0.761233
1.81377
5.92392
2.43544
0.228949
1.50579
1.44341
0.407512
1.93482
0.243913
1.28077
0.68382
0.789901
3.86928
0.150716
1.49761
0.592712
0.84608
0.439013
2.25885
1.8328
1.01865
0.889314
5.67914
0.509961
0.318147
0.440534
2.8861
1.04648
1.82216
0.781125
0.40282
0.815915
1.71681
2.29328
1.94399
0.211331
0.465869
2.52998
1.06475
1.73412
0.821822
1.21066
0.249267
1.42041
0.536249
1.50346
0.769144
2.0618
0.967335
1.35197
1.80284
0.605623
0.453482
1.03618
0.997243
1.2026
0.958559
0.397246
0.952732
1.14782
1.19984
0.904801
0.193464
1.49999
1.67948
1.38554
0.764143
0.52994
1.23351
0.813985
0.552862
0.406624
0.429147
2.12024
1.47158
1.54035
1.41516
0.407646
0.249644
2.16205
1.28983
1.83555
1.04786
0.740351
1.73918
0.0701443
2.26451
0.64289
0.472929
1.17457
0.408245
1.77677
0.856515
1.26864
0.802944
1.27124
0.867887
1.28008
1.7282
2.29703
0.25352
0.922761
1.68194
0.858686
1.58535
2.58455
1.87872
0.690075
0.649468
0.821968
0.763812
1.01656
4.14624
2.12816
0.410722
1.30996
0.826635
1.03898
0.597665
0.166375
1.65538
0.427131
1.84687
1.33262
0.589898
0.462331
7.58094
0.483836
0.213765
0.375724
1.03154
0.467718
1.44663
0.703222
1.25461
4.12749
0.728415
0.823365
0.596146
2.83383
0.688379
3.13614
0.44154
0.481525
0.819231
1.40858
1.71609
0.738916
0.617042
1.71375
0.408666
0.333041
1.08499
0.803478
2.29026
0.648018
1.51719
0.838023
0.587583
1.60264
0.39404
1.46306
2.01473
2.51341
1.4999
0.448951
0.251862
3.92259
0.87204
2.65331
0.28257
1.34088
1.64894
4.5852
0.446947
0.983826
1.74788
1.3757
0.95343
0.505263
1.68466
0.646034
0.975954
1.11999
0.366213
0.399277
5.59061
0.330327
0.847298
1.40615
0.617957
1.18225
0.823199
1.75368
0.676893
0.37841
0.404743
1.31178
0.370339
1.81363
1.41323
0.3442
1.16007
0.541542
1.01791
0.560611
0.3953
1.74887
0.953301
0.621336
0.727233
0.387197
0.832867
0.620356
1.34374
0.748777
0.82793
2.40002
2.03135
0.986951
0.643556
1.42954
3.88516
0.677793
0.22046
3.63876
1.48753
0.7086
4.06739
0.933689
1.29139
1.27993
0.880761
1.54652
0.504092
3.87745
0.975223
0.821508
0.78137
3.07156
0.331444
1.19076
1.10164
0.243731
0.148134
0.548939
0.580922
0.705215
0.249813
0.814393
2.1861
0.299696
3.46448
0.918138
0.852781
0.460919
0.416298
0.643776
1.46827
0.252067
2.47992
1.316
0.241317
2.74562
1.23289
1.63946
0.822145
0.515144
5.52415
4.75396
0.403354
1.3744
2.42427
1.80195
0.435919
0.252216
0.802499
0.442894
1.75068
1.43335
0.904034
0.420793
0.475962
0.926199
0.38908
0.844814
2.27171
1.42834
1.4611
1.06431
1.6075
0.5893
0.455185
2.08594
1.78937
0.99224
3.26273
0.937722
2.59796
1.6256
0.731671
0.552166
2.53457
1.17283
0.401497
0.782943
0.561671
1.67845
1.01583
2.10391
0.598119
0.568565
0.465006
0.356068
0.587099
0.286433
1.86189
0.309837
1.06825
0.818905
1.95305
1.68845
0.322085
0.196984
0.519726
0.885337
1.2306
0.757145
1.81919
0.91093
0.234127
0.516312
1.47441
0.86878
1.30391
0.519935
1.55115
1.10652
0.915687
0.478161
1.84285
1.61888
0.261938
1.84891
1.26779
1.07352
0.468497
1.03184
0.677203
0.596019
1.9259
0.833015
1.65519
0.468681
2.28089
0.373132
0.854622
0.816985
1.19365
1.1296
1.96578
1.32711
0.779801
1.04877
0.980571
2.24949
2.67488
0.0867182
0.557546
1.18851
0.935173
4.56091
0.980961
9.30478
1.82531
2.99041
0.781264
1.2577
0.424259
4.82305
2.2353
0.517376
0.245666
0.203142
0.707071
0.910757
0.693775
5.58049
0.890474
0.850977
1.1973
0.574805
0.687185
0.745199
0.785732
1.72301
7.98503
0.894718
0.679046
0.599189
0.791674
1.42594
0.306876
0.224939
0.895589
0.774513
2.06769
0.494603
1.30201
0.539708
0.182085
4.42593
1.34967
0.770818
3.8959
1.98286
1.86039
0.771439
0.714791
0.693263
0.983306
1.95325
0.86462
2.06511
1.08494
0.96014
1.46219
0.896538
1.88219
0.792395
1.19179
0.622397
0.723785
1.24919
1.13191
3.71089
1.49317
2.04861
0.25744
2.94696
0.683918
1.39474
0.654418
0.941404
0.78861
0.169569
2.45826
0.427358
2.79515
1.71546
0.496245
2.07468
5.28823
0.404704
2.10453
1.45616
2.25925
2.74018
0.498778
2.05346
0.818872
0.603807
1.15625
0.371082
2.57329
2.86838
1.10427
0.151347
2.08881
0.65059
2.25056
1.00383
0.659032
1.04522
1.34354
0.506687
0.230726
0.40787
0.972149
0.586861
1.56474
0.792009
0.110673
0.704772
1.56516
1.41024
1.34805
0.729261
0.778115
0.312435
5.4979
0.755129
0.553363
0.522408
0.660917
0.705648
1.4494
0.729093
2.15174
0.611545
1.56127
0.445358
1.1718
1.09991
0.816539
1.87956
3.80594
0.572569
0.650556
4.34378
3.36484
1.2431
1.28829
0.319511
0.551855
0.884051
0.113264
0.216362
0.710632
1.11169
0.594851
1.08454
0.132876
0.172076
0.886925
0.294616
2.3683
1.28421
0.921475
0.774827
1.65635
0.510772
1.74346
0.284628
0.983431
1.79005
0.269631
1.55445
0.108849
2.05326
1.2929
0.434997
0.14549
0.474827
0.543767
1.63234
1.83977
1.37489
0.684017
0.211226
0.982307
0.778642
0.575445
0.936893
1.62417
0.305581
0.322708
1.2061
1.10099
0.528518
0.56995
2.00276
0.995583
1.66022
0.896107
1.84396
0.422212
2.66571
2.09923
1.55668
0.504435
2.59383
1.44727
3.74983
0.415704
1.47316
0.526328
0.410982
0.797212
0.234927
1.24623
0.38944
1.6661
1.10026
1.6699
0.259282
0.602668
0.193875
1.84387
2.54226
0.609879
0.499356
0.731351
1.50812
0.809163
2.56386
0.496231
0.938776
0.741979
1.11256
4.44477
1.98456
1.03738
1.17408
1.40623
0.313525
1.33652
1.78534
0.762285
3.35172
0.776454
2.21775
2.1932
0.99908
0.717016
0.125575
0.927798
1.41587
0.286644
0.697404
0.974022
0.771129
2.10032
1.7126
0.260103
0.691793
0.423251
0.809921
0.749323
2.43049
1.25649
1.35417
1.66409
1.58401
0.192618
0.590314
0.361795
1.63362
0.165834
0.596991
1.57066
0.317128
1.86914
0.927082
0.414704
0.722224
0.700318
1.10435
0.684478
1.14298
0.585956
0.721822
0.324763
0.34596
1.85084
4.1245
1.78838
0.739493
0.406729
0.483867
1.17069
0.356405
0.575516
0.403694
1.82938
0.787868
0.187758
0.366167
0.542791
0.315274
1.80916
0.445695
2.77746
0.377782
0.383415
0.63904
1.12768
0.186819
1.40605
2.23243
0.929229
6.32924
1.03557
0.195601
0.832889
0.863932
0.601753
1.2471
0.355888
0.50407
0.354252
0.859282
0.367054
1.52949
0.81063
1.12408
1.66853
0.683948
1.62351
2.50066
0.454399
0.344627
0.229094
1.95096
0.462544
1.87047
0.724288
1.95786
0.363785
0.954857
0.60552
1.90987
0.654589
0.0115722
0.35333
0.954727
0.789027
0.257742
0.767511
0.588652
0.753268
0.822191
1.47376
0.842856
0.498652
0.994348
0.945901
1.35201
1.85583
1.70154
1.27414
0.531939
1.35101
0.840444
0.851365
2.28808
0.762147
2.08549
0.879913
0.394338
0.725472
0.411859
0.674185
0.313868
0.357689
0.301982
0.488917
0.285761
1.37207
0.550266
0.825338
1.02497
1.41124
0.543598
1.10404
1.92947
3.77018
0.230097
1.7079
0.388227
0.416852
0.362806
1.34952
0.415147
1.35301
0.783714
2.94578
1.17403
0.909278
1.1951
2.34183
0.47862
0.872269
2.60451
3.75303
0.229348
1.67443
0.797409
0.786156
2.27708
0.262994
1.28802
1.21795
6.7905
1.35618
1.24598
2.6877
1.31617
0.924083
0.363836
0.535429
2.97805
0.523
0.474173
1.72196
0.566995
1.13715
0.454537
0.275426
2.65841
0.502794
1.14007
0.924426
1.56432
0.9172
1.52696
0.500401
0.546441
1.04294
0.322482
0.843989
0.968051
1.00829
0.875841
1.39423
2.29457
1.28178
1.1918
0.650213
0.512271
1.37075
0.467879
1.28891
0.54467
1.23207
3.30289
0.220284
0.982328
0.135458
1.12935
0.165072
0.198679
1.12613
1.09561
2.4649
0.548461
0.948799
0.287535
2.40397
0.193709
0.235694
0.839315
1.15022
0.314981
0.438138
3.16909
0.414306
0.885167
0.372819
1.03039
1.33957
0.184781
2.47842
0.509468
0.700113
1.15254
1.0285
0.322987
0.726162
0.308027
2.39667
0.763914
0.294171
0.800871
2.28651
0.980948
1.33759
0.246564
1.51171
2.96357
1.93911
2.26572
0.685368
0.419438
1.22797
0.917605
0.732429
0.35978
1.99271
0.519422
0.20784
3.3834
1.21471
0.784819
0.762897
0.303204
1.77618
2.86759
1.61675
0.508293
1.8744
0.941479
0.262758
0.805656
0.497487
0.605219
0.631763
2.27747
0.161321
0.643565
3.13908
2.80331
0.670952
0.172787
0.693177
0.318531
0.868105
0.491129
1.96441
1.28129
2.55857
0.799293
0.354217
0.768225
0.600448
0.40285
1.04113
2.89875
1.09033
1.95286
0.603657
0.433201
0.178705
0.848454
1.95161
0.672909
0.645499
0.584888
0.682791
1.70682
0.537362
0.259284
0.218899
0.272653
0.314252
0.89764
1.26412
0.359948
1.17636
0.630618
0.923444
0.976089
1.66751
3.94528
3.61724
0.0699094
2.1484
1.03815
1.04536
1.94256
0.313846
1.67594
0.485292
1.03261
1.40976
0.452745
5.83987
0.308113
1.05138
0.334529
1.22636
0.591903
1.06325
2.41747
0.51308
1.26915
0.238724
0.961677
1.20211
0.313381
1.86985
1.06166
1.63145
1.10738
0.246431
1.34769
1.67262
0.933512
4.18463
0.992627
0.424854
1.02213
2.09983
0.527018
1.31945
1.35065
0.625356
0.65945
3.0295
5.34267
0.946405
1.0993
0.481644
1.02252
2.50184
0.463673
0.285124
0.170188
1.05029
0.971088
0.611412
2.26195
1.02626
1.19383
0.562148
2.74342
0.211713
0.777398
1.47032
1.13443
1.39052
0.689978
0.373784
0.780439
1.14815
1.82516
1.83031
2.31483
1.78407
4.1018
0.967484
0.760906
0.715925
1.07633
5.10223
2.58015
0.616904
1.20936
1.54207
0.492689
0.648348
0.511681
0.916877
0.533629
0.58233
0.805875
1.73733
2.62568
1.26446
2.33893
0.302323
1.04095
0.440748
0.450255
0.606427
1.15106
0.24774
0.496405
4.06521
0.268644
0.440664
1.01026
0.42497
3.00146
1.71892
0.432034
1.33897
2.51055
0.921472
7.86716
0.281471
0.932604
0.427969
2.08592
1.70618
1.43283
0.434735
0.14469
1.407
0.202919
0.996488
2.39799
1.29592
0.907521
1.00088
1.61927
0.765022
0.619098
0.146238
3.1292
0.477118
1.91842
0.210601
0.408823
0.282015
1.52063
0.948306
0.854255
0.528899
0.647343
0.592329
1.02334
1.27074
1.27314
0.130547
1.255
1.27371
1.34805
0.194055
1.70169
0.465646
1.19933
4.226
0.487149
0.775105
3.13109
0.63712
0.670022
0.656623
0.713374
1.12858
0.985193
2.15984
0.615602
1.38891
0.665119
1.39017
4.69344
0.584285
1.71179
0.401147
0.952762
1.04714
1.00867
1.78642
7.36307
1.78551
0.426885
0.537099
0.420083
1.45217
0.45505
0.750076
0.848844
1.41214
1.1215
0.516273
0.226065
0.68963
7.97073
0.37542
0.932316
2.83241
1.06898
0.774916
2.01101
0.72051
0.802747
1.74193
0.508899
0.946172
0.868011
0.661003
0.313902
0.573435
4.6942
0.843556
0.297796
0.397332
0.481021
0.541571
1.35958
0.713988
0.958122
0.345167
1.18497
1.01409
0.294272
1.80788
2.39286
0.534334
4.03768
0.608389
0.409514
0.814425
0.769356
1.07212
1.04416
3.58068
1.23391
0.961965
2.69848
0.827403
1.86531
1.01972
3.49621
0.483073
1.26273
3.67308
0.937313
0.0865028
0.848895
1.10208
0.719339
0.73847
0.993608
0.350336
0.451279
0.966566
1.2125
0.706408
0.906338
0.856656
0.907013
2.22139
0.399364
0.84725
0.617723
0.597312
5.40497
0.945184
0.725862
1.76866
1.16401
0.365411
1.61425
0.366705
0.286727
0.790684
0.257535
0.787927
0.599264
0.818509
0.308275
0.733818
0.574432
1.11111
1.65491
0.210809
0.992333
4.80948
0.989353
1.254
0.551337
0.268719
0.464463
1.51859
0.444559
0.732858
0.153471
0.689591
1.10805
0.703302
1.45045
1.2227
0.357596
0.13951
1.29812
0.653106
0.405436
0.509037
1.48696
3.00629
0.589783
1.49229
1.97904
2.60633
0.909061
0.906368
0.302406
0.254441
0.947768
2.05679
1.24965
0.192647
0.570491
2.74002
1.56924
1.30033
0.578598
0.647299
0.860973
0.815941
0.864032
0.396307
1.05646
1.72329
0.348302
2.21992
0.321863
0.835164
1.57828
1.21998
1.59432
0.497731
0.402488
1.97541
0.981432
0.622456
0.407759
0.463862
1.2391
0.844231
1.34988
0.331434
0.450344
0.741112
2.1739
2.06852
1.09192
1.65162
0.728638
1.54081
0.959837
1.54041
1.77303
1.96359
0.505065
1.10153
0.71929
1.83961
1.16131
1.45105
3.04764
0.191869
1.8531
0.590766
0.981491
2.0777
0.69991
0.828789
0.808975
2.95085
0.256058
0.498993
3.74657
0.334121
0.859332
0.187827
1.16697
0.375294
3.30446
1.71372
1.0556
1.71628
1.38017
0.316093
1.33352
1.16268
0.326803
1.65213
1.52169
2.03277
1.73202
0.590439
0.298775
0.579272
0.417464
0.603006
1.4096
0.538895
0.712675
0.904381
2.93045
0.547681
2.4868
0.781202
0.817038
0.932326
1.56096
0.638887
0.155196
3.56259
0.803354
1.08785
5.35649
1.45507
0.712902
0.495206
0.763982
1.09678
0.705373
0.546949
0.630504
2.95194
1.62112
0.336106
2.61869
0.406517
0.957016
0.477067
0.807818
0.324963
1.03959
0.287495
12.0645
1.90587
1.5936
0.94819
0.960423
0.330811
0.338843
0.297511
0.199437
0.531405
1.10775
0.430705
0.860911
1.02613
0.800119
1.85662
0.32738
0.371597
0.389317
0.334213
0.268828
0.216253
2.03749
2.05278
1.39283
2.25167
3.49712
1.72535
0.812215
0.250615
0.795739
0.142401
0.356549
0.294024
0.360122
0.918647
1.31933
1.25059
0.818886
0.493792
0.635769
1.11257
0.601021
0.895946
0.574594
0.75514
0.500728
0.929962
0.496646
0.343856
1.79828
0.518839
0.839892
0.615604
0.350637
0.481312
0.339166
1.91316
0.748764
1.68553
3.81873
0.619173
1.21053
0.868348
0.512704
0.55925
0.324498
1.38224
1.39053
0.484993
0.932264
0.283215
0.69317
0.498389
0.779853
0.32089
0.576763
1.18987
0.917251
0.701373
1.05777
1.04298
0.513621
0.681655
1.14042
0.593578
1.38974
1.80401
0.215828
1.30225
1.05723
0.884257
1.07516
1.20104
1.01339
0.763577
0.345385
0.78344
1.93466
0.869213
0.894917
0.919402
1.05657
0.649982
1.43277
0.225837
2.40919
1.09952
2.22911
0.349962
1.0606
0.76769
0.425605
3.20664
0.975089
0.493031
0.434454
0.952938
0.458989
2.04962
0.548045
3.69299
3.48002
2.43544
2.385
1.73159
2.31275
0.516449
0.749115
0.653222
0.577243
1.22471
0.0694371
0.856965
1.36355
0.578998
0.414709
0.448597
0.940931
2.13909
0.58348
0.401921
0.218628
1.96923
0.892747
0.597422
0.359955
0.443538
0.650732
0.881848
1.00366
1.44001
1.17985
1.44349
1.02074
1.06027
2.22124
1.05204
0.591386
0.542949
1.23237
0.687539
1.36191
0.716106
0.76011
2.1768
0.728064
0.991837
1.14889
0.579636
1.03672
0.752675
2.83094
0.51974
1.2274
4.9478
3.00515
0.245688
1.44089
1.03593
1.78397
1.0594
0.338061
0.624555
0.223951
0.747614
0.519184
0.62088
1.34272
0.479274
0.587773
2.37429
1.85631
0.0836766
1.36176
0.460306
2.83997
0.776263
0.617727
0.335667
1.08413
0.751384
1.0663
1.54375
0.586696
0.663336
0.572486
0.233601
0.949692
0.346525
0.744565
1.59944
0.354385
0.454323
1.29869
0.990308
1.70983
1.5224
2.17833
0.583108
1.09943
0.354241
1.2201
1.66829
3.21739
0.333702
1.06073
2.15967
1.85206
1.95158
0.523917
0.676084
0.983568
2.83096
1.10871
0.713161
1.60289
0.60548
1.88745
0.964684
0.235038
1.92299
0.532165
0.840166
3.03504
2.44475
0.266534
1.64599
0.370654
1.14756
0.660942
0.525435
1.14507
1.15641
1.48863
0.533842
1.17708
1.40203
1.26831
0.46478
0.598944
0.929065
2.10513
0.225595
0.271812
0.412348
0.738749
0.673553
0.493302
0.416027
2.87774
0.573044
0.530135
0.428899
0.588189
0.97154
0.360787
2.88773
0.886362
0.554673
1.34277
0.107416
0.417849
1.25818
0.867909
0.388289
1.01894
0.699829
1.5992
0.663818
0.774969
1.07978
1.79395
0.365735
0.83412
0.5644
0.824576
1.53642
0.838734
0.695011
0.591245
0.502006
0.853633
1.50747
2.9098
1.64037
0.528336
0.113
0.809271
1.56578
0.421377
0.647869
1.44992
0.841251
0.181233
0.169957
0.344352
0.888472
1.54817
2.09978
0.196128
0.808912
2.03786
1.04985
0.879772
1.54822
0.669783
0.272547
3.53216
0.565431
2.06461
0.501374
0.614764
0.30531
1.09263
2.17295
1.54845
0.619991
0.948744
1.6425
2.81247
0.287021
0.618541
2.61034
0.708087
0.718288
1.24787
2.43559
0.902518
0.341112
0.85209
2.28641
0.777878
0.303512
0.426843
1.55485
1.95992
0.55236
0.558797
0.44671
1.55284
0.754857
1.33885
0.740029
1.91319
0.632827
2.75494
0.785514
0.362512
1.31736
1.48431
0.643741
0.361285
0.304219
1.31281
0.622313
0.229004
0.351967
1.15255
0.249032
0.930652
1.92917
0.388113
1.03509
1.90979
0.203776
1.5844
0.658405
0.727623
0.434533
1.43246
0.928381
0.953513
0.304298
0.687884
3.19054
1.5892
0.67159
3.48499
0.399091
2.15415
0.641653
0.694405
1.22071
2.10917
3.10556
2.08582
1.12628
1.84423
1.42853
1.039
0.0948351
0.611813
1.71383
3.39294
0.363213
1.22202
1.4885
3.30413
1.00911
0.558133
0.601953
1.21928
0.654406
0.693238
1.09875
0.460289
0.260518
1.5245
0.701063
1.72563
0.661691
1.12321
1.0218
1.9797
1.80258
0.406345
0.406317
3.83812
0.976295
0.917528
0.620511
0.531805
0.389145
0.258929
0.556573
0.612104
4.31613
0.427862
2.73545
3.21279
0.237481
2.10305
1.57698
1.65158
0.424529
0.757822
1.2356
1.92141
1.27033
1.11893
0.711078
2.16889
3.10116
1.14189
1.21289
0.5025
0.727301
0.31213
2.29462
0.59792
2.06652
4.31183
0.640254
1.15284
0.550959
1.99787
0.576714
1.4895
1.70351
4.65455
0.720818
4.29537
2.9962
2.10816
0.708856
1.81013
0.913392
1.16
1.42955
1.13488
1.67969
0.502513
1.12932
0.917484
0.995684
0.526832
2.01076
1.52981
1.10885
1.41427
0.870773
0.903264
0.393349
1.15328
0.313139
2.03279
2.68906
0.498153
0.488339
1.4257
0.37804
0.336961
0.149678
1.03357
0.818442
1.03548
0.621713
2.20842
1.85876
3.744
0.532216
0.38114
0.851615
1.79623
4.36059
0.546769
1.88208
0.415307
3.42451
0.288346
0.416418
1.67329
1.59745
0.249426
0.50194
0.883328
0.363786
1.21738
3.05885
1.61403
1.54148
0.418469
0.464523
2.23374
0.216856
0.394409
0.4376
0.88455
2.6759
0.379161
0.506337
0.302938
0.761545
0.995874
0.533054
2.63721
0.460547
0.128263
0.935534
5.56884
0.383136
0.23296
0.332098
3.24022
2.68929
0.872892
4.25921
1.33869
0.788475
0.250827
0.754153
0.671178
0.345388
0.436159
0.942351
1.65779
0.469143
3.27947
2.06088
0.52119
0.958152
0.803238
0.223178
1.56173
0.375479
1.015
0.764737
0.592423
1.41551
1.56678
0.552799
1.42485
2.84414
0.665048
0.710242
0.690766
2.03263
0.906593
1.43299
1.0007
0.471143
0.504735
0.636185
1.1784
0.53792
0.793728
2.24499
0.485267
0.257173
0.35103
0.272243
5.70569
0.245536
0.49937
0.274609
1.12207
1.03358
2.07055
1.04029
0.750749
2.81713
0.783867
0.92008
1.05701
0.525563
0.674851
0.542739
0.607214
0.654205
0.259746
0.718357
0.463994
0.666654
4.00491
2.1251
0.189329
0.200008
2.27165
1.36464
1.03436
1.26882
0.577405
0.40381
1.96393
0.786627
2.43267
1.93188
0.562087
1.33376
0.396774
3.5041
0.37977
0.62809
1.91789
0.70131
2.19766
0.584458
0.180314
0.944739
3.38263
1.76373
1.02596
0.420506
0.644717
1.79526
5.11152
1.14281
3.17274
0.273868
10.327
0.594432
1.59275
1.98011
0.625984
2.19103
1.23688
3.42815
1.75729
1.34711
0.388289
0.756674
0.63537
0.816291
1.93103
0.565373
0.928587
0.964848
2.40003
0.406621
0.655844
0.766714
0.189503
0.943141
0.494015
3.12861
0.491796
4.57129
1.7773
1.2214
2.51371
1.42375
0.40958
0.211158
0.794547
0.73592
0.482629
0.964775
1.05869
1.27172
2.02157
1.66208
0.954568
1.51252
0.314716
3.11274
1.05019
0.504274
0.780742
2.95133
0.373029
1.87531
0.494264
0.417678
1.6418
0.420809
0.313251
1.60792
1.21459
0.27519
0.549509
0.362196
0.409414
2.43848
0.238601
0.470899
2.27021
1.13807
0.744721
0.0810165
0.542075
1.61148
1.73476
2.74343
2.04817
6.68431
0.350546
1.18266
0.990816
0.565802
0.504516
0.62605
1.5031
0.317134
0.568319
0.29089
1.01547
0.36176
4.28111
1.28857
0.961345
1.17991
0.336574
0.336571
1.80652
0.523814
1.0105
0.193539
2.6206
2.45398
0.79757
0.318543
0.56044
0.67721
2.59635
0.335541
0.95699
0.386474
0.354866
0.177396
1.34878
0.55925
1.5443
1.06913
0.297334
2.60337
0.728452
0.285527
0.909958
1.87106
2.69829
2.98505
2.1465
0.279719
0.855755
1.37367
1.12028
0.55094
1.06098
1.59513
2.22211
0.773692
0.513548
2.46951
1.5772
0.626886
1.05841
0.123344
0.659699
0.547016
0.849501
0.547337
0.767227
0.602421
0.530953
1.54344
1.05023
0.288013
0.700721
1.21836
1.78365
2.38022
0.579195
1.11928
0.651197
0.426348
0.498763
0.908906
1.04755
0.249051
1.10282
0.475449
1.14565
0.451586
0.772767
0.107852
0.845608
0.458358
2.90229
0.59649
1.45251
2.17882
0.248652
0.997898
0.306284
1.98489
0.458717
3.39668
1.15145
2.1731
0.284883
2.51395
1.46568
0.974354
1.20632
0.117098
1.85556
0.224484
3.32608
0.169491
0.531086
1.26596
1.4628
1.96768
2.96485
0.988323
0.60412
1.10638
0.398168
2.1514
7.51238
0.896994
0.129131
0.467682
0.360598
1.57411
0.656402
0.690153
0.96986
0.843774
2.02085
0.766654
2.37595
0.702632
0.959421
0.457994
0.507924
0.829272
1.55015
1.3843
1.50307
0.870226
1.92283
0.709411
0.656632
0.774782
0.826736
0.253693
0.371361
1.66691
0.416104
0.720043
2.26858
1.40515
2.02578
1.03509
0.362712
1.71074
0.824443
1.92154
0.353056
0.60226
0.843769
0.402155
1.43049
0.2433
0.332259
0.5578
0.236912
1.486
0.736144
1.01303
1.66722
0.673315
0.21635
1.32319
0.445848
0.378643
0.648245
0.523239
1.31062
1.44495
0.958596
0.294281
1.09639
2.17715
0.246206
0.501037
0.500343
0.3346
0.851817
1.86541
3.65082
0.818688
1.15548
2.33248
0.83396
0.839893
1.29205
0.72994
9.35461
0.592702
1.13835
1.89817
1.24785
0.757866
1.76943
0.296412
0.238308
1.1619
0.75549
0.837648
0.548382
0.834697
0.863057
0.703392
0.634382
0.754953
0.287562
0.337322
1.67776
0.325065
0.627277
0.443693
0.466946
1.48993
0.825413
0.425754
0.770728
0.752986
2.12822
2.33203
1.94905
1.51944
1.1275
0.114383
1.43256
0.122985
2.24102
0.422483
1.07616
0.668892
0.855255
3.44584
0.770449
0.206461
0.383843
0.0672698
1.5679
0.512112
0.367255
0.174026
0.416504
1.25076
0.326436
1.34227
0.211995
0.231041
0.453423
1.2278
1.02349
1.69516
1.68088
1.17312
0.654344
3.10841
1.44189
0.961323
0.267207
0.900394
1.12731
0.558087
2.02379
2.92514
0.57376
1.25025
1.09162
0.683204
0.285083
0.92928
0.547749
0.921891
0.169505
0.824339
0.379684
2.34963
0.323267
0.197316
0.981568
0.956869
2.10284
0.363263
0.89523
0.617555
0.261421
2.16231
0.475946
1.3337
0.97396
0.690416
0.226512
0.7822
1.58451
0.654179
2.15582
0.396429
0.694676
0.304541
0.71914
0.784459
1.03429
1.08356
1.07158
0.96826
1.68848
1.54459
0.344029
0.718431
1.45946
0.350086
0.502085
0.678964
8.65221
3.14122
0.622797
2.32333
0.523455
0.435501
0.335916
0.869026
2.79759
0.818046
2.65328
0.333599
0.373576
0.255388
0.315299
0.891484
1.25322
1.02439
1.32426
0.998977
2.02411
0.715154
0.63547
0.564659
0.719622
0.417039
0.89714
1.43536
0.772023
1.26329
2.69101
0.823889
1.36713
1.26052
0.612087
0.302368
0.333835
1.23283
0.593559
1.398
0.850769
1.02889
2.01332
2.00425
0.804761
0.992805
7.24868
0.361688
0.326002
0.784705
0.634465
0.605171
1.3866
0.193106
0.627567
2.24946
1.41332
3.05837
0.550794
1.79499
0.527434
0.928599
0.583882
4.14295
0.558146
1.20914
1.72923
0.660486
0.730335
0.119187
0.498831
0.8186
1.23589
0.0723254
0.644775
0.383465
0.312665
0.52088
0.449403
0.795181
0.526643
0.929981
0.751607
1.39616
0.33004
1.83925
0.822598
0.656089
1.41673
0.643232
0.644019
1.05362
0.543592
0.480547
1.50513
0.796287
0.478926
1.12829
0.871547
1.63827
0.315149
0.752396
1.31818
0.403459
0.913412
1.1018
0.439404
1.43002
0.270114
0.485935
0.336076
2.21826
0.222956
0.570846
4.3013
0.298009
1.06048
1.24513
0.808659
0.338746
2.39534
0.941075
0.203058
0.437509
1.38836
0.18428
0.424864
1.33321
2.64304
2.02984
1.23899
0.545377
0.0924162
3.05102
1.39214
0.542397
2.00361
0.743172
0.817182
0.629838
0.369185
2.01516
0.420553
1.24081
0.502899
0.394662
1.03033
2.63508
2.71613
1.70406
0.369883
1.4814
0.493844
3.06555
1.21423
1.62527
0.484173
1.73111
1.12893
2.69639
0.265575
1.19032
0.530226
0.773011
1.32483
1.90038
0.346825
1.3526
1.19317
1.45469
1.76151
1.99264
0.191585
1.76661
0.495186
1.65262
1.27713
1.50968
0.420137
0.677865
2.16196
3.06301
0.566505
0.437425
0.978349
0.461289
1.26419
0.600592
0.754876
1.02837
0.101141
1.91296
2.91031
0.613865
2.893
2.41308
0.737351
0.296588
0.818574
0.499156
0.320719
0.687064
0.599897
0.222947
1.24409
0.595028
1.61657
0.771351
0.241342
0.295708
1.09303
2.76186
4.33505
2.76796
0.478321
0.254532
1.11232
1.17455
0.416365
1.03815
1.52192
0.18152
0.75655
3.85851
0.39218
0.948561
0.39252
0.660946
0.65531
0.303382
0.577391
0.649487
0.298904
0.715198
0.2461
0.590874
1.67101
0.528305
0.743526
1.47621
1.15241
0.226572
2.49933
0.886396
0.771002
0.367851
0.12796
1.88007
0.373871
2.00694
0.568919
0.319806
0.907537
1.1375
0.816537
0.521348
0.626475
1.00537
0.82476
0.501605
0.63569
0.953009
0.334062
0.29894
0.508144
4.79814
0.941816
2.09078
0.333753
0.21667
0.893803
0.736095
0.844253
1.65
1.05143
0.274105
0.472619
0.676643
0.54748
0.736106
1.25921
0.544262
1.2193
0.33128
1.20612
0.618109
1.77484
0.494678
0.535892
0.173501
0.550326
1.56966
0.423003
0.420763
2.56896
0.465893
0.34212
1.10922
0.530099
0.345048
4.029
2.26211
1.03899
3.27612
0.613733
0.790206
1.5406
1.03246
0.730091
1.33739
1.3936
0.646658
0.689482
0.419213
0.727759
0.277237
0.635104
0.0620903
1.83414
0.274873
0.635081
2.35569
3.61113
0.185076
2.74594
0.61788
2.33417
1.55086
0.44158
0.514882
0.796423
1.05194
0.992776
0.576062
0.902947
0.967258
2.05577
1.11022
0.811655
3.22601
0.30606
2.26395
1.85668
0.388569
0.504744
0.591279
1.36637
0.705844
10.9918
3.19787
1.29727
0.479681
0.625155
0.759134
1.34292
0.589653
0.291187
1.08352
0.797026
0.21191
0.727952
0.430078
1.13592
1.66962
0.495452
0.396739
0.41609
0.246477
0.94874
0.758945
2.04424
0.73313
0.326379
2.56992
3.87399
6.87938
0.225764
1.03117
1.2765
0.626819
0.226275
2.44857
0.964403
0.567997
1.50052
0.70341
0.381633
0.492213
2.62786
0.465856
4.15911
0.172958
0.73156
0.78561
0.369806
0.949887
0.665651
1.22727
1.11191
1.83351
2.86944
0.879318
1.26944
0.311071
0.517046
0.278159
2.06201
0.84904
0.653528
0.854556
0.623506
0.393653
0.492814
1.14763
0.829332
0.526812
0.890571
2.24984
2.13023
0.928965
0.516365
0.552705
1.54154
2.77107
0.675698
1.26792
0.668817
0.78898
5.32362
0.959622
1.50306
1.13804
0.462723
0.612448
0.50858
0.44593
0.378077
0.666339
0.344466
0.161244
0.741045
0.436638
2.92719
0.531539
1.30327
1.07659
1.99797
1.91631
0.963085
0.251311
0.603439
0.23952
0.562619
1.14394
0.969654
0.804131
0.598158
0.550932
1.11536
0.753649
0.713587
2.7981
1.14746
0.563408
1.80898
0.628834
2.26794
0.651409
0.209875
0.171349
0.183555
2.53965
0.936533
0.775836
1.18736
0.494969
1.64192
0.928436
1.8928
1.22317
0.61745
0.399428
1.06592
1.73568
0.979857
1.07877
0.956698
0.736662
0.637578
0.958363
0.902119
0.641813
0.547543
1.40268
0.352052
1.19128
0.597699
1.00953
0.96375
1.08587
0.886947
0.715548
0.853933
0.609703
1.33713
0.271277
0.548851
0.716616
1.08885
0.337438
0.622539
0.600689
0.713385
1.43021
8.52902
2.84329
1.36817
1.80314
1.80621
0.742103
0.138623
1.07896
0.288808
1.17111
3.33428
2.00026
0.261254
0.303117
0.513262
1.40981
1.17611
0.866094
0.346666
1.22824
2.96376
1.40272
0.323849
0.517037
1.49418
0.193525
0.812162
0.885051
1.04202
0.31034
2.4392
0.342268
0.778408
0.729623
1.32739
0.522113
2.17037
0.629861
1.2338
1.09603
0.607991
2.1003
0.456913
1.33991
0.671892
0.325111
0.620589
0.367922
0.280566
0.493814
2.47998
1.05054
3.15708
0.361544
0.664124
1.66805
0.291445
0.370803
0.463077
3.25841
0.533697
1.07175
0.969571
3.40693
1.01141
0.44451
0.289064
1.19976
2.00878
0.67381
1.3363
1.99691
0.506342
0.371538
0.717029
0.645232
0.620946
0.716141
0.253803
1.03742
1.84754
0.511311
0.66122
1.3681
2.12658
0.450878
1.51166
1.09608
1.21427
0.352568
0.344838
1.11678
0.71056
1.63952
0.988891
2.03552
0.253071
3.30319
0.745519
0.35139
0.368667
1.5313
0.824662
1.41297
0.915448
0.87093
0.422707
0.403436
0.298426
0.663641
0.970171
0.299096
0.664897
0.761264
1.81946
0.618125
4.40491
3.23667
0.616242
1.50268
0.65219
0.165631
2.25016
1.71069
2.39086
0.357849
0.571138
0.945332
1.04652
1.61426
0.44158
0.680012
0.421508
0.843908
2.60514
0.681376
0.791128
1.02329
0.40475
1.54163
0.357108
4.5358
0.646624
0.239582
0.333261
1.0029
0.659239
0.8548
0.5604
2.01968
1.51452
0.333596
2.70039
0.395691
0.3042
0.960844
0.391237
0.969736
0.103504
0.786541
2.3639
0.38922
1.97934
0.387251
1.7549
0.324351
1.93699
1.50247
1.12858
0.840433
0.816063
0.0943382
1.27222
0.941263
0.249381
1.52475
3.9441
0.79003
1.57609
0.946493
0.948655
0.563494
2.56509
0.61589
0.440881
1.70381
1.98726
0.387372
1.21974
0.467568
0.513466
0.540748
1.0296
0.846113
1.25538
0.389463
0.626573
0.304387
0.803189
0.0502989
0.591066
0.604921
1.14262
0.87292
0.468665
0.657019
1.43895
1.13691
0.154029
1.47539
1.65131
0.419901
1.75265
0.568658
1.43831
0.369611
1.62002
0.487155
0.316671
0.462535
3.08546
0.774455
0.713752
0.288588
2.14708
1.92111
0.4
1.15087
0.712613
0.724498
0.534766
0.418418
0.510685
1.92933
1.11024
1.42083
0.296235
1.83016
0.976625
1.56955
0.756671
0.781407
0.561862
0.282704
0.669804
5.18672
0.321202
7.41816
1.75456
1.52331
1.20267
0.931914
0.456411
0.975322
2.13294
1.56314
0.613538
0.344259
0.276311
1.17266
0.660731
0.547533
1.12003
0.168921
0.320229
1.82879
0.435282
4.13712
0.486995
0.332499
0.320007
0.799561
0.364303
1.95232
0.543208
1.38238
0.702368
1.11644
1.31412
1.03154
0.765391
0.321188
0.320201
6.23163
0.496997
1.98575
1.53885
1.47856
0.270046
0.245418
0.910627
0.206969
0.749931
0.835484
1.01718
0.533953
1.96936
4.12799
0.253746
0.391476
0.775786
0.554079
0.490809
0.457287
0.314457
1.53075
0.641282
0.933607
0.705764
0.891049
0.742567
0.515881
1.34333
0.981245
0.898845
1.79887
0.799999
0.788969
0.253362
0.830264
0.212354
1.8727
0.638615
0.674224
1.20147
0.249623
1.92097
0.81981
0.357197
0.431635
0.873349
1.82762
0.704411
3.18302
0.804314
1.19248
1.72674
0.371883
0.54471
1.51097
1.1431
0.432072
0.282615
3.21542
0.815967
1.75319
0.426285
2.23535
0.92577
0.311729
6.42622
0.843658
6.07514
0.807358
0.444939
1.85666
3.82186
0.3255
0.643982
0.276817
0.342554
0.361516
0.749732
3.54408
0.110339
1.22819
1.98911
3.10132
2.31519
2.66557
1.35024
1.17897
1.42882
0.851745
0.918827
0.221216
1.61695
2.40646
0.657622
1.19588
0.407977
1.13614
0.923824
0.771293
0.847405
0.636125
0.671177
0.677945
1.4584
0.556215
2.52936
0.420799
1.46764
1.28126
0.0845243
1.87213
2.06392
1.02216
2.95256
0.326035
1.12844
1.99027
1.37596
0.483127
0.27886
0.44679
2.00545
3.49842
3.67736
1.19841
1.17021
0.586683
0.678981
1.08182
1.67322
0.55209
3.96397
0.680564
0.637799
0.405857
0.439125
0.0995469
0.513624
1.77172
0.715283
0.685789
0.980236
0.95961
0.462576
1.66208
2.32363
1.28279
0.124562
0.192888
0.444783
1.62719
0.835256
0.879297
1.2527
1.36272
0.378601
0.410272
0.331629
0.516692
0.614167
0.871773
1.2891
1.9297
1.51755
3.34004
0.458805
0.179049
0.606064
0.671068
0.835074
0.651031
0.366445
0.357506
0.694073
0.117295
0.522917
0.816585
2.23783
1.9656
0.62449
0.272195
1.0935
1.27768
1.14329
0.282384
1.61669
0.907332
6.73268
0.185978
0.72794
2.55567
0.367884
1.27211
0.262718
0.965196
3.09152
2.74934
0.613752
2.51725
1.19038
2.20022
0.298411
0.435279
0.579871
0.758529
9.17064
1.33417
0.664096
0.664306
2.77351
1.00082
0.293359
1.08624
0.690735
0.765739
0.636144
2.92793
4.36313
0.791082
1.72953
0.242607
0.3235
1.86105
1.02528
13.4631
0.89883
1.23591
2.43626
2.02525
1.19424
0.466194
0.589402
0.904311
0.761539
0.305094
1.50977
0.589123
0.853849
0.947859
0.325007
1.01477
0.2891
0.870627
1.36356
0.319528
0.596006
1.18843
0.702588
0.866393
0.900471
0.498431
1.16347
0.558303
1.15526
1.50214
0.847817
3.40489
2.26602
0.0897172
1.09001
0.555156
1.88552
0.526913
0.643311
4.65133
0.318611
0.974295
1.09442
0.925179
1.51702
1.08295
2.24254
0.683541
0.89502
0.231239
3.15563
0.805666
0.802479
1.04332
1.7111
0.442256
2.7835
0.27024
1.1218
0.994553
0.618023
2.19211
0.503796
0.403629
2.76936
1.63991
1.58378
0.347851
0.946102
0.777586
1.39318
1.10498
0.740456
0.690288
1.11112
0.93422
1.13818
1.41265
1.09495
0.983567
1.50352
0.441183
0.150929
2.54375
0.509036
0.0903154
0.613454
2.63696
0.845501
0.848398
2.38161
1.16666
1.80674
1.05082
1.22129
0.527905
4.21447
0.346296
1.48675
0.939925
2.69676
0.252848
1.95199
0.908854
0.460887
0.772361
2.25346
1.14369
0.855519
1.84284
8.50674
1.24025
1.14532
1.48444
1.8873
0.483446
1.13904
0.481868
0.712413
0.849441
1.06701
1.27949
0.555576
0.945707
0.34148
1.23027
2.14562
0.368698
7.0781
1.42467
0.853327
0.970986
0.685006
0.623528
0.842074
1.05046
0.208864
0.947392
0.456693
0.752599
0.719264
0.359672
2.0888
0.296477
2.00522
0.419924
1.05744
0.365825
2.44048
0.437238
0.693654
1.53532
1.63419
0.311273
0.595779
0.438367
0.521826
0.237047
0.364794
1.05823
1.78969
0.260948
0.51753
0.403043
0.749128
2.21757
0.658341
2.10685
0.974865
3.7174
0.780206
0.941078
1.21108
3.54542
5.10983
3.28116
1.80642
1.17185
2.01435
1.34173
0.575951
0.471714
0.471867
2.52395
0.970865
0.475334
1.40955
0.114083
0.616167
0.626515
6.68696
1.29453
0.286872
4.44113
0.761347
0.430468
1.83309
0.245453
0.78493
0.655598
0.663837
0.795936
0.335011
0.857133
0.699717
0.793896
1.62907
0.365436
0.630037
0.688704
1.35906
0.867263
0.375335
0.604925
0.928384
0.718722
0.403986
1.9469
0.381271
1.87506
1.33878
1.75236
0.996123
0.511265
0.220689
0.690855
1.29279
0.336165
0.999586
4.16024
0.623671
0.232085
1.12108
0.585221
1.06556
4.15589
1.59628
0.281515
1.50129
1.09181
3.49964
2.16271
0.486763
0.912304
0.759121
0.743605
0.979106
0.810099
0.3659
0.79281
1.40039
1.32834
0.438478
1.83573
1.37623
0.576672
0.620683
1.25826
2.88359
0.877676
0.650281
0.859345
1.07092
0.761375
0.795704
0.455809
0.779755
1.53346
0.173255
1.11487
0.637466
1.06375
2.11144
0.618806
1.51785
1.01737
0.640211
0.315244
0.660898
0.450126
1.08184
0.553301
1.29169
0.946816
1.18675
1.58728
1.66437
0.562204
0.974129
2.61552
0.730202
1.47428
0.877193
0.926396
1.37805
0.487039
0.59355
0.15682
0.810686
0.359488
3.7138
0.707463
1.39203
3.79163
0.907057
1.53039
1.12524
2.60294
0.818655
1.06924
1.38354
0.763372
5.22161
1.32577
0.357666
0.145984
1.36414
0.917683
0.774431
3.16761
1.18986
1.36832
3.06079
0.436315
0.421103
0.458441
3.25602
1.49956
2.56243
0.743774
0.321631
1.70636
1.80886
0.375008
0.242472
0.652318
0.78741
0.984133
0.524981
0.284495
8.10652
0.634004
0.972047
0.4517
1.61977
1.12301
0.465542
1.76899
0.550297
0.403758
0.384391
1.63295
0.834934
3.60493
0.572549
3.85967
0.503009
1.24924
0.824958
1.22938
1.36704
1.07185
4.26781
0.41674
0.271948
0.758718
0.318696
1.2817
0.5442
0.715063
0.777514
0.526593
0.437989
0.647073
0.715743
0.674702
1.43379
0.332279
1.74993
1.06472
1.63759
0.719492
0.488693
0.618044
0.792658
2.25571
1.56498
0.623072
1.87865
0.388344
0.262479
0.530195
1.42822
0.394756
0.707343
1.02796
1.42736
0.131076
1.52355
0.746101
0.853806
1.28375
1.66319
6.23821
0.673283
4.49247
1.47161
1.70999
0.691443
1.24993
1.83211
0.37055
2.86053
0.682697
2.29212
1.92697
0.785128
0.903213
0.949508
0.824411
0.809146
0.531621
0.469291
0.383368
1.26921
1.57411
0.685992
0.152447
0.775295
0.498256
0.402891
1.64013
0.60629
0.839966
0.901821
0.439158
0.284408
2.81033
0.974596
0.559641
0.139559
0.659559
1.32367
1.01676
0.143118
0.79175
0.479209
0.686169
1.28285
0.819837
0.794533
0.509415
0.392259
3.66312
1.80256
0.334115
1.3191
1.89894
2.06884
1.18666
3.29531
0.888005
10.8578
0.805932
2.27214
0.13197
1.25518
0.443396
0.70528
0.831879
0.87642
1.11664
0.378105
3.37434
0.609074
0.930418
1.07371
0.694042
0.242166
0.480394
0.507779
2.39677
2.33026
2.26314
0.280184
0.946694
5.22757
2.17525
3.13282
1.7456
2.49553
1.98766
0.496271
2.07951
0.510719
0.2062
5.31768
0.325251
0.263053
2.22299
1.76648
2.18415
1.79186
1.13256
0.496794
0.398342
1.02333
0.377461
0.725319
0.492305
0.597579
0.216967
0.609863
4.43307
0.958053
1.32206
0.41376
0.281574
0.531818
5.90393
1.78803
1.35175
0.813081
0.53645
6.39822
0.500975
1.75498
0.487198
0.30815
0.341306
2.79087
1.72367
1.42127
1.03183
1.50639
0.348324
0.858235
1.0826
0.637356
0.587395
1.83145
1.61125
1.79251
1.14956
1.59986
1.04216
2.31925
3.01632
1.30875
1.68941
1.56086
1.0449
0.191519
0.539841
0.444208
0.666403
0.71195
0.343077
0.524736
1.03184
2.75199
3.53635
0.481229
4.99918
1.42585
0.944143
1.92923
0.527559
0.546014
0.29313
1.74426
0.691824
1.15259
0.953368
0.529618
0.778925
1.54457
0.404653
0.331018
1.42691
0.127937
1.21308
0.320118
1.78262
0.698677
0.297078
1.15777
0.646121
0.603252
0.847646
0.671402
0.751888
0.529465
0.414405
0.903959
3.57168
0.96204
0.470596
0.174272
2.07336
0.202395
2.47136
3.01478
2.50467
1.72573
0.540504
0.688464
1.19571
0.201216
1.2595
1.84292
0.904551
0.789469
0.777789
0.564367
1.92209
1.87848
0.276123
0.262515
0.432074
1.26223
0.450058
0.709644
0.478249
0.649806
1.19424
1.89855
1.22497
0.361475
1.20005
0.850088
0.209189
1.65732
0.774861
0.875556
0.294611
0.301837
0.846966
0.813406
0.412564
1.00973
2.28597
0.240996
0.643349
0.284445
0.874584
0.884664
0.301725
1.25774
2.40341
0.54542
0.883584
3.22538
0.620653
2.70972
0.757813
1.00296
0.851039
1.14614
0.205031
0.245863
1.05659
1.87167
0.772042
1.01641
0.676995
0.530276
0.345663
0.367787
0.548847
0.486232
9.16438
1.50696
1.81602
0.275766
7.46517
1.7034
0.243664
5.03623
0.288854
1.9967
1.01903
1.92545
0.623389
0.544036
0.793766
1.26266
0.513507
4.09183
0.925949
2.58647
0.828048
0.392333
0.605072
1.52345
1.5314
1.07391
0.686791
2.46885
1.02301
0.631448
0.295943
1.00457
1.74091
0.785021
0.84381
1.48281
4.87073
0.438009
3.38283
2.19514
0.648757
0.764033
1.17416
0.642165
1.07228
0.359073
0.385513
0.134514
0.526653
0.238953
0.754429
13.0703
1.48277
2.42887
0.869066
0.343145
0.530412
1.14173
2.00522
2.23951
2.65537
0.530425
2.66924
0.638726
7.38018
0.532516
0.406612
0.752876
0.437006
0.967902
1.03186
0.496396
0.72687
0.680845
1.64989
1.41755
2.15224
0.533446
0.646362
4.17879
1.85042
2.45267
0.52779
1.17102
1.29447
0.867403
1.65913
0.548573
1.747
1.04479
0.569376
0.705328
0.247292
0.617719
0.862686
1.69408
1.17102
1.66457
0.987243
2.06485
0.442652
1.97547
0.590024
0.401465
0.827011
0.739676
1.29505
2.21353
2.84216
1.06235
0.601651
1.21311
0.454397
0.464683
1.24142
0.695841
0.767441
0.359381
0.631899
1.40732
0.217688
1.29433
0.115568
0.458539
0.534284
1.96965
0.57018
0.3992
0.379375
2.11994
0.227976
1.93674
1.19319
0.839013
0.748742
1.003
0.420821
0.839989
1.15092
0.799864
0.866813
2.56874
0.95138
1.36864
2.27877
1.29321
2.64735
0.541905
0.855051
1.34022
1.15934
0.283549
0.598474
0.44321
0.46016
0.64288
0.395867
0.742097
0.40987
2.21977
1.1867
2.27514
0.542694
2.68827
1.81062
0.509654
1.04517
0.215987
0.427992
0.724665
1.73551
0.727396
0.535929
0.704525
0.29844
1.27959
0.346235
0.612265
2.48603
1.35451
0.422648
0.598438
0.764514
1.11369
3.06302
8.68239
1.71325
3.06887
0.537078
0.346421
0.36951
0.381452
1.37073
1.55707
0.558123
1.23742
0.812037
1.88057
0.873014
1.57108
0.709912
1.11751
1.10259
2.08101
0.88561
1.19336
3.29721
0.692161
1.38751
3.12867
1.11188
0.487076
0.873362
0.364019
0.360125
1.29478
0.774161
0.260054
0.594814
1.21738
2.09236
0.591266
1.32388
1.55288
0.939384
1.17231
1.75882
0.965649
0.463627
0.755555
1.03377
2.96194
1.44081
1.27832
0.279067
1.15352
0.453015
0.360942
0.665312
0.757065
0.141253
1.95431
0.494322
0.961873
0.748189
0.62646
2.09427
1.387
1.12115
1.3868
0.606351
0.406303
2.2722
0.23055
1.04643
0.597421
1.1269
0.145512
1.2807
1.00363
3.2899
0.542256
0.326434
1.27302
0.701202
0.681129
1.30274
1.5976
0.434227
0.460882
0.132438
1.32061
1.40405
0.272774
1.55258
1.83583
1.46772
1.08159
1.44756
0.676374
0.934175
1.11508
0.350402
1.76217
1.13393
1.92496
0.329334
0.306167
0.34774
0.971135
1.76707
0.239329
0.743674
1.06861
0.560012
0.583335
1.09936
0.522352
2.4208
0.999529
0.488765
1.87636
2.43843
0.982996
2.02435
0.718866
0.939948
1.64013
0.33387
0.355504
2.47176
1.70271
0.781943
0.67991
0.690493
0.404626
0.706903
1.35639
1.56653
0.276299
0.807965
0.317667
0.400424
0.726531
0.810423
0.999015
0.631473
0.833458
0.980745
5.61299
1.24625
1.59817
1.58848
0.37091
5.29853
1.05062
1.31393
0.157324
0.868623
1.31245
0.419499
1.91942
0.52177
1.09651
0.766214
0.459411
1.53597
1.47222
0.820959
0.527976
2.31702
0.203637
1.07453
1.22488
0.439084
0.857122
0.0678125
0.705112
6.29453
0.166645
1.08247
0.878391
0.459964
0.35567
0.672648
0.552154
2.2841
2.57793
1.95473
2.34874
1.05097
2.92884
1.73413
0.74945
1.61905
1.11497
0.795139
0.171928
1.62293
0.890702
1.75762
1.35598
1.0312
1.8462
1.26372
0.567817
0.466389
1.37403
1.34309
0.204317
1.95195
0.368004
1.0428
1.08912
0.535518
0.84877
0.374421
0.37809
3.61815
1.74703
0.501547
0.493701
0.670959
0.836549
9.31654
0.185446
0.964722
0.400309
1.34559
0.329492
0.340895
1.61637
1.119
0.584053
1.35819
0.593885
1.13014
1.1248
0.637931
0.469517
0.243516
4.4661
1.23831
5.39179
14.4582
2.14787
0.468758
0.760226
1.68805
0.32411
0.739601
0.653515
0.430353
1.62682
2.43145
0.815094
0.32957
1.31949
1.92145
0.420649
0.81704
1.01758
0.840341
0.970274
2.12284
0.707983
1.09812
0.693859
0.478878
0.864397
0.372681
0.691636
1.19806
0.37298
0.789413
1.92718
0.276379
1.69015
0.880836
0.787637
1.03465
0.142236
8.85317
2.92225
3.03433
0.611316
0.485715
0.686419
0.398305
1.18293
0.646184
0.5702
0.230121
1.15589
0.29876
0.587447
7.44336
0.952369
1.40212
0.673767
0.297836
0.427442
3.82347
1.11847
0.312066
0.519188
1.52892
0.539488
1.50279
0.848736
1.6607
0.278932
0.895281
1.28219
2.06111
0.312488
0.405024
1.07432
2.03607
0.198326
0.704563
0.79529
0.47701
2.29836
0.985583
0.711058
2.21475
0.539381
0.904477
0.573267
0.934534
0.209623
1.90126
0.534623
2.6921
0.639207
2.57112
0.710198
0.635198
1.4619
0.699923
0.838892
0.571632
0.449165
1.99242
1.41205
0.725318
1.6999
0.807863
0.720807
1.04863
3.36871
1.28922
0.793486
3.10496
0.971376
2.63696
1.07614
0.887226
2.04787
0.611408
0.936092
1.48211
0.482599
1.06353
0.684134
0.524683
0.414406
1.00357
0.505965
1.50267
1.11798
2.11946
0.569179
1.69946
1.51877
0.934284
1.03095
0.891658
0.432965
0.421
2.12465
0.797107
1.31498
2.94669
0.469236
0.79042
0.320117
0.598663
0.234641
0.209897
0.85473
1.19398
0.941923
0.815731
1.17677
0.592888
0.530872
0.325923
0.417296
0.407624
0.563741
0.608715
1.46429
0.312172
0.541704
0.379981
0.338384
0.481914
0.742651
0.430692
2.99501
2.5949
0.314768
0.577503
1.65804
0.132208
2.77046
0.407499
0.529375
2.01845
1.25609
3.21458
2.33573
0.675672
0.35488
3.26317
1.30411
0.269385
0.492777
0.867786
0.644298
1.07134
1.31584
4.44311
0.613035
2.36124
0.477874
0.638354
1.04695
0.882902
1.90078
2.13227
1.22406
1.92098
0.887056
0.357645
0.488988
1.14047
0.525708
0.136844
0.789824
2.69476
0.106857
0.327278
0.615563
1.13935
0.6948
0.412063
2.11593
2.45568
2.26957
1.50913
0.819596
0.447816
0.881611
0.768572
0.926306
0.834111
1.13995
0.634221
0.56312
0.507022
0.724164
1.19025
0.743094
2.08412
4.36947
0.601785
1.38026
0.645169
0.318095
0.28464
0.741432
1.59591
0.396581
0.547814
0.31466
3.84687
1.59276
1.10521
2.74729
0.683419
0.657538
0.0932572
0.710769
1.0255
2.20814
1.4496
1.12542
0.58622
0.535158
1.09735
0.395482
5.22554
1.39415
0.56447
1.92292
0.350537
0.940913
0.901272
0.692922
0.656945
0.432986
2.68648
0.717924
1.61035
0.755921
1.04294
0.159853
1.30272
0.296643
0.43178
0.808589
0.39317
0.521546
0.78062
0.825836
0.445843
1.01024
1.89248
0.642097
0.677279
1.1557
1.21763
0.963679
1.06359
1.05206
0.681084
0.827295
1.00316
2.06196
0.522353
1.83951
0.396752
1.01024
0.810545
2.17116
1.87784
0.66392
3.0675
0.939783
1.28261
1.13509
1.33442
1.51916
0.916997
2.28089
1.75697
1.30811
0.846774
2.2908
3.03772
0.536997
0.605052
1.56275
1.11927
2.28862
14.5453
0.957622
1.32285
2.76619
0.736867
1.94681
0.942049
0.762234
0.990498
1.90624
0.520431
0.498811
0.230256
0.800472
2.50123
2.78876
1.11911
0.70803
0.844548
1.18716
0.463909
0.819133
2.3514
0.516448
1.09003
2.01473
1.32429
0.832225
0.991572
1.90349
0.979438
3.41721
1.76666
1.58109
0.10873
0.890326
1.40205
0.765539
1.65516
0.817794
0.976204
1.34327
0.729827
0.868757
1.37261
0.463754
1.52816
1.19446
0.471395
0.954207
0.428444
2.78804
1.05491
0.820989
0.398597
7.1312
1.43925
0.593098
0.760345
0.635278
1.92591
0.873078
1.82947
0.724789
1.06565
0.838115
0.249451
0.592349
0.543567
0.878308
0.903537
0.33848
0.563035
0.619876
1.70794
0.439725
0.57152
0.387237
1.01985
2.34611
0.158979
1.58286
0.532973
0.781258
0.900483
2.23536
1.08873
1.30046
0.926854
1.52825
0.30638
0.200674
2.00262
0.343552
0.965094
0.981618
0.444752
3.51864
0.885219
0.505857
2.06633
1.51195
10.7455
1.62989
0.965532
0.6976
1.233
0.364265
1.33321
0.200451
2.312
2.62202
0.723756
2.38025
1.7156
1.14148
0.159732
0.533648
0.713503
0.893567
0.329256
1.13075
0.791051
0.368274
0.679276
1.74669
0.64218
1.74345
0.696977
2.89702
0.390421
0.325519
1.93666
3.09457
1.50895
0.539589
1.44692
0.861603
1.58779
0.687932
0.816068
0.876671
1.66952
0.731837
0.403657
0.482449
0.353605
0.20801
3.49517
2.14586
1.45652
1.71168
0.748996
0.261223
2.57371
0.967288
0.534542
1.576
0.631823
1.15252
0.50613
0.463527
0.563332
6.15169
1.21056
5.27349
0.890157
1.3056
1.82166
2.64253
1.51945
0.904591
3.22674
1.52993
0.979026
0.197881
0.459924
0.753639
0.3778
2.74424
0.349957
0.477278
0.824875
1.64012
2.30106
0.308744
0.910263
1.45416
0.715094
2.69468
0.663567
1.08714
2.64639
1.31546
0.423354
0.271788
2.29791
1.60158
0.864319
1.08942
0.406143
8.76254
1.37239
0.729176
0.908259
2.24093
2.83089
0.59134
0.831641
0.445074
1.42335
1.43775
0.623248
4.01493
0.312279
3.91239
2.13761
0.521915
0.91989
0.464014
0.365141
0.909557
0.325229
1.22848
0.381839
0.485357
0.532878
0.774156
0.906208
1.99757
0.331768
0.514905
0.933996
3.00655
1.32192
1.52692
1.00586
0.508505
0.921455
0.168112
0.539095
2.16743
0.816757
0.901024
4.94471
0.663841
0.561803
1.24043
0.916121
2.51887
0.636388
0.286314
0.602872
0.802666
2.72686
0.691694
0.582004
1.06521
0.448964
0.336748
2.73238
0.667399
0.795424
0.57923
1.13218
1.3671
0.745822
7.20061
0.416992
0.806619
0.248969
0.358458
0.82837
0.602383
0.792165
0.340475
0.22504
0.968485
3.12949
0.898842
0.7105
0.327466
3.80668
0.150855
1.77944
1.24536
1.50883
3.64446
2.90798
0.73575
0.350304
0.0908854
0.225978
1.38711
0.519797
0.735331
0.550269
0.825239
1.09001
0.574832
0.376918
4.49277
2.68716
1.25306
1.44538
1.78082
1.83729
1.27787
4.7
1.29367
0.797622
1.4141
0.757687
0.815813
0.66899
0.589785
1.11802
0.604071
0.286279
1.50021
0.780123
3.11216
0.669455
0.129069
0.308776
0.901408
0.291333
0.472386
0.876843
2.28089
0.295223
10.8656
2.48251
0.71518
1.58793
1.4642
0.507986
0.794191
0.714595
0.56467
1.07488
0.357045
1.90064
1.4314
2.72664
1.23325
0.89938
1.11482
0.497616
0.0994432
0.0860302
1.37167
1.11876
0.6021
1.14656
4.10135
0.66718
2.70701
2.62567
0.627758
2.93317
0.975419
1.60225
0.642046
1.72248
1.05351
2.42407
1.68626
1.21768
0.513784
0.573447
0.268599
1.29822
1.60228
3.38939
0.725797
0.760994
0.992783
1.63391
0.997988
0.826489
0.3773
2.44011
0.674228
0.543639
0.510231
1.03702
0.641431
0.953929
1.17256
3.6962
1.96995
1.09043
1.08071
0.802013
0.485777
0.794731
0.45594
0.511839
1.94509
0.708513
3.6507
0.586236
0.463689
0.250897
0.467833
0.534944
1.27526
1.06007
0.371039
0.859962
1.14831
0.443906
1.67061
0.705489
1.83032
0.328841
0.890875
0.684963
2.50716
0.718148
1.02946
0.818928
1.4831
0.57015
0.806574
0.608188
2.41071
0.635507
0.9908
0.961727
0.356907
1.51229
3.72531
0.32381
0.415247
1.38532
1.40255
1.35109
0.520391
0.394567
0.538383
0.65184
0.191039
0.706796
9.9323
2.4292
1.10002
0.121377
0.614576
0.995762
0.963936
0.185354
0.779005
1.57643
1.62867
1.55126
3.20055
0.841011
1.17547
1.17801
0.433722
0.0407929
0.324666
0.738984
1.57303
0.129027
0.551567
0.677757
0.22185
0.59688
0.907192
1.44741
2.2448
0.932849
1.33007
4.53092
1.36602
0.667862
2.35815
4.99964
1.796
0.212367
0.589818
1.07509
1.39045
0.764787
1.11607
0.669382
1.00919
1.25677
2.39828
0.54686
1.38449
0.503411
1.00666
0.691511
0.772452
3.02571
1.03046
0.525172
1.13884
0.563961
2.33127
0.801896
0.308863
5.7377
0.497593
0.75826
0.290934
2.07213
0.466258
0.852228
0.313213
0.476876
0.777887
1.34031
0.69911
0.444602
1.70764
0.442435
0.39236
0.684864
0.72889
0.447426
1.7341
0.415045
0.311843
1.19237
0.924819
1.63144
1.19103
1.29697
1.5946
0.893014
2.51373
0.985046
0.774485
0.493187
0.348077
2.10662
0.511979
0.288388
0.399832
1.79139
0.923506
0.548417
2.88804
0.998157
0.28698
0.908852
2.90354
6.87903
0.841877
1.07198
0.255551
1.88224
1.19382
0.580756
0.784521
1.75178
0.432315
0.467176
0.828184
0.258841
0.996336
0.897437
1.35079
0.278088
0.980527
1.85789
0.738339
0.239199
3.85114
0.883254
0.546073
0.812063
1.64614
0.626284
0.51699
1.41004
0.125555
0.51859
1.08453
2.4681
0.367684
0.433044
2.44169
0.714924
4.77891
0.507895
1.20793
5.01537
0.556084
1.31431
0.415026
0.700833
2.33781
0.179103
0.694563
2.35723
1.2044
0.44519
0.259528
0.854898
0.482437
1.49714
1.62301
1.05641
0.915244
0.913554
0.552059
1.18594
0.35083
1.31606
1.63279
0.520391
1.12022
0.736288
1.24269
1.01168
0.809508
1.36403
0.771953
0.912221
2.26495
0.350809
1.25235
2.35527
3.09395
0.80263
2.57525
2.09525
0.737518
3.48255
1.04958
1.27693
0.221945
0.679107
0.212153
1.68059
0.931668
0.260496
0.953521
1.1365
4.68862
0.856769
0.86754
0.680673
0.480805
1.15774
0.555048
1.02409
2.60062
1.03746
2.44946
0.649764
0.722299
2.57765
13.0682
0.702131
0.352257
1.53052
2.02195
1.94187
1.4318
0.59904
0.616965
0.700419
0.976963
1.70491
0.883672
0.926663
2.28318
2.18118
1.54802
3.73272
0.841603
0.665581
1.34583
1.04198
2.26643
0.174183
1.18844
0.913023
4.19726
0.804479
0.873153
1.19477
0.368289
0.609672
0.499793
0.182971
1.25399
1.91112
5.30712
0.365662
0.912834
4.2504
0.816448
0.992142
0.811308
0.39535
1.81793
1.44968
1.63121
0.75629
1.98466
0.450286
1.69366
1.56925
0.358904
0.267816
0.621673
0.413681
2.50088
1.38418
2.28545
1.04946
0.423336
0.529233
0.311267
0.362729
1.05591
1.31318
2.118
0.58479
1.68641
1.19167
1.25317
1.32038
0.418983
0.256962
8.60461
4.66913
1.23854
1.04462
1.54475
2.2922
0.321911
2.20048
0.493288
1.00794
1.87537
0.307152
1.39695
0.953708
1.45453
0.427385
5.06276
1.11538
3.67194
1.60448
0.782489
1.08564
0.303471
0.571185
1.64755
1.68867
0.592491
1.42131
0.221167
6.01462
3.53678
1.72416
4.92422
3.65403
0.323309
1.26111
1.42249
0.568637
1.48878
0.456943
0.811365
1.24126
1.56079
0.843458
1.72642
0.831294
3.4008
1.032
1.87439
0.358395
0.70793
0.532207
0.551436
0.517509
0.602351
1.06669
1.28156
0.511379
2.7323
0.193203
0.89325
0.52181
0.64263
0.926276
2.05899
1.45001
1.58891
1.31201
1.07094
1.07185
3.65113
0.764718
0.676956
0.799011
0.41791
0.672119
1.29032
1.49719
2.55723
1.65174
1.2393
0.987819
0.174896
0.733926
0.99947
1.50459
2.49983
1.68132
0.934666
0.888416
0.231834
0.931589
0.839164
0.392011
1.19949
1.17277
0.681739
2.5958
0.909899
0.772306
1.26545
0.197523
1.69598
0.585807
0.902012
2.24476
3.60809
2.83469
2.48913
0.996899
2.84603
0.40901
3.40682
1.17749
0.493523
1.128
0.405505
1.71671
2.76601
0.775892
0.707497
0.197905
0.319348
0.175465
0.51666
0.879781
1.0012
0.535786
0.349711
0.347887
1.53924
0.700759
0.512467
1.45856
1.37965
1.3471
2.69552
0.826181
2.40873
0.948187
1.91038
0.751584
1.01793
1.16152
0.665943
0.301767
0.389044
1.9211
0.614108
0.587892
2.8792
1.67941
0.362051
1.14328
0.531714
2.26936
1.33623
1.40072
0.135596
2.20331
0.628044
0.87549
0.968325
0.394212
0.574476
3.83809
0.49339
0.384086
0.845187
5.67974
0.829629
0.569324
3.90986
1.47966
1.55131
0.775081
2.5186
1.76783
0.89195
0.813594
0.554867
0.647191
1.74518
6.19403
1.33083
1.09664
0.836557
0.221273
0.553209
0.862753
0.353745
0.654283
0.767863
0.593807
1.0441
0.89937
2.54113
1.02856
0.983134
0.42433
2.76571
1.40586
1.26801
3.49803
2.65651
0.609225
0.48378
0.558195
0.793721
1.12257
0.45647
1.6108
0.56831
0.711733
2.64423
0.54939
2.59069
0.356647
0.25678
0.769387
3.66947
0.486821
0.659512
0.945019
1.60883
1.71794
0.596855
1.8858
1.03114
0.706493
1.63736
0.479383
2.0763
0.657814
0.571025
0.414857
0.959704
1.42759
2.8914
0.757144
1.19852
0.580462
1.06641
1.10543
0.124035
0.857422
0.6937
2.24454
0.926055
3.39121
0.548156
1.01357
1.32652
0.531939
0.663493
1.27198
0.572511
0.49668
1.09878
1.33549
0.992602
0.612461
1.34351
0.864412
0.654022
0.571103
0.247141
0.405819
1.56894
0.475831
0.170437
0.795529
4.98729
0.826837
0.343565
0.221128
1.34709
1.31111
0.390072
0.894608
0.732103
0.573795
0.483644
0.276536
0.526324
0.482607
0.60064
2.82973
1.1477
0.531807
0.70607
0.594437
0.743228
0.602954
1.71886
1.49638
0.353685
0.224277
0.349622
0.793415
0.503302
0.787383
0.20091
0.939595
1.2507
1.88616
1.42508
0.207593
0.841694
1.26614
0.836319
2.10863
2.21793
1.01688
1.44787
0.418622
1.23549
0.797274
2.0154
1.24202
0.694335
1.31564
1.88155
0.349747
1.38782
0.629968
0.177305
0.708299
0.130383
0.725891
3.59938
1.644
0.688462
5.56335
0.294086
0.688342
0.435564
0.882864
1.77034
0.319724
1.38479
2.06178
0.190902
1.05804
0.261889
0.287637
1.65151
1.29689
0.444787
0.580888
1.3342
0.279349
0.399241
1.65357
0.338993
0.802949
0.741693
1.15681
0.388349
0.75092
1.06122
0.572709
1.01166
1.34474
2.8976
0.495654
0.415633
1.80744
0.893563
3.16851
0.901311
0.587528
2.17248
0.822836
2.19675
0.30956
2.08162
5.09413
0.402274
0.417309
3.56383
1.58978
0.878216
1.20609
1.34079
0.286602
2.92241
0.262019
0.593362
0.36186
1.46333
0.448926
3.10071
2.0191
0.380125
0.39454
0.25358
1.03419
0.495078
2.5291
0.542659
1.79951
3.09891
1.14074
1.81741
0.426684
2.87052
0.395769
0.923157
0.632761
1.20793
0.719698
0.760838
0.700671
0.943763
0.423599
0.776383
0.957654
1.03832
0.887568
0.410407
1.82361
1.1688
0.49646
1.64461
4.95372
1.24487
1.64841
0.96455
0.526653
0.785692
0.50208
1.24995
0.538486
1.59894
0.354394
1.8438
1.13498
2.1928
2.13898
1.28472
0.330585
1.7034
0.338405
7.09645
1.54192
1.78633
2.49417
6.82198
2.8625
1.81258
0.580663
1.03828
5.31725
0.37936
0.0870441
1.08386
0.343081
0.160892
0.997104
2.80154
0.624412
0.942727
0.315498
1.09232
0.362125
1.05998
1.18406
2.79708
0.337579
1.00802
1.39483
0.391039
0.858557
0.573761
0.394028
0.655303
1.54548
0.996239
0.690155
0.991242
0.373872
0.373365
0.822723
2.47258
0.381782
2.43493
1.62433
0.523624
2.66948
0.642066
5.08182
0.835938
0.795224
1.56676
1.76517
0.190073
0.284288
2.35766
0.300481
1.07202
0.962969
0.394923
0.413314
2.10014
0.313509
1.14652
0.443076
0.565388
2.07846
0.623586
1.07838
0.549257
0.257402
0.502144
0.794857
1.93738
1.00742
2.17984
2.21922
1.24508
1.00409
0.671075
2.40359
2.45909
4.42746
2.26357
2.40198
3.34566
1.13467
0.509219
0.88051
0.667898
0.319647
4.06065
2.91961
1.23935
1.3738
0.701548
3.83622
1.1532
0.713094
11.294
1.82585
0.476982
0.180866
1.28202
0.550547
0.976059
1.19072
0.296714
0.283316
0.603862
1.04834
0.678097
0.926911
1.0358
0.32121
0.578506
1.71141
0.344988
1.1944
0.815158
3.7783
1.07663
1.35791
0.709172
0.954531
0.490038
0.492175
1.16335
0.941489
0.975156
1.06133
0.566047
0.883209
0.821318
2.04306
0.657319
0.41827
2.14076
1.01403
2.12254
0.985876
0.138647
0.510496
0.360765
0.935151
7.75752
1.2266
2.5324
1.61828
0.616672
0.357426
0.685135
1.43717
0.750826
0.914464
0.65473
0.414252
0.777242
0.717843
1.11337
7.01409
0.305779
0.837745
0.272367
0.981576
1.56522
1.14318
0.999365
1.11738
0.828358
0.419063
0.778944
3.63287
1.89407
0.611013
1.17115
1.26245
1.46709
1.00679
0.49987
1.19629
0.27691
2.56111
4.89617
0.424211
0.738569
0.379461
1.47505
0.392903
0.55905
0.326237
0.336097
0.28519
0.593458
0.872888
1.46443
0.733613
5.40167
2.36549
0.90972
0.455704
2.58778
0.747125
0.77621
0.997077
0.571609
0.657024
0.674686
0.996968
0.268792
0.513694
2.85885
0.801872
1.86423
2.62659
0.683382
0.801983
0.899077
0.8344
1.79684
3.31734
4.5982
0.432304
0.705074
0.560284
1.03298
1.66693
1.3836
1.1574
0.243633
0.583055
1.46731
4.98886
3.72144
2.00786
3.21791
4.55205
1.34909
3.63998
2.38239
0.961839
0.709789
0.428556
1.86181
1.4016
3.47131
0.54698
1.12184
0.151623
0.313208
0.379022
0.451689
1.01615
2.7755
0.831941
0.705727
0.633945
0.436137
0.66793
1.65789
1.85059
0.608858
0.443295
0.853091
1.62836
0.236605
0.978732
0.455357
1.36495
2.47625
0.970469
1.15111
0.352238
3.36646
1.22139
0.984043
0.421286
0.679892
1.4685
0.575409
1.78361
0.186933
1.40383
0.472733
0.656206
0.244669
0.665681
0.897131
0.153234
1.396
1.93201
0.741216
0.81436
0.721371
0.871675
3.4008
0.686981
0.885809
1.22328
0.219332
0.598738
0.29257
0.716632
0.690276
0.976664
0.434623
1.51409
1.65743
1.22654
1.88125
0.308947
2.92119
1.0184
0.713828
1.17632
0.931595
0.8886
0.468144
3.13435
0.628465
0.352865
0.395224
0.721588
1.31963
0.868006
1.79927
4.46271
0.914066
0.690707
0.286613
0.56415
1.38211
1.28084
1.42224
1.01045
0.227442
0.719479
1.53605
0.183673
0.428273
1.54976
1.37518
0.213871
1.32094
0.346462
0.551662
2.66437
0.897505
0.395248
0.350924
2.2281
2.54355
1.83213
1.56613
0.235271
3.27442
0.216752
1.85232
1.40645
0.324563
2.64116
0.308893
0.777041
0.292103
1.22429
1.1771
1.11772
0.752241
0.559973
0.437777
1.4568
0.787631
1.79541
0.0824034
2.52715
0.781395
3.73269
1.13379
2.02826
0.77599
1.09038
1.01447
0.670379
0.252068
0.393825
0.96624
1.21003
1.17936
0.988811
0.959398
0.601114
1.6187
0.976797
0.484296
4.09488
1.0724
1.19971
0.443579
2.67965
0.725656
3.33948
0.577771
0.743563
1.86876
3.92655
0.591917
0.262231
0.389449
2.28262
0.392429
0.918036
1.37253
0.99925
0.676448
2.33713
2.99087
1.29323
1.80718
3.03588
0.401433
0.338251
0.286076
2.97578
3.2954
1.15464
0.599791
0.487924
0.758914
0.684157
0.323612
1.58658
0.91201
1.06939
0.721196
0.75057
1.38473
0.292736
1.46497
0.997743
1.52012
1.49466
1.72306
0.387666
1.18414
0.478608
1.50464
0.908211
0.586221
0.460447
0.683808
0.738253
0.190553
0.85895
1.52085
1.31164
0.276432
0.455119
0.465262
2.22974
1.4195
0.097646
0.108138
1.80155
0.123207
2.43222
0.236426
0.818225
0.879035
1.66537
0.148414
1.27313
1.23809
0.176284
3.71348
0.218826
0.743706
0.358785
3.35966
11.1432
1.91462
0.980942
0.154433
2.57629
1.54119
0.204634
0.695561
2.10766
3.58619
0.277584
1.01251
0.480237
0.791709
0.122609
0.343622
0.292272
1.86356
0.66876
1.23624
1.40976
0.279607
0.878288
1.19086
2.45061
0.867625
0.953183
0.640762
1.31203
1.89409
0.239146
1.36201
1.30332
0.750842
0.543401
1.21779
0.520463
1.85013
2.75549
0.465356
0.297102
0.986708
1.84369
2.83553
2.19453
0.346376
1.72304
0.640469
1.37182
1.57868
0.744619
0.65962
1.72728
1.63257
0.88841
1.5832
0.968932
1.07192
1.25954
1.92649
0.755718
0.222599
1.51678
0.230793
0.522402
1.18242
0.153669
0.490962
1.0793
0.173018
0.261232
0.896483
0.70026
0.310317
2.33097
0.832554
0.817497
1.53855
0.7136
0.857308
2.63256
6.24145
0.446327
0.618763
0.746043
2.66
0.231475
0.406381
0.382584
0.583551
0.613354
1.63193
2.14519
1.02089
0.513078
2.26491
0.676243
1.26373
2.07134
0.710571
0.857422
0.52575
1.05141
0.220249
0.169775
2.00383
1.2022
0.610543
0.42161
2.13477
2.37705
2.69764
2.05553
0.581094
0.267708
0.411184
0.631039
1.69615
0.756541
1.21997
0.517794
0.129855
2.04289
0.653477
0.33349
3.90352
0.6497
3.44743
0.740495
1.33867
1.9354
0.528325
1.61697
0.395109
1.83015
4.1705
0.216502
1.13765
0.320409
0.587183
1.83229
1.66822
0.443734
2.78421
0.808643
0.458622
4.60189
1.3274
1.58175
0.493689
0.652317
1.30727
0.468738
0.749097
0.501084
0.789684
2.16848
0.517997
1.40712
0.56874
2.07614
2.88828
0.186289
1.47405
0.693806
0.68987
1.78861
0.724679
0.21446
1.40207
0.414053
0.460466
1.45397
0.57311
1.1703
0.46304
1.10104
1.32989
0.750648
0.515854
0.76657
1.0746
1.64069
2.66716
0.2705
0.852499
3.38809
2.30645
0.637516
1.78361
0.271356
3.02908
0.878566
1.10899
0.491201
1.6971
0.525868
1.84333
0.895694
0.376269
0.662284
9.90392
3.88004
0.718568
1.51337
0.410958
0.930395
0.375167
1.03613
0.700094
2.3953
0.840848
0.425526
0.745563
0.305187
0.610754
0.284487
1.77429
0.994124
1.8458
0.57735
0.482332
1.54628
0.297773
1.82559
0.560396
0.579205
2.26277
0.949497
0.56412
1.17985
0.240624
0.367636
0.747627
1.53285
0.307195
0.627811
1.08872
1.78247
2.45911
1.71344
0.213296
1.88206
0.736587
0.709408
2.24587
1.61521
0.53089
0.940483
0.599701
1.04998
0.623756
0.695386
0.672163
0.327703
0.953614
0.351966
1.01886
0.551811
1.31757
0.552894
0.625814
0.76709
0.405823
0.369747
3.12563
0.67573
0.723511
0.588422
1.77991
0.580434
1.14987
1.42203
0.543627
0.485949
0.222531
2.53108
0.4603
2.04108
0.639643
0.464449
0.326978
0.288679
2.88851
1.36713
1.15026
2.00823
0.422293
1.26301
1.24181
0.172004
1.73879
0.8504
2.04307
0.509063
4.32732
0.923634
0.525089
1.52707
0.981421
0.526472
1.628
3.39563
0.740338
0.315327
0.715314
0.669484
2.88829
2.49371
0.546533
0.767285
0.227148
0.670226
1.01411
1.23398
0.26594
0.74837
0.650052
0.975579
0.276484
0.236439
1.57742
0.457213
1.41481
2.96391
0.470173
0.714392
0.699337
0.418892
0.515766
1.15089
0.477355
0.810517
2.71844
0.907945
0.77282
0.306564
0.517542
2.04054
0.837606
1.60698
1.17247
2.0008
0.344001
1.22051
0.669408
0.636067
3.40049
0.772288
1.95733
2.34338
2.86354
0.523885
1.98082
0.735026
1.9293
1.04172
0.521156
1.84442
2.378
0.73069
0.899682
0.669433
1.36177
0.907706
0.3912
0.308557
3.2095
0.406754
1.63216
3.5841
1.47484
1.06967
1.48517
0.409482
0.309388
1.89393
1.52937
0.411532
0.64029
1.4922
13.9877
0.597322
0.516357
2.86481
0.524686
0.61177
3.46633
0.705254
0.297869
1.89341
0.158033
1.58339
0.446566
4.96718
2.22077
1.64383
0.460609
0.638145
0.448137
0.792531
0.175241
2.16
0.738849
0.836756
0.3954
0.778259
1.08278
1.34745
0.429906
1.28702
0.459256
0.887241
0.200516
0.681248
10.0247
0.545712
0.453238
2.44702
0.283489
0.767565
3.96975
0.276043
3.8331
14.0091
2.45263
1.58404
1.30463
0.474844
0.460836
0.311913
1.69791
0.335975
0.295899
0.356143
0.487342
0.627016
0.651388
1.25387
2.4228
0.89909
0.831646
0.765292
0.234389
0.405542
1.15538
0.474051
1.08596
0.78774
0.580932
0.561247
2.65349
3.03282
1.89293
1.71406
0.353788
0.995914
0.576311
1.45465
1.32735
0.744603
1.78812
0.575139
0.33578
2.84319
0.863716
0.211102
0.334289
0.545799
0.912184
0.231034
0.573248
0.317614
0.808702
0.970964
0.772778
1.1879
0.430597
0.883107
1.19469
0.555255
3.86697
1.43469
1.08254
1.79224
1.03806
2.38284
0.601371
0.60779
1.26872
1.15125
2.15328
0.750299
0.514938
1.02301
0.297297
2.41132
0.317321
1.08035
0.904093
0.307844
1.15772
3.14313
0.769853
0.250263
0.775877
1.23495
3.56541
0.209899
0.529417
0.802497
0.842661
2.28859
0.369121
0.446607
0.461924
1.71376
0.989714
0.482277
0.978425
2.44914
0.4912
3.51391
0.538083
0.583697
0.829162
0.824378
2.30731
1.02626
0.697623
0.850837
1.20067
0.961366
0.634479
1.10496
0.651706
0.624778
2.04659
0.209905
1.44639
0.800251
0.710168
0.466933
0.77136
0.749461
1.99283
0.691704
0.37683
1.58012
1.40452
0.35901
0.630702
1.09634
3.12532
0.861273
0.553592
0.73542
0.607487
0.493179
0.358522
0.286231
0.622092
0.376215
0.197005
0.806295
1.3032
1.83825
1.85248
2.57071
2.42951
1.55302
1.69797
0.559064
1.58423
0.118235
0.710447
0.450131
1.11781
1.39072
1.06653
0.256584
9.3877
0.8163
0.306236
1.31878
1.60627
1.14426
1.21332
1.10657
1.53282
1.9109
1.82749
0.737635
0.941338
0.526902
1.61857
0.601757
0.751017
0.56951
1.63861
1.42019
0.522698
2.32886
0.604915
0.288517
1.16331
2.04255
1.01451
3.14914
0.213771
0.694664
0.666851
0.347365
0.729408
1.90908
1.43073
0.775273
0.301742
0.293859
0.472382
1.68193
0.606984
2.85636
1.68233
0.257765
4.05962
1.92573
0.648423
0.634307
1.17017
0.452249
0.158818
1.1984
0.970044
0.599249
4.57396
1.20838
0.487235
0.449919
1.19972
4.41954
0.411025
0.241305
2.0551
0.745471
0.841763
1.25725
0.130753
0.374933
0.384312
0.487909
3.31568
0.380118
0.954641
1.72114
1.43532
0.680314
0.223747
2.80819
1.48478
0.243827
0.534736
0.801502
0.7914
0.985491
0.783175
0.732103
2.44748
0.344539
1.51257
1.58425
0.264384
0.918694
0.793848
1.85739
0.817973
0.685239
1.72163
0.284023
2.20842
0.999563
0.475639
0.399281
7.81296
3.46757
1.08171
0.373813
1.12649
0.484115
0.855512
0.590258
0.786895
0.641034
0.676335
0.581389
0.357945
2.83447
1.19518
1.49859
3.06978
0.453496
3.12843
1.37244
0.830066
1.10749
0.277311
1.46612
0.655975
0.810511
0.12837
2.92521
1.11042
0.583709
0.571887
0.517497
0.260827
2.10325
1.35088
2.24117
0.490339
0.856951
1.15314
0.57294
0.707269
0.476973
0.387712
0.877396
0.638555
0.248834
1.68184
0.86438
2.93006
1.62291
1.78071
2.40099
0.525332
0.702963
0.594948
0.979987
0.77747
0.908493
1.79659
1.95876
1.02852
0.277829
1.51945
0.62814
1.3417
0.823867
1.57388
0.38387
1.98232
0.621406
0.158219
0.939454
0.329108
0.702072
1.46302
1.14723
2.61959
0.168912
0.277477
0.853243
1.11934
1.35384
1.22742
0.81134
0.368512
0.778835
0.646191
1.16446
0.782586
1.4859
0.322651
4.6106
1.95819
0.731793
0.916735
1.47085
1.20632
0.518083
0.600653
0.801851
2.48549
2.87194
0.924683
0.676504
0.630771
0.709128
1.67569
0.559747
0.657823
0.92391
1.53773
0.202373
14.1671
0.379251
0.780841
1.48208
0.894679
0.520331
0.378962
0.770257
0.471952
1.13674
2.47575
0.621842
0.625887
0.974626
1.54065
1.30467
0.778098
1.55673
0.746149
1.38789
1.05309
1.37891
0.506045
3.14117
1.72727
1.46271
2.39872
0.665136
0.4341
1.24938
0.844628
0.0960166
1.18499
0.572684
1.46315
0.836842
2.70821
3.48821
0.121146
1.34061
1.39938
1.30354
1.69699
1.41542
0.547364
0.222571
0.888526
2.86682
0.296635
3.32125
0.410722
0.382741
0.347385
0.588525
0.816867
0.0186033
4.81663
0.453862
0.436884
0.641212
0.357716
1.04165
0.615013
0.727318
0.170332
1.54342
0.379461
0.608669
3.18264
0.2251
0.410825
2.42841
0.67815
1.04187
0.362516
0.221899
1.15225
1.06171
2.19122
1.39961
0.882313
0.260273
0.59721
1.46778
3.04089
1.02136
0.542285
11.6069
0.550241
0.90025
1.64459
0.363274
5.9676
0.351009
2.05852
0.501866
1.66061
0.307494
0.719851
1.79684
1.99909
0.337869
0.563626
2.10928
0.841031
0.678991
1.6023
0.581678
0.464093
2.74864
0.0962927
1.83766
0.719267
0.704577
0.751095
1.44263
0.506594
1.40814
0.696618
0.279207
1.3641
1.2293
2.54315
0.541992
0.170419
1.79977
1.17236
2.48476
1.12705
0.647476
0.911121
0.858973
0.129152
2.18474
1.15194
1.18557
1.26932
0.489644
0.196392
1.03797
1.11218
0.584743
0.834147
0.455168
0.663528
0.496912
0.855499
0.716494
2.44501
1.20549
0.75955
0.790567
1.03949
0.679034
0.981716
0.500147
1.27035
1.4862
0.312678
1.67816
0.828867
0.558614
0.793476
1.46479
0.444404
0.455176
3.54882
0.294601
1.87588
0.76795
2.69222
1.07891
0.551816
1.14739
0.772374
0.795673
1.1717
0.453736
1.69698
0.371038
1.28211
0.583846
0.457978
1.13028
1.47109
0.886784
0.656933
0.601639
0.542432
0.564938
0.679809
1.24426
0.334327
1.07102
1.05774
0.451156
0.696839
1.31992
0.871934
0.73361
0.260565
0.452498
