0.734315
0.276834
1.63623
1.22499
4.6012
3.60038
3.14977
0.213244
0.881598
1.42589
0.866742
0.688151
0.383362
1.58893
0.701866
0.755599
2.32915
0.478062
1.55451
0.452758
1.37486
0.651352
0.432731
0.69792
1.7506
0.915987
0.654467
1.34532
0.751305
0.542756
1.19179
0.749461
2.49802
0.26812
1.32152
2.12964
1.06781
0.908233
1.30954
1.85703
0.925579
0.503554
0.439479
0.614213
0.515742
0.323985
1.21897
1.33775
0.365387
0.387205
0.962709
1.46013
0.746281
0.43613
3.43454
0.720411
0.882438
2.44078
0.532938
1.38241
2.09866
1.13375
1.42268
1.20684
0.232455
0.645037
0.758762
0.748247
0.979257
0.284238
0.288036
0.402143
1.03494
0.626924
0.7814
0.451449
0.642191
0.856486
0.445616
3.64483
0.39568
1.37245
1.29382
0.452198
1.15171
0.349386
0.92414
0.199296
0.687055
0.580618
0.444554
2.42295
1.6393
1.62891
1.25183
1.29407
1.12135
0.614446
0.723682
0.682883
0.458144
2.90204
1.90529
1.73368
0.632531
0.513594
0.739508
0.690644
0.265662
0.646415
1.85881
4.51523
1.23546
0.778253
0.611402
2.24349
4.00884
0.121424
0.218892
0.21125
0.492972
1.2316
0.54654
0.142295
1.75774
0.483825
4.14674
0.510191
2.32941
0.297051
0.486145
0.448616
1.03733
0.521953
1.18599
1.29715
4.14962
0.448778
0.395256
0.618049
0.3408
0.308484
0.310629
0.676105
0.927795
1.05194
1.41913
0.298738
0.462983
1.02021
0.7824
1.22338
1.47934
4.15383
1.40541
0.482523
1.04828
3.38606
0.236619
0.985478
0.310949
1.06839
0.374547
0.663301
0.715551
0.324937
1.22586
0.311155
0.67607
0.373734
0.937674
0.361073
1.20527
0.271578
1.34384
0.215829
1.22944
1.3982
0.871989
1.00745
0.625766
0.652189
3.37269
3.08702
0.744947
0.572776
1.41479
2.49218
0.27819
0.903657
1.24619
1.17741
0.478292
0.953293
0.826464
1.40331
0.910299
0.386097
0.395709
4.76207
0.292809
6.89416
0.371012
0.375042
0.979851
0.275814
1.03134
0.307023
0.43892
0.426371
2.30737
0.877058
0.38372
0.376668
1.00293
0.634061
0.557204
1.12643
4.46538
1.1645
0.95658
1.30996
0.631869
0.932644
0.466831
0.876744
0.453692
0.504478
0.904426
0.450549
1.16281
1.53443
1.4835
0.771102
0.266492
1.28174
0.680483
0.722726
6.04402
0.575451
1.02062
0.259563
1.44784
0.38636
0.29168
0.835566
1.51876
1.41906
0.723463
0.0469027
0.190231
0.682077
1.06686
0.715612
4.49254
1.52878
1.36454
0.456977
0.42023
0.882912
0.45123
1.55106
0.657709
0.0795706
0.772607
4.68245
1.46503
0.569955
0.349643
0.586272
2.43591
0.929891
0.72055
1.10419
1.51481
7.50715
0.957774
3.46157
0.963323
0.497533
0.814853
0.622449
1.15818
1.16538
1.01764
0.586634
0.837199
0.53977
1.91356
0.774869
0.237837
0.349474
1.04139
1.16097
0.845137
0.5207
0.3825
0.929546
5.3841
0.564492
1.42905
2.98667
0.364837
0.43773
3.48426
5.1554
1.01464
0.888086
0.729021
0.844934
0.594451
0.748406
2.46684
0.99768
0.442263
1.40958
1.16425
0.475073
0.855678
1.05855
0.60957
4.33357
0.921245
1.08909
0.541029
0.76814
1.2442
0.513536
0.673636
0.471726
0.492003
1.72483
0.62694
0.428751
0.320447
3.86742
1.11915
0.426069
0.487211
0.578271
0.404658
0.483503
0.30408
1.46558
0.552288
0.38934
0.990365
1.53274
0.570942
1.17119
0.443079
1.17106
0.395109
1.26587
0.117805
0.511431
3.04156
0.670659
1.27491
2.20013
1.02482
0.584427
0.576309
0.137197
0.394756
0.47865
1.23319
1.02246
0.956778
0.756905
1.65173
0.731631
0.412397
0.631352
1.03024
0.331485
4.07822
2.1018
0.792817
1.80304
3.99808
1.84625
0.451626
0.446608
0.850329
0.390314
0.138796
0.601296
0.317329
0.448181
1.17702
1.0972
1.26161
1.56155
0.228923
0.568814
0.665415
0.653292
1.89013
1.15269
0.931527
0.999578
5.33696
0.460053
0.469489
1.10198
0.836828
1.53482
0.384754
1.2526
0.555599
3.37096
1.00495
1.46612
0.781967
0.379693
0.483871
1.02647
0.268497
0.966425
0.50373
0.233208
0.457214
3.40651
0.321628
0.408534
1.11656
0.998593
4.47718
0.264867
1.49129
1.19082
1.01207
0.56302
1.31494
1.53536
0.591085
1.40886
0.92254
1.59845
0.987749
0.477983
1.3957
0.517497
0.641492
0.179916
0.379509
0.970882
0.954052
1.24728
1.10212
0.321682
0.243707
0.550738
0.553374
0.589297
0.809464
0.369335
0.921957
1.16126
0.677182
0.370217
2.65161
0.739115
0.578658
0.577989
0.574313
0.862286
0.275167
0.249474
1.25216
0.617319
2.57515
0.101388
1.19724
0.738873
0.603436
0.340551
0.677713
0.525693
1.29421
0.781407
0.569424
0.45788
1.28617
0.524299
1.10657
0.536648
0.615823
1.35867
0.787006
0.377739
1.39554
0.292868
1.14832
3.58506
0.612915
0.490284
0.942579
1.02834
0.320519
0.482249
1.06234
0.084846
4.64094
0.587183
0.206887
0.477955
0.522046
0.781466
0.639959
0.630799
0.419835
0.619644
1.37679
0.995464
0.455236
0.384062
0.587806
4.65115
0.367482
0.64715
0.533915
0.60394
0.74393
0.542045
0.290958
0.531173
0.611544
0.376681
0.216612
0.665002
1.14667
0.323892
0.737497
1.11542
0.855728
0.642133
3.45608
3.34605
1.42702
0.534881
1.48241
1.45759
0.343076
0.491775
1.39709
0.909268
1.1174
0.432805
1.64794
0.289097
0.781262
0.857486
0.383232
1.02513
1.18651
0.687137
1.09327
2.36173
0.363297
0.124496
1.81128
0.882278
1.41453
1.03372
0.671458
0.597086
0.545324
0.463389
0.0601339
0.766299
4.29521
0.244158
0.558226
1.22091
0.46824
0.707204
0.324206
0.566733
1.11519
0.674602
0.679685
0.613073
0.406258
1.46067
0.363307
0.545864
1.49825
1.14909
0.4275
0.929503
1.4193
3.55335
0.344453
1.24462
0.544315
1.07477
0.505604
0.286379
2.10407
0.674546
4.44396
0.287729
0.587263
0.341594
1.19721
0.393727
0.415229
0.363365
0.439191
1.17568
1.31806
0.997991
6.92607
1.25392
0.266145
1.23135
0.616275
1.54151
0.583766
0.439344
3.26116
0.883357
0.773048
1.31504
0.357987
1.13441
3.11554
0.987195
0.943765
0.339826
1.06096
0.990629
2.59738
0.793534
0.784693
0.403254
4.96352
5.56292
0.460863
1.20965
0.157894
1.56921
0.96359
0.922514
0.319246
0.296024
1.82189
0.728761
0.674908
0.755184
0.971589
0.851227
0.685011
1.26473
1.20735
0.335409
0.426179
0.835261
1.18271
2.10257
0.192891
1.26771
0.953079
0.672339
1.05419
0.984221
1.15838
1.09912
3.78599
4.07216
0.813135
0.53395
1.92442
0.713192
1.48313
0.92786
0.734748
0.162989
0.593076
0.253986
0.615714
0.49476
0.141849
0.576228
3.25744
0.28633
0.653017
0.39259
0.427142
0.593678
0.659345
0.554344
0.407526
0.45778
0.772811
0.698476
1.14958
2.86862
1.14614
0.553586
0.664882
0.430662
1.50973
2.14707
0.695897
2.16518
2.20258
0.89904
0.50173
0.854624
0.297951
0.506414
3.77675
1.31513
3.60974
0.508102
0.26779
0.466936
0.546352
0.337854
0.819371
0.588719
1.20113
1.27934
4.42602
1.27957
0.295448
0.276758
1.81869
0.796318
0.478266
1.70755
1.64816
0.933498
0.379314
1.5351
0.551156
0.442883
0.192074
0.484271
0.157564
0.612185
0.551985
0.488274
0.491956
0.716345
5.1501
0.692202
0.358257
0.626439
0.476769
0.389874
0.77462
1.13332
3.16634
0.610665
3.69258
0.97515
1.02007
0.975654
0.388134
0.52713
0.93461
0.822798
2.45299
0.277414
0.985205
0.787129
1.12631
0.626825
1.29008
1.31226
0.839913
3.58033
0.238368
0.397872
1.35499
1.30978
5.02495
0.419573
0.588022
0.468498
1.59939
0.60702
0.967289
6.0536
0.293877
1.01842
0.47426
1.2079
0.669528
0.409685
0.700815
0.337513
0.21846
2.69079
1.80666
1.12272
0.807008
2.29728
1.22567
1.11912
0.745424
0.275061
0.0660351
0.506132
0.3579
0.271161
0.370506
2.85437
0.410044
2.01769
2.1935
1.75924
0.627686
0.620536
0.20775
1.34233
0.39453
0.517992
0.449392
0.458664
2.0819
0.783041
0.879355
0.673285
0.51034
0.215575
1.67195
0.798089
1.51402
0.916357
1.1431
1.28973
0.299232
1.1705
0.253011
2.83023
1.00394
1.26232
1.21932
0.478687
0.569662
0.937285
1.03116
0.653591
5.96666
1.32324
0.310708
0.491262
0.148653
1.88643
1.00301
0.777759
1.25598
0.753705
0.292828
0.433228
1.43802
0.834623
4.23416
0.260955
1.31897
0.334829
0.575093
2.06153
0.373749
1.29731
0.311211
0.529402
0.510739
0.635934
0.49348
2.67827
0.791131
1.24629
1.12628
0.0473715
2.99116
0.956754
1.13586
0.83458
0.28427
0.561355
1.06609
0.162128
0.731365
0.587147
1.14681
2.68769
0.684324
0.694863
1.02135
1.34993
0.605138
1.20876
0.312347
0.393652
1.15339
4.82488
0.292127
0.716653
0.695406
1.50416
0.805831
6.16005
3.87228
0.80159
0.497432
1.26959
0.41988
0.928048
1.14612
0.904639
1.66766
0.508391
1.30422
0.605306
3.34962
1.49609
0.563975
1.45731
0.528422
0.879385
0.879945
3.57898
1.12792
3.00368
1.10477
0.896509
0.730063
0.915007
0.825102
0.512121
0.992157
0.583099
3.25271
0.302492
0.93712
0.649218
9.66392
1.74658
1.03963
0.197113
0.428926
1.11227
0.280092
3.68087
0.484658
0.423613
0.691728
0.437292
0.792172
2.26559
0.37675
1.5192
0.0214184
0.738485
0.980501
0.910181
3.18693
0.504589
0.571526
0.130722
1.79397
1.46428
0.942171
1.02983
2.46845
0.974664
1.88601
1.19907
1.0496
0.510143
0.86423
1.1818
0.284421
1.05581
0.43431
0.616201
1.02716
0.806357
0.429113
0.462414
1.08456
0.465936
1.15604
0.791187
0.376233
0.433365
0.708878
0.946131
0.366224
1.25164
0.864868
0.342055
1.81986
0.601602
0.543254
1.97566
0.227531
1.21991
0.354313
1.3768
2.51274
0.756864
0.364231
0.593212
5.53743
5.83324
0.761473
0.376019
1.26488
0.96031
0.390498
3.53826
0.457165
0.972542
0.838745
2.15336
2.57343
0.372259
0.826267
0.871954
0.365704
0.819915
0.852799
0.221802
0.413443
0.456063
0.253928
3.60998
0.663812
1.38762
0.40867
1.01225
0.683017
6.64741
0.905252
0.589941
0.364982
1.25973
0.259996
1.85542
0.824793
0.395487
0.842063
2.76184
0.299218
0.469284
4.33369
1.13758
1.17515
0.66302
1.45954
1.13825
2.01482
1.7893
1.29887
0.432331
0.753261
0.378781
0.600448
2.84712
0.319961
0.385539
1.14597
1.23494
0.135334
0.391977
2.63571
0.36408
0.34463
0.244696
0.662429
1.29035
0.877943
1.50872
1.55227
0.966235
1.90434
0.933479
0.529572
0.611475
0.502355
0.743736
1.24231
1.36578
0.279355
3.03362
0.972815
1.04107
0.292795
0.707777
0.95
1.06177
1.81295
0.796281
1.13717
0.429506
0.995583
0.889222
1.08993
4.28898
4.90429
0.900161
1.75298
4.26131
1.05417
0.124018
1.2458
0.486069
0.496972
1.41807
0.613124
0.928549
1.40579
9.47365
1.08387
0.924129
2.26537
1.24508
0.700155
0.704093
0.380605
0.63943
0.925206
0.777809
1.09221
1.08318
0.942396
1.03985
0.384906
0.403376
0.349353
0.336422
0.188073
0.419959
0.667218
0.582734
1.04904
0.678097
0.646758
0.678348
0.130391
1.03183
0.597514
0.325445
0.478939
1.14626
0.641534
1.72522
1.18841
1.14845
4.22723
0.849503
1.8325
0.428114
0.996597
1.33326
0.707582
0.535433
0.673679
0.137566
0.954235
1.22569
0.592059
1.24012
0.304248
4.33374
0.482498
0.526649
1.32754
0.894792
0.760262
0.677345
1.15354
0.51909
0.331097
1.16488
1.33608
3.73063
0.584403
0.746235
0.85433
0.475777
0.639072
0.30023
0.532319
1.27085
0.417985
0.761787
1.0034
1.0668
0.542783
0.985219
0.96192
0.738207
1.057
0.652203
0.368523
0.470464
0.709507
0.869064
3.61296
0.958421
0.0399864
0.226621
0.483002
1.38388
1.48342
0.430803
0.757037
1.16203
0.588337
1.60332
2.04585
0.980239
0.240469
0.975548
0.470375
0.489686
4.18238
1.12081
0.872
0.475513
0.55954
1.10518
0.350915
4.06637
0.622978
0.644278
4.80639
0.414058
0.95755
0.146601
0.904134
0.933007
0.912695
0.687666
0.573047
0.269335
0.612712
3.58972
0.869962
0.72909
0.115132
0.490492
0.410466
0.888803
0.386349
0.762404
0.553995
1.03912
0.408528
2.60658
0.959335
0.605295
1.24476
0.281227
0.798584
0.300869
1.0749
0.596175
0.487336
1.19925
1.16324
0.753296
1.39599
0.375062
0.360977
0.63488
0.395331
1.39081
0.346678
0.346497
0.922245
0.584743
0.597422
0.517964
0.162459
0.714288
1.13186
1.12186
0.678047
0.221775
0.357432
1.1013
1.69456
1.47296
0.446121
1.21318
1.03177
1.19457
1.06798
1.03625
0.22263
4.93799
0.74001
0.503558
0.877688
0.647532
0.457923
0.834751
5.52014
1.23829
1.08672
1.41808
0.771818
0.704884
2.51896
0.605528
1.07031
0.203252
4.416
0.466434
0.619232
2.23885
0.298612
1.16881
0.402263
0.844439
4.71576
0.401744
0.342993
0.500281
0.533406
0.42643
0.50456
1.28156
0.494686
2.11121
1.5267
0.447432
0.617173
1.09551
0.336084
0.987336
0.722652
1.28796
1.34821
0.607343
0.278034
0.314366
1.28473
0.273914
0.819716
1.10013
0.1518
2.86032
0.538863
1.36714
0.55098
0.633399
0.213811
0.340637
5.52407
0.385447
0.630575
0.575767
1.213
1.41693
1.02082
0.433235
0.493749
0.372606
0.414959
0.713723
0.532959
0.545744
12.3784
4.80812
0.239854
0.851168
0.510249
0.522736
1.74474
0.811227
0.535113
1.1848
0.538988
0.939469
2.88183
0.166329
0.854341
1.09566
0.994741
0.336553
0.740221
0.141993
1.40259
1.59823
0.284029
0.315027
0.469578
11.7483
2.13782
0.353777
0.409224
0.322528
2.56743
0.882555
0.558233
0.574695
0.554642
0.675308
0.690446
0.525424
1.0357
4.97011
0.60606
0.952607
1.61468
0.650287
0.917886
1.06043
0.11034
0.451811
0.586562
0.406008
0.423236
0.765803
2.36805
1.23181
0.394107
1.12422
1.14133
0.491991
0.676174
1.57891
0.629856
1.18812
3.21488
1.42578
0.637247
0.958183
2.60319
0.152911
1.38932
0.792639
0.272451
1.34984
0.833265
0.391723
7.08226
0.421874
1.48922
1.02019
0.78054
0.898573
0.489925
2.5099
1.2548
0.319829
0.871502
0.6898
0.8872
5.28872
0.396009
0.813784
1.77893
0.768577
1.04122
0.586035
0.782087
2.83387
0.614194
1.63611
2.84152
0.738585
0.482167
4.99068
0.927748
1.11357
0.816797
0.356792
1.24536
0.239647
0.924357
0.34355
0.762972
0.199222
0.156696
0.304896
1.5087
1.65054
0.584696
0.563894
0.386009
1.67547
1.11883
1.24793
1.32912
0.608103
1.13962
4.36705
1.34996
2.42482
0.929053
0.41952
0.824251
2.07097
1.46624
0.791845
1.51322
1.38002
0.995628
1.06936
0.308298
1.03346
0.887441
0.542509
0.612992
1.01173
1.01159
0.906366
0.52924
2.12739
2.47967
0.98627
0.907149
0.0972345
1.15022
1.25417
0.249757
0.704029
1.04658
1.21001
0.61995
0.20331
0.139673
0.630274
0.832765
0.349524
0.333915
0.713959
0.139068
1.54267
0.970047
1.33951
0.585404
1.51984
1.76645
0.306486
0.471593
2.41591
1.11532
0.470927
0.33539
0.960342
4.81443
0.55218
0.551879
0.304966
0.579882
0.598453
0.68674
0.720673
0.366203
0.484525
1.14219
0.49217
0.99484
0.961899
0.606882
0.46945
0.658514
1.14026
1.40547
0.586808
0.984747
1.38064
1.12268
0.399167
0.369477
0.496258
1.30571
0.561331
0.548358
1.83825
4.53108
0.598933
0.929993
0.413137
0.506955
0.219074
0.475054
1.97538
0.578548
1.4372
0.6149
0.491739
0.889296
0.348175
1.60736
0.132867
0.921468
0.771814
4.9143
0.95535
0.409675
5.29486
0.530457
0.855692
1.25734
1.01372
1.39384
0.450857
0.931809
1.19453
0.548661
0.863507
1.82134
0.819284
3.24523
1.38131
0.307966
0.401583
0.726758
0.322916
0.286268
1.06408
3.97029
1.17221
0.96881
1.48901
0.3094
0.887715
0.348866
0.826949
0.682638
0.310564
0.476358
0.889307
0.541621
1.10684
1.53153
2.14218
0.374816
0.821954
0.243935
0.217789
0.548851
0.508755
0.493174
0.957622
0.424723
0.523658
0.405469
0.662649
0.766365
0.570009
1.14642
0.995978
0.98209
0.744704
0.517991
1.39856
0.76034
0.312152
0.583978
0.225538
1.10047
0.647258
2.60558
6.45488
1.42486
0.602462
0.122999
0.479132
0.61418
0.711471
0.697296
0.785606
0.410445
2.33601
0.832902
0.777877
1.63223
1.8876
1.15545
0.504364
1.15239
0.663153
3.47938
1.01059
0.682226
0.624852
1.84366
0.809289
0.266964
1.31738
0.341789
0.770423
1.26685
3.88637
1.12529
0.804138
0.188535
0.691533
0.96574
1.30662
0.973966
0.525642
0.429044
0.961895
0.966632
0.648088
0.4912
1.12609
1.05561
0.955359
0.922214
0.592427
0.492067
4.58299
1.3873
0.523838
0.534634
0.916117
0.0816297
0.41701
0.976635
3.45561
0.901377
0.785275
0.474131
0.403322
4.36241
1.10278
0.995826
0.531653
0.183427
0.588684
1.33558
0.64234
0.635777
1.50645
0.330206
1.31248
0.40674
0.920081
0.704783
0.891706
0.476627
13.4095
0.763706
0.52042
0.530272
1.20307
0.440128
0.76827
1.15285
0.430069
0.256711
0.318321
1.15203
0.738165
1.57096
0.673711
1.10637
0.995913
0.695796
5.13396
1.07576
1.40881
1.13755
0.770439
1.24363
0.302121
0.561146
1.09695
0.90174
0.426358
0.853291
1.99368
0.494059
0.406939
1.43285
0.803263
0.76607
0.766678
1.27879
1.18063
1.17058
2.79849
0.083336
1.1849
0.561801
0.717996
0.530888
0.369675
1.19052
0.386756
0.751627
0.659937
0.780742
0.855458
0.784968
1.89026
3.72922
0.977796
3.13818
0.149897
0.699883
1.40798
0.214304
0.411398
1.30975
0.593659
0.28856
0.661737
0.403996
0.0796707
0.835102
0.221331
0.322445
3.78546
5.96754
5.57061
1.186
0.681627
1.64593
1.12179
0.547968
0.508314
0.539017
3.78219
0.422158
0.664952
0.24493
0.98616
1.68491
0.4589
0.698424
1.05309
0.756578
0.205544
0.739945
1.14154
0.859175
1.57239
3.6951
0.70985
1.05233
2.24215
0.643678
0.542972
0.255709
0.490625
0.628795
0.893249
0.389845
0.88895
0.73787
0.494578
3.10037
0.255632
0.562937
0.257445
0.41672
3.87294
2.08705
0.458245
0.71837
0.930016
1.36805
0.902844
0.624853
0.449627
1.69188
0.128767
3.79703
0.846623
0.414294
0.322949
0.662881
0.392245
2.85227
0.746441
0.984725
1.98044
0.944874
0.54254
0.391367
1.22118
0.536623
5.84285
0.842985
1.48417
0.768813
1.03261
0.468237
0.400021
4.21411
0.40842
0.305404
1.52146
1.11138
0.509034
1.06764
1.32809
1.28011
0.30722
0.713786
2.94242
0.197052
0.445473
0.606482
2.60229
1.13445
0.586971
0.707154
1.08617
1.23796
0.174141
0.377743
0.553622
0.350757
1.08662
1.32787
1.3696
0.4081
1.23956
3.87951
0.864775
1.11573
0.910271
0.942389
0.528559
1.17806
0.813322
0.629159
2.25711
0.763296
0.860923
0.503532
0.238576
0.81202
0.394326
3.67607
0.853556
1.25403
1.06214
1.19794
0.215938
1.60334
0.560966
0.80831
1.01083
0.807094
1.47904
2.32201
5.16747
0.518929
0.181936
0.679955
4.50427
3.16818
1.28346
0.95086
0.614962
0.418798
2.41605
0.59099
1.04404
0.657089
0.513746
1.05128
0.284001
4.83075
0.850547
0.803754
0.752329
0.233338
0.75134
1.95922
0.308511
1.0619
4.23653
1.2524
2.4999
0.439069
1.72818
0.7938
1.17644
3.73646
0.573552
2.29655
0.440822
0.448776
1.52927
0.982013
0.59625
0.680818
3.84995
0.485604
0.464004
0.456398
3.19143
0.466937
1.13318
0.548782
0.556503
0.903004
0.703713
0.246923
0.57815
1.13248
0.924315
0.233543
0.388261
0.607017
0.68067
1.24264
0.470007
0.45718
0.908669
0.602214
1.43751
1.23314
1.14281
0.911447
0.308857
0.796557
0.467513
3.03368
0.85933
0.258883
1.23264
0.401163
4.78344
0.449912
0.342457
3.53645
0.206584
3.49378
3.42202
0.471789
1.16234
0.89773
1.28349
0.76687
1.26856
4.61044
0.412206
0.157073
1.01334
0.986
1.41454
0.301448
0.129321
0.779563
0.61894
0.329001
0.424317
0.960566
0.631403
0.814417
0.749674
1.09022
1.19893
1.4094
0.812351
0.0813239
1.8314
1.18008
0.691156
0.978264
0.959879
6.36535
1.20369
0.570425
0.610874
1.60273
0.488571
0.812833
0.56265
1.25406
0.512766
0.258487
0.935431
1.27539
1.21224
0.349465
0.678101
0.509956
4.4085
3.66262
2.24324
0.917871
4.37951
0.343843
0.567289
0.719127
0.307664
0.483757
1.52323
0.494784
1.43314
1.14618
0.447298
1.18128
0.459385
0.800544
1.23229
3.60771
0.830586
1.15703
1.10569
1.32685
0.360579
5.55273
1.37413
0.78389
0.411605
0.594317
1.0233
2.52928
0.899539
1.44794
1.09743
1.23762
0.204789
2.17753
1.12303
2.15697
0.758507
0.981004
0.691038
1.24402
0.616063
0.641412
0.458516
1.21317
0.837766
0.751692
0.662788
1.33797
0.606987
0.886621
0.397371
1.31648
1.51794
0.986598
1.29844
0.929177
0.56649
1.51924
0.378055
0.147522
1.21185
0.767789
0.696772
0.830728
1.17468
2.21806
0.965391
0.536289
0.551798
1.20422
0.534929
0.438475
0.223818
0.620224
1.20375
0.617652
0.522475
1.40462
2.34197
5.88164
2.80678
0.56393
0.340932
0.500695
0.930159
1.07266
0.997741
0.52069
4.73227
0.596457
0.313614
0.814156
1.31557
1.55666
0.939514
0.441058
1.75828
1.03302
0.151508
0.728718
1.70463
1.11006
0.423243
1.13268
0.543294
1.11979
1.03135
0.371125
1.16617
1.47477
0.229405
0.55792
0.282989
0.724384
3.69265
0.327919
0.306623
0.973795
1.0002
0.783072
0.924721
5.98186
0.153757
2.37659
0.752657
1.38104
0.329148
0.649741
1.06749
1.2583
0.406941
1.47882
0.801334
1.25743
0.790992
2.92362
0.678051
4.10326
0.451608
0.232957
0.438971
0.625065
1.75551
0.245215
0.426157
1.47947
0.420561
1.20645
0.220136
0.187291
0.797284
0.400204
0.774808
0.790932
1.18108
1.40404
0.95228
0.616898
1.35067
1.32143
0.495356
0.380849
0.950856
0.201708
2.66356
0.496356
0.869716
2.0071
1.078
0.801435
0.232036
1.63107
1.09668
0.361446
0.801886
0.362148
0.617903
0.888034
0.574157
1.78337
0.450848
0.557653
0.380566
0.453517
3.9585
0.908973
0.665674
5.34047
3.3671
0.777351
1.46557
0.628099
0.132926
0.839415
0.222501
0.789894
0.932755
0.627111
0.224148
0.707148
1.42238
0.659608
4.93521
0.594012
0.308199
1.52613
1.23082
1.77418
0.593334
0.675255
0.611229
0.389729
1.4741
0.940349
1.15973
0.694175
0.151894
1.20022
1.15649
0.412095
1.05887
0.129214
0.404692
2.31931
0.931559
0.467663
1.1723
1.58096
0.336377
0.939931
0.684435
5.5649
0.853975
0.328216
0.391807
0.882985
0.668995
0.558929
0.727112
0.173611
2.83416
0.913676
1.1161
0.87974
0.957846
1.0217
0.739921
0.495941
0.70826
5.7216
1.40536
0.188527
0.104559
0.817271
1.46255
0.604616
0.549514
0.351458
4.33129
0.759871
3.09581
2.77161
1.08267
0.266663
0.539388
3.24816
0.806407
1.18734
0.180339
0.284861
1.39953
0.873743
0.443061
0.866525
0.414573
0.318745
0.346342
0.415236
2.54281
1.17946
1.32159
0.556801
2.66008
1.06721
0.25336
1.10452
0.737102
0.385336
0.793377
0.811441
0.482778
1.28635
0.478537
0.191302
1.88542
0.55483
0.387161
0.672966
0.690105
0.912577
1.79632
1.23733
0.902352
3.59253
0.32902
0.23296
0.31635
0.810166
1.68387
0.369676
1.51082
1.1239
0.673758
0.546996
0.386748
2.8419
0.378
4.55437
1.39043
1.07112
0.525785
1.35688
1.03491
1.37022
0.784696
0.601844
2.28561
0.614436
0.344066
1.22601
1.35279
0.297464
1.22984
0.483663
0.966988
0.470093
6.58504
0.587981
0.858875
1.09002
1.54272
1.97112
0.640363
0.836816
1.20245
0.525946
0.513353
1.22031
0.469452
4.9455
0.180223
0.862281
0.489573
0.274937
0.884248
0.889122
1.65186
6.64539
3.44805
0.135953
2.17704
1.04181
0.182751
0.310416
0.542266
1.36824
0.357487
1.72353
3.30796
0.606529
1.33573
0.172466
1.04534
0.167748
1.94329
1.29477
0.857489
1.08198
5.97922
0.284806
0.530014
0.183943
1.9743
1.34576
1.53081
1.06666
0.460123
0.973365
1.10686
0.823811
0.980736
0.251653
0.297991
1.21876
0.931602
1.11089
0.74556
1.32348
0.743808
1.54235
0.67662
1.46095
1.52508
1.38209
1.01574
1.40713
1.3571
0.48311
0.706085
0.967764
0.991752
1.41363
1.86962
0.46737
1.03124
1.32347
1.07671
0.990235
0.538381
1.63533
2.53803
1.34211
0.757799
0.285152
0.834626
0.980786
0.317518
0.373025
0.767
2.05942
1.14797
0.801075
1.07751
0.1878
0.647048
2.36652
1.2411
0.801486
0.867578
0.45716
3.34204
0.462686
2.10053
0.369862
0.301864
1.65438
0.150153
1.65691
0.946048
1.23979
0.865264
1.49465
1.03843
1.47957
1.95866
1.58139
0.450186
1.21951
1.24906
1.11032
1.55305
1.17106
1.64146
0.440992
0.597085
0.533894
0.473328
1.06995
1.69133
1.10462
0.13508
1.28748
0.888455
1.20897
0.122081
0.548672
1.14251
0.317273
0.54728
0.68276
0.652586
0.603545
9.00552
0.225679
0.553868
0.421293
1.07525
1.71222
1.02252
0.490422
1.09638
5.32185
0.695844
0.934981
1.08862
0.997316
0.756735
0.959527
0.236361
0.507775
0.906773
1.14677
1.07634
0.839166
0.735621
2.09464
0.603372
0.559178
1.11059
0.801176
1.27822
0.53611
2.11854
1.09361
0.497267
0.761823
0.589731
1.27128
2.97529
4.35664
2.23044
0.560418
0.638773
4.22226
0.710239
3.09956
0.589058
0.411942
1.24147
2.67957
0.415774
1.24697
0.937963
1.77734
1.0226
0.211644
0.870684
0.163912
0.91981
1.19237
0.516014
1.19928
5.51228
0.273652
0.921413
1.08031
0.245038
1.24677
1.03278
0.924458
0.559488
0.411406
0.535756
1.38224
0.408752
0.491445
0.72039
0.671942
1.23067
0.530821
1.19176
0.89627
0.48256
0.853383
0.771404
0.715599
0.465294
0.197635
0.826556
0.423437
2.05037
0.46723
0.763343
3.07981
2.65826
1.0071
0.444074
1.9646
4.79076
0.520604
0.215156
4.18282
1.44133
0.764253
5.44647
1.56788
1.33089
1.42279
0.885902
1.13707
0.285774
3.97282
0.992362
0.803553
0.916493
2.43868
0.649625
0.92196
1.26232
0.58679
0.589806
0.247731
0.52795
0.77955
0.600745
0.845225
4.31441
0.157364
4.18348
0.974533
0.823387
0.298801
0.365228
0.584018
1.25696
0.534867
0.878777
0.83815
0.658886
2.66236
1.38959
1.26297
0.936561
0.414327
6.57328
3.11665
0.109937
1.43644
2.97314
1.56929
0.712
0.470661
0.759749
0.779998
0.92794
1.19463
1.20727
0.711618
0.801703
1.10477
0.401743
0.473002
3.80786
1.16693
1.34426
1.16252
1.06359
0.455126
0.321061
1.33128
1.8322
0.90582
4.55006
0.938538
2.33504
0.376542
0.805353
0.525558
3.71489
1.21703
0.598466
0.866254
0.332802
1.63594
1.19132
1.09569
0.674917
0.322476
0.655905
0.145504
0.282516
0.448786
3.00498
0.626794
1.26829
0.66252
2.02018
0.885512
0.580858
0.663468
0.622503
0.905854
1.28145
0.755703
1.48281
1.01205
0.193151
0.343508
1.21292
0.877503
1.53581
0.329928
1.16647
1.22355
0.933116
0.540289
0.698354
0.858761
0.391573
0.50185
1.34019
1.22501
0.635051
1.538
0.301977
0.647171
1.80251
1.30242
3.5886
0.382243
4.38802
0.0360462
1.0814
0.899783
1.23941
1.43416
0.512003
0.686116
0.868492
1.17778
1.15634
2.79939
1.84179
0.177499
0.417854
1.20045
0.599994
4.38321
1.37278
10.1271
0.682699
4.00042
2.31063
1.21413
0.476832
1.82961
1.0167
0.303609
0.319814
0.51445
0.408087
1.08915
0.679031
3.54545
0.771268
0.904356
1.33128
0.663831
0.4285
0.707282
1.08292
1.12958
8.09572
1.43945
0.430031
0.200454
0.775397
1.34654
0.349446
0.681884
0.846064
0.748676
1.07125
0.612688
2.26935
0.470537
0.663898
4.06959
1.16807
1.69289
3.7657
0.516108
1.07434
0.422732
0.829202
0.582146
0.893732
0.243336
0.926521
0.377984
1.14759
1.60968
1.19264
1.08323
1.27659
0.518462
1.18765
0.23464
0.694425
1.59693
0.889788
4.33017
1.28395
0.877596
0.288619
4.52465
0.517726
0.488132
0.260334
1.02599
0.873881
0.464945
3.01055
0.320587
3.6787
1.83219
0.966983
0.503115
6.12434
0.282517
1.91578
1.57108
0.631406
4.09339
0.800208
1.43769
0.465913
0.304975
1.06898
0.372932
3.28713
2.14912
1.3422
0.542275
0.534345
0.455108
3.05531
1.01344
0.477636
1.59213
1.03807
0.648156
0.526792
0.679264
1.10162
0.502511
0.925366
0.864618
0.255039
0.66069
1.09704
1.44018
1.4478
0.609984
0.828772
0.347984
5.67933
0.944826
0.565281
0.190679
1.4727
1.39079
1.34966
0.925045
0.861564
0.915147
1.26562
0.80999
1.05972
1.27159
0.85905
0.302735
5.12986
0.720125
0.582354
4.8084
4.02628
1.511
1.04057
0.26896
0.511182
0.683423
0.6023
0.215967
0.862707
1.56599
0.143862
1.17989
0.2463
0.281124
1.03518
0.0733686
2.66245
1.16281
0.850412
0.821453
0.696271
1.57599
1.31347
0.642076
1.06676
0.703437
0.481923
1.11948
0.658274
0.739571
1.27221
0.422722
0.406081
0.548666
1.11446
0.501569
0.815179
1.49355
0.639459
0.357576
1.00823
0.993284
0.203982
1.42397
0.444494
0.466247
0.608451
1.39049
1.34033
0.608938
0.319038
0.652724
1.10336
0.553788
1.04824
0.3819
0.44228
2.90124
0.465644
0.736967
0.440989
1.6632
1.0667
4.03142
0.403299
1.21914
0.234496
0.248021
0.947364
0.224043
0.943297
0.53945
0.673804
0.915959
1.90547
0.322684
0.374823
0.562107
0.630008
3.42978
0.38085
0.298135
2.22619
0.440152
0.751646
2.39284
0.117458
1.09993
0.831037
1.21155
2.84065
1.04645
1.04159
1.19441
0.75107
0.41872
1.30676
0.460721
0.458451
1.37629
0.499182
1.50891
2.47654
0.996138
0.42602
0.222644
1.06856
1.30896
0.197838
0.861667
1.06988
1.01586
0.978942
1.35664
0.354725
0.420662
0.482637
1.12878
1.03271
1.41921
1.30698
1.3199
1.73196
1.74474
0.304164
0.18532
0.295393
0.683638
0.440788
0.281535
1.29296
0.503446
0.837075
1.21247
0.367914
1.02056
0.759973
1.28174
0.771316
1.19294
0.441384
0.652054
0.50682
0.175698
0.859667
4.8123
0.410215
0.640552
0.236257
0.306517
1.15085
0.233714
0.617519
0.401584
0.873863
0.879782
0.210522
0.512815
0.411426
0.576822
0.67712
0.510459
1.9998
0.459212
0.721081
0.766852
1.31002
0.715321
1.01545
1.25599
1.33865
7.80221
1.02996
0.376084
0.605291
0.833288
0.735032
1.06704
0.45456
0.454244
0.348122
0.783415
0.422067
1.20761
0.860703
0.890694
1.28996
0.804877
0.891246
2.47162
0.426663
0.47072
0.66871
0.180153
0.283538
0.571113
0.715709
0.365455
0.691659
0.890526
0.197781
0.537136
0.561614
0.564752
0.499533
0.928109
0.871912
0.598392
0.960016
0.38996
0.674814
1.21436
0.700143
0.858773
0.498995
1.1387
1.1117
1.23796
0.44364
0.883319
1.26175
0.812141
1.03702
0.892791
1.22295
2.69939
0.942966
0.9267
1.27779
0.30279
0.169164
0.594179
0.632514
0.288393
0.263852
0.33371
0.111233
0.393151
1.19665
0.274467
0.655578
0.82978
1.70563
0.244384
1.11016
0.372285
3.81302
0.445376
1.01287
0.583212
0.491577
0.478909
1.29678
0.451769
1.15429
0.795091
3.48993
1.35259
0.904742
1.1305
1.65555
0.686823
0.898474
3.13033
5.15458
0.308693
0.990294
0.956958
0.885551
0.635536
0.415849
1.13187
1.25535
6.78312
1.18265
1.52025
3.23626
0.994198
0.865359
0.334394
0.829016
4.62228
0.170007
0.518908
0.427005
0.504748
1.33942
0.359602
0.382822
2.67175
0.655016
0.892353
2.18456
1.10573
1.06597
0.62409
0.744301
0.835078
0.969221
0.442169
0.929202
1.20516
0.984398
0.827841
1.09119
0.956842
0.595305
1.34524
0.574626
0.670294
1.48235
0.62547
0.960203
0.507475
1.05652
2.50735
0.612298
0.962707
0.349716
1.3852
0.128611
0.530299
1.14122
1.32469
1.71709
0.52798
0.9293
0.421189
1.37533
0.630267
0.210804
1.45233
1.4526
0.450106
0.278673
4.71235
0.273465
1.08188
0.761321
1.06098
1.14603
0.24068
3.69108
0.665535
0.731646
2.43878
1.2205
0.383128
0.513705
0.418774
3.52101
0.537749
0.701759
1.38971
3.5452
0.996034
1.64851
0.628807
0.927061
3.78248
0.611338
3.24988
0.684117
0.311025
1.37902
1.05414
0.635586
0.400628
0.639756
0.223202
0.265009
4.55097
1.12809
0.476516
0.68023
0.591528
0.536546
2.60218
0.707202
0.586214
0.616036
0.975336
0.2384
1.01995
0.375705
1.17763
0.366697
3.00206
0.558593
0.840949
3.69698
4.46333
0.619844
0.629605
0.720348
0.565991
0.96656
0.597936
0.80532
2.01022
4.18484
0.732194
0.553167
0.630094
0.292142
0.458578
1.06017
2.8041
1.88605
0.681163
0.62818
0.517908
0.733799
0.759833
1.24022
0.369152
0.618847
0.22558
0.619393
2.2713
0.243502
0.646831
0.613767
0.235354
0.493909
1.1951
1.34182
0.652194
1.24278
0.743397
1.06931
1.14157
1.37651
5.32401
4.04344
0.251793
2.65023
1.06851
0.946132
0.419059
0.632311
0.557049
0.487266
0.975029
0.910018
0.391978
6.39351
0.413605
0.466708
0.471598
0.958168
0.808118
1.16679
2.60841
0.309013
1.7723
0.732293
3.57964
1.13907
0.53902
1.08546
1.28003
1.04448
1.50086
0.235215
0.749127
1.12524
1.02329
4.93832
1.04927
0.361758
1.09472
0.399848
0.570486
0.807635
0.688961
0.54078
0.583118
3.88662
3.46439
0.970256
1.87966
0.511778
1.08461
0.668913
0.594377
0.496075
0.238216
0.695787
0.937679
0.406922
1.07211
1.57418
1.17931
0.942978
4.12644
0.679618
0.821826
0.926871
1.22707
0.970352
0.556513
0.471823
0.67086
1.35695
0.323834
1.06744
1.77737
1.77693
5.97123
0.875096
0.740134
0.384289
0.693044
5.3798
1.89547
0.771734
1.37218
0.422943
0.0858898
0.360473
0.761518
0.962826
0.619367
0.4973
0.917103
0.926444
2.73651
1.45183
1.09096
0.515857
1.20511
1.11286
0.454272
1.16485
1.18602
0.276044
0.625389
2.78619
0.590836
0.516324
0.940322
0.627144
2.58954
2.57477
0.464595
0.940759
2.85484
0.860176
8.00748
0.552573
1.01443
0.196908
1.20622
1.19496
1.91723
0.370268
0.636699
1.90324
0.460988
0.92068
2.03855
1.43198
0.951589
1.02127
0.939539
0.865315
0.9734
0.524479
3.60702
0.43925
1.02298
0.549216
0.526792
0.636378
1.18026
1.04328
0.886805
0.274736
0.674174
0.07734
0.978181
1.39362
1.21971
0.100239
0.947346
1.37304
1.39443
0.218957
0.407029
0.205684
1.21105
4.75325
0.37943
0.781932
3.74598
0.696197
0.627804
0.539378
0.507855
1.12739
1.2
3.80767
0.125495
1.23053
0.595116
1.88626
4.81653
0.837853
2.25637
0.261119
0.978473
1.29786
1.0126
0.612699
6.8497
1.10509
0.378419
0.212623
0.498693
1.32442
0.434724
0.741358
0.731323
1.16598
1.15858
0.549814
0.504029
0.134951
6.08207
0.519991
0.730612
1.23338
1.35703
0.875742
0.739376
0.680006
0.733168
0.929062
0.738664
1.02723
0.81281
0.669665
0.475383
0.336836
6.45054
0.685213
0.621907
0.464392
0.295034
0.37757
1.0684
1.00543
0.965061
0.21821
0.863257
1.10625
0.416082
0.597322
1.85617
0.542421
3.80758
0.466829
0.437905
0.855778
0.768368
1.23252
1.14608
3.26396
1.20627
1.17528
3.81054
0.638908
0.751102
1.20099
5.15318
0.39379
1.06028
3.11199
1.30045
0.669903
0.708576
1.17342
0.85151
0.798157
0.990792
0.472204
0.556289
1.02429
1.18782
0.720001
0.83118
0.994855
0.950116
0.667891
0.513938
0.761387
0.31575
0.648082
5.22113
0.747267
0.824013
0.899626
1.34655
0.378438
0.911647
0.451887
0.677503
0.764717
0.483299
0.940111
0.621273
0.713208
0.551568
0.67136
0.25424
1.02243
0.820101
0.199778
0.972251
2.7173
0.921402
1.22141
1.96721
0.950872
0.722916
0.224991
0.463544
0.684272
0.638377
0.652114
1.16403
0.769018
1.35514
1.44629
0.448658
0.198599
0.760826
0.25962
0.310047
0.368665
1.35548
3.0393
0.648123
1.21229
3.04006
2.9656
0.996393
1.15882
0.529514
0.183798
0.919047
0.673909
1.36292
0.517354
2.4093
3.63794
1.28458
1.36154
0.278755
0.637864
1.00328
0.813483
0.871799
0.312372
0.502163
0.663072
0.635142
1.56956
0.397617
0.915261
1.07259
1.17547
1.17789
0.549776
0.794476
0.961479
1.00741
0.242836
0.546728
1.03807
0.761091
1.59309
1.12482
0.595255
0.330639
0.574468
1.02677
1.86712
0.96371
0.169357
0.525926
1.40414
1.0411
0.947793
1.33101
1.14724
0.333291
1.06763
0.780836
2.53803
1.3885
0.968546
1.8049
0.54904
0.547058
0.637487
1.16922
2.22304
0.895513
0.787405
1.0433
2.16544
0.603543
0.730567
4.89776
0.473268
1.2407
0.79458
1.5433
0.237881
3.60717
2.02108
1.85257
0.862225
1.05456
0.432562
1.6353
1.00989
0.676944
0.589154
1.44485
1.00344
2.34391
0.297222
0.111419
0.317943
0.241463
0.499933
1.46072
0.462328
0.806399
1.07514
1.59515
0.71114
1.43524
0.847929
0.769797
1.24012
1.12717
0.224422
0.640625
3.74678
0.457726
1.4103
4.24311
1.31865
0.321749
0.257189
0.842367
1.17713
0.736053
0.348358
0.529735
2.78186
1.37689
0.46282
1.49453
0.360589
0.925625
0.358267
0.866054
0.295117
1.27651
0.545929
12.9538
0.991259
1.25473
2.49375
1.02272
0.531304
0.305843
0.218585
0.629785
0.459691
1.03966
0.317272
1.011
1.06176
1.11633
0.902129
0.534462
0.399237
0.635322
0.31371
0.421694
0.364556
1.47165
1.78563
1.41851
0.693054
2.29704
0.829151
0.857475
0.213873
1.09294
0.603544
0.329478
0.572467
0.498867
0.832804
2.20312
0.897931
0.638805
0.366866
0.393984
1.56553
0.722769
0.892079
0.548343
0.873935
0.58264
1.08679
0.770491
0.395243
0.716393
0.618475
0.899201
0.757032
0.532237
0.319229
0.571801
0.708712
1.0128
0.85855
1.9168
0.623484
0.867746
0.80158
0.812488
0.662381
0.386577
1.53787
1.12621
0.643644
1.1058
0.553515
0.768816
0.235403
0.714385
0.505202
0.271073
1.03781
0.806349
0.589549
1.336
1.20664
0.352472
1.3604
1.33445
0.446963
1.37375
0.497001
0.399432
1.18624
0.891749
1.12085
1.27447
1.15374
0.961864
0.25423
0.57106
0.865171
0.659172
0.841301
0.902913
1.39805
1.21931
0.598734
0.55647
0.30207
2.54094
0.857466
1.99549
0.420733
1.2187
0.964349
0.155711
2.96341
1.17504
0.460228
0.184283
1.30798
0.369406
1.36603
0.569161
3.86049
4.25059
1.50396
2.26084
0.897785
1.88738
0.612378
0.922158
0.120976
0.238123
1.28554
0.338453
0.903864
1.42742
0.596033
0.341445
1.07161
1.21636
2.60861
0.368209
0.123364
0.33978
0.470443
0.657369
0.276455
0.50283
0.479972
0.491221
0.963308
1.20117
1.12343
1.41
1.13867
1.03035
1.1653
0.949088
0.997579
0.212007
0.335422
0.954428
0.679744
1.11988
0.59656
0.799506
0.943272
0.615454
0.958349
0.501839
0.288363
1.19388
0.770181
1.17102
0.717363
1.30166
1.66018
2.8459
0.21935
1.33849
2.02956
1.14979
1.38981
0.764049
0.267138
0.780842
0.812838
0.253524
0.430924
1.23161
0.494745
0.69684
1.88256
0.311014
0.602209
1.35997
0.185186
2.75914
0.303732
0.903722
0.540334
1.3579
0.796477
1.14075
0.919347
0.368385
0.506575
0.310687
0.6859
0.436322
0.537001
0.612438
1.85961
0.50022
0.245059
1.67061
1.0057
0.418642
1.27874
2.48296
0.340375
1.22882
0.301606
1.35466
1.21458
4.49545
0.415197
0.632895
0.998202
3.01194
2.46937
0.528079
0.595121
1.03736
3.90054
1.17715
0.553229
0.850733
0.599216
1.25823
0.986024
0.646436
1.43074
0.504007
1.11358
3.60456
1.96673
0.590078
1.259
0.643056
1.40255
0.415767
0.451973
0.591061
1.1683
0.400691
0.583357
1.19002
1.52765
1.50252
0.706037
0.611052
1.16502
0.692569
0.325195
0.52829
0.628529
0.846719
1.60875
0.574601
0.441514
4.0615
0.779248
0.48076
0.49486
0.469912
1.1099
0.443639
2.44672
1.051
0.404853
1.24882
0.630909
0.326992
1.39044
0.982964
0.480619
1.16815
0.378917
1.33911
0.458534
0.831095
1.14816
0.325152
0.76255
0.799078
0.380364
1.47015
1.12121
0.781424
0.54924
0.323602
0.844664
0.99009
1.18295
2.90145
1.61456
0.469331
0.225456
0.936963
1.03584
0.518349
0.54163
1.36903
0.821108
0.322797
0.353888
0.525333
0.92331
1.69285
2.27861
0.563078
0.832813
2.04926
1.1123
0.950706
0.877123
1.53383
0.758157
2.46752
0.780675
0.61474
0.356157
0.346029
0.472614
1.27923
0.325317
1.3411
0.519173
0.954208
1.05655
2.98343
0.455641
0.538224
0.784667
0.605129
0.913753
1.2839
2.5758
0.733489
0.559207
0.897303
1.78938
0.618436
0.21226
0.3488
2.67061
1.75463
0.382418
0.138484
0.494295
2.71355
0.516283
0.817256
0.698719
1.05575
0.805032
2.66748
0.445217
0.39241
1.08661
1.43349
1.22002
0.408258
0.272152
1.35757
0.7605
0.334098
0.115637
1.3436
0.550811
0.820145
1.36328
0.461562
0.683734
0.340814
0.516574
0.969465
0.400966
0.943593
0.409909
0.563212
1.01964
1.03953
0.234135
0.739481
3.55753
0.960488
0.614049
4.57279
0.23575
1.32887
0.333606
0.42827
1.37118
0.586025
4.02262
0.56054
1.19202
0.510157
1.42163
1.03018
0.244107
0.314655
1.48672
2.04464
0.247344
1.35469
1.08916
1.63824
1.23911
0.368467
0.183451
1.49745
0.925804
0.496856
1.08223
0.371089
0.610193
0.368337
0.412563
1.4334
0.557717
0.938258
0.943132
0.206706
0.570346
0.489398
0.335013
3.75556
0.926133
1.08606
0.606746
0.550527
0.259071
0.538432
0.505292
0.64339
4.76309
0.352419
2.53579
4.54339
0.429586
2.50286
1.14608
1.15665
0.543641
0.531682
0.590952
2.89155
1.21406
1.73296
0.113693
1.43039
4.42291
1.04448
1.25933
0.630309
0.512001
0.456504
1.11371
0.518456
1.53442
4.37094
0.655652
1.41599
0.657905
0.954872
0.316984
1.4269
0.422905
4.40372
0.636935
4.7604
1.57152
3.1788
0.639617
0.48294
0.937848
1.37595
1.2097
1.31341
1.26982
0.301339
1.45617
1.10335
1.09523
0.309985
0.747296
0.694282
1.63624
1.81169
1.20219
0.979096
0.488969
1.77267
0.768961
3.05561
4.2423
0.366291
0.309204
1.27863
0.4815
0.462224
0.472265
1.35955
0.893059
1.2213
0.165246
1.73236
1.14678
6.05399
0.185203
0.726796
0.672312
0.748992
5.35333
0.240043
0.587272
0.309223
4.82006
0.218245
0.82812
0.449394
1.01998
0.248816
0.307496
1.30787
0.301916
0.914596
4.93318
1.52619
1.96114
0.248228
0.536036
1.34253
0.605516
0.442451
0.628437
1.01363
1.72716
0.223159
0.52678
0.193284
0.860686
1.15099
0.736741
1.01341
0.454137
0.162667
1.11144
3.62761
0.440409
0.469386
0.257665
2.57425
0.887627
1.00275
5.61742
1.54887
0.878852
0.556294
0.662456
0.324376
0.666119
0.405805
1.28501
1.05664
0.529309
4.27022
4.49888
0.34142
0.836128
0.814614
0.101852
1.29801
0.484421
1.02949
0.712357
0.388164
0.874178
0.989062
0.345022
1.33569
4.31766
0.515559
0.690927
0.612546
0.426948
1.11209
0.703082
0.966357
0.389226
0.325723
0.870557
1.23803
1.4541
0.86724
2.07764
0.29671
0.619964
0.637076
0.261675
5.97276
0.765614
0.329623
0.232105
1.33854
1.12342
0.978752
1.13249
0.716281
0.838477
1.18932
0.995652
1.19655
0.551123
1.58003
0.342795
0.437827
0.408223
0.458378
0.511898
0.302795
0.339847
5.82874
1.0411
0.624036
0.463869
2.97821
1.31372
1.16871
1.52534
0.284264
0.326304
0.295519
0.713578
3.79757
0.744218
0.184345
1.21048
0.354537
4.69187
0.474051
1.1525
0.517271
0.535809
1.30512
0.575636
0.503553
1.05979
4.62583
2.81276
1.26303
0.860264
0.558048
0.451923
5.06865
1.26136
1.11153
0.452166
10.5358
0.784468
0.735125
0.258879
0.260267
0.660815
1.15986
4.30853
0.422512
0.77321
0.375455
0.333084
0.842044
0.784211
0.495185
0.618396
0.995036
1.06747
3.88875
0.476409
0.645581
0.902336
0.474883
1.02407
0.655642
3.95094
0.305558
4.65829
0.461782
0.75649
2.27898
0.765339
0.368421
0.416863
0.874046
0.84007
0.436967
1.04101
1.1099
1.20925
0.58234
0.970255
2.00347
0.84139
0.483904
3.15774
1.26233
0.376759
0.894562
3.93363
0.433002
1.68841
0.623628
0.165885
1.46621
0.289706
0.65008
0.950727
1.3538
0.483552
0.379524
0.194072
0.381347
2.20178
1.00414
0.455259
1.8875
0.75487
0.850443
0.385626
0.457143
0.565182
1.47984
3.25076
1.79942
6.33742
0.535292
0.913805
0.841387
0.776355
0.252027
0.340948
1.12349
0.476849
0.814412
0.280983
1.1851
0.667512
3.4623
1.46348
1.16218
0.892233
0.490858
0.243674
0.189533
0.121084
1.24599
0.706802
2.46458
1.7907
0.877568
0.426061
1.98698
0.694809
1.51928
0.320948
0.627514
0.221618
0.794534
0.295597
1.14882
0.66965
0.886906
1.74958
0.444259
2.22243
0.84156
0.109687
0.900053
0.5066
2.27957
3.61223
0.620487
0.33938
0.630999
0.64788
1.07998
0.49933
1.28338
0.664124
3.31127
0.95543
0.515282
2.48442
1.01481
0.457624
1.25442
0.492354
0.71445
1.36737
0.861749
0.649413
0.729048
0.208962
0.336656
1.28952
1.12333
0.334054
0.726289
1.26016
0.528668
2.27286
0.498444
1.20767
0.732638
0.280333
0.514281
0.909263
1.14154
0.476264
0.938451
0.525003
1.23367
0.262216
0.675714
0.285537
0.959829
0.397206
2.76522
0.459042
1.90319
2.0412
0.462851
1.0054
0.491402
0.968306
0.116404
3.95833
1.40814
0.689442
0.570506
1.27431
1.07517
1.13222
0.314141
0.677307
0.446215
0.550335
4.66426
0.588494
0.466738
1.14235
1.97421
0.976519
3.11126
1.06749
0.680262
1.30999
0.319708
2.26132
8.96437
0.860676
0.66708
0.431565
0.486046
0.95275
0.64686
0.711933
0.961008
0.737025
0.315689
0.921146
3.26748
0.357811
1.24658
0.759885
0.636591
0.684776
0.688807
1.3314
1.49029
0.864112
1.58935
0.74138
0.974564
0.891542
0.698337
0.649962
0.447687
0.482891
0.65787
0.907945
2.0124
1.12154
2.03196
1.16808
0.457106
1.58387
0.832487
1.1396
0.488537
0.546387
1.19615
0.17392
0.587817
0.622397
0.529911
0.227247
0.54685
1.48564
0.536782
1.31384
0.909366
0.440955
0.582895
1.19068
0.383338
0.473504
0.296483
0.2207
1.17441
1.13385
0.971208
0.402777
1.13862
1.28313
0.623526
0.53286
0.322834
0.355203
1.11565
0.532064
1.89351
0.946103
1.31639
1.31923
1.05467
1.02008
1.27433
0.669466
9.77579
0.256383
1.11779
0.726415
1.27379
0.934411
0.694607
0.231023
0.480568
1.26943
0.8398
0.960425
0.603377
0.728207
0.778076
0.901798
0.221304
0.625625
0.548698
0.0699316
0.623016
0.533721
0.229523
0.547582
0.329832
1.40547
0.911884
0.657217
0.771586
0.617205
1.86523
0.501683
0.50896
2.9434
1.26107
0.153506
1.23576
0.755633
1.79262
0.375008
0.982633
0.582132
0.797672
3.75577
0.634387
0.519903
0.635446
0.642612
2.68156
0.209914
0.379242
0.387907
0.240356
1.48931
1.40265
0.784069
0.522574
0.258442
0.351639
0.822252
1.15998
0.718676
0.925188
3.65599
0.764183
4.44379
1.44795
1.70195
0.485958
0.996309
0.4947
0.336496
0.514117
2.47317
1.54841
1.28769
1.12994
0.406157
0.535197
0.995943
0.457602
0.924705
0.482036
1.36568
0.454051
3.58375
0.156663
0.487959
1.24122
0.959302
1.95457
0.540129
0.67269
0.733841
0.183281
2.25463
0.403713
1.39606
0.983378
0.739961
0.520836
0.470148
0.84078
1.08296
0.795419
0.404196
0.552933
0.452768
0.830709
0.885349
1.01345
1.17999
1.08568
1.04649
1.09719
1.38454
0.378754
1.30489
1.29791
0.566003
0.293551
0.754728
8.16605
4.24364
0.210301
2.58938
0.4731
0.541555
0.124776
0.997437
3.03911
0.979195
0.56628
0.422639
0.304334
0.726546
0.374677
1.00879
1.13358
1.13529
1.14947
1.14097
0.582684
0.563759
0.812164
0.254911
0.832469
0.317546
0.900845
1.42989
1.04315
1.91838
1.6646
0.956194
1.19392
1.06036
1.23016
0.615061
0.56268
1.26212
0.279242
1.33265
0.699503
1.04133
1.45393
0.849666
0.467237
1.20459
6.14622
0.708433
0.292429
0.792314
0.95761
0.722041
1.11916
0.667025
0.573629
1.21475
1.1456
3.09081
0.693586
0.302891
0.497917
1.01258
0.709017
5.89907
0.402444
1.20144
2.01502
0.725951
0.742119
0.606421
0.368932
0.746467
1.40032
0.258815
0.260498
0.368673
0.422234
0.32674
0.288789
1.1337
0.0939084
1.15328
0.532518
0.657124
0.3536
0.879144
1.00281
0.469006
1.1676
1.6581
1.29264
1.36166
0.566182
0.569694
1.05518
0.534472
0.285819
1.24444
0.772777
1.48484
0.359426
0.845892
1.44391
0.35921
1.10697
1.27852
0.649337
0.764811
0.386046
0.556008
0.578763
3.80355
0.47218
0.467217
3.58261
0.578136
1.22237
1.16657
0.90597
0.53452
2.94475
0.900689
0.538639
0.682346
1.04205
0.531153
0.435863
0.880744
1.84653
0.949972
1.28083
0.431604
0.136474
4.88442
1.00206
0.649219
1.44041
0.330023
0.796225
0.234106
0.430425
2.91316
0.283591
1.45331
0.282889
0.343239
1.16093
1.41913
2.63318
1.9764
0.341513
0.958085
0.640652
3.35721
1.30023
0.908792
0.470367
0.737175
0.934383
1.43965
0.329933
1.10328
0.330849
0.64175
0.655997
0.385263
0.357457
0.803736
1.44761
2.1237
0.87037
1.8341
0.578151
1.04781
0.461221
0.301845
1.26399
1.08441
0.617378
0.478787
1.23962
1.51433
0.187898
0.349331
0.945326
0.464497
1.27174
0.24701
0.927988
1.04507
0.300654
0.784896
3.27329
0.722692
4.82759
1.12505
0.726969
0.587787
0.907245
0.387754
0.802992
0.783545
0.22265
0.542832
1.45868
0.626568
0.485198
0.865375
0.491497
0.502901
1.13303
2.5652
4.38835
1.90263
0.462494
0.476888
1.18051
1.7435
0.34782
3.88305
1.09805
0.671851
0.932057
5.04511
0.431398
2.25039
0.628261
0.880518
0.706359
0.673298
0.314725
0.534926
0.575139
0.739135
0.481902
0.732895
0.272575
0.613976
0.689515
2.19533
1.27289
0.374415
3.54191
0.926463
0.61111
0.434944
0.381664
2.36928
0.464547
0.369355
1.30753
0.508642
0.822605
1.2256
0.884237
0.18191
0.627209
1.21335
0.925745
1.34883
0.665781
1.37835
0.678369
0.511584
0.504068
4.33471
0.911175
0.826044
0.56787
0.581868
0.768377
0.876289
0.53412
1.45997
1.05259
0.457571
0.77456
0.253987
0.42878
1.33591
1.2298
0.29961
1.44781
0.308915
1.48208
0.228862
1.31756
0.396959
0.449556
0.482723
0.609361
1.2954
0.636205
0.790432
2.84333
0.748062
0.513692
1.38605
0.37265
0.668424
3.77131
0.397099
1.19956
3.20231
0.530673
0.668807
1.16991
1.04281
0.612826
1.56113
1.20434
0.379828
0.376751
0.47526
0.794469
0.0811796
0.772762
0.451149
0.451263
0.403226
0.654049
2.82406
4.69177
0.573843
1.39098
0.946211
0.649963
0.884757
0.368687
1.24063
0.789616
1.17018
1.36816
0.271933
0.903787
1.22533
0.863476
1.06007
0.694208
4.55693
0.488575
3.72275
0.761368
0.327443
0.460426
0.59992
1.36726
0.712131
10.1522
1.96825
1.27258
0.423015
0.696461
0.774873
1.1218
0.508462
0.453752
1.27992
0.992444
0.363254
0.357493
0.348697
0.571447
0.627996
0.229465
0.345816
0.291854
0.53331
1.13477
0.502396
1.68401
0.919966
0.461248
4.07566
5.34891
7.82939
0.127586
0.902836
1.43408
0.572165
0.615646
3.07672
1.12819
1.09999
1.65442
0.762291
0.504662
0.229127
3.55248
0.774221
3.53855
0.537211
0.620792
0.983018
0.575198
0.905667
0.853526
1.5324
1.16246
0.556429
2.79314
0.984398
1.21517
0.549302
0.270913
0.232516
3.38186
0.910585
0.14296
0.884906
0.330484
0.200602
0.344364
1.38987
0.876389
0.32395
0.685886
3.07499
0.288748
2.20968
0.875393
0.491268
1.20439
3.46475
0.218709
0.934082
0.0769427
0.615374
4.54677
1.08898
1.25527
1.17594
0.551068
0.198362
0.333664
0.739873
0.389567
0.873644
0.700344
0.332776
0.92567
0.335775
4.31653
0.336326
1.43661
0.38374
0.743066
1.14312
0.501474
0.395272
0.362188
0.575111
0.45666
1.37167
1.0149
0.846682
0.460792
0.577384
1.13308
0.755396
0.971809
4.36447
0.579819
0.523268
0.743529
0.641626
2.10457
0.380749
0.23056
0.271699
0.522561
3.253
1.07164
0.818997
0.415821
0.704427
1.27795
0.758185
2.10372
1.18507
0.529867
0.372202
1.23313
2.1002
0.924519
1.27542
0.859904
0.806825
0.238879
2.20692
0.913311
1.14888
0.81602
1.1409
0.424677
1.10036
0.528419
1.00804
0.58469
1.14635
1.05168
0.515778
0.97762
0.368188
1.09663
0.41277
0.378432
0.737092
1.0129
0.221599
0.260091
0.547449
0.990085
1.1236
8.10974
4.28787
1.3291
0.714469
0.9782
0.720994
0.546752
0.997608
0.277867
1.42048
1.15851
2.45886
0.49824
0.346639
0.651668
2.0389
0.682747
1.14405
0.474192
1.4005
2.72736
1.68256
0.403444
0.164988
1.76732
0.0804146
0.877546
0.967367
1.13856
0.598501
2.7175
0.285575
0.704642
0.680699
1.36027
2.09413
1.12642
0.709611
1.81039
1.65178
0.55297
1.69274
0.314311
1.30866
0.714995
0.591442
0.783846
0.426638
0.0539951
0.235683
0.971038
0.983737
4.03694
0.527491
0.822205
1.21941
0.580707
0.385923
0.343512
5.16239
0.609018
1.24999
1.21863
4.88598
0.956899
0.150038
0.0659023
1.18434
1.92138
0.465765
1.37571
0.33445
0.311234
0.461848
0.832566
0.861068
0.384227
0.804888
0.291947
1.15357
1.42283
0.201922
0.928164
1.61855
2.40113
0.392421
1.33568
1.22757
1.28552
0.425651
0.408796
1.26178
0.676146
0.622126
1.18353
0.949528
0.413514
3.68813
0.75723
0.510111
0.420217
0.923808
0.568953
1.32886
0.89983
0.825508
0.617825
0.280247
0.640078
0.209465
0.688282
0.472003
0.980683
0.771542
0.162162
0.65163
5.18584
3.73239
0.532161
1.47804
0.881644
0.263545
0.809137
1.20089
1.39671
0.62498
0.26706
0.971618
1.58201
0.862868
0.22432
0.352787
0.518483
0.405022
2.82281
0.243398
0.64323
1.20384
0.496592
0.814791
0.66364
3.52964
2.04549
0.784765
0.551364
1.21261
0.786049
0.955286
0.22999
0.67156
0.155132
0.568582
0.655311
0.662919
0.611576
0.763653
0.464278
1.20235
0.440287
0.774409
3.13445
0.228494
0.252268
0.440184
1.7765
0.312434
1.87777
3.35904
1.34729
0.913142
0.71866
0.515159
1.01497
1.23929
0.575453
0.930534
2.63711
0.886169
1.7404
0.690252
0.858152
0.493341
0.342437
0.289859
0.510371
0.855215
0.984779
0.486756
1.30999
0.345953
0.356256
0.598128
1.22028
0.964643
1.01272
0.499226
0.981413
0.520417
0.77805
0.166598
0.321595
0.73811
1.88677
1.12969
0.30277
0.882409
1.36652
0.967062
0.759652
1.37874
1.06355
0.317346
1.29842
0.634973
1.32972
0.424566
1.09425
0.341839
0.480428
0.343441
2.12711
0.898351
0.355384
1.00023
2.06026
0.597175
0.372773
1.43277
0.299224
0.879446
0.525571
0.377723
0.264531
0.486003
1.25119
1.62227
0.363208
2.85434
1.0263
0.874107
0.55792
0.496078
0.395943
0.535451
0.660261
4.39569
0.382072
6.8583
0.982789
1.36884
1.25097
1.04308
0.420939
0.920494
0.38503
0.739494
0.638209
0.498823
0.403983
1.19538
0.746691
0.445633
1.25121
0.542998
0.49908
1.60384
0.380572
5.30856
0.505686
0.469596
0.468369
0.808657
0.441088
0.423975
0.281641
1.94958
0.569283
1.24779
1.52298
1.17916
0.66529
0.693338
0.298282
7.80254
0.277827
1.87523
1.12527
1.50718
0.619047
0.738934
0.947982
0.182789
0.799763
1.01539
0.859803
0.200199
1.41229
4.6132
0.600647
0.552369
0.429717
0.521291
0.30914
0.361978
0.532465
0.826116
0.741339
0.903443
0.768239
0.542513
0.791659
0.259392
1.31038
1.3121
1.02905
0.655304
0.925647
0.752737
0.408608
0.913968
0.442197
2.29504
0.5183
0.529283
1.27989
0.461826
2.65434
0.623519
0.43232
0.527793
0.940107
0.844205
0.458279
1.66326
0.7084
1.27569
0.987979
0.287107
0.37908
1.083
1.15168
0.395172
0.475273
4.70081
1.06712
2.44783
0.573062
2.97151
0.799539
0.347868
5.23466
0.505179
6.44368
0.941764
0.33032
3.15208
3.43619
0.409824
0.346338
0.632026
0.453102
1.18963
0.81393
3.99471
0.625506
1.25122
1.83426
4.45933
0.867269
1.36296
1.28409
1.55639
1.70041
1.03264
0.921384
0.323329
1.1697
1.62139
0.635559
1.30711
0.671104
1.21499
1.08814
0.576446
0.56633
0.476939
0.619809
0.641377
1.06816
0.331109
1.11521
0.755574
0.641025
1.48397
0.434682
0.468566
1.64693
0.881604
2.34463
0.36933
1.41337
0.466805
2.57787
0.312342
0.435782
0.301068
0.960616
2.61775
2.0487
1.2471
1.201
0.464531
0.427211
1.04748
1.83949
0.805927
2.78579
0.816156
0.41243
0.511036
1.81717
0.140127
0.802493
1.40194
0.630374
0.709603
0.859626
0.359112
0.765071
0.765231
3.76663
1.22589
0.209459
0.535759
0.498523
1.22013
0.898272
1.01878
2.00528
1.24402
0.270757
0.672224
0.42166
0.361071
0.538328
0.939754
1.88346
0.541603
0.907721
3.60688
0.0943338
0.452998
0.418776
0.46603
0.777214
1.93655
0.272963
0.360461
0.863366
0.581166
0.302328
0.867778
3.2953
1.54212
0.444345
0.165313
1.10204
1.27825
0.939265
0.50613
0.763383
0.388988
7.27436
0.342101
0.269281
2.471
0.497899
0.7593
0.524922
0.989959
4.21335
1.07734
0.595899
4.28685
1.32954
1.19518
0.736326
0.645634
0.750699
0.660596
8.67973
1.47292
0.455699
0.727084
2.97735
1.35585
0.468478
0.640488
0.458002
0.660794
0.50445
3.10809
3.31816
0.635908
1.00783
0.387262
0.284656
0.626005
1.03064
13.6514
1.07629
1.47733
4.14762
0.681569
0.606852
0.512115
0.619852
1.13662
0.403595
0.560175
0.783149
0.632278
0.786729
0.792979
0.495366
0.950026
0.4682
1.0466
1.21332
0.688398
0.263433
1.16171
0.779487
0.979329
1.58067
0.268398
1.23084
0.580582
1.56452
1.86045
0.664455
2.29965
0.765985
0.365778
1.42009
0.312985
0.560126
0.278278
0.455516
2.91772
0.474429
1.17769
1.22308
1.4804
1.06781
1.41733
0.945102
0.905102
1.34061
0.260155
3.59737
0.593664
0.824123
0.636881
1.34748
0.515659
3.04994
0.540404
1.00327
0.989022
0.259472
0.527511
0.267595
0.314396
3.56401
0.245321
1.23797
0.452293
1.10543
0.820363
1.1925
0.811637
0.829991
0.940915
1.02718
1.09419
1.25406
1.27184
1.21885
0.952591
0.836072
0.445905
0.475285
3.7227
0.619358
0.394749
0.372155
2.52484
1.35698
0.579898
1.43125
0.859208
0.477822
1.10287
1.15035
0.263507
4.35078
0.666574
1.11241
0.977276
0.667229
0.557172
0.765325
1.0124
0.254924
0.585052
2.74378
1.25239
1.02007
0.786164
8.48741
1.30681
1.09547
1.43923
0.929213
0.351236
1.46144
0.364321
0.589363
0.978986
1.06829
1.45814
0.521744
1.23616
0.481934
1.1358
0.338988
0.252652
5.92198
1.32543
0.690683
0.849843
0.572365
0.381631
0.754181
1.08303
0.604274
1.27398
0.246953
0.562788
0.734331
0.380495
0.468372
0.55516
0.990088
0.943888
1.59834
0.41689
2.16866
0.754253
0.658468
1.02087
1.27262
0.408906
0.265413
0.324142
0.808508
0.543903
0.409234
1.12289
0.65285
0.444157
0.381776
0.700326
0.854429
4.13575
0.596449
1.30473
1.02906
2.054
1.02453
0.975271
1.32157
1.88052
4.3141
0.255096
1.08056
1.38378
0.363516
1.18176
0.541912
0.617272
0.308581
2.03393
0.993553
0.486527
2.00751
0.454043
0.552668
0.280461
6.85847
1.25712
0.66916
3.66574
0.57207
0.443541
3.22171
0.360617
0.85213
0.207942
0.747509
0.640678
0.515307
0.906625
0.554186
0.986969
0.971429
0.378361
0.0903323
0.666022
1.57109
1.59727
0.480698
0.772521
0.693483
0.680938
0.705402
0.181861
0.536623
0.383504
1.54736
0.774618
0.978058
0.294872
0.101691
0.398857
1.29673
0.468712
1.08084
4.37605
0.274086
0.261828
1.56024
0.660892
1.28205
3.87769
0.730239
0.328099
1.43924
1.05178
4.86833
2.81344
0.39362
0.607481
0.557909
0.618741
1.37887
1.00368
0.38342
0.811383
1.16065
1.2807
0.580918
1.45735
1.53638
0.322203
0.590318
0.799055
4.24101
0.634896
0.23627
0.904479
1.14404
0.80422
0.611942
0.406483
0.307353
1.06945
0.72819
1.14391
0.81973
1.113
2.79216
0.632605
1.12732
1.12254
0.652735
0.282117
0.594872
0.322291
1.05471
0.338865
1.22205
1.13198
1.54283
1.53405
1.16896
0.610518
0.240796
3.28849
0.820489
1.34735
1.00955
0.948185
1.00275
0.647552
1.33929
0.272626
0.851119
0.522285
5.4401
0.626221
1.56932
2.84013
1.01782
1.25742
1.01977
4.6184
0.648515
1.13612
1.14848
0.669263
6.41221
1.18847
0.423189
0.689921
1.22602
0.982831
0.489241
5.33497
0.980066
0.7953
3.65405
0.361927
0.315927
0.381973
3.53055
1.39397
3.06625
0.934537
0.444476
1.53205
1.86039
0.546469
0.584016
0.973885
0.745048
1.09253
0.592639
0.424877
8.34493
0.519125
1.11615
0.36802
1.52464
1.38365
0.391384
0.576172
0.59229
0.635524
0.471822
1.58726
0.840607
5.11512
0.386726
4.27439
0.490125
1.26325
0.90357
1.82216
0.896318
1.59886
3.56772
0.49394
0.511788
0.928242
0.382712
0.576185
0.107759
0.685256
0.885418
0.801744
0.630811
0.590334
0.724015
0.631717
1.16558
0.418658
1.17211
0.921311
1.52803
0.691326
0.455049
0.61849
0.856282
0.81881
1.2624
0.604291
2.61144
0.435314
0.390091
0.444475
1.33742
0.408573
0.730859
1.08718
1.43484
0.122551
1.14756
0.530768
0.314491
0.92512
0.326506
5.34899
0.743632
6.20952
1.36506
0.667949
0.954173
1.7785
0.543725
0.450099
3.59637
0.624242
2.82993
1.38023
0.978401
0.847413
0.712058
0.937002
0.910675
0.631624
0.41944
0.34934
1.4586
0.931328
0.823146
0.68249
0.915962
0.624987
0.543144
0.781904
0.446742
0.789119
0.999801
0.417458
0.5823
1.32522
1.05701
0.448129
0.605753
0.585758
1.49497
1.72687
0.595884
0.642923
0.897715
0.842032
1.46141
0.932197
0.832073
0.318512
0.378953
5.32476
1.53731
0.4731
1.29915
0.758189
1.75418
1.29209
4.1357
0.826226
11.1151
0.830144
2.87567
0.638693
1.3845
0.575803
0.717663
0.550003
1.08267
1.43975
0.428591
4.20344
0.682959
1.08357
1.24896
0.640177
0.525896
0.629855
0.286313
1.33403
2.40809
0.541778
0.059967
0.982156
6.68496
0.590162
4.21629
1.18767
0.509215
0.845311
0.555681
2.21881
0.5939
0.301488
5.44054
1.14166
0.287483
3.07193
2.43591
1.02336
0.659131
1.24075
0.367197
0.366562
1.05649
0.462593
0.790281
0.477792
0.717498
0.514235
0.237559
5.97146
0.90591
0.878241
0.71873
0.740731
0.285725
6.3594
1.62101
1.08509
0.590745
0.34657
4.82957
0.492294
0.19707
0.313772
0.58287
0.463433
3.55589
0.519157
1.29585
1.1409
1.93291
0.48324
0.922108
1.19992
0.810086
0.267704
0.677698
0.998369
0.846809
1.22849
1.67725
1.09289
1.03626
2.06649
1.0133
0.509453
1.38009
1.00611
0.36687
0.783695
0.724549
0.385491
0.799456
0.372038
0.460237
0.989048
3.45646
3.53685
0.335315
5.46773
1.36667
0.907903
0.917499
0.215848
0.347552
0.420278
1.36575
0.377879
1.17379
0.996974
0.356633
0.837263
1.41435
0.403647
0.497029
1.26814
0.369243
1.38253
0.235366
0.785589
0.553283
0.770142
1.28063
0.508323
0.700747
0.977723
0.59421
0.920443
0.361925
0.71236
1.04681
3.31784
1.05873
0.508065
0.666696
2.42112
0.203965
2.25588
2.66674
2.00829
1.38207
0.272466
0.756103
1.44167
0.30586
2.42613
0.769392
0.976784
0.9815
1.68955
0.47715
1.24258
0.247186
0.58242
0.258624
0.281435
1.08863
0.425218
0.87672
0.383779
0.158288
1.15731
1.41873
1.16613
0.77301
1.62399
0.674175
0.482025
3.07445
0.838917
0.990674
0.493001
0.542098
0.825458
0.910752
0.150836
0.880793
1.23313
0.388511
0.665687
0.443994
0.748596
1.00203
1.20133
1.44286
2.00953
0.24289
0.999608
3.9289
0.698739
2.36805
0.786839
1.38816
0.616271
1.18886
0.52444
0.502483
1.28231
2.59578
0.853827
1.04742
0.803744
0.410736
0.380502
0.63184
0.620159
0.174188
9.4979
1.01562
0.920618
0.208713
6.44598
1.3542
0.176085
2.42644
0.570377
0.476623
1.14699
0.481628
0.194514
0.661725
0.810783
1.45614
0.148926
5.12408
1.0685
3.13255
0.957277
0.595865
0.286338
1.43669
0.760185
1.25099
0.369038
0.650156
1.38017
0.265493
0.758017
1.31549
0.980693
0.771219
0.931176
2.13506
4.69008
0.610699
3.47491
1.29156
0.555462
0.835514
0.961833
0.67332
1.07045
0.456685
0.282348
0.625659
0.211763
0.317289
0.68232
13.8469
1.13521
2.23715
1.08084
0.135736
0.313303
1.16177
0.433974
1.0525
2.32228
0.42726
3.59731
0.350514
6.99817
0.255468
0.396667
0.464037
0.743793
0.89473
0.926446
0.243281
0.804146
0.0713507
2.70614
1.47323
0.886984
0.380922
0.578128
3.955
0.907259
2.03572
0.808006
1.26157
1.18387
0.953309
0.749305
0.186619
0.745813
0.263855
0.528
0.814856
0.558053
0.478125
0.894661
1.23609
1.25971
0.46253
1.20112
0.719918
0.415792
0.139178
0.758145
0.423503
0.822145
0.590551
1.03725
2.81563
1.46248
1.29162
0.462231
1.21255
0.646379
0.582235
1.35027
0.509397
0.965979
0.514083
0.470241
1.58221
0.271952
1.46317
0.54095
0.217083
0.844959
1.76339
0.625693
0.463243
0.299754
0.998351
0.631996
3.22376
1.78815
0.847654
0.432873
1.18724
0.351346
1.02593
1.12875
1.0813
1.28472
2.55752
1.21833
0.727864
2.7061
1.45613
2.88784
0.446786
0.948088
0.990312
1.15293
0.693697
0.639054
0.349841
0.481845
0.412806
0.554382
0.56407
0.428906
0.784476
1.11164
1.28404
0.291677
1.73541
0.488877
0.670439
2.3094
0.472406
0.475444
0.762875
0.802256
0.470586
0.328106
0.556216
0.443961
1.29342
0.50174
0.826475
4.3501
1.38033
0.307931
0.22649
0.24268
1.27519
4.59557
8.71668
2.09385
3.41406
0.519919
0.409253
0.369198
0.677709
0.960653
0.740763
0.415455
1.26718
0.400255
1.06049
0.947093
1.15137
0.719289
1.3764
1.4015
1.19503
1.03559
1.03447
2.4776
0.83104
1.44025
3.82692
1.29286
0.388857
0.906808
0.564865
0.194478
1.23636
0.872052
0.38165
0.602495
1.33609
0.779606
0.759561
1.26395
1.13255
1.12006
0.9696
1.02839
0.564854
0.195305
0.959911
1.19546
2.17074
1.10145
1.05054
0.407831
1.31607
0.251106
0.343601
1.17959
0.807938
0.441776
0.561416
0.347161
1.0205
0.809505
0.30565
2.44487
1.19594
0.98341
1.67449
0.621727
0.356334
1.31652
0.204308
1.04189
0.726591
1.3695
0.583031
1.22959
1.15344
4.10287
0.71556
0.599563
1.01335
0.644183
0.695954
1.37142
0.858173
0.316726
0.42181
0.191216
1.2048
1.31952
0.649626
0.916691
2.35488
1.25317
1.13602
0.260876
1.02453
0.964919
1.03467
0.388673
0.96163
1.2554
0.205438
0.401264
0.401197
0.399109
0.933424
1.18863
0.490584
0.750749
1.15039
0.757402
0.678405
1.14552
0.200507
1.34794
1.14452
0.212878
2.94922
2.59426
1.14912
1.39591
0.235178
0.963854
0.70951
0.211979
0.264671
2.11991
0.190711
0.816465
0.577211
0.421104
0.522411
0.66847
0.774924
1.28259
0.237967
0.765536
0.390017
0.201776
0.858054
1.00685
0.884707
0.629193
0.925729
0.93033
6.81003
1.03499
0.83839
0.791741
0.646756
6.46384
1.24016
1.1544
0.58382
0.976636
1.67516
0.39038
1.89315
0.26611
1.61477
0.709504
0.425353
2.25488
1.42379
1.00567
0.324516
1.58596
0.409942
0.957233
1.24817
0.532948
0.810015
0.666888
0.704758
5.63017
0.256444
1.05262
1.14747
0.451679
0.243599
0.260645
0.485736
2.78152
1.40337
1.56536
3.73992
0.410258
4.08545
0.806053
0.83768
1.69008
0.614732
0.882381
0.614301
1.53342
0.860247
0.774756
2.71514
1.10878
2.66727
1.44983
0.834845
0.26338
1.27003
1.33687
0.263434
0.732054
0.657557
1.10878
0.836234
0.559509
0.943338
0.398864
0.353569
3.37922
3.09948
0.260749
0.368849
0.38438
2.11424
8.85444
0.525836
1.03444
0.306221
1.45551
0.486827
0.590728
1.12849
1.15625
0.919683
1.31416
0.389122
1.19413
1.40775
0.662769
0.513666
0.239748
4.87967
0.94702
6.85964
14.5811
2.33601
0.351735
0.66821
0.632725
0.418161
0.875161
0.816269
0.41899
0.944403
2.37281
0.904584
0.299279
0.638235
3.03027
0.398522
0.815193
1.11371
0.859264
1.0137
1.13748
1.15461
1.06072
0.96678
0.323419
0.862688
0.257127
0.496697
1.23991
0.35986
0.919477
0.792778
0.299361
2.91514
0.903127
0.863973
1.14837
0.472685
9.68935
1.90527
3.77017
0.742997
0.519801
0.333047
0.300025
0.964847
0.471473
0.823366
0.694129
1.17027
0.296354
0.7447
7.10571
1.08024
1.14345
0.612749
0.549806
0.733361
3.59993
1.24025
0.610252
0.173684
0.328411
0.460361
1.45955
0.684863
1.34617
0.582123
0.998754
0.493641
1.39522
0.567988
0.406496
1.02191
0.618301
0.426464
0.479753
0.730172
0.461727
0.819464
2.00177
0.784477
1.93865
0.394109
2.34211
0.651591
1.28583
0.341033
0.646893
0.135018
3.1715
0.613572
2.61015
0.66984
0.8203
1.10961
0.828337
0.75752
0.345538
0.315826
0.326763
1.33738
0.843548
1.32124
0.589093
0.718468
1.30564
4.04437
1.31489
0.732296
1.28492
0.838482
2.20017
1.14462
0.949452
1.27232
0.416052
1.01595
1.15214
2.12431
0.852019
0.682968
0.64842
0.409987
2.08623
0.27099
0.833149
1.35319
1.73847
0.970144
0.774875
1.24028
0.859591
1.35077
0.853078
0.419142
0.455371
0.581979
2.50255
2.28853
3.14285
2.51659
0.699657
0.504786
0.714682
1.12745
0.118127
0.745493
1.16529
1.06147
0.792921
1.01815
0.205601
0.766827
0.724652
0.617259
0.37164
0.155789
0.329796
1.19898
0.222682
0.823814
0.59193
0.615465
0.33487
0.698592
0.947057
4.79601
2.99511
0.498541
0.376987
1.64769
0.672097
2.13491
0.489682
0.710616
0.241685
1.50219
4.7854
2.214
0.614688
0.436732
3.1106
1.38628
0.155618
1.01578
1.71011
0.31015
1.2778
1.20033
4.84184
0.215088
1.67263
0.178569
0.440854
1.21394
1.19489
0.689918
1.90791
0.815932
1.58674
1.02554
0.465378
0.501047
2.07414
0.165467
0.574471
0.593708
4.27424
0.219494
0.299625
0.542507
1.2327
1.33777
0.333081
2.05903
4.15506
2.33752
1.32767
0.561814
0.593107
0.784359
0.674637
0.908857
1.09186
1.21013
0.601368
0.53874
0.323443
0.684832
1.39618
1.51603
1.05006
2.78873
0.510319
1.77957
0.316609
0.367318
0.631412
0.831964
1.02313
0.321498
0.286289
0.485991
3.41965
0.633398
1.57619
2.13733
0.667668
0.524243
0.664078
0.903644
1.07656
2.44577
0.47262
0.702499
0.249241
0.275249
0.830242
0.549913
4.17748
0.846273
1.14539
1.16026
0.5988
1.25431
0.863604
0.703632
0.710243
0.440994
1.28112
0.263521
1.00203
1.03612
0.863359
0.604198
1.21883
0.253531
0.400839
0.712602
0.321915
0.391131
1.0704
0.79958
0.332617
1.25716
0.509782
0.763084
0.735119
1.1044
1.2865
1.0734
1.29108
0.339388
0.673992
1.00005
0.769855
0.692267
0.557566
0.436355
0.412363
1.1943
0.521391
1.28428
0.294919
0.254245
2.91927
1.74929
1.4945
1.07792
1.19198
1.30914
1.73461
1.0878
1.80209
1.44164
1.1753
3.70668
4.53394
0.663033
0.333267
1.17075
1.1351
0.856668
14.8395
1.0307
0.952032
3.81477
1.51611
0.349033
0.971363
0.792893
1.00302
1.37319
0.540645
0.314134
0.200598
0.699245
1.65231
3.6844
1.06382
0.966338
0.433261
1.31973
0.347804
1.00066
2.17278
0.45135
0.874237
0.982189
1.49379
0.983308
1.14537
0.248957
1.17324
4.60177
0.898459
0.860651
0.104061
1.0907
1.40461
0.710606
0.553633
0.837163
0.921194
1.02116
0.79024
0.90133
1.19646
0.501298
1.16397
2.29661
0.390179
0.973284
0.461421
1.58971
0.935163
0.114217
0.103448
7.08644
1.26876
0.13847
0.780766
0.267087
0.730265
0.975464
0.69447
0.670372
1.21014
1.104
0.603076
0.824482
0.66754
0.945631
0.898287
0.555875
0.499995
0.832871
0.85191
0.700003
0.253117
0.219252
1.19821
1.76969
0.27322
1.67867
0.690988
0.847258
0.905306
1.06146
1.31286
1.14902
1.01613
0.879328
0.23709
0.512444
3.20024
0.585572
1.01091
0.687688
0.372412
2.40984
0.683552
0.866334
0.181211
0.461215
10.2948
0.864395
0.811616
1.86379
1.30668
0.3977
1.33118
0.551028
2.38319
2.00195
0.593358
0.258624
0.894676
1.32664
0.245264
0.63326
0.877975
1.20283
0.332438
1.0757
0.730711
0.331272
0.448121
0.314762
0.677701
1.61882
0.110791
1.78354
0.457755
0.579056
1.43764
2.31326
1.52451
0.287007
1.61966
0.727849
1.15975
0.722083
0.955381
1.0323
0.763158
0.84292
0.935644
0.370096
0.40779
0.646067
4.50356
0.485814
1.27005
0.377144
1.64474
0.458779
0.370179
1.05705
0.503742
0.514511
0.49051
1.21256
0.42199
0.388356
0.361243
6.12555
1.34303
6.30314
0.934926
1.45482
1.31961
2.13863
1.15814
0.942273
4.15281
1.62995
1.07775
0.601121
0.667725
0.926819
0.241062
3.24433
0.595319
0.724751
0.792549
1.1522
3.8539
0.249483
1.75587
1.44779
0.998747
3.15179
0.880623
1.08626
3.37831
1.29402
0.445296
0.672956
0.735757
1.32926
0.866424
1.25972
0.518602
9.12842
1.0594
0.769947
1.0465
1.15875
3.81785
0.375437
0.69604
0.425814
1.11999
1.0621
0.794344
5.29401
0.357874
5.95557
2.60422
0.124358
0.879413
0.679653
0.600707
0.889127
0.409921
1.14649
0.153894
0.344162
0.730274
0.699979
1.16641
0.859283
0.357938
0.81717
1.0178
0.976496
1.21036
0.984616
0.441673
0.261027
1.08473
0.388302
0.14377
0.275149
0.923715
0.762395
5.40144
0.435545
0.256287
1.34551
0.912353
1.92111
0.244947
0.328162
0.894102
0.638445
0.609676
0.420698
0.420468
1.09889
0.275389
0.460224
2.50865
0.70956
0.534396
0.433461
1.25534
0.937916
0.649153
7.50399
0.576089
0.762657
0.499485
0.568002
0.961705
0.676582
0.852685
0.388059
0.582705
0.877863
3.58021
1.21154
0.899893
0.542236
3.17188
0.643519
1.35823
1.67019
1.01794
2.88045
3.86143
1.09843
0.452422
0.549993
0.268927
1.68077
0.406241
0.726112
0.723662
0.808201
1.39047
0.0856019
0.271067
5.26583
1.8568
0.87231
1.35425
1.22927
0.820172
1.4331
6.12446
1.15905
0.621164
0.420286
0.729772
0.687244
2.19999
0.67131
0.970775
0.307427
0.722425
1.45107
0.508545
2.98627
0.584203
0.688438
0.690706
0.820148
0.280303
0.361821
1.10708
1.68738
0.506842
10.2099
1.93894
0.435138
0.791137
1.59868
0.446031
1.40078
0.926037
0.732854
1.17492
0.396688
2.48785
1.09819
2.19436
1.63172
1.26013
1.24673
0.143941
0.585949
0.633383
1.56397
1.05875
0.49029
1.21296
3.84079
0.448011
4.16989
2.40976
0.460875
2.79041
0.88735
1.30145
0.773013
1.22616
1.18259
2.41566
1.00714
0.752903
0.643333
0.824431
0.279063
1.01935
1.15553
5.01915
0.675394
0.578644
1.08141
0.981186
3.37181
0.940218
0.270025
1.59061
0.669138
1.84402
0.680939
1.10133
0.381016
0.995529
1.48482
4.38291
1.8362
1.20133
1.16982
1.03538
0.715371
1.63556
0.290112
0.798345
1.32339
0.7053
4.87761
0.563239
0.334796
0.427785
0.241184
0.603129
1.29601
1.32788
0.45973
1.00132
1.09038
0.307313
0.656684
0.535365
0.813258
0.790505
0.815537
0.556564
3.09015
0.477022
1.18461
0.779935
1.41455
0.388116
0.870141
0.73642
1.83461
0.706978
0.81327
0.897481
1.35204
1.09886
4.28432
0.339346
0.657201
1.46019
3.38444
1.08671
0.586541
0.709114
0.0827865
0.633268
0.395337
0.43888
9.5874
3.10242
1.1996
0.369258
0.588711
0.58927
1.22721
0.395575
0.701237
1.16943
1.30518
1.18107
0.733398
0.927062
1.08081
1.14251
0.308005
0.391912
0.325211
0.751259
1.12494
0.579689
0.646198
0.558595
0.552915
0.101406
1.05645
1.61831
1.04883
1.91129
1.2964
2.88184
0.919916
0.571506
3.96555
5.98449
0.960534
0.404039
0.596526
1.48876
1.48582
0.684008
1.24667
0.611974
1.0448
1.30094
1.75577
0.662608
1.10679
0.49089
0.90552
0.71305
0.998856
2.17091
1.07865
0.624469
0.919792
0.159211
1.80011
0.755508
0.208395
7.14498
0.532665
0.77936
0.123282
0.396362
0.660185
0.901262
0.617773
0.359205
0.612569
0.524932
0.858155
0.514909
0.901615
0.363273
0.425357
0.761537
0.622606
0.649886
1.26391
0.366052
0.364695
1.24813
0.978394
0.730134
1.20663
1.18186
0.647941
0.853414
3.52902
1.10329
1.51887
0.339083
0.487745
2.08493
0.282352
0.412489
0.430397
0.393381
0.896368
0.379946
4.07872
1.06683
0.768429
1.0651
0.990458
6.73188
1.03937
1.23709
0.506475
1.20573
1.46503
0.267987
0.475042
3.44598
0.2765
0.497336
0.981451
0.478789
0.857257
0.84017
1.35542
0.504862
1.04428
0.258359
0.630654
0.614566
4.56816
0.705259
0.903239
0.817425
1.3491
0.869458
0.175412
1.16471
0.576904
0.387755
1.15439
0.511761
1.22553
0.333826
3.37656
0.765216
6.13675
1.07384
1.0132
3.85907
0.726938
1.22792
0.742055
0.747412
3.07936
0.776468
0.119841
1.71931
1.16364
0.250515
0.234759
0.892362
0.470771
1.34882
0.611603
1.62571
0.909424
1.05223
0.594077
2.25034
0.518121
1.11129
0.568699
0.249739
0.847643
0.995437
1.35989
0.782657
0.712205
1.27227
0.659428
0.815072
2.3014
0.518778
1.03311
0.326658
1.64518
2.31826
2.09643
1.2982
0.700966
2.36424
1.53379
1.62671
0.502942
0.737372
0.829606
0.494608
0.798832
0.37433
1.0339
1.04953
4.69965
1.01328
0.955618
0.341831
0.539609
1.16278
0.459714
1.15748
1.18805
0.820372
4.56102
0.692368
0.705406
3.01086
13.093
0.668763
0.477178
1.18089
0.877131
2.50782
1.40917
0.7497
0.486706
0.8582
0.966105
0.754565
0.853008
1.01465
1.81546
2.06655
1.47072
4.09413
0.796775
1.01332
1.2219
1.16173
0.503271
0.18213
1.22698
0.693652
3.59083
0.736789
0.944711
1.40754
0.361758
0.382071
0.39707
0.674915
1.16319
1.28054
4.68181
0.550015
0.817627
5.62224
1.1018
1.5985
1.03774
0.245205
3.00646
1.16017
1.15346
0.697396
1.52943
0.401767
1.21533
1.31538
0.366821
0.478868
0.197548
0.472083
2.86593
1.43904
2.939
1.31266
0.428863
0.342877
0.474135
0.776847
0.815122
1.39079
1.7704
0.913476
0.919684
0.939
0.802543
1.28853
0.65617
0.628265
7.99797
6.38773
1.11511
1.08308
1.07979
3.69572
0.466488
0.870173
0.229951
0.863674
0.294688
0.327558
1.67045
1.09036
0.74621
0.198313
3.34247
1.07863
4.69458
0.651102
0.623001
0.840539
0.360425
0.247079
1.48267
0.885553
2.00831
1.24181
0.671442
5.62451
3.33433
1.85918
3.5329
1.9282
0.431317
1.63089
1.33837
1.1095
1.36081
0.504466
0.812912
1.19546
1.84866
1.03171
0.534281
1.0892
5.41424
1.3109
0.732177
0.523419
0.908347
0.552077
0.193464
0.369414
0.561676
1.05812
0.450615
0.389079
2.15574
0.275195
0.986256
0.521227
0.620166
0.996205
0.229802
2.05488
1.39102
1.36741
0.822168
1.05856
4.51165
0.868125
0.416601
0.912464
0.618619
0.545426
1.21941
0.974077
3.34614
1.95271
0.966057
0.856639
0.440358
0.966584
0.737537
1.33817
3.88868
0.155085
0.915444
0.977284
0.197154
1.04255
1.03613
0.390917
1.6536
0.903504
0.53366
2.44385
0.94197
0.646695
1.32752
0.514036
0.859258
0.520557
0.940726
1.95602
3.56895
2.28722
2.57398
1.20627
2.98715
0.543607
4.46434
1.16429
0.148089
1.3755
0.803672
0.990269
0.891713
0.825353
0.695087
0.345979
0.692478
0.689911
0.763898
0.681979
1.35955
0.756917
0.274655
0.391446
1.28114
0.682044
0.203131
1.29578
1.44886
1.28691
3.26916
0.785295
1.5041
1.19493
0.823015
0.575667
1.07533
1.23486
0.617238
0.467544
0.629662
1.03468
0.463161
0.0924013
2.99433
1.06918
0.426395
1.31535
0.663172
2.49583
1.19103
1.40641
0.470697
0.475151
0.708802
0.735035
0.296672
0.370167
1.3953
3.78695
0.188238
0.429575
0.887941
6.21229
1.20276
0.656924
1.74948
0.844661
1.15964
0.522999
4.12646
0.552669
0.703241
0.791779
0.279881
0.652173
1.11169
4.44715
0.699496
0.942062
0.949639
0.653814
0.788398
0.651832
0.470885
0.702923
0.888281
0.342322
1.33161
1.26145
0.715971
1.30182
1.15187
0.392606
3.15786
1.02489
1.315
4.69727
4.20846
0.921687
0.309911
0.460212
0.783155
1.34246
0.159039
0.857765
0.544555
0.653161
3.4472
0.338614
3.45875
0.48304
0.654709
0.976597
4.98794
0.591911
0.658248
0.969383
2.10706
0.741386
1.00645
1.06071
1.02668
2.50042
1.39451
0.613173
0.854875
0.481098
0.0773539
0.679668
0.874864
1.21558
3.89535
0.474126
1.38617
0.276237
1.33056
1.18004
0.312803
0.922867
0.857014
3.51414
0.893273
3.96464
0.184029
1.03491
1.31138
0.447897
1.40647
1.30626
0.516724
0.444925
2.88333
0.862618
1.22373
0.708858
0.9426
0.985827
0.71852
0.380146
0.522728
0.367318
1.43675
0.271539
0.522818
1.66318
6.14562
0.833237
0.645894
0.579438
0.936735
1.2377
0.704533
1.04155
0.511447
0.432489
0.389475
0.146057
0.357579
0.242511
0.368787
3.54948
0.578457
0.397428
0.738082
0.512857
0.367323
0.767902
0.688911
1.27418
0.438034
0.697014
0.353832
0.510239
0.410677
1.1538
0.462678
0.615254
1.26548
1.07734
1.02926
0.196501
0.606863
1.59267
0.767128
0.759261
0.897382
1.13245
1.28521
0.455699
1.4182
0.937719
2.24945
1.24163
0.664835
1.47128
0.503675
0.401943
0.91383
0.632267
0.564254
0.654779
0.514164
0.615915
5.30555
1.32245
1.23109
6.44586
0.336141
0.731001
0.817026
0.778961
0.382567
0.229314
1.05553
1.90789
0.520661
1.15635
0.465173
0.361084
1.22357
1.25888
0.259061
0.867807
0.913716
0.160191
0.26274
1.02826
0.566193
0.918826
0.706276
1.31279
0.517119
0.80645
1.0777
0.651625
1.14387
1.07753
3.33789
0.460607
0.62388
1.44796
1.01856
4.36588
0.915714
0.626337
0.689184
0.831142
1.81286
0.302884
1.92746
3.62456
0.382813
0.357553
5.08092
0.959132
0.784577
0.832641
1.081
0.400637
0.494603
1.21853
0.361412
0.216458
1.20086
0.127762
4.1367
0.443956
0.371488
0.334545
0.483961
1.09114
0.616703
2.41433
0.519405
0.796522
3.82877
1.13722
0.286068
0.351449
3.27166
0.400711
0.332219
0.289097
1.50706
0.802712
0.717503
0.744967
0.956846
0.507201
1.00298
1.01828
1.2031
0.906947
0.0849858
1.09071
1.95913
0.553335
1.45999
4.8424
1.30318
1.25031
0.62315
0.56208
0.99527
0.345022
1.49404
0.330209
0.850979
0.426494
0.574623
1.18421
2.47201
0.763946
1.20999
0.560292
0.935789
0.27212
8.38615
0.953209
1.29881
1.82861
7.50345
2.05038
0.289888
0.948476
1.32826
5.61655
0.391228
0.101525
1.36045
0.305386
0.255696
1.18842
2.03495
0.487225
0.965093
0.460755
0.831379
0.322387
1.24317
1.28528
2.2687
0.516715
1.25393
0.952096
1.01507
0.761371
0.287931
0.346561
0.71233
1.31712
0.754598
0.909311
0.7999
0.299782
0.494324
0.0872427
2.587
0.604016
2.68844
1.10535
0.469385
1.3358
0.623466
2.76102
0.705915
0.969233
1.0328
3.35548
0.157105
0.498628
2.64502
0.524043
1.74693
1.13611
0.239998
0.241361
0.678385
0.74401
1.21149
0.14809
0.390126
1.84393
0.428725
1.12162
0.69676
0.117212
0.277975
0.782071
3.52725
1.00119
0.781793
0.882062
1.41205
1.56977
0.364722
1.83551
1.14928
3.09666
1.74947
2.6766
2.26074
0.885947
0.398605
0.918719
0.528558
0.691798
4.73803
2.46123
1.14921
1.12364
0.558702
3.92321
1.28375
0.484768
12.0666
0.735595
0.362063
0.640401
1.36697
1.54465
0.787282
1.81487
0.555802
0.550249
0.56767
1.09906
1.60808
1.02652
1.08825
0.465873
0.509057
0.842581
0.770968
1.27751
0.493746
5.5974
0.860853
0.561737
0.306491
1.11043
0.657455
0.192307
1.0515
0.927151
1.13134
1.32792
0.458312
1.20193
0.898574
2.04049
1.29888
0.701134
0.299741
1.20755
1.74423
1.03995
0.273538
0.418681
0.424101
1.14076
7.60655
1.47113
1.98305
0.669016
0.450665
0.271731
0.627068
1.2824
1.43262
1.06833
0.444659
0.380737
0.967706
0.517911
1.06784
7.27372
0.476252
0.966566
0.368169
1.2883
0.808087
1.27139
0.913376
0.857274
0.388837
0.472066
0.642838
4.42518
0.280183
0.613661
0.736939
1.02825
0.809124
1.13699
0.284041
1.57882
0.696152
1.33659
6.56919
0.604271
0.629445
1.01327
1.52404
0.285005
0.163227
0.508308
0.467627
0.221294
0.326612
0.961089
0.692688
0.673465
4.86055
3.99455
0.857005
0.255555
3.5909
0.839587
0.674304
1.04517
0.70855
0.076617
0.74646
1.1972
0.528759
0.594612
4.20392
0.876337
0.698873
3.9271
0.757143
0.908856
1.0752
0.796523
0.486964
3.83811
4.48771
0.21567
0.715688
0.668406
1.16339
0.880319
1.12897
1.44245
0.221046
0.209345
1.843
4.71881
2.3638
1.14325
3.66988
6.25095
1.4558
4.97256
4.51111
1.13061
0.680656
0.508092
0.964077
0.664338
1.54939
0.248667
0.917582
0.615417
0.364627
0.380426
0.376026
1.03528
2.13336
0.907522
0.803716
0.565219
0.424415
0.563048
0.567633
1.69689
0.265417
0.349623
0.893742
1.119
0.530248
1.05935
0.54436
1.43117
3.34802
1.03003
0.556188
0.345847
2.92966
1.40817
1.17006
0.381217
0.417388
1.23305
0.511353
0.519794
0.273677
1.21923
0.604353
1.80691
0.719517
0.474985
0.98626
0.628617
1.59253
0.350873
0.885146
0.805309
1.07957
1.02164
4.746
0.715458
0.943668
1.08466
0.632954
0.556322
0.25649
0.650804
0.748083
1.0915
0.363862
1.51681
0.972909
1.24938
0.744494
0.54241
4.12447
1.00496
0.650815
1.23121
0.844166
0.933835
0.452677
3.91637
0.510272
0.549254
0.715034
0.734011
1.54534
0.833771
1.46178
4.72788
1.0629
0.776154
0.356569
0.33562
0.793445
1.51844
0.95326
1.21776
0.648179
0.630542
1.05572
0.645088
0.588836
0.957701
1.10611
0.50541
1.19249
0.216235
0.3297
2.72587
0.967319
0.445045
0.387557
1.08119
3.73935
1.20721
1.39005
0.613767
0.618311
0.584448
0.587913
2.67326
0.32406
2.56871
0.0878918
0.78038
0.413523
1.51233
0.793821
1.39291
0.515008
0.329361
0.251898
1.29899
0.957823
1.5035
0.601994
0.942619
0.752728
3.62085
1.31498
2.49666
0.741644
1.72345
0.989888
1.13442
0.683841
0.523341
0.340081
1.18462
1.08375
1.06402
1.17422
0.742817
0.958861
1.04692
0.309689
5.47855
1.02632
1.30557
0.2937
3.25128
0.729476
4.23853
0.41893
0.901781
0.394368
4.86204
0.127917
0.183309
0.532656
3.14432
0.485438
0.998726
0.718347
1.98176
0.817504
1.47441
2.81315
1.25793
1.01912
3.05009
0.491799
0.620298
0.555206
4.67621
4.65522
1.33082
0.319784
0.441658
0.859393
0.716751
0.169368
1.83763
1.02464
1.09409
0.674642
3.34484
0.942004
0.298517
0.447245
1.04164
1.46834
1.13916
1.31887
0.373501
1.09389
0.390559
0.908306
1.13531
0.536638
0.387597
0.18883
0.79363
0.086642
0.988172
1.27739
1.54459
0.347123
0.521691
0.349774
2.68131
1.48124
0.189876
0.591545
0.839595
0.614281
2.50533
0.157073
0.905351
1.04966
1.45938
0.743303
1.3436
1.36565
0.370237
3.72354
0.415048
0.701886
0.613784
5.14505
11.4972
0.821887
1.06622
0.524428
2.73172
1.20124
0.38936
0.888641
1.6854
4.47374
0.536541
0.751845
0.568576
0.489814
0.470536
0.432347
0.514102
0.666436
0.656268
1.39596
1.23462
0.514265
0.878626
1.36031
2.48529
0.903634
0.886674
0.721936
1.12327
1.2941
0.316732
1.46726
1.40903
1.06203
0.635838
1.32198
0.459202
0.885905
2.31234
0.467154
0.318661
1.16187
1.15625
3.82162
0.499568
0.42486
1.25056
0.653051
2.17495
1.26252
0.6692
0.614362
1.24329
0.95657
1.10088
1.00381
1.09507
1.28139
1.53108
0.954317
0.61087
0.724449
2.04775
0.6069
0.306016
1.38694
0.217714
0.496323
1.11616
0.508996
0.548911
0.860922
0.771269
0.606937
0.528706
0.687117
0.964604
1.3272
0.661901
0.711239
3.83052
6.4246
0.464114
0.557373
0.511145
2.65667
0.52699
0.612497
0.442783
0.67493
0.317398
0.727262
0.526431
1.30317
0.318319
1.19325
0.541946
1.42662
1.81917
0.372325
0.699978
0.460018
1.21032
0.638084
0.439364
0.198862
1.34651
1.36054
0.534202
1.1089
2.02731
0.790332
0.512068
0.788486
0.496235
0.738065
0.639317
1.50255
0.691963
1.26589
0.22391
0.0930278
0.86193
0.579725
0.476987
5.46859
0.220971
2.89474
0.860921
1.39731
1.1332
0.485315
0.837616
0.268031
0.434737
4.70441
0.50474
1.32714
0.509243
0.823108
0.253897
0.795084
0.526591
3.58261
0.711743
0.32367
3.32712
1.76854
2.03135
0.53253
0.881715
1.19407
0.672293
0.68785
0.534577
0.707127
0.946924
0.302165
1.28475
0.386798
0.386491
3.79469
0.536695
1.04511
0.0518921
0.700562
2.5088
0.697182
0.676589
1.36009
0.478003
0.473704
1.35458
0.650207
0.766996
0.268759
1.16911
2.07116
1.03366
0.638778
0.807924
0.836717
0.870532
3.02651
0.551723
0.652006
4.67308
2.8012
0.55794
0.741271
0.784649
2.32624
0.920882
1.61458
0.642608
1.06603
0.429873
1.08192
1.28672
0.247338
1.29508
9.587
2.36071
0.885018
1.20781
0.362525
1.08275
0.402857
0.819978
0.0812522
2.5475
0.969092
0.397452
0.271093
0.476508
0.478805
0.169307
1.12561
0.977683
1.20491
0.570411
1.08318
2.9616
0.616145
3.93181
0.504879
0.249949
1.77052
0.497648
0.65036
1.14918
0.504166
0.410712
0.782496
0.707117
0.606135
0.092383
1.28621
1.30881
3.27829
0.670449
0.749017
2.86461
1.01259
0.8293
0.674766
0.838373
0.357483
1.20041
0.750394
0.913394
0.635643
0.729062
0.177924
0.58949
1.09951
0.526892
1.14125
0.131451
0.738003
0.501004
0.176563
0.629622
0.469414
0.416237
4.0427
1.2703
0.56376
0.186105
0.883327
0.461988
2.66395
1.26937
0.662686
0.164867
0.201087
2.63305
0.840076
1.54614
0.127164
0.520932
0.455993
0.548488
3.49691
0.717868
1.27105
1.2824
0.670629
1.18288
2.03909
0.52006
1.73025
0.99986
1.40243
0.360902
5.36687
0.913799
0.516335
1.14823
0.994948
0.374281
0.73298
4.42281
1.47793
0.492656
0.634183
0.828812
3.27964
1.91349
0.533084
0.612479
0.417973
0.773071
1.16319
1.3291
0.27818
0.44602
0.278564
1.16463
0.276111
0.598448
0.827778
0.501186
1.17385
3.99994
0.323728
0.801958
0.750891
0.419352
0.572499
0.941031
1.06465
0.889916
0.370761
0.908489
0.837569
0.64689
0.331545
1.64492
0.640199
2.38266
0.710471
2.14941
0.545786
1.23384
0.787699
0.626013
4.46881
0.573286
1.39296
2.3853
4.23266
0.827749
1.80818
0.674445
0.330362
1.11153
0.358589
0.578322
1.46344
0.505221
1.13671
0.711424
1.13001
1.46995
0.350681
0.264863
3.29664
0.417814
0.675392
4.98804
1.28683
1.95139
1.42412
0.436652
0.563633
0.839814
0.276784
0.369364
0.46624
1.16224
13.0519
0.49455
0.33609
2.99843
0.233323
0.134173
2.17503
0.593682
0.509492
0.270058
0.473521
2.97323
0.46048
2.21416
0.964553
2.00816
0.277688
0.44382
0.357556
0.679746
0.0759214
1.50979
1.79399
0.902433
0.339971
0.693032
1.23272
1.20864
0.594079
1.22131
0.282492
1.29653
0.60981
0.661085
9.92763
0.66699
0.713828
2.41921
0.220534
0.544076
3.67959
0.523326
4.13153
13.5511
2.31157
1.8634
0.985492
0.463341
0.336689
0.392229
0.837691
0.291252
0.382117
0.58552
0.333596
0.802798
0.45619
1.54276
1.96183
0.900045
0.892056
0.927634
0.220495
0.356862
0.929665
0.314041
1.9052
1.05912
0.349815
0.225341
2.81854
3.29523
1.60893
1.93634
0.245127
1.13943
0.359415
0.649235
1.08722
0.841119
1.45286
0.48202
0.455734
2.76532
0.794685
0.47368
0.374853
0.327282
1.07756
0.54793
0.588529
0.525327
0.80239
0.906433
0.738015
1.51043
0.310228
1.10356
0.608074
0.414541
4.87685
1.19309
0.697042
1.1613
0.953076
0.957285
0.690979
0.610781
1.37976
1.16909
1.81123
0.627538
0.198449
1.23223
0.525767
2.10179
0.491914
0.378445
0.978238
0.391776
1.36538
3.67057
0.693152
0.517779
0.758888
1.12292
2.56154
0.469821
0.587604
0.845963
0.741887
1.82977
0.425984
0.561052
0.0984298
1.03418
1.08163
0.52603
1.55384
0.756707
0.627321
0.682116
0.664699
0.488384
0.738019
1.04091
1.71806
1.24115
0.575865
0.975746
1.16397
0.94919
0.325722
1.17751
0.609234
0.610514
2.04741
0.237243
1.17327
0.465734
0.675898
0.303046
0.659603
0.665741
1.66043
1.94535
0.451203
1.97021
1.47306
0.262022
0.275915
1.21304
3.74186
1.15185
0.270399
0.872068
0.0752812
0.330112
0.44966
0.614644
0.401498
0.237844
0.660826
0.876412
1.3912
0.384735
1.40064
1.33489
2.23106
1.83247
1.40285
0.441986
0.966619
0.209873
0.76952
0.273208
1.32213
1.39062
1.21251
0.584122
8.89631
0.837016
0.555296
1.41918
0.829018
2.34249
1.72258
1.27285
1.56201
1.80401
1.74855
1.0811
1.23348
0.446746
0.357697
0.475856
0.315324
0.124117
1.3759
1.47951
0.150195
2.85515
0.629143
0.347885
1.35418
1.18156
1.13674
1.78238
0.552541
0.810596
0.258843
0.722994
0.398239
1.22451
1.24565
1.05999
0.193273
0.535224
0.336167
1.36436
0.680769
4.51142
1.41248
0.502683
3.86531
0.396948
0.692915
0.183511
0.911675
0.343602
0.219321
1.18384
1.09988
0.705993
4.11918
1.45753
0.544035
0.34243
1.23486
5.93844
0.314854
0.375208
0.198995
1.53224
0.74638
1.08315
0.600046
0.37353
0.531182
0.115518
4.40488
0.590865
0.735827
0.726766
0.97297
0.958433
0.369058
3.2947
1.48972
0.187961
0.382528
0.60251
0.684424
1.03046
0.790183
0.665925
3.63392
0.608272
1.4209
1.6792
0.524881
0.809155
1.58326
0.634766
0.47557
0.354228
0.659392
0.562474
1.79887
1.02995
0.520562
0.283225
8.43828
2.3685
0.97949
0.207201
1.14762
0.593243
0.785518
0.342436
0.740679
0.462358
0.284979
0.353751
0.267979
4.04399
1.10103
0.938972
1.36644
0.575969
2.95523
0.874973
0.644114
1.22495
0.742842
0.8886
0.576406
0.870649
0.566082
3.44469
0.899866
0.433017
0.375884
0.199124
0.183216
2.89791
1.42026
0.706266
0.488906
1.37336
1.25978
0.412177
0.75915
0.826832
0.477001
0.857684
1.16241
0.228654
0.597699
0.749092
4.18021
1.06865
0.335074
1.57126
0.743656
0.576337
0.694042
1.1656
0.683496
1.05771
0.990453
1.71781
0.932411
0.733251
1.89816
0.649034
1.40116
0.349007
0.995719
0.650868
0.969352
0.168952
0.205896
1.1427
0.569619
0.634771
0.806604
0.863742
2.56405
0.526534
0.456516
0.874116
0.790674
1.1865
1.37106
0.927437
0.466081
0.533591
0.745346
1.02243
0.651324
1.28463
0.437406
3.53432
1.60915
0.86412
1.0547
2.57626
2.31898
1.02561
0.453529
0.76413
2.0523
2.92051
1.59377
0.730889
0.404891
0.80698
0.310095
0.475706
0.279545
0.853439
0.905929
0.471041
13.8978
0.288064
0.805741
1.4251
0.700506
0.500331
0.356234
0.564627
0.383785
1.31203
2.61138
0.583801
0.173504
1.06481
0.599786
1.14192
0.716475
1.6797
0.489422
1.19949
1.08461
1.34238
0.336138
2.35485
1.56822
1.03197
0.08736
0.739058
0.472457
1.49715
0.647697
0.503502
1.26949
0.742441
1.40245
0.902387
2.72096
3.92701
0.467235
0.759696
1.24975
1.33051
0.943024
1.41747
0.218546
0.530002
1.6894
2.65889
0.604009
4.30039
0.181239
0.469314
0.0382618
0.511923
1.03467
0.577935
4.8484
0.408765
0.428858
0.656841
0.608688
1.00513
0.660501
0.700816
0.108152
1.15753
0.474101
0.528105
3.71172
0.502371
0.488178
1.73992
0.517069
1.35357
0.390864
0.539279
0.885442
1.27626
0.594665
1.28512
0.931864
0.370105
0.416154
1.22332
2.72802
1.16109
0.0877781
10.8107
0.421383
0.307383
1.29907
0.388385
6.96773
0.491123
1.97041
0.497131
0.873447
0.374957
1.50302
2.24631
3.29894
0.504089
0.513365
1.99854
0.721755
0.505473
1.27789
0.526165
0.459828
3.47196
0.167946
1.12352
0.521134
0.326729
0.724637
1.04382
0.356884
1.17646
0.9423
0.417973
1.23491
0.990642
4.13193
0.258173
0.143201
0.349739
1.37274
2.99208
1.23918
0.299367
0.687946
0.99668
0.661973
2.63391
1.23432
1.30571
1.35393
0.353877
0.589354
1.34954
1.25554
0.154458
0.806643
0.670277
0.388464
0.394234
0.845942
0.717297
1.90478
1.10827
0.54077
0.923404
1.34984
1.41561
0.966471
0.516165
0.743601
1.45751
0.521119
1.7618
0.839637
0.51838
0.634302
1.14615
0.343222
0.31444
3.27703
0.776829
1.71143
0.794831
2.6004
0.872925
0.494617
1.29759
0.754997
0.872036
1.58847
0.776679
1.18559
0.325342
1.17505
0.619637
0.467508
1.26944
0.808428
1.04062
0.556719
0.199699
0.46454
0.831272
0.477888
1.28093
0.25774
1.14538
1.49333
0.311139
0.789923
1.34723
1.15108
0.816556
0.622988
0.386404
