2.18767
10.9228
3.08396
3.8849
12.7462
1.87289
4.65988
10.4917
1.80789
1.37184
1.26121
0.896552
2.9721
2.10495
1.16102
2.67597
3.91024
1.81347
6.42472
5.18723
3.62865
2.64531
6.33533
3.64577
4.63714
2.12278
6.80086
2.93845
2.33031
0.982509
3.96129
4.62731
1.57636
1.20715
1.24133
1.84492
2.16212
3.17832
2.77611
1.77611
2.63152
1.52898
7.60592
5.73257
2.78586
8.72694
2.7612
3.46024
1.21657
2.81918
14.5753
1.28624
1.50667
3.82313
1.60044
7.06495
4.85832
8.30246
1.58614
2.44501
0.372652
12.7232
3.82791
4.65291
3.61485
5.04193
7.33848
5.73456
1.27481
1.37086
13.1183
1.22344
2.32006
12.0685
2.82636
2.18409
5.33638
4.64305
1.13264
1.27554
2.80685
3.00834
1.98369
2.18458
1.20571
2.59074
7.31638
8.92902
3.78672
1.36907
10.6183
1.59308
1.19738
2.60602
2.13785
6.44614
14.7526
3.24345
0.986532
2.77579
3.08246
2.77924
3.48925
3.46146
3.29379
9.61261
4.66717
4.00033
3.00021
0.767949
2.07926
9.0062
3.94291
2.8097
1.78952
4.1336
3.79317
4.93044
3.59087
9.24816
2.23516
1.1397
6.43355
6.95819
9.821
7.08726
4.86466
3.89438
11.7184
3.42937
2.03875
1.05597
3.34611
5.88209
5.3691
4.13552
3.12167
4.94696
2.25072
1.7534
1.33565
5.60459
1.3951
3.30292
1.49243
2.69008
7.6735
2.37776
1.61646
3.47691
5.6722
2.42767
3.16217
2.41932
5.82363
1.25028
6.6717
7.63135
1.13129
6.48231
6.85171
5.5097
1.61713
3.32756
3.7117
12.8961
0.728619
8.45513
3.24535
3.1209
5.05093
4.1759
1.37268
2.55161
2.08068
6.66717
2.15391
8.26597
4.18877
3.58298
2.71143
2.77496
8.51217
5.16804
1.135
4.04173
2.97867
4.10193
5.13071
5.8058
3.23861
2.72842
2.64603
1.65061
0.882429
2.27327
0.460029
3.18495
2.41932
3.72436
2.48487
1.11228
5.82518
2.94051
2.69089
1.55651
1.60623
0.536304
4.06379
0.821305
1.44862
3.07431
2.78794
1.56498
5.15426
1.31909
2.72415
3.27912
11.4076
2.58325
4.47578
5.53797
4.23412
0.853209
2.56782
1.28971
3.59071
12.7007
4.46523
2.36858
3.22224
2.34508
14.0279
4.17688
9.17998
9.107
7.56181
0.802114
2.9382
8.3323
0.899161
5.19102
2.31529
3.17749
3.37686
12.047
2.24265
1.90471
3.71851
3.11362
1.17406
5.68333
5.2031
2.55108
5.00431
1.63087
3.72784
3.97399
2.63569
6.69176
6.96106
11.9098
2.40771
13.3282
1.85365
1.06992
0.746808
6.98362
3.22674
5.82548
3.0688
2.41721
3.98817
3.08781
1.82571
2.46388
2.5651
2.16015
6.9914
2.77432
3.452
0.350953
3.2989
7.07815
1.63382
1.39346
1.47992
6.46142
10.6008
9.36472
3.13186
2.13598
3.84569
3.44102
4.76365
11.4931
3.02207
6.90643
2.96168
2.1352
2.16867
7.68042
2.72882
2.79651
2.03889
7.75833
1.57303
3.73956
2.27604
6.84798
3.38925
2.56871
5.30913
6.47666
6.25617
0.935181
11.2865
1.61452
3.49039
2.06141
0.567106
10.4582
8.0554
4.28155
5.10182
1.33381
3.74415
6.73013
0.382555
3.15254
4.13455
6.67655
10.4575
3.77992
2.57553
10.7164
1.94677
1.41391
4.98821
2.45858
2.47924
6.43724
1.92204
8.3031
2.69444
2.41393
1.71564
2.58354
2.49354
1.64674
1.68499
3.78444
3.56856
0.921114
1.29725
8.89344
10.9574
9.11897
6.93345
3.34829
6.68875
2.62432
0.715846
5.2865
1.03237
2.41164
3.63915
2.25093
2.81665
3.24861
3.6003
5.35028
2.12548
0.809981
14.5269
1.94679
3.50732
2.18874
2.00133
6.0274
4.63864
6.64878
1.89225
1.74273
8.69996
1.09831
3.76728
2.68731
2.099
3.29692
1.89907
0.583125
2.67289
4.2195
0.387546
4.34482
5.06539
3.38645
2.95202
2.41981
1.48005
9.17887
1.72846
7.2991
2.28207
4.46302
2.02252
5.38639
4.91241
7.00047
6.39695
4.81133
4.05551
2.34028
2.03722
2.57492
1.89021
5.65268
6.23867
4.12329
0.724622
7.08078
0.616843
3.70925
2.01002
1.82212
11.4177
3.98968
3.60128
4.54471
2.37323
1.07238
2.60535
1.53562
2.44173
2.43965
9.04297
3.63431
3.8842
1.17463
0.367284
1.4085
1.5516
2.50572
1.52349
5.39439
1.01893
12.19
5.62394
1.80229
2.46818
3.5256
3.27359
4.27771
4.50923
0.963483
3.82257
9.03588
3.30225
2.01022
3.95953
3.26104
2.36155
4.4642
1.36186
1.75969
2.60167
1.7149
11.8497
1.8448
2.78499
5.1643
1.18485
5.2576
4.12975
2.01578
4.82166
1.42274
0.652215
14.5637
3.75281
1.88074
9.78761
7.5812
4.27996
1.15425
12.2685
3.58269
2.95269
4.03803
2.83457
2.62532
11.8812
2.23606
0.523406
9.81192
3.70885
1.86606
4.55123
14.8144
6.43142
1.23692
1.69782
2.36562
1.85401
4.26129
2.79931
1.36806
2.73497
3.56306
2.29308
0.373285
3.24663
3.14704
2.463
7.94725
2.61863
0.350993
2.79026
2.22519
2.07428
3.24525
2.77318
6.54939
2.13565
1.38723
0.752405
3.995
8.0995
8.02207
3.28092
4.10914
1.63882
2.93698
1.78911
3.71989
3.83641
2.88217
1.75727
0.913457
2.29492
3.41731
1.65282
4.91493
6.27743
5.81102
1.48882
3.85315
2.64569
10.3049
2.00485
3.23041
3.65014
4.78834
4.65652
9.52738
1.77486
0.313412
6.70559
1.66752
1.33473
1.10842
6.10499
4.42446
2.6549
4.6534
3.10701
6.8442
2.20441
5.396
1.56596
2.69285
12.3351
2.55085
5.58034
14.5442
9.85299
2.15655
6.40948
3.75385
2.27573
1.73279
4.86584
3.23653
2.68009
7.69841
3.64726
5.1015
3.81905
4.33552
2.96428
1.5757
1.75825
3.07296
0.623495
4.49368
4.4455
0.383263
9.24398
5.45132
1.34545
3.16936
9.51897
1.11548
3.75415
2.27798
4.45523
2.04969
5.17083
2.95552
1.41465
6.26451
6.15927
4.5723
3.42797
3.38445
2.8529
5.15057
4.97784
2.90136
3.75706
11.0015
6.04822
14.6565
2.05931
0.853411
2.01648
3.49553
3.52451
7.81939
8.66008
1.10917
1.03307
1.70774
3.53148
4.14681
6.04175
3.38759
2.28265
5.23671
0.787181
8.87552
1.46536
5.97756
1.66274
7.98825
2.25956
0.322559
2.76065
0.679264
9.27881
11.357
2.11296
0.687381
0.902236
7.13993
2.29664
1.86407
4.91
1.37714
1.93321
3.24723
2.48918
5.05869
2.24505
1.20272
2.27152
7.95024
6.03412
6.51871
4.17754
1.06167
3.62478
10.5341
2.91501
2.86805
1.81234
4.16165
2.80087
3.46966
3.75053
2.88702
3.96514
9.9577
2.91857
3.34882
0.827005
2.29871
4.01877
2.65217
3.72346
6.00642
9.2712
1.39428
2.79108
4.01946
1.3562
7.19706
3.74201
3.08473
1.93455
9.7644
3.57871
2.07381
3.76264
4.17041
3.67162
6.79223
1.97039
8.67883
5.5748
11.614
0.645751
6.88181
9.53009
1.0435
0.769018
5.30044
4.87237
5.67417
5.97743
3.6236
2.77055
5.10229
1.28022
3.73515
8.04229
2.20925
4.16755
0.611475
11.1595
6.64415
1.95194
0.519468
3.21536
3.25792
1.14841
2.9796
1.92209
0.0977255
9.9041
1.98452
2.85083
3.15688
4.28389
2.601
12.8657
2.62207
4.97148
3.01484
5.11332
7.90915
4.73635
3.559
5.15199
1.4917
2.48389
4.10844
1.8546
0.952379
8.34539
4.43366
3.22878
1.29988
4.4641
2.58172
10.4467
2.12733
7.72765
5.2154
13.2942
5.32211
3.26209
3.56224
2.30999
3.77411
6.67145
6.31939
8.84665
4.23616
2.55112
1.13532
6.46819
3.07421
2.00397
3.27875
1.66478
2.30584
6.52212
1.49345
8.33445
4.93918
5.88005
1.81443
6.29526
4.2407
3.6864
1.89011
2.37387
4.04866
2.20016
4.73958
3.6586
3.11462
1.40407
1.91311
1.36736
4.39868
5.83707
1.91514
10.7804
5.01244
3.35843
2.60925
5.61274
3.30028
2.23396
0.561973
4.09531
2.86984
2.01091
3.62178
0.893442
2.11643
1.39485
3.08707
3.40003
1.47495
13.0242
7.50833
0.778825
4.48492
1.95262
3.13183
3.5246
5.33474
2.5711
1.06161
2.8128
2.99723
3.2036
7.97802
2.20495
13.6111
2.4516
5.53078
4.79086
2.47101
1.97899
3.70953
5.67039
4.62374
4.22261
1.66205
3.33349
1.45507
4.3344
0.539002
7.44362
3.15072
1.64851
2.40077
3.67083
4.87044
2.90608
3.57561
14.6618
2.68635
2.59314
1.9091
8.74647
2.22855
2.29876
3.65425
3.67714
2.6249
4.50688
4.35529
0.803672
1.55942
1.6577
2.98521
1.64087
2.89248
1.9807
2.20955
8.20034
2.08879
1.61531
13.0814
2.07191
4.33318
1.94698
4.44534
7.93254
5.13053
1.41467
7.27861
2.78275
2.54132
3.83791
1.59083
3.58072
13.5206
1.83732
2.07258
1.94899
1.87592
4.08596
2.20682
1.43167
0.5704
7.07355
1.9583
1.10424
2.12506
2.26563
1.11551
4.56317
3.4872
2.58947
5.3098
0.619355
10.3465
1.89634
3.90731
2.71206
5.01751
3.24749
1.88418
2.85584
3.10528
3.03914
14.2723
3.63161
2.60134
1.21353
3.20198
1.01888
1.76249
6.95067
5.11475
2.27747
4.44519
2.99474
1.14644
5.56427
7.36097
2.01328
4.28932
3.37958
3.22626
1.69762
3.20262
2.82534
3.65868
0.296473
3.88135
2.985
4.83
3.92213
2.32985
6.81994
4.7474
10.1044
9.35759
2.69871
2.30263
4.91439
1.86868
2.54532
4.16561
0.426108
3.87664
3.66748
0.856888
2.03639
1.65851
3.93442
2.31686
3.38344
0.711583
1.41169
6.52775
5.70022
10.678
4.28971
3.07021
7.06127
2.53069
2.01777
10.1352
2.02616
5.31547
4.17278
2.14347
13.5156
3.58624
7.3626
2.58927
3.27616
3.52045
7.68268
4.10466
8.79359
6.16895
3.92858
3.67847
1.09409
3.27789
2.38002
3.41551
6.2599
5.70529
4.5055
2.78714
2.49019
4.45422
6.03395
2.2727
2.70247
3.28513
2.98865
1.19612
0.300932
2.76518
4.91012
4.09374
6.42708
2.51562
4.05812
9.62934
7.07623
3.42525
1.93783
2.47366
1.40311
2.34892
2.26631
5.31081
2.45688
1.7637
4.17254
1.20344
0.790865
1.29282
6.30955
2.107
5.15374
5.62815
3.99001
2.35654
3.1671
1.97105
1.054
1.70339
6.27609
11.589
2.06503
0.704594
1.99493
4.96452
3.3397
1.32939
3.24587
8.30548
2.36699
1.52183
2.73779
2.62865
5.66514
3.40214
1.17089
2.49807
1.28528
3.25581
4.40173
1.51023
3.63708
5.09202
2.32904
2.8248
4.63584
1.57757
0.919632
4.88183
4.45427
5.22487
1.94285
4.75487
7.89329
3.49271
5.29657
1.51702
1.35208
1.89737
0.841979
3.44738
11.3704
1.73712
2.52275
2.37782
3.75926
2.28343
7.40255
2.68646
7.13112
4.40736
4.18336
1.26532
2.48819
2.5707
3.51861
4.85348
2.23006
1.94426
3.83044
10.2879
1.36712
1.85759
0.990945
2.21035
2.43757
6.4416
1.83539
4.3611
8.71995
2.80724
3.75207
4.48855
1.03396
7.49395
2.32001
4.72746
0.392186
3.09897
2.36335
1.48398
2.55688
3.60637
4.44891
4.16608
1.3893
2.95874
10.9012
1.80856
3.89336
4.36484
7.34774
5.74356
1.5372
1.21271
3.50875
2.37152
5.10439
1.89223
2.19565
4.58295
2.77907
12.9001
3.75417
4.54538
1.93508
7.05549
3.26929
8.64468
4.73437
1.91392
2.68602
5.33237
8.66658
4.99052
5.80555
7.34701
2.38875
5.02428
3.29877
5.32928
3.84206
4.08883
1.3198
1.71988
1.76189
1.61394
3.81597
2.70459
3.03473
11.9515
14.5117
3.04793
6.56251
2.07587
0.587116
1.94314
1.85881
3.37295
3.06096
7.00473
4.45105
1.49965
5.08355
5.37273
1.9896
1.33409
5.85389
5.92751
3.88622
4.33454
9.86342
5.05572
4.48456
3.66198
2.2305
5.81767
2.63242
3.00302
11.5515
2.44853
3.57515
4.09328
2.75697
2.10143
4.54239
14.9593
1.91589
1.31768
3.11921
1.61205
2.98991
1.90646
0.746813
3.3789
5.82898
6.42811
1.45053
1.58288
4.09578
8.28317
1.62986
4.29805
5.30127
0.952031
1.79801
1.14159
3.47498
7.92736
0.903257
5.9901
9.69945
8.06946
6.97541
7.97364
3.04675
5.46732
1.98175
1.17239
4.35844
0.76484
2.6437
3.61718
2.52238
6.06394
3.29108
2.09202
3.87428
3.78412
13.3929
4.66446
3.31805
1.69814
4.62409
6.20408
4.94043
0.862433
5.1105
2.33307
0.608604
4.12751
1.7607
3.16332
6.51111
3.07875
2.13193
3.58591
2.76584
3.69821
3.96419
2.87772
5.02482
2.86386
13.6133
3.51987
2.89
6.22651
1.11508
1.99196
2.04387
6.4832
1.70477
3.78775
5.86486
4.16398
1.75874
5.2631
1.72405
3.47726
4.13951
6.94032
3.60319
4.88152
3.74052
3.28568
3.20416
2.30103
2.5513
2.91343
6.06916
4.54623
3.22932
2.77463
4.9306
1.94363
1.45268
14.7654
3.02784
12.8588
6.13891
8.69056
2.45072
5.96701
3.54559
4.82929
7.86858
3.35859
2.5067
2.39789
2.67433
4.76885
1.85313
3.01656
2.77205
1.58429
2.45376
0.221987
3.06094
1.38766
7.89897
2.62506
4.03864
2.49416
4.63747
1.27501
5.04869
8.05446
3.86462
2.68501
0.894673
5.57799
2.6136
7.23272
10.2324
12.5191
7.95089
1.93356
4.0242
6.98113
1.71547
2.11231
11.6866
4.09242
6.94518
4.15483
5.56986
2.73728
3.72126
1.83519
3.84365
0.605535
2.08451
4.44735
2.2187
3.68344
2.39232
5.40655
1.67034
1.27375
1.29342
2.86249
1.7935
1.92922
2.8932
3.702
3.37078
2.40606
2.64486
1.35213
4.79334
6.90344
3.76036
5.78098
7.3582
2.72676
7.88787
5.8144
2.49209
1.96813
4.10445
3.68959
2.37552
5.08628
4.37549
6.3914
1.63995
1.20102
1.7045
1.92919
7.87149
2.55527
2.74809
5.11923
4.26685
13.2213
2.16716
1.2152
7.11297
7.05976
1.94968
3.47916
2.63377
7.07329
3.39596
1.68697
1.72611
1.95315
3.44995
4.47486
2.8865
11.6492
2.80361
0.725175
4.25367
4.40476
1.64658
1.23104
0.358997
4.34598
2.65748
3.71554
1.43887
1.95932
0.916353
2.0139
0.737341
5.2409
2.27773
2.68021
1.60279
1.20184
2.42749
1.93633
9.14627
0.684934
3.23
5.97642
2.89116
4.96309
0.135228
1.22091
5.80975
2.72469
2.40363
4.4367
6.34886
4.29855
6.36157
2.60731
3.95608
2.077
1.42444
5.07629
0.157241
13.365
1.09023
5.08499
5.84584
3.60818
1.84184
11.8028
1.99206
3.97062
3.44663
1.13496
3.14854
10.3026
2.47044
7.98095
6.4362
7.83475
5.39679
2.84332
2.5917
5.92562
2.23463
1.76913
4.33313
1.81144
2.4973
3.50301
2.92987
2.88524
2.12975
2.21601
1.89065
2.97741
5.17923
4.58554
3.58468
3.27898
0.831799
3.10095
3.26949
2.52671
1.32794
1.31559
5.00191
3.70851
2.99393
3.78938
1.75753
7.82836
2.03516
7.26055
10.0026
5.08446
3.13971
7.81313
4.26391
3.56202
2.88028
2.16139
4.89982
2.11977
3.13666
1.96302
0.995775
1.36068
5.37071
2.08209
8.79672
2.6007
2.07426
10.0609
4.9325
10.7315
5.07691
1.74106
5.36236
5.86284
7.6603
5.92776
2.95189
2.36776
7.22743
12.9479
3.51585
4.90516
4.52253
3.12949
7.6083
2.87852
4.95183
1.33445
1.61469
6.82083
5.70253
3.09333
3.25075
4.31931
2.02659
4.85653
1.43967
6.5109
1.88693
0.481482
2.55529
0.857458
4.68612
13.6375
1.39372
3.60352
3.59734
3.34133
13.197
0.819614
3.8873
6.65753
3.3998
4.11004
3.15888
8.80239
3.50374
2.94253
1.96419
2.93977
2.51875
1.77967
13.1971
13.0584
2.35649
4.63036
2.94125
4.05859
1.21502
2.516
1.62851
2.69493
1.45663
9.09686
3.15229
1.42949
2.39342
1.70068
1.36893
14.1197
3.35894
1.03605
3.38897
5.82953
4.69712
2.37765
1.67096
2.22412
1.68015
4.05864
6.6829
1.22418
3.57894
4.38598
2.13007
1.12585
0.91971
2.5132
0.62375
2.62102
2.1605
4.91828
0.601476
2.5706
1.98736
0.836761
7.17692
6.11028
9.30528
4.71277
2.57696
2.47728
0.791893
2.17885
7.38702
4.19268
3.56967
2.61035
7.06264
4.40404
2.52101
9.89937
3.18403
2.43149
2.68181
1.95539
9.59947
2.69659
7.68015
11.4907
4.82868
3.94874
2.7649
9.28676
2.21739
4.4448
3.55887
3.1505
3.97942
5.76051
0.739938
1.35578
4.40496
2.37976
2.37955
12.4301
11.5192
4.27556
2.46111
5.76479
4.819
5.58484
1.87318
5.40784
5.25043
2.84947
4.5378
2.42107
9.89786
0.543191
4.13513
1.9059
11.9159
4.25113
1.59096
1.99652
5.00618
1.65359
1.9911
2.54256
3.81643
4.84818
9.4739
0.228836
2.46299
5.03988
1.0587
13.0007
3.88779
5.24651
1.54154
1.77086
2.86971
4.07477
8.69821
0.48404
1.63353
2.81607
1.76157
0.964082
5.10988
2.1136
1.37033
4.99408
2.21082
1.4999
2.04147
4.82663
11.9868
3.53618
1.75327
4.76854
4.33635
5.7453
3.9135
2.13688
3.32056
3.95922
1.79811
1.18768
1.38647
1.7334
2.57248
11.4434
3.57435
3.23221
1.72565
2.63425
0.846977
1.55383
4.65757
4.36249
5.56974
2.11639
2.06474
2.49636
6.10243
4.21855
2.21394
2.78203
2.06886
3.75596
2.48826
10.9564
1.00882
0.83463
5.54966
1.24063
1.14163
1.95123
1.78187
2.62765
10.6211
2.732
8.6987
4.38578
6.5591
5.06565
3.47494
2.86352
2.23002
4.76994
4.37405
4.9914
3.88942
2.89303
1.25208
2.13002
8.58955
9.18839
1.47578
6.23952
1.75309
6.27942
2.06408
9.71037
6.05522
2.59252
1.9909
2.83874
1.36832
4.91615
4.26484
1.91698
2.50242
5.92892
9.10394
4.18451
7.31926
7.69942
4.48471
5.29074
4.42348
6.29722
6.64857
1.61869
1.33868
5.75763
1.31228
5.94637
6.50393
3.02674
1.71268
8.48091
1.03032
2.15744
1.96606
11.971
2.70932
12.1941
5.56402
2.91096
10.365
2.76736
1.26629
1.56371
1.71632
3.55534
2.64392
4.96816
14.6256
5.11437
1.01589
2.97529
5.60989
4.20811
2.4636
4.53109
12.4207
1.47454
4.24745
4.87102
6.5074
8.33263
1.25508
9.65729
0.885061
3.13662
4.4755
2.25779
3.5751
6.11411
5.03455
5.03037
2.63294
6.96644
2.13189
1.33462
11.6224
3.91919
1.96511
4.31354
4.28761
5.25489
5.63179
2.18021
3.0742
2.68401
14.1502
2.94772
2.18484
2.12723
8.94954
0.862024
4.04971
0.899546
2.48701
1.28211
2.92489
10.4748
1.82718
3.57052
3.04349
1.64682
2.07628
2.2437
1.79474
2.98856
1.92782
1.72954
3.28738
4.38052
7.09698
1.01898
0.557579
2.72336
3.17063
2.99636
3.26403
5.08253
2.60586
4.30788
7.25332
4.74312
5.06071
1.42385
1.09877
4.08637
2.32026
6.24877
2.56653
4.13876
3.10814
9.30433
0.882613
1.75343
2.25798
0.884044
3.16503
2.48977
2.19803
3.92211
1.45199
1.6349
4.64603
1.83185
9.27358
2.04981
1.01306
4.15206
1.92674
2.22482
1.7055
4.73104
2.78753
4.83864
1.00788
3.09982
2.74183
1.30707
1.19984
2.43448
8.47014
5.96656
1.6806
6.68519
0.937381
2.3438
3.44528
1.59385
11.4733
2.44209
1.06941
1.55698
3.76083
3.46036
1.95283
4.91998
3.48039
2.23867
5.43604
5.19337
3.76757
8.91762
1.75793
2.73383
1.74343
0.694757
2.60769
2.81173
3.11526
2.32768
2.76434
12.5747
6.71466
10.2657
2.37234
7.68393
2.60154
2.12348
1.54687
11.417
3.21816
3.60316
3.54154
4.4231
3.72969
1.80753
2.48495
3.94595
0.947558
2.04853
4.51023
3.19189
6.55065
6.71488
1.63517
6.01143
2.49074
0.496449
2.50084
0.3151
1.50766
1.9559
2.19299
8.80918
1.46008
2.14453
4.91016
2.00512
7.38461
2.96185
8.99067
6.33925
9.38685
2.20439
2.28045
3.02852
3.02842
2.21383
5.06616
2.77183
9.71918
5.41771
3.98192
2.76216
0.878402
10.1883
3.80421
9.82299
3.66219
1.02435
2.65624
0.723179
4.08561
2.80388
1.32391
2.26117
2.54098
5.84457
2.22189
2.87437
11.5649
3.34408
8.27886
3.75544
4.82192
2.12777
2.75839
6.76233
1.28866
3.64114
9.39176
1.78282
7.50862
3.42636
1.16938
1.94452
1.35567
5.24795
7.28444
2.65737
0.888746
0.725012
5.21876
3.95892
2.87987
3.35967
10.8603
3.33809
6.86386
1.98291
1.67581
2.38453
2.66514
4.05424
1.80785
1.47816
2.31343
2.25844
3.71372
2.07644
5.71767
5.10028
7.24391
0.24396
2.45097
2.11964
1.82297
1.03475
3.93375
1.98501
3.07179
2.78266
2.34346
1.52311
3.45997
9.02519
3.14006
3.22702
3.53378
2.51036
1.34925
1.90567
4.15389
1.50866
1.68444
4.73041
5.96282
2.55214
7.0312
2.90881
1.13398
2.36866
1.97222
3.87971
7.84728
0.921813
3.06137
2.2381
8.26847
1.34809
4.67429
1.79159
4.21514
5.53851
2.55443
3.32254
0.914356
1.20476
5.43896
3.29394
3.95837
2.82308
2.29397
2.03838
1.98624
8.68883
1.06633
9.7886
8.23596
2.01374
3.72716
10.8687
3.17278
3.22865
6.63843
0.652888
2.35232
2.35207
4.53501
3.54015
13.5949
2.0134
2.10974
0.801755
5.32082
9.73038
2.73157
6.55187
0.689609
3.52113
14.7845
2.0518
4.82775
1.18563
2.9733
3.61497
5.33953
9.24814
5.97594
6.61035
2.74689
1.3856
2.85103
1.66091
3.23889
1.1352
1.23227
11.9001
2.63062
3.13058
3.96604
2.3278
3.80637
2.51591
0.972522
6.82014
3.01888
6.78474
2.86255
2.97298
4.57729
1.81929
2.77583
2.96661
3.33272
2.26383
3.27393
4.83785
1.65938
3.09465
3.14713
2.78031
7.69793
0.851732
3.58629
2.93064
1.63199
3.69825
3.57115
4.27251
3.03731
2.10631
2.39012
1.68248
4.81015
3.73229
1.54508
9.74305
0.892726
4.57528
2.19035
2.7356
2.73822
0.522471
2.5943
9.92692
4.99297
3.61451
6.10697
5.36497
5.68892
2.57996
13.3209
11.402
0.65545
0.564362
1.08242
1.75797
1.45351
1.46362
8.35449
3.54447
4.69793
3.28768
10.9847
6.90457
2.7699
5.62198
2.19874
2.20964
1.0245
7.24531
4.36023
6.84227
1.42217
4.87199
3.33434
1.41981
1.68547
5.73738
4.63913
15.0656
1.66474
5.46951
4.23463
2.96892
4.42001
3.67861
3.68831
7.41528
2.76734
5.06253
5.44567
0.79154
2.45926
2.19519
4.69999
8.55006
2.61446
1.54652
1.42933
0.810996
1.8187
0.884649
1.68581
2.51323
3.88978
6.02066
2.29557
13.1537
4.3861
13.6808
0.785118
5.29012
7.44068
6.47756
1.86493
6.79438
11.6416
3.23359
2.10665
7.07471
6.60318
1.4254
3.0268
5.31365
5.37341
4.61048
1.51434
0.75798
11.3282
2.77047
2.79203
14.0011
5.76009
1.74404
3.11028
3.4698
3.29931
3.6737
5.24955
2.46334
3.47199
4.12747
3.23652
2.35786
4.95419
7.55716
5.83846
9.09092
5.02752
10.6907
4.505
2.52415
3.41979
1.16048
3.46145
5.89574
3.01577
1.22311
1.35986
1.01753
1.97729
5.3589
6.96236
2.01962
2.41876
6.99562
0.743618
2.02467
0.76943
1.78012
5.51726
4.04539
10.5343
1.72309
7.75092
3.84416
4.80204
8.75974
2.74821
6.9124
7.36619
0.856391
2.86207
6.77826
2.36874
5.27532
1.06635
1.68547
12.2643
1.7378
5.09745
4.92912
10.289
9.17464
4.84731
4.50452
1.81174
4.17806
0.551263
7.53631
1.45148
5.21089
5.90606
3.11869
5.46335
4.78477
4.45926
4.11358
4.66588
6.06772
6.95738
1.75268
4.95433
2.05176
6.68625
1.15115
1.85032
8.69557
6.27096
1.21988
11.2224
5.96696
3.45329
4.57064
2.26125
6.64268
0.836826
1.57037
2.52525
2.1894
2.53232
0.802038
4.8279
2.77743
1.94084
8.83594
3.38323
1.60615
3.02094
6.33884
2.1964
8.8757
4.55238
2.75141
3.99344
2.26061
1.80865
3.70155
3.75867
2.96558
2.56541
2.96041
4.73542
6.86397
9.10975
11.1212
0.87674
8.08443
4.79038
3.86362
1.40762
2.57807
2.17124
3.1461
2.39461
0.993501
7.72865
13.8336
0.729637
3.4049
6.58531
13.1597
4.98448
5.09426
8.26957
5.44789
3.31507
1.21782
1.12956
1.63128
1.14893
3.23117
2.59113
3.83941
2.72419
3.40777
2.08776
2.71833
8.49506
7.49453
2.78356
2.56895
2.80817
0.545189
1.48666
0.952872
4.80985
1.73595
5.5601
2.52167
11.152
3.91627
2.78128
11.4498
2.47149
5.28107
8.78554
3.5055
10.9723
4.00991
3.42979
3.24756
9.06396
1.47843
3.39399
3.4191
3.81182
2.68756
2.01657
4.09715
3.24616
3.31818
2.64581
1.01284
4.32679
2.06151
9.34524
2.38782
8.81987
0.959499
6.02646
3.17582
4.67948
2.8719
1.65429
4.85689
0.668933
11.5504
2.58944
1.6271
6.39557
3.90322
8.57873
1.44457
3.16909
3.8183
2.51512
1.00989
3.88617
4.84791
3.23633
2.46777
8.88612
4.11153
0.467764
3.08605
2.71527
6.99383
11.8156
1.40602
4.29807
1.90728
11.1649
2.00768
2.38877
3.76819
1.43543
5.61041
1.77085
2.79632
2.87456
2.41527
3.99782
2.15883
1.89518
5.00733
4.40348
3.3027
2.80591
2.22545
2.12193
5.00751
7.35707
4.78103
1.87216
9.48564
4.83861
1.42362
6.16065
2.25936
10.1477
2.94347
1.87683
1.4287
5.88715
6.58008
3.4286
2.13742
0.995925
2.52312
3.12493
9.27918
1.16219
0.46023
2.48826
1.77194
8.84208
13.1877
11.234
2.42839
1.01937
7.05549
2.57994
6.02841
10.3046
3.06655
2.48626
4.70398
1.93963
4.24816
0.803393
3.1515
4.24631
12.7202
1.63797
3.16882
0.829882
4.53323
3.15703
0.454435
11.5015
3.28033
1.9867
6.43189
2.06869
2.83725
2.17537
5.63201
1.34759
3.43778
13.2496
4.70555
3.21353
4.06943
1.0119
2.61259
1.77802
3.29983
2.76564
2.10702
0.57861
3.4587
5.16567
1.23036
1.14952
2.10398
4.50766
4.37016
5.93466
2.34196
2.77277
0.255718
2.65406
6.42086
7.92954
5.82335
3.89635
5.9843
4.37201
1.22125
2.94222
2.5819
5.96298
11.6352
1.50183
1.27607
2.34362
3.58442
6.54875
2.28679
3.65377
1.61936
3.00128
0.812259
1.19715
1.73613
3.09943
4.86222
13.1872
4.56456
4.60804
2.33131
2.37677
4.50787
8.84873
3.61356
5.24262
2.5759
2.08931
5.50004
7.72008
1.38674
5.75651
2.90737
3.46148
2.75742
4.58269
3.69129
4.98466
7.58202
10.8692
2.23781
1.67997
8.8408
3.89657
8.16908
4.87536
2.56711
1.511
0.843172
5.34833
3.45767
8.98751
2.941
4.54158
6.4821
3.64628
3.63379
2.93665
2.1033
2.67738
4.52231
1.48114
1.81667
3.84807
7.93459
6.40567
3.97328
3.67592
1.17015
0.945312
1.89229
5.21385
8.86506
8.65672
1.91338
13.3745
10.5409
9.24542
3.55184
7.34131
2.0864
1.6166
2.22961
1.6387
2.25319
1.60144
2.49861
5.7384
5.55176
2.67181
2.41844
3.25259
13.1896
0.673199
2.11692
3.34236
1.08778
4.78345
2.80994
3.71624
2.66695
11.5483
5.09611
3.70231
2.04411
2.94927
7.00369
2.72305
7.47979
1.59087
6.03665
5.93556
1.25454
6.11636
8.84808
1.41839
3.26893
2.30545
1.10248
1.02221
2.95869
4.00256
4.10599
2.90438
2.50462
4.66355
4.73287
1.42952
2.66437
1.03628
12.1538
1.44713
7.9621
5.95677
1.42777
5.40315
1.96545
2.16044
4.04391
3.32485
6.3243
3.92703
1.61512
5.25026
6.54139
5.33948
2.31989
1.629
1.88955
3.77279
4.78272
1.84334
3.19053
0.937531
2.84156
4.34359
9.44138
0.96253
2.45922
3.77299
1.26857
2.81305
5.2914
2.12481
3.24197
2.06707
2.89993
10.8798
2.04208
3.06532
3.75648
6.48056
7.45336
1.58778
1.88919
2.37865
0.893312
3.6555
3.81742
3.43392
4.22634
11.0304
1.38942
3.16958
3.30453
1.50002
0.607674
1.01317
4.58635
1.64686
2.26113
4.79387
6.66968
3.08386
3.10673
0.995969
1.86594
8.18547
0.85442
3.49868
8.58585
4.40026
3.99775
4.585
4.04422
1.3414
3.86046
2.49608
3.12987
4.61473
1.97694
3.84939
1.98353
8.30229
1.85929
0.384326
7.52783
3.07086
2.57437
1.99608
15.014
6.83179
3.45343
4.04706
2.48728
2.46508
6.31263
2.64309
4.12377
7.89589
8.24626
0.813333
4.04477
4.24698
4.22359
8.26456
4.92334
3.31752
10.6025
2.08022
13.1337
5.99151
0.491976
2.78447
4.74768
5.28226
10.9175
13.9451
4.12198
4.48513
4.94755
1.5095
3.67123
9.41544
2.44384
4.06169
5.54836
2.43105
3.852
4.9243
3.32825
6.77196
5.93677
6.14616
3.01728
7.27099
1.47348
2.43593
2.36942
0.876841
4.23827
1.18902
4.78049
3.30198
11.9663
2.90583
1.39621
5.87188
3.92828
6.71788
4.12043
4.30771
4.84849
4.83092
3.08774
14.9017
2.04891
2.28526
3.64564
1.31961
2.43821
2.55046
5.52078
3.39709
0.767265
5.03191
3.13929
2.46527
13.6563
2.81489
0.957991
1.88494
13.7246
8.32657
1.43268
1.97804
1.23488
2.00353
1.70894
13.0511
2.69134
2.09641
3.30016
1.56931
1.1474
1.69506
1.63787
4.8711
4.7355
5.31312
3.32403
4.07775
1.92233
2.89946
2.6615
3.76351
2.87606
4.58021
2.50883
1.98951
7.09929
6.89032
8.1479
2.97823
3.86708
3.45055
13.604
4.34284
1.50651
4.57289
1.02241
5.24457
8.11183
3.86438
5.52788
3.09584
11.1879
1.75005
13.5458
1.79844
1.98761
6.75226
2.31495
4.74143
3.28909
2.97587
7.52517
1.38693
1.74372
3.86471
2.39278
2.50018
2.80647
14.5364
4.64201
3.5722
13.6589
1.29468
4.94699
3.2391
2.37358
10.1484
4.14768
3.73543
2.8196
3.15515
2.23612
4.72024
4.93836
3.28643
3.39767
5.49284
3.10005
2.90953
4.84798
1.06574
2.70905
1.50084
2.27152
1.7078
4.80862
5.93588
1.41192
4.30904
6.07508
8.2489
9.56756
5.76907
3.44945
10.7662
2.45099
1.96535
2.5154
1.80767
0.999633
1.00833
2.80423
3.39472
6.88453
1.71012
1.96753
12.1249
2.65
3.20334
3.87465
3.92837
1.61713
4.44431
1.58607
2.19954
1.14517
2.04706
4.88298
0.954534
2.99463
0.994244
1.30347
8.3446
1.9021
3.18676
8.51879
5.45649
2.24863
5.51575
3.52576
2.0861
2.21517
2.61325
5.62206
1.14136
5.92825
1.34107
2.18682
8.11925
1.07253
4.04821
6.39644
0.870797
5.515
1.94401
2.52173
2.0414
5.40098
4.24116
5.21387
2.51348
2.55356
1.92311
0.801424
3.52168
3.3934
1.72625
1.87162
6.43511
1.74153
2.98063
4.19824
1.91869
2.82571
3.56169
0.896438
3.16609
1.76943
0.938159
1.64503
6.4648
11.6928
1.60963
1.47733
2.20326
3.42796
1.7565
10.8837
2.46043
2.67013
3.15943
3.04034
8.3555
2.72068
4.39871
6.32009
1.32586
7.1235
2.78876
7.7037
1.16014
1.27219
10.5939
4.39307
2.75594
4.39345
1.35766
2.48749
3.75735
2.13926
2.77595
4.80025
6.78446
7.07278
2.84903
12.2782
6.16315
2.11304
1.45878
2.12322
0.940387
5.01283
11.2061
1.5082
2.4481
2.46984
4.23562
1.52584
4.14498
0.738467
1.74568
3.60595
4.9939
8.38822
2.70645
0.949517
1.4234
4.47254
2.47843
2.10722
5.23068
3.63563
3.22968
2.88726
1.64295
5.05335
2.73471
6.54656
4.05401
10.0465
1.98154
4.58117
7.3547
3.84182
1.69774
2.41845
9.84093
2.91939
4.30243
4.2213
1.51608
3.8249
7.03209
8.98933
1.90723
2.4636
0.712592
0.865547
4.26886
1.33403
3.0302
0.583491
2.13605
1.80871
5.01344
3.87058
6.09568
2.50416
1.68866
4.73439
2.20987
8.44294
2.81786
3.88957
5.61037
2.24931
0.757217
4.4957
1.24499
3.17082
4.73612
4.74587
2.69982
5.25966
11.5422
10.4564
3.86613
2.86181
3.87417
3.53754
5.88595
4.82256
4.4447
5.7033
3.56513
5.25444
2.16061
2.0416
6.34263
4.56195
2.08702
1.46857
5.19915
7.32621
5.65373
5.78937
5.14305
12.4923
5.98918
1.92126
2.25172
2.35842
3.88194
4.75516
5.90166
13.0898
4.12912
0.843401
1.64608
3.80909
2.31595
3.60663
4.04183
1.03928
0.0982013
2.39687
0.898452
10.4138
13.03
1.09865
1.17086
1.28466
3.05217
13.8925
3.23432
2.87684
4.10791
2.1126
5.76959
4.37409
2.36724
5.63573
5.20276
8.35897
4.02459
9.94918
0.8866
3.5537
10.3823
4.07436
2.38024
1.35875
1.61347
3.3823
3.99318
3.66082
4.13257
2.41159
3.58205
3.31595
4.65695
3.67512
10.3538
1.91068
3.23879
5.9342
2.69306
1.25902
9.81736
5.73658
1.2539
4.77699
6.61893
5.24941
5.5213
2.43353
7.65694
2.30357
4.05181
3.61196
6.6531
1.47603
2.24124
1.80554
1.71364
1.87924
3.88529
2.75647
3.25634
2.32084
4.23593
3.52954
3.26617
1.54577
1.53303
4.96956
3.60633
9.21484
2.95948
3.37561
5.96465
5.35152
2.07225
6.56238
3.87198
3.45858
0.762585
1.60707
1.9844
1.99741
2.07602
2.04086
5.0287
2.57383
3.36103
7.817
5.78973
9.15823
5.80227
12.8985
2.15417
1.07795
2.81327
2.79319
0.764844
3.00768
9.43663
2.44768
1.10514
7.96799
1.76051
2.56157
1.85168
1.2713
2.84329
6.91635
3.33902
3.10195
1.20309
3.46984
2.53809
1.27936
0.846884
13.805
2.94692
1.59718
3.38658
7.7365
1.07739
14.2493
1.63227
14.4849
3.76937
4.37804
3.35043
1.58741
1.19151
2.87222
4.07581
6.09165
2.66227
2.0401
8.80005
2.93141
2.24694
8.16823
0.719355
2.69348
2.79856
2.90107
8.76974
2.6451
1.87984
3.82443
1.7397
2.0772
11.5084
3.2313
6.49686
1.36346
7.56114
1.30465
1.99688
5.01066
10.5474
1.49579
6.10629
4.1847
2.58039
2.14872
11.6697
2.77757
8.87939
7.23544
5.36465
3.15053
1.22206
3.34415
2.10018
2.61138
0.907468
1.71671
2.71289
1.63161
1.39352
10.9263
2.21669
2.99198
1.71146
2.36568
2.79329
1.84518
0.54067
9.69316
3.5008
1.42747
1.55825
6.57905
3.21098
2.67968
5.26179
5.52886
4.30898
2.10637
5.77226
2.19305
2.4958
2.35234
2.25922
3.64827
6.3525
1.52234
2.12398
0.35577
3.53968
1.58724
2.64686
5.30393
4.19076
4.96334
2.84539
1.47507
1.4613
2.72884
2.82691
2.97871
3.60023
5.77347
2.50775
5.80579
2.94625
2.75842
1.18333
2.56492
3.79067
4.04631
1.45987
2.54427
6.45276
6.02628
5.62385
5.44853
2.30613
5.61198
2.36994
1.27428
5.95661
0.987304
5.59977
5.17992
1.10167
5.14936
3.13971
9.1853
0.584435
1.75319
5.4222
14.7504
10.1069
5.35047
1.58918
6.42679
1.02364
3.19931
5.34398
6.31844
3.11555
1.55829
11.3641
1.92545
2.37165
2.59024
2.82914
3.08281
1.23068
5.1409
2.02318
2.53587
7.60831
6.62666
3.56049
3.30757
3.39352
8.05612
2.04533
2.72135
3.37516
3.11402
3.01244
4.26068
4.38044
1.99295
4.19292
3.98487
2.7222
7.1531
6.93988
2.48835
1.83606
1.17237
0.509645
2.04489
3.42038
2.43845
3.47282
6.06353
9.04895
5.47606
3.18643
1.70809
2.2829
2.19162
5.89418
3.10058
2.86677
4.6684
3.23903
3.56249
14.1846
3.45474
4.851
7.10505
1.62551
7.31965
3.35834
9.26784
2.30314
4.5957
0.626968
3.35547
1.78951
7.70155
1.1984
5.46236
0.491628
8.47504
4.43055
9.51257
7.57957
0.72231
13.0613
6.1334
2.05344
3.92753
1.99559
1.766
3.25388
2.06735
3.1199
0.601647
2.6021
1.53752
4.4727
1.20822
6.42693
2.85011
3.74112
3.5238
2.37553
4.2658
0.798768
3.64075
9.00201
8.11462
3.76388
4.08894
3.32377
1.55641
1.62025
2.65818
4.17395
2.59469
3.14274
4.00235
4.7659
4.41594
3.92636
3.23774
2.15084
5.54756
4.81889
3.66425
8.84937
5.92883
4.67863
2.12479
2.97117
2.42686
2.93549
1.89548
3.75332
2.72974
4.62033
4.12742
5.12624
8.19219
3.4811
2.71934
2.65464
1.89691
3.75347
2.58619
2.08025
1.34989
5.48663
1.33239
1.76334
3.35443
3.2955
2.99257
6.2818
7.41917
2.90797
6.50675
2.94491
6.86952
4.76544
1.14328
9.26406
2.24674
2.01966
1.71448
3.3503
6.55702
8.69168
3.44597
8.7992
2.27934
5.99335
6.67101
3.70445
3.92258
6.79993
2.67426
6.72268
3.05683
2.08322
2.36088
1.89008
2.13796
1.82647
12.5563
4.10373
2.67877
2.69606
1.0643
2.60634
3.49786
1.46978
2.98159
1.90537
8.10619
3.14307
2.69986
1.16559
12.7159
2.62108
1.33016
5.27224
2.81225
8.25853
2.56127
2.93124
3.10353
2.06961
1.85862
3.09766
2.86481
6.08266
1.72657
3.08536
4.155
3.76893
3.39062
4.59353
2.87929
2.76478
1.87031
5.07897
1.7782
4.10496
2.38104
2.33189
5.01545
1.79604
6.359
6.34742
7.01697
3.36795
1.92027
2.16795
2.48146
3.13411
2.05875
2.41637
7.17907
1.59149
3.91674
8.23735
0.645842
3.62157
2.05721
2.83955
11.0363
1.07368
6.32922
2.80152
3.58006
2.34592
2.86389
4.00336
7.82067
12.2147
3.86874
3.6414
3.33695
4.1429
6.02525
1.78065
3.41096
3.47714
3.27756
2.62131
1.32311
1.19249
1.16543
1.48201
4.52595
3.43042
1.07465
4.22081
3.32592
0.539201
1.03591
5.17826
4.72817
8.22581
1.58608
5.8176
2.72586
3.77034
0.82667
2.18992
6.46201
3.55138
2.20563
10.039
1.6296
10.7238
2.84779
8.25278
1.78244
2.95761
7.71736
2.91532
3.35105
13.1234
1.22701
0.959704
12.6797
1.90093
2.30703
2.2096
1.96135
3.68782
0.185553
1.33067
0.914913
1.77175
1.71901
2.24853
3.16899
2.81652
9.61774
2.38279
4.59048
1.36757
3.11402
2.84148
5.70545
0.423101
3.79372
14.8306
1.82817
2.53172
1.08004
10.8738
4.65716
3.38713
3.8647
4.64645
2.45586
2.52133
3.17785
1.28345
5.16215
1.05453
8.97701
3.44711
1.81331
1.10365
3.71009
8.47573
3.05088
0.983481
2.5683
0.578912
4.08462
5.04932
13.483
2.2346
1.79622
2.77797
2.43335
9.02016
2.05438
4.16021
3.29668
3.11738
1.95913
4.73801
1.91645
1.83991
4.7623
5.8641
2.28173
0.967
1.56409
4.31581
5.85333
6.40671
3.72258
2.23146
7.14173
6.78444
3.30891
1.70099
2.36917
1.02968
4.85564
2.35329
2.02192
4.83969
2.2986
7.41516
2.69422
2.18344
9.17642
5.27408
2.59798
3.58968
1.20443
6.79784
12.6129
2.11127
0.877947
1.33391
2.34614
1.92478
9.54055
2.15317
2.08571
9.0802
4.42981
7.1548
6.15084
3.48292
2.17142
2.69367
1.50026
3.83785
1.2738
2.49549
3.30259
3.608
1.31783
2.33642
6.4852
3.56916
1.97994
10.2602
4.17492
0.755008
2.91417
4.07392
3.09963
4.37376
2.89542
0.709232
4.94147
1.82979
4.26306
0.610329
2.1611
2.47524
0.680376
9.98571
1.52293
1.76992
5.34652
2.53198
1.83248
3.84989
3.46439
2.54606
7.45767
0.37287
5.35428
2.65264
2.77422
3.11896
5.65492
4.65308
12.9681
2.8495
2.64591
1.43675
9.02292
1.13439
5.95773
4.00043
3.01535
3.89216
11.0037
5.62318
2.54843
6.99759
1.8948
6.31896
3.52163
2.7268
5.84415
0.278766
13.9918
8.98545
1.51502
2.78944
0.780618
1.58321
1.55967
6.1634
1.13843
5.29618
2.0906
9.00782
3.34154
4.1982
1.0138
2.12607
1.71853
2.39155
1.67281
1.97083
6.42638
1.51356
10.3895
4.8684
2.7246
3.32281
3.02441
3.12378
10.3912
1.15662
8.26659
1.05354
1.701
2.34848
13.1922
4.27594
2.71238
6.3267
6.93842
4.11164
1.78114
3.22986
6.72706
0.741755
0.773855
1.83131
2.05193
4.52465
4.40155
6.98271
1.04333
8.06508
3.22352
3.08818
7.11543
5.93184
2.90175
4.41331
1.06974
2.30945
1.66184
2.59685
2.0683
7.16754
8.75377
2.27567
2.46156
4.04361
0.980178
2.96847
1.20372
5.07258
4.14974
6.68892
2.36473
2.14493
11.019
7.37604
7.54362
1.54045
7.48185
1.97957
2.78543
2.02796
4.686
5.44986
14.1729
3.54067
3.16586
3.44219
0.681559
4.56651
7.74867
1.15603
1.45293
2.66938
3.48142
6.40961
3.61171
2.44983
2.70489
0.982296
1.2076
0.878883
4.08517
3.86994
1.42798
2.50047
7.71286
0.744213
2.44262
3.89933
1.63017
4.6666
12.4682
2.66711
2.21661
3.21236
5.7958
8.99862
3.64582
2.92055
4.15831
6.65138
0.811741
2.25352
5.72404
3.70824
8.0534
3.65669
7.74738
2.17632
1.84626
3.25122
1.8503
2.71472
1.30377
2.14905
2.37008
1.38118
4.68051
2.84644
10.6143
1.91903
7.98486
4.05657
2.15925
3.62741
2.97242
2.0413
1.35924
1.60468
5.532
5.79635
1.67218
1.84474
3.70464
0.462852
4.39794
0.477052
3.08295
1.93327
1.6139
6.20747
5.37944
3.5303
1.24685
1.29855
3.98155
2.29797
2.31682
1.65352
3.18303
1.23186
6.11347
6.15631
1.98224
0.935011
5.32228
6.88111
4.69549
10.5559
1.72063
2.86442
3.35511
6.11591
2.63482
1.90997
2.90568
1.59192
6.70242
0.399689
4.27721
3.60274
2.18681
4.69758
4.35781
1.65952
1.75452
13.1059
2.48507
1.06293
5.92647
0.561074
2.94727
1.55404
2.1558
2.08095
1.04957
1.21695
2.15102
3.42587
11.6471
4.30948
4.1697
4.0951
5.90748
4.03891
2.80926
0.589966
5.64022
3.40879
3.79578
2.33377
6.80249
3.65197
5.38387
1.8908
4.9191
3.7626
4.56402
2.87035
1.68216
4.64142
2.23998
7.18419
2.79688
11.4847
1.33938
7.29603
3.19032
1.92698
7.92729
1.85847
0.971006
1.41923
3.16873
7.53671
4.71113
2.49927
3.43398
2.44572
2.05207
4.95375
13.8134
4.74032
6.02032
4.29178
1.48548
4.27354
2.93956
3.63086
5.53531
3.32292
4.33468
5.06469
4.19174
5.42049
2.32656
2.38148
3.47551
2.32566
2.61898
1.41993
5.19956
14.2483
0.253976
5.21451
0.159295
11.954
5.33709
2.21675
5.50149
6.62622
6.43787
7.46489
13.0138
2.37568
0.783298
2.32905
3.56073
2.36731
8.51193
3.39929
2.8279
3.30152
1.96948
4.22218
4.65789
8.47228
1.40436
0.89087
10.1528
2.94266
6.78848
2.74949
5.98161
1.91415
8.91193
4.40695
1.93272
2.22832
1.44471
2.45006
5.9205
5.73282
5.19092
5.07243
0.962206
1.92034
5.74837
1.48802
7.85905
0.989722
3.76453
2.99514
2.36778
3.86591
5.44797
3.6002
3.65438
7.7763
6.98353
2.82112
0.528193
9.91144
2.24975
13.5673
1.62559
10.6115
1.76288
13.6332
5.09554
1.98128
3.1581
11.0257
0.837087
1.69535
3.08617
0.412044
3.08984
7.28262
3.93838
2.85193
2.41978
2.74612
3.68461
4.8268
2.78716
3.38788
6.75377
1.16854
6.70218
0.62329
3.86852
0.318076
3.74325
7.25519
2.35506
2.67576
2.88998
4.77772
7.4989
4.33429
4.91495
4.59909
1.79947
2.69347
5.41718
6.78932
2.55866
2.27888
1.51192
3.0594
4.54569
3.36237
9.4847
0.829773
1.95895
2.00543
5.30801
12.5307
0.834206
2.69319
2.40179
8.65324
6.80276
3.33162
3.07552
1.68474
4.58933
3.21826
6.56107
2.09577
3.22247
2.15149
0.692138
2.41551
1.57406
3.73361
3.36245
1.38885
3.90523
2.05835
1.03619
0.890673
3.9048
1.85141
1.70164
3.78687
2.00831
13.3427
4.47026
4.07699
1.73403
4.42104
2.31303
3.87602
1.48797
6.59817
3.44088
5.20097
4.70544
10.3565
1.23035
1.87572
1.1659
5.48707
2.04004
5.61595
11.953
1.99884
7.70291
1.87091
2.81962
9.32103
0.990915
1.80227
3.37877
1.51457
1.94665
6.02332
5.15387
1.91495
4.07669
1.31017
1.181
10.7383
3.01558
1.51596
1.48602
5.37669
5.96824
1.88755
2.35512
1.15602
1.81032
7.62178
3.88625
4.8889
2.5592
4.43487
5.54904
1.52972
4.37085
1.90837
10.0792
0.748547
1.8297
5.10771
0.854878
4.8651
3.29495
2.51028
9.2302
4.05358
3.26644
3.72549
4.62919
0.648243
6.83579
3.6528
5.11708
4.25459
3.17505
2.6775
3.00142
6.03337
11.2378
5.22817
3.42187
2.76356
4.43367
3.58027
3.81466
3.52006
14.7117
3.12901
8.44829
3.41479
0.708576
7.27641
1.91497
3.2616
5.68436
5.77133
8.85191
0.868737
0.742921
3.82547
1.6122
11.3407
0.779498
9.06508
2.19199
0.675928
5.15429
2.57666
7.02023
7.89161
3.03333
3.46524
4.37738
4.01732
1.81751
2.7029
1.87766
2.08923
1.98477
4.2044
4.39021
1.3749
3.10437
2.72644
2.49358
1.01893
6.99088
1.64377
6.99208
2.77773
0.947756
3.0984
5.64973
5.80152
7.30516
3.28791
3.64899
4.88714
6.58723
0.0927938
2.55611
3.14757
3.22179
1.45276
4.17675
2.22655
2.14174
3.68647
1.42898
4.08512
5.09931
3.842
4.77791
3.35646
5.95098
4.58116
0.866322
0.538802
0.859537
1.59662
3.28735
5.66382
3.10604
4.61358
4.9231
5.13066
0.756126
5.85032
3.6854
1.60101
2.82138
0.614751
2.22801
3.36909
2.45833
2.16128
2.28873
8.08793
4.42824
0.291291
1.47569
5.62088
1.26237
4.48244
3.4602
0.613361
3.04088
6.97392
2.55839
5.14719
4.19756
2.71195
2.60879
1.66154
2.53282
1.39999
3.42773
1.8247
2.8644
3.71241
1.27941
1.08887
1.12989
2.88901
1.90427
0.625387
9.63483
3.31493
2.21684
4.63136
6.80714
4.05379
2.55825
4.70941
2.40703
2.82868
9.56985
3.14984
1.56767
5.24286
2.09573
2.94557
1.27107
2.68884
2.91346
4.68403
4.10461
3.22787
2.35637
1.56992
1.91188
4.64315
7.07771
3.77336
12.0959
2.32779
7.87127
4.85297
12.4961
13.9013
3.36847
2.51682
2.94194
9.85287
7.42402
4.19362
5.67285
1.19231
1.25221
3.54232
1.57778
7.03996
6.21345
3.79093
2.32606
9.19046
1.61926
4.86124
7.39627
1.67865
2.34527
1.52854
5.18715
2.67699
4.7025
2.22263
2.57532
5.52447
3.03564
1.49698
1.23942
7.5827
2.59901
2.51051
2.16419
2.96947
4.6074
2.86885
12.9514
1.86907
5.6499
1.9098
2.60154
1.92496
0.40947
2.49514
3.92783
10.4623
3.19747
12.0966
2.34054
3.60519
3.02407
0.770083
2.42153
3.04156
7.92221
6.75947
4.91802
5.77742
3.86041
2.78511
3.9323
4.61891
2.17657
1.78519
1.57703
4.45743
4.37957
3.01809
3.43951
6.12176
1.76274
1.24113
0.853595
1.4422
2.7901
6.26763
3.51082
0.971238
2.80822
2.15172
1.59772
0.447452
8.93195
7.05099
2.22042
3.78742
3.35889
10.844
2.62027
2.219
2.25733
5.5112
5.67114
1.97637
6.78792
3.10321
1.57877
2.25818
4.58809
1.55756
0.91005
1.57058
5.09788
4.32239
3.80016
3.27431
1.54592
2.42882
2.07042
2.04006
9.33746
2.40445
3.226
2.73239
1.66715
7.09498
5.96443
1.13519
6.10499
2.38307
4.23111
1.47381
2.14848
2.82943
3.23877
2.47197
6.55336
4.15465
1.94056
0.887014
1.78743
1.80153
4.6227
6.32965
6.37168
2.5813
1.04427
6.48791
4.87073
6.14245
9.95952
13.8569
6.93733
1.4658
2.07467
2.52481
0.578546
1.02717
1.44089
3.43774
6.89427
2.17506
2.37216
4.77736
4.13765
6.07236
2.36595
0.841092
2.06618
1.64549
4.24706
5.57922
2.47635
3.84903
3.5644
1.3795
1.36294
1.66451
3.09923
3.99768
1.52875
3.87029
7.64852
2.63976
8.61998
1.69423
4.45594
2.82602
2.11651
3.81671
1.53189
2.806
3.99594
4.18325
6.56586
7.54678
12.6759
7.57539
8.08746
6.34346
4.81333
4.06881
7.55378
9.44756
5.12619
2.08015
1.20384
1.89408
3.07544
7.95997
6.2787
4.8078
2.82435
1.60077
1.69156
3.79802
2.08337
2.4954
6.57181
4.39612
9.24108
3.8285
4.1398
5.60444
3.27348
2.45043
2.33248
3.84793
2.25392
3.71942
1.86944
3.26602
1.67327
2.56535
2.37277
1.62816
2.54477
3.70993
2.21834
4.18946
8.54403
3.69373
2.48418
2.82421
7.16788
10.3147
8.82128
1.6375
6.66576
1.45294
2.86327
4.86056
2.06663
1.82475
3.44442
3.52174
0.727283
0.31621
3.1898
2.85467
9.65025
2.9532
5.79163
1.37933
5.04146
1.91843
4.44018
10.3917
2.93983
1.07473
4.7279
3.41161
3.71117
0.869103
4.74028
4.83812
1.59196
1.7356
2.7552
10.2158
4.42522
4.59425
2.00976
2.65884
4.46854
1.81422
2.03631
1.25586
5.24253
1.1629
12.0166
8.68698
7.85319
12.4345
4.34695
1.4792
3.34945
2.51738
4.48533
2.77982
2.79914
5.45825
6.48321
4.15178
4.63119
3.79479
2.22637
8.23348
2.44877
4.06276
8.32906
0.736057
0.817315
1.13264
0.467343
9.45235
6.43825
6.75399
3.10323
1.39776
1.84688
2.66682
4.10113
3.08538
12.2283
1.79763
4.42617
0.574713
2.12907
6.83232
2.33515
1.07647
5.22605
3.47564
0.731692
1.67968
3.00905
4.82249
3.86536
1.68458
2.89143
6.34627
8.80356
3.27208
2.49103
1.7788
1.51365
6.19065
5.13004
3.54803
1.17532
2.826
2.29842
2.22856
2.36347
6.03262
1.75575
13.1598
4.65602
2.60641
0.674517
0.537365
14.4694
3.68592
2.13947
1.87787
1.05691
0.918346
5.74105
2.80675
4.64894
11.6308
3.57991
5.76196
8.50173
1.92447
1.32864
1.57184
8.91585
3.69572
6.58503
3.89282
5.26651
1.79146
8.50092
2.89526
2.09148
1.12163
3.00314
1.91211
2.87033
1.52801
8.68179
3.50924
2.48254
0.73229
6.66926
1.83148
6.5668
1.83947
6.1804
8.149
4.65713
10.7273
4.22193
7.07047
2.19981
8.12415
2.01935
4.03961
1.3574
4.85057
1.97066
3.10694
2.33607
10.408
2.36956
6.59132
3.61329
1.01073
7.33727
1.12479
2.54019
12.9398
7.13706
2.16129
3.0164
1.39984
2.85521
5.55195
0.996829
6.53879
8.15803
5.91426
2.92628
4.23334
12.2919
2.06684
3.18764
4.55594
4.09813
2.13086
2.14949
3.80129
5.90852
10.6256
4.24151
6.75899
2.30651
12.0225
2.30459
2.93683
3.61737
2.35869
1.35432
5.02043
6.05207
12.9745
2.05797
1.26684
9.99831
3.5212
4.58637
0.85993
2.49181
1.15911
2.9768
4.21978
2.16393
1.71605
1.32471
1.86702
6.06461
1.93192
0.490833
6.49881
4.83251
1.62775
3.65445
1.54708
7.64856
4.95027
1.20166
9.20651
2.67934
2.15128
3.07772
3.17034
3.51175
1.36594
2.12235
5.78609
5.9976
8.16453
3.14141
3.56794
1.52226
4.07444
4.89315
3.62339
1.4596
2.11812
1.49386
1.58129
8.0867
2.50118
0.396302
2.73784
1.61412
2.60531
1.49609
0.865319
2.26647
4.88062
1.92017
0.341872
1.82738
3.49896
2.50076
8.16664
3.54843
0.65589
0.607948
9.80502
2.22779
1.68481
0.932278
1.65296
14.6711
7.21247
2.1263
5.33837
6.30468
4.49403
2.0207
4.6715
2.39949
2.61938
5.64546
1.2488
1.43098
2.43553
2.46915
2.21085
2.03863
1.90911
3.61856
2.50894
4.7967
3.14714
3.70745
5.46569
3.87356
5.56811
3.05772
5.21202
2.08461
6.08941
5.47048
2.42201
1.93174
1.2507
6.40905
1.92119
3.92175
2.51043
4.39509
9.89823
10.196
6.16559
1.23552
1.75594
3.00889
6.46169
1.93363
3.82795
0.86755
1.9213
1.15415
6.17991
5.08789
2.0756
3.09198
6.50919
4.13899
2.67875
1.41663
2.46667
3.26663
2.90256
9.80206
4.06247
1.5944
2.36054
7.1115
11.6329
4.68254
4.5598
1.82481
8.73803
4.06386
2.31655
2.25624
3.54352
3.21497
10.721
2.91503
6.99084
1.86543
1.50029
2.6766
11.8811
0.658081
1.69616
1.67918
11.8462
8.1527
4.17471
2.27647
4.29139
4.13251
1.77316
8.3079
3.30858
11.0368
3.47213
2.45588
1.67816
3.54933
4.54165
4.76948
2.33479
3.65212
1.21688
3.71785
5.12545
12.0484
1.7106
2.89727
5.06102
1.675
14.965
10.733
3.38615
10.418
3.20446
6.44664
1.68227
8.51401
7.07417
10.0684
5.62716
2.23819
4.01332
2.84308
3.39463
4.18745
1.00619
3.3996
3.76891
6.4525
5.31925
1.61532
3.48007
5.27768
2.72305
6.09156
1.92916
2.99631
4.42666
5.26291
5.18681
2.60459
1.0565
1.209
8.71591
6.84448
3.86646
2.73229
4.8488
2.04427
2.54214
1.31119
5.02372
4.10785
1.50814
1.64376
2.0038
0.73813
4.66606
2.16825
1.31783
0.565987
3.21108
2.41775
4.44016
1.92655
6.55019
2.85228
1.54122
2.89017
9.64497
1.47988
0.45273
6.90298
0.43682
2.23929
2.44176
4.86116
11.4256
4.32289
3.44629
6.85669
5.33794
0.912787
0.848569
2.30627
1.79846
2.64352
2.8149
1.35415
1.94817
4.06312
2.75408
1.54432
2.06819
9.32308
2.75345
14.9942
9.13288
11.2009
12.0353
3.66243
1.0941
4.4707
3.13982
1.28577
3.60988
7.23575
0.462072
2.94844
3.2833
6.27586
9.888
1.98748
3.68827
2.04251
1.42966
0.845578
2.41128
4.16423
3.50711
4.29511
2.27176
0.487319
7.88007
2.31511
4.415
1.755
3.74392
2.49607
3.63536
0.40841
7.4669
10.1846
2.8831
1.6594
3.99246
2.33165
13.818
3.45322
4.54919
1.84682
1.29468
5.23199
3.57668
3.00928
3.54128
4.46988
7.00128
2.72439
3.38683
9.77127
2.17744
3.25428
2.5548
10.4196
10.3193
2.48616
2.48637
3.32195
1.64962
3.33018
3.01703
1.54778
3.38612
1.5559
4.63539
3.54597
3.2802
2.00863
2.04711
4.94665
4.30571
1.88222
2.75717
5.85665
1.45105
5.65322
6.3759
5.53122
1.39788
5.47884
3.51819
1.76788
3.04743
2.08277
1.02768
4.98685
1.83887
9.92212
6.07398
3.02694
3.54534
10.357
0.701293
2.42834
2.0509
6.46533
2.11594
4.73427
1.08648
2.43494
1.16963
3.46674
3.91562
14.3753
1.09286
3.8745
4.61055
2.37562
1.4442
2.2491
4.26364
6.23242
2.85773
3.3791
1.3133
7.28452
7.19935
5.71963
2.16997
2.45951
5.12683
7.81627
7.45487
1.88886
2.35117
1.99341
3.75699
7.64043
5.32718
7.73989
0.586695
0.720947
3.97262
8.15901
1.57861
6.81951
4.16472
3.43297
2.88608
4.56067
2.23752
2.9546
2.57268
2.59209
4.91081
6.9702
5.96326
4.12474
4.04229
2.77244
2.1496
2.19661
2.09785
4.13392
5.17697
1.65945
4.17845
8.28442
7.74925
3.0631
1.49978
3.2511
3.41932
4.38074
4.0566
2.89026
1.86848
0.916408
14.3136
6.76392
2.19116
3.61523
4.58439
1.33952
3.5569
8.01749
5.47226
1.92057
7.75192
4.34781
0.92175
3.79781
5.1198
3.86445
3.31485
4.05121
3.73506
1.27002
1.84162
7.40867
2.08379
5.51119
1.13115
1.28851
4.58879
1.14184
2.01732
1.25257
4.47865
7.97022
1.74916
3.15294
2.1765
2.8409
2.91991
5.35913
1.91116
5.87656
12.0711
9.94796
2.3836
3.13297
0.725354
7.16549
5.14653
5.84854
6.0766
3.33913
2.29523
3.40125
0.722829
1.98129
1.53055
3.05526
6.36395
4.57502
1.42118
4.18524
1.03976
1.32759
7.78842
1.36312
8.62891
3.79944
2.92501
4.47168
3.43856
7.27829
1.43244
10.2276
2.0752
2.7586
2.37811
7.56607
4.47127
3.74762
0.901381
2.63258
3.23565
2.21364
3.34023
2.99817
2.23359
6.73353
7.4688
3.69686
6.25175
2.78935
8.43003
1.70818
4.01226
3.48915
2.4391
2.01419
2.04159
1.82052
2.00686
4.4971
5.44074
1.56671
1.9393
5.82764
2.35412
1.45319
2.21392
1.57252
3.35766
0.892046
11.4064
2.41204
13.3782
3.93181
1.0981
2.35997
0.42542
6.70352
3.14522
3.3607
4.24491
4.73761
6.16066
2.02416
3.19594
2.60074
8.40031
2.55706
2.62948
2.37581
1.38697
4.37248
3.83311
1.56274
3.95403
13.0022
2.0519
3.44279
4.27102
2.4487
3.2258
1.56585
3.91972
4.89426
2.88648
1.97103
0.302312
5.54568
1.20549
6.02896
1.92666
2.52954
3.71892
3.58593
0.881885
3.75534
2.80973
2.24129
3.49549
12.9
5.76585
4.56712
6.85808
1.02192
1.45644
1.87463
14.1247
3.92747
4.99466
3.44633
4.38378
3.1153
7.21318
2.10885
3.99173
2.35154
11.3448
3.37055
3.35494
2.76426
4.08918
1.91636
0.992666
2.54976
3.44894
1.08699
6.08395
1.37742
3.48361
1.64111
2.47438
1.51215
3.88706
11.4561
1.75881
4.4842
2.45239
5.05991
9.40336
3.60284
0.567858
5.35238
3.08315
5.46126
1.17813
4.0422
2.47475
2.86823
1.58076
3.78373
2.29877
2.09465
3.20522
3.30902
3.47372
5.5607
4.64929
4.59279
0.474683
2.34984
2.10795
5.67019
2.69459
5.15719
4.86186
3.86678
3.42391
0.933729
9.2889
3.63854
11.3946
1.33085
2.56123
2.07491
4.91508
0.559591
1.42703
8.15136
3.00535
1.92578
2.70079
5.4739
3.90759
6.85951
1.60811
0.281303
2.45617
1.94511
7.16183
1.58381
1.52715
4.69043
3.57985
3.36628
2.66317
2.0685
2.262
1.43484
4.86938
3.39362
10.9678
10.5201
11.2847
0.332458
1.28558
1.78237
4.21331
3.04736
2.8697
5.25687
0.493742
0.823801
3.74979
0.942515
1.79595
1.40605
0.186265
4.27543
4.09359
4.96722
2.12443
2.73874
3.23358
4.36247
4.29476
4.98959
4.72464
2.4505
1.49757
6.90714
0.612966
1.7814
1.63434
6.35958
2.96528
1.91548
1.30246
3.80228
11.6207
14.2841
4.44852
8.63676
2.81104
2.80435
1.08765
1.90949
1.7575
5.96229
2.51462
0.859951
0.702711
3.39373
2.82477
6.60837
2.88956
2.35393
2.26058
5.57326
2.2808
4.09177
2.67827
3.94937
2.20583
2.79254
1.0807
0.98221
1.28057
2.84185
1.17104
1.90277
4.96816
2.1662
4.7435
7.76986
1.62566
7.61179
12.1898
5.65909
2.39157
3.42655
3.90923
1.25228
5.3354
8.10699
1.2656
3.0859
1.16784
2.31549
5.90392
11.221
3.97473
2.00527
4.72807
0.621772
4.54159
14.1973
3.43813
2.83255
4.84596
2.77037
5.5369
1.88544
8.62235
1.23916
0.706441
4.77508
5.8106
5.42747
3.92244
4.63381
9.69916
2.82312
4.02457
2.95459
1.62062
7.94671
2.54803
8.79083
2.31803
4.9063
3.0324
1.48446
2.66938
1.37194
0.705707
3.3672
5.33816
5.95645
2.55501
1.32567
2.613
3.08166
3.55434
3.74418
4.22755
7.7145
2.83677
4.28313
1.80504
0.951032
3.16418
4.96375
4.7786
4.23965
4.24861
3.15344
2.05311
3.05732
1.31397
2.48165
8.05053
4.14523
1.61732
7.87516
1.51371
2.84574
1.93748
4.18884
0.730637
5.29063
1.40355
2.00182
2.31145
6.47975
4.99108
2.82535
3.41218
2.18261
3.13244
2.60652
1.19137
3.36746
10.7241
2.44638
1.91066
1.37429
10.6445
2.18423
1.04399
1.47914
1.55852
2.51141
2.0415
1.62588
2.52534
4.99071
3.16187
4.74951
3.50804
1.56379
2.20828
5.24566
5.17269
1.54092
1.12393
0.628769
4.48677
3.23578
2.3121
6.12998
2.733
4.36818
1.9995
9.16882
3.90487
2.68653
3.59011
0.86604
0.708331
4.22189
1.54735
5.17759
3.64681
1.11158
3.64284
2.54953
3.54407
7.27111
4.34536
3.48673
5.26214
1.59957
2.57964
6.79047
0.680974
2.39979
2.02734
3.40428
3.32667
5.70511
2.55066
2.8112
4.15647
5.07191
14.317
2.67562
2.65955
4.97377
0.372935
3.46246
6.42275
3.11789
1.42986
6.72147
6.707
5.43414
7.06659
4.24292
6.81624
3.14156
5.67534
1.6401
2.87564
6.35172
3.9702
1.78858
1.10708
5.97713
3.69497
2.01303
2.93648
5.62366
0.451186
10.6395
5.59763
3.61144
4.49184
6.32277
2.75547
0.846461
5.84191
4.62502
3.76463
0.698311
6.49984
11.994
2.22112
1.50844
6.73151
4.30978
5.21795
7.82896
8.84278
8.29326
2.22928
6.0952
10.7445
6.67387
6.52917
4.04287
3.70022
2.90717
10.5305
6.73517
5.45991
2.62619
2.23736
7.25979
4.86556
2.12329
8.98122
1.72035
1.64328
1.93316
3.65675
3.09187
9.17242
3.69643
3.09935
4.11677
3.84939
0.546839
9.77013
6.29062
1.0961
3.26036
2.54895
2.80815
3.26746
4.06173
4.30449
5.74256
1.21852
1.06706
3.3382
3.28664
4.67878
3.35124
3.00554
4.88207
1.35638
0.94498
1.1506
2.70364
2.48425
2.74877
5.75791
1.64235
2.34526
3.49477
1.41241
3.5359
1.42225
0.55772
8.36538
2.80594
2.84301
0.689905
5.71711
1.12893
3.31096
1.33258
4.15457
3.57145
2.94534
3.49201
9.46752
1.84344
3.83878
4.42403
10.2768
1.36159
4.37999
12.0845
1.85566
3.0937
3.09156
6.22781
8.48871
2.69948
2.31395
4.0049
6.26287
1.655
7.55732
2.64998
3.6153
4.19792
3.57691
7.09935
2.75197
3.90397
0.430785
5.02057
3.29526
2.76525
3.48709
6.94615
3.11522
3.11508
5.98364
6.46293
2.0528
1.85908
3.33993
11.1678
2.89457
2.22919
3.49267
8.11779
2.61883
10.4719
6.90314
5.9022
2.96185
5.51037
1.35302
5.53032
0.623697
2.63682
4.58013
1.91754
4.33706
0.58114
2.67438
9.0135
11.3146
9.02611
6.3906
2.35622
6.41284
3.98663
1.59222
0.557508
3.4353
3.56773
2.0156
2.36037
5.35411
0.542783
2.47851
5.36937
2.01489
8.81892
5.32652
2.40566
7.72856
3.31138
2.20915
3.43469
4.89815
1.92407
0.722979
0.288461
2.62466
2.85261
2.7617
10.0126
1.50194
3.5015
1.48922
2.85727
1.63287
4.79018
1.41055
9.75233
2.19937
4.6848
2.15244
1.59198
6.54745
9.69993
3.00918
4.50778
6.11247
2.61927
4.72376
2.53178
14.2573
6.27288
5.45978
2.47492
2.88042
3.78443
2.35553
1.53279
10.6095
1.9447
6.32259
2.72597
4.00871
1.8133
4.64836
4.0534
2.12138
7.88361
2.97702
2.63322
4.26895
2.37775
4.21968
1.24592
4.0489
4.63864
3.32924
2.36479
1.94147
3.68365
3.10919
2.47804
14.3942
3.89943
2.06713
3.99829
1.76337
7.29844
5.81438
3.02597
3.86877
4.90805
4.35762
2.92355
1.92907
6.76342
2.26749
4.73448
7.8377
1.7422
4.48051
0.291562
3.76204
0.978429
2.86086
2.72138
2.55297
5.87823
5.10555
3.36967
2.08581
2.76944
5.22309
3.64028
6.23883
4.40454
8.23993
2.00295
3.35044
2.8671
1.81267
10.4377
6.38067
8.04892
3.97553
9.97546
2.79627
3.90412
1.20118
2.97669
1.44895
0.829843
4.31778
0.588318
6.709
2.8864
2.69116
3.69792
5.37121
2.71088
2.4061
9.21948
3.69806
3.24154
1.27447
2.54042
1.95058
5.02128
1.32109
3.94191
1.79444
1.18519
2.73726
4.0994
4.91177
4.17438
4.09294
5.31934
2.8921
1.52155
3.69119
2.53428
4.68023
2.19768
3.61802
4.07757
4.82878
2.6312
3.90401
0.816621
2.78434
11.0843
2.86602
4.53509
4.93052
2.20374
4.4398
4.89321
2.04637
1.33141
5.84584
10.3365
1.18251
2.00025
2.28523
9.25792
3.42337
7.0971
4.4982
5.03342
1.10246
9.94998
4.24405
3.70442
1.36702
6.39847
3.70573
2.36152
6.43036
2.67514
5.3285
3.57628
3.81245
1.83127
3.92064
1.70474
5.265
3.06062
0.855144
2.09166
11.5683
6.2197
8.58772
1.32545
0.865392
1.45371
2.5824
3.11121
5.53674
3.17411
11.498
3.29361
3.20016
0.725641
2.10856
10.8715
2.37043
4.63049
3.74727
5.9344
5.0449
1.62505
2.51821
7.61481
4.5323
2.51351
2.85888
2.53468
3.31388
2.61521
13.9299
3.02854
7.31638
9.27933
3.68964
2.43322
3.11416
5.03982
0.863525
3.97818
1.36111
2.13727
7.64377
4.65288
3.79137
3.63925
6.36128
3.99473
3.15994
2.27493
1.2637
11.5282
1.35154
2.69157
1.67063
1.66754
3.15656
6.0731
9.28687
2.59144
2.78229
1.46335
5.66195
2.00023
6.37156
2.08461
1.04174
7.21183
0.920568
3.63104
1.2562
2.56709
1.98759
1.18228
4.52151
2.38668
2.10089
8.46555
1.72467
3.62127
0.796728
14.2047
1.44022
3.76672
3.25686
4.20566
2.95462
6.48142
2.64404
5.1059
9.37134
1.31503
2.62406
3.94925
2.42579
3.41201
7.95019
3.4371
1.54731
1.64652
5.48582
3.49128
1.34391
1.44114
2.91473
9.50298
1.97281
1.25903
7.04942
2.7798
7.83571
13.6565
4.47731
2.47709
1.46592
1.43083
1.56303
1.98429
2.01801
3.6161
1.94671
1.63717
8.31019
1.58906
1.06842
1.83796
2.94248
1.98046
1.42765
5.02711
9.09891
2.0708
2.01301
1.24483
2.72992
4.09627
1.87409
8.37765
0.714857
1.4989
3.9238
4.90743
1.62313
4.10836
1.71949
3.45146
0.521849
2.74414
11.3517
2.10017
2.37333
5.64267
1.20975
2.05977
0.435789
7.68216
2.51489
1.18945
1.06933
11.6752
0.813436
2.14103
7.09824
9.49356
5.26642
2.16896
0.964657
1.61447
5.68902
1.38543
1.93456
1.93732
5.59438
1.14509
12.149
7.92884
7.59937
1.86061
3.3342
3.67025
4.33655
2.13756
3.17442
4.65653
1.73392
1.60419
2.53645
2.00133
4.21709
4.8527
1.31535
2.31163
3.31351
2.15008
9.2407
2.18315
0.806366
4.33393
2.47844
1.35572
3.35527
2.13524
1.95851
3.7079
2.08283
5.88931
2.72391
4.10162
1.09469
5.87389
3.57945
5.53654
1.40642
1.66481
1.0882
1.95079
3.51273
0.909917
6.15001
2.72785
3.50108
2.29215
2.69364
1.15528
1.53751
6.43921
1.21591
2.4887
2.40731
1.32229
1.87715
1.74318
3.84208
8.12725
6.41651
2.98855
2.7682
5.54805
2.15679
1.80275
2.46132
2.82279
2.37678
4.50885
7.75294
1.24868
5.09107
8.02334
7.69967
1.82301
5.38491
2.66535
6.40518
1.48736
3.40028
4.10631
1.53516
0.502862
0.874635
2.99754
0.259408
3.89979
3.93711
1.52574
3.14583
1.46837
3.40356
1.9037
1.59764
7.95158
4.57321
6.16325
1.84227
1.72821
7.1692
2.15759
2.55737
3.01894
3.58492
2.9336
3.06941
8.06975
2.50205
2.86901
2.29327
7.62587
2.89442
9.47505
3.11241
2.95339
1.93118
6.39552
1.96154
1.2471
2.06617
1.81268
7.06139
0.784946
1.99887
1.28462
2.16484
10.8141
2.46747
5.38296
6.20454
3.46592
3.08883
1.5692
5.00945
2.0202
1.99486
1.88534
7.62618
1.12291
1.7954
2.77497
5.76491
0.755665
5.38483
1.95354
2.06471
3.75885
5.9702
10.8927
1.3426
5.19557
8.15263
5.96357
1.62907
3.68894
3.3313
2.17482
2.17497
2.39807
7.82654
4.18133
2.85712
1.79639
6.03309
2.29327
5.32477
3.02534
2.73776
0.847485
4.68066
15.0495
3.92664
2.69971
5.97894
3.06289
5.63909
3.8542
6.65271
7.119
1.45443
7.11724
1.65719
4.73055
6.39556
2.57505
1.55796
0.50992
3.22527
10.7743
4.57277
3.90828
4.51399
7.69245
7.90161
4.4262
6.63202
2.22998
1.12917
1.66842
3.98778
1.95135
2.47297
9.1461
1.95903
1.65907
2.52518
0.943169
1.96002
5.38924
7.71742
5.08429
2.66058
0.91367
0.767967
5.29622
2.20652
3.21358
1.69785
14.5623
0.400904
9.581
1.59022
3.62151
2.8347
13.9362
3.20924
7.64588
0.966411
0.338952
3.18221
3.08368
3.11221
0.772781
0.461878
1.32498
3.94703
1.04632
8.90854
0.561859
2.05761
8.7601
5.38549
2.95142
2.40588
2.18469
1.84599
1.32523
4.40708
10.6319
1.59393
8.05115
2.22293
2.35337
3.11319
5.19959
2.13629
1.13569
7.37516
9.62589
3.06891
5.57275
0.867366
1.19259
2.21667
3.56321
4.66253
7.19212
2.68569
5.17608
7.31735
6.78371
2.42015
1.67181
3.40493
10.5362
2.37133
5.06481
2.73296
2.29801
2.27607
1.42406
5.0342
3.45264
2.65902
6.2186
2.82909
0.544761
4.28326
1.28349
8.72008
7.74672
1.81638
0.535815
5.08935
5.60456
5.37657
1.53448
11.3664
1.61089
5.99911
1.21626
0.992544
3.43057
2.72977
3.17714
4.38494
6.24402
2.40449
6.32062
6.90883
5.43149
3.53263
4.0426
2.15813
2.75724
8.99885
1.4145
2.24171
9.78253
1.72193
0.373853
3.36164
2.05187
0.63491
1.60319
1.30584
1.97221
3.00886
3.75396
1.56905
2.22839
4.35802
1.0218
3.09722
4.67586
1.90378
2.73918
2.88225
5.01065
1.97031
0.597466
4.85076
4.61813
3.18861
3.98148
5.61801
1.76742
1.29596
2.02196
3.27714
0.287005
1.6747
3.90706
2.606
2.87664
1.83935
0.293876
1.27964
5.08698
1.69743
6.83008
1.00051
3.06065
4.94177
2.01681
7.21892
4.22241
2.62271
1.71357
2.45874
15.1765
1.98906
5.01518
8.66062
2.64633
8.0323
8.99927
8.64335
3.93491
8.04048
1.93009
3.68975
1.2596
5.0199
6.88893
2.39926
2.29214
2.36017
2.65323
0.952661
1.27586
4.57796
2.15879
2.49081
2.38967
14.6121
2.77191
4.6721
9.8035
2.63633
2.9279
9.93877
7.46593
1.4
2.71991
2.00012
0.434222
6.0121
5.08446
3.9953
2.6966
3.00256
14.2107
2.28858
2.66073
2.27981
1.16272
2.78862
1.46218
9.4351
14.1048
0.655346
8.822
2.31468
13.5429
3.89188
3.26022
6.44642
1.91382
6.99568
0.526834
3.4763
10.5757
4.6114
1.7046
6.53896
4.65281
5.54196
8.03197
1.54968
10.4626
7.51836
4.09403
5.96292
7.6707
0.873985
3.90803
1.16228
0.279713
2.83923
2.37587
4.0107
1.30467
1.86133
6.46647
1.60233
4.49192
2.94503
2.50179
2.09429
9.9506
2.06731
3.71644
1.34863
4.96583
7.06243
2.73275
6.33258
5.95954
3.47944
0.702809
1.30799
7.21323
1.40586
6.30028
2.30903
2.7295
1.94562
2.88388
9.11502
1.22677
12.898
1.95534
3.93131
1.79899
3.7439
5.82751
3.46858
3.59546
3.19515
2.56109
9.62382
4.45183
2.99113
2.09107
1.14571
2.68343
6.22312
1.33202
5.9905
1.89287
10.0672
3.65806
6.09864
7.51066
2.80471
0.32539
5.65029
4.02942
0.565814
4.72264
2.07001
2.56105
3.50851
8.5922
2.90924
4.03042
5.09232
3.68842
0.810187
11.8868
6.53908
3.60585
2.1002
1.03092
3.38761
3
2.7754
6.56051
5.61995
11.8773
2.52993
4.48203
6.29681
1.07563
10.3536
3.13454
4.52482
7.93358
0.487762
1.47174
8.08977
2.26358
2.26504
4.51727
3.63489
3.46955
6.56648
4.21829
3.76376
0.931055
3.4592
2.80569
1.96713
2.50015
2.29821
1.23557
2.68675
2.78014
2.3196
8.50475
1.26585
3.0896
2.57111
2.73915
1.51469
1.31062
3.42888
3.95977
6.97107
2.76647
0.911704
1.37463
3.10308
2.39424
5.7937
3.34324
3.68246
4.82224
0.766066
5.1694
1.26258
2.06339
1.72555
2.84066
2.25114
0.784508
2.63022
1.46115
1.17863
4.66061
2.19827
2.45788
6.97988
3.4382
1.72576
6.81528
3.31564
7.56117
5.3657
1.67404
5.35799
2.45279
0.766182
0.870173
2.40051
5.75887
1.20784
4.43016
2.99432
9.35351
3.5234
5.31016
4.70134
2.35889
2.32816
6.08092
2.13338
1.02664
9.84839
1.34445
8.69293
2.7542
3.00058
1.42309
3.52023
3.78465
9.57457
6.57547
2.9898
5.28188
3.73641
2.60528
1.50768
0.640026
12.5007
1.09153
7.38119
5.35629
2.42177
2.15152
4.14847
12.7488
7.71916
1.61886
4.2105
1.91503
1.00781
4.91105
5.6385
4.18884
1.99035
3.81384
9.60161
2.97732
3.32293
2.59629
2.27807
6.14699
0.526232
5.23347
2.58531
1.89325
1.41146
3.07404
5.49488
2.82871
2.88735
2.29187
1.14162
5.40248
2.91474
3.03192
5.31348
6.36345
4.41338
1.24091
1.23124
2.31272
1.46961
3.44929
2.91574
2.31857
9.00954
3.77208
1.84012
2.88639
2.29232
1.93394
3.04653
3.53774
6.38861
2.47962
1.92831
6.13643
5.02922
2.09189
2.67293
0.662028
0.842555
5.30506
4.2688
2.38854
6.93787
9.8031
2.19977
2.19272
1.17967
3.21515
1.84074
3.22161
2.3806
1.77522
4.13282
2.74761
1.71976
4.59406
5.93042
3.317
1.87259
1.95397
3.21199
1.31757
3.67973
3.05886
5.87118
2.66188
2.02874
2.66785
1.97881
1.46583
1.12994
4.38426
3.64295
3.02028
1.38061
1.30431
1.84874
1.22607
7.12168
2.22293
1.75622
4.67918
7.21212
2.95432
5.96059
1.0302
0.893278
3.00437
3.38123
1.9336
2.02918
4.85092
1.43343
3.27587
2.24904
2.47799
2.71581
3.79958
3.88538
6.05337
11.9073
1.93109
5.69455
2.31591
4.34659
1.84988
3.80075
2.39995
3.71472
0.570105
4.01856
4.23989
9.53282
3.883
2.44236
12.743
2.49831
14.6161
11.82
0.556053
8.9728
2.68993
2.9329
4.34481
5.6535
2.63645
3.98209
1.63948
11.8892
5.40257
2.79061
1.59461
2.39048
2.94146
3.45899
10.0552
11.0362
5.50098
5.22427
3.44118
3.74419
13.2442
2.03322
1.57888
2.08131
4.62048
1.9117
3.12226
1.72612
1.82167
2.13139
1.94909
2.17652
13.722
5.35328
0.773435
2.83047
2.90003
14.4402
3.43281
2.21778
2.00472
2.04215
5.94572
4.7298
4.33181
1.90854
2.31999
2.2196
3.61642
7.36745
2.17807
1.20613
2.7315
4.04921
2.323
1.64321
0.786057
3.23632
3.16003
2.95034
1.29589
1.75969
3.30876
2.59392
5.03982
6.99246
7.8259
3.14539
7.97775
7.37727
9.45391
3.10644
2.76889
1.61087
2.26094
4.47138
4.4098
1.14491
5.20249
3.03734
0.904597
2.67722
3.06138
4.53353
13.3261
6.73084
7.49742
8.13849
5.93723
0.64576
2.31112
4.4171
2.56053
0.548976
1.372
5.11619
2.37104
2.69929
1.55457
2.4132
6.66636
4.50687
1.85697
9.30081
8.76922
2.42517
9.77367
3.38288
5.10043
2.59671
6.40586
7.98554
14.2131
2.28611
2.89531
5.68765
2.23438
2.88136
2.01763
7.92421
3.2779
2.30258
3.15368
5.31456
6.25904
8.28104
3.70567
10.9226
1.12021
3.24102
1.37026
2.54613
1.90769
6.89644
7.49547
2.72611
11.9712
1.01539
2.53963
4.77276
10.0744
1.04336
1.94489
3.1497
1.31425
4.71964
5.6055
7.41321
2.04138
1.90863
6.89852
7.01313
8.25641
6.75894
3.479
1.16022
4.84675
2.27824
4.81537
4.1378
3.41856
3.66255
6.90923
5.90077
1.19422
1.21416
4.85412
2.18724
1.23967
1.63577
3.07773
7.1141
2.8642
5.27042
4.45123
0.708946
3.4649
2.50905
1.97394
1.12321
3.4899
5.46296
1.91412
1.93003
3.93601
2.86824
2.77307
4.49569
3.9416
2.4462
5.97944
2.67478
2.5282
2.09811
1.64469
9.87889
4.4034
3.92692
5.22366
8.81557
5.92288
4.29469
3.27088
7.20515
1.58488
3.15961
1.356
1.89276
11.0996
1.00496
4.40828
1.77523
3.41723
3.49034
4.00431
7.53552
3.43596
5.029
1.00551
3.29028
0.527771
4.21637
2.57011
1.41171
5.26426
10.5686
12.7022
3.21195
6.92777
13.1339
4.73789
5.92589
4.18722
5.66836
2.56652
5.5171
3.05521
1.32005
7.22341
3.70752
2.04351
2.46159
4.57403
4.22861
3.86818
2.10806
2.1628
1.94972
2.25194
3.85632
3.73274
2.48631
7.33765
12.0146
4.56817
6.0367
6.4878
4.99616
1.99687
1.99428
4.86095
3.80701
2.85055
7.12292
1.62612
11.873
1.75348
2.81082
2.44625
3.69804
5.25551
2.14347
1.67906
6.88803
1.45293
4.14738
3.41388
0.596984
1.58561
2.00413
4.73973
14.1057
4.29537
1.56472
7.98658
2.84967
1.89331
6.31367
12.082
0.688872
2.76298
4.74473
2.03357
6.69229
2.3088
4.77335
2.18875
1.288
2.2353
2.21403
4.07227
5.69912
1.38188
4.29788
2.57559
1.97021
2.38265
2.92739
2.3151
2.79872
3.40288
1.46374
2.5545
2.61749
2.82378
5.69757
1.21749
5.54745
7.5126
1.17084
2.58209
2.27651
1.00158
2.12135
0.189472
9.00444
4.88466
0.942301
1.28446
2.77988
2.56406
1.70256
5.61513
2.16878
5.07487
2.95031
1.36382
3.80202
2.81643
6.70925
2.63162
1.29192
6.38635
4.73012
7.02516
4.03681
3.52894
4.71
3.75204
1.74668
2.16014
1.41175
2.5972
4.3496
4.85635
2.28388
1.86114
1.51315
5.22784
2.21108
2.74364
0.432858
3.03657
0.67975
1.52953
2.15365
2.04609
1.9822
10.1819
3.70459
5.12391
1.60913
2.21418
5.87316
2.46513
3.03659
5.88648
2.74984
2.79643
14.5729
1.21227
2.59725
8.11397
5.08791
4.78427
2.37448
6.62488
2.19821
1.75376
6.50579
1.45322
0.562833
1.65849
3.70423
4.25212
2.426
3.2993
8.52119
4.62672
2.48554
1.4928
2.72015
1.64919
9.51812
9.50435
5.18157
1.04341
1.40385
9.3042
2.48179
4.21597
6.29317
3.49948
2.0793
9.39352
5.85946
2.33643
9.80903
1.15706
3.75635
2.65663
2.47223
3.81341
4.14598
1.24229
2.62501
7.49882
2.7057
1.25944
5.14225
1.22601
1.95107
3.34039
3.03487
12.112
1.54171
1.26435
1.29421
2.38231
3.5515
3.70039
5.29498
6.92777
1.97909
3.98623
2.74799
2.69853
2.7814
3.79594
5.76644
0.743619
2.62108
2.57017
2.24747
12.6103
0.946672
2.83382
1.34791
1.14695
3.41397
4.69502
0.960072
5.74115
2.4161
2.75796
9.55742
2.36846
4.25096
12.569
2.29167
2.49194
1.68005
1.85206
3.95402
8.22271
1.51875
12.2392
3.52352
0.847297
2.57247
3.98441
2.02091
2.27224
0.81322
3.48885
7.22065
3.039
3.25454
0.86456
6.08297
5.5705
2.4057
3.42885
5.35334
6.29664
2.77851
4.48868
3.55416
3.05651
2.62669
2.4558
0.679008
1.33903
4.61404
8.3405
1.54988
4.05595
7.34044
1.66368
13.7041
7.45517
0.401112
7.2902
7.73515
2.82242
1.04746
1.19628
3.36214
1.49923
9.49832
5.19363
2.19709
5.17167
9.05652
4.81924
3.25792
2.03501
0.818268
0.743903
4.47243
3.67208
2.55773
2.80733
2.60481
8.78049
2.71968
8.29719
4.4143
11.3269
2.22976
1.63136
3.25363
8.39244
1.5449
11.22
2.95368
11.0366
3.17921
4.04344
3.91872
8.49831
1.19037
0.66045
11.502
5.79333
10.432
1.35187
5.5357
3.112
4.88251
6.47518
2.98323
8.64103
3.93785
1.6465
1.03162
2.08147
0.996988
5.92412
5.06738
2.14114
1.39271
3.20688
6.26663
7.35385
8.64875
0.900945
7.12777
9.42024
3.73466
6.76428
6.16651
5.16539
8.07431
1.07762
2.08411
3.68394
5.10119
4.97113
2.34707
2.3747
4.03758
6.38706
4.97248
5.21378
3.24616
2.27209
2.45927
2.97409
8.33742
1.10619
1.76015
5.38776
7.03914
5.19604
4.81379
3.95829
3.23629
1.46112
7.03692
1.59336
2.74046
10.2039
5.82627
2.58382
3.30806
1.25825
1.845
3.21553
8.87376
2.17558
5.74238
1.97195
3.28125
0.854808
7.70124
2.5597
10.4831
3.69578
4.89665
3.74648
0.854572
4.18486
11.6469
5.74417
5.32885
2.92723
8.34947
5.24525
3.37925
3.64505
4.59039
9.78287
1.20239
1.25567
5.4396
2.91893
3.17405
6.33906
6.26265
5.44346
7.16179
5.35814
4.41035
1.69278
3.74621
1.59017
4.16711
3.5037
6.02599
2.3819
2.56037
1.95931
3.73973
2.56262
5.54305
3.80352
4.60241
9.87228
1.52794
1.21805
1.99187
6.18495
2.50003
3.99261
10.2363
3.99359
6.59817
2.89011
0.880013
4.58639
3.50986
1.63182
0.603929
10.6259
2.11725
3.04646
7.59626
1.45727
3.27478
1.30667
0.528548
5.59345
5.8698
2.37835
12.8059
6.09371
3.22939
2.2543
1.45596
7.69847
1.16102
7.05291
3.16497
3.39583
1.48159
1.58614
7.05813
4.45007
2.93691
4.93128
3.66977
2.47033
3.36821
4.77587
3.22546
2.15091
5.58304
3.11417
1.70453
7.92699
1.18145
9.80581
5.95259
5.87916
7.60643
1.79709
5.4377
4.0516
6.95542
2.32019
3.17511
7.1341
11.0936
1.89697
2.22408
9.60372
8.09923
3.87075
4.32059
4.5064
1.14708
4.11014
1.3907
2.76364
4.71748
2.37543
4.34758
8.56759
3.57123
1.92262
5.55663
1.90937
4.95473
5.42475
1.6795
1.65016
2.27484
2.22264
1.74017
3.7366
0.770076
2.98633
3.01536
1.03414
4.899
3.82623
2.51266
6.01347
1.95016
2.73371
2.43135
8.03367
3.26538
3.67237
4.32239
5.06848
3.41097
4.3354
2.28726
3.75826
2.40517
3.69945
4.05173
1.5229
2.36103
4.17543
7.93484
5.46556
2.03233
1.13088
2.95906
1.63259
1.23702
4.77282
5.51718
1.17974
1.81
2.24892
11.3281
2.04785
2.9958
6.576
2.26285
2.33525
6.31137
4.33363
4.92939
3.19472
0.689586
3.40242
11.2437
2.15248
2.79389
4.78695
3.57924
1.97925
1.45199
0.635224
6.17109
1.01032
10.2024
2.12491
1.31634
1.56979
2.27466
3.58235
2.24441
4.7757
3.17725
1.4932
6.11741
1.18792
7.46274
3.10166
9.43136
3.04908
7.58592
1.079
2.77025
5.20003
2.43868
3.80648
1.65732
11.4694
2.67423
4.2713
4.13728
2.6362
6.464
7.06253
5.95114
3.27486
1.43749
3.21745
1.27607
6.38017
1.96986
3.99337
3.16846
3.75037
1.46622
0.970252
2.85135
5.77793
1.33005
3.52332
9.07224
1.12569
8.64018
3.48199
1.09794
1.75856
0.721568
0.902741
2.75274
2.9436
9.83619
4.2265
4.99189
2.40682
3.07814
2.03108
1.88016
1.90503
4.10467
4.49782
1.78243
2.4352
1.64693
4.65882
3.45995
1.64768
0.281017
4.74484
3.11595
3.71163
14.2275
7.1758
5.52406
1.88233
7.74286
6.35919
4.49817
4.82783
2.4393
9.9591
12.015
1.60889
3.78505
2.17091
0.713005
8.31351
1.6397
3.72354
1.58687
1.89591
1.43675
3.94361
1.40632
4.62866
3.92172
1.76394
4.04063
1.25736
1.58586
1.42938
1.72106
2.55232
4.23239
1.232
5.66766
7.06028
1.98474
3.44242
2.24433
3.56109
2.34107
3.26124
1.7888
4.01065
0.630537
2.95848
0.508266
1.0663
1.89673
3.0793
3.76105
4.97294
0.946268
10.0468
1.37023
1.16236
4.06378
3.74905
0.653159
3.26355
8.97105
4.12508
3.07806
3.91262
3.22291
3.19167
2.10014
1.95314
7.72199
2.22505
3.21905
1.09938
9.80255
2.6906
12.7278
4.48654
5.94494
1.09583
4.15643
2.75401
5.14191
5.15059
4.39334
6.01186
4.45178
1.98144
10.0908
2.42186
6.00071
2.9988
0.910895
3.43807
2.15412
1.4202
10.5627
1.67704
1.73804
5.48093
4.98965
10.779
1.50971
3.04431
1.86708
5.21465
6.03653
5.32736
3.57564
3.20018
3.01366
4.58567
1.16814
6.22888
1.39592
2.51382
1.26943
1.83192
3.23664
1.60569
10.1474
3.65575
1.35619
2.08315
2.36355
8.27121
9.8713
1.39459
7.5047
1.23171
1.19302
4.52877
1.41564
3.63923
3.05165
4.9032
1.21237
3.07137
9.00258
2.36521
9.61208
3.29295
4.54683
2.79344
1.99175
2.74349
6.85111
4.30316
1.98162
4.90434
3.5506
4.73369
2.55121
1.51374
3.50727
2.98474
2.45516
9.33785
3.66704
0.205913
9.40319
1.6845
1.75618
1.21159
3.01257
4.08069
4.86164
3.35702
2.20381
6.8587
2.95281
0.781961
1.47144
2.40779
3.82445
8.45719
2.67299
4.36493
2.91109
2.92609
2.2548
10.7541
1.43144
2.57428
5.53757
5.83733
3.49793
2.42023
2.49077
8.42212
2.79484
2.63518
0.596263
3.65694
2.51139
4.1038
14.004
2.70755
2.91784
1.91254
1.98691
1.57529
3.51582
3.7155
1.871
4.54286
7.63649
1.22786
1.08024
1.18878
1.49018
0.819002
1.08004
1.95402
4.93691
10.4734
5.75191
3.93785
5.15848
7.05962
1.04804
2.19372
2.99566
2.28225
2.14306
3.57814
1.70251
1.56549
3.8205
2.10686
2.30507
2.97833
0.899385
4.72369
1.13415
2.26113
6.87043
4.43918
2.70052
7.04043
1.39876
2.27178
6.25248
1.12828
5.98783
1.72971
11.4047
5.70565
0.852241
3.32261
0.50339
0.654535
3.17812
5.07428
2.12834
5.25281
3.65935
1.30702
8.13417
0.919349
4.16239
3.73337
1.28086
3.21191
1.62448
1.28002
2.40062
3.06523
2.67116
4.79253
4.0077
1.29871
0.785188
1.21849
1.24695
2.60935
6.32699
6.94297
0.600564
7.21907
4.41609
6.73915
0.829374
4.62652
5.10136
1.52455
8.56368
1.53627
4.69656
8.71542
3.03524
5.74593
4.24853
2.85449
2.84283
2.00967
1.4801
3.30012
8.54818
4.30776
3.70417
1.64277
1.61039
2.11696
2.93231
0.587168
2.70186
2.22773
1.37455
2.41694
3.38224
8.31319
1.774
2.86005
5.62527
2.05598
1.88898
2.1782
6.9909
2.45309
1.22894
3.65743
6.54402
1.59415
0.494337
2.77943
1.48191
3.86219
1.4836
2.71456
1.35859
6.76841
0.300506
1.93007
5.10611
2.5411
3.90489
0.749433
0.702439
5.38065
1.61779
5.23913
1.57311
3.84399
2.0145
2.65132
2.6463
1.34158
3.95376
3.50608
7.05291
2.78088
1.44409
1.10801
10.7618
2.18558
3.51215
3.31705
3.73711
1.37845
2.905
10.4453
3.59473
4.06422
3.21776
10.1849
1.13531
5.80404
5.12423
4.13572
5.62589
1.01504
2.46585
5.58892
2.2656
6.77002
2.82461
1.09022
3.08204
3.37848
2.31644
3.81133
4.21107
2.79715
3.16486
3.36901
2.95139
6.60136
4.05744
9.84917
9.88447
2.33232
2.60086
3.2117
3.36106
1.7947
9.36226
2.57479
3.47537
4.00411
3.53181
9.94561
7.15647
3.64812
3.07731
9.27638
2.74995
2.49542
1.74931
3.79622
7.42218
3.09148
3.30841
2.13813
6.69147
0.610817
3.87717
2.17576
5.14858
1.28803
3.51426
0.971051
10.9012
0.642779
2.5862
3.73844
0.301361
1.2355
2.93717
3.41487
11.9109
2.45765
3.03101
2.00964
1.21602
2.15923
2.55396
1.29203
1.0726
2.50446
3.80212
11.6146
2.86297
1.4471
4.19896
1.24206
6.10021
5.92391
3.12066
5.05027
1.57831
1.22868
1.43203
6.88674
1.77507
3.72749
2.48663
14.1028
2.24711
4.29846
5.39518
4.6153
5.47832
2.79313
1.26369
5.21092
4.83442
5.02063
7.44449
4.75656
3.52038
0.633117
3.13266
5.1664
4.98557
4.41294
2.12073
2.16551
8.75301
4.53941
5.81996
5.60837
2.88777
4.50347
12.2921
1.60489
2.13491
3.57958
7.30172
2.228
6.63953
3.88578
10.5688
2.68622
2.4634
5.31346
2.5163
3.54768
2.29743
2.9746
4.40601
3.26978
4.45516
5.50403
11.4951
2.2817
0.95098
4.54925
10.1021
2.50916
6.0892
8.14857
2.9442
3.44185
1.78595
9.90444
3.93509
1.28945
2.60362
2.0323
3.84108
5.00203
2.6185
2.31935
5.26647
0.84356
1.01164
13.2517
2.34582
8.41574
5.9555
1.61379
1.95532
1.34853
6.07432
1.73834
1.89899
4.74935
2.27732
3.407
0.729733
12.2249
6.40663
2.2898
3.48867
0.812783
6.91151
3.37955
2.94978
8.37827
3.42292
8.54019
1.23428
2.04529
2.14158
3.16749
3.05645
1.56295
3.84636
8.27083
9.11109
1.94179
4.38306
0.894557
4.29318
6.05064
1.73852
2.4665
3.67363
3.17637
5.17023
6.0472
5.52683
3.22148
0.958984
2.41788
9.4275
0.536526
7.45912
2.01544
2.22268
2.55777
5.8307
2.50691
0.94169
11.7577
1.15286
2.20173
3.92717
3.44067
7.00628
1.7151
5.01184
4.11023
5.96121
10.7605
5.76552
5.58947
1.42638
6.16028
2.72224
2.20216
5.09098
4.03689
1.87533
7.17433
3.61652
2.68279
11.6092
3.21453
3.27593
4.85841
2.6133
0.47285
12.2571
2.21842
3.04072
1.1048
3.04142
0.709606
2.07243
4.34001
1.33757
1.43649
3.25291
5.51293
6.30286
3.98808
3.59509
1.07798
0.991202
3.74678
3.88732
1.68702
3.75055
2.65004
12.7685
1.34325
4.03584
3.37676
4.37993
3.8979
3.1449
6.78782
3.29473
2.7935
2.61239
13.7452
8.70066
3.92889
6.1833
3.81951
1.98469
14.9753
1.43275
3.19018
1.63038
3.29764
1.29695
1.75704
6.93985
1.61214
1.15889
1.49816
1.25549
1.71969
5.75681
2.53099
2.34241
7.76636
4.65818
0.802304
1.7351
5.41511
14.0315
7.1216
2.29694
2.28395
1.61474
1.37066
2.69558
9.53264
2.86987
1.30707
0.539563
2.97475
2.70283
2.43695
3.21861
1.20214
3.96922
4.01999
3.39357
3.3027
3.03188
3.12662
1.61716
11.8406
1.48826
2.98579
1.54526
7.1421
3.11543
2.1208
2.44073
3.98336
5.66291
1.39698
2.48872
2.64391
6.18929
2.03808
3.97705
0.999116
5.00839
5.97129
11.0391
0.757744
6.34988
0.897853
1.76002
3.95029
1.06131
0.508137
3.52305
2.94412
2.45699
7.25125
2.13885
1.03001
1.96248
4.17695
1.70514
0.821243
5.33706
4.08345
1.87945
2.24245
3.11204
1.61927
14.362
5.52586
7.31247
3.90835
3.23861
1.97649
4.01434
7.24529
7.65929
2.07177
2.18434
2.13464
4.95615
3.7674
0.876684
4.2864
1.82089
4.38457
2.6917
1.25955
1.75093
4.37213
4.18326
10.2098
6.47389
4.1089
1.76048
2.54021
3.9166
2.02497
1.29609
1.40957
1.36981
3.85826
1.63229
6.51359
6.08115
2.2573
3.15698
1.35599
1.24907
2.076
1.71785
1.1207
1.42423
3.60154
5.54861
1.60506
3.96643
3.62056
5.23026
5.77079
12.2379
2.11564
9.66396
6.90674
2.22542
11.4273
5.81061
3.58868
1.90287
2.67073
5.65941
2.69811
1.90055
4.09574
2.5292
2.06444
1.93725
3.79173
6.49708
3.02174
1.72279
0.963565
4.47665
1.88244
1.93535
0.608673
0.682262
2.38325
1.66988
6.67651
0.460233
12.8597
3.55325
7.58472
0.82302
2.24722
2.09085
7.53248
2.77335
4.18932
0.937201
3.38714
3.24154
0.950529
2.91746
3.31522
6.67269
2.08521
1.85943
6.65096
3.65106
4.1348
2.73264
7.31539
13.3799
3.1542
3.27152
6.39962
2.19933
2.08469
1.57577
3.54071
2.8788
5.59657
3.7577
1.98315
1.44944
2.60693
7.00155
5.69084
2.05294
2.65782
2.19722
0.710382
4.40394
8.43185
7.4377
1.90123
2.8464
1.55843
5.87795
1.76314
1.46663
3.51121
3.61783
2.19715
9.20741
2.9012
3.07756
1.63657
2.44563
1.85825
1.80145
2.88862
7.81346
14.2623
0.921492
2.50579
6.04931
12.2656
1.75747
4.06992
6.46183
4.04131
6.32204
1.77178
1.60224
1.45142
2.37329
2.42028
3.34809
6.18168
2.07439
7.90327
1.77001
0.564586
4.9455
4.58919
3.28812
0.944276
3.18771
8.54781
1.37209
4.5431
2.70905
1.5286
6.39336
0.764723
4.02159
10.1688
4.5422
7.75247
11.9082
2.96676
4.22482
2.52827
4.8867
3.94887
6.59656
6.90173
1.69188
2.41842
6.97845
3.68683
7.44222
2.97554
3.2126
2.12197
5.27665
6.99997
3.70068
2.7521
1.32772
1.19747
3.81768
1.89937
4.70393
5.49148
11.5099
3.26335
8.13867
2.44828
12.8824
2.20043
1.93477
1.65461
3.43557
6.13975
0.602014
5.06533
2.14482
2.73803
2.07108
5.71087
12.2255
7.92988
2.39545
5.981
1.56609
4.42582
7.92547
4.36361
3.09607
1.80122
2.97343
2.3305
2.972
1.3668
2.72211
2.30451
3.23287
10.1819
1.2047
2.87729
1.6716
2.40121
1.97819
1.29239
7.22679
6.24634
3.07573
6.77953
3.46328
9.2966
3.36467
2.21835
1.1696
3.94504
13.037
3.87166
11.308
2.54381
2.73227
1.22941
3.50297
8.72195
12.3321
0.801839
1.20814
8.78822
1.0102
1.91961
1.47123
5.13715
1.55743
2.93693
3.79854
2.28322
3.31402
1.80353
2.38184
3.32222
3.91196
1.71909
1.63805
2.09779
1.51018
3.71785
2.22367
5.02095
5.7839
13.0854
5.41954
4.31426
3.66781
7.81953
2.82514
2.7362
2.22881
3.13435
3.45066
8.56592
1.69207
2.34493
1.98669
0.875076
0.469216
3.47203
1.17231
2.23989
2.74021
1.49745
2.96863
4.30567
4.74319
0.930306
8.87798
2.62563
2.1047
3.40585
2.55739
2.59588
2.47923
2.50436
2.43498
8.20676
6.19429
4.36838
10.3509
1.91375
4.99771
4.35786
4.17382
2.03157
11.8553
0.925714
9.45126
6.42504
9.0507
4.02103
1.84797
1.10268
2.24016
1.63337
2.28652
0.944666
6.22275
1.16448
0.79209
9.26867
1.71709
1.00532
13.3388
2.67173
12.7255
3.37484
8.79006
3.77917
2.57062
2.78153
3.19022
9.95763
4.37572
3.81493
2.71967
6.33985
1.73408
5.39121
8.27478
4.67424
5.81482
2.41465
5.91924
2.34582
3.89943
2.14676
2.34294
7.37182
2.6215
2.49483
1.14422
4.26524
0.592351
2.39908
8.59195
6.82827
2.57668
8.7916
7.40615
6.35646
0.848384
3.4838
3.27766
3.77622
6.94528
2.92356
3.61875
2.85585
4.80679
1.31696
4.19451
4.54618
1.3767
5.036
1.79334
3.95212
4.13257
2.0321
8.99669
3.5257
3.6842
2.11657
2.24979
11.7092
4.54512
6.00746
4.06761
1.89082
4.17107
2.7468
1.12945
2.77684
7.17699
2.68424
2.39756
4.52158
2.64715
4.2847
5.62448
1.4821
4.89225
1.88295
1.35943
2.42586
2.68894
0.616077
6.60503
5.93742
6.02252
1.78833
3.17441
2.44297
2.07741
6.44463
3.57683
2.75175
4.22425
3.94608
4.06361
2.22862
2.97347
2.19205
2.3128
2.45042
2.71312
5.18983
1.72698
6.0761
12.832
1.8109
2.15491
2.60022
6.09107
8.62681
3.21421
1.52272
0.723078
2.81732
1.91704
1.13218
1.42053
1.528
1.33779
0.604055
2.29182
3.19293
6.38868
7.7637
2.18125
3.60989
1.13696
0.82504
2.97389
5.73878
7.51829
1.30884
0.6868
4.14757
4.92183
0.768677
3.2917
1.90117
3.32946
3.15224
3.96553
2.62245
2.42294
9.45239
3.05131
10.0984
1.40782
3.65235
2.65648
3.77828
2.93216
3.05606
3.18603
11.3928
2.33992
5.22622
1.71744
0.993638
1.34541
4.02539
1.73063
8.11974
2.67252
3.20171
1.5362
3.22522
14.7967
2.01909
3.74084
3.17208
6.627
2.83924
2.56433
1.01319
0.503184
7.44524
10.402
2.87009
2.77191
1.31142
7.14215
1.86511
1.70335
2.76144
6.3608
2.28399
4.09259
1.39084
2.89441
4.55787
1.39798
1.58645
3.65436
2.00396
4.94656
0.732046
3.97849
2.96374
3.05616
2.19168
9.33061
1.56425
3.83502
2.99493
10.3246
8.30131
14.7333
8.67686
2.58835
1.30898
3.65896
6.66845
3.74368
6.23415
2.64336
2.42427
1.23763
1.65468
10.6641
5.3535
3.54148
3.36008
10.9526
2.9975
3.14878
4.54757
2.11964
4.02066
12.3279
5.76481
2.95401
11.4336
8.29428
1.69065
3.08518
3.76665
10.071
1.56691
8.35227
4.30647
6.15087
2.17331
4.83193
2.05934
4.36488
1.23265
5.43796
1.54744
3.67889
3.08244
2.87549
11.4278
1.27266
2.18288
4.19374
1.70851
1.93832
3.4762
2.80807
3.57551
0.985094
1.50796
3.41574
3.66017
4.38672
1.6756
0.880542
4.30016
2.38111
1.85744
9.85411
0.91605
1.99454
4.84734
2.36491
0.696023
3.42489
2.57921
8.72958
3.73776
1.17281
4.81135
1.35532
2.72974
1.42662
2.82674
1.2029
2.52806
2.8422
4.15014
1.65261
7.19481
0.856012
3.67353
0.954204
1.86022
5.53648
1.12461
1.24118
3.30272
5.53687
5.1545
6.2512
1.22527
1.70016
4.42415
6.46731
1.52137
10.6756
3.94942
1.04978
2.03554
1.17136
3.76812
6.38336
7.9805
10.1783
2.71181
2.11372
6.49461
5.99932
4.19053
6.28198
2.84049
13.1689
1.47607
1.61954
7.55493
1.38237
4.80149
1.96415
1.1532
1.8275
12.3742
1.21548
1.64531
1.93286
5.74348
3.89033
3.82556
2.96289
2.02192
1.70591
2.87915
12.8944
1.79777
1.88607
2.02155
14.7014
1.47508
4.22109
4.33259
2.40659
1.42694
3.39899
0.529058
0.964317
6.12578
0.475579
0.876681
2.62305
3.23225
3.63256
1.02314
2.62368
3.69046
14.3007
2.52609
2.17961
3.16518
3.17105
11.609
0.904181
6.08827
1.52194
5.41224
2.59986
4.3938
1.98901
2.23095
3.17868
2.13908
2.81898
2.78136
4.19891
1.15088
0.467435
2.81195
5.15286
3.3395
0.506507
6.92244
7.34541
4.33343
4.70761
5.88671
4.92071
3.21064
4.22736
12.4125
1.68779
7.0237
6.51575
5.0559
2.8836
2.77564
1.7139
2.98169
2.9484
3.81787
14.5537
3.73788
2.55308
4.46655
3.6257
2.09923
5.92895
0.725659
3.53676
2.69966
10.5896
1.20919
5.87057
6.93838
0.923658
3.15421
4.2536
12.7387
5.69878
3.68553
3.36582
0.995729
5.16552
13.2924
2.49047
1.76382
3.25669
5.67891
2.0874
1.1296
3.58933
7.36507
7.8129
2.62322
6.08857
6.36957
3.40173
1.99657
5.11861
4.15591
2.71095
5.04978
3.07439
4.02297
1.49898
2.95138
4.67665
2.39012
12.5709
2.33061
0.947023
3.64727
3.59048
4.70386
2.46477
14.0628
5.21078
12.4415
3.85213
2.61023
3.90098
6.29142
0.868413
8.47327
3.92838
2.12428
9.08492
1.70098
1.63267
5.12126
2.04455
5.42544
2.25096
0.751477
4.34385
4.56752
3.42832
9.52115
1.8585
8.86482
2.07343
10.9133
1.90059
4.15563
4.59988
2.85364
4.54907
4.79685
4.49825
1.63358
14.9111
3.18147
4.8179
6.10453
0.733968
2.04546
11.1228
4.4616
3.06598
2.15013
4.20924
5.21206
3.21985
2.0551
2.1314
7.27068
2.68202
2.92685
6.9734
2.06227
2.14642
2.64569
2.64789
4.66289
9.4724
1.67127
1.40576
4.46318
3.81028
3.40662
3.32923
2.21241
8.44179
6.75803
1.71156
3.2033
2.673
6.89432
3.13563
2.03469
6.65285
5.35815
6.33012
1.10188
9.43786
5.09926
1.94938
3.61143
0.241763
1.40299
2.90254
5.15097
13.3312
0.561601
3.65219
1.45408
2.01094
1.5207
3.88506
2.09714
5.27987
11.0434
1.276
1.58839
10.0962
4.71616
2.24295
5.99845
7.73991
3.42471
6.26205
3.06855
1.06315
4.44372
