3.37527
12.0763
2.78903
4.10744
13.0509
3.0504
4.61268
10.2329
3.41587
2.12209
1.96869
0.863348
3.88803
1.42812
3.79711
2.3828
0.77605
1.73249
5.45758
3.28428
3.40996
3.38437
5.27646
2.76487
1.82391
3.8652
4.28022
1.60769
1.92555
3.54157
2.2862
5.09788
2.32746
4.19232
1.93332
3.56248
3.47584
3.21118
1.44518
1.9731
3.01131
2.41215
8.28759
4.25526
2.05119
7.97014
2.75134
4.79277
2.01295
3.61063
14.7614
2.52681
3.25157
4.67195
0.368163
5.49074
4.24307
7.26759
3.68085
3.56212
4.67086
12.3134
1.26026
2.01995
2.76198
5.07249
6.70142
6.49035
2.13606
1.90586
12.1793
2.83695
2.62839
10.9455
2.75117
0.858312
4.38439
0.893909
4.22093
1.35111
2.53997
0.566133
1.30519
2.94283
1.57433
2.46295
8.02403
8.51244
2.35811
2.84858
8.97512
2.77313
2.5386
3.279
0.529956
4.78552
14.4745
3.57265
4.02848
3.14761
5.10723
3.18026
2.60443
0.405374
2.09865
7.49038
3.65677
3.94935
2.73772
5.14918
1.75977
8.30977
3.44644
2.45815
3.59344
1.39796
2.2858
2.26185
4.4121
8.87042
1.85268
1.59806
5.65757
7.02115
8.58715
6.99046
4.15384
1.15643
12.4324
3.89543
1.20392
2.91982
2.08024
5.45361
3.60061
2.11131
1.35171
1.82431
0.920265
2.88585
4.194
3.0643
1.37989
2.60237
1.73693
3.10684
7.75252
1.28622
1.28738
2.38495
7.46392
0.418593
1.19088
3.1207
3.12343
2.51898
7.58694
6.48326
4.43672
7.75532
7.55642
3.60915
1.77645
0.84241
1.17121
11.4032
3.89585
7.16649
2.81273
3.14625
3.31733
0.800403
1.84636
1.83916
3.70206
5.02049
2.53006
6.49328
1.18381
3.58781
3.00923
3.24576
8.49367
4.7295
1.67988
2.71417
0.619628
0.476676
1.60458
3.32286
1.74528
3.41704
1.47263
2.21214
2.51537
4.32087
0.277108
2.88305
1.4822
3.11759
1.67633
1.53673
6.80251
0.958138
3.74553
1.8517
1.56642
1.67829
6.18824
3.06958
1.89436
2.91517
2.00741
2.24938
1.89411
3.20656
1.65251
1.1501
11.0578
1.6797
3.09826
4.35795
2.03383
0.726132
1.87928
3.81255
1.4811
11.4555
3.20173
1.22635
2.06889
1.44102
14.5596
1.74664
9.84779
7.42442
7.13722
2.12114
2.72817
8.48639
2.69562
3.60673
1.39498
2.04482
0.72352
11.5461
0.568767
1.53078
0.462908
2.32806
1.08079
5.27568
7.54093
1.48221
1.49927
1.1277
2.57248
3.30573
4.41374
4.84756
7.43517
12.3556
3.03593
13.7143
4.27139
1.20204
2.72518
4.89323
0.918106
6.35243
1.09274
2.82752
3.27616
1.48046
3.3724
0.759024
3.27333
1.85571
7.59595
3.9672
0.629856
3.9384
4.13111
7.51905
4.06174
4.33594
2.95522
6.36802
10.4552
7.5718
2.93677
1.42736
4.07733
2.29611
5.13993
10.9347
2.42409
5.63523
1.93361
3.86367
2.91305
7.13441
2.43877
4.32596
1.57376
6.97953
1.82382
1.26109
4.70636
6.41771
0.410748
1.2959
4.80913
8.30002
4.47532
0.760157
11.8437
0.677979
0.541857
4.37097
3.57059
9.77701
7.32884
2.57624
4.54206
2.07809
2.03948
4.76538
1.17345
1.10001
2.16704
6.77975
10.5013
4.48742
1.07651
10.1111
1.52121
2.66143
4.05251
3.29474
1.69944
5.40967
1.62819
9.59677
1.09544
2.99966
2.65214
1.3195
1.80131
2.76988
2.4086
3.37681
2.04302
0.900204
2.97471
9.68926
8.89664
8.69618
5.66323
3.73023
5.78278
4.20241
3.94068
6.84555
1.97653
0.728822
3.15833
1.6853
1.66025
1.25026
2.59757
7.51962
2.89216
0.757564
14.6479
0.805944
0.575012
1.35307
1.76415
5.16968
1.15053
6.20498
1.94125
1.95781
9.07196
4.75436
1.55513
2.56103
5.14672
4.37094
2.19762
2.42387
4.48817
1.99667
3.64798
1.09447
1.73525
2.64208
2.63604
3.55618
1.29051
9.22147
2.42478
5.56963
1.43317
1.9867
1.06657
4.12152
2.24276
6.38731
3.33452
1.44318
2.14524
2.21129
0.568515
2.04411
2.78699
2.61845
6.86911
0.83677
0.517297
9.88645
1.52165
2.4535
4.33283
2.72364
11.0211
3.94656
2.08291
1.32074
0.810872
4.34245
1.3095
4.0902
2.11085
1.63853
8.80908
2.83888
1.61093
2.45993
0.917667
1.73276
3.86736
4.36433
4.62444
4.55693
3.90129
10.9552
3.61404
1.53985
2.68351
1.56862
1.19326
2.0721
4.18543
3.88445
1.84018
8.44291
4.44018
1.22249
2.73162
0.63527
1.11022
3.49697
2.83916
3.71033
0.991222
1.8924
10.8717
2.81929
2.78038
4.40247
1.38943
7.11404
3.95338
2.13444
3.43348
2.94465
2.4503
14.9423
5.16206
2.67543
8.31709
5.78943
1.55483
4.2792
12.6411
3.45717
1.57505
2.2487
0.878015
3.78105
11.7662
2.39585
0.377145
8.48672
1.32726
1.92551
4.09134
15.8938
3.73903
2.34149
1.99537
0.728474
1.89411
1.63425
0.876849
1.77395
1.05992
2.61437
0.996371
5.66092
2.33547
0.488961
1.31245
6.08562
2.1568
1.67814
5.1016
3.23775
2.28462
6.00742
2.48039
5.69104
2.33523
1.16513
0.851494
5.83964
8.57384
7.22391
3.57503
0.96032
3.17724
3.93916
3.6972
4.42337
2.35593
1.54032
1.27226
2.324
2.53505
2.59318
2.5872
2.77055
4.64151
5.35692
2.18765
2.01922
1.27257
8.73788
1.75002
1.09785
1.56477
5.85363
2.82688
9.34258
2.22653
0.305818
5.23145
0.994794
3.81197
2.53405
7.02848
4.45245
5.06623
3.49828
1.60057
6.64107
0.996843
6.03965
2.34469
1.94967
12.3868
0.999971
4.07701
13.8736
8.71512
2.08436
4.56542
4.01397
2.31902
1.54546
2.37684
3.71558
1.25343
9.06129
1.13489
3.07896
4.67269
2.08963
1.09907
2.18689
3.18582
2.46417
4.55274
3.79266
3.39053
0.75289
8.66791
3.59071
1.58277
1.75814
8.14761
4.43399
2.94643
1.8755
3.39432
1.02687
3.20151
0.945947
1.71461
4.21007
7.36683
4.2097
3.61471
1.85414
1.90265
5.00943
1.61107
4.13686
1.97368
11.6909
4.91717
14.4515
1.20172
3.36472
0.89809
2.84392
0.868522
4.72243
7.295
2.90628
0.734266
1.321
3.43582
2.31343
4.86248
1.44213
1.00449
1.03138
2.93993
9.99928
3.09187
4.94307
2.22814
6.26128
1.91758
2.02476
1.56587
0.151402
9.53234
10.033
3.06058
3.36345
1.90689
7.64711
2.37496
2.74623
2.27774
3.12041
2.73633
0.2881
2.77069
3.77497
3.79649
1.03865
1.16655
7.22354
7.03221
6.09922
3.31995
1.54358
1.51123
10.2335
3.56411
3.33479
3.84957
3.48575
1.42972
0.220213
0.289968
3.05495
4.23115
10.2125
4.66822
1.79593
4.28998
3.3851
2.29051
2.84865
0.429301
4.85747
8.44271
2.82694
4.70671
4.87157
1.7292
6.27285
2.46543
1.07861
1.27622
7.20777
2.50753
0.62007
2.80008
4.21523
4.92844
4.12739
2.95524
8.31874
3.29759
11.6608
0.4397
6.57941
8.87547
1.01044
3.60251
3.69105
2.50994
5.01724
4.73481
1.36257
2.56982
5.01826
1.33876
5.58752
7.35866
1.27187
3.83492
0.652458
10.9483
5.24067
3.8403
2.81805
1.62579
0.958814
1.84505
0.9041
1.9802
0.160393
9.50098
2.12533
2.3755
0.627774
1.5078
2.3765
12.6149
1.61004
3.17919
4.46018
1.44027
7.22576
2.1244
1.85129
4.90524
3.003
1.57215
2.36596
1.29796
4.45712
7.42636
1.17059
0.57676
3.15486
5.75531
2.71558
9.54601
2.17739
7.68376
4.79884
12.4311
4.18678
3.31368
1.03157
2.78339
4.23241
2.69914
4.79984
8.28946
2.94636
1.24251
4.30213
7.32686
5.37458
3.68691
2.11775
2.49481
0.535843
5.2335
3.95038
8.23031
4.17187
3.78585
2.00979
7.15712
0.767429
0.143915
3.38718
5.13604
3.28461
3.17876
3.49926
1.43515
3.32766
1.00818
1.5582
3.00014
3.41704
5.34115
2.24897
11.5312
0.614789
2.59697
1.35286
4.42881
1.59907
1.85808
0.561894
3.75295
1.12675
3.73859
1.99771
4.1206
0.55729
1.24656
3.61425
1.47908
2.13625
11.4744
6.09231
5.01827
3.55478
1.67954
0.922655
0.917895
3.61864
4.01998
2.15295
2.48134
5.78828
5.82969
6.5716
1.20041
13.7246
3.01478
4.23329
4.51229
2.22668
2.05614
0.821493
1.24803
2.02953
4.04752
4.13724
2.95959
3.16583
3.33514
1.1841
7.60136
5.23484
4.14112
1.63933
3.08019
4.53549
0.848829
1.77813
14.642
1.43096
3.32129
2.49884
8.80443
1.90028
1.23625
2.51248
3.45395
1.51484
4.13719
2.28324
5.181
4.40177
2.59015
1.47269
1.23742
2.48053
2.01051
3.47122
8.42556
2.31907
1.61784
14.5551
2.12064
2.12094
1.9042
5.62102
8.994
3.62593
1.99111
6.48947
2.75258
1.57356
1.6299
1.55076
3.6116
11.7946
1.86346
5.00442
1.24964
3.44767
1.35462
1.90631
2.23998
0.459828
5.19151
3.46429
0.959861
1.8848
1.55681
2.35535
3.56476
2.48122
1.08329
4.21955
0.484125
10.6133
4.31732
4.25871
1.63581
5.31636
2.30633
1.78057
2.0434
4.03479
2.46443
13.0956
4.76587
2.30136
2.65801
2.3633
3.245
1.504
5.75639
2.60567
0.816706
5.15029
4.07184
1.36808
3.09738
6.26343
1.6869
5.76939
1.51033
2.34036
2.63694
3.19855
3.39439
1.85661
5.20448
1.51695
2.55853
4.80568
4.25244
2.69184
6.05394
2.297
9.72523
7.13562
3.13273
1.22644
2.32297
3.84986
2.02707
2.5933
3.90218
1.81996
1.07465
2.34657
2.02545
2.54492
2.99971
4.35537
2.81879
1.02871
2.64961
5.62877
4.09272
8.51254
0.221692
1.55529
4.13186
1.80949
1.6361
9.30344
1.51441
3.48003
1.939
1.62061
11.5299
1.82325
6.98375
1.49944
3.43526
1.50165
6.24739
0.831744
7.24417
4.62355
1.08285
3.6053
4.1686
1.93169
2.14557
4.76446
6.2978
3.16471
4.74724
3.515
1.75584
0.428999
5.83673
4.65961
1.77243
0.401379
5.73141
1.05997
0.665287
1.4413
3.68547
3.30545
5.25106
1.76158
3.89484
7.54633
7.15149
2.04504
1.18336
1.82728
3.71026
1.58147
2.27632
5.71184
2.89616
1.54473
3.58735
1.10058
0.385468
0.914801
4.85093
3.63584
3.89661
4.43621
0.40898
2.07388
1.47771
3.19094
2.93662
1.01844
4.95592
11.5494
3.54634
3.54782
1.62926
4.52959
2.0039
1.264
1.8389
7.6321
3.23988
1.22819
1.70923
1.47004
5.10231
2.76718
1.04898
1.22242
4.29165
1.44517
0.80859
2.41563
0.97757
2.39539
3.04224
1.91945
5.53371
2.68348
0.685081
3.52709
3.32698
5.91151
0.770257
0.305154
5.55461
5.87349
3.18325
1.43175
2.2601
1.46013
0.782049
3.44404
10.1029
3.24223
2.21911
2.75557
0.447446
2.5962
6.73879
2.23121
5.90847
1.8919
4.49588
4.32124
2.03424
2.12275
2.36671
2.10421
1.43397
1.11036
1.23046
9.85622
1.95517
1.48769
5.35388
1.5149
1.18831
3.86368
3.61295
4.96892
8.40676
1.62092
3.45879
2.03043
0.872411
6.54129
2.41821
1.19655
4.61083
4.54773
1.75369
1.20687
3.96732
0.89018
0.765959
2.11142
3.34272
3.56678
11.8792
3.05386
2.52099
3.11134
9.17834
5.39209
2.79814
1.35242
2.1142
2.95734
3.23168
4.50751
3.12838
3.82363
4.95106
13.3629
3.49494
4.90554
3.36742
3.71132
2.07573
7.52604
6.84859
2.14107
3.03641
3.56688
8.39555
3.97019
7.63864
7.12644
1.5257
3.39968
1.95453
3.15072
0.93534
5.1008
2.04578
2.91157
3.24094
1.37743
5.04817
2.47195
4.12748
10.7444
13.3533
0.914125
5.78208
2.16782
3.43427
2.07175
4.15041
2.37207
1.42077
7.83273
1.96185
4.15457
2.57427
3.6837
2.02307
3.54999
4.43479
5.71929
1.52053
5.82869
8.2685
2.00905
3.59688
3.32024
2.99962
5.08467
3.0479
1.58912
11.117
0.975891
4.50999
5.07602
2.81959
2.27005
4.87117
15.3854
1.7943
3.01145
2.27236
4.0334
0.972256
4.39489
4.89036
1.5491
4.39401
7.51536
2.76936
2.70901
6.14431
8.73231
3.47205
0.881686
4.85253
1.76978
2.9137
2.23653
3.96148
5.9027
3.24912
4.2877
8.19406
7.85979
7.71177
6.13002
3.55646
3.97879
1.6879
3.99531
3.75648
0.949996
1.66372
2.29793
1.22661
2.91378
0.968888
2.50458
1.60266
1.70404
12.3863
5.03376
1.64419
3.99476
3.95125
4.91596
5.00603
3.10366
3.60532
1.72918
0.471465
3.68142
1.76169
1.16896
4.75983
2.30287
3.07034
1.46316
2.75967
2.28542
2.55841
3.59571
1.91561
4.92135
14.634
2.84196
1.44912
5.96053
3.06154
0.614735
2.00285
5.0898
3.31558
1.18204
4.60479
2.05618
2.64909
4.75787
1.4267
1.338
3.20789
5.59079
2.38587
2.6551
4.63907
2.40018
2.60936
3.03083
1.36626
1.83062
4.82348
2.20723
1.48137
1.83243
2.80441
1.29518
3.81726
14.5098
1.53314
11.9662
3.08284
7.4675
1.19759
5.02696
0.644424
4.7529
8.04365
1.95613
1.95642
3.0836
1.35821
1.26795
2.60049
1.81237
1.08089
2.35743
2.93789
0.604836
2.63955
3.63005
7.87238
2.31758
2.24122
1.74956
1.82427
3.12829
1.47335
8.9412
3.84992
0.93381
5.38766
4.74263
3.59197
5.16001
9.75447
12.5552
7.3904
4.62605
1.21933
5.25347
3.12346
2.13661
13.3219
3.53071
6.89253
1.48885
5.52081
1.45726
0.369281
2.99035
3.5812
4.83601
2.19149
1.99662
1.75264
1.43403
2.07235
3.47736
1.57231
2.66714
1.59085
3.09549
1.66686
3.39882
1.67913
0.130881
1.38503
2.94145
2.19017
2.42962
2.20273
7.92171
4.04539
3.90689
6.58985
2.25582
8.32488
4.02249
1.71205
0.807242
4.3444
1.89765
2.60427
5.07609
3.70842
5.7492
3.07341
1.8644
0.453091
0.780511
8.2818
2.08784
2.67125
4.8173
3.80768
13.1594
0.732101
2.01547
6.64953
7.7189
1.45622
2.45327
1.19978
7.11855
0.457882
3.07998
1.50194
1.26097
2.43645
2.93027
4.71332
9.94549
1.33807
0.575373
3.009
3.93483
3.09082
1.7703
0.190213
4.27739
1.53573
2.05233
3.98466
0.853698
3.50031
1.90068
4.77415
4.01213
4.62018
2.73607
2.69905
1.53505
4.08621
2.60264
8.61428
0.779152
1.85217
4.32075
2.31036
2.53163
0.259794
1.30126
4.60247
1.53985
1.04854
2.52429
5.87209
2.83631
4.50536
2.13347
5.11057
1.19769
1.5528
3.06551
0.555326
11.5321
0.57264
5.7591
3.64144
3.69222
4.25507
12.2336
2.27022
3.18952
1.76962
2.55993
2.33359
9.7492
2.93601
7.22332
3.80521
6.19089
3.80869
2.50097
1.34975
7.77082
1.86004
2.15752
2.4975
2.19248
2.92436
3.46503
3.33199
3.64996
2.94793
1.92309
4.06299
2.91389
2.22633
2.65939
2.09924
3.09398
3.36652
3.37668
3.49437
1.88635
4.22289
3.4758
1.99801
3.7884
2.38979
2.84153
1.91815
7.72483
3.68901
5.13297
6.9522
4.18793
2.80894
6.68133
0.427765
5.0398
1.83822
4.99273
4.63714
1.23802
1.86635
1.91767
3.38549
1.69439
3.21622
0.913263
6.45859
1.67987
0.968968
10.3529
3.57515
10.6966
0.495332
1.58065
4.67741
4.20732
7.06162
4.77534
2.05771
2.74187
7.68016
13.209
5.6183
1.19582
3.32945
3.36052
8.727
1.92327
1.8571
3.83343
1.87347
5.88523
4.97658
3.37359
2.74591
1.58678
3.76128
4.07883
2.13552
9.72816
3.62917
3.45919
3.24257
3.54823
1.40067
12.2121
3.61155
3.834
4.21272
1.82159
13.6123
0.801298
1.91403
6.9579
2.15666
2.71073
4.05366
8.19957
4.67622
1.72243
1.40457
0.842851
1.53976
3.72411
14.4793
12.8316
2.43273
4.20781
1.1662
1.19849
2.61378
1.63818
1.72589
1.70973
3.96082
8.24706
4.00439
2.84806
2.49247
0.935279
3.24092
14.8973
5.41658
3.66974
0.533168
2.51952
3.12688
1.92879
3.03598
2.63245
1.65408
0.505803
4.57357
1.85735
2.54701
2.53113
3.22902
4.34635
0.866929
0.65161
0.336031
2.70378
0.565197
5.45864
0.541509
1.24569
3.40073
3.89932
6.21497
4.57202
8.88518
3.7397
1.6729
1.95122
5.25613
3.09914
7.78124
5.11993
3.3402
3.55531
5.54946
2.7332
2.26546
10.2661
2.60121
3.708
0.907585
0.961868
9.79536
1.11422
6.65004
11.7217
3.3439
3.10116
1.58379
9.15688
0.777914
1.34712
4.58152
4.60691
5.17913
2.77974
3.70181
1.1374
1.39774
1.16734
5.07908
12.2331
10.7138
0.854813
1.96944
6.25143
4.30469
6.21104
1.77693
3.30856
3.57373
3.87551
0.664904
3.22572
11.4207
0.499447
1.73739
2.45632
12.1344
1.26156
1.58885
2.45811
3.09997
2.65614
2.00024
2.18108
2.33008
1.00718
9.41284
3.45001
0.611461
3.30179
3.3063
13.5649
3.01359
3.50165
2.83184
1.86378
1.62668
1.80381
10.0301
2.51174
2.84444
4.17712
2.70428
3.05616
2.98378
3.0505
3.25263
2.17135
1.87459
2.05323
2.3145
0.63265
11.7755
3.0838
2.49154
1.52124
2.37468
3.79694
2.64759
3.50326
0.976818
5.28865
3.5168
3.65118
4.32394
1.2212
3.0523
10.536
1.88773
1.09407
2.65703
4.19326
1.07146
1.75949
2.14077
1.46834
3.65641
1.74418
1.70726
1.61398
5.38298
4.54586
1.95424
2.02634
1.19186
4.98253
4.10272
10.9681
4.14587
2.90747
3.97035
3.13049
2.79996
3.49959
0.822686
1.2272
9.86737
1.18771
9.67051
4.67056
5.65501
3.37401
1.67407
3.94108
2.57897
3.64036
3.41326
3.94344
0.933765
1.79617
1.53042
1.42652
7.63719
8.23132
1.946
5.22477
3.32828
7.50934
2.86574
9.55947
5.02158
1.34496
3.74115
2.06759
2.84356
2.57223
4.63185
2.51254
0.857646
4.73601
8.79753
3.18041
7.13377
7.07019
3.41217
2.1186
4.40179
4.33125
4.72372
0.906064
4.01477
4.75516
1.16519
4.88829
6.02366
3.54517
2.42203
7.38661
1.23717
2.94598
1.72086
11.8656
1.05946
12.7624
4.4807
1.43931
8.73243
3.0436
2.78044
1.25574
2.86922
1.42987
0.278658
2.67409
15.4208
3.67622
1.25734
1.34697
3.15903
4.65137
3.25222
1.90797
12.3602
2.78248
2.202
3.15261
4.14827
7.71073
3.3387
8.76645
1.69014
1.18649
3.59664
2.22266
2.35059
3.01444
3.99067
2.27775
2.06324
6.52302
3.42799
2.81183
11.0037
1.95964
5.4691
5.6011
5.24741
4.0368
2.90365
1.45639
1.53196
3.57403
13.6614
1.14289
0.603644
4.01025
7.80475
2.47994
0.251437
4.37337
0.57629
1.70414
2.48887
10.197
1.81407
4.58327
1.37866
1.49256
3.43195
2.62806
4.4436
2.53343
1.87269
2.85302
2.17341
5.09831
5.74804
2.56006
0.587214
1.42481
3.39625
2.17028
2.36682
4.45639
3.5668
3.47142
6.29139
4.39654
3.66354
2.70537
0.93828
3.59725
2.15121
5.44726
3.01599
2.16596
3.1225
7.38451
2.44459
2.35598
1.01335
3.75084
2.04585
1.77382
3.09946
3.28868
4.11168
1.42291
3.84488
1.84329
8.36531
3.24689
4.44254
2.37193
1.30592
1.9815
3.33841
2.61721
1.62286
4.21978
3.67078
2.67165
1.55497
4.61704
2.90497
2.96294
7.9986
6.70575
3.51344
3.67802
1.15512
2.01146
3.15633
3.7527
11.8539
4.36982
3.88243
2.97696
4.1489
0.839953
0.930917
3.19498
1.12549
0.917486
4.59067
4.48411
1.00924
7.57069
3.06248
4.19052
4.65434
0.326549
3.29011
4.1918
2.27218
1.82829
2.66664
11.5951
4.89363
10.0706
3.23535
7.74645
3.20264
1.8935
0.924691
11.6011
1.85611
2.9318
2.10729
1.65597
3.63155
2.53729
1.71994
3.44161
4.71567
1.00317
1.16806
0.956363
6.02482
4.9771
3.19802
3.73175
1.71843
3.87213
1.99606
0.271213
3.82679
1.00439
1.8859
6.18061
1.66235
1.63104
3.03297
1.56805
6.26741
1.32669
6.92606
5.61639
9.2713
2.24886
2.9169
3.19976
1.00559
1.9353
3.82018
0.584629
9.40615
2.5845
5.86257
4.2952
2.4947
9.3694
1.81058
9.26392
2.3424
0.950973
2.95806
5.18657
1.66246
2.36778
1.58795
2.44127
3.49165
4.50949
2.06934
1.13199
11.8606
2.45184
7.98595
3.92184
3.66186
1.87476
1.01848
5.23005
4.30647
2.15103
9.06297
4.25005
6.88393
2.46695
0.94095
2.86494
1.63498
4.58981
5.81555
0.755908
3.53415
1.15961
4.07962
2.77941
3.39883
2.39622
10.5525
2.59047
4.37683
3.08614
2.79297
2.1778
0.46881
2.31371
2.86678
2.80792
3.15912
3.91276
0.452529
3.38458
4.26511
4.61264
7.54157
0.453214
1.07204
1.40694
1.85487
0.941308
1.33846
1.44188
1.30726
1.06204
2.08407
0.822886
5.07547
7.78432
1.18293
2.21406
3.00005
3.02384
2.72291
3.53031
4.08693
3.31925
2.03501
5.76546
2.17337
4.0037
6.81079
0.992462
2.30313
3.12273
1.81606
1.42454
7.34046
0.667092
1.47912
4.57803
6.77787
1.29768
2.54507
1.89982
4.45012
5.12721
0.777116
0.578245
0.551224
1.44818
4.88081
4.73218
0.637415
1.80587
1.30401
3.24294
1.11855
7.26079
1.79143
9.23274
7.15891
2.03842
3.56602
10.5417
2.13885
2.48375
6.30129
4.67879
3.66013
1.96967
2.25321
2.91545
13.4912
1.79127
4.06594
4.69314
6.48969
8.92257
2.54965
7.7268
0.286022
2.08057
14.2111
1.17827
5.4564
2.21368
5.14792
0.33999
3.92803
9.21229
4.71486
5.42529
2.94736
3.47065
1.98063
3.18749
2.04952
2.78039
1.18244
11.2425
5.04752
3.29927
1.1663
2.45514
3.84789
2.75889
0.904236
7.28029
0.746699
6.33272
1.75121
2.72194
2.84316
1.53695
4.67165
4.54712
1.03016
1.53645
3.13917
2.88781
2.04899
2.08725
3.24063
2.01008
6.54829
3.17229
3.9074
0.871687
2.05806
1.41432
3.25425
3.2623
4.93941
1.1845
3.42894
1.47468
5.06534
5.09672
1.35089
8.39996
4.5794
3.89529
1.59928
3.91004
2.75116
0.575651
1.66604
8.81136
1.42603
3.20436
5.03126
3.88924
3.97999
1.28437
11.4733
11.1578
0.0559656
2.38031
1.63998
3.03063
2.92832
2.27701
9.13555
2.84452
6.46166
1.87216
10.7392
6.0947
2.04711
6.639
1.02148
1.59841
1.44916
5.87152
5.16196
5.80719
2.90896
5.14942
1.88905
2.0247
3.19968
5.65301
1.74257
15.7286
1.07657
7.66989
1.71176
2.09774
3.49009
1.13042
0.755699
5.80845
1.4984
1.9164
4.66289
0.347307
3.09321
3.30739
2.36656
9.22821
0.645735
2.53494
1.70697
2.49643
2.62227
3.63734
1.03586
2.02341
0.100118
5.73358
3.111
12.7069
1.54808
12.7933
3.254
5.32004
6.38397
5.20058
1.62031
4.19998
10.805
3.34081
3.40223
7.29011
5.45427
3.6777
2.51884
4.03604
4.05821
5.14505
1.79061
3.94391
12.023
1.57931
1.46514
12.8565
3.89333
1.52631
1.57066
3.13913
1.13423
3.54137
4.16217
1.25083
4.15413
1.30125
4.23095
1.44121
6.97068
9.15357
2.87102
6.99466
4.16395
10.9927
2.58854
1.00893
0.515282
1.48638
2.14874
3.16702
1.04425
3.44438
1.52522
3.00443
2.05161
5.27107
7.4157
1.27809
3.23086
6.74226
2.72187
2.75548
3.41575
4.11637
4.65861
3.00006
11.3083
1.71174
4.94202
2.04926
2.4653
9.12533
2.64384
4.69394
5.67973
0.424749
2.02207
6.29572
1.98115
4.6184
1.29078
2.26429
11.3157
2.65769
5.11186
3.24159
9.55735
7.98688
3.55444
2.10885
2.80991
2.60734
0.50929
6.65983
1.43406
2.85725
5.41679
2.38602
3.45215
2.93047
2.76385
4.71518
1.4031
5.50751
7.99999
2.60131
5.57857
0.412474
7.90817
2.26426
1.44946
8.95823
5.48271
1.65892
10.7389
5.01483
0.618938
3.85229
2.09842
5.5757
0.636524
3.42409
2.2876
3.19336
4.73955
4.96261
3.02467
4.55877
4.5873
8.26472
4.04853
2.28349
2.51085
4.87831
2.02121
9.12191
5.67114
1.18086
4.26089
3.4161
3.66583
2.05065
3.50183
4.43149
1.7954
3.5042
5.37029
4.88428
8.7048
10.6901
4.90936
8.09874
0.367462
4.50459
0.992266
2.08506
3.03042
1.62213
1.80819
2.4246
6.46728
14.8498
3.20105
2.10486
6.57812
13.1901
2.00288
4.51511
7.44715
4.07121
2.24035
4.52377
3.09534
2.77345
1.99524
3.95016
1.6715
2.95785
1.6986
2.75039
2.18318
0.801319
6.99875
6.23949
0.760175
1.75015
2.01933
1.07538
2.6608
4.71172
3.53203
1.30114
4.30374
1.21616
11.1627
2.70171
1.45501
11.6601
2.05723
3.48141
7.93405
1.99608
10.4884
2.10317
2.07149
2.82384
8.11066
3.79729
0.472284
1.05684
2.9108
2.33218
2.73752
2.50532
1.97937
2.29572
0.829793
1.94437
3.39438
2.6384
11.2749
1.13394
8.47191
1.52166
5.03821
0.380186
1.80853
2.57364
3.37187
1.91767
3.12531
11.4368
5.12764
1.80009
3.11647
3.54014
7.65623
2.03379
0.841349
4.7664
1.67017
2.89234
2.2478
5.16064
4.67838
3.82715
8.65002
1.63134
1.93573
4.3743
3.07065
7.15084
12.9631
4.44542
4.74885
4.29097
10.9389
2.22303
2.933
2.75158
4.13459
5.19404
3.17617
4.61185
1.25937
1.70898
4.09988
2.63481
3.78006
1.28215
4.37611
1.73791
2.35865
2.6037
3.49253
3.42267
8.04162
5.67839
2.31607
8.07308
2.73465
2.24892
5.06999
1.85957
9.47411
2.33453
0.807817
1.36133
4.26248
5.96088
2.64596
1.57571
2.46838
1.70366
2.78115
10.0245
3.14843
0.939931
4.06865
2.65403
8.18921
12.8663
11.3298
0.401618
1.0072
6.81186
1.51345
4.23763
10.8482
1.33144
1.81746
2.68649
4.17567
2.4048
3.51353
4.79679
0.947077
10.6017
2.65987
2.7757
4.46513
3.09865
4.61361
0.351487
10.0783
2.33324
2.76518
5.85636
0.791228
3.2345
2.27346
3.80161
3.23469
2.63545
12.7685
6.64008
3.77678
2.82602
4.07948
1.77196
2.78117
1.85808
3.48868
2.94305
0.525705
1.67124
5.23736
1.44535
2.10434
2.14974
4.25953
3.75414
4.8255
3.14743
0.760584
5.33548
5.72245
6.89501
7.21683
5.70765
2.79522
6.58598
2.11438
3.40955
3.69017
3.65885
5.83469
12.7184
0.596847
2.68732
4.64872
2.05079
5.06715
2.31715
3.71653
2.76267
3.25669
2.97733
1.632
3.74834
2.14183
3.87215
12.6638
1.49829
0.346887
3.42541
2.64492
3.21225
7.35376
0.208245
3.50872
2.24255
2.14528
2.97421
4.63488
2.85781
6.09611
0.955096
3.77837
2.90326
2.43348
3.82748
4.72599
5.94213
10.4918
1.72876
2.68594
7.61805
2.48149
9.47751
5.83542
0.896894
4.5942
5.00661
2.58637
4.1093
8.17208
3.22646
0.484066
5.6781
4.10411
4.78735
3.564
1.01449
1.24103
0.831855
1.5093
2.78049
3.03409
5.12654
4.87494
2.33209
1.94968
2.27224
4.2196
0.777759
4.96989
8.53263
7.75132
3.91302
13.1871
10.7188
10.0869
2.87331
7.05579
0.951934
2.88419
2.15124
2.25657
1.84837
1.87879
4.07105
3.1569
6.06529
1.50147
1.77156
2.74383
13.21
0.348453
4.97306
4.28167
1.58499
0.923794
2.97384
5.91522
1.9665
12.7006
2.47407
0.396037
2.66758
1.83198
6.93178
4.63851
6.13557
1.51908
5.34649
4.40457
1.62274
5.0714
7.79503
4.93828
0.742345
3.37262
1.81177
1.55125
1.5365
6.3529
2.63606
0.994962
4.37808
2.64956
2.51584
1.41177
2.2462
1.13832
10.6085
1.66391
6.53313
3.49793
4.12154
4.93175
1.57366
1.75931
4.47426
2.91118
4.41686
0.673196
1.46587
2.43401
5.47338
3.43093
3.17746
2.72107
2.3973
3.74053
3.10363
2.77758
1.30286
0.929378
2.13773
3.4813
9.88553
2.64689
2.10458
1.53153
1.40961
2.84789
3.3274
0.79669
2.21513
1.72472
2.51338
9.97767
2.31781
3.29178
4.1667
5.58008
5.87568
3.56313
2.08899
2.05941
3.34579
1.58305
4.7348
1.58986
4.8116
9.56681
2.92103
1.86197
2.76649
1.58665
1.23305
0.977907
3.3944
1.20444
1.26997
6.01628
5.27417
2.21238
2.3437
1.68857
2.09185
6.45615
4.01607
4.67404
8.9832
0.986548
1.67117
5.10133
2.05981
1.37681
5.00847
1.71419
1.77091
3.30081
2.93335
0.499859
2.12389
7.32867
4.24036
0.426533
4.20399
3.69049
1.92567
1.03965
16.0457
8.0903
4.35558
4.84974
3.49406
3.61605
3.62412
1.38051
2.4609
10.2481
9.17619
3.34629
3.75516
2.48608
2.93715
8.74578
2.58995
4.2491
10.7398
1.57281
12.8083
4.89905
1.1502
1.52314
5.57045
4.2828
11.4077
12.416
1.24952
4.18914
2.78697
1.58912
2.90385
9.27311
3.39495
2.45362
3.20446
2.05988
0.616606
3.46031
2.42279
5.12358
5.58138
3.94464
1.21843
5.64852
4.27893
4.04009
2.58495
3.32399
3.8713
0.627405
3.73795
2.541
11.3387
1.25347
1.98563
5.01935
1.3474
6.2523
3.88486
2.73085
3.91132
2.811
3.45946
15.346
3.00245
1.61116
3.18978
4.10656
1.66623
4.41997
2.60829
6.28484
4.06061
2.87608
0.891642
0.344193
13.6307
3.74025
0.790062
1.52143
14.8816
7.77769
3.3393
1.92223
3.12437
2.09683
4.17267
12.6436
1.25578
2.95061
2.40724
2.14358
2.70794
1.19729
1.3986
3.4062
3.00477
4.76327
2.1665
2.26026
2.54063
3.22828
1.51352
1.6621
2.2848
4.19369
1.29382
2.1575
7.3389
6.93602
8.45648
4.02284
3.73675
2.10969
13.5856
2.15376
3.01398
2.19014
3.23121
5.58399
7.93072
2.60637
3.21865
0.74768
12.7886
3.46046
12.4153
1.73165
0.393616
4.32327
1.58077
1.93928
1.56325
3.63469
9.83277
2.66214
4.14274
2.41557
2.67668
3.13099
2.71995
13.857
4.13069
6.26668
14.5892
2.956
2.00751
2.85635
1.75039
9.39843
3.04623
0.593573
0.857467
3.88729
1.55026
4.04377
3.19756
0.582665
1.38302
5.51239
1.58364
2.02957
3.11766
2.96682
0.627
3.18085
5.45484
1.00462
1.12824
6.01407
1.23273
4.40637
3.86619
8.38213
9.58928
5.63628
2.39433
10.795
3.12423
1.523
1.37016
1.19635
2.27523
2.50468
4.78676
0.749274
7.4176
2.02854
0.831738
12.399
3.44247
2.32906
0.589939
2.06613
2.32423
0.858887
2.1254
2.0306
3.09784
1.42022
3.33791
0.73137
2.7429
3.29666
2.05887
6.80709
1.63726
1.18511
7.85628
3.71426
2.98843
4.76178
1.17684
4.07944
1.48338
0.777055
3.96162
5.152
3.12595
4.12106
2.33704
7.83995
0.753236
4.11759
3.99507
3.79949
1.7469
1.67894
2.47438
2.86983
3.45465
5.77645
2.38633
3.37564
2.17805
3.17382
0.826774
5.53763
1.89748
3.75937
3.98864
5.14037
1.80899
0.875613
2.01845
1.52923
0.573336
4.39612
0.981312
2.51478
2.4838
1.07972
1.45027
8.19219
10.4586
1.02136
2.70722
1.92575
3.09989
3.6953
11.1278
1.45051
2.76633
4.87616
4.73099
8.06172
2.38381
2.71388
5.55577
1.1741
4.90691
2.42826
6.68166
4.4387
1.26695
11.3025
2.51865
0.852923
1.39533
1.6395
2.4118
3.49899
3.18485
1.2546
2.77377
5.50345
5.28487
4.83578
13.6999
6.60497
3.01462
3.65612
3.19768
0.691464
2.67654
10.7291
3.17853
3.03076
3.12292
2.54292
4.12171
3.2243
0.416019
2.60781
3.64588
4.45268
7.2824
2.36319
3.18312
3.37515
4.25858
2.01564
1.61062
4.33961
2.73213
2.15531
1.27433
1.04561
4.93406
1.04188
5.20706
2.88673
10.5855
1.36991
6.05738
6.05242
4.35441
2.90591
1.99163
10.0283
0.812366
1.40187
1.44191
2.8104
3.11284
5.25243
8.1948
2.08677
1.04701
0.583225
0.603342
1.25505
3.11407
0.828615
2.55229
1.35354
1.79062
2.34218
1.69238
5.89498
4.17941
1.70478
3.90283
3.36556
5.18663
3.69521
4.42769
4.61348
2.76667
4.64955
2.33463
2.60334
2.4113
5.16975
5.19492
3.59451
4.30761
11.3111
11.1308
1.82802
1.60996
5.6514
2.12901
3.27846
2.02068
3.596
4.75103
1.70236
5.48331
2.88926
2.78122
8.83596
2.46903
1.18541
3.20645
1.68624
6.4971
3.68976
4.64432
2.73055
12.3421
6.07107
3.00387
2.23848
4.97981
0.851563
4.37148
3.77217
13.1132
4.50077
4.54068
1.527
1.36485
0.883321
4.54129
2.30824
3.10725
5.17423
3.4484
1.36649
9.31654
12.2442
1.30599
1.30237
2.98893
1.73253
13.6471
1.33338
2.74005
2.40607
1.67618
1.69067
1.40111
1.98746
4.32947
6.56263
8.25304
1.22766
10.3287
0.719275
2.36115
11.0119
0.824327
4.7427
2.74148
1.39084
1.23306
3.29432
0.354757
2.25564
2.25679
0.746612
2.11069
3.46463
2.66153
8.28856
4.97894
0.763662
4.08269
3.70276
4.25546
9.92933
5.48076
3.19193
2.62617
4.08149
2.80901
2.77423
0.674762
7.39444
3.48813
2.39583
1.84554
6.00212
1.59328
1.48105
3.4335
3.69191
3.30357
2.60456
2.86897
0.394147
1.86612
2.56829
1.11814
1.38279
1.42543
1.075
4.37431
1.04386
9.22978
3.16275
4.6503
5.4681
4.5393
1.24764
6.02735
3.40412
3.42056
0.880185
2.76211
1.19528
1.25273
2.28153
1.34817
5.38626
0.769445
2.90986
7.41158
4.7039
7.89599
7.17121
13.7206
3.03381
4.71122
2.50637
3.06137
3.24402
5.58678
9.57282
0.47432
1.34301
8.22344
1.03711
3.10783
0.792346
1.39789
1.30978
5.71959
0.942287
2.45593
3.15534
2.20806
1.5756
1.88727
0.838501
13.8991
2.33683
2.77541
2.15127
7.05631
2.66428
14.4188
2.00661
14.8333
0.66678
4.92934
2.29484
1.73184
1.86622
4.34551
1.03841
5.67909
3.55889
4.12818
9.88059
1.156
0.905917
7.58081
0.266584
1.34982
1.50556
1.15291
7.16005
2.05903
2.37211
1.37347
2.85579
2.37863
11.898
0.84435
5.72247
3.53773
6.90772
2.33047
2.49117
3.91826
8.02163
4.02475
4.3692
1.0114
1.07429
3.39725
11.8825
2.5154
8.67424
6.00842
2.27744
1.20878
3.57894
1.96456
2.44077
0.619799
4.49972
4.47175
2.00141
1.21179
4.42564
11.2273
1.38419
2.10626
1.51059
2.97505
2.2108
1.24642
3.44177
8.75145
3.34407
4.20556
3.76748
5.25548
1.04224
2.33056
2.96025
2.89812
1.22103
2.83119
4.09334
1.90647
1.70574
1.39723
2.03923
4.53591
3.33315
1.55964
1.30028
5.55362
1.86881
1.64807
2.78607
1.15244
2.78748
2.5897
1.88218
3.97839
0.694326
4.99995
1.7623
2.77016
0.760992
3.56752
2.64056
4.17261
1.19365
2.22697
4.49072
1.68519
1.67324
2.83856
2.23438
3.0995
5.59594
4.85562
3.87893
4.41627
2.50987
5.45267
5.76203
3.40791
6.12613
0.873562
4.25122
4.67051
1.41465
6.16727
0.984329
8.23052
3.32914
1.42978
4.10567
13.9921
8.45499
3.2207
2.2575
4.60989
3.49147
1.53405
2.18347
4.58242
1.22699
4.63889
10.5603
3.43726
1.70122
3.17454
3.53538
0.84122
4.3167
4.127
2.68922
3.88943
6.04557
7.27333
4.25136
2.87493
2.78717
7.93911
4.02548
2.1907
2.01484
4.38446
4.81633
1.74998
0.788111
2.91703
4.02718
3.00003
1.40819
7.22887
6.5387
2.08283
2.49815
1.55436
0.687264
1.93393
3.27048
3.16089
1.82906
4.14042
8.65473
3.4623
4.48396
2.32555
1.28715
2.10572
4.25539
1.48438
1.09086
5.24317
2.11474
1.80879
15.4853
3.6887
2.84716
3.50226
1.18003
6.35393
2.22419
9.13997
5.08413
1.28482
0.978197
2.50114
2.11706
7.80162
2.71439
4.08052
0.703224
8.36854
2.41139
10.5514
7.69773
0.945765
12.7485
5.62608
0.955822
0.673
3.75952
2.43504
4.75752
0.96961
1.20624
0.582476
4.00473
2.65996
3.73776
2.96225
4.68392
1.52489
2.10882
1.80684
2.17578
1.48908
3.22883
3.33619
8.56938
6.85824
2.85387
4.12073
3.19234
1.36757
2.00507
1.60066
4.71715
1.61893
0.82619
1.88662
3.29622
3.03574
4.1512
2.27135
3.05534
4.21266
3.08792
2.52859
9.1999
3.07847
3.90173
1.72927
2.47824
1.39787
3.9694
4.53179
4.90671
3.77642
0.677706
2.40817
2.64599
9.11904
3.37628
4.09837
1.99832
3.98543
1.87338
2.48977
4.38812
2.33971
5.26294
2.08332
3.42959
2.99788
0.876304
1.57465
6.06721
6.03199
0.653444
5.48371
1.29627
6.81869
1.83006
2.71771
8.74409
1.40212
1.53857
1.67743
4.10089
3.20663
7.13401
2.09527
7.68822
3.9527
4.74041
4.44285
5.44459
1.50293
6.03617
1.97614
4.84959
4.68148
3.14241
3.44907
3.03423
1.25796
3.33917
13.0061
3.86602
0.9231
0.881671
2.83066
1.42862
0.703255
3.54785
5.75236
2.84323
6.95402
2.25366
2.2653
1.95653
12.4186
1.74647
3.03415
4.83499
2.87883
8.70212
4.37238
2.32271
2.63693
3.06788
0.70008
1.10837
1.20835
4.42403
1.86486
1.3264
2.02953
2.21081
1.52404
4.50278
3.9696
5.20019
2.03997
2.57979
4.07713
1.86441
2.44629
2.08108
4.57921
3.15053
5.57563
3.26656
7.15494
0.991854
2.47779
4.27952
3.23334
2.82266
1.53221
2.06074
7.76019
1.8052
4.68406
7.76161
1.59019
1.47925
1.64279
1.84281
9.80728
3.84795
5.79054
2.84076
1.60389
2.91254
3.50442
4.18255
6.13058
11.5941
0.510904
2.43353
1.20226
3.00129
2.94192
2.20071
1.42851
2.40165
3.03586
2.80438
2.10792
3.51693
3.66951
4.19213
3.56396
1.48065
3.96584
4.18357
1.79831
4.25592
3.43697
3.69514
3.88488
7.09131
3.63225
6.25005
3.54287
3.0681
3.30054
2.07228
4.17542
1.89352
2.15013
10.5945
1.59588
11.15
3.49302
7.66986
2.61003
3.21499
8.22364
1.53685
3.40315
12.6883
4.47713
2.08995
13.3661
3.61808
2.95785
3.80329
1.19831
1.29842
4.69171
2.45937
2.55143
2.66725
1.32889
2.39068
1.13756
2.2248
8.22704
1.15892
0.526139
2.31673
3.37904
4.54217
5.34167
3.77805
5.15107
14.2096
3.40787
0.483692
4.38371
8.04579
4.76046
5.02344
5.06606
3.93672
3.34877
0.707177
0.786118
2.20295
3.07739
1.18517
8.92539
4.588
4.14798
2.9484
0.0845843
7.11163
1.00187
1.19382
3.68385
3.67932
4.92218
5.15439
14.1699
1.01796
2.48763
4.01221
1.22202
7.94861
0.862343
4.90106
1.24356
4.01163
2.53023
4.75941
2.10877
2.26882
3.88188
3.92675
2.54827
3.06932
2.82342
3.1271
4.4584
6.57496
2.97762
1.97744
5.31708
7.9904
1.07058
2.05401
1.25247
2.87292
2.08348
0.91016
3.53242
6.68646
3.47906
6.79063
1.7183
1.87273
7.85279
3.92204
1.70713
2.20026
2.25949
5.3945
10.1619
0.909142
0.948715
2.94993
1.64218
2.13255
10.2589
2.78946
2.82717
9.44411
4.53529
5.60611
7.75666
1.96037
1.24621
2.42789
2.14056
4.95238
2.42865
2.23596
0.829238
2.59783
4.23535
3.25561
4.77705
3.41356
1.41556
10.6141
3.42984
4.52794
0.940385
3.37561
5.20986
2.75656
1.19049
3.90789
4.54549
3.55225
1.01839
0.550157
1.96143
1.4407
4.31054
10.1172
3.8312
2.35774
1.88755
1.55515
2.31572
1.02519
0.217396
0.823287
6.66256
0.702968
3.68194
1.57661
2.1884
3.39405
5.63313
1.96884
12.2949
1.68558
1.66327
3.77676
9.89984
2.97106
3.35252
1.63907
4.65482
2.06506
11.5535
6.26663
2.84221
3.61459
1.93424
4.55489
1.58865
2.96308
3.99135
2.68777
13.5439
7.61496
3.67558
3.81637
4.83725
1.97971
4.00698
8.97359
3.98778
2.97795
3.98583
10.1616
3.02768
6.40139
0.947699
1.66867
2.14888
1.03134
4.47526
1.76231
5.46906
3.92172
10.5406
3.39337
1.48505
2.14299
1.26804
1.66492
10.8302
1.60362
8.25293
2.87717
4.40314
3.12563
12.9781
5.01641
3.21062
6.12528
3.63799
3.87859
3.31099
1.7245
8.23267
1.79938
1.14248
2.35026
3.65431
3.27325
2.4202
7.41271
2.54828
6.96306
5.62286
3.86752
7.18599
4.99092
3.20431
1.63764
0.85625
2.09844
1.29057
4.64548
2.71029
6.36871
7.60151
3.31229
1.85446
3.35713
4.28667
3.35636
3.24615
2.24611
1.98482
7.76489
1.1716
2.85348
8.6106
6.80306
6.74072
2.67264
6.96773
2.72896
0.775778
2.79415
3.95589
3.57687
15.2416
1.72677
5.7678
4.89757
0.85016
4.92961
5.91003
2.47652
2.68682
3.19072
4.154
6.33562
1.89043
2.10545
1.49969
3.28496
4.11025
0.369052
4.33773
5.79381
3.07266
1.59432
7.32923
3.18453
1.4786
1.5899
3.46729
1.98633
11.3882
4.33884
2.40226
3.31072
4.83991
8.93083
1.41692
1.90039
0.465679
5.60908
2.3218
1.73252
3.10854
1.86532
6.44557
4.38341
6.80891
1.44037
3.68063
0.782732
1.78357
3.51969
0.749057
1.87967
1.44706
2.75109
2.55743
1.69103
11.3594
3.08438
6.13346
2.37522
2.75872
0.783822
2.9257
4.28042
4.40693
3.07003
4.18452
2.98099
2.52826
3.20445
1.65434
0.449194
5.56875
4.42928
0.555626
4.95946
2.31574
4.20065
5.14013
1.97092
3.35997
2.96238
1.13631
2.94246
1.32223
1.7885
1.28354
4.24462
4.1826
5.4237
3.84381
0.725457
3.23756
7.11922
1.20118
10.1711
3.21974
3.65136
1.85853
5.07375
3.89479
4.42115
3.10499
1.85166
3.78279
1.63565
1.25913
1.19874
2.87714
2.70585
4.87155
1.13337
3.40996
14.2891
1.77997
4.27171
3.37783
0.294994
3.36299
1.09476
1.92436
1.57478
2.90667
4.38607
1.07576
3.24103
11.0758
3.87541
3.57386
3.49805
6.18369
2.89509
1.31339
0.922723
0.887354
2.11888
1.12131
4.62799
5.40319
2.88247
5.14781
1.79171
3.12234
1.04984
1.1266
3.11204
2.52626
2.10291
1.25607
8.27307
3.136
11.4692
2.54819
8.92815
1.14808
2.88333
7.43068
4.45047
1.51059
3.59715
2.2501
8.14814
2.49008
0.947217
2.99111
1.65088
3.0565
2.78988
13.4973
3.33185
2.86099
3.03043
1.65037
3.21939
2.25625
0.108687
4.26731
2.25675
4.04403
3.3162
4.70141
3.45626
2.25317
1.87974
0.434947
3.0841
1.30835
2.23333
3.11712
14.916
0.575388
3.35644
0.168944
12.2349
5.02682
2.91
1.2576
6.07548
5.72026
3.89167
13.8113
2.86329
1.24452
1.71588
3.11817
2.69378
7.7236
1.67096
3.57284
4.12811
2.67121
3.5869
4.08573
7.03068
4.29942
0.787987
9.57387
1.1545
5.83772
1.73435
5.16824
2.33198
9.69018
5.21689
2.11794
2.20467
0.223235
1.56244
5.3465
4.04838
4.19078
3.12936
1.49697
3.52221
4.10467
4.11404
9.11303
0.327315
3.09805
1.75744
1.88364
5.03268
4.42998
2.43826
4.11414
6.60883
6.01472
1.40552
2.67261
10.4958
1.39633
13.5377
3.21815
10.0891
1.83442
13.7733
5.82084
1.98348
4.36804
9.13272
0.938799
1.91005
1.91127
0.624199
2.30413
4.56648
1.56107
2.30101
3.37392
4.0271
3.53368
2.89408
1.40975
2.34374
7.11284
3.12334
6.2366
1.77141
3.33406
1.27915
2.14248
7.11083
1.27565
3.06919
1.0513
5.12427
7.94094
0.450077
2.64618
1.50645
2.2858
1.42401
3.40505
7.05208
0.671361
1.03686
3.37626
2.40177
2.6751
1.30344
8.25212
0.981321
2.39704
3.2522
3.37557
12.8837
0.926867
3.09332
0.702033
8.34959
7.28745
0.282668
1.4658
3.1209
4.3801
4.66428
5.20151
1.88923
3.19468
3.17204
3.55472
2.76846
4.06202
0.719019
1.73841
0.786093
2.00114
2.80142
3.66967
1.54554
1.78066
1.11426
3.74935
4.08561
1.72141
13.0849
2.93725
2.03649
2.51008
1.51283
1.80347
2.7648
1.50286
4.18945
1.48254
3.24869
2.27321
10.1978
2.23343
0.939902
3.28702
4.59704
0.801415
3.95861
12.8204
2.19935
7.4894
2.77811
1.36125
9.79042
2.4757
1.53509
0.619153
4.24983
1.84516
4.70526
2.83451
1.83972
4.36168
2.90546
1.22262
12.2507
4.84781
1.3353
3.90686
4.24752
4.44062
3.26414
4.62406
1.64279
1.61154
5.30995
5.3651
2.85678
1.33262
2.55557
5.03276
2.47986
1.48391
3.81145
9.70044
4.93195
1.90754
3.13104
3.73649
2.6691
1.36098
3.37412
7.73428
1.27302
2.65692
1.20525
3.84005
3.82736
7.44218
0.897857
2.47692
4.91298
1.07608
1.02381
3.73187
5.10806
12.3006
2.36205
3.08145
2.31723
4.44986
2.87261
4.48844
5.01251
15.7796
1.03932
6.52306
1.90232
2.33312
7.98862
1.26086
0.775941
4.20455
2.28487
6.42292
4.91997
0.628404
3.83585
2.83065
10.2396
0.691066
10.9967
3.42273
2.42005
2.2096
4.47177
6.43954
7.18445
1.70699
1.59384
6.94177
2.94523
2.52877
1.30457
3.85419
1.58239
1.69686
2.73107
0.514856
1.12726
1.13348
1.1327
1.76817
1.77129
5.57606
1.4071
4.83113
1.70744
0.870558
1.98999
4.70268
2.55998
7.77385
1.94567
2.96086
3.82305
8.05206
0.580617
0.633494
2.25308
3.17091
0.988574
3.57538
2.18212
1.22895
2.43125
2.89284
3.73765
3.14284
3.11948
2.06244
1.35094
5.80295
4.89072
0.769758
4.14983
2.56962
1.68647
1.18228
6.28599
2.46421
3.52175
3.92531
5.27603
1.01972
3.88427
1.76591
4.05527
4.44603
2.07962
2.15808
1.84095
2.00822
2.30365
3.29148
7.39362
4.79776
0.262682
3.78912
4.62833
2.48003
0.551534
1.02496
3.45165
1.08076
7.96798
2.4113
3.49953
2.46589
3.03074
0.654465
2.56741
3.19664
2.06004
2.89122
0.578377
1.82755
1.29396
1.4885
2.35201
1.34587
2.3771
2.69218
0.415888
10.8369
0.901998
1.50954
4.03609
3.95826
3.00671
2.2229
5.35466
4.14929
2.26313
7.87339
1.02671
1.91084
0.756645
2.18063
1.0564
3.41702
1.46382
1.34327
2.92576
3.43168
2.26797
0.769715
3.07917
2.7664
0.50591
5.59084
2.63184
10.3854
4.63053
7.41067
4.22856
12.0433
13.2068
3.32536
1.28381
1.61733
9.10526
6.9785
1.94497
5.11114
4.10196
2.14325
4.95932
1.37776
5.62857
4.20014
0.100504
1.78898
7.75208
3.42621
5.46349
7.78799
1.73367
1.49036
4.06759
5.32217
3.60583
2.67417
1.51948
1.38249
2.62129
2.51206
2.65385
2.23365
6.58774
2.65139
1.24556
0.379303
3.63923
4.75461
0.971106
11.9532
1.54237
4.47112
1.19379
3.63214
1.96673
4.53407
3.80982
1.75448
12.4452
2.75904
12.2281
1.31519
2.47679
2.29814
0.574273
0.875441
1.44503
8.12875
7.55011
0.953472
4.15794
1.68217
4.72156
3.67303
0.18554
1.55382
1.10831
2.92262
0.368573
2.08938
3.95909
2.31582
4.88735
3.20656
2.3737
4.87816
4.3975
3.07043
5.09297
0.741472
4.97907
2.91545
3.33671
2.67312
5.48971
7.97612
7.25542
1.45812
4.36637
0.389222
11.8983
2.31666
2.21071
3.42077
3.2043
3.61863
3.87297
7.31347
1.19337
4.01779
3.40938
2.17337
3.0014
0.870728
1.32308
2.90417
4.334
0.907086
2.19002
1.337
1.70783
1.79301
3.50899
9.93811
2.65027
2.00726
4.76338
1.8994
3.92822
4.67307
3.17106
4.27339
1.16847
1.87495
1.63105
2.12603
2.11391
2.4984
1.31022
6.71246
2.31534
2.98494
0.746682
3.6799
4.12635
1.85435
7.35068
6.79807
1.63608
4.51784
5.74764
3.18631
4.45768
8.9131
13.0676
9.57999
2.5036
1.3248
2.58614
3.13835
1.45221
3.73506
1.99447
6.53252
3.10382
1.9069
4.36341
4.92482
4.61268
4.03625
1.9934
2.18306
2.41812
2.36109
4.70824
1.86356
3.54921
1.13873
2.65443
2.87437
2.96615
3.23239
5.05764
2.60286
3.04026
5.61942
2.64293
7.44796
3.87459
1.76987
2.64249
1.90854
2.27128
2.83775
5.32328
4.55404
2.35429
4.59225
4.57627
11.3303
5.92539
6.58425
4.82174
3.15388
5.01144
6.27147
10.1102
4.73245
3.11768
1.83264
1.97801
2.83906
7.30559
4.85011
2.5414
1.29238
3.59255
3.66958
1.33677
1.10101
3.50594
5.11996
5.18614
7.84223
3.20065
1.85558
2.22481
1.68648
1.73962
0.529524
5.06204
3.11006
4.42283
4.25085
1.30038
4.14746
1.06473
2.86885
2.00516
2.09156
1.96642
1.42794
3.38417
8.47795
1.7633
4.74624
3.59122
7.30203
10.8374
8.84095
2.08228
4.07698
2.08313
3.07694
1.79326
1.98688
1.97773
0.667794
1.67871
5.56596
4.42542
2.50209
1.17461
9.61552
1.02591
5.85626
4.69786
3.78985
2.68746
1.93294
10.2937
1.1974
1.68532
2.70781
0.994596
2.30695
4.89278
5.36471
3.35866
1.86405
1.68405
2.16019
10.174
3.00579
4.29045
1.2903
3.04822
1.52397
1.28068
2.42559
2.37063
5.02615
3.47347
12.1202
9.11712
7.61989
12.132
5.2695
2.50069
0.909097
4.03232
2.60902
1.38586
2.73747
3.91626
8.53864
5.56319
1.6513
4.65057
2.76068
8.38571
3.34194
1.8662
7.1941
3.7074
3.26261
1.56261
4.95057
8.83655
6.10148
6.74728
1.82173
1.21612
2.31591
1.29463
3.96285
2.78901
11.2774
2.22972
5.2919
3.44908
1.4254
5.64994
3.70049
3.22227
3.97859
4.62585
1.09015
3.24406
2.0745
2.3156
0.888317
1.32028
1.49205
5.86501
8.79992
0.826116
1.57516
1.72735
2.28136
3.9711
3.49536
0.891903
4.15415
1.79422
1.44043
4.89642
2.8303
3.81821
1.54891
12.0976
3.64424
2.17417
3.67894
0.242842
13.1282
1.53629
4.0122
3.76625
3.69869
3.63679
4.50309
2.51851
0.777663
13.2053
2.06258
4.74544
8.48413
4.20639
2.23415
1.87184
9.24838
2.09034
5.44576
2.45982
4.255
3.00147
6.83763
1.45563
1.31153
4.75279
3.04713
2.50924
3.3711
2.35312
8.84238
1.07598
4.5748
3.04704
6.57115
2.61927
6.89992
4.05143
4.30321
8.39666
1.45052
11.154
4.52997
9.19756
1.51231
7.08146
3.18977
3.08355
1.52541
2.04634
1.44231
3.65318
2.12123
10.5146
2.94061
5.92978
5.9387
3.0309
4.95023
1.62039
0.602575
13.6576
5.64553
0.885078
0.853933
1.99471
2.12195
6.26584
0.605241
9.47337
8.36123
5.17263
3.91072
2.52247
12.1148
2.20277
0.617375
4.09089
1.30357
2.16469
3.24163
1.57602
6.55274
10.7578
4.23831
5.96218
2.73225
10.5725
3.09926
4.91422
1.43126
2.15857
1.32007
3.39998
4.16255
11.6246
3.41338
3.01003
9.63189
5.2095
3.14997
0.285609
2.36482
3.29397
1.84835
1.41315
5.04493
1.60042
2.67297
4.09657
2.56106
2.3233
0.398787
5.24394
2.24722
2.69349
0.443572
3.5502
7.63822
5.75805
2.64605
7.44567
1.15293
2.21413
1.63848
2.33504
1.7954
2.45915
1.81665
4.87218
5.18598
7.76343
2.53699
3.75303
2.17191
5.65392
4.85918
1.89991
2.646
3.23827
2.5858
3.6693
6.43459
4.83032
5.39635
2.98838
1.32224
3.00393
1.71207
4.46595
1.58573
4.55196
3.69364
0.205394
2.22005
2.91415
3.33206
8.00084
3.54829
2.68633
0.158546
10.1374
2.03962
4.71257
1.13441
2.46393
15.506
4.25621
3.83728
1.20379
4.90387
2.52653
2.41293
3.31277
1.14597
2.32046
1.62112
2.88477
2.16467
4.56975
3.76739
4.00048
2.16624
2.76743
2.72345
2.95645
3.68618
3.53171
2.72514
3.99391
1.27915
2.95016
1.40117
4.38569
2.79754
1.94145
3.01915
2.14304
0.471099
1.07507
3.7447
3.49785
1.4388
1.088
3.73082
9.64584
9.32804
1.78347
4.75216
3.59472
2.25738
5.48734
2.13343
2.52086
4.85626
2.08852
2.67755
4.96789
6.73582
0.501786
2.17613
3.82179
1.23193
1.72655
1.61513
1.92995
1.18929
3.09552
9.9286
1.69026
2.22009
1.30394
7.16904
11.5608
3.56081
4.52385
1.76044
9.22985
1.86414
3.18386
3.88584
1.97822
0.482401
9.60183
2.78846
5.29442
3.2966
4.55423
1.40898
11.3832
0.937367
2.55464
2.3
10.4562
8.09936
4.79794
0.383109
0.828421
1.77602
1.58625
8.86993
0.995831
10.1802
1.20661
1.45364
2.56957
4.47695
1.97969
1.9689
2.44559
3.39099
1.28052
1.72061
3.05169
11.1309
3.90824
1.13266
2.22186
1.94763
14.6922
10.0838
5.54913
10.4783
2.46569
4.64249
3.47016
7.79012
6.379
8.47851
4.92933
1.45016
3.04663
1.29857
4.63321
2.42247
1.05226
1.89968
4.28888
7.48273
3.02591
1.65508
3.93174
2.6819
1.67318
7.15233
1.89837
0.691029
4.02715
3.74711
4.12773
2.4221
4.46442
1.73644
10.3191
4.49128
2.89072
4.2097
2.81594
0.603822
2.15289
1.74291
3.72167
1.34817
2.00629
2.34191
2.28255
1.60656
1.80695
2.63783
4.72733
1.82503
3.73585
1.95611
4.37118
2.30663
8.39023
2.55757
3.86159
1.90001
8.88737
3.98742
4.30956
5.53669
0.294611
2.31715
1.34176
3.52274
11.2767
3.50465
3.93287
6.05142
1.99312
2.23253
0.240949
1.99457
2.26184
1.78078
5.18665
4.02039
1.75789
2.20284
3.70777
3.34422
0.456752
10.0296
2.55806
14.871
9.43204
11.4268
11.0433
3.06886
3.04784
0.859022
2.33036
1.44068
1.58172
5.55795
1.88057
1.14443
1.89084
7.96655
10.7942
2.31645
2.74073
1.69263
3.51425
2.94164
2.0298
3.33007
3.6244
3.66981
1.40344
2.67034
7.9204
1.48088
0.549608
1.74928
2.66917
0.405442
1.51948
0.734128
6.66278
9.73036
0.936651
4.41068
0.630008
0.39748
12.2051
3.62473
1.42408
2.7559
2.66591
2.9975
6.8983
2.9068
3.50364
3.51642
3.20058
1.43091
1.9944
10.469
0.962368
3.63354
4.64737
10.9431
9.98846
3.14883
2.32254
3.44438
2.74144
3.8962
0.306874
4.69341
4.8469
1.97013
0.778951
2.02737
0.741725
1.93308
1.51109
2.20172
1.5647
3.75124
1.7668
4.32041
2.71341
4.12128
7.54593
3.41447
3.21756
6.84635
0.586681
3.84888
1.53959
2.6288
3.04585
3.67447
2.08426
9.54075
2.32464
1.61267
1.39129
8.88136
4.06258
1.76727
5.38721
5.30151
1.27376
4.76114
3.15734
0.408905
4.56395
2.62648
1.4817
14.475
4.54082
2.24407
3.93976
1.71691
2.41132
2.04985
1.6445
5.3148
3.12176
2.40548
1.45653
6.16018
6.70373
4.00107
1.90141
1.49865
2.56844
7.97699
6.21768
4.50582
1.05113
1.35841
4.55516
8.25641
5.22226
7.33043
0.964875
0.562605
1.95401
7.60041
3.11178
5.80404
3.77957
1.81068
1.87909
6.37101
1.37692
3.49591
1.56216
3.45572
3.25355
7.31867
4.76556
5.6937
5.33814
1.63868
0.411816
2.10457
1.75908
3.7023
2.34712
1.32237
2.16248
7.03833
9.28795
1.84891
2.01796
3.26272
2.551
4.18731
3.19527
1.10428
3.89153
0.793984
15.1554
7.04398
3.95761
3.50218
3.29335
1.86962
2.52467
8.43515
3.76316
1.8407
6.04276
1.10679
0.68917
1.6828
5.6782
1.02584
0.19367
2.93952
1.94121
1.78693
3.73161
6.95169
3.45586
4.23325
1.60613
3.06041
5.81248
3.11376
4.85125
2.61821
1.72825
5.51195
2.03915
0.212212
1.51825
2.66641
1.71173
3.55409
1.35161
7.58101
12.8693
9.92593
5.19077
1.02402
3.39973
8.1603
4.40781
4.8302
5.41681
0.625066
3.93614
3.36141
0.649515
1.94533
1.06037
1.03871
5.26833
1.80398
3.20683
2.9735
1.20057
3.94042
8.07279
1.7781
5.77705
3.81415
1.1447
1.59444
0.654604
7.27833
2.80051
10.259
1.16602
1.50219
2.01669
6.0436
1.33236
5.14452
2.52051
4.10016
2.49498
2.49691
3.31589
1.75451
1.94564
7.50566
3.16627
2.0673
4.95977
1.7319
9.31588
1.79861
4.05018
4.93759
2.90084
2.80306
2.41728
1.86684
2.66694
3.58253
4.42912
2.70261
1.71849
4.25267
1.78379
1.76897
1.26998
2.85102
3.21914
1.9156
11.836
1.94881
11.5758
4.19575
1.34089
2.03529
0.613001
4.51554
2.40243
1.82204
5.77356
6.38155
2.74991
0.764752
0.780008
1.19246
7.14245
1.34488
1.62737
1.53504
2.00133
5.41934
1.79354
1.53541
4.93521
14.4069
2.93569
2.27984
1.14954
2.65784
2.06317
2.81208
0.335523
4.27969
2.52399
3.03862
0.51184
3.32106
2.2953
4.06962
2.45488
0.932309
1.73484
4.55719
1.17054
1.45941
2.83162
1.7816
1.27334
13.2437
4.19202
1.15629
6.00134
1.40731
1.96231
1.832
15.1413
3.22022
3.7308
0.460778
3.097
3.26601
7.76697
2.04997
4.19842
1.04975
8.04194
2.04018
2.3111
3.37505
2.95273
1.91008
5.29951
3.52834
4.11545
3.26924
3.64745
2.16939
2.46486
2.33115
1.67049
2.73778
0.385558
11.3979
4.33621
0.509274
2.59204
4.71847
8.33647
3.20161
0.492137
4.43961
3.56874
3.51628
3.36935
4.08108
2.51215
4.95396
4.42208
3.51273
2.17691
1.25548
0.18548
1.26822
4.68796
4.55872
4.75621
1.61933
4.25221
3.0007
2.49059
4.41089
4.68797
4.8405
2.30039
2.39232
1.83065
1.63025
7.11986
2.67315
11.0228
1.68322
2.27159
2.20011
4.41167
4.06929
2.78046
9.70551
1.83061
2.06674
1.39525
4.90686
4.09222
5.88489
3.74216
4.23058
1.84225
4.86815
7.17829
2.70977
3.77372
2.19501
3.80454
3.99947
3.65563
3.15502
1.74009
2.99393
4.35413
2.93512
10.4506
10.2114
10.706
0.916927
1.29709
1.68654
2.35753
0.718884
2.61158
3.88567
0.519745
1.03155
6.04688
2.98672
1.03206
2.26403
0.23517
3.00169
5.00585
4.88173
1.55982
1.69631
3.60526
1.70913
0.26339
3.58947
4.32375
2.84457
1.86192
4.4921
3.53733
4.2132
3.75476
6.77981
2.5973
3.29864
2.98708
1.38005
10.5293
14.9896
6.14332
7.27369
3.08743
1.66131
1.32288
2.07827
2.67723
6.87238
2.79355
3.61375
0.590005
4.6597
0.41346
2.86303
3.66929
3.9756
2.26593
4.46894
3.00429
4.37664
1.13094
1.70953
4.07804
2.72604
1.17089
2.98054
4.09636
2.87156
3.09824
3.62903
2.79353
4.26349
1.31352
7.44977
1.72655
5.94779
11.8373
1.5611
1.32667
0.622969
4.46514
4.6181
6.04563
6.35073
3.29546
0.892435
1.00251
3.72228
7.56398
11.2508
2.349
0.786055
2.63449
4.66514
3.00119
14.0061
0.184633
0.932298
2.65922
2.24346
3.55897
1.83181
8.69586
2.0318
2.64662
3.39069
4.56703
4.18086
2.27006
1.4287
9.74359
1.67372
3.83648
1.49491
1.7071
8.07943
3.87502
8.48596
1.18042
1.30103
2.13784
1.72217
4.20687
2.36402
5.1752
1.90148
3.29874
2.236
2.05429
1.72456
1.83801
1.4765
1.1368
3.30805
5.55733
7.5987
1.9132
6.44328
3.39455
4.51495
1.75382
2.35433
3.023
4.31528
1.76554
1.08986
1.89335
3.21311
1.6412
4.71786
9.52406
1.76048
1.48044
8.09265
3.97076
3.09974
2.50532
3.79345
3.73488
3.35048
1.92958
2.76746
2.06902
3.85552
4.47849
0.989497
3.05782
3.94209
2.80902
1.629
2.12461
0.922889
11.4295
1.51526
1.61435
1.63086
11.147
1.92729
2.40366
2.73766
2.84067
3.19562
0.908982
4.52064
3.21367
2.12141
4.61914
4.88543
2.06056
1.59209
0.83012
5.79621
3.00233
1.75359
2.65349
1.07377
1.15913
2.16503
2.30369
6.73124
3.77105
2.57529
4.05684
8.38415
0.548289
1.65563
4.36856
0.887177
4.48421
2.5319
1.99967
1.94139
2.92205
1.79382
0.981867
1.60954
3.66874
6.2698
1.56362
1.22588
4.76345
4.58433
3.68156
6.77078
1.84116
1.66139
3.07612
1.34
1.95656
4.26178
3.47011
1.19865
5.39607
0.776969
13.8647
1.59129
3.00087
2.91636
5.44661
2.9683
4.7509
0.910674
1.17372
6.3917
5.12481
6.64731
4.21278
3.23803
5.70551
0.753559
4.18174
1.62118
2.50546
5.03897
3.51081
0.625651
2.87533
4.20899
3.98435
0.747635
1.16823
4.84739
0.316234
9.98686
4.46844
3.13696
3.82447
7.55219
3.1453
4.81805
4.25975
2.15081
2.15464
2.06909
5.36096
12.2684
1.3895
2.1025
4.64769
1.60507
2.29759
7.00538
7.07428
7.33343
3.15802
6.73776
10.0841
4.54606
4.08518
1.03029
4.15008
1.21956
10.3272
4.57623
3.7466
1.73885
1.36644
6.23857
4.82016
3.79118
11.0808
3.89762
2.48186
1.58756
0.472428
1.60221
9.0661
2.8077
1.31378
5.46302
4.23743
3.95646
7.51803
6.79924
3.7796
5.23112
3.53061
5.83084
1.12025
1.69184
4.25547
4.81376
2.42749
0.778118
0.742799
1.1219
2.22888
1.66908
3.46893
4.26015
4.18779
0.771515
4.23369
0.549618
4.50166
2.08873
5.8198
2.86906
1.95883
5.13327
4.39268
3.2656
2.08223
5.5467
7.15564
2.69932
1.52543
2.57257
4.04657
2.88345
1.38504
1.64803
0.376514
1.27967
4.26719
2.33176
8.86457
1.71368
1.44453
1.13011
10.6779
4.02245
3.86096
11.7814
1.89295
0.489325
1.31993
6.06724
7.99502
1.44161
3.12501
1.52463
6.01499
2.51243
6.40438
2.54138
1.07872
0.855651
1.52436
4.84773
4.19725
1.89032
0.292362
5.56902
2.69771
1.34427
1.99282
3.89366
2.88445
4.1514
9.19979
6.2281
3.10226
1.52376
1.60989
9.61665
1.08574
4.79785
0.759568
7.92765
2.03163
11.7651
5.18576
4.78629
2.55502
3.98118
2.37819
3.55035
3.97158
1.76185
4.21395
0.826452
5.08491
4.17374
0.74827
8.21342
12.6377
6.94148
4.10265
1.51401
6.37586
3.84921
2.85401
3.1535
1.6088
2.77116
4.12628
1.64367
5.67438
1.64577
0.541596
6.36365
4.38003
7.33388
3.30031
2.60658
6.64445
2.11552
2.70825
3.35287
3.64248
2.99179
3.67937
0.525976
0.893793
4.02739
2.68159
9.26845
1.40354
0.964843
3.16164
2.33227
3.12166
4.51415
1.52936
9.08843
3.33031
2.49348
1.70274
1.96051
5.74721
8.70009
3.98671
5.8208
4.17913
1.97335
3.50996
3.50962
14.2524
5.44008
4.60226
0.749618
1.36293
4.68453
5.12109
2.7457
10.3657
2.10899
4.70655
2.55197
3.04915
4.37317
1.23239
4.62659
4.80389
8.34781
2.1034
1.17394
2.92405
2.07993
1.92718
3.46454
1.68328
5.60665
1.27213
0.984624
1.03713
1.87855
0.816267
1.50839
14.9738
3.19347
2.45698
3.2106
4.30744
5.77883
5.93314
3.84754
0.760139
1.84669
0.505994
4.93179
2.45406
5.32613
1.43051
4.84678
8.35176
1.40916
2.76844
0.525223
3.02978
4.54933
0.980419
2.05733
1.79742
4.56971
4.05926
1.70145
4.6039
1.07481
2.69036
1.36401
3.61553
3.87882
6.39272
2.16371
2.39625
0.753523
1.87974
9.90431
8.40903
7.30646
1.11964
7.87981
2.16979
4.34215
3.04597
1.6811
1.01875
0.471069
4.73265
3.27052
5.04066
5.05523
4.11868
3.52636
4.5227
3.16809
1.05656
9.53042
1.97613
4.01933
3.21265
1.62453
2.02091
2.98388
4.99813
0.268995
2.73697
0.641406
2.48965
1.81273
0.69241
3.21595
1.2019
5.70148
2.26874
1.04133
2.78096
2.53496
4.58395
2.3222
3.47897
4.29597
2.81766
2.7457
4.04317
3.7218
1.6019
9.84757
2.37134
2.81853
2.7374
1.42152
1.42435
2.83686
3.84379
1.12682
4.0759
9.13413
2.45933
3.04845
1.97618
7.81354
4.95033
6.12342
1.5015
3.93512
3.24439
10.0055
4.50472
2.23914
4.34932
5.23678
3.60802
1.47185
6.41829
1.04619
4.42285
1.71119
5.15328
2.30265
1.23838
1.98592
5.01042
2.86958
3.60584
2.22396
11.5296
4.88242
7.3785
2.96556
0.867096
2.1599
1.6672
2.3815
3.93189
2.57916
10.6189
3.27388
1.96173
0.652731
0.716218
11.4189
2.61172
0.733401
3.73333
4.11889
3.95512
2.10156
2.29813
6.94303
1.71258
3.34772
0.577448
3.18369
2.03694
4.83152
13.4755
1.96559
6.67195
8.0931
2.93649
1.38593
2.29111
2.53361
0.953462
1.86259
2.09131
4.88776
5.21992
0.51649
5.54143
1.73201
5.22306
3.4501
0.655319
2.41098
1.70989
11.8493
1.74194
1.58528
1.38291
2.92189
2.44655
3.99608
9.45557
1.25854
2.56008
1.55986
3.69008
1.10717
5.43286
4.47487
1.37105
8.0618
4.64369
2.50626
3.3058
4.47962
2.38514
2.87119
4.72646
2.17524
2.31504
7.36609
4.7644
2.32157
2.35891
13.5802
1.21581
1.52865
5.52581
3.90281
1.03306
4.19116
2.19079
6.76303
9.23518
2.47283
2.04966
1.45142
2.18181
3.1368
7.25063
5.03986
1.89466
1.57181
2.19669
2.49773
2.91636
3.03031
2.49747
7.7167
1.52699
1.36788
7.40215
2.89877
5.84956
13.2819
3.59654
1.23211
2.95785
1.64093
4.04173
2.64154
2.70025
1.95156
2.43801
1.87259
7.85056
1.72859
3.49067
2.46371
0.910916
1.82807
3.81479
3.33675
7.94383
1.07828
0.920167
3.28099
4.02545
2.35695
3.96648
7.73364
3.93876
2.18532
2.0118
3.48954
2.60223
1.43899
1.8572
3.99934
1.95574
2.06559
11.1819
1.27691
2.98262
4.04046
1.24996
1.61976
5.11289
7.62571
1.91529
2.69143
4.62699
11.1932
2.84867
3.0343
5.78574
9.49835
0.928563
2.68787
0.738443
1.19857
3.36216
1.11808
2.63474
3.32679
3.41684
2.60018
12.1856
7.71403
5.29038
4.51948
1.3261
1.93802
4.57181
2.80831
0.796
4.04053
3.87862
2.00739
3.52548
4.27046
2.17225
5.0996
1.42578
1.08079
2.63251
1.64771
9.6073
1.26922
1.6544
4.00049
0.521152
1.37756
2.01795
2.04391
1.60339
1.44601
2.45266
5.64355
2.73893
1.17949
1.29896
3.80895
1.90809
3.34892
4.01537
4.38144
3.90798
1.81783
5.04102
1.06122
5.68668
1.28342
4.95582
1.42052
4.20724
4.2622
1.33162
4.89515
3.47855
1.60728
2.54615
1.27432
2.43121
2.54663
1.08341
6.2888
3.54923
4.74911
1.4235
3.90679
1.23608
3.01725
2.10422
1.87561
1.78245
2.94886
7.30053
1.3889
5.22178
6.83228
9.23129
2.49205
3.05566
1.03615
8.56178
1.72937
0.865633
4.35193
1.93796
0.569031
1.78323
4.76775
1.50414
3.7819
3.82164
2.39981
4.98891
3.66241
4.95175
1.41725
4.42489
7.08608
2.03293
4.83726
1.53915
0.996173
7.349
1.96381
2.16062
1.78871
2.36423
2.31876
3.66526
7.84015
1.84418
2.3592
2.7089
5.49679
5.28297
9.17951
2.54572
1.38815
1.76537
4.88812
4.61149
4.41906
2.95491
1.62586
5.66975
0.565278
2.38816
3.43085
2.68838
11.2618
0.597073
7.49411
5.85544
2.95144
3.8092
3.13475
3.63259
3.14301
2.39471
1.40318
6.35131
0.847851
3.64378
2.33873
2.97725
3.92796
4.13961
2.512
1.5218
3.49516
4.08302
9.66884
2.15814
2.70777
6.77891
2.8288
2.81114
3.20141
3.05341
1.34979
4.17367
3.22419
6.18361
4.90351
2.13917
1.8254
4.7159
2.53735
2.87045
2.41313
2.37277
0.527229
3.45265
16.1174
1.38027
3.91461
4.92132
2.41933
4.91089
1.13825
6.55572
4.34013
3.33693
6.5662
2.27036
2.49144
5.58066
3.50237
1.00306
4.55131
0.879246
9.94257
3.79873
0.584176
2.50923
7.04755
8.4397
1.98887
5.73597
2.98994
2.63222
1.78117
1.57717
0.661225
1.53023
6.67112
1.42554
2.39788
3.06741
1.3858
1.97902
4.43399
6.50668
2.79754
1.72591
3.47766
0.638261
5.0007
3.12544
1.33777
2.13397
14.3161
3.60014
9.29959
1.25558
3.94297
5.25087
14.3947
0.567557
7.76907
1.08455
0.684376
2.4174
3.51834
0.807777
2.26355
3.32666
2.42402
6.31243
2.2174
8.39115
3.89086
3.14769
9.21527
2.84362
2.06399
3.73439
1.93792
1.47176
4.72491
0.857183
10.8874
2.57942
7.38718
3.8706
3.18412
1.08257
5.36597
0.748339
2.56336
5.28626
10.3339
1.69484
5.03149
4.4487
3.86063
1.82768
0.45959
6.44395
6.3113
3.14498
4.29303
5.08506
6.14846
3.32746
3.59511
2.03357
9.48347
1.48571
3.56707
3.53245
3.5367
1.90959
2.23177
6.12089
0.968515
2.67575
5.0777
2.22122
2.44808
0.375769
2.81837
8.95425
6.37348
1.85449
1.20718
6.2736
3.81436
2.26493
1.71315
10.9666
1.03439
3.94833
1.11673
3.08205
5.52027
1.48506
1.07025
2.86971
4.68894
1.64047
4.43716
7.87771
2.79737
1.93583
2.69326
1.39488
1.39638
8.60461
2.47813
0.823893
11.812
2.47287
3.0891
1.05531
0.682349
0.567412
1.11678
4.1044
3.38705
1.14127
1.02481
1.29194
1.81215
4.00208
4.70828
3.81244
1.41805
1.75478
3.15385
3.24034
4.3487
1.68522
0.766934
3.67862
4.99495
2.74939
3.22288
3.92346
2.88836
1.36915
2.7305
2.66404
0.602378
2.05246
4.52865
1.57931
4.97066
2.11384
0.317755
1.73172
1.73524
1.73942
6.09841
3.54434
3.07084
5.54527
2.55849
5.42239
4.08188
3.23165
1.7537
2.58986
16.5844
4.4023
2.21296
8.07162
2.91187
7.60206
8.04675
7.25604
4.40095
6.79787
3.65639
1.70631
4.53
3.22888
5.52595
0.719364
3.42094
2.06419
0.872541
4.62968
4.76634
2.74052
1.01251
3.58579
1.14085
13.7234
1.86712
2.82343
7.66904
1.86783
1.45097
10.0708
5.34284
1.95947
1.62366
1.32253
4.26479
4.61505
5.1173
1.24629
4.30881
4.83209
13.4336
1.30454
3.87019
1.99925
1.52781
1.21205
2.18753
9.43719
13.0564
0.128177
8.12499
2.20326
11.9014
1.26691
3.0494
5.84721
2.60953
7.26856
3.49507
2.189
12.5815
1.17434
1.94373
5.60648
2.80734
5.05026
6.47459
2.15722
8.56267
8.97338
2.1995
3.26336
9.33951
0.571105
3.32148
4.05676
2.62061
3.00662
4.04634
1.70486
4.48205
2.74469
5.4063
3.23777
2.55286
1.98634
2.48783
3.10352
8.41973
2.99827
2.29047
1.71866
4.93098
4.70789
2.52963
5.82163
3.1396
1.67921
3.44033
2.49592
7.52081
1.5418
5.50705
0.84477
2.78843
2.03225
2.19592
6.95043
3.38599
11.8222
1.87428
0.546604
2.67597
2.42381
4.49924
1.44605
1.17805
1.46064
1.50613
9.94536
1.89566
2.43241
4.37021
1.68842
1.31951
4.57668
2.19418
4.65326
2.0069
9.67486
3.75023
4.89543
5.60288
1.98173
4.37477
5.32767
4.23398
1.98644
6.69722
3.90492
1.4941
5.23704
8.90367
2.28707
5.06007
4.78678
3.38593
1.06236
10.9844
5.4579
3.29229
1.25296
3.34263
6.11104
3.4995
1.47205
3.56942
4.13263
13.0567
0.91438
6.42006
4.08863
1.00235
9.97051
0.954683
4.59331
7.8149
3.41699
2.16797
7.44167
1.22831
3.2843
4.09419
0.427911
5.08616
4.99775
3.99577
0.140968
0.865761
0.459253
1.50754
1.48049
3.6543
2.13083
4.2952
3.59458
2.45703
2.14916
6.89393
2.05984
3.82525
1.44232
1.16888
3.69153
4.01826
2.07133
4.35859
5.30447
1.47797
2.06965
2.16599
2.86311
1.43554
5.62198
0.758639
0.515406
4.39309
0.141406
1.8662
1.66426
2.60036
1.89065
1.53021
2.23245
3.4235
3.19049
2.76679
1.41017
2.63383
1.17685
1.96413
6.1761
4.85692
1.8463
7.60777
1.19553
7.41447
5.0464
3.43985
4.79044
2.19356
0.684434
1.58236
3.07787
4.42723
3.0833
0.340045
2.83695
8.31855
2.83162
4.23158
1.43812
3.07586
2.54725
2.31804
3.30214
1.15801
9.59575
1.19788
8.08526
2.8291
2.66936
4.00767
4.5472
5.05802
8.39336
6.83972
2.80926
4.77512
3.26905
1.72685
3.85861
6.21275
13.0175
2.73614
7.62478
3.13906
2.06837
3.34409
1.99197
12.6329
8.34952
3.42274
2.69022
1.53887
1.23092
3.79642
3.47321
2.64113
1.2364
3.01226
8.83005
4.66075
1.3371
4.02361
1.5255
4.22855
4.56433
7.39715
1.7732
2.13653
2.56173
0.896493
3.31781
1.49597
2.63397
3.86291
4.48727
3.19631
2.15653
3.57791
5.5351
5.0693
2.85714
2.79094
2.58615
1.56555
1.05393
4.13978
2.22781
1.72195
7.67036
2.60905
0.714681
3.22519
1.53897
2.85605
4.02275
1.28863
5.23584
2.11328
3.6365
6.02641
3.83734
1.45948
1.49827
4.39477
2.78269
3.42656
3.09136
2.39374
7.60093
9.57238
0.977706
1.77501
1.40859
2.8538
0.522296
3.08004
1.10619
1.64852
4.69617
3.13112
4.02165
4.81562
4.09695
1.5621
1.85364
1.60866
3.44294
1.36166
0.939694
4.74163
5.52618
2.69244
4.20181
2.31459
1.5185
3.1515
1.16038
1.23221
1.74731
4.00098
1.4191
2.1243
2.99238
3.75304
7.82885
0.980074
1.59139
5.33029
5.47508
2.48802
5.06482
1.00883
3.22087
4.31472
3.69548
1.63828
3.84615
2.54267
2.55316
1.18954
2.96502
3.93044
5.98353
2.36269
1.25735
6.53754
11.1682
3.64289
4.38216
1.55274
1.29769
1.42991
2.19206
1.79337
3.29684
3.55016
4.87958
4.20814
7.9583
1.99134
2.2977
11.1367
0.835261
15.2978
10.0613
1.39966
9.66035
4.48147
2.34757
1.52152
4.15861
2.91614
0.687216
4.61012
11.1788
0.969971
3.57727
3.05545
2.35783
3.35267
2.64289
10.1155
11.7011
4.84267
4.84555
2.61477
4.66932
12.5829
3.48606
0.84435
1.74052
5.36888
2.84076
2.67535
2.19005
3.11756
1.70344
2.42116
1.27326
13.2593
3.97241
0.738317
5.34864
3.99575
14.1909
1.54458
1.82838
3.37539
2.25277
3.47968
1.40355
2.07009
2.31492
1.54066
3.39026
2.48617
6.53491
2.1981
1.14538
1.40569
2.22012
1.13896
4.09058
0.416772
4.81611
4.02449
2.43966
4.8156
1.04718
0.498051
0.94889
2.74226
5.06334
8.6692
0.821959
7.70051
5.13456
9.78809
0.875022
3.13734
2.84061
0.755596
4.75658
1.75495
4.36009
5.6194
0.818038
3.3281
3.21365
2.54624
0.411909
13.2357
5.44248
5.02731
7.06994
4.31451
1.13379
2.72694
1.49996
2.10235
1.40414
1.59751
2.26489
2.58502
3.16596
2.45072
2.33866
7.51242
1.46671
2.11638
9.14362
8.24814
3.40906
11.4277
0.44033
2.80526
3.25254
5.32122
8.34356
13.5806
1.04602
2.85882
4.9132
3.45107
3.76112
3.67163
6.24025
4.7666
2.28058
3.24309
4.72078
5.74981
5.60492
4.83785
10.1401
2.25251
0.725661
1.35447
0.994962
4.0329
6.41759
6.50276
2.10297
12.0956
2.52814
3.44135
5.75467
10.7917
2.90713
0.838224
2.24208
2.96427
2.05848
6.00386
6.65836
3.39188
4.12404
6.57241
7.09708
6.2562
5.44444
1.71794
2.60921
4.42061
3.19246
3.92592
3.15131
1.46886
4.26843
5.59378
5.68118
3.65931
2.2667
2.58549
1.7492
1.00678
4.82395
1.5988
7.47758
3.22587
2.446
4.62774
0.489457
2.08354
2.41608
4.27411
1.67751
2.09964
4.35164
0.883376
3.90219
1.93178
0.752385
1.6671
2.77386
1.31469
2.22559
6.99691
4.57002
4.93653
2.78352
2.58116
10.7889
2.81828
3.17636
5.13689
6.96036
4.36885
2.87069
1.98115
7.22379
1.70974
1.38375
1.60777
1.47799
10.4485
1.17517
4.09394
0.775205
3.19519
1.95413
2.47633
5.78199
1.92176
3.42713
4.73157
2.70653
4.29361
3.82131
3.26084
3.92087
6.12209
11.2057
12.2123
1.0622
6.87781
12.4474
4.67702
4.164
2.20392
3.78181
2.25617
2.79038
0.691304
1.11493
6.08201
1.72405
1.94512
1.23491
4.48017
4.49059
0.831819
1.44757
2.50432
2.55124
3.74959
1.71492
2.41131
1.56818
7.67918
11.7669
4.79715
7.59031
4.79617
2.52493
1.83902
4.09216
1.82863
0.734848
1.4195
5.90827
2.36338
12.0696
2.19446
2.6352
1.12059
1.36976
3.66913
0.546944
1.86962
6.94622
0.788636
3.33815
5.81971
3.39621
1.6503
1.69771
3.42006
13.6618
3.09063
2.20457
7.35285
2.79371
2.61042
4.93348
13.2089
0.653118
0.344974
4.3971
4.15727
5.67707
3.2268
4.96896
0.493683
2.62226
3.00312
3.79579
2.10492
5.03552
2.25009
3.63161
2.20443
1.47092
1.67563
2.56745
4.14523
3.31504
2.98027
1.58091
2.15579
1.54797
1.62788
4.24612
1.4972
4.6865
5.50382
2.37227
3.92463
3.48336
1.93587
1.46257
1.45698
10.2993
3.03177
0.615966
4.15647
3.21282
3.86704
2.07253
4.28889
1.62597
4.14877
3.67585
1.14831
4.87604
2.90679
6.65743
1.64952
4.78613
5.36137
2.48357
5.64928
5.04088
4.32157
1.99966
3.05336
2.47951
2.70929
3.88363
2.56068
1.71444
4.05739
1.85075
1.37773
2.07077
2.251
2.55705
2.80933
2.45236
4.43096
1.06538
2.63939
2.84908
1.97027
1.83346
8.8218
1.57205
3.56646
1.39328
1.53672
4.06267
0.852996
0.862102
4.27713
3.35335
4.70064
14.2128
3.41959
0.416354
6.09822
4.59902
3.94236
1.15537
7.89792
1.01301
3.07016
7.28515
1.0464
3.8577
2.45728
3.37062
1.35646
3.81157
2.39429
8.75009
0.569175
1.98282
3.27343
3.22415
2.66736
8.61695
9.95107
3.62901
0.832538
1.90962
9.39202
2.41348
3.7392
4.24344
3.6671
2.76805
8.8787
4.37748
2.01011
11.0551
4.06982
3.34122
2.32637
2.79703
2.30914
4.856
4.078
2.01269
6.50869
1.63818
1.93992
0.914593
4.78216
3.84098
0.681652
3.00111
10.8302
3.40342
1.21266
2.40952
2.53462
2.21706
0.870771
3.36736
7.80624
1.33534
1.05016
2.03797
2.91685
2.04479
1.99771
4.19236
4.59979
1.68718
3.60717
1.48854
11.8425
4.34054
1.18174
1.93431
3.97854
1.93331
5.22047
1.02954
3.84175
1.94788
3.22364
9.56663
1.9937
4.59603
12.0757
1.97672
1.39165
2.4176
1.77063
1.08747
7.81572
0.642547
12.9512
1.5057
3.37565
1.23243
4.25583
2.13926
4.01368
3.30401
0.310297
6.00005
1.54775
1.15089
3.7351
7.9417
3.89263
4.06114
0.422952
4.84471
7.89553
1.56984
1.88314
2.98136
1.09256
2.08953
2.28631
2.64055
0.768094
1.26024
7.75449
1.90395
0.891538
5.32245
2.56402
14.6297
7.91464
3.789
6.0683
7.28728
3.47774
1.06225
3.51943
3.7061
3.44127
8.3111
5.19611
3.16928
5.8183
7.41105
3.4205
5.14418
2.13445
0.457307
2.14298
1.24719
0.713063
1.39871
4.02712
1.38822
8.57284
0.500548
7.21707
5.07127
9.6827
3.17187
1.51444
1.91596
8.25503
1.44546
10.8518
1.4694
10.1709
0.653359
5.40532
2.51667
7.92063
3.83926
5.17893
11.7697
4.11286
10.4921
4.35339
3.18022
2.47236
6.98725
5.3287
1.62159
5.8011
2.36955
1.935
4.27442
2.85222
1.57947
6.39523
4.22477
2.54466
4.75154
0.995806
8.26559
5.86481
8.20656
0.567876
5.56974
7.93383
3.94967
4.62625
3.88422
3.99547
8.73811
1.4094
4.54324
3.94193
4.29376
1.71435
1.80512
3.7052
3.99304
4.95402
4.81992
4.55579
1.45052
2.18135
4.63678
0.632091
9.11586
1.36079
1.88684
2.96082
6.1705
5.33312
2.70265
3.97926
2.12922
2.72001
7.34274
2.94469
2.16583
9.60593
1.98259
2.91189
0.784025
2.89894
3.20965
1.58251
7.39167
2.00774
4.78423
3.64046
1.91383
0.649712
8.61078
4.19144
11.0751
0.654763
5.22857
2.37509
3.71815
3.6948
11.931
3.1053
5.8534
1.30966
6.54525
4.5207
1.57541
2.68525
4.21904
9.23854
1.32857
2.77833
2.52532
4.13548
0.687708
6.15753
5.01305
4.42377
3.56324
3.36703
3.22752
1.67609
5.05423
3.13566
1.66127
1.36748
5.32363
4.31927
1.91614
2.17621
3.35718
1.7613
3.50824
3.83186
4.48594
9.1239
2.2889
2.26204
2.16447
4.16854
1.45737
4.239
10.4255
2.77722
5.92144
2.12768
1.08523
2.7327
1.96765
1.36004
4.08691
9.14411
4.76515
2.35772
5.91291
4.55931
0.738918
1.37872
2.26475
3.77312
5.30586
0.927597
14.9499
6.8379
2.30678
3.76175
2.42222
6.10053
2.07972
7.03736
3.872
5.01215
4.44271
2.6175
8.33386
1.47846
1.3548
2.83741
2.63385
1.79974
2.78938
3.39146
0.918992
1.60619
4.69084
2.71774
3.29198
7.09938
4.61722
8.82971
3.3935
4.00316
5.40317
2.02668
3.66781
4.3241
4.27058
1.88687
2.74957
4.01833
11.7833
1.9305
0.427236
7.43414
7.54567
5.06686
4.78105
6.49811
3.98881
2.00078
1.30758
2.19715
3.27721
3.96218
4.71487
7.84652
4.29397
3.43074
4.84348
3.48439
4.70763
7.1283
2.32496
5.20139
0.872607
1.84865
2.12778
3.31769
4.11757
3.05433
3.80859
2.30544
2.59298
1.56036
1.81773
5.18186
3.85112
1.48056
2.66211
7.38635
5.76172
0.964149
4.67923
4.99881
1.97121
4.62479
2.6423
4.38883
2.99587
1.75568
3.47177
1.88105
1.0703
4.40399
7.34555
2.67643
1.53761
2.13504
3.37243
3.4068
2.90442
1.91269
3.96703
2.451
4.05901
1.2472
11.8847
0.877714
2.56448
5.40523
3.8338
1.55836
4.24357
3.03912
5.93491
4.2166
3.58695
0.587056
9.88198
3.09653
1.05558
3.89415
2.40239
0.865022
1.46849
3.8546
4.78937
3.35692
10.5917
1.75343
3.17068
1.54268
2.64502
0.709296
1.71688
2.62502
1.10158
2.20059
3.89361
3.85734
4.50588
2.1614
8.85149
2.07227
6.16809
1.14158
1.68037
1.52116
3.69443
0.577096
1.58019
11.7765
0.325273
1.33972
5.11731
0.479778
6.11775
6.11608
4.60866
1.49421
2.17111
1.97595
3.37254
6.46616
1.59414
1.85699
2.66352
1.0704
2.59177
1.8757
1.74196
6.90149
2.98723
0.955723
9.86547
3.5502
6.93924
2.74747
1.07942
3.61275
3.85624
3.79556
1.99445
3.65497
10.7309
2.04677
3.26546
0.248173
1.02194
0.909591
2.59574
1.13128
1.30501
6.76322
1.41251
0.769776
3.56588
2.85096
2.0737
1.93359
3.83717
6.62427
1.29677
2.6941
12.9478
5.38991
2.52029
1.64421
7.40007
6.18115
2.38489
5.36743
2.94672
9.42587
11.2851
1.89613
3.04069
3.30602
5.128
7.01464
3.13344
2.08649
1.86735
4.06462
2.86416
4.84065
0.823711
2.20882
5.10692
2.61135
3.14655
3.28376
1.83981
2.7958
2.54817
1.47259
1.39213
0.696822
3.85562
7.3561
2.07081
1.45236
2.95903
4.11844
2.16263
2.05097
2.43458
1.65962
3.10512
3.92776
4.04569
1.09202
3.98265
2.23371
4.0733
6.52142
1.9684
9.64793
2.23333
4.73483
4.14107
1.02303
0.3592
2.59885
7.06807
2.46194
1.38782
3.66975
1.09618
1.47741
3.52437
3.62787
8.27733
1.36692
0.759554
4.47818
7.87784
3.37506
11.7569
1.38826
3.73843
1.64623
3.36519
4.05971
7.418
3.75826
0.149044
5.63661
3.42628
1.50792
11.5601
1.18796
4.61402
3.03686
3.37858
5.04676
2.63031
2.71778
11.0312
1.73965
1.66301
3.78062
5.17001
10.2419
3.77679
1.03441
2.66936
2.90317
5.45412
3.86595
1.09403
2.59913
1.88621
3.58349
1.6195
4.42044
3.14528
1.7566
4.00034
1.12712
1.13028
4.68383
9.50195
3.34089
3.90767
0.884617
1.71441
8.10488
8.38598
1.20548
9.12454
3.36402
1.31326
0.482532
2.37349
2.51655
2.95785
3.35724
2.92204
1.06266
6.55376
2.00152
9.65123
2.06083
4.54758
3.06186
1.684
3.46936
5.72613
5.35208
3.51522
4.24587
2.45169
5.02405
1.85334
3.11384
3.10343
1.40145
0.919131
8.57546
4.63826
2.45567
7.96003
1.95082
3.53011
2.19809
4.36296
2.36681
1.85366
3.85898
1.56934
7.77212
0.925338
0.832342
3.13102
5.26696
1.54484
5.2187
0.673804
3.96394
2.75252
2.15697
1.51205
9.42656
1.46211
1.88289
2.82824
5.45308
1.42193
1.57078
5.42765
7.89167
2.6176
5.00994
3.96928
0.821037
1.15428
3.00255
13.172
1.47982
5.10339
1.87457
3.07816
2.13405
2.5842
5.28904
2.85843
1.76144
6.04561
3.58186
4.11087
1.29343
4.05334
3.45073
1.41888
1.02385
2.90068
10.1302
5.74919
1.14742
2.33963
4.86071
4.54041
1.6377
3.26418
2.02421
2.09427
0.235983
2.52451
2.10644
0.766504
1.50007
1.29796
2.7854
1.59924
2.50769
5.13043
1.86049
4.87714
2.47296
1.44672
4.75901
1.61272
1.60193
5.88
4.16204
3.34694
1.03326
11.5314
4.06025
3.76742
2.47004
4.04923
0.736962
1.44397
0.601755
3.28482
4.46012
3.80622
4.14919
5.99798
4.15497
3.38855
0.573736
1.22389
2.23202
2.30984
3.5167
1.24784
2.00071
1.36991
2.61883
3.0529
0.547953
0.738683
3.52763
0.953948
1.11945
4.96446
8.07678
1.84207
6.72154
1.70698
6.30862
4.47952
3.27453
4.32525
1.82995
5.30058
2.38815
4.39617
8.54733
0.925509
3.97671
2.24913
1.28036
2.16924
2.36694
2.39641
0.987776
7.02166
2.63255
3.73427
1.66376
2.73999
0.891426
1.26367
4.16985
4.27456
3.41905
1.53985
2.61071
1.75288
7.8181
1.61811
2.93873
3.62658
3.74761
2.42214
2.48308
5.7424
2.34436
3.01129
4.1605
4.94029
2.07056
3.8947
1.80364
1.78497
5.39816
3.97317
1.76455
2.46008
5.56262
0.3926
1.2342
4.00936
1.71047
4.45197
4.24169
0.488533
3.31289
2.78292
3.83841
2.70352
1.76966
3.66582
1.75839
1.76555
3.07919
0.381169
3.74412
6.44906
2.23073
1.63812
3.30529
8.82168
1.32919
2.93317
1.0255
1.73356
3.24496
1.78691
7.29715
2.81982
1.70092
1.98527
8.97081
3.82709
4.27385
4.73618
4.28261
3.3906
2.94212
1.54345
3.91425
1.87628
7.41038
3.53365
4.50241
3.35725
1.09269
3.30073
3.67828
3.43304
1.10608
3.65637
5.0952
2.27049
3.76959
0.62204
9.69838
9.83329
2.94791
1.75252
1.91526
1.77086
0.812304
8.07971
3.47972
0.951722
1.868
2.14
9.38758
8.17629
3.85867
0.595629
7.32181
1.54864
4.48304
2.33771
3.48776
5.70052
2.64038
3.84972
0.985227
7.06789
5.3047
2.14891
3.43849
3.92514
1.75136
1.80646
3.79359
11.2135
0.606516
2.64864
3.11905
4.47846
2.80652
2.308
1.06541
12.7798
2.66447
0.87455
2.57141
1.46492
2.85604
1.6736
3.01432
3.39568
0.561878
1.4625
12.2594
0.716594
2.48483
3.22483
2.24799
4.00588
6.26869
0.998818
1.82439
1.53754
2.73524
2.44414
5.6449
2.59724
3.21987
2.83823
14.3127
2.99962
3.62449
3.49117
3.52391
4.20355
1.656
4.5425
2.75445
2.10833
0.98091
4.22171
3.15832
3.33442
4.34949
0.755001
7.38809
2.07279
1.04474
2.12582
1.15847
8.42828
4.05447
5.87389
4.9506
2.85988
3.00739
11.9857
3.11468
3.0887
4.542
8.1691
2.13779
5.96726
4.01591
8.99305
1.02116
2.3456
3.64163
0.551151
2.39182
3.6169
1.36426
3.71526
2.95773
5.38996
3.35166
10.978
3.60396
4.48305
2.72996
10.0304
1.28271
4.90106
6.76897
5.06202
2.1005
3.78291
7.86628
2.46899
3.04607
3.70264
3.65438
5.37982
2.92285
1.37097
3.03221
3.90925
0.788155
1.73764
12.8382
2.90678
7.61734
4.11868
2.36012
2.03049
2.62468
5.18004
4.32413
1.59212
4.3008
2.39214
2.1637
3.14006
10.7398
6.50182
1.97739
3.84111
3.77851
6.48669
2.95389
0.744387
7.76839
1.70486
7.55354
3.46852
1.22786
0.577448
0.515563
1.248
3.91333
4.22005
7.25735
10.24
3.77161
1.72236
1.87348
5.24982
4.09772
1.78941
1.02021
3.13918
3.30153
4.17087
4.2883
8.30447
3.53763
0.927297
1.47771
10.5676
4.85098
7.07353
2.09036
3.38016
1.90759
4.85251
1.98474
3.75552
11.3561
3.42114
2.00812
2.93716
4.83858
8.30185
4.07133
2.72236
5.43601
7.11004
9.59988
7.63227
2.04939
3.79603
4.46149
1.23461
3.38941
1.26707
2.26378
4.12107
7.15834
2.69556
1.5159
11.0199
3.0675
3.31916
1.70943
1.50834
3.85325
11.9112
3.13462
2.3015
2.80801
1.51326
3.42604
2.09359
2.24363
1.64003
2.20131
2.02637
2.8996
6.70814
2.9513
3.02453
0.847876
4.56545
1.0053
0.928655
2.35271
4.4828
1.44219
12.8457
1.36251
0.68637
0.952447
2.79109
1.38851
1.60958
7.50571
5.357
1.28618
1.58366
14.8781
7.64526
3.16954
4.79828
3.24827
1.86181
14.7653
2.41663
0.841468
4.26923
4.84135
2.98643
1.89367
6.81709
2.94961
1.35176
1.32659
2.16086
1.9788
3.69004
2.39594
0.436372
8.14576
3.12365
4.839
2.71971
4.55168
14.9885
6.67603
1.21395
1.66338
2.11183
4.05462
2.85639
9.03547
1.85979
2.81507
2.35154
3.23217
1.37453
2.11316
4.06735
3.66131
2.34001
0.935719
3.50854
3.36721
2.40698
2.34576
1.69123
11.9797
1.74876
2.52094
2.24696
6.33365
0.955525
0.221518
2.96442
5.67311
4.8349
1.53564
1.17367
1.57375
5.3489
2.46454
1.81845
2.31456
3.90226
4.48979
9.47085
4.66629
5.91466
0.962085
2.86358
3.85756
4.18069
0.755816
1.35268
3.16694
1.60577
5.92305
1.0828
0.772127
2.22274
1.27262
2.40468
5.33754
4.35206
3.87076
1.94048
2.69179
0.717641
2.37033
15.4597
3.11611
3.64743
2.167
0.411591
1.19116
1.63241
5.81637
6.69828
3.63933
2.24253
1.50152
2.1277
2.08854
0.222637
2.58825
1.80323
3.33312
1.36612
3.8951
2.44062
3.5449
1.76955
10.0936
3.57281
4.29203
3.29169
5.08919
4.41339
3.39641
4.20385
2.01888
3.25627
1.66764
1.58759
7.9569
5.21917
3.8505
4.07518
3.87883
1.50464
0.517103
2.76623
1.9928
3.58683
1.9111
4.28503
3.83067
2.72905
2.60096
7.61589
7.1426
11.7568
3.41748
9.38489
6.82733
1.9103
12.2425
4.32195
4.22264
2.69177
2.12773
3.83179
1.34418
1.7898
4.5117
1.31111
1.54106
4.17656
0.347773
4.72911
2.36694
2.1456
4.66871
2.15944
1.72106
2.9115
0.287318
0.393626
0.381685
3.47588
5.3378
3.25108
12.0115
4.91111
5.59909
3.32816
1.20341
2.47645
8.84967
2.59879
3.92171
2.99521
0.633784
4.7086
1.01097
1.1672
1.20761
7.1289
0.534431
3.29642
4.61202
2.12057
3.33094
2.82586
8.06137
12.6713
1.68769
2.91509
5.35318
4.78455
1.15648
4.31129
0.22299
1.58206
5.91347
2.50065
2.57792
1.7974
3.12219
7.52751
3.86179
0.931139
1.46223
4.60542
0.541559
3.50538
7.88978
5.94116
1.68337
0.693539
1.8622
5.79313
4.02056
2.51091
1.03165
0.685731
3.36925
9.93402
1.29736
2.97962
1.6993
0.460103
0.932178
3.40401
1.48327
6.94373
14.4416
3.96342
1.77216
3.86344
10.9372
1.75949
4.19196
9.93354
1.14428
5.88916
1.94479
3.95592
2.49905
1.98295
2.86265
0.644872
5.39318
3.04019
8.16442
2.23965
5.20338
2.92577
0.972893
2.51975
3.39062
1.22015
7.001
2.03687
2.02384
3.42988
3.50676
5.90842
3.14068
4.38906
9.49958
3.34066
7.38103
10.9878
2.61258
5.21545
2.35347
4.4855
4.26109
6.18873
5.53
2.14292
3.23354
5.60644
1.46162
8.2366
0.909155
1.53715
2.91702
2.5565
5.29498
4.71677
1.90478
1.94175
3.21807
2.87272
2.73229
2.40634
3.92029
11.3157
0.558608
6.70105
1.47525
13.1227
2.0763
2.49722
1.83503
0.526951
5.13224
0.371967
3.5888
1.13114
1.05357
1.60443
3.87537
10.5354
6.64665
1.44903
4.25837
4.16964
4.27513
9.71751
1.64865
1.82892
2.36953
1.09102
4.04698
2.7768
3.15001
1.34909
2.92517
2.0577
8.55799
2.05967
0.809171
2.27521
3.73807
4.56394
2.35744
6.27588
6.67918
1.95863
5.55121
0.856444
8.24176
1.13131
1.35803
3.43168
5.94013
12.7856
1.84297
11.1979
3.92697
1.73174
4.36417
2.52105
8.67514
12.9238
1.32589
4.24688
7.44474
4.40527
2.0224
2.07492
3.25724
1.23121
1.03429
4.35124
1.42854
3.48282
4.2902
1.91531
2.27195
2.86921
0.984231
3.66076
3.04906
3.79122
1.82406
2.47138
3.62049
1.80021
13.7196
2.87614
2.51368
1.82317
5.39377
4.39942
2.1155
1.21567
1.16525
3.8484
9.41262
3.24287
3.30358
1.83698
1.14308
0.867667
5.2815
2.29596
1.90975
1.75855
2.71486
1.20192
4.8497
4.55771
0.573389
7.94903
1.92581
1.41056
0.253247
0.794295
2.70254
2.72808
2.22258
1.08571
8.6671
4.96637
6.37479
9.04544
2.37816
4.62176
4.02909
4.94694
2.12565
12.2607
1.67114
9.06163
4.95411
8.27539
1.3929
1.05529
1.1034
2.12718
3.621
0.845484
4.83832
3.80327
3.75697
2.17108
8.23426
1.52677
5.1358
13.1164
4.06042
11.3927
4.00718
9.50319
4.29986
1.65522
5.77611
1.80375
9.95151
3.91728
2.05099
2.34599
6.07129
4.66831
4.9588
8.20741
3.52361
4.17925
2.19664
4.34379
0.801258
0.727822
1.47393
1.32643
6.53138
2.21232
1.98523
2.43873
2.26731
4.6291
3.36849
8.84208
4.47403
1.475
6.34016
8.29798
4.72805
2.26688
3.39188
2.7027
4.72333
6.07861
1.18954
1.55543
1.06689
1.9979
2.96277
4.06503
2.79118
1.53153
5.37033
1.61244
3.73277
0.89649
1.82072
9.13403
2.41695
0.952148
0.801035
3.01414
11.8413
2.39282
4.08083
3.46634
3.48219
4.72357
5.08983
3.49453
4.13091
6.14661
2.26835
2.48756
2.88494
1.728
4.54821
3.08016
1.79433
3.20012
2.10628
2.28696
3.36879
1.85806
2.28016
5.5139
3.93183
4.07934
1.58148
1.03014
3.81641
1.61016
5.02249
1.94942
2.17983
5.12878
3.52565
2.32622
1.85142
1.15089
2.12945
3.23883
0.575111
2.8365
3.2735
2.22176
4.05384
12.9906
2.39964
3.91721
3.08392
3.48085
7.07738
2.99038
0.486798
2.06559
1.07409
2.12954
2.15565
3.79602
3.10434
3.98175
4.98874
3.33988
2.08798
3.58798
7.93675
1.10712
1.86838
1.44616
4.14872
2.27215
5.06312
5.23867
3.45941
0.546232
1.21506
2.2163
0.661344
0.682818
3.89601
0.618184
1.3421
3.73848
2.19847
2.08789
6.99771
2.53631
10.0757
2.20795
4.11884
3.32278
2.97566
0.57768
1.68635
2.29751
11.4167
2.8592
2.25648
2.70161
3.48626
2.03725
1.1504
2.67517
6.18097
2.94851
1.61377
2.77871
3.00437
13.9783
3.42154
4.02562
5.23787
5.47482
2.20688
3.23696
1.07117
2.05288
7.23804
9.75701
4.42925
1.39383
2.40135
5.3401
3.75234
1.61804
3.76895
5.3651
1.34103
3.95404
4.17438
1.47713
3.15745
2.15921
1.97958
2.23978
2.12351
1.76001
5.00312
0.91988
1.49422
1.14546
3.88567
9.7584
3.24426
0.531566
1.30065
8.70567
7.08119
14.1396
7.85725
2.08035
2.03908
1.71785
6.9361
0.674165
5.09157
1.26227
1.4036
1.75447
3.96333
9.79307
4.18944
2.00677
1.09816
11.3547
4.28932
1.67057
1.30536
3.62827
4.31685
12.8541
6.32492
4.26704
12.049
6.50103
2.03683
1.05043
1.74133
9.61821
1.79191
7.2037
3.90993
5.38781
2.40798
2.3657
5.02437
4.71729
1.22474
3.56091
1.43797
0.3792
2.21192
2.75539
10.0355
4.76012
1.69612
4.06913
1.53702
2.57217
1.85295
4.44164
4.05543
2.88868
1.97864
1.92476
5.19256
1.15744
1.50838
3.50166
4.07062
2.77886
1.64174
8.04847
4.16039
3.47732
2.10682
1.83432
4.44294
1.90239
3.30848
8.04058
0.988365
1.73941
2.93835
4.52954
0.991893
2.50072
2.13083
4.43828
4.4734
2.53152
3.26907
2.63262
5.73493
0.730855
0.683251
1.31266
3.08049
3.73797
3.08668
2.83998
1.40958
2.79573
2.51347
4.83834
1.79466
4.39263
3.91279
6.17706
4.52914
8.50784
1.94009
1.25049
2.90472
3.7095
1.09209
6.78535
8.29019
11.3023
2.43695
2.12021
5.19367
4.36904
0.796745
4.51915
1.30427
11.707
1.95895
2.02273
6.79684
3.25138
2.79978
1.76259
5.0857
1.38575
13.2355
3.1351
1.85623
2.19094
3.89173
0.512055
2.97634
2.54024
2.70758
1.05303
2.71609
10.9509
2.91892
1.15525
1.37579
15.5643
2.11192
5.39343
3.53559
2.67966
3.1145
0.795631
4.25243
1.16867
4.39616
0.480759
0.749011
1.4517
2.83222
3.14683
2.27761
1.55379
1.66635
14.0384
1.30172
1.59657
2.87423
1.5588
9.95514
3.42575
5.19767
1.96918
4.07966
1.29791
3.04767
1.22305
4.4104
4.29248
1.39054
0.520229
2.26539
3.58104
1.56912
0.569466
1.05511
2.31362
3.83031
4.9155
4.50621
5.65732
2.83779
6.22756
5.97281
2.98114
1.85209
2.22611
10.6784
2.33502
9.29594
2.46084
3.69863
0.442251
1.33851
1.09705
4.46906
3.8081
3.17965
15.4314
2.68473
1.5675
4.66747
4.14764
3.32296
5.15286
0.991752
1.05049
1.34497
10.5163
3.18492
5.15789
5.074
4.29226
2.85998
5.43885
13.0877
3.93021
1.44224
2.28025
1.60362
4.08967
14.1237
2.93642
1.03072
3.18997
3.83104
1.508
0.810078
3.68082
8.27794
6.63893
3.14769
5.43526
4.93726
1.7277
3.92065
5.13471
3.76303
0.508591
2.72529
2.10576
0.926106
1.66881
5.73306
2.33164
2.49995
12.6202
1.88063
3.07243
2.04193
2.018
2.4609
2.17305
13.4829
3.49694
11.7154
1.16333
1.29623
0.815409
3.62609
4.60262
8.77446
1.17222
0.861277
8.92969
2.29458
3.72574
3.09387
3.28431
3.50048
3.55063
4.52434
2.39272
2.22827
0.506581
9.20144
3.11465
7.46251
2.32652
11.1749
1.75813
1.34478
2.52185
1.3738
2.00549
2.55706
0.738368
3.54908
14.7012
2.02517
3.59939
3.65724
3.2923
2.06618
8.89699
5.12964
1.45488
1.25672
0.659311
2.57832
2.21446
2.40958
1.17625
7.14772
0.97666
2.50346
6.53797
3.91971
5.27733
1.89838
1.51251
3.43448
7.92157
3.73883
1.50544
1.80188
0.367609
0.509823
0.756625
0.953855
8.73462
5.82176
2.29348
1.20168
3.1244
5.95443
2.52989
2.14748
10.3023
3.10769
6.07764
3.1163
6.96726
3.78409
1.0937
3.21156
0.768809
3.73977
3.59823
4.52236
13.7259
0.374117
0.139422
4.27923
3.45511
0.727082
0.501079
2.58186
6.56802
10.9099
1.78541
1.9045
8.23407
2.20841
3.01836
2.46887
7.77278
2.83745
5.3539
2.09447
1.70495
3.7347
