1.58684
0.87438
0.751255
1.24441
1.04142
2.04518
0.258623
0.396907
0.894162
0.831304
0.423488
0.590546
1.17277
8.34229
0.473996
0.1576
0.419869
0.803126
0.888035
1.76118
1.32842
0.655167
0.323766
1.26799
1.61218
9.88874
0.315722
1.25849
1.31117
1.36093
0.681469
1.13722
0.559289
1.0565
1.12906
1.08673
0.257387
4.08625
0.658218
0.692294
2.01258
1.17964
0.625948
0.176495
0.794837
1.19482
0.160992
2.08123
0.923197
1.23816
0.476427
0.695419
0.45933
0.591828
0.820578
0.992162
1.40335
0.808271
0.780272
1.13369
0.605163
0.983681
1.51007
1.98248
1.23218
1.18149
3.22031
0.63147
4.79459
1.07358
3.14331
0.979404
0.993091
1.1748
1.06788
3.95848
1.05043
0.871271
0.323508
0.696302
0.824549
0.42617
0.654906
0.840464
1.21682
0.665128
2.61036
11.1137
2.77275
2.08704
0.816736
1.04555
0.542294
1.19316
0.140986
1.31849
1.14205
0.595491
0.381743
0.775242
0.207896
0.614108
1.19598
0.857519
1.16488
1.77935
1.82068
0.54432
0.654775
1.11563
4.1454
0.441974
0.759695
0.926071
1.2809
0.732541
2.07308
1.32665
1.62228
0.739019
4.76994
1.3455
0.808476
1.22181
0.267196
0.723505
1.94945
2.21142
0.633114
0.98073
1.06182
0.381711
1.49802
1.92645
0.587085
6.80232
2.70989
0.547256
0.957341
1.04046
1.15067
1.21103
1.09436
0.778402
0.517611
0.252834
1.3764
0.650951
0.532322
2.16055
1.05882
1.61156
0.152299
1.29095
1.11101
0.555523
0.676713
1.06861
0.623829
0.699843
1.03108
1.59592
0.574072
0.495154
0.691199
1.50752
0.638596
1.43191
0.35233
2.13138
0.868639
1.6456
0.782331
0.81132
0.622932
0.584734
0.120339
1.13385
0.91571
5.46554
0.219563
1.02374
1.05873
0.335526
0.891405
0.990436
1.3287
2.11013
1.90926
0.346431
0.425747
0.713716
1.52781
1.16152
0.374619
1.53789
0.438717
0.625979
0.859807
1.02486
1.36421
0.979175
2.13615
0.981044
0.137902
0.968591
1.47813
1.87978
0.783091
0.75408
2.12276
0.423774
1.1183
0.830117
0.19837
3.96188
1.1757
2.16853
11.2748
1.13949
0.809675
0.178602
2.88284
1.52479
1.14509
2.14284
0.978155
0.646286
1.02622
1.04448
0.798582
1.99521
0.742463
1.63388
0.730172
1.24629
0.978545
1.79666
0.377497
1.05671
0.711849
0.955348
1.89306
0.700382
0.942986
0.36593
0.252083
0.95336
6.70197
1.23528
0.832882
1.16534
1.82456
1.86911
2.94703
0.929521
0.275326
1.16085
1.10745
1.00986
1.61632
0.678078
0.209875
0.218096
0.464059
0.542715
0.679854
0.45515
0.635589
0.71562
0.89759
0.577062
0.739393
1.30942
0.364067
0.349519
0.583166
1.18752
0.127439
0.371384
4.66747
0.357202
1.72023
0.866844
1.54047
1.17135
0.463474
0.227552
1.2576
0.503034
1.07059
3.03232
0.638753
0.26375
1.14276
1.0631
0.940714
0.690175
1.34097
0.854037
1.10519
0.464136
0.955758
0.406266
0.691629
0.843938
0.28793
0.643726
0.929801
1.89014
0.891211
0.439776
3.60389
4.95956
0.629366
0.857125
1.66922
1.11567
0.558788
0.602728
0.830274
1.64144
1.244
0.51643
1.36084
2.67013
1.20352
0.869438
0.72913
4.11828
0.929841
0.435295
0.213961
0.15525
0.460796
0.645417
1.11989
1.8473
0.88945
0.627988
0.962846
0.611644
0.990954
0.620498
0.592081
0.963024
0.242176
1.4984
1.65487
0.454193
1.848
0.202783
0.600146
1.22815
0.719226
1.4727
1.59215
0.464656
1.21342
4.2933
1.09412
0.786719
1.46714
1.35485
0.9877
0.281636
1.02921
1.69894
1.10046
0.736859
1.24434
2.15614
1.01668
2.68433
0.195348
0.831454
0.399986
2.49119
0.30746
0.310987
1.53188
0.982823
1.32947
1.26567
0.320756
0.812609
0.498129
1.69421
0.864865
0.719544
0.391356
0.450835
2.87838
1.24079
1.79169
0.680599
1.2671
0.270521
1.02751
3.47666
0.407377
0.56343
2.16851
1.56682
0.707626
1.03462
0.285678
0.56682
0.525015
1.59403
0.956459
0.183716
1.69822
0.361566
1.18286
0.393611
1.03851
0.540714
0.617775
1.48636
1.07058
0.111497
0.314468
0.936712
1.18354
0.254584
0.787677
1.0501
0.808935
2.14823
1.25251
0.429089
1.34617
1.63357
0.761249
0.264229
0.937865
0.766228
0.32218
0.684476
0.50579
1.09168
0.604731
0.992191
0.814416
1.70766
1.414
1.22015
0.29771
1.3345
0.558674
1.2564
0.742653
1.0576
0.699211
0.803763
1.33725
1.2234
1.23887
0.444292
0.135394
0.93213
0.859366
1.06135
1.16264
2.98608
1.07762
0.365888
0.239617
1.92914
0.463963
1.18231
0.550519
1.45116
0.441556
0.539177
1.1496
0.572929
0.744768
2.52841
1.88482
1.85737
0.421589
1.1704
0.174553
1.28894
1.30682
0.540487
1.19351
2.41273
0.716586
1.01766
1.1426
0.415698
0.362106
0.76971
1.55929
0.867882
0.282398
1.07175
0.66374
1.02914
0.7677
1.09506
1.44565
0.946685
2.51165
1.09762
0.988531
0.554439
0.645628
1.04912
0.248257
0.73429
0.759715
0.242017
1.50412
1.03998
1.85405
1.52583
1.71563
0.773823
0.820944
0.269385
0.892608
0.911411
0.807351
0.907071
0.865518
0.860587
0.261828
0.848435
0.961903
1.27173
0.86841
0.663577
0.86078
0.688181
1.2175
1.25456
2.089
0.87361
0.917791
0.569518
0.999518
1.11143
0.629854
1.08259
0.864713
1.82184
0.406084
0.58515
1.65855
2.72419
0.617906
0.376978
2.39397
0.441939
0.233241
2.46643
1.12832
2.82172
0.583807
0.904546
1.23074
0.642872
1.63953
1.10575
0.940356
1.14643
1.1717
0.314917
1.17798
1.28326
1.48148
1.97871
0.190301
0.760914
0.226541
0.826954
1.04287
1.09404
0.972542
0.536695
1.26072
0.135447
0.793895
0.545347
1.13403
0.962496
1.50212
0.97476
0.668122
1.22727
1.08615
0.749671
0.403883
0.840298
1.15454
1.11878
0.489465
0.73696
0.615059
1.47764
0.431991
0.686591
0.48799
0.630672
0.742827
1.09453
1.6695
1.38248
1.20966
0.520914
0.586884
1.03083
1.84774
0.432311
0.167619
1.19065
0.390453
1.43809
3.97562
0.599235
0.505117
0.928716
0.794963
1.09372
0.258531
0.418323
0.603524
0.244483
0.910823
1.60311
3.28404
1.59531
1.12889
0.80927
1.16601
0.230195
0.741853
0.596959
0.724266
1.0291
1.26505
2.47766
2.13955
0.601836
1.18943
1.09312
0.898058
1.19227
1.33846
0.957733
2.27234
0.883752
0.218442
0.759084
1.64362
0.304674
1.17328
1.74621
3.68949
0.934561
0.519131
0.541739
0.423114
1.0587
2.21725
1.32709
1.69825
0.842463
0.645629
0.975559
0.148055
1.05958
1.94527
0.454824
1.92867
0.723555
1.15537
1.53934
0.815858
0.29542
0.977118
1.0086
0.991462
0.336731
2.40075
5.33242
1.24153
0.899039
0.584904
7.22136
0.824045
2.51711
2.03292
0.53174
0.338584
0.998088
3.01868
0.795719
0.420428
0.230477
0.245249
0.600662
0.673625
1.02955
0.932726
0.232637
1.15863
0.707496
0.920668
0.825921
2.43466
0.592579
1.59889
0.638165
1.94056
0.817355
1.35689
0.91083
0.786688
0.952065
1.35235
0.563126
1.57053
1.03251
0.843319
0.34149
0.942102
1.70658
0.754777
1.63925
0.68062
0.773401
0.490317
0.518821
11.4486
1.70218
0.270231
0.67441
0.725766
0.349295
1.64116
0.807626
1.45492
0.442534
0.743593
0.788962
0.34734
0.845325
1.27294
1.07157
0.351231
1.14376
0.830859
0.955473
4.83979
1.38871
1.37358
0.428838
0.70126
0.997776
1.16679
1.4844
1.39935
0.821598
0.325312
0.824856
1.5645
0.470183
0.405601
0.736211
0.349023
1.03991
1.04553
0.670029
2.07103
0.755437
1.04901
1.22071
0.0957442
0.595964
0.415296
1.66128
1.54418
0.851611
2.02111
1.10622
1.39014
0.349154
1.39273
0.970378
1.03941
0.550453
1.14518
3.22902
1.47942
0.826641
0.581821
1.64052
1.4787
1.69211
1.32507
0.14261
0.416217
0.385555
1.53985
1.00765
0.942404
0.367086
1.25846
0.499309
2.38114
0.943371
0.272393
0.621058
1.37739
1.3079
0.922655
0.574065
2.36303
0.831375
2.60764
0.319588
0.379029
0.898576
2.88621
0.599026
1.41348
0.887129
0.645019
0.610192
0.973754
0.721574
0.998721
1.13702
1.20331
0.769296
0.417788
1.14974
0.69142
1.27721
2.18919
0.387546
0.902744
0.883062
1.35916
1.00336
0.492496
0.858881
1.10356
0.228181
1.05681
1.08481
1.11781
0.185503
0.84817
1.28862
2.40061
2.43581
0.895295
0.962328
0.831937
0.573737
0.809954
0.160146
1.1053
1.49708
0.648276
0.495868
1.06598
1.21049
0.473416
0.632514
0.933931
0.907769
0.847834
0.429747
0.697623
2.45887
0.963225
1.46885
1.07862
0.332744
0.634088
1.30748
1.00829
0.736329
1.87712
0.322111
0.288823
0.0934049
1.24642
7.34344
4.36684
1.03472
0.80408
3.57764
0.374845
0.808011
1.42259
0.362981
1.20329
1.25253
6.40689
0.871456
1.04815
0.362118
0.582695
0.446865
0.86229
0.541028
0.282483
2.56213
2.32466
0.489269
1.73184
1.86937
0.628509
0.364858
2.08077
0.590616
0.825117
2.08092
1.11708
0.843834
0.642256
0.233304
1.20158
0.714383
0.982101
0.765422
1.02558
1.15918
0.493864
1.18974
0.733915
0.358516
0.731181
1.73559
2.16446
0.996337
0.912449
1.05226
1.13312
0.840667
0.323335
0.779835
0.596911
0.294666
1.20729
0.348287
1.77929
0.92133
1.16375
1.17581
0.24754
0.46134
1.04256
1.73726
1.69531
1.71892
0.698706
0.516076
0.770466
1.15726
1.16052
0.702648
0.810964
1.70845
0.196864
1.06289
0.65326
0.111833
0.850379
0.882721
3.72556
1.20327
1.48855
1.05836
2.68359
0.258379
1.18148
0.481302
0.993791
0.815404
0.529965
0.599323
1.57872
0.768465
0.660153
0.828934
1.02414
0.871217
0.79507
0.374596
0.352572
1.37158
0.822356
1.21974
1.2056
1.94411
1.59462
0.310365
0.326102
0.690049
0.768125
0.544428
0.707282
0.736343
3.05601
1.51068
1.07817
0.789745
0.408734
1.17567
0.768578
0.919941
0.227304
0.59691
0.576609
0.884879
0.378803
1.02384
0.478323
1.22814
3.83241
0.724843
0.203353
0.600956
3.94329
1.38401
3.8484
1.9575
1.52509
1.16266
1.31158
1.70967
0.547572
0.382714
0.815528
1.16778
0.350897
0.983821
2.53318
1.01492
1.02331
0.49182
0.981861
2.0402
3.21413
0.954563
0.263978
1.21937
0.762532
0.727031
1.90423
0.513596
0.28123
1.08027
2.74432
1.59664
3.27598
0.202846
0.361929
1.7613
0.415263
0.387585
1.10882
0.621987
0.496786
0.413497
1.02861
1.5716
0.223786
0.645163
0.932546
1.03274
1.82602
1.19641
0.711017
1.5656
1.03518
0.774628
1.25464
1.32383
1.51212
0.661778
1.29441
1.21834
2.22969
0.543801
0.346286
0.169725
1.30455
0.721896
0.950281
2.19723
1.76599
0.730771
0.833976
0.834294
1.14636
0.223441
0.812317
0.625188
1.60912
1.43813
0.679025
0.63428
0.634898
2.59142
1.22762
1.21992
0.343323
0.291165
1.76075
0.459472
0.0478647
0.933213
2.29373
0.598496
0.723995
0.398135
1.41773
0.587035
2.88247
0.308672
0.416629
1.07036
2.89913
1.58365
1.1235
2.98038
1.47413
0.892492
1.14344
2.31068
0.858933
0.529373
0.543532
1.0012
0.45083
0.749492
0.718187
4.70168
0.167754
8.47483
0.499804
0.601581
0.588812
0.531442
0.607483
1.18693
0.920072
0.449768
1.34305
0.732316
0.624512
0.39805
0.414224
0.694996
0.216906
1.49121
0.747261
0.904394
1.33527
1.23647
1.22768
0.985116
1.25056
0.821818
1.02497
0.595326
3.94345
1.31549
1.51657
1.12492
0.957429
0.261882
0.335806
0.976085
2.30192
0.467682
1.4429
1.75842
0.25882
0.63805
0.892582
0.920614
0.626234
2.32452
0.422111
0.716014
0.470299
1.00804
1.18909
3.33051
0.10108
1.6858
0.65069
1.29969
1.40299
1.0645
1.60488
1.61704
0.940536
0.688503
0.968304
0.792441
1.54009
0.865849
0.72301
0.979142
4.67316
0.595057
0.729755
1.36479
0.324907
1.35556
1.16782
1.319
1.29417
2.10069
0.838016
0.838754
0.400087
0.759086
0.201962
2.19006
0.689197
1.63551
2.35603
0.907173
0.486266
1.23061
0.900153
1.16771
1.10443
0.52734
0.827245
1.21039
0.842051
1.10931
0.984207
0.637725
1.01423
1.14006
1.99482
0.801271
12.062
1.27363
0.334013
1.28692
0.575072
0.286425
6.16437
1.17641
0.742943
3.06904
2.87151
0.707955
0.978415
0.545946
1.20412
3.27846
0.654588
2.01775
1.95521
1.77266
1.8292
1.3817
1.45615
0.484164
1.63051
0.540039
1.76866
1.13925
0.666504
0.552817
0.916434
1.42368
1.17775
2.55687
0.626637
1.32331
0.588792
0.375131
1.26643
1.11903
1.37956
1.3299
0.558855
0.2827
1.61985
0.565423
0.182572
0.929443
1.41304
0.981275
0.458884
0.504945
0.219398
3.65477
0.799467
0.923911
0.856674
1.87217
1.03002
1.2045
0.236995
1.37016
0.21218
0.562466
1.40752
1.04299
2.20051
0.326353
0.583189
0.396792
0.25621
3.95002
1.5058
1.4038
1.11829
1.29522
0.925815
2.06474
1.29721
1.35012
1.22431
0.414318
0.728094
1.00494
1.7726
0.360854
2.35374
0.583137
2.40187
1.05204
1.66792
1.30841
0.778789
1.0094
2.00075
4.10583
0.521457
0.301267
1.06548
0.530609
0.374321
0.565852
0.974738
0.904005
0.758809
0.321696
0.891725
1.15621
1.08196
0.21373
2.3427
2.57211
0.773249
0.664565
0.427129
0.772244
2.43988
0.935243
2.22113
0.929673
0.721218
0.725112
1.27078
1.11014
7.63053
1.178
1.26111
1.17311
1.55395
0.585782
1.47101
0.670516
2.18778
2.4775
1.47463
0.57298
0.546572
1.02611
0.218651
0.759145
0.753078
1.36312
1.24444
0.897088
1.27375
4.02592
1.18245
0.90581
0.353629
0.476373
1.01522
0.768014
0.452075
1.02201
0.894796
0.328683
0.372022
1.17024
0.159779
1.11802
0.460172
0.14345
0.529691
0.177894
0.389856
0.547385
1.27502
0.669169
0.652469
0.833015
4.0382
0.746305
0.93423
1.54346
1.04497
0.548449
1.18748
0.820096
1.04594
1.48782
0.608992
1.29561
0.607753
0.219493
0.499465
2.18158
0.717245
1.13347
0.557141
0.278456
1.43708
0.471487
1.66475
1.13941
0.789708
2.06173
1.02694
0.848154
0.991031
0.691391
1.47718
0.661318
0.876857
0.86338
0.278554
0.765632
1.0491
1.45863
0.656398
0.44083
0.138276
0.759926
0.846301
0.383279
1.17873
2.59529
0.821073
0.393945
2.01079
1.29333
1.46482
0.415532
0.278469
1.42189
0.906652
2.10485
0.342411
4.27738
1.73626
0.80017
1.07744
0.167388
1.09121
0.382668
0.5242
1.37336
0.74486
1.57373
0.78966
0.761467
0.667838
1.70346
0.646984
0.507727
0.624075
0.630909
0.700288
0.614917
0.387948
1.49613
1.25554
0.645917
2.36655
0.814435
1.56369
2.84627
1.20913
1.88806
0.36311
0.665535
1.05104
2.38973
0.633183
0.991996
0.700668
0.708103
0.35851
1.15061
0.953239
1.86138
0.871525
1.60533
1.03535
0.304181
0.656331
0.252691
0.795588
0.238639
0.891612
0.871054
0.559312
0.149278
1.41574
0.92692
1.01265
1.37287
1.36808
0.467615
0.601434
1.04285
1.28278
0.4381
2.61289
0.12599
0.982607
0.670712
1.14381
0.832535
0.743535
0.360188
5.01603
1.60127
0.91977
1.14476
0.241934
3.37228
1.26998
0.503372
2.66392
0.806614
1.03755
1.4659
0.405362
0.958709
0.427732
0.934715
0.676078
0.676318
1.14313
0.694628
0.242899
0.0581935
2.44914
0.496489
0.263222
0.847197
5.45456
0.650565
1.08488
0.725488
0.524897
0.626216
1.44265
1.24239
0.978333
0.883606
0.948898
0.673116
1.78717
0.547
1.02458
0.503475
0.905904
2.56126
0.895117
0.439698
1.97742
1.84193
0.86579
3.19382
2.62849
0.948506
0.593636
0.83269
0.739913
0.688684
0.852371
0.416707
0.692111
0.360004
2.39195
0.774398
0.211394
2.16772
1.18265
1.18193
0.568129
0.730417
2.54037
1.16977
1.021
2.44671
1.39928
1.29156
0.378985
0.395444
0.719184
1.3
1.14017
0.803778
0.837935
0.353895
0.371717
0.763597
2.07581
1.42052
1.3912
1.11124
0.267693
1.2937
0.448372
8.58998
1.36908
1.3955
1.11171
0.492373
1.62512
0.906327
0.881572
1.25193
1.1221
1.23199
1.09606
4.60147
0.771808
0.933182
0.994489
1.62144
0.210596
0.771788
2.17184
1.18266
0.66156
1.08213
1.09144
1.59856
1.07527
1.12546
1.03566
1.26278
0.504468
1.13177
0.753738
1.13122
0.676776
1.83552
0.734768
1.00283
1.50705
0.947683
2.47999
1.17213
1.13959
1.72279
1.31959
0.894791
3.72468
0.405663
1.29586
0.162143
3.31641
0.678792
1.33822
0.129328
0.81385
1.01628
1.64356
0.57583
3.46029
2.57374
0.955943
1.19517
0.441287
1.7904
0.43656
1.82401
0.564546
1.4058
1.12404
0.709204
0.597732
1.90968
1.58313
1.21651
1.98531
0.54578
0.383358
0.774722
0.919873
0.579694
0.751154
0.84559
1.9747
1.92007
1.12221
0.20274
0.613183
0.404265
0.912178
0.840113
1.4373
0.708
2.05589
0.503563
1.78162
1.61679
0.637268
0.943731
1.74309
1.16165
0.147596
0.577269
0.843251
1.20972
0.419894
1.89522
0.593359
0.15706
0.430444
1.19575
2.78513
1.84156
0.878896
0.957412
1.23679
0.103915
1.18071
0.576833
0.929261
1.62933
0.0751921
0.262931
1.62264
1.36767
0.516776
3.64497
0.639539
0.958756
0.443685
2.46905
1.31209
0.570574
1.04774
5.80713
0.453895
0.801101
1.24582
0.701072
0.826787
1.36224
0.905175
0.966851
0.716948
0.780797
0.418775
1.17817
1.30348
0.498734
0.640532
1.10914
0.775319
0.910158
1.365
0.469458
1.1143
0.634103
3.42118
1.10778
0.282495
0.677508
1.37987
1.15653
0.378279
0.783067
0.88874
1.58882
0.975279
0.48561
0.186896
2.85581
0.43938
1.53186
0.312799
0.383077
0.868383
0.699816
1.10792
1.95429
2.4325
1.46254
1.0916
0.769632
2.54208
0.54394
0.768664
0.427513
0.661617
4.21316
0.721101
0.380265
2.38475
0.454237
1.20341
1.34094
1.30656
0.773549
0.624999
0.233466
1.57113
1.61328
0.597898
2.46345
1.12698
1.40084
0.673619
1.38077
2.07538
0.288912
0.800518
1.94279
0.570006
0.564197
0.9674
0.466337
0.334124
0.861637
0.644794
1.0636
0.88081
0.837014
1.54843
0.232942
1.17586
1.02718
0.444803
0.93397
0.579034
0.843828
1.67957
0.200766
0.767912
1.09756
0.632286
0.249427
0.307201
0.862281
1.13498
0.491564
1.17676
0.488533
0.720063
0.322597
1.17484
0.815475
0.299845
1.05716
6.55384
0.374092
0.245945
0.168845
1.02798
0.935658
0.470542
0.682874
3.01609
1.11502
0.519673
1.03113
0.661077
0.476275
1.21224
1.06178
0.908142
0.783648
0.883427
2.03941
0.990361
1.45836
1.27212
1.68082
0.929976
1.80071
0.413541
1.53177
0.66961
0.574796
1.83849
0.648678
0.471372
0.578887
0.607219
0.911011
1.48915
1.39919
1.01338
0.775888
0.541456
1.612
0.541414
0.587473
1.17932
0.671823
1.11459
0.161152
1.02191
0.777361
0.613489
0.473288
0.52415
0.997686
3.53468
0.683576
0.865151
0.69029
0.663412
1.30919
0.699208
0.680497
0.633419
1.43941
0.827982
0.646697
0.306467
1.80485
0.640259
0.370604
1.24839
1.41221
0.67089
1.03467
2.54899
1.31582
0.282498
1.13067
1.04656
1.21148
0.738742
2.21516
0.912555
1.27254
1.11876
0.427838
3.85501
0.666452
0.693954
3.28724
1.15001
1.20616
1.46867
1.66935
0.94664
1.78239
1.49414
0.848956
1.48177
0.646264
0.490737
0.816008
0.857262
0.749418
4.35487
0.940393
0.751031
2.13574
1.03776
1.6181
0.337666
0.920127
1.03585
1.10709
1.01506
0.148317
1.06234
0.698184
0.763142
1.05928
1.24622
0.411752
2.28177
1.21924
0.585737
1.42506
0.634036
0.937384
1.18382
0.316307
0.813873
0.908288
0.171705
2.83228
0.832634
0.71914
2.12435
2.08872
0.909462
0.939443
1.60829
1.36774
1.07044
1.73895
1.17969
0.606458
5.07233
1.95919
0.418894
0.929446
0.997959
0.273247
0.626694
1.24771
0.46075
0.806137
1.08499
1.90166
0.285273
2.63338
0.666512
1.21251
1.34346
0.98827
0.628163
0.43329
0.69685
1.20664
2.88652
0.553324
1.08867
0.744548
0.309014
0.796086
1.33849
0.308188
0.474296
0.431656
0.603589
0.872775
0.715412
1.17313
0.311886
1.39987
0.548682
1.10703
0.270335
0.242727
0.899504
1.13296
0.598738
1.38984
0.308339
0.609596
0.289252
0.286321
1.69454
1.02174
0.68339
1.66073
1.51595
1.09836
0.123618
1.61144
1.50202
0.342846
0.801762
0.381817
1.62404
0.725071
1.0307
0.863303
2.18499
0.947407
1.20874
0.851368
1.16719
3.2051
0.0881244
1.01756
1.15365
1.24398
1.28012
1.10591
1.32403
0.889338
1.45883
0.423289
0.950476
1.19856
0.992632
0.683957
0.541746
0.949424
0.448255
1.06271
0.885564
1.29436
0.514608
0.497307
1.29928
2.58041
0.505853
0.60133
0.548302
0.513366
0.43381
1.48898
1.562
0.785548
0.946649
0.817995
0.938163
1.13685
0.911811
2.06422
1.1374
0.514983
0.959266
0.839135
2.56379
0.799646
1.17993
1.97086
0.500309
0.998749
0.198255
1.59313
0.392522
1.70952
0.191989
0.799347
5.65772
1.01193
1.61991
0.326725
1.57415
0.979617
1.24885
0.556934
1.0416
2.06745
1.33
1.26654
1.42536
1.13301
1.02735
0.661254
3.0118
0.244105
2.04339
0.769341
0.838898
0.583837
5.61604
1.08769
0.227532
1.09889
0.859956
0.453057
0.935838
1.72975
1.43791
0.340916
1.05237
0.639829
1.26735
0.661491
1.60868
0.827899
0.765577
0.419765
0.953792
0.897525
2.26815
1.48315
2.44173
0.314191
0.774487
0.856568
0.396236
0.958754
0.74397
0.740199
0.827126
1.77402
0.529846
0.720699
0.85388
1.18123
1.08635
0.878983
0.587418
1.25877
0.670861
0.9761
1.80051
0.164776
1.97748
1.11665
0.864498
0.642638
0.647221
2.09199
0.343463
0.459607
1.18482
0.562956
11.5283
2.57239
1.46458
0.817092
0.65721
1.34379
0.979325
0.209995
0.827014
1.72536
0.707924
1.21527
0.786657
1.83583
1.02842
1.89004
0.544938
1.04886
9.42112
0.836317
0.248514
0.932346
1.04349
2.1906
0.844074
1.62578
1.21622
1.21638
0.84104
0.631487
0.563386
0.764216
0.883584
1.27055
0.88136
1.21812
0.782733
0.649399
0.362888
1.29863
0.69808
1.08331
1.37042
1.89273
1.27352
1.36064
0.882557
0.774725
0.625099
1.23767
0.916995
1.67659
0.280312
1.1982
0.734537
0.73278
0.370754
0.173013
1.03574
1.04174
0.423829
0.194528
0.337016
0.581212
1.14165
0.235518
1.94082
0.86921
0.673913
1.73008
3.41939
1.0884
0.928277
0.704057
0.599377
0.461772
1.21988
0.79243
0.307621
0.285169
0.645312
1.36769
0.605538
1.14464
1.11096
0.747411
1.18511
0.211828
1.84149
0.921504
0.360925
0.560906
1.22788
0.254131
0.325431
0.863921
1.24128
0.459963
0.310001
0.764846
1.23309
0.663654
1.30903
1.15395
5.7581
0.581367
0.525107
6.29751
1.14019
1.29988
2.00868
1.50645
0.873473
0.501348
0.691286
1.24365
1.14499
3.5526
0.576315
0.679195
0.237537
1.70547
0.378176
3.96155
0.948214
0.623709
0.697966
0.0649702
0.552344
0.390334
0.489855
1.0717
11.9252
3.06901
0.769187
0.921076
1.35609
0.682423
0.485882
0.573939
1.85314
1.05232
0.35328
2.71748
0.5255
1.14046
0.983826
0.485595
0.276669
6.54516
0.693311
0.88574
0.510435
1.08538
1.41817
0.752522
1.20949
0.516119
0.917802
0.921077
0.772934
0.635307
0.999006
1.18735
2.28006
0.738065
1.04968
0.475029
0.418703
0.727286
1.24243
2.91208
0.763987
0.152286
0.622728
2.13686
1.07421
0.780854
0.774545
0.580767
1.52765
0.718667
1.07723
1.41387
0.419947
1.38388
0.697674
0.534428
0.906702
0.42647
0.993046
1.89636
2.368
1.01528
1.19326
1.01637
0.651316
0.89526
0.734543
0.815847
1.08256
0.958664
0.581907
0.839284
0.383194
0.887605
0.953814
1.40611
0.842729
0.472427
0.380757
0.627867
1.44079
1.19168
1.09256
1.15791
1.30875
2.15199
0.233915
0.337808
0.482252
1.58847
1.18298
0.729814
1.23028
1.01913
3.8924
1.15641
0.682372
0.830282
1.00771
1.84454
1.85807
0.77003
0.126494
1.39346
1.02823
0.610543
0.345351
0.399639
0.693308
0.510957
0.960249
1.08161
0.464993
0.359295
1.71357
3.67771
0.569364
0.805564
1.35818
3.83294
0.997641
0.498931
1.99541
1.05838
0.787171
4.1093
2.32743
0.110222
1.3628
0.816484
0.714076
0.477834
0.54865
1.48156
0.394582
0.382276
0.881371
2.0246
0.437752
1.27765
0.285104
0.860809
0.577687
2.15005
0.36029
4.55525
2.7628
0.512458
0.617023
1.37856
1.69234
0.540919
0.828978
0.773644
1.14234
1.01542
1.15184
1.07058
1.10403
0.984834
2.44541
0.544665
11.7044
0.20355
0.909983
0.759192
0.892113
0.956438
0.382391
0.890113
0.865945
0.882305
1.12406
1.21538
2.24226
0.933606
0.52007
0.434023
0.820551
1.29224
0.455954
1.3964
0.4687
0.155792
0.703605
1.55163
1.67794
0.550592
0.399219
0.762953
0.752318
0.526634
0.834066
0.277229
0.972768
0.21691
0.921576
0.803757
1.04369
0.340347
0.279101
0.933
0.411895
0.595122
0.884912
1.05254
1.49949
0.950859
0.311408
0.403149
1.25843
0.78423
0.789348
0.953077
1.05044
4.20495
0.347747
0.956744
0.686939
0.735503
0.961417
1.17983
1.16437
1.40334
1.2404
0.773495
0.935995
1.59837
0.16464
0.346196
0.345829
0.494248
0.927402
3.3272
0.420763
1.45668
0.971941
0.753093
1.40261
1.70179
0.617328
1.0594
0.185735
1.32165
0.927248
0.823821
0.580556
2.39663
1.24889
0.840212
3.26015
0.416077
2.40222
0.384838
1.23755
0.169908
0.288476
0.866227
0.447404
2.21641
0.499175
1.06588
0.770785
1.08835
1.36092
0.517424
0.401942
1.09302
1.19875
0.678867
1.08202
0.849558
0.234033
1.19823
0.840971
1.51155
1.12243
3.2269
0.852109
0.682787
0.42469
0.243071
1.17689
0.264811
1.08752
0.520421
0.803735
0.806517
0.613703
0.405333
0.926135
0.686909
1.77701
1.5614
1.28605
0.682605
0.965541
0.673757
0.624963
1.54614
0.448395
1.06117
0.632252
0.887502
0.321554
0.296393
0.829329
1.28881
1.32196
0.746424
2.47495
1.54092
0.708489
0.36042
1.21139
0.4692
2.63651
0.969783
0.963484
2.07493
0.247157
1.29292
0.743573
1.13501
0.72588
0.920921
0.359502
0.494114
0.812086
2.00828
0.318363
1.19499
0.5963
1.11595
1.4528
2.01047
0.86824
3.9005
0.814321
0.787998
0.385794
0.9181
0.844964
9.24644
1.26936
0.155669
0.710408
1.28121
1.55296
0.795562
0.288144
0.395222
0.414903
0.35428
3.44816
0.749806
1.24445
1.28658
1.38963
1.49065
0.775228
0.88973
1.43667
0.63351
0.648664
0.173056
1.15984
1.33072
1.09779
1.35039
1.00164
1.29097
2.18528
0.337747
0.459024
0.368886
0.462574
0.697744
0.650617
1.15647
0.810867
0.427051
1.05462
0.344987
0.62167
0.79163
0.478603
1.02199
0.791498
0.988388
0.874466
0.221243
0.417978
0.777293
1.37763
0.729532
0.867284
1.47105
2.3021
1.4376
0.955847
2.51782
0.513488
0.783805
0.882825
1.27196
0.967842
0.216448
1.19233
1.61085
1.68592
0.897059
0.182982
1.01995
0.54687
0.773246
0.888329
1.35005
0.816797
0.166682
0.664065
1.56069
1.52027
0.42257
0.554207
1.47794
1.04958
1.84578
0.302417
6.169
0.815607
1.21668
1.32494
0.640075
1.64035
0.620688
1.52527
0.907735
1.13446
0.521267
0.289119
3.27425
0.87612
2.36566
0.294151
1.42083
0.979332
0.862223
0.736922
0.66754
0.795062
1.19035
2.94157
0.717036
0.760584
0.360613
1.00329
0.733505
0.489152
0.728296
1.34538
0.782829
0.524073
1.0576
1.02894
2.30538
2.47745
0.581111
0.247465
0.387363
0.516282
0.446054
0.473383
0.146187
0.604364
0.66638
0.797934
1.01779
0.608267
1.15297
1.39466
0.402573
5.5229
1.40343
0.766761
1.42829
1.16288
0.857398
0.863037
1.33662
0.462641
0.664146
1.17255
0.542509
1.55424
0.600536
2.39388
0.517944
1.4009
0.35092
0.735054
0.473693
1.18297
0.287574
0.719643
1.21535
0.698613
1.08217
2.464
0.901294
0.782981
1.03752
2.42976
0.197714
1.1684
1.46705
0.410513
0.732519
0.926358
0.445571
3.14885
0.415852
0.988296
1.16089
0.723771
0.91347
0.764597
1.16308
1.74194
1.48523
1.27967
1.12131
0.846212
0.48884
0.926954
1.08444
1.00168
0.872455
0.870226
0.525018
0.848474
0.547125
1.4076
1.10539
2.21308
1.13544
0.417098
1.27739
2.04154
0.383507
3.00438
0.503944
0.999097
1.41027
0.912153
1.89887
0.680036
0.801638
0.31749
1.25989
0.382756
1.7918
1.06223
0.40223
0.797447
0.821886
0.475383
0.135488
2.0604
0.441727
0.357017
1.37396
0.903307
1.42797
0.766728
0.846894
1.11243
0.518887
1.29427
0.460459
1.15796
1.08602
1.36761
0.528381
0.602764
0.824002
0.400852
0.994759
1.31452
0.425878
1.39338
3.88203
0.726633
2.38866
0.820542
1.39843
0.0762602
0.59745
2.57232
1.37953
1.08202
0.706866
1.38686
0.85188
0.970088
0.882507
0.954773
0.986201
1.18264
1.24773
1.34741
0.587787
1.2254
0.767066
1.08715
0.52916
1.46424
0.471926
1.11771
0.435447
0.158344
1.50564
0.329299
0.977805
0.743155
0.779689
1.00533
1.03196
0.0812388
0.517055
1.0181
0.893011
1.08413
0.554572
0.687523
2.11818
0.273903
0.970055
0.659995
1.07853
0.168975
1.42577
1.53322
1.14489
1.1463
0.260147
0.901127
1.05789
0.679804
3.40856
6.32169
0.919175
1.71822
0.544174
0.740697
0.738705
1.70438
1.98575
0.34452
1.01085
0.283717
2.17744
1.3587
0.759924
1.21635
0.379298
0.779476
0.58665
1.79482
0.369367
0.94494
0.571708
1.02828
6.8905
1.49627
1.62826
0.265153
0.515404
1.20756
5.92773
0.863217
0.926187
0.744683
1.06734
0.928002
0.428906
0.775461
0.942224
1.19399
4.5232
1.08873
1.02961
0.607326
0.468162
1.15005
1.33065
1.2486
0.728302
3.28682
0.447321
0.841844
4.34077
3.23071
0.62723
1.14796
0.860606
1.14303
1.03577
1.46359
1.26907
1.73482
0.342441
0.314261
0.568715
1.18192
1.75231
0.792037
1.29851
0.806601
0.71598
0.116874
0.946351
0.989911
0.256621
0.699911
1.25589
0.9482
1.31969
0.774244
2.14414
1.07458
1.68695
2.17316
1.37265
0.715476
0.274098
0.617699
0.840379
0.734248
1.08595
0.628173
0.38205
0.488161
1.61566
1.0724
3.46914
0.404337
1.15123
1.10603
0.717491
1.40161
1.39654
1.33063
0.886921
0.76132
1.02247
1.19554
1.14021
0.981513
1.37164
1.05183
0.755255
0.903774
3.37003
1.54287
0.308044
0.599563
0.901544
0.327171
0.884929
1.60165
1.59124
1.32989
1.00049
0.672005
1.01183
0.832541
0.388877
1.3885
1.0496
0.225946
1.79519
0.887674
1.36322
1.3086
4.06223
0.245831
6.0085
0.778739
0.666455
0.781037
1.14159
1.32489
1.36796
1.11623
2.03409
0.219285
2.54938
2.14344
1.44186
0.78685
1.55644
3.38512
1.10699
0.552544
1.13329
0.7214
0.519828
0.318609
0.283942
0.250997
2.25825
0.498832
0.261679
0.808813
0.34463
0.272214
1.32767
0.599327
0.999559
0.230887
0.28754
0.752504
1.22577
0.134676
0.932817
0.793173
1.03324
0.725683
1.09809
4.76741
0.686319
1.30271
0.533956
1.09624
0.684871
0.967102
1.16724
0.427661
2.60047
0.896595
1.03505
0.95494
0.562401
1.83304
2.67932
1.24031
0.957339
0.224918
0.383692
7.11847
1.42501
1.04954
0.718144
2.92709
0.603264
0.768195
1.22061
0.42172
1.13944
0.222335
0.381072
0.590632
0.895248
1.20668
1.16584
0.756161
1.585
1.04242
0.986902
1.29239
1.97212
0.389909
1.02224
0.471908
0.872173
0.75642
1.17889
0.86547
1.58987
0.775092
0.17418
0.368054
0.366033
0.892233
0.466389
1.16789
0.620782
1.00281
1.77292
0.734561
0.783525
1.1073
0.856091
0.763294
0.842093
0.534396
1.66578
0.878475
1.11821
1.12729
1.04985
0.337967
0.994392
0.248185
0.996442
0.417581
1.22858
0.354308
0.813359
3.02791
0.252576
0.165997
1.43037
0.414375
1.53013
0.22263
2.48243
0.62364
0.707283
1.17522
0.329064
0.84438
0.238242
0.51478
1.34378
2.47216
0.931171
0.326746
0.281023
0.534285
1.07039
2.57624
0.920839
1.26744
1.06141
0.94658
1.70162
2.07859
1.61739
0.699002
0.694569
1.28273
1.0458
0.711341
1.08266
0.613483
0.772448
0.517655
0.940783
1.71914
1.97624
0.644951
1.65778
1.64118
5.92822
1.01545
0.623423
0.348477
0.677004
1.1702
1.08492
0.895486
0.676267
0.172563
0.814405
1.28743
0.282818
0.217016
1.14461
0.953178
0.766706
2.19835
0.578589
1.19865
0.963393
0.615567
0.89653
1.45951
0.570495
0.448538
0.504946
0.890688
0.879809
1.88367
1.02439
0.292907
0.750335
1.36443
0.828706
0.701737
0.732838
0.313341
0.700696
0.990424
0.711223
0.817587
1.33943
1.47029
0.677715
1.5702
0.403673
0.844665
1.37262
0.882901
0.831971
0.879784
1.60473
0.95311
2.30397
2.20058
0.267841
1.07009
0.738539
5.44399
4.7157
1.02169
1.40998
0.648693
1.35322
0.768092
1.1866
1.39548
1.15422
0.79775
0.578039
1.63517
0.493921
0.821423
1.34887
4.93933
0.739761
0.769934
1.19826
0.691993
1.1353
0.761874
1.2787
0.265265
0.583082
1.23938
1.05404
0.685358
2.07978
0.655261
0.436301
0.274368
1.14658
1.81309
1.11862
1.56431
0.696063
0.68181
1.07252
1.14435
1.24822
3.37659
1.40524
2.27675
0.884517
0.791445
0.404813
0.716813
0.474335
1.51897
1.19444
0.409863
0.899719
0.268697
0.360922
0.464725
0.957391
0.87529
0.7374
3.0123
1.62433
1.56243
4.08864
0.349557
0.75257
1.09556
1.51824
1.68127
1.31596
1.19076
1.73911
2.58682
0.302506
0.293455
2.44825
0.647061
2.01958
0.379771
1.19735
1.09455
0.55601
0.910479
0.233597
0.395658
0.447852
1.70745
1.26396
0.696657
3.26981
1.09401
0.61557
3.98103
0.0988349
1.03934
1.02331
1.12473
0.778556
0.241002
2.43335
1.69823
0.315272
0.986883
0.549081
0.876566
0.685524
1.05782
0.653507
0.740709
0.946339
8.99678
0.992342
1.09512
0.271179
1.27302
1.27968
1.86592
1.26101
1.01298
1.76501
0.947062
0.793264
1.44238
0.833354
0.893794
1.30966
0.365822
1.17746
0.964011
1.70578
2.12021
0.719867
0.398766
1.09686
0.452015
1.29585
1.54948
0.108556
3.46189
0.288295
1.76276
1.5445
0.326013
0.775019
0.910261
2.74718
1.61375
0.956022
0.304354
0.718441
0.45461
0.926156
1.82748
1.48357
0.784989
0.402508
1.14453
0.244513
0.413254
1.08989
0.865544
0.81544
1.87265
0.581285
0.704903
1.53924
0.180383
0.783211
1.60614
0.799966
1.48869
1.34132
0.368347
0.496939
0.264062
2.34886
0.479993
0.886633
0.980924
0.436207
0.579323
0.954802
1.77353
0.840172
1.52633
0.825057
0.168707
1.82864
1.53936
1.09397
4.38203
1.11871
0.878613
1.65971
0.517632
1.00121
2.5932
0.21622
1.57025
0.628928
1.09307
0.39188
1.18648
0.48627
1.85149
1.1649
1.59143
0.820623
1.6928
0.869929
1.16977
0.760194
0.566557
3.28275
0.79478
0.954448
1.00533
0.415803
1.07676
2.58263
0.415012
0.765268
0.29897
1.11833
0.704758
0.904976
0.996063
3.80032
1.88734
4.64123
0.325621
0.996396
0.733568
1.74483
0.829189
0.417599
0.622729
1.16886
0.518756
1.32331
0.321192
0.986647
2.89112
0.723147
0.905721
0.797098
0.683845
1.59292
0.261423
0.708162
0.320931
0.985969
0.548253
0.695805
1.04429
0.16492
0.390662
1.58159
0.563457
1.22374
1.53758
0.818106
0.493566
0.62827
0.931439
1.08945
0.845163
0.324657
0.66971
1.44599
0.250802
0.417779
0.825348
2.28735
0.866335
2.85001
0.960101
1.33473
0.973026
1.49617
3.65003
1.04036
0.565773
1.33205
1.1258
0.796901
0.507338
1.11907
1.3125
0.845068
0.948393
0.763138
1.93822
1.94672
1.51845
1.08904
7.3281
2.66869
0.735042
0.285006
0.978979
0.844877
0.786324
3.53431
0.566654
1.39185
1.6939
0.579809
0.842576
0.331857
0.726564
2.41287
0.62509
0.844548
0.331479
0.512399
0.973475
0.580266
1.36375
0.69525
0.54142
0.89459
1.89553
1.03393
0.991205
1.11606
0.351169
1.45549
3.71719
1.17618
0.346716
0.928784
0.83582
2.42086
0.841154
0.731549
0.682727
0.0906219
4.34142
0.759995
0.757287
0.552482
0.386786
0.487825
1.55321
0.995417
0.834534
2.00578
1.73416
1.15367
0.495914
0.792077
0.530256
0.522672
0.428125
0.233295
0.777768
0.658899
1.06154
1.06149
1.39613
0.47276
1.52404
1.25146
4.16227
0.71283
0.748807
0.884658
0.505382
0.864396
0.345867
1.7702
1.61089
0.757717
0.278034
0.695952
0.524435
0.820681
1.3173
0.463097
2.14188
0.544069
1.11025
1.86526
0.581971
0.413545
0.775269
1.43215
1.02533
1.40487
2.81709
0.757194
1.0663
1.64531
0.352025
0.694318
0.461042
1.59063
1.3989
1.02862
0.170226
3.60813
0.448546
1.52935
0.774091
2.8662
1.5866
0.821703
1.00163
1.12198
1.22187
1.13466
0.542623
0.190909
1.33553
1.1633
1.01466
2.46741
0.870624
1.7106
2.98505
0.296932
2.92963
0.581623
0.703646
0.361683
0.206821
2.04992
1.1097
1.77088
1.6524
0.322941
1.14332
0.716706
1.53242
0.504533
0.286375
1.32448
0.957294
0.424085
0.651704
8.03957
0.370258
0.945449
1.17381
0.744256
0.216226
0.815559
0.542778
0.805024
0.433137
0.90576
2.85136
1.27322
0.238363
0.514104
1.27283
0.838036
0.79991
0.856741
0.514995
0.547384
0.41048
1.38778
0.593491
0.827745
2.65006
5.87916
1.66857
0.448344
1.44008
1.24045
0.787954
0.476347
0.961019
0.351825
1.07667
0.828553
0.608398
1.39901
0.579577
1.21574
0.887
1.41617
0.845458
2.01103
1.08875
0.524737
0.26845
0.900791
0.372065
1.57287
0.952163
0.193682
2.20413
1.65059
0.999401
0.711921
0.363474
0.577776
0.640746
1.30917
0.673838
0.430273
1.29968
1.00349
1.17656
1.73185
0.693568
1.72701
1.12403
0.181403
0.912377
1.67485
0.558957
0.859819
0.443929
1.22602
1.56123
1.73459
0.520901
0.932062
0.50393
0.552542
0.484837
1.08258
0.824825
1.45449
0.431221
0.501584
0.232674
0.537432
1.36012
0.813574
0.52635
0.786669
0.542254
1.64901
0.455313
0.981828
0.28868
0.831023
0.649365
0.545098
10.521
1.34613
1.88415
0.570865
1.27116
1.40594
0.553178
0.222123
1.36061
1.77463
1.44207
0.70421
0.748579
0.891862
1.054
1.10699
2.18261
0.361709
0.576929
0.153844
0.954593
0.441041
0.771914
0.882747
0.0196048
0.641247
1.31117
0.273142
1.16582
1.26873
1.20983
0.593323
1.10104
4.0917
1.39019
0.845558
1.68354
0.395007
0.887385
0.956898
1.71801
1.12216
0.833665
0.481798
1.24367
0.965871
1.53702
0.795476
0.572098
0.761358
0.858676
0.828782
0.65958
0.226232
0.472371
0.352271
0.836059
1.11918
0.8761
0.317922
0.407406
0.13394
1.11304
1.56863
0.527475
1.02321
0.272122
0.519766
0.379425
0.73918
1.59865
0.668001
0.609242
0.827257
0.81158
0.235499
0.856988
0.285416
1.81003
0.473659
1.19955
1.06198
1.06339
1.0783
0.347753
0.562963
1.15036
1.64378
0.798225
0.520404
0.25603
1.68503
1.02884
0.954682
0.714655
2.09885
0.326563
0.574542
0.394446
1.24801
1.4106
0.665571
0.333935
0.979011
2.30642
0.940343
2.32222
0.598321
0.391409
0.70837
1.08238
0.939595
2.55423
1.18096
1.04566
2.45188
1.08772
1.39142
0.366858
1.50512
1.82524
0.634837
0.782314
1.50254
0.305287
0.942582
0.219362
0.820466
1.2653
4.65831
0.606914
0.478702
0.953946
0.61367
1.09515
1.31981
1.20003
0.165933
0.776659
1.32988
1.14585
0.555111
0.53569
0.967781
1.08588
0.627009
0.761428
1.28964
2.11932
0.278587
0.753604
0.306819
0.85419
0.873214
0.890891
6.24715
0.523238
0.380984
1.41949
0.28502
1.24943
0.679499
0.838619
0.724372
2.89397
0.386615
0.439707
0.527074
1.01708
0.806367
1.06283
0.514072
0.805503
1.26814
0.990032
1.22284
1.4713
1.13767
0.639048
0.653521
1.61016
0.389676
0.754154
0.761206
1.50243
0.391878
0.595935
0.469137
0.497215
0.80163
1.14597
1.44997
0.323405
0.900146
0.446228
0.561792
0.8642
0.777924
0.744173
1.85756
0.632756
0.838114
1.91427
0.752978
0.980048
1.04207
2.85032
1.39368
1.98069
0.51108
1.22258
1.38834
0.991603
0.158948
0.583809
1.33964
0.934233
0.331977
0.113527
0.652487
2.23257
0.816439
1.79676
1.02098
1.20118
1.33503
0.42018
1.38975
0.749006
0.80463
0.465543
1.12484
0.713709
0.350124
1.39784
2.41607
2.49828
1.22477
0.690228
1.37888
1.23871
0.860378
0.698138
0.995011
1.00964
1.3364
1.6448
0.500198
0.325629
0.993464
0.100747
0.535284
1.4154
0.745753
1.09531
0.635965
0.427684
0.102282
0.641175
1.34004
1.32765
0.246916
2.11461
1.7366
0.597963
1.4063
0.691502
1.28845
0.674373
0.964473
0.543122
1.2739
2.04928
1.03102
1.50193
1.16554
1.03974
4.80453
0.806856
2.1526
1.5763
0.739585
1.02678
0.518508
0.763119
1.56258
1.20783
1.38391
1.41482
0.726333
1.94693
0.707396
1.15613
0.417071
0.321078
0.639578
0.285027
0.198522
1.03301
0.669761
2.05495
1.07327
0.895703
0.48846
0.671097
0.128192
0.83782
0.803008
0.497494
1.43951
1.14689
0.466534
1.09878
0.181648
0.980729
0.468315
0.543379
0.351608
3.19737
1.74414
1.28098
2.12655
0.942632
3.13405
5.26564
2.09548
0.85355
0.910041
1.12816
0.527023
0.719547
2.41851
0.33283
3.36119
0.873501
0.632537
1.17232
1.79623
2.10647
2.53694
1.43915
0.353861
2.13114
1.13702
0.915823
1.29568
0.809946
1.74857
0.987914
0.747111
1.44178
1.1505
0.858071
0.552392
0.850575
0.941531
1.35411
0.182037
0.71728
1.78445
7.06014
0.742998
0.644267
1.63648
0.636811
1.30229
2.08713
1.11196
1.35921
0.851443
0.559901
0.924846
2.1972
1.00119
1.20924
1.60215
0.754715
0.985801
1.61105
0.652708
0.970771
0.457987
0.864399
0.602435
0.829345
0.201966
1.8111
1.1576
0.340099
0.229434
0.804735
1.28379
0.75918
0.948752
1.04073
0.382864
1.12161
1.59744
0.581528
0.901855
2.61103
1.03791
0.710777
0.875168
2.04818
2.85932
1.18055
0.623957
0.525815
0.824759
1.20572
0.22626
0.628363
0.969608
0.418459
1.22966
0.929517
0.94836
0.908652
0.976986
1.07591
0.557205
2.17252
0.539756
0.814989
1.20737
2.80986
0.830756
2.56022
0.574522
0.927342
1.10381
1.12009
0.661038
0.511782
0.679573
0.367568
1.9201
2.62239
0.524747
0.295165
1.32048
0.440258
0.183388
0.878498
1.08253
0.962452
0.522959
2.51733
1.67351
0.441144
1.27559
0.366993
0.741983
1.86782
0.665244
0.68875
0.412784
1.49439
0.929322
0.687656
0.867129
0.260746
0.609241
0.508642
0.34441
1.22817
2.08645
1.11775
12.0008
0.923119
1.14836
0.613393
1.2967
0.137818
1.75616
0.165437
1.35286
1.09667
1.24283
2.8252
0.733429
1.12583
1.57746
2.18649
1.18022
1.05352
0.670966
0.658064
1.81849
1.10601
1.49565
0.590301
0.448637
0.437087
0.677954
1.23354
0.506413
1.53654
1.13601
5.4329
1.40173
0.795677
0.458555
0.353035
1.36571
0.775812
0.691295
1.14897
3.39813
2.07763
0.388736
1.05218
1.37181
0.762677
0.642706
1.31817
2.76707
1.3449
1.09805
0.594577
1.32902
0.328068
1.24413
1.34646
0.517822
1.3005
0.94593
0.301359
0.4077
1.2803
1.17416
0.439807
1.06218
0.975021
1.21588
1.73588
0.823175
0.42717
0.928597
0.922947
0.349632
0.220898
1.3123
1.38714
2.30071
1.27318
0.326488
2.20864
0.499329
0.297207
3.25966
0.725352
0.742446
0.794394
0.945573
1.14105
0.888833
1.26454
0.70491
0.525359
0.377331
1.61623
0.895906
0.349465
1.01361
0.462846
0.842071
0.433197
0.936303
0.0872622
1.32739
0.460874
0.809225
0.603147
0.913903
1.58985
0.704787
1.31934
0.447442
0.752415
0.486558
1.70227
2.23397
1.03189
0.444043
0.282876
0.943674
0.663645
0.629242
0.820056
1.91637
0.906629
1.04885
1.01277
2.16849
1.06756
1.47576
0.29456
1.0157
1.333
0.628996
0.772306
0.295953
0.868275
0.38113
1.23744
1.06062
1.70357
0.879324
1.08125
9.74444
1.00806
0.565067
2.75423
1.11771
1.1484
1.0049
0.565005
0.661314
1.21173
1.93602
0.444511
1.41349
0.840081
1.11614
1.27024
1.09086
0.95049
1.73614
0.609712
0.90952
0.83654
0.579459
0.845213
1.03121
1.35419
2.38461
0.719247
1.67704
1.31163
0.229798
0.96725
0.451285
3.85569
1.3267
6.29496
0.818163
0.946029
0.79592
0.945972
0.605628
0.480497
0.678123
1.70903
0.98751
1.15747
1.25379
0.799763
0.352838
0.710585
0.46579
0.429168
0.880548
0.537234
1.20868
1.17759
0.387929
0.448706
1.13716
3.27006
0.733964
2.46905
1.16517
1.04295
0.544707
1.00221
0.811119
0.734757
2.87943
1.31741
1.83005
0.245193
1.0743
0.94907
0.535566
0.56593
1.04423
1.1028
1.16849
0.221507
4.53254
1.38267
0.732031
0.910252
1.36285
0.933513
3.50751
0.682397
0.907691
0.816402
0.58791
1.01759
6.7097
1.00955
0.406561
1.87798
1.62516
0.528241
0.369854
0.976748
1.12529
2.64895
2.71184
1.17782
1.18688
1.00983
0.870681
0.276161
1.31228
1.37557
1.01898
2.36776
1.06531
0.585867
0.751363
0.195632
0.615823
1.66402
0.367613
0.920305
0.309069
3.83118
0.863098
0.925175
1.93021
0.654864
0.295419
0.4488
0.796592
1.08337
0.500708
0.76405
1.24185
0.767818
1.42217
0.481433
0.508705
0.695805
0.926934
0.39162
0.992081
0.702597
1.63651
1.64491
1.24055
0.837812
1.25345
0.745529
0.386883
1.93601
2.53006
1.07403
1.25133
1.09192
0.956092
2.74009
0.786599
0.856376
1.13134
1.15015
0.962923
1.86158
0.503146
0.602355
1.19852
0.356891
0.89552
0.704096
1.07992
0.901156
0.587214
0.905938
1.67185
2.57209
0.452122
0.764955
1.77181
1.11736
0.491995
5.53557
1.51469
1.00856
1.17637
1.3019
2.14491
0.967443
1.03363
0.814037
1.01058
1.16545
0.44334
1.31408
1.17491
1.35043
1.13817
1.13838
0.531644
0.813066
4.55735
0.810052
1.17661
1.3863
0.825784
1.24568
0.296739
0.339206
1.19121
0.941022
0.828173
0.637292
0.512688
0.750101
7.8435
0.806292
1.37803
1.80401
2.07412
0.846844
1.50727
0.532383
0.80498
2.08439
0.404845
1.34321
0.236428
1.80465
0.41196
0.824364
0.87984
0.921019
0.548514
0.742837
0.105356
3.31072
0.850716
0.335483
1.92243
0.677225
1.30672
0.541443
1.67195
0.772374
0.851008
0.786989
0.743462
0.929344
0.488343
0.284142
1.24082
1.14015
0.93252
1.41296
2.08555
1.69866
0.215932
0.646151
1.36769
0.997909
1.49216
1.27317
0.588423
0.515386
0.713098
2.25369
1.00432
0.693053
0.720392
0.757557
1.13513
0.359223
0.250437
0.420316
0.832216
0.43732
1.19682
1.10897
1.12627
0.70752
1.82071
1.02622
0.741509
0.241539
1.22327
0.596293
0.838421
2.91537
0.123911
0.800592
2.30696
3.43918
0.900554
0.704679
0.0843186
0.25743
1.02419
1.47913
0.549143
2.0656
1.66779
0.778672
1.06044
3.20145
1.3668
0.166357
0.903647
0.894785
0.343401
2.08487
1.52425
1.72119
0.326141
1.03193
1.69343
0.186027
0.539359
0.424195
0.423039
1.15843
1.62697
1.36477
0.195725
1.03349
1.29597
0.633711
0.230096
0.624182
0.888311
1.98588
0.880344
1.03937
3.90527
2.40735
1.25215
0.702658
1.05722
0.343189
1.33024
0.431164
0.491452
1.52684
0.991509
0.390093
0.49163
0.511671
1.6157
0.589551
0.720487
0.826701
1.04503
0.661473
2.15223
0.806444
0.610965
1.34809
0.796033
1.59937
1.91996
0.590452
0.659003
0.562341
0.112989
2.53146
0.961092
0.499711
0.379367
1.46227
1.01131
0.325101
0.872271
0.852472
0.446464
0.496412
1.00982
0.88313
1.0089
2.68524
1.17077
1.3967
1.45257
0.965027
0.623789
5.88355
7.20879
1.08007
0.636509
0.320242
0.361959
0.0945879
0.710043
1.10477
1.04058
1.0533
0.721474
0.147694
1.17489
1.28935
0.829202
0.917459
0.773833
0.542301
0.771952
0.423995
1.2767
0.976078
1.4535
0.199814
0.215672
1.20838
3.47715
0.722162
0.30565
0.769618
2.12379
0.507601
1.55615
2.41368
1.05091
0.347963
1.13104
0.350351
1.3886
0.5982
0.337884
1.27
1.96116
1.11207
0.928813
0.876388
1.00187
0.992347
0.799661
0.580875
0.646893
1.9763
0.531309
5.03887
0.399956
0.920763
0.406422
1.02545
1.90622
1.29151
4.19151
1.29469
0.380222
1.18641
0.572071
0.332964
3.18327
1.6348
0.674941
0.251381
1.17097
0.759841
1.60954
0.280134
1.10672
0.113409
2.04401
0.756015
1.11772
3.27703
2.05263
1.54213
0.73224
1.09906
1.25816
0.83299
0.287099
0.710663
0.811285
0.132205
0.604887
0.970754
1.40935
1.8362
0.26858
1.38323
0.902775
0.846367
0.682832
0.462739
0.139139
0.953523
1.07588
2.02197
1.20538
1.09643
1.13947
0.567427
3.63519
0.7139
0.976433
1.87141
0.499808
1.60929
1.00451
0.370023
0.844513
1.34874
1.5868
3.34815
1.50423
1.60216
0.816253
1.15123
1.32897
0.751174
0.622412
0.350971
0.47872
1.34996
1.03558
0.457001
0.71037
0.782679
1.25849
0.456949
0.403868
0.414648
0.962889
0.898847
0.723856
1.12726
0.797561
1.12359
1.13136
0.78657
1.09914
1.22055
0.691921
1.05075
0.50212
1.35762
0.630513
1.10526
0.929925
1.14714
1.19768
2.29253
0.404066
1.12379
0.699682
0.362853
1.31504
0.975941
0.760927
1.50913
1.28382
0.881476
1.68245
2.71238
1.19732
0.756786
1.45567
0.902462
1.3287
1.06424
1.24187
0.186048
3.16699
1.34147
0.345463
1.68789
1.73898
1.07634
1.22348
1.06386
0.23091
0.905734
0.858445
0.767604
1.12035
0.351766
1.13029
0.677335
0.612811
1.52579
1.4492
0.966181
0.542046
2.02721
0.925506
0.962563
1.11398
3.55946
0.660377
0.324316
1.57648
1.51946
0.419582
0.188326
1.53443
0.84147
2.77488
2.1304
0.755676
0.86314
0.863986
3.1779
0.86987
0.292723
1.20402
0.911318
5.44047
0.166718
0.380858
0.74789
0.561271
1.03835
1.91338
0.559637
1.39447
0.298842
1.07655
1.12547
1.28727
3.03299
0.905139
0.945842
1.41893
1.80397
0.0533934
1.70795
0.741995
1.37349
6.64328
1.10414
1.46211
0.646476
0.513217
1.41066
1.17234
0.725217
0.313845
0.63937
1.62491
0.932775
0.720744
0.88433
1.65271
0.603889
1.11009
0.628853
2.34622
0.731354
1.11111
1.58054
11.3065
0.712874
0.434575
0.228005
0.426661
1.41554
0.646502
0.751356
1.17962
2.05483
1.20855
1.81907
1.17695
7.10854
0.848122
0.961885
1.48757
0.6284
0.758388
0.77563
0.929834
1.10087
0.694005
1.06385
1.20832
1.45329
0.409781
2.11311
0.559758
1.41628
2.22142
0.425684
0.86604
0.519506
1.51221
0.947475
0.248467
0.239112
0.812269
0.465448
0.823101
0.921523
0.756316
2.21839
0.883145
0.928324
0.856442
0.281666
0.356041
1.13469
0.256448
1.44389
1.0082
0.538852
0.983099
2.27295
0.851804
3.24582
0.616022
2.31138
1.91505
0.61611
1.66304
0.632742
1.58662
0.913248
1.12794
1.22918
0.977269
0.638531
0.863378
0.424412
3.24156
1.29239
0.381714
0.800463
2.01777
0.914323
0.999509
0.890833
0.779674
1.26882
0.421238
1.42337
1.97043
2.31648
4.44535
0.641224
0.488616
0.881614
0.569696
0.626941
1.00357
0.922134
0.272876
1.12236
1.43645
1.24007
0.767279
0.843751
4.56315
0.79285
0.77216
0.455575
0.738543
1.5876
1.42719
1.71763
1.03794
1.32728
0.928857
1.22507
1.08101
0.841798
0.415332
1.54039
0.198006
1.05641
0.700988
0.267393
0.407295
0.430543
0.563051
0.742813
0.523082
0.918736
0.888618
1.3088
1.74069
1.19498
0.0529243
0.963024
0.638521
0.633254
1.17897
1.79329
0.980498
0.777708
0.137772
1.51883
0.518291
0.578312
1.08951
0.997358
1.1245
0.536815
1.49856
2.29974
0.863766
0.907744
1.18301
0.665711
1.37526
0.217543
0.479065
1.50873
1.09222
0.579871
0.47761
1.14633
0.795045
1.15272
1.26616
0.747503
1.4099
0.960144
1.20166
1.34711
0.742103
1.46426
0.774789
1.43846
0.248794
0.64958
1.0855
0.115244
0.833429
0.517823
0.584504
2.12765
0.804684
0.777759
0.922406
1.61797
1.01651
0.785893
0.933207
1.19639
0.65133
1.14358
0.434518
0.818825
0.8409
1.61307
1.60958
0.946631
0.855621
0.316901
1.00762
0.417613
1.90512
0.216718
0.711415
1.4725
0.368928
1.28341
0.801927
0.319754
1.11623
1.01078
1.23513
0.878018
0.789222
1.17982
1.57084
1.05095
0.293001
0.201881
0.220137
3.54292
0.345148
1.24328
0.286783
0.914503
1.03242
0.6718
2.37578
1.4556
0.4833
0.819871
1.09762
4.17394
1.37612
1.69634
1.95438
0.725214
0.966185
2.11648
1.19922
0.667211
2.73821
1.05868
0.369687
1.03262
1.16287
0.692906
0.894225
0.413766
0.656062
1.15945
0.82291
0.635209
0.744998
0.452015
0.895635
1.26962
0.915155
1.06661
0.327982
1.3115
0.893271
1.89959
0.650941
0.591655
2.2559
1.38863
0.68491
1.54939
0.601317
0.658602
0.882704
1.67429
0.61245
0.254586
5.9081
0.484054
5.09506
1.2639
0.815938
0.894681
1.46856
1.81144
1.27689
1.14288
0.842022
0.692925
1.47175
0.663372
0.969622
0.115148
0.843952
0.929352
1.08645
4.33948
1.39765
0.366208
7.01287
1.24381
1.17784
0.905174
1.02557
1.24917
0.440485
0.506559
0.484957
0.568847
0.815521
0.744236
0.76273
5.24421
1.00284
1.17786
0.759284
1.39624
0.691906
0.527954
0.933736
1.41806
0.930783
0.813658
0.671943
0.953285
1.1159
1.02285
0.867436
0.611774
3.15187
0.778798
0.402361
1.10886
2.67137
1.02285
0.994571
1.4634
0.509676
0.988536
1.13826
0.696894
1.55809
0.624758
0.780292
1.04398
0.214252
0.525428
0.794153
0.545362
1.08448
1.6793
0.712114
0.220552
0.726069
0.73328
1.44181
0.694119
0.799521
0.495884
0.694887
3.12795
0.386891
1.28067
0.629738
1.09082
0.983041
2.09246
1.29039
1.41674
1.34891
1.0093
0.562901
1.24796
1.12749
2.13222
0.428699
1.79504
0.363967
1.15979
1.45863
0.809403
1.64819
0.858529
0.75233
0.235511
0.235324
0.837855
0.783795
0.379195
0.922267
2.92634
1.17024
0.668991
0.872564
0.770005
1.39207
4.2011
1.95539
0.59054
0.688623
0.660675
1.66317
0.500283
12.22
0.605633
1.62293
0.916831
0.56679
0.65253
1.40427
1.72948
1.47742
0.707932
1.27394
0.735744
0.557378
0.739006
0.536018
0.719697
0.77927
0.470078
2.25297
1.13689
0.908376
1.04991
0.327415
1.47123
0.214575
1.35739
1.28542
1.89844
0.257406
1.62082
1.11252
2.19155
0.427209
0.340987
0.472224
1.26063
0.912322
0.906783
1.01185
2.58586
0.846253
4.7495
0.907316
1.41932
1.13514
0.866045
7.97199
1.48331
0.720033
1.03331
0.96636
1.4578
0.27329
0.947459
0.596125
1.35543
0.683988
0.820436
0.744812
0.479113
0.269036
0.0715857
0.442782
0.649909
0.204155
0.733068
4.81584
1.14785
0.933921
1.15347
0.758269
0.906589
1.10178
1.96453
0.661174
2.08622
0.911133
1.04793
1.10867
0.802129
1.46372
0.679716
1.08058
2.13523
0.851352
1.29875
1.24383
0.49627
0.68036
4.24909
0.523135
0.900249
1.19382
0.874162
1.20881
0.493635
0.521842
1.47372
2.28195
2.15487
0.236082
1.03749
0.468095
1.03125
0.948713
0.818139
1.05471
1.39358
0.896755
2.07156
1.29887
0.782019
0.66584
1.02611
0.976323
0.525212
0.908224
1.2158
0.92382
1.20196
0.740078
1.80024
1.33642
0.655134
0.405788
0.632296
0.937351
0.283538
0.991225
0.948698
0.465849
0.611453
0.116989
1.19551
2.33252
1.46359
0.303206
0.503854
0.756807
0.181017
1.55815
1.20287
1.32634
0.786118
0.409316
0.783507
0.620363
0.894637
2.57132
1.10097
2.87299
0.735641
1.45189
0.554746
0.235353
3.66877
0.535192
0.641649
1.1084
1.06549
0.479262
0.78074
2.42983
0.943462
1.18945
0.593746
0.432257
0.423147
0.940693
1.56316
0.684709
0.734975
1.66469
0.829451
0.621719
1.06189
0.516808
0.509138
1.16226
0.778219
1.76696
0.6494
1.89695
1.0368
0.963629
0.681777
0.688615
1.35177
1.2012
1.99393
0.614306
0.676156
0.569071
1.16314
1.31117
0.560733
0.889922
0.650664
0.59538
0.95156
0.224323
0.845346
1.56415
1.04223
1.5795
0.370924
10.1627
0.165374
1.10242
1.18408
1.17249
0.849418
1.90202
1.49016
1.61673
1.10109
2.05448
1.07033
0.884089
0.462284
1.09258
1.15621
0.969967
0.826041
0.761926
0.882155
1.12379
0.934439
0.438502
0.335513
0.398379
1.09373
2.13173
1.0772
1.26922
0.526132
0.582727
0.689489
0.225621
1.37985
0.66174
0.292254
0.766147
1.3792
1.85877
0.955137
0.694461
0.701933
0.87363
1.28419
0.980689
0.780434
1.12779
0.619789
0.938399
1.33439
0.298755
1.11021
1.99494
3.82151
1.37959
0.775526
0.654014
2.05212
1.23542
1.89987
0.208797
0.880546
7.17393
0.784185
1.12789
0.231509
1.25121
0.852352
0.863301
1.25697
0.525548
0.633647
0.979287
0.921967
1.19047
0.717895
1.26736
1.59461
1.05123
1.08959
0.702854
1.03178
1.5497
0.945324
0.913743
0.657063
2.07391
0.813376
0.749509
0.794241
0.785464
0.948767
0.662407
1.72089
1.25233
0.866889
0.667734
0.58571
2.53717
1.25623
0.769099
0.913119
0.6755
1.90584
0.805104
1.45228
1.45332
1.01076
2.64068
0.275485
1.00198
0.317376
0.956655
0.957336
0.827647
0.971599
1.29069
1.94365
0.822014
2.50627
2.02117
3.33134
1.64899
0.373062
1.14245
0.132862
1.02751
0.385825
1.19939
0.249076
0.836763
0.657128
0.267754
0.916007
1.02541
0.37206
0.965811
0.939951
0.906436
1.22941
1.42514
0.604937
0.87721
1.32153
0.627183
0.847984
0.7495
1.17689
0.806214
0.822145
1.51435
1.77017
0.554089
0.423655
0.708089
0.9485
0.732853
0.914201
2.30856
5.48673
1.28837
0.242634
4.58822
0.752463
1.12079
0.49319
0.252391
0.0954891
0.429666
1.04834
0.962428
4.89986
1.2697
0.386502
3.91048
0.962149
0.57521
1.05958
1.25886
0.834737
3.16934
0.758922
0.786787
1.59039
0.794599
1.15165
4.53855
1.90622
0.719919
1.07231
0.249374
2.35018
0.647728
0.18946
0.612089
1.60462
0.353286
5.76075
0.895726
1.71422
0.937315
0.981677
1.51458
0.821597
4.14735
1.41904
1.23607
1.32494
0.327111
1.41903
0.620623
1.17217
0.851223
0.455625
1.00449
0.742806
0.405636
0.491322
0.341967
0.483657
0.529748
1.50718
1.13836
0.817902
0.801917
0.230783
2.98695
2.42545
1.15879
0.575679
0.419383
0.706501
3.0853
11.1955
1.38941
0.75601
0.748822
1.14144
2.41123
0.924077
0.572932
2.01741
5.24189
0.260481
1.16127
1.23428
0.956359
0.154984
1.36507
4.22747
0.618899
0.274537
1.01825
2.33291
1.8659
1.14977
0.549256
0.849176
0.505143
0.599889
0.954141
1.36581
0.344535
1.16663
0.780306
0.452104
2.16729
0.941184
0.70987
1.2134
1.11637
0.777254
0.767095
1.65144
1.78384
0.345186
0.822518
0.697905
0.649021
1.18516
0.115409
0.932557
0.360337
2.10921
0.852156
0.52833
1.91408
1.0571
0.666041
0.150943
1.3082
4.22273
0.697924
0.718278
1.95224
1.07461
1.55342
1.01185
1.30295
1.0164
0.235786
0.800324
1.466
1.31947
0.709305
2.19392
0.672312
1.07421
0.654593
1.35931
1.45559
0.998234
0.996949
0.901496
0.961635
0.724027
0.931551
3.55485
1.78845
0.538519
0.33997
1.2795
1.0385
1.22197
0.88126
1.79222
0.833705
0.328124
0.578429
0.862956
0.331087
1.19762
0.156028
1.20619
0.749936
0.4443
0.519855
0.472334
0.568613
0.977201
0.353243
0.717678
0.73448
1.29731
0.795446
1.3002
0.584682
4.07791
0.282162
0.76339
1.4445
1.64951
0.997679
6.94468
0.182119
0.760318
1.26921
0.348086
1.08434
1.17257
0.931733
1.19986
1.61297
0.635824
0.611954
0.825065
0.4559
1.4444
0.289309
5.45676
1.995
1.78429
1.41489
1.04901
0.250655
0.438685
0.874159
0.237668
0.785716
0.975608
0.487281
0.85598
2.04844
1.22422
0.962879
0.867549
0.593565
0.62279
0.44656
1.07961
1.02298
0.808283
1.3237
0.67347
0.925105
1.31988
0.802573
0.88238
2.85903
1.09253
0.605896
1.68815
0.633603
0.177233
4.34614
1.05043
0.383175
1.11475
0.776588
1.37717
0.975635
0.96675
1.74114
0.863865
0.638678
2.85497
1.42831
1.30351
2.32867
0.979834
0.547979
1.30061
0.500937
0.373277
0.39517
0.91553
0.190408
4.5674
0.319855
0.748399
3.42408
0.516723
1.13197
0.662461
0.713029
0.365042
0.360227
0.962547
1.06778
0.947538
0.276623
0.76612
0.98234
1.51302
0.82221
0.763197
0.827794
1.39509
0.736848
0.68118
1.66845
0.995402
0.421236
1.12073
0.835677
1.20901
1.66046
0.814025
1.322
1.06666
0.803168
1.20458
0.388163
2.5669
1.36674
0.275606
1.18825
0.314029
0.371284
2.53362
1.10557
1.95425
1.15362
1.37794
1.11947
0.915887
1.18824
1.12718
1.04193
1.54802
1.19232
0.95054
1.56722
0.277173
0.708294
1.0967
0.795954
1.04314
2.72104
0.169688
0.359203
0.943238
0.374224
0.766931
0.516893
0.473922
1.38488
1.02735
0.911316
0.986345
1.13499
0.889379
0.637938
1.15696
1.35025
1.85627
0.735731
1.82326
1.14176
0.346314
0.872926
0.765251
0.588913
3.83616
0.848271
0.216031
1.6625
0.680923
0.994638
2.25226
0.816308
0.423733
0.555631
0.748521
0.513248
1.17739
4.47895
0.468988
0.410025
0.505091
2.74246
1.10686
2.06592
0.654604
1.81078
1.3313
0.537802
0.425171
1.01626
0.903277
5.71515
1.21246
2.78485
0.906948
0.757081
1.10146
1.44349
1.06905
0.774179
1.59185
1.76312
0.34535
0.519641
1.17183
0.438945
1.17258
0.351562
1.43431
1.40502
0.54857
0.878701
1.10167
0.425651
1.63445
1.76734
0.589937
0.448551
0.975453
0.737012
1.28464
0.884064
1.255
1.14592
1.2593
1.07981
1.08335
0.869898
0.508635
0.822776
0.36391
1.14586
0.405443
2.05024
1.45351
1.01084
1.26929
0.875052
0.692559
3.44625
1.07103
0.375328
0.575821
0.73237
0.970046
2.08532
1.31997
0.765513
0.136923
0.78883
1.21002
1.15714
0.803826
1.19049
1.04454
0.700687
0.649316
0.474429
0.652941
0.523916
0.898092
0.669115
0.554089
0.359713
1.3691
5.29262
4.63377
1.33995
1.11965
2.19422
1.01044
1.58358
0.856395
1.14394
1.17505
0.201081
0.45358
0.854352
0.910768
1.08972
1.01292
1.15095
0.776214
2.66184
0.24274
0.695995
1.44368
0.783219
1.07338
1.43295
0.852915
2.01902
1.30033
2.05432
1.16284
0.940294
0.71756
0.687695
0.917638
0.863369
1.79024
0.526311
1.12121
1.04703
0.698248
1.56224
0.218428
0.768253
0.344912
1.26437
0.892958
0.645609
1.33153
1.20714
0.70817
0.310896
1.20993
0.419567
1.01917
1.11451
1.81417
0.525613
0.45446
0.845432
0.430672
0.211115
1.92552
0.4283
0.703722
0.413805
1.01296
4.90277
0.566689
1.09655
0.352352
0.774492
2.82801
1.28738
1.25846
2.40299
0.734529
0.454029
2.45671
0.412985
0.459494
0.884636
2.57366
0.427774
1.65321
0.546386
0.19465
0.608315
0.148771
0.328952
0.851249
0.281563
2.64603
1.48912
1.16464
0.190517
0.798718
0.448683
3.99093
0.613014
1.42871
1.14856
0.267495
0.901464
1.91664
0.921065
0.447576
0.592299
4.35516
0.669793
0.873264
1.18273
0.628745
1.25263
1.63667
3.22552
0.533477
0.921518
1.29895
1.28619
1.68772
1.09044
0.85012
1.34731
1.09539
0.806753
1.47195
0.760285
0.4421
1.11064
0.421296
1.04203
0.383397
0.63293
1.34046
2.10755
1.85738
0.782873
1.39065
0.437392
0.589706
0.968424
0.853971
0.87939
1.16347
0.173176
0.597373
1.31499
0.607759
1.17179
1.08077
0.381558
0.521885
0.34286
0.849534
0.500883
1.23017
3.75667
2.27971
11.2696
0.734481
3.05287
0.291199
0.508678
0.348287
1.32855
0.499612
0.633192
1.39154
1.49967
0.260214
0.620619
0.451246
1.43951
1.61149
1.00281
0.295117
0.979587
0.724269
0.952712
0.724447
0.842072
0.987336
0.519771
0.800125
1.19135
0.401613
0.890783
0.666538
1.90174
0.333073
1.15965
0.962776
1.4481
1.10677
0.361852
0.888517
1.093
5.5433
2.23051
0.658006
0.825371
0.470274
0.343875
1.15421
0.952183
0.639961
1.10343
1.45736
1.04926
0.614057
0.12603
2.04409
1.0066
1.01307
2.55153
3.70179
0.683839
1.17783
2.35823
0.262478
0.50218
0.391748
1.239
0.760341
0.770434
0.881159
0.736861
0.212936
0.623604
1.07622
1.19283
1.17746
1.02955
0.329768
1.0625
1.27972
2.0216
1.37223
2.22258
1.34093
1.71897
1.09562
0.355588
0.287943
0.712349
1.46287
0.838905
0.833414
0.831383
0.923325
0.678953
1.76695
0.948903
0.452814
0.572529
1.12634
3.5413
1.13698
1.23451
0.643221
0.523939
1.25942
0.429431
1.15691
0.626828
0.420001
0.656574
1.0201
0.0828007
0.917516
1.32952
2.07658
0.838945
0.787733
0.307336
2.61709
1.16572
1.64217
0.98035
0.101189
0.820765
0.977563
7.20197
0.695327
1.67967
0.67419
1.00292
0.554395
0.823841
0.97194
1.17554
0.894485
0.166911
0.891823
1.0884
0.543205
0.131554
1.24065
1.17654
2.87416
0.880213
0.624361
0.630603
0.463515
1.32674
0.856752
1.33571
0.699339
1.08557
0.599068
1.31607
0.751338
1.32299
0.696548
1.04929
1.94382
0.702098
0.977562
0.770998
1.22226
0.805246
0.641443
0.749083
0.7206
0.189881
1.23465
2.3706
0.846658
0.452785
0.263894
0.573324
1.29339
1.48373
0.696107
1.17925
0.626867
0.589015
0.409247
0.590699
2.09176
1.54871
1.67786
0.319686
0.279028
1.32793
0.561543
2.35164
0.818713
0.961083
1.31575
0.277857
0.621845
1.08488
1.05935
1.00652
0.401385
0.488949
0.856129
0.544133
0.352672
0.926008
0.842997
0.559766
0.508355
0.404157
0.36235
1.25218
3.62658
0.519745
2.11843
1.05438
0.97263
1.63621
0.224469
0.89657
1.66894
0.616443
0.605095
0.444578
0.351979
0.671437
0.701196
0.589245
0.511504
0.933472
0.744177
0.633115
0.609456
0.942902
0.353126
0.893691
1.59355
0.376478
1.70703
0.400435
0.936573
0.277325
0.660993
0.958473
0.916429
1.34188
1.57188
1.82548
5.85515
5.55716
0.936145
1.14937
0.724172
0.806432
0.796036
0.793323
1.88818
2.02263
0.963631
0.431461
0.237734
0.981314
0.214257
1.48415
1.05631
0.86772
0.758473
0.863967
1.03861
0.147354
0.364721
0.646512
0.497481
0.810434
1.36627
0.990491
1.2984
1.03674
1.10058
1.28052
1.19267
2.51529
1.75702
1.01253
4.23298
0.654175
0.277878
1.26111
0.407609
0.744158
1.25823
1.3415
0.387612
1.16901
0.812832
0.304672
0.634697
0.634887
1.59111
4.69927
0.610218
0.125771
2.23947
0.571009
0.454656
0.698838
1.35148
1.63239
1.46343
0.313041
1.69248
0.94706
1.27746
0.763515
2.03955
0.954615
1.74322
1.3196
1.66417
1.26681
1.03574
0.827276
1.01406
0.479937
0.54281
1.53819
1.19522
0.960209
0.829416
0.430325
6.39091
1.04779
2.91842
1.24769
0.716891
1.11699
0.861766
1.45439
1.28031
2.28508
2.91781
1.17311
1.15745
1.52993
1.53157
0.953652
1.4551
1.76493
0.242661
0.945047
1.03003
0.23884
1.24971
2.57966
1.0483
1.72242
0.192727
0.982419
2.13571
0.406605
0.887683
0.880258
0.622556
4.36493
1.01008
2.41651
0.339579
1.65739
1.87138
1.33125
0.531419
2.12652
1.32695
0.87293
0.275665
0.45739
0.723968
1.10008
0.7379
1.56091
1.34974
0.560521
1.04575
0.798068
0.730598
0.579966
0.649748
1.25138
0.740465
1.07186
0.728169
0.742074
0.502104
0.894638
0.809912
1.13393
0.750274
0.811638
0.540578
0.778162
0.884541
0.20007
1.19888
1.15078
2.08909
0.749662
0.174882
0.993037
1.28594
0.93031
0.986223
2.55616
1.19345
1.5415
0.267302
1.15483
0.614456
1.01479
1.41187
0.502716
0.490552
0.566394
0.525413
2.01935
1.02855
0.529905
0.510379
1.33677
1.26446
1.11105
0.648631
0.598113
1.23395
0.499936
0.815271
0.680585
1.16224
1.14386
0.726547
1.31295
0.442557
1.20231
0.335552
1.24923
0.838985
1.8944
1.15411
1.3068
0.439435
1.00316
0.370357
0.242688
0.564544
0.770198
1.26707
1.75824
0.933507
0.470283
0.92603
1.26223
1.03864
1.7603
0.593963
0.769033
1.30587
1.38368
1.58964
0.793022
0.87685
0.545061
0.798295
0.566507
0.924044
3.15481
2.45106
1.11947
1.03838
0.214685
0.805263
0.374202
0.61844
0.498277
0.402719
1.3863
1.00533
1.65227
3.00643
0.868941
0.760128
1.58427
0.980228
1.80591
0.283567
0.959985
0.379884
0.834512
0.132731
0.347279
0.688219
1.33536
0.910951
0.665542
1.10089
1.66801
0.427979
1.69444
1.33512
0.731419
0.187312
0.513033
1.25552
0.716533
1.01666
1.4022
0.372388
1.70485
0.662333
1.28567
1.18823
1.38756
2.06061
0.594649
1.48204
1.10716
1.03229
1.53028
0.439723
0.866662
0.284594
1.61675
1.26098
0.338138
0.119671
0.653104
0.571132
0.969283
0.942437
1.6228
1.04557
1.10711
0.458623
0.992304
1.49602
0.58574
1.35207
0.894305
0.636143
1.4527
0.245546
0.37298
0.771729
2.24057
0.370311
1.21414
1.20537
0.912684
0.804652
1.55486
1.5359
1.25407
1.26594
0.85702
0.353198
1.09482
1.57106
2.03991
0.739439
0.861556
0.992481
2.26175
1.3302
0.631874
0.49164
1.31233
0.417434
0.86121
0.616411
0.532361
1.06113
0.413128
0.793882
0.569151
0.777688
3.61106
1.67747
0.70007
0.204445
0.820363
0.126105
0.290964
1.43744
0.484229
0.480961
0.728107
0.595607
1.19673
0.603978
0.560676
0.790704
0.686732
4.49112
3.50566
1.23583
0.573782
1.24246
0.534663
0.762407
0.769406
1.40842
0.411117
0.318709
3.20121
0.171156
0.235142
1.1079
1.23745
2.43821
1.90357
1.72524
1.12985
0.594017
0.782763
0.744437
1.2813
1.06338
0.952358
0.9651
0.798235
0.98607
1.46255
1.35286
0.734814
1.45287
1.26449
0.827749
0.522631
1.04139
0.395046
1.94882
0.328178
0.637789
0.65363
0.552711
1.18299
0.860641
1.26969
1.34085
0.678484
0.225785
0.394266
0.336754
1.53363
0.596368
1.20523
0.654115
2.26913
1.2358
0.74609
0.243511
1.91683
0.44795
0.873631
0.282022
1.43227
0.770346
1.93487
1.20345
0.233563
1.16533
0.854774
0.649118
0.661592
0.468032
0.320237
2.90458
1.122
1.01211
1.75155
1.13918
1.49405
2.04775
0.374579
0.477464
0.328742
0.791544
0.742826
0.844761
0.924724
0.971174
0.998062
0.932633
2.45072
3.8055
0.663482
0.847726
5.37103
1.13227
0.994784
1.05708
0.761085
1.07508
0.886766
3.77034
0.593976
1.19075
1.98274
11.7674
2.44577
1.45073
0.531645
0.639027
1.14289
0.222692
0.250823
0.219261
0.784052
0.469056
0.532399
1.53965
0.62084
0.288731
0.982035
1.45793
0.25504
0.913688
0.844499
1.98009
0.479269
1.56639
0.701808
1.04473
0.207674
2.1999
0.287646
1.33543
1.90549
0.815298
0.946373
0.732778
0.329204
1.07344
0.930246
1.17777
1.03949
2.22113
1.07356
0.693386
0.953306
1.29915
0.984986
0.132948
1.29802
1.11517
0.970425
0.803498
1.86129
0.373576
6.66707
4.77629
0.988174
4.35215
1.4097
1.39137
4.60629
1.17631
0.454366
0.310254
0.690302
0.891712
1.28651
1.61925
2.48424
0.670422
1.17133
0.217077
0.174389
0.496433
0.425992
1.15855
0.249085
0.521528
0.961678
1.47888
0.64532
1.52386
0.126253
1.20706
2.06332
1.39989
3.09275
1.73815
1.89377
0.319912
0.606862
0.342379
0.971463
0.481404
1.04556
0.143901
1.11153
0.956623
1.39001
2.75969
0.241632
2.78788
0.382857
0.758474
0.794047
0.848854
0.482318
1.26226
1.47358
0.860888
0.569606
0.559461
0.917047
0.801145
0.704137
2.91952
0.230815
1.1857
1.45785
0.329325
0.641426
1.02721
1.08669
2.05207
1.1767
2.06662
2.26421
0.567307
2.42316
1.24892
1.31075
0.684601
0.918296
0.654094
1.03825
1.69405
1.43783
0.510474
0.405735
2.49185
0.438872
0.582578
1.02704
1.7878
2.77415
0.522855
1.83843
0.753357
1.11591
1.41927
0.703306
0.303782
1.11153
0.232438
1.5677
0.729462
1.63271
0.612709
0.579398
0.431793
1.97367
1.04552
0.414152
0.576871
0.212788
0.639632
0.668369
1.49408
0.924334
1.71379
1.1308
0.722195
0.816686
0.785483
1.17431
0.419197
1.28402
1.14297
0.829933
0.513663
0.715362
1.23007
0.82526
0.317678
0.543683
1.42158
1.3924
0.549093
14.2907
1.25043
0.61997
0.571771
0.947107
0.134229
1.97937
0.899864
0.452786
0.58981
1.03008
1.56972
1.62832
1.04019
1.17622
0.521373
0.694681
0.31294
0.463705
0.499062
1.37227
2.18997
1.1118
1.24754
0.61938
1.46884
0.902556
0.886219
1.09437
0.511695
0.464761
1.32638
0.366806
2.52479
0.304981
1.18877
0.793418
0.758269
0.909864
1.03636
0.694965
0.927347
1.5395
1.03009
1.49877
1.04046
1.0537
0.226227
0.489778
1.15764
0.465052
1.08001
5.5238
0.367818
1.2859
0.682086
1.14772
1.41638
1.30927
1.29447
0.905845
0.643237
0.840142
1.2349
0.856492
2.35464
0.724973
0.512364
1.80855
0.441895
1.73411
1.12115
1.13649
1.34845
3.33699
1.61277
0.861151
0.458304
1.11855
2.54659
0.982716
0.712422
0.934595
1.59229
0.872373
0.981539
1.04428
1.08534
0.269908
1.73519
1.29209
0.944455
0.51486
0.788404
1.32925
0.605336
0.233634
1.14138
2.32947
0.823395
0.815877
1.20951
0.727849
0.849802
0.706597
0.745885
1.77487
1.34381
0.522077
0.949481
1.58749
1.20228
0.972137
1.30522
0.336085
0.658262
1.54268
1.06257
0.747444
0.954798
0.866219
0.203119
1.41205
3.09892
0.336604
1.1041
0.478555
1.13464
1.05856
1.23745
0.994957
0.433896
0.379087
0.797986
2.76128
1.07109
1.52761
1.16927
0.702284
2.15989
0.58706
1.02956
1.15504
0.857675
0.979047
0.383629
0.451614
0.679125
3.62547
1.0247
1.36496
0.570893
0.855302
1.21843
0.68058
0.229679
5.70528
0.606533
1.05655
1.35392
4.64199
0.828585
0.966868
0.660205
2.65654
2.50007
1.10583
1.32956
0.251937
0.78827
0.796259
0.163113
0.183937
0.728261
0.73523
1.25684
0.241715
1.03629
0.403036
1.14235
1.78147
0.929306
0.635646
1.08771
1.02891
0.73614
1.28683
0.586716
1.10516
0.622089
1.59774
1.00214
0.37047
1.79407
1.48789
0.256507
0.432112
0.465089
1.49002
0.183435
0.933971
0.54946
0.766543
1.00061
0.898973
0.217885
0.469269
0.57574
0.345918
1.47156
2.87007
1.65195
0.501402
0.887051
1.41801
0.930099
0.379074
1.28282
1.41969
1.17694
2.47137
1.59807
0.995793
2.28063
0.370565
1.49414
1.47392
0.465351
0.792672
1.25922
0.780964
1.53024
0.606806
1.09384
0.304976
0.551082
0.7437
1.52756
1.34917
0.872985
0.904385
0.183943
0.549425
0.23033
0.842887
0.295764
1.33144
0.539628
1.47006
0.347564
0.798598
0.87681
0.737142
0.705228
1.65483
0.593753
1.35917
0.0349057
0.967263
1.27761
1.4186
2.37574
1.56493
0.192976
1.17497
0.535922
1.19135
0.928538
1.32971
0.703351
0.252025
1.60838
1.23247
1.02052
0.848332
0.977098
0.731398
0.629864
1.73523
0.609091
0.860486
0.791279
1.23223
1.15993
1.19309
1.51268
1.4897
0.37404
2.79789
0.80631
0.615564
1.43933
0.686598
1.01057
1.62341
0.227125
0.951582
2.45671
0.467581
2.20212
1.5012
1.13768
1.23506
0.513106
0.410801
0.50788
1.33262
0.466167
0.362352
1.14689
2.36033
0.903509
1.33376
0.387611
0.557363
0.540996
0.659706
0.515697
0.701057
0.966012
0.356608
0.520495
0.397843
1.6506
0.58363
3.1782
1.1685
0.888739
1.00862
7.41523
0.724472
0.831334
0.805964
0.680647
1.351
0.432428
1.12881
3.40635
0.345725
0.753675
0.326454
1.20136
0.834826
1.54829
0.802907
1.38724
0.963155
0.522472
0.737582
0.545305
1.06493
0.630964
0.633884
0.72874
1.3248
0.222923
0.576137
0.436007
0.524335
0.769102
0.308055
0.854511
1.10901
0.134283
1.72384
0.6027
1.71546
1.22388
0.829349
0.677758
0.888981
1.22849
0.857645
1.49617
0.491613
0.73724
0.562072
0.584607
1.11851
0.764469
1.05944
0.163113
0.763642
1.13927
1.25988
1.93523
0.946601
0.361204
0.277996
1.1347
0.372556
1.11921
0.582988
1.19865
0.373721
1.07444
1.30887
1.05285
0.377488
0.709813
1.21779
0.438504
1.0685
1.08599
0.851224
0.998599
1.11645
0.9004
0.802548
0.641043
2.00781
1.06305
1.56974
1.20728
1.06583
0.18269
1.62277
0.785936
0.316894
1.15848
0.958361
0.450727
1.20855
1.10686
1.6983
0.1774
0.632403
1.28853
0.497607
1.15911
2.01961
0.768772
0.779717
0.991963
0.900711
1.17559
0.948217
1.13406
0.708129
0.929118
1.16219
0.747689
0.320463
0.50053
0.701947
0.824275
0.698959
0.301802
0.434651
0.912877
0.979521
1.01773
1.19897
1.50225
0.928879
0.950573
1.10336
0.993977
0.466552
0.841595
1.88949
0.550187
0.720769
0.679124
1.02727
0.368636
0.524124
0.223248
0.67663
0.755573
1.54495
0.789914
1.39907
0.628061
1.75883
0.275422
0.653084
0.245538
1.43278
0.814654
1.09183
0.361768
0.0696504
0.551921
1.47054
0.188351
1.15674
11.3528
1.39895
2.30113
0.20136
0.152382
1.94731
4.11229
1.453
0.836622
0.787432
2.12422
0.747424
0.686386
0.567147
1.22895
0.211071
1.55909
0.614782
4.71934
0.44181
1.35317
0.721774
0.378885
2.87055
0.369644
0.266828
0.599076
0.191697
0.480715
0.547879
1.55618
0.759274
6.13348
2.91478
1.1449
0.998032
1.30668
1.30178
1.87819
1.4034
1.22269
0.604999
1.2443
0.641373
1.31984
0.539785
0.896864
2.57796
1.08029
0.242387
0.600862
0.325228
0.970222
0.32291
0.924513
1.77493
0.793633
0.256964
0.604411
1.43216
1.091
1.58429
0.236894
1.42579
0.473901
1.99571
1.15995
0.856133
1.5172
2.08412
2.35851
1.02785
1.2109
3.82389
13.4831
0.72976
0.846205
1.31597
0.41248
2.70386
0.372243
0.418751
0.830008
0.437013
0.181934
1.25023
0.438649
1.38354
0.932105
0.874194
0.626001
0.846419
0.963942
0.672488
0.759788
1.08572
1.23014
1.13715
0.736467
1.6074
0.203002
0.236065
0.9285
0.823326
0.605393
1.67415
0.414915
0.318676
1.58338
0.952475
1.5168
1.05975
1.34781
0.848216
0.644481
1.06511
0.827105
0.682437
1.38957
0.140331
0.691725
1.38845
0.992132
1.05438
0.908317
0.118619
0.949844
0.927714
1.92492
0.545296
1.0296
1.14018
0.645159
0.286853
1.70806
3.85846
1.16029
0.798533
0.391019
0.876213
1.5718
1.17132
1.01955
4.67111
0.615733
0.0535555
1.10014
0.417606
1.69304
1.47987
0.506065
0.86688
0.26242
0.466689
0.740649
0.387559
1.20183
1.23182
0.984772
1.22796
0.399069
0.633692
1.25159
1.31734
1.21887
1.09211
0.469657
1.97036
0.963777
0.669766
1.35685
1.07015
0.830881
1.13686
1.13904
0.988054
0.78194
0.672446
0.742597
1.0405
1.17026
1.90193
0.843359
0.803232
1.32526
0.691442
0.590531
2.72006
0.606146
0.499649
1.27246
0.741351
0.911091
0.46646
1.47332
1.11005
0.98236
0.931772
1.37402
0.641247
0.650334
0.857735
0.526885
3.69475
0.147136
1.60654
1.14044
0.600223
1.25703
0.506696
0.838003
0.377062
1.22127
0.853649
0.634768
1.33708
0.444541
1.13485
0.911167
1.18288
1.06263
1.47097
1.35272
1.56973
1.04692
1.1509
1.0017
1.40184
0.753832
1.11424
0.524786
0.296917
0.996729
1.25792
0.376165
0.951835
0.275371
0.289841
0.892063
0.656663
1.06133
0.66441
1.65229
0.594459
1.09718
0.196631
2.68039
0.97621
0.536801
1.69219
0.250749
0.876134
1.43284
2.32887
0.793373
0.920761
1.12768
0.965724
1.0173
1.32858
0.225651
0.996898
0.657184
0.882233
0.291737
1.55436
0.996836
0.782446
1.52277
1.42696
0.883606
0.817645
0.889973
0.172004
3.09923
0.971039
0.697729
1.16015
0.772238
1.71057
0.310926
2.49948
0.72871
3.09988
1.16505
1.08666
0.704451
0.666545
0.553958
1.17226
1.09879
0.254772
0.990741
1.27538
1.06241
1.00245
0.544275
0.948967
0.682179
0.852161
0.571016
0.789504
1.43258
1.35202
0.725476
1.84262
1.10739
0.494392
0.636486
0.49196
1.02897
0.206185
0.961585
1.03838
0.474604
0.4877
0.724422
0.843125
0.974383
0.462471
0.79591
0.695222
0.227383
2.0355
1.19315
1.43616
3.02564
2.06068
1.27322
1.21582
1.05273
0.79432
2.92938
2.18996
0.720636
0.463363
0.738942
1.58156
1.71365
1.03927
0.902038
0.747811
0.669355
1.04634
0.693242
1.48979
0.66666
0.621627
0.71181
0.323787
0.296741
1.86661
0.443355
0.952654
1.3497
0.839981
0.71792
0.517779
0.242774
0.635282
0.533082
0.461196
0.742291
1.05126
1.03694
0.291391
0.195754
0.654352
1.29875
1.69388
0.841323
0.741998
1.10097
0.296674
2.71185
0.931243
0.451381
1.66785
0.630102
3.53862
1.84999
0.511876
1.31756
0.847864
0.555225
0.464237
2.52504
2.49304
0.594424
2.0156
0.793157
0.716788
1.14027
2.02643
0.821219
0.657667
0.308778
0.450005
1.70822
0.884729
0.798969
0.689407
8.5028
0.337511
0.0884089
1.18925
1.6814
1.35247
1.13437
0.396613
0.891479
1.85573
0.23986
1.06319
0.792762
1.4215
1.03744
0.826786
0.743408
1.53394
0.942466
1.2648
0.34247
0.607655
0.986027
1.37856
1.43908
1.27113
1.06714
0.253367
1.42512
0.398328
1.13909
0.313137
1.35882
0.178725
1.73909
1.82819
0.824517
1.4563
0.526412
0.723555
10.8301
1.13174
2.04494
1.37636
2.16707
0.445031
1.66305
1.32839
0.147312
1.07728
1.19566
0.793173
0.438433
0.525801
1.1884
0.876104
1.06843
1.98979
0.788067
0.443034
0.983537
0.905755
0.413488
0.644942
0.366142
0.821253
2.66139
0.84451
1.16523
1.36626
2.42073
0.822253
1.47545
1.25884
0.521285
1.01042
1.48644
0.754662
0.812925
1.1215
1.89844
0.415562
0.837038
1.36775
0.9065
0.923228
0.507338
0.731102
0.92532
1.07847
0.73955
0.51333
0.328195
0.918509
2.32034
0.794322
1.09366
1.70499
1.81725
1.35039
0.140346
0.849892
0.993535
1.10587
2.19549
0.589411
0.98622
0.851467
1.18914
0.213072
0.377707
4.53228
0.147702
0.798313
1.93267
0.721933
9.0462
4.1767
1.37891
0.627217
0.419748
0.822208
2.0142
0.168357
1.31613
0.418335
6.37164
0.680835
2.28333
0.891856
0.870654
0.722923
1.54255
0.509685
1.40157
1.35673
0.843828
1.23817
0.509755
0.738203
0.810976
0.901187
0.52872
0.691665
1.18489
0.809243
0.795036
0.770692
0.762088
0.43997
1.06067
8.0878
0.80375
0.358303
0.729738
0.781226
1.0686
0.815744
0.731504
0.835487
2.79876
0.509678
1.14248
0.625891
2.13966
1.04345
1.75704
0.259922
1.52013
1.19586
0.0759265
1.40104
1.02251
3.08082
0.937835
0.522727
0.741316
0.306001
1.34894
1.31464
0.878216
1.31644
1.25795
0.107023
2.93048
1.06048
0.709712
0.330042
0.565809
0.919634
1.24267
0.663912
1.57528
0.742974
0.550694
0.218884
0.545389
1.6599
0.901326
0.705848
1.64045
0.278094
0.672207
0.712844
1.28547
0.434281
0.867399
4.22005
2.56774
0.886782
0.652214
1.19106
2.35455
0.258029
1.38919
0.428881
0.609875
0.994697
0.876621
0.690953
0.749845
0.815677
1.08722
0.232973
1.05159
2.98166
0.865763
1.50575
0.348995
0.617003
0.536307
0.553026
0.449769
0.712566
1.183
3.1903
2.1891
1.52656
0.779197
0.833223
0.955561
0.270427
3.45904
7.38918
0.774139
0.224647
0.971474
1.40286
1.40247
1.25837
1.39507
1.19151
0.965861
0.183427
0.235469
1.30411
0.564262
1.18921
1.34549
0.373716
0.170336
0.835952
2.54838
0.415321
0.407764
0.688225
0.787786
0.560857
1.44228
0.0898673
1.09393
0.877765
0.404363
0.740165
3.06219
0.852676
2.55179
2.4475
0.638537
0.969174
0.460247
0.686445
0.914787
0.453491
0.23059
4.16679
1.05246
2.6212
0.723175
2.092
1.15806
1.38683
0.718372
0.571971
2.82191
2.183
0.703797
0.100103
0.386681
0.583342
0.368389
0.773444
1.2287
0.335881
1.36221
0.418205
1.95683
0.690264
0.776547
1.65691
1.40673
0.422217
2.08281
1.30952
1.21723
1.08194
1.99966
1.66523
0.809196
1.43704
2.0617
1.10955
1.3732
1.00413
1.5339
0.125697
0.330713
6.20956
0.270944
0.504819
1.10175
1.68448
0.323486
0.77408
0.635541
5.62006
0.79901
1.68933
1.04367
0.947912
0.512018
0.634382
1.52833
0.308507
2.94177
0.304715
0.739121
2.80744
1.11257
1.34226
0.25643
1.74922
1.45696
1.4225
1.43457
1.43498
1.06933
1.13718
1.63329
1.62535
1.32788
0.982487
0.587059
1.62284
1.02628
1.2768
0.931669
0.954555
1.32573
0.438348
0.299323
2.35513
0.728291
1.08583
1.49571
0.870929
0.453058
1.14842
1.13013
1.53222
0.322349
0.343474
1.66312
1.75625
0.898135
0.639636
1.18353
1.05113
0.89792
3.16708
1.15392
0.496253
0.679315
1.67324
9.92307
1.82136
0.833218
0.99731
0.437205
0.938247
2.55117
2.16477
1.39257
1.11444
0.658159
1.25172
0.328942
1.0149
3.4529
1.00423
1.3813
0.0941304
0.828668
1.19977
0.611742
0.26609
1.14962
1.94428
0.697951
0.866545
0.648872
0.20943
0.188349
1.8051
0.24981
0.73263
0.396648
0.91679
0.366941
0.782904
1.25404
0.864935
1.21104
1.27553
0.893471
0.966681
1.15109
0.819209
1.05382
2.84151
2.86858
0.590677
1.11204
1.38402
0.234333
1.07587
0.959636
0.916966
4.53285
0.931803
8.90837
0.420908
0.296047
0.315498
0.47691
1.0794
1.64574
0.755142
1.20168
0.556852
1.31364
0.404679
0.62612
0.222131
1.21875
0.669805
0.856098
0.974988
1.02703
0.389145
3.49304
0.634138
0.277018
1.43347
1.11316
0.802507
4.6301
1.4571
0.504195
0.966081
0.5469
0.854209
0.755519
0.913985
0.661398
0.546671
0.54419
0.268573
1.33149
1.46323
0.622955
0.607032
0.471206
0.528921
0.942071
1.63518
3.7321
2.7843
1.28644
6.6398
1.84219
1.41087
0.948279
0.515256
2.81162
0.847574
0.620073
0.56346
1.08846
0.888095
0.447147
1.07525
0.153883
0.492777
0.815298
1.0246
0.669653
1.42377
0.269211
1.4435
0.497547
4.23181
1.48002
0.742238
1.09797
1.2356
2.5996
0.739216
0.791804
3.11487
0.7173
0.719413
1.3206
2.11318
1.90302
0.985784
0.877018
0.473957
1.31448
0.858229
1.75535
1.04188
0.64627
1.16148
0.735115
2.32848
0.369048
1.5024
1.13878
1.20673
2.35289
1.30909
0.823753
0.679089
0.827695
1.40053
0.730348
1.77471
0.766583
0.82157
1.04282
0.445303
1.50856
0.629655
1.23421
1.34169
2.02457
1.27364
1.6291
1.2344
0.455463
0.445241
1.29841
1.01819
2.28319
1.67436
2.02928
1.91236
0.633784
1.08749
1.44122
0.572398
0.831304
2.3452
0.708652
1.58144
0.721677
0.749542
0.936179
1.13135
0.562105
0.793031
0.592946
0.596842
0.828685
0.468416
0.563281
1.2333
1.53984
1.25217
0.472483
2.80995
1.1138
1.37795
1.09138
0.836815
1.16043
0.236853
0.123095
1.12343
1.45609
1.02563
1.04457
4.31618
1.38236
1.18334
0.209581
1.09086
0.872849
3.46711
0.819679
1.29304
2.02956
6.69941
1.74743
1.2546
1.18075
1.03136
1.30983
1.40902
1.78236
0.253401
0.935809
0.904809
0.272118
0.548115
0.744323
2.3996
1.19252
1.42421
1.89848
1.45574
0.96538
1.55067
1.08771
0.898359
5.67862
0.434072
0.623279
0.127581
4.46389
0.566362
1.68306
1.25962
0.936111
2.89645
1.1371
1.55687
0.928245
1.28707
0.965657
0.80921
0.652845
0.193226
0.692392
0.66153
1.01709
1.25523
1.13499
0.678395
0.628201
0.455373
2.49266
0.0994543
1.05371
0.570493
0.651726
0.988763
0.279473
0.524271
0.765928
0.522212
0.827356
0.83381
1.67657
0.915687
0.540466
0.821817
0.609449
3.23276
0.290633
0.574965
0.543454
1.21598
1.07223
0.393251
0.557587
1.22223
2.13824
1.49932
2.29568
2.06412
1.4003
1.69539
1.07026
0.956906
1.12064
1.28093
0.366747
1.09237
2.07471
0.421843
2.0975
1.4205
1.29012
1.1006
0.874007
1.20779
2.13551
1.46308
1.26908
0.371652
0.264037
1.07134
0.691153
0.664977
0.254657
1.14108
0.837924
3.51547
1.95331
0.308344
1.1779
1.13125
0.75255
1.18156
0.503071
3.04062
0.704072
0.881287
0.759723
0.786439
0.902464
2.77832
0.306962
0.657921
0.92881
0.472373
0.806985
0.708519
3.46062
1.02279
1.21389
0.511773
0.699292
0.679821
0.684839
1.25785
0.761205
0.698935
1.83629
1.13706
1.0095
2.65954
1.62519
0.620743
0.803278
0.402815
0.35498
0.660529
0.374669
0.70029
0.226342
1.44443
0.587345
0.95888
0.729047
1.71221
2.90534
1.16869
1.15042
1.0988
0.456151
1.58993
0.261223
1.66335
0.885969
1.09127
1.21083
1.12401
2.24124
0.848637
0.203164
2.89011
1.08469
0.771396
1.58883
1.3488
0.631448
2.00239
1.60519
0.383616
0.194063
0.548318
0.989116
0.348567
0.447167
0.422265
0.500198
0.791248
0.81555
1.06381
0.850909
0.798656
2.3911
0.938627
1.17752
0.672355
0.193623
0.317901
0.923736
0.870233
1.10833
1.06095
2.52863
0.56837
1.33518
0.667954
0.860903
0.456337
0.534653
0.581826
0.913014
1.03629
0.407016
0.362765
0.46758
0.738077
1.53053
0.797169
0.65638
0.431999
0.899275
1.79647
1.37808
0.947068
0.777062
0.872345
1.1784
0.803429
1.43389
0.393165
0.776066
0.327329
0.308011
1.03051
0.280994
1.2134
0.308303
1.2103
1.3864
1.99871
0.425723
1.7252
0.853482
0.747102
0.787086
0.689497
0.266511
1.10866
1.37425
0.650902
0.361872
0.596592
4.38991
1.06219
0.992523
0.583232
1.04235
0.446153
4.80935
1.14182
0.7418
0.395792
2.15053
1.81942
0.432678
1.9207
0.457031
1.67224
0.156285
1.10994
1.27513
0.656239
3.32149
0.842942
0.718627
0.626224
0.349964
0.892281
0.716514
0.0889724
1.05973
0.522098
0.720685
0.468946
2.2202
0.738005
0.379356
1.80227
1.4141
1.95598
0.7639
0.22346
0.0746875
1.47457
0.703217
1.23463
0.997035
1.24649
0.656545
2.49296
0.623775
3.85823
0.490372
0.511596
0.469813
0.692989
0.927214
1.29465
0.935467
1.23979
1.4474
0.534154
0.887079
0.382704
1.0219
0.37211
0.547093
0.78669
0.78732
0.891928
0.647942
0.574538
2.43266
6.37431
0.26129
2.46092
1.3229
0.910246
1.00719
1.22416
0.818283
1.32164
0.741578
0.333638
0.389038
0.532876
3.92424
0.936639
0.848801
2.17345
0.827152
1.20054
0.985941
0.641083
0.972828
1.48819
0.769214
0.708067
1.19541
0.127755
1.72006
1.0535
0.34758
0.685005
0.89511
1.2629
0.849387
0.727146
1.55451
1.31609
2.49618
1.84822
11.5304
0.712399
0.605537
4.90991
1.07983
1.2103
0.733041
0.610017
1.14358
1.20344
0.945293
0.786491
1.13427
0.95447
1.14803
0.459451
0.718993
1.11431
0.953037
0.145371
3.71647
1.19716
1.24599
0.917573
0.682134
1.31581
1.37178
1.8077
4.04624
0.943955
0.248978
0.866439
0.617997
0.961803
1.32834
0.559403
0.539004
1.26738
1.02588
1.14702
0.904166
1.11375
1.15323
1.0424
0.457489
0.315152
1.20283
1.78631
1.52845
0.876744
1.41865
0.800545
0.106778
0.496611
0.469266
0.904798
0.316807
0.200341
2.85443
0.962426
0.36612
1.78393
0.21556
1.189
0.720241
0.96347
0.199631
0.346561
1.08619
0.125812
0.183255
0.387488
1.61364
4.38208
0.620644
0.3414
2.53381
0.602461
1.13046
0.23747
1.72945
0.976294
1.48054
1.21405
6.24867
0.325569
0.764682
1.78329
1.12304
1.72627
1.67042
0.904623
0.885511
1.50374
0.137831
0.936763
0.429764
0.634608
1.49833
1.26627
1.12722
0.790123
0.435878
0.507048
0.497446
1.30499
0.795921
0.925166
0.874975
1.86998
0.637298
1.26378
0.736231
1.27804
0.310065
0.373255
0.586413
1.09454
0.688432
2.24695
0.963104
0.451896
0.901116
0.701159
1.28323
0.631658
0.890483
0.596224
1.19381
0.945
0.604739
0.619597
0.713323
4.71714
1.52202
2.22723
1.79538
1.39728
1.28671
1.0509
2.10276
0.806746
0.760667
0.645057
1.50632
0.822827
0.303987
1.4733
0.892971
2.37027
1.44406
1.11297
0.902534
0.405252
0.314052
0.951952
0.732179
1.6347
2.15157
1.11024
5.09499
2.45725
1.0769
2.0176
0.571448
1.13353
1.26989
1.02286
0.273694
6.907
4.9109
1.10693
0.954052
1.01204
0.30585
0.857289
1.39425
0.598962
0.377365
1.42192
1.0818
1.45884
0.912736
0.331315
0.755204
1.36784
1.6503
1.02316
1.03385
0.308584
0.86549
0.334953
0.752495
0.562075
0.775641
1.00638
0.852916
0.970172
0.980408
1.33492
0.712318
1.03481
1.36365
1.63837
4.47727
0.714545
0.963433
0.167163
1.00287
0.187732
0.502402
0.418667
0.466082
1.0364
1.83078
0.616393
0.642197
0.77171
1.89777
1.43066
0.468232
0.320835
1.33752
0.265085
0.808266
1.09217
0.735509
0.651238
1.03726
1.25075
0.261188
0.983377
1.33917
1.40723
0.690292
0.121182
0.668774
0.887937
0.437057
1.414
0.594844
1.11833
1.23472
0.214843
0.623054
0.921979
1.00996
2.72628
0.798246
3.40195
0.183313
1.04793
1.20965
0.705352
1.06139
1.60177
2.02016
0.723325
3.82244
1.48529
1.20576
1.62419
3.69371
1.07513
1.01405
0.960533
1.344
4.14696
0.61912
1.39036
0.850244
0.96671
0.670174
0.340369
0.0965302
0.258587
0.580203
1.30332
1.10522
0.997076
1.28524
0.652908
1.17625
2.06647
0.603856
0.312018
1.23609
1.35766
1.65701
0.436373
0.185152
1.16021
0.877167
3.19165
1.87325
0.639245
0.96879
2.25993
1.5224
0.582442
1.0346
4.39726
0.431853
0.430319
0.392914
1.14646
1.3214
0.734096
0.96268
1.53545
0.828875
0.628638
0.93843
1.74602
1.14255
1.20822
1.37673
0.624201
0.181405
1.5907
0.886717
7.76399
0.144528
0.265858
0.78275
1.56812
0.604996
0.752422
0.441926
0.442635
1.09972
1.25669
0.993198
0.614209
0.10663
0.271758
0.489829
0.368682
5.32119
1.31245
0.183158
0.344131
2.8957
1.19331
1.95903
0.551672
1.74514
0.407271
0.678397
0.608208
0.227988
0.415233
0.885908
1.55411
1.37459
0.692942
0.110601
1.45842
1.2908
0.183795
0.2609
0.435948
0.970723
0.918282
1.31742
0.955912
1.40004
1.27576
0.562051
0.738896
1.01241
0.498702
0.626487
1.01731
0.533704
1.68894
0.669563
0.829834
1.39038
1.1877
3.25073
0.949641
0.789448
0.399779
0.720987
0.626191
1.02711
4.50067
0.618873
0.30531
0.558807
1.22979
0.910262
1.015
0.505144
0.485398
1.51526
0.7134
4.81494
0.582552
0.338653
0.303656
1.95913
0.983289
1.11366
0.709906
0.882227
1.5883
0.771934
1.02391
0.905478
2.50256
0.475675
0.611521
0.552796
1.25498
0.83602
0.358129
1.15347
0.889965
0.93717
0.337198
0.783065
0.659767
0.79362
3.18094
0.411363
1.02884
0.438212
2.38639
0.731239
0.951049
0.951275
0.649625
1.39576
1.85526
1.06557
2.56559
0.156063
0.516402
0.991423
3.43483
0.431211
0.358538
0.321942
1.38459
0.778528
0.826395
0.387614
0.688392
0.75292
0.805255
0.654543
0.867503
1.51845
0.399221
0.984223
0.642827
0.891736
0.552165
1.98008
0.76531
0.906422
1.5345
1.491
0.662393
1.12743
7.80363
1.98052
0.911056
0.43143
0.773231
0.654059
1.02266
1.09469
0.763953
0.508485
1.45648
1.20242
0.528215
1.86543
0.674706
1.04926
1.37145
0.938725
1.06815
1.00634
0.383691
0.408817
1.26618
1.50029
0.588787
0.7868
1.79554
0.307433
0.499837
1.24522
0.668748
1.01692
0.728244
0.937762
0.896866
0.466803
0.56905
1.42963
0.350373
3.31915
1.35414
1.88318
1.42256
0.768798
1.50299
0.548598
0.527911
1.18627
1.0816
0.339303
1.17428
0.407498
0.793292
0.746127
0.603102
0.0880604
1.63073
0.812383
0.676492
0.799478
0.879347
2.07793
1.63818
1.2055
1.48833
1.51951
0.764493
0.465854
0.937807
0.771485
0.838548
0.82215
0.348511
0.650293
5.90599
1.71083
1.16863
1.28223
1.03196
1.05318
1.58956
1.33538
0.920022
0.510289
0.939635
3.2478
2.61116
4.30149
1.37658
0.787378
1.33332
0.973373
1.05429
0.996378
1.21003
0.719352
0.473233
1.02428
0.499437
0.254644
0.654018
1.80675
1.01874
0.154886
1.61854
0.595095
0.52077
4.78641
1.73253
0.838767
1.52874
1.1984
1.10347
1.04677
0.909994
2.54616
0.918215
0.647987
1.18754
1.1841
2.45108
0.457983
0.880686
0.215769
0.898394
0.532076
0.36906
0.264332
0.883538
1.11598
0.769452
1.18423
2.12257
0.511724
1.2302
1.73217
1.48878
0.707416
0.719614
1.22453
1.18938
0.936277
0.204436
0.944783
1.66655
2.34422
11.1433
1.50425
0.669887
1.15164
0.859208
1.39704
0.929686
0.94246
0.814081
5.79408
1.13261
0.978424
0.483985
1.11901
5.11304
1.12494
0.93777
0.305128
0.548068
6.95561
0.37406
0.975098
1.19876
0.392425
0.728158
8.40526
0.924849
0.276719
1.50504
1.80346
0.496842
1.98096
0.933186
0.308358
0.402491
0.997649
0.353889
0.860492
0.719716
0.883725
0.227647
1.22793
0.313575
0.630987
1.14893
0.884995
1.29041
0.919713
0.33742
0.388365
1.40824
0.988348
1.93402
2.88939
0.892418
1.50164
1.05718
0.671731
1.85063
3.61172
0.644145
0.0973654
1.20608
